0.020763000000000087 1236.0
0.028364000000000056 1231.5172413793102
0.037230000000000096 1232.4489795918366
0.07573700000000017 1233.0219619326501
0.1423890000000001 1236.9068736141908
0.20625700000000013 1239.757
0.29102700000000015 1243.847
0.3081900000000002 1244.765
0.34327700000000005 1246.637
0.372595 1248.042
0.39187400000000006 1248.932
0.43819300000000005 1248.711
0.48023499999999997 1248.578
0.4962270000000002 1248.554
0.5364439999999999 1248.628
0.5535860000000001 1248.655
0.564174 1248.733
0.5737270000000003 1248.718
0.582945 1248.507
0.5925690000000001 1248.394
0.6021559999999999 1248.494
0.61259 1248.356
0.622252 1248.133
0.631993 1248.046
0.6418210000000002 1247.877
0.6531180000000001 1247.982
0.667751 1247.995
0.6784180000000002 1248.057
0.688787 1248.011
0.699011 1248.051
0.7094550000000002 1247.999
0.722934 1247.947
0.7327020000000002 1247.902
0.7418689999999999 1247.812
0.7513700000000001 1247.799
0.7616830000000001 1247.718
0.7737600000000002 1247.599
0.7836500000000002 1247.645
0.7934619999999999 1247.641
0.801466 1247.627
0.810279 1247.634
0.8257110000000001 1247.577
0.8380110000000003 1247.523
0.8485640000000001 1247.574
0.8592770000000001 1247.396
0.8731420000000001 1247.214
0.8841570000000001 1247.136
0.8926730000000003 1247.178
0.900973 1247.164
0.9095390000000001 1247.232
0.9185110000000001 1247.203
0.9306170000000002 1247.161
0.9398810000000002 1247.094
0.9483190000000001 1247.179
0.9569040000000002 1247.087
0.9698910000000001 1247.046
0.9846219999999999 1246.82
1.040172 1246.662
1.050723 1246.707
1.0745560000000003 1246.626
1.1505900000000002 1246.51
1.166229 1246.461
1.201114 1246.493
1.232376 1246.729
1.3011250000000003 1247.158
1.328745 1247.373
1.3864140000000003 1247.778
1.401293 1247.645
1.434437 1247.766
1.4699460000000002 1248.068
1.526417 1247.759
1.5363960000000003 1247.794
1.546618 1247.794
1.561569 1247.606
1.5712190000000001 1247.585
1.580533 1247.599
1.590271 1247.578
1.601667 1247.633
1.616127 1247.33
1.625626 1247.208
1.6349780000000003 1247.043
1.644609 1246.86
1.660654 1246.222
1.671964 1246.033
1.681349 1245.77
1.690693 1245.613
1.7006580000000002 1245.519
1.7147170000000003 1245.292
1.724824 1244.886
1.734762 1244.68
1.744792 1244.396
1.7549330000000003 1244.304
1.7681560000000003 1244.253
1.7779600000000002 1244.244
1.7874760000000003 1244.421
1.7973189999999999 1244.417
1.807585 1244.512
1.820805 1244.578
1.830739 1244.72
1.840265 1244.889
1.8501500000000002 1244.899
1.8597320000000002 1245.097
1.908287 1245.379
1.930816 1245.539
1.9728760000000003 1246.047
1.99396 1246.375
2.006829 1246.577
2.0202400000000003 1246.814
2.039028 1247.028
2.049499 1247.191
2.058832 1247.381
2.068169 1247.443
2.0927350000000002 1247.438
2.1031180000000003 1247.426
2.112393 1247.413
2.121753 1247.401
2.132434 1247.349
2.157191 1247.337
2.1786980000000002 1247.378
2.189355 1247.191
2.205007 1247.079
2.214219 1247.028
2.2230950000000003 1247.01
2.232086 1247.052
2.2414440000000004 1247.031
2.255705 1246.969
2.265033 1246.991
2.2738959999999997 1247.035
2.2827640000000002 1247.226
2.296622 1247.005
2.3591620000000004 1247.696
2.3729370000000003 1247.705
2.3850119999999997 1247.728
2.3973250000000004 1247.763
2.417649 1247.975
2.4299410000000004 1248.156
2.4421470000000003 1248.187
2.4551179999999997 1248.222
2.4732510000000003 1248.285
2.4852610000000004 1248.385
2.49568 1248.353
2.506508 1248.372
2.521762 1248.587
2.5314300000000003 1248.619
2.5407409999999997 1248.575
2.5497430000000003 1248.65
2.559863 1248.651
2.575355 1248.683
2.584822 1248.707
2.594028 1248.824
2.6032409999999997 1248.874
2.61287 1248.942
2.6481840000000005 1248.978
2.67737 1248.841
2.692817 1248.678
2.705858 1248.527
2.718719 1248.435
2.740207 1248.515
2.7530539999999997 1248.419
2.7658830000000005 1248.302
2.784655 1248.332
2.798236 1248.337
2.809775 1248.376
2.8214829999999997 1248.423
2.8409260000000005 1248.584
2.8534420000000003 1248.596
2.865011 1248.549
2.877338 1248.486
2.8974200000000003 1248.387
2.9069700000000003 1248.433
2.916697 1248.429
2.9264730000000005 1248.388
2.9452 1248.059
2.977088 1247.583
2.988847 1247.499
3.008528 1247.29
3.018206 1247.201
3.0276620000000003 1247.166
3.037847 1247.102
3.0636840000000003 1246.909
3.080508 1246.627
3.097562 1246.589
3.11503 1246.497
3.12498 1246.446
3.1343120000000004 1246.399
3.147169 1246.293
3.1639160000000004 1246.214
3.174049 1246.148
3.1841980000000003 1245.98
3.194807 1245.949
3.213325 1246.045
3.223491 1245.966
3.2331130000000003 1245.952
3.242942 1245.982
3.2531870000000005 1245.941
3.269665 1245.934
3.279953 1245.882
3.2899190000000003 1245.977
3.300794 1245.942
3.3170450000000002 1246.004
3.327471 1245.973
3.337352 1246.04
3.347385 1245.994
3.3578530000000004 1246.041
3.3752260000000005 1246.124
3.3858639999999998 1246.163
3.3963900000000002 1246.119
3.407018 1246.127
3.422588 1246.163
3.4329850000000004 1246.333
3.442844 1246.266
3.4528730000000003 1246.366
3.463623 1246.259
3.480866 1246.308
3.4916780000000003 1246.358
3.5020100000000003 1246.361
3.512669 1246.47
3.529025 1246.436
3.5434039999999998 1246.75
3.5597710000000005 1246.642
3.6177799999999998 1246.914
3.655246 1246.698
3.695107 1246.765
3.716596 1246.665
3.7303509999999998 1246.551
3.7491200000000005 1246.525
3.76492 1246.727
3.781414 1246.689
3.7956060000000003 1246.682
3.813016 1247.027
3.833959 1247.074
3.85255 1246.995
3.8696669999999997 1246.869
3.8844710000000005 1246.785
3.899783 1246.762
3.9172720000000005 1246.676
3.9315160000000002 1246.708
3.9455270000000002 1246.853
3.9607030000000005 1246.883
3.973629 1247.069
3.984018 1247.042
3.9942530000000005 1247.109
4.006846 1247.029
4.020082 1247.1
4.03096 1247.018
4.040723 1247.17
4.051474 1247.177
4.066023 1247.213
4.079052 1247.097
4.089523 1247.047
4.099662 1247.103
4.1116470000000005 1247.066
4.124187 1247.066
4.134669 1247.11
4.1617500000000005 1247.156
4.178355 1247.357
4.188845 1247.511
4.198859 1247.495
4.209144 1247.498
4.2204440000000005 1247.46
4.231237 1247.36
4.241536 1247.358
4.251907 1247.368
4.262542 1247.463
4.273865 1247.538
4.284801 1247.458
4.295113 1247.461
4.305468 1247.468
4.316249 1247.559
4.327588 1247.569
4.338793 1247.673
4.350161 1247.713
4.361425 1247.706
4.372396 1247.744
4.401064 1248.414
4.433115 1248.462
4.444681 1248.439
4.45594 1248.344
4.4668 1248.326
4.478062 1248.271
4.490082 1248.206
4.501013 1248.268
4.511777 1248.341
4.522417 1248.373
4.53301 1248.318
4.544353 1248.347
4.5549800000000005 1248.352
4.56575 1248.319
4.5769210000000005 1248.244
4.587734 1248.195
4.600212 1248.089
4.611528 1248.269
4.6221950000000005 1248.252
4.633043 1248.211
4.64457 1248.236
4.655983 1248.28
4.667059 1248.262
4.6783980000000005 1248.291
4.68923 1248.274
4.700738 1248.263
4.712766 1248.261
4.7263910000000005 1248.419
4.739922 1248.426
4.754398 1248.264
4.768631 1248.128
4.782256 1248.063
4.7966310000000005 1247.989
4.811168 1247.791
4.8250150000000005 1247.709
4.837184 1247.633
4.850234 1247.612
4.864194 1247.767
4.8768 1247.732
4.8891800000000005 1247.613
4.902566 1247.651
4.915535 1247.574
4.927971 1247.592
4.9404 1247.668
4.952915 1247.813
4.965666 1247.878
4.978457 1247.874
4.991208 1247.767
5.003326 1247.778
5.016304 1247.57
5.029199 1247.448
5.041292 1247.378
5.0532330000000005 1247.374
5.066144 1247.339
5.076797 1247.298
5.088712 1247.369
5.11059 1247.422
5.149743 1246.761
5.181639 1247.249
5.197223 1247.407
5.222743 1247.383
5.248654 1247.405
5.2636780000000005 1247.198
5.304114 1247.25
5.317165 1247.288
5.335022 1247.352
5.357627 1247.48
5.37123 1247.505
5.3847380000000005 1247.726
5.401131 1247.803
5.414499 1247.891
5.428339 1247.72
5.440859 1247.69
5.456441 1247.667
5.470385 1247.61
5.483911 1247.506
5.494833 1247.589
5.506956 1247.583
5.577414 1247.532
5.665553 1247.371
5.715343 1247.171
5.755859 1247.366
5.785156 1247.307
5.797231 1247.305
5.808932 1247.336
5.820359 1247.534
5.831927 1247.506
5.844079 1247.434
5.8563600000000005 1247.496
5.868132 1247.49
5.879474 1247.569
5.890996 1247.579
5.904314 1247.604
5.916304 1247.716
5.927765 1247.691
5.939388 1247.698
5.9516420000000005 1247.782
5.9645850000000005 1247.832
5.976645 1247.857
5.988536 1247.87
6.000796 1247.917
6.013736 1248.089
6.026549 1248.113
6.039664 1248.069
6.053686 1248.257
6.067996 1248.217
6.08139 1248.3
6.094474 1248.362
6.107413 1248.369
6.1196150000000005 1248.337
6.131028 1248.397
6.141859 1248.384
6.153128 1248.351
6.164466 1248.311
6.1765360000000005 1248.351
6.187613 1248.29
6.198673 1248.336
6.209907 1248.441
6.222838 1248.392
6.234121 1248.414
6.2451989999999995 1248.398
6.25619 1248.463
6.268257 1248.405
6.281442999999999 1248.305
6.293108 1248.398
6.304391000000001 1248.424
6.316293 1248.367
6.3301940000000005 1248.255
6.342706 1248.358
6.3547910000000005 1248.232
6.3665020000000005 1248.098
6.379649000000001 1248.04
6.394425999999999 1248.101
6.406625 1248.05
6.4182570000000005 1248.009
6.430151 1248.073
6.443225999999999 1248.023
6.454984 1247.922
6.466324999999999 1247.989
6.478726999999999 1248.019
6.491398 1248.038
6.503517 1248.076
6.5153929999999995 1248.161
6.527103 1248.175
6.539699000000001 1248.224
6.553068 1248.106
6.565614999999999 1248.107
6.577643999999999 1248.232
6.5899160000000006 1248.281
6.603585000000001 1248.329
6.616504000000001 1248.349
6.629199 1248.34
6.641845999999999 1248.138
6.655136000000001 1248.122
6.668618 1248.185
6.681125 1248.216
6.693899 1248.223
6.7079889999999995 1248.392
6.720961000000001 1248.458
6.7337679999999995 1248.361
6.7467179999999995 1248.405
6.760605 1248.24
6.773492000000001 1248.268
6.786130999999999 1248.4
6.802241 1248.415
6.816904000000001 1248.475
6.829654 1248.438
6.842181999999999 1248.422
6.854782 1248.401
6.868233999999999 1248.447
6.8811230000000005 1248.413
6.893648000000001 1248.425
6.906544 1248.406
6.920115000000001 1248.303
6.933218999999999 1248.338
6.946113 1248.307
6.9594640000000005 1248.163
6.973250999999999 1248.134
6.986784999999999 1248.105
7.000163000000001 1248.036
7.013631999999999 1248.022
7.027927999999999 1248.024
7.041417000000001 1248.08
7.054519000000001 1248.186
7.068001000000001 1248.21
7.082542999999999 1248.15
7.096002 1247.981
7.109657 1247.954
7.122840999999999 1247.99
7.137944000000001 1248.084
7.150735000000001 1248.072
7.16344 1248.027
7.175898999999999 1247.926
7.189253000000001 1247.798
7.201565 1247.678
7.241365999999999 1247.805
7.262277000000001 1247.668
7.281511 1247.762
7.342962999999999 1247.939
7.441404 1248.283
7.535183 1248.268
7.595473 1248.058
7.678991 1247.326
7.714931 1246.937
7.731725000000001 1246.765
7.7487379999999995 1246.745
7.769920000000001 1246.434
7.841691000000001 1246.088
7.903829 1240.11
7.92774 1236.466
7.9604099999999995 1230.935
7.978529 1229.255
8.001847 1227.581
8.024351 1226.147
8.046718 1225.302
8.069303 1224.158
8.092348 1222.972
8.114755 1221.497
8.136407 1220.066
8.156647 1218.667
8.175268 1217.443
8.194476 1216.035
8.213244 1214.702
8.232076 1213.515
8.249354 1212.321
8.265458 1210.801
8.281269 1209.345
8.298245 1207.844
8.315428 1206.74
8.331779000000001 1206.356
8.348791 1206.091
8.366753 1206.937
8.38075 1208.526
8.394311 1209.753
8.408207 1210.082
8.422017 1211.131
8.435506 1214.492
8.449001 1218.379
8.464222 1222.5
8.478617 1226.834
8.492927 1234.742
8.507287 1243.716
8.522761000000001 1256.24
8.540814 1268.847
8.566078000000001 1305.859
8.586057 1322.722
8.606328 1342.418
8.626778 1360.542
8.64713 1382.026
8.665985000000001 1424.971
8.686484 1479.925
8.706936 1541.87
8.728558 1604.175
8.747556 1669.323
8.766484 1728.109
8.787049 1798.461
8.805943000000001 1855.21
8.825496 1925.486
8.845824 1989.088
8.865594 2050.853
8.886489000000001 2117.005
8.905217 2173.879
8.924195000000001 2235.624
8.94438 2304.17
8.963837 2375.349
8.9839 2453.995
9.023939 2954.139
9.04572 3072.318
9.067923 3133.819
9.08992 3194.415
9.113505 3269.344
9.135929 3328.964
9.158964 3382.119
9.181465 3431.858
9.211509 3529.574
9.244021 3499.912
9.260271 3473.928
9.274891 3446.243
9.2896 3412.482
9.303598000000001 3385.738
9.319517 3345.528
9.334516 3287.264
9.363142 2996.878
9.381512 2885.695
9.420539 2530.458
9.476147000000001 2103.679
9.492299000000001 2031.529
9.511429 1879.522
9.575754 1437.973
9.625439 1258.658
9.672291 1170.615
9.734248000000001 1137.136
9.753827 1134.185
9.773622 1131.77
9.792576 1129.167
9.812163 1127.672
9.83124 1126.787
9.85056 1125.571
9.871229 1124.87
9.892457 1125.295
9.909739 1125.971
9.933505 1126.441
9.955958 1126.338
9.979139 1125.748
10.000629 1125.534
10.020296 1125.619
10.043761 1126.019
10.060354 1125.773
10.077695 1125.885
10.096957 1126.39
10.11387 1127.2
10.131554 1128.057
10.151066 1129.075
10.167908 1130.118
10.186454 1131.561
10.223103 1136.227
10.259106000000001 1135.784
10.275207 1135.584
10.290914 1135.373
10.306245 1135.077
10.322078 1135.214
10.337438 1135.344
10.353743 1135.554
10.369191 1135.483
10.384768 1135.389
10.401745 1135.305
10.416974 1135.327
10.431973 1135.059
10.448141 1135.034
10.464849000000001 1134.456
10.481467 1133.917
10.497512 1133.337
10.514003 1132.675
10.529915 1131.726
10.545826 1131.048
10.562405 1130.878
10.577792 1130.698
10.593653 1130.906
10.609538 1131.138
10.625398 1131.528
10.641092 1131.91
10.657503 1132.17
10.675386 1132.611
10.691474 1132.922
10.707682 1133.213
10.725112 1133.15
10.741423 1133.627
10.757299 1133.503
10.774255 1133.205
10.790724 1132.843
10.806593 1132.85
10.823387 1132.727
10.840113 1132.761
10.856247 1132.992
10.873008 1133.327
10.88904 1133.394
10.904849 1133.437
10.920651 1133.656
10.938023 1133.441
10.953474 1133.57
10.969081000000001 1133.508
10.985388 1133.483
11.001428 1133.474
11.017258 1133.607
11.034522 1133.566
11.050921 1133.275
11.066615 1132.717
11.082218 1132.306
11.098858 1132.134
11.114673 1132.445
11.130809 1132.922
11.147587 1133.122
11.163524 1133.892
11.179504 1134.676
11.196801 1135.935
11.212583 1136.661
11.227882 1137.477
11.24426 1138.656
11.265356 1139.414
11.285199 1140.039
11.308861 1141.79
11.331157 1142.938
11.355937 1145.615
11.372774 1146.899
11.38907 1147.919
11.404982 1148.923
11.423025 1151.173
11.439019 1152.682
11.454753 1155.067
11.556338 2131.4
11.604669 2494.976
11.63355 2713.762
11.727992 3271.861
11.774454 3426.027
11.807784 3508.585
11.842695 3558.132
11.911278 3613.164
12.009721 3626.877
12.088986 3566.404
12.136047 3474.838
12.172797000000001 3319.06
12.264622 2695.199
12.32471 2228.893
12.343062 2118.857
12.358922 2046.072
12.375903000000001 1992.559
12.392823 1908.793
12.408857 1852.075
12.425041 1790.0
12.461754 1405.745
12.551017 1195.908
12.612726 1202.164
12.664481 1202.764
12.700805 1202.511
12.720794 1203.602
12.736745 1204.277
12.753432 1204.07
12.770874000000001 1204.135
12.786562 1204.114
12.802086000000001 1203.84
12.81823 1203.454
12.838182 1202.654
12.871446 1201.712
12.888295 1201.859
12.90434 1202.284
12.92062 1201.923
12.937589000000001 1201.793
12.954479000000001 1201.912
12.971077 1201.887
12.988234 1201.591
13.003985 1200.818
13.020372 1199.929
13.038176 1198.681
13.054864 1197.696
13.071313 1196.915
13.088528 1195.969
13.103896 1195.457
13.119793 1194.714
13.137017 1193.832
13.152798 1193.08
13.168413 1192.26
13.185087 1191.467
13.206933 1190.195
13.227419 1189.633
13.247119 1188.806
13.263475 1188.656
13.355107 1184.654
13.502374 1163.912
13.519927000000001 1162.977
13.537071000000001 1162.089
13.553323 1161.073
13.569504 1159.893
13.587972 1158.837
13.641514 1146.237
13.706256 1146.872
13.723534 1146.886
13.740914 1147.154
13.758043 1147.275
13.775058 1147.546
13.791147 1147.869
13.808162 1148.24
13.82512 1147.704
13.841743 1147.471
13.859101 1146.888
13.876099 1146.46
13.891712 1146.078
13.908713 1145.851
13.926969 1145.218
13.947113 1144.784
13.974383 1143.804
13.991084 1143.6
14.007942 1143.303
14.026662 1143.078
14.045128 1142.927
14.084244 1143.677
14.125852 1147.554
14.153652 1151.216
14.187709 1162.053
14.229268 1183.266
14.265831 1204.728
14.324402999999998 1299.539
14.359694 1426.666
14.391118 1574.589
14.420119999999999 1757.45
14.437336 1791.362
14.455643 1849.554
14.475067000000001 1910.07
14.497078 2024.214
14.519176 2123.628
14.540484999999999 2207.758
14.562828999999999 2333.94
14.583881 2409.622
14.604823999999999 2480.243
14.627550999999999 2582.96
14.645544 2649.588
14.663367 2708.806
14.683629999999999 2808.597
14.701666000000001 2877.888
14.718517 2940.826
14.736980999999998 3027.692
14.754181 3090.191
14.772132999999998 3169.856
14.790204999999998 3221.367
14.806517999999999 3270.537
14.823403 3313.254
14.841453 3343.179
14.858944 3381.644
14.87569 3421.354
14.951699 3609.771
14.970429999999999 3608.639
14.989053 3596.309
15.008049000000002 3582.364
15.026179 3563.397
15.044255999999999 3544.816
15.063132000000001 3522.317
15.081171 3497.388
15.099670000000001 3469.612
15.118608 3435.204
15.136673 3393.733
15.155852000000001 3357.222
15.177752 3289.318
15.199071000000002 3226.312
15.222335 3127.423
15.243923 3019.203
15.266409999999999 2889.578
15.283371 2801.702
15.301029000000002 2728.112
15.357916000000001 1757.336
15.374661999999999 1711.591
15.392027 1640.01
15.480618999999999 1175.514
15.601692000000002 1166.334
15.644169 1162.386
15.688269 1158.087
15.725495 1156.075
15.801933 1156.75
15.839383 1158.528
15.871089 1160.892
15.928868 1169.223
15.992188 1181.113
16.040858999999998 1185.512
16.05955 1185.92
16.076866000000003 1186.168
16.094513 1185.972
16.112501 1185.825
16.130074999999998 1185.904
16.147512 1185.952
16.166078 1186.186
16.183807 1186.473
16.201791999999998 1186.598
16.221601 1186.551
16.238948999999998 1186.325
16.262009 1186.198
16.285846999999997 1185.936
16.309787 1185.5
16.330332 1184.845
16.345979999999997 1184.514
16.362107 1184.039
16.379469 1183.525
16.395491 1182.875
16.411689000000003 1181.735
16.429243 1181.383
16.445400999999997 1181.363
16.461771 1181.389
16.478121 1181.185
16.495241999999998 1180.815
16.511045000000003 1180.557
16.526564 1180.433
16.543940999999997 1179.862
16.559835999999997 1178.97
16.575986 1177.965
16.592723 1176.853
16.608576 1176.093
16.624798 1174.958
16.642051000000002 1173.978
16.658690999999997 1172.845
16.674290999999997 1171.971
16.690699000000002 1171.125
16.708188999999997 1170.111
16.724563000000003 1169.439
16.740586999999998 1168.719
16.758159 1167.691
16.774217999999998 1167.047
16.790065 1166.344
16.806857 1165.582
16.822508999999997 1164.659
16.838292000000003 1164.552
16.870737 1166.429
16.970478999999997 1169.674
17.037619 1175.55
17.067368000000002 1177.813
17.105528999999997 1182.52
17.204946999999997 1184.811
17.245282000000003 1184.636
17.277178999999997 1183.748
17.294033 1184.044
17.31288 1184.312
17.338682 1185.57
17.380612 1186.543
17.425477 1186.762
17.463473999999998 1187.178
17.506689 1187.788
17.538918000000002 1188.876
17.568485000000003 1190.752
17.593518000000003 1191.87
17.632130000000004 1193.531
17.666536 1194.857
17.702002 1196.543
17.736038999999998 1197.837
17.762096 1198.508
17.780219000000002 1198.908
17.798108 1199.247
17.81745 1199.576
17.854332999999997 1199.831
17.878090999999998 1199.621
17.902538999999997 1199.041
17.926397 1198.605
17.950584 1198.032
17.970743 1197.581
17.987389 1197.196
18.004092999999997 1196.843
18.021824000000002 1196.493
18.040078 1196.039
18.056991000000004 1195.666
18.073453999999998 1195.433
18.091348000000004 1195.597
18.108055 1195.927
18.124445 1196.678
18.141741000000003 1197.226
18.158717000000003 1198.045
18.175319000000002 1198.795
18.192725000000003 1199.384
18.209249 1200.235
18.225571000000002 1201.001
18.243181 1201.979
18.259214999999998 1202.643
18.275323 1203.246
18.292628 1203.923
18.310392 1204.399
18.328094 1204.982
18.346579 1205.686
18.364905 1206.976
18.381594 1207.977
18.39924 1208.794
18.415550000000003 1209.129
18.432128 1209.982
18.449405 1210.706
18.467827 1212.097
18.545133999999997 1223.282
18.642967 1228.195
18.68656 1231.232
18.702458999999998 1231.901
18.726801000000002 1233.544
18.754404 1233.842
18.781007000000002 1234.089
18.805836 1234.202
18.827291000000002 1234.452
18.857166 1234.754
18.883197000000003 1234.567
18.910006000000003 1234.36
18.928297999999998 1234.391
18.948635000000003 1234.43
18.975268 1233.993
18.997256999999998 1233.669
19.018785 1233.404
19.036135 1233.12
19.056711 1232.812
19.076659999999997 1232.404
19.098019999999998 1231.284
19.122726 1229.709
19.184053 1222.486
19.220982999999997 1220.732
19.240026 1220.483
19.260018000000002 1220.154
19.282850000000003 1219.898
19.305253999999998 1219.704
19.327199999999998 1219.643
19.349831000000002 1219.475
19.371951000000003 1219.374
19.394878 1219.374
19.416894 1219.366
19.505854 1216.652
19.634389 1217.149
19.660275 1217.253
19.677833 1217.461
19.695558 1217.715
19.714649 1217.939
19.732376000000002 1217.857
19.749552 1217.757
19.767327 1217.483
19.784551999999998 1217.463
19.801662 1217.342
19.819127 1217.326
19.836553000000002 1217.268
19.853504 1217.139
19.871340000000004 1217.058
19.887906 1216.992
19.90517 1216.776
19.924183999999997 1216.755
19.941381999999997 1216.696
19.958437000000004 1216.67
19.977396 1216.545
20.000056999999998 1216.398
20.02263 1216.325
20.045589 1216.09
20.067445999999997 1215.913
20.087682 1215.882
20.104529999999997 1215.836
20.121378999999997 1215.827
20.139180000000003 1216.09
20.156838999999998 1216.29
20.173338 1216.343
20.191260999999997 1216.508
20.207979 1216.626
20.224071000000002 1216.771
20.243214000000002 1216.992
20.264346000000003 1217.046
20.285690000000002 1217.47
20.304944 1217.832
20.321537 1218.023
20.33916 1218.259
20.357816 1218.557
20.375801000000003 1218.963
20.394482000000004 1219.478
20.413919999999997 1219.76
20.436798000000003 1220.224
20.471499 1220.23
20.490139 1220.256
20.509137000000003 1220.403
20.528696000000004 1220.4
20.60409 1220.398
20.687078 1219.101
20.711821999999998 1218.69
20.731479999999998 1218.342
20.749547999999997 1218.245
20.767086 1218.258
20.785417000000002 1218.022
20.803136000000002 1218.04
20.820590000000003 1217.964
20.84015 1217.97
20.858303999999997 1217.862
20.876061999999997 1218.101
20.894551 1218.188
20.911763999999998 1218.268
20.927987 1218.464
20.946116000000004 1218.518
20.964007000000002 1218.424
20.981814999999997 1218.39
21.000394 1218.441
21.018901999999997 1218.27
21.035452999999997 1218.211
21.089277000000003 1216.277
21.127052 1216.124
21.16422 1215.206
21.185530999999997 1213.888
21.221258 1211.798
21.239013999999997 1211.21
21.257063000000002 1210.613
21.284198000000004 1208.325
21.301802000000002 1207.669
21.319876 1207.001
21.338521999999998 1206.423
21.356659 1205.941
21.374560000000002 1205.351
21.393062999999998 1204.638
21.410145999999997 1203.861
21.428856000000003 1203.312
21.45848 1201.906
21.489752000000003 1200.258
21.523144000000002 1196.09
21.560888 1194.149
21.601788 1192.968
21.635433 1190.837
21.674414 1190.044
21.700736 1191.37
21.730109 1190.081
21.7581 1189.583
21.776083 1189.763
21.797159999999998 1189.982
21.822043999999998 1198.172
21.858522 1270.462
21.878652000000002 1298.142
21.895297 1318.743
21.912275 1345.037
21.930999999999997 1383.128
21.948991999999997 1428.945
21.981363 1657.412
22.009655000000002 1865.13
22.045823 2149.745
22.141542 2812.379
22.186251 3056.561
22.25924 3356.315
22.320556000000003 3514.305
22.345666 3558.796
22.381 3597.164
22.435617999999998 3620.453
22.459367 3618.945
22.522967 3570.586
22.574433999999997 3436.741
22.611907000000002 3265.601
22.663885999999998 2883.408
22.707020999999997 2574.341
22.769225 2098.029
22.787869 1987.751
22.805467 1895.823
22.825347 1794.032
22.843213 1748.056
22.860729 1691.364
22.881135999999998 1602.796
22.899178999999997 1547.21
22.917532 1487.102
22.936191 1443.933
22.953955999999998 1398.582
23.023178 1183.511
23.113155 1186.794
23.157010999999997 1192.863
23.175873000000003 1195.851
23.193758000000003 1198.907
23.213668 1201.805
23.232376000000002 1205.313
23.251282000000003 1209.1
23.271166 1213.636
23.289203 1216.175
23.307007 1217.853
23.327741000000003 1219.829
23.346187999999998 1221.652
23.365267000000003 1222.022
23.389927 1223.862
23.412953 1225.251
23.439572 1228.174
23.465573999999997 1229.722
23.492747 1231.371
23.518617 1232.646
23.545501 1233.3
23.565294 1233.067
23.585324999999997 1232.029
23.60915 1230.597
23.633561999999998 1228.933
23.657393 1227.547
23.680217 1225.789
23.703908 1224.555
23.726153000000004 1222.665
23.746946 1220.466
23.763689 1219.587
23.781218000000003 1217.962
23.800801 1215.663
23.818686999999997 1213.154
23.836387000000002 1211.743
23.856451999999997 1210.798
23.874088 1209.647
23.891533000000003 1208.691
23.910344000000002 1207.525
23.927599 1206.003
23.944881000000002 1204.446
23.964170000000003 1202.638
23.980991000000003 1201.768
23.998618999999998 1200.185
24.124249 1197.038
24.182744999999997 1195.954
24.230762 1197.918
24.26836 1198.616
24.310029 1198.593
24.351069000000003 1198.579
24.391022999999997 1198.896
24.431966000000003 1200.615
24.451521 1200.945
24.477393 1202.426
24.512605999999998 1203.554
24.555208 1204.585
24.581893 1207.161
24.599811000000003 1209.035
24.618188000000004 1210.502
24.636657 1211.369
24.653658 1212.018
24.671852 1213.126
24.79531 1353.031
24.898302 1675.854
24.919857999999998 1753.385
24.947322 1899.857
25.024772 2295.028
25.051582000000003 2407.123
25.081263 2517.377
25.106662999999998 2571.16
25.133760000000002 2671.219
25.24897 3144.563
25.268613000000002 3174.168
25.286982000000002 3199.635
25.30619 3222.194
25.32434 3240.092
25.378493 3295.78
25.457628 3280.724
25.521559000000003 3185.229
25.574605 3006.857
25.607709 2848.221
25.624952 2800.911
25.644492 2716.999
25.667043 2641.865
25.689836999999997 2546.614
25.708920999999997 2440.476
25.726956 2340.293
25.746571000000003 2231.132
25.765019000000002 2146.854
25.783074999999997 2064.562
25.801966999999998 1984.215
25.819059000000003 1929.472
25.835873 1883.459
25.854591999999997 1788.533
25.872225 1716.01
25.889573 1657.979
25.907471 1599.627
25.923257 1558.801
25.9384 1522.133
25.954658000000002 1482.711
25.971066 1448.683
25.986359 1411.538
26.002518000000002 1366.201
26.020915000000002 1327.778
26.038565 1300.48
26.056258 1279.334
26.073757 1257.141
26.089564000000003 1246.129
26.105264 1237.332
26.121989 1228.346
26.138453 1219.668
26.154214000000003 1214.523
26.171014999999997 1210.544
26.187137 1208.763
26.202618 1207.415
26.227778999999998 1201.368
26.283741999999997 1188.415
26.326445 1190.66
26.350726 1192.276
26.367488 1193.384
26.383609999999997 1194.728
26.40097 1196.52
26.417616000000002 1198.916
26.433360999999998 1200.298
26.453901000000002 1202.413
26.473900999999998 1204.035
26.494908000000002 1206.295
26.513410999999998 1208.244
26.529758 1209.886
26.546929 1210.569
26.564109000000002 1210.409
26.580002999999998 1209.481
26.595274000000003 1208.763
26.613101999999998 1208.404
26.629212000000003 1208.461
26.644438 1208.288
26.661250000000003 1208.011
26.677272000000002 1207.396
26.69334 1206.601
26.710602 1206.461
26.726956 1206.107
26.742413 1205.444
26.759027000000003 1204.547
26.777144999999997 1204.069
26.793974 1203.331
26.810496999999998 1202.32
26.862417 1192.416
26.930719000000003 1191.805
27.044055 1194.823
27.111983000000002 1196.793
27.152943 1197.804
27.174798000000003 1198.437
27.208213999999998 1200.296
27.256369999999997 1205.903
27.288404999999997 1209.887
27.306576999999997 1212.092
27.324235 1214.416
27.343983 1217.556
27.360962999999998 1219.424
27.378615000000003 1221.715
27.397143999999997 1224.246
27.413883 1225.92
27.432533999999997 1227.809
27.452361000000003 1229.553
27.473269000000002 1230.75
27.496418 1233.079
27.517667000000003 1234.097
27.538271 1235.138
27.560178 1236.368
27.581702999999997 1237.864
27.604258 1239.696
27.620592000000002 1240.114
27.637168000000003 1238.6
27.654718000000003 1237.663
27.671489 1236.396
27.687708 1234.791
27.705280000000002 1232.949
27.72271 1231.672
27.738833 1231.287
27.756497000000003 1230.19
27.773370999999997 1229.121
27.789161 1228.947
27.805767000000003 1230.456
27.829172 1234.485
27.855702 1242.765
27.878673 1256.849
27.901223 1276.427
27.922928 1299.198
27.941825 1326.839
27.958042 1348.494
27.975792 1377.863
27.992876000000003 1407.306
28.008355 1426.732
28.025370000000002 1456.833
28.042893999999997 1491.609
28.060107000000002 1521.262
28.081488 1572.088
28.101446000000003 1606.321
28.12144 1641.821
28.147107 1703.241
28.170882 1744.522
28.200175 1776.897
28.223664 1827.713
28.247456 1864.906
28.265563 1886.946
28.283659999999998 1904.19
28.306586000000003 1911.747
28.323646000000004 1915.73
28.353346000000002 1908.135
28.379922 1875.225
28.411807000000003 1831.844
28.430075000000002 1812.496
28.467829000000002 1669.977
28.492423000000002 1595.113
28.583166 1356.532
28.616937999999998 1303.555
28.683771 1246.709
28.709626999999998 1234.819
28.739908 1219.449
28.766517 1213.091
28.785223000000002 1210.981
28.804830000000003 1208.852
28.822983999999998 1207.039
28.843764999999998 1204.622
28.901372000000002 1190.336
28.972399000000003 1182.913
29.014837999999997 1181.179
29.032702 1180.836
29.050789 1180.338
29.069406999999998 1180.264
29.136561 1178.709
29.155538 1177.768
29.173147 1177.303
29.191028000000003 1176.794
29.20888 1176.101
29.225772 1175.93
29.243539 1175.473
29.259864 1175.318
29.276712000000003 1175.307
29.293647999999997 1175.377
29.315645000000004 1175.117
29.339426000000003 1175.113
29.364295 1174.699
29.389454 1174.056
29.418633 1172.552
29.449254000000003 1171.518
29.467219999999998 1170.844
29.484451999999997 1170.328
29.502668 1170.294
29.520287000000003 1169.882
29.537972000000003 1170.391
29.556437000000003 1171.106
29.573811 1172.083
29.591336 1173.496
29.609827000000003 1175.245
29.626790999999997 1177.065
29.642825000000002 1178.817
29.660370999999998 1181.146
29.678221 1184.149
29.696708 1187.591
29.715004 1193.683
29.732587000000002 1200.161
29.750159000000004 1207.485
29.769958000000003 1220.825
29.787652 1231.719
29.805371 1244.461
29.834738 1338.007
29.851886999999998 1369.74
29.877554000000003 1477.781
29.895121000000003 1516.707
29.912422999999997 1552.431
29.931835999999997 1599.449
29.949092 1639.559
29.966434 1675.905
29.984889000000003 1711.894
30.001637000000002 1743.819
30.019111000000002 1780.879
30.037460000000003 1811.116
30.054412 1841.126
30.071316000000003 1869.897
30.090086999999997 1900.946
30.107215000000004 1923.885
30.124913 1944.714
30.143631 1959.052
30.160727 1968.913
30.178049 1975.895
30.196004000000002 1978.457
30.213081000000003 1975.874
30.229883 1968.971
30.248171 1956.762
30.306109 1678.879
30.331818 1622.555
30.358067999999996 1570.126
30.377857999999996 1526.666
30.416204999999998 1391.558
30.464287999999996 1309.822
30.524862 1302.474
30.613171 1303.616
30.633142 1304.315
30.651468 1304.655
30.673778999999996 1304.6
30.743308 1306.816
30.762845999999996 1306.688
30.786856999999998 1307.977
30.8183 1308.615
30.859004 1305.722
30.877772 1304.411
30.894391999999996 1303.155
30.912045 1302.17
30.92944 1301.19
30.946466 1300.939
30.963881999999998 1302.328
30.980682 1304.243
30.998241999999998 1306.044
31.024524 1322.118
31.043703999999998 1327.257
31.061969999999995 1332.34
31.079547999999996 1337.438
31.097046999999996 1345.369
31.113887 1351.3
31.131318 1354.98
31.148513 1359.638
31.166979999999995 1366.889
31.185538 1373.292
31.203066999999997 1381.708
31.220839999999995 1391.314
31.240181999999997 1398.682
31.258232 1405.949
31.275647 1410.444
31.294843999999998 1415.319
31.313499 1420.188
31.332718 1427.044
31.351475 1433.623
31.369701999999997 1441.036
31.389541 1451.338
31.407866999999996 1459.735
31.425965999999995 1470.075
31.444316 1479.009
31.462381 1489.117
31.481381 1501.452
31.503060999999995 1519.447
31.527949 1544.937
31.592225 1805.014
31.636184999999998 1868.872
31.656838 1870.652
31.680267999999998 1865.839
31.703147 1854.323
31.729571999999997 1830.529
31.754703 1793.778
31.772827999999997 1775.532
31.789569999999998 1757.871
31.806629 1735.387
31.825933 1709.379
31.845242999999996 1681.679
31.864221 1646.239
31.883449999999996 1612.72
31.902336 1576.212
31.921119999999995 1541.326
31.943883999999997 1492.401
31.964973 1456.986
32.099556 1207.166
32.139735 1206.084
32.187568 1202.421
32.298147 1191.141
32.382928 1184.938
32.437807 1184.888
32.477483 1186.204
32.622515 1198.384
32.762343 1229.165
32.786159999999995 1244.724
32.901469 1351.966
32.927338 1382.63
32.972851 1449.741
33.024181999999996 1526.198
33.051854 1569.087
33.146854 1683.212
33.190588999999996 1726.567
33.209438999999996 1736.085
33.227416999999996 1743.719
33.245371 1751.394
33.265251 1758.931
33.288536 1768.293
33.311136999999995 1776.34
33.337016999999996 1793.424
33.366119999999995 1810.505
33.405117 1829.792
33.45279 1836.823
33.478356 1841.162
33.496313 1844.155
33.514327 1846.704
33.533232 1848.668
33.551546 1850.195
33.582588 1848.928
33.601282999999995 1844.696
33.619174 1840.728
33.638605 1831.805
33.657347 1822.887
33.6762 1812.704
33.694956 1802.642
33.713322999999995 1792.107
33.731654 1780.02
33.750623 1767.397
33.769856 1753.703
33.788596 1737.965
33.807659 1719.592
33.829333 1691.604
33.852596999999996 1660.318
33.87477 1632.483
33.896232999999995 1603.619
33.921666 1567.968
33.943501 1542.0
33.960837999999995 1521.216
33.978445 1495.146
33.99575 1477.03
34.014019999999995 1451.545
34.032126 1424.166
34.050089 1397.471
34.068307 1378.307
34.085618 1364.351
34.102411 1351.998
34.180889 1242.982
34.278757 1236.697
34.30021 1239.187
34.317901 1241.295
34.334949 1242.806
34.353229 1243.066
34.370062 1242.91
34.387599 1244.087
34.405249 1244.413
34.438843999999996 1249.664
34.457027 1251.236
34.47369 1253.763
34.491228 1256.8
34.510064 1260.055
34.526987 1264.545
34.546197 1275.679
34.624082 1343.111
34.694232 1431.822
34.768665 1577.379
34.799707 1651.674
34.8182 1690.406
34.835809999999995 1725.455
34.853282 1752.451
34.870846 1785.252
34.887668999999995 1804.796
34.906164 1838.61
34.923138 1867.813
34.940097 1887.125
34.958622999999996 1919.808
34.976186999999996 1945.409
34.994082999999996 1968.373
35.014379999999996 1994.477
35.039649 2017.315
35.060383 2030.511
35.162924 1876.12
35.182348999999995 1842.134
35.200191 1813.851
35.218568 1768.706
35.237161 1726.178
35.255033999999995 1682.856
35.272849 1637.776
35.291382999999996 1592.84
35.308917 1548.944
35.327740999999996 1496.526
35.346831 1444.455
35.364546 1405.06
35.382222999999996 1378.954
35.402530999999996 1344.852
35.420398 1317.184
35.440159 1296.763
35.462302 1277.983
35.483457 1266.603
35.508399 1249.225
35.52945 1242.189
35.550697 1233.616
35.568064 1227.951
35.585057 1222.119
35.602897999999996 1216.43
35.620716 1212.79
35.638689 1210.981
35.657213999999996 1209.287
35.674352999999996 1207.489
35.691227 1206.687
35.709044999999996 1207.943
35.726295 1208.971
35.743894 1210.449
35.770173 1214.083
35.786486 1214.531
35.802956 1214.352
35.821017 1214.668
35.837852999999996 1214.919
35.854510999999995 1215.254
35.872741999999995 1215.097
35.889542 1214.635
35.906177 1214.531
35.924828999999995 1214.717
35.9417 1215.453
35.958315999999996 1216.155
35.976547 1217.37
35.993426 1218.431
36.009921999999996 1219.608
36.028256 1221.262
36.045349 1222.399
36.061892 1223.565
36.079744 1224.09
36.097342999999995 1225.697
36.114027 1227.298
36.131304 1228.165
36.149484 1228.822
36.165953 1230.529
36.182801 1236.22
36.201121 1243.783
36.220084 1253.605
36.242884 1262.729
36.265927 1276.714
36.288011 1290.298
36.312047 1313.393
36.332471 1328.269
36.351465999999995 1344.827
36.368525 1358.115
36.385253999999996 1374.614
36.519172 1810.99
36.537904999999995 1838.01
36.55594 1860.393
36.57826 1883.833
36.64139 1894.622
36.721247999999996 1825.055
36.759127 1773.15
36.781434 1734.641
36.804235 1690.115
36.821256 1671.9
36.837716 1651.326
36.85664 1625.453
36.873621 1603.03
36.890839 1571.806
36.909059 1547.008
36.92619 1525.109
36.942537 1505.227
36.960659 1482.302
36.97832 1463.992
36.995259 1444.671
37.013762 1420.848
37.031979 1393.717
37.049465 1369.894
37.067676999999996 1351.249
37.084762999999995 1337.756
37.121452 1286.58
37.175715 1268.76
37.220244 1272.395
37.239455 1272.471
37.257055 1272.593
37.274992999999995 1272.287
37.293299 1272.34
37.311201 1272.6
37.328793 1271.794
37.350114 1271.42
37.373024 1270.523
37.400946999999995 1269.067
37.432351 1268.706
37.452414 1268.24
37.470571 1266.705
37.489191 1264.97
37.508599 1263.202
37.526796999999995 1262.883
37.55231 1260.673
37.576281 1260.925
37.612176 1262.167
37.637482999999996 1263.145
37.657249 1263.734
37.684868 1264.67
37.708539 1266.341
37.738928 1268.143
37.757118 1269.236
37.784692 1270.422
37.802473 1271.469
37.822165999999996 1272.466
37.853232999999996 1273.598
37.883807999999995 1274.896
37.903238 1275.454
37.920583 1275.989
37.969198999999996 1276.554
38.043442999999996 1424.867
38.061575999999995 1452.452
38.079749 1474.252
38.099511 1500.634
38.133911999999995 1620.273
38.175945 1734.849
38.212230999999996 1807.109
38.252604 1880.688
38.288016999999996 1931.163
38.307792 1950.397
38.327586 1965.842
38.346106999999996 1979.896
38.364657 1990.878
38.384530999999996 2002.717
38.402721 2012.317
38.427698 2020.74
38.4459 2019.46
38.464742 2015.431
38.485537 2010.651
38.509232 2000.342
38.532962 1985.829
38.556900999999996 1968.097
38.580178 1951.106
38.604898999999996 1930.518
38.636807 1876.867
38.656472 1854.805
38.689026999999996 1770.676
38.727202999999996 1630.162
38.786038999999995 1428.614
38.841192 1361.015
38.880859 1333.223
38.89973 1326.917
38.919211 1322.034
38.960324 1313.553
38.992717 1314.454
39.009873999999996 1315.729
39.027497 1317.34
39.044112 1318.654
39.060444 1319.93
39.077805 1321.362
39.094408 1322.755
39.110561 1324.366
39.128797999999996 1325.792
39.146433 1328.63
39.163373 1330.188
39.181546 1331.671
39.199234 1332.971
39.217279999999995 1333.728
39.236689 1334.004
39.255713 1334.323
39.274422 1334.34
39.294308 1334.55
39.313826999999996 1334.73
39.333881999999996 1335.214
39.35638 1336.126
39.375022 1336.843
39.393366 1337.58
39.412154 1339.211
39.429544 1340.596
39.44891 1341.727
39.467498 1343.031
39.485378 1343.891
39.504728 1344.704
39.522743 1345.142
39.540365 1345.386
39.559049 1345.565
39.57681 1345.7
39.594463999999995 1345.619
39.613192999999995 1345.229
39.631209999999996 1345.497
39.649146 1345.573
39.668406999999995 1344.586
39.686716 1343.903
39.704211 1343.428
39.722750999999995 1343.085
39.741057999999995 1343.333
39.758564 1345.387
39.776537999999995 1346.348
39.794561 1347.572
39.812228999999995 1357.561
39.830594 1382.826
39.848838 1411.746
39.867017 1438.82
39.885621 1468.113
39.903152999999996 1491.416
39.920918 1519.865
39.939769 1552.306
39.957501 1577.014
39.975083 1601.667
39.993462 1625.116
40.011302 1651.065
40.030197 1678.525
40.048769 1701.382
40.067003 1730.31
40.084559 1756.49
40.103175 1779.151
40.12093 1807.544
40.139531 1839.71
40.159349 1879.237
40.176507 1901.498
40.194271 1925.505
40.213643 1965.169
40.23168 1994.219
40.251113 2020.715
40.270655999999995 2055.849
40.290203999999996 2050.971
40.310931 2041.741
40.331012 2028.723
40.362259 1939.529
40.383309 1919.351
40.405356999999995 1884.471
40.430184 1846.695
40.452925 1821.457
40.476580999999996 1781.717
40.502672 1736.961
40.548161 1581.401
40.572727 1544.693
40.59124 1519.627
40.608827 1499.536
40.627123 1476.95
40.644397 1460.192
40.662583999999995 1441.025
40.792373999999995 1340.215
40.925419 1346.479
41.032681 1360.684
41.196777999999995 1381.364
41.216345 1388.454
41.234207 1395.573
41.253026 1404.126
41.271709 1409.856
41.28947 1418.757
41.308192 1431.553
41.326955 1446.283
41.3518 1468.621
41.376881 1495.183
41.395664 1518.706
41.414226 1548.308
41.438390999999996 1601.47
41.520713 1840.308
41.559411 1905.941
41.602159 1957.57
41.629747 1995.27
41.669263 2029.705
41.706421 2043.951
41.771269 2026.062
41.823234 1988.658
41.93295 1843.059
42.004813 1708.528
42.055945 1599.202
42.156877 1449.71
42.241163 1363.068
42.309391999999995 1330.464
42.408131999999995 1321.588
42.431231 1321.389
42.473459 1320.487
42.501971 1320.83
42.536806 1321.377
42.662783 1335.788
42.734947 1346.254
42.818881999999995 1353.898
42.866724 1365.001
42.955594999999995 1391.495
43.007158 1415.346
43.089180999999996 1474.525
43.108969 1493.996
43.127265 1516.096
43.145348999999996 1531.831
43.164846 1552.686
43.181815 1566.149
43.20031 1584.499
43.219004 1606.711
43.23621 1624.268
43.254632 1643.123
43.272923999999996 1665.337
43.290306 1688.653
43.309357 1715.272
43.326982 1735.055
43.344339 1759.009
43.361931999999996 1778.56
43.379176 1797.705
43.396991 1828.073
43.415881999999996 1852.673
43.433879999999995 1876.938
43.450091 1897.236
43.468714999999996 1919.402
43.486543999999995 1942.182
43.503811 1965.718
43.522644 1988.25
43.5394 2007.89
43.556793 2031.158
43.575497999999996 2053.126
43.592757 2075.213
43.609837999999996 2096.784
43.628882 2120.319
43.646673 2139.328
43.66379 2160.445
43.682396 2177.975
43.699932 2192.388
43.717191 2208.402
43.736064999999996 2225.031
43.753845999999996 2237.216
43.770908999999996 2248.741
43.789362 2258.721
43.807142 2269.499
43.824092 2279.853
43.843755 2289.821
43.86248 2299.507
43.881508 2308.556
43.903527 2304.439
43.926321 2266.24
43.950269999999996 2218.323
43.973787 2176.726
43.997343 2115.653
44.021516999999996 2060.007
44.044996999999995 1999.194
44.068035 1950.487
44.091221 1895.335
44.114748999999996 1839.794
44.135075 1799.289
44.153199 1756.616
44.173235999999996 1710.843
44.190847 1668.119
44.208393 1627.459
44.227173 1594.021
44.244524 1557.887
44.26193 1520.23
44.281282999999995 1487.832
44.299291 1443.996
44.316733 1409.346
44.336076 1380.419
44.353591 1355.589
44.371584 1352.995
44.391321 1349.09
44.40934 1344.962
44.426975999999996 1343.993
44.446456 1345.89
44.463471999999996 1348.005
44.480897 1351.571
44.500167 1355.279
44.5179 1359.504
44.535737999999995 1363.359
44.554854 1368.014
44.57223 1371.981
44.596720999999995 1380.776
44.615313 1383.56
44.632768 1384.622
44.651095999999995 1385.731
44.668949999999995 1388.238
44.729773 1410.922
44.764043 1425.26
44.875841 1501.936
44.937644 1575.425
44.988189999999996 1661.036
45.012541 1698.35
45.037568 1744.726
45.083155 1859.554
45.120743999999995 1926.021
45.154401 1980.896
45.261727 2082.814
45.282250999999995 2087.599
45.300245 2088.655
45.318342 2089.069
45.337728999999996 2089.062
45.356814 2088.855
45.375682 2086.435
45.3956 2078.228
45.414184 2065.776
45.434385 2048.98
45.453958 2029.629
45.472305 2011.945
45.491462999999996 1987.034
45.510303 1962.272
45.52876 1943.154
45.548266999999996 1912.497
45.567474 1886.707
45.590239 1843.299
45.618071 1797.666
45.645007 1746.205
45.672413 1692.679
45.696348 1661.968
45.717075 1620.099
45.735579 1589.695
45.754795 1569.508
45.774468999999996 1540.743
45.793220999999996 1516.459
45.814032999999995 1484.937
45.833863 1458.637
45.852581 1438.634
45.881764 1409.734
45.908059 1394.784
45.935777 1380.853
45.960865999999996 1372.099
46.095054999999995 1315.704
46.207932 1284.418
46.267638 1272.354
46.28581 1268.736
46.304051 1266.078
46.323268 1263.112
46.340835 1259.742
46.358343999999995 1256.966
46.378594 1252.103
46.396609999999995 1248.182
46.414376 1246.027
46.43329 1244.632
46.450886 1243.653
46.468655 1242.622
46.486709 1241.957
46.504492 1241.75
46.522087 1242.569
46.541291 1244.021
46.558814 1245.322
46.577905 1246.564
46.59656 1247.698
46.614495999999995 1248.79
46.635159 1249.862
46.653265999999995 1249.504
46.671562 1249.404
46.691176999999996 1250.135
46.709081999999995 1252.694
46.726507 1257.375
46.745523999999996 1262.148
46.763403 1267.967
46.7815 1274.31
46.800768 1281.499
46.818517 1290.669
46.836687999999995 1304.293
46.855964 1316.047
46.873810999999996 1329.453
46.891678999999996 1343.87
46.911024999999995 1359.319
46.928559 1373.419
46.946379 1389.659
46.95098 1393.624
46.970797 1406.594
46.988752999999996 1419.093
47.008614 1433.017
47.026396 1446.884
47.043223999999995 1462.829
47.06145 1486.783
47.078493 1501.709
47.096320999999996 1520.975
47.115238999999995 1541.462
47.134211 1556.95
47.152847 1575.189
47.171223999999995 1589.333
47.189083 1602.462
47.206803 1613.062
47.226192999999995 1625.077
47.250434999999996 1633.1
47.275461 1647.712
47.300109 1658.648
47.327357 1668.46
47.367799999999995 1685.058
47.394769 1680.7
47.415031 1674.384
47.435314 1669.892
47.455394 1663.659
47.481994 1633.607
47.508528999999996 1586.955
47.537006999999996 1521.505
47.554578 1504.643
47.570972999999995 1490.313
47.587576999999996 1471.863
47.604093 1457.452
47.620922 1440.031
47.643267 1418.837
47.696681 1294.965
47.739498 1263.314
47.806235 1245.888
47.834671 1240.843
47.867975 1234.98
47.888298 1232.791
47.907224 1229.951
47.929511999999995 1227.354
47.946461 1225.308
47.979299999999995 1220.719
48.000012999999996 1217.284
48.018122 1215.536
48.044601 1211.446
48.061946 1208.947
48.084934 1205.973
48.102242 1203.595
48.119977 1201.602
48.145174 1198.536
48.16269 1197.686
48.189549 1196.58
48.2078 1195.119
48.22597 1194.65
48.244551 1193.685
48.262412 1192.762
48.280032999999996 1192.218
48.324211999999996 1185.479
48.357845999999995 1189.516
48.381758999999995 1193.292
48.398427 1194.071
48.413961 1194.468
48.428884 1194.898
48.445391 1195.136
48.460736 1195.189
48.475936 1194.99
48.490708999999995 1195.023
48.506476 1195.092
48.5223 1195.442
48.537619 1195.806
48.554027 1196.798
48.569993 1197.201
48.585474 1197.406
48.600925 1197.9
48.617171 1198.723
48.632511 1199.392
48.648192 1200.034
48.666484 1201.254
48.689240999999996 1202.757
48.712407999999996 1204.292
48.732659 1204.975
48.815692 1207.064
48.839417999999995 1207.117
48.860127 1206.882
48.87742 1206.734
48.893995 1206.578
48.910047999999996 1206.733
48.927329 1206.913
48.943887 1206.622
48.959618999999996 1206.161
48.976425 1205.808
48.99263 1205.532
49.008372 1205.342
49.024346 1205.122
49.041729 1204.875
49.057884 1204.639
49.073688 1204.287
49.091263999999995 1204.132
49.10706 1203.983
49.122755 1203.906
49.139285 1203.691
49.154618 1203.681
49.169599999999996 1203.884
49.185136 1204.516
49.201999 1205.214
49.216986 1205.753
49.232136 1206.366
49.248207 1207.095
49.263551 1207.806
49.278862 1208.685
49.295642 1209.754
49.310938 1210.684
49.326287 1211.968
49.341248 1212.762
49.357882 1213.93
49.373412 1214.808
49.389412 1215.766
49.405428 1216.633
49.425213 1217.132
49.444382 1217.53
49.46212 1218.104
49.482104 1219.342
49.501968 1220.212
49.523033999999996 1221.206
49.543651 1221.908
49.564128 1222.822
49.58293 1223.635
49.601181 1224.109
49.621030999999995 1224.887
49.639373 1225.518
49.658659 1226.378
49.678128 1227.233
49.693855 1228.207
49.707988 1228.615
49.723881 1229.127
49.739022 1229.686
49.753716 1230.008
49.768459 1230.401
49.786498 1231.192
49.81637 1233.34
49.833276999999995 1233.5
49.847812 1233.504
49.86352 1233.524
49.879452 1233.331
49.89429 1233.23
49.909524 1233.094
49.924014 1233.091
49.939476 1232.953
49.954156999999995 1232.799
49.968404 1232.776
49.983295999999996 1232.587
49.999010999999996 1232.382
50.013273999999996 1232.238
50.028264 1232.433
50.043487 1232.687
50.058304 1232.639
50.076581 1232.579
50.096621999999996 1232.393
50.115967999999995 1232.324
50.135618 1232.077
50.185092 1231.136
50.209024 1230.475
50.272498999999996 1224.963
50.342431 1218.981
50.37499 1217.292
50.417296 1213.743
50.451561999999996 1211.45
50.49784 1208.018
50.514196 1207.626
50.542463 1207.156
50.57055 1207.335
50.61943 1208.468
50.644504 1208.622
50.704713 1209.048
50.761279 1209.432
50.783184999999996 1209.832
50.798874999999995 1210.186
50.816662 1210.537
50.832330999999996 1210.717
50.847504 1210.864
50.863152 1210.964
50.879456999999995 1211.071
50.894662 1211.186
50.909797 1211.296
50.926572 1211.309
50.943056 1211.288
50.959309 1211.339
50.976171 1211.306
50.992332 1211.343
51.008393 1211.322
51.025275 1211.37
51.042403 1211.131
51.058726 1210.953
51.075444999999995 1210.763
51.093657 1210.315
51.110251 1210.079
51.141349999999996 1209.594
51.161291 1209.492
51.178089 1209.482
51.195678 1209.429
51.212638 1209.333
51.228367 1209.284
51.245433999999996 1209.222
51.261717 1209.19
51.294536 1208.142
51.33333 1206.999
51.379718 1207.249
51.430453 1207.709
51.454262 1208.037
51.504597 1208.331
51.550019 1208.484
51.567414 1208.596
51.588902 1208.945
51.626112 1209.37
51.678354999999996 1209.889
51.724624 1210.344
51.745478999999996 1210.495
51.779744 1210.591
51.801628 1210.163
51.831132 1209.639
51.863979 1209.179
51.90475 1208.831
51.921431999999996 1208.526
51.937526 1208.509
51.954993 1208.441
51.973200999999996 1208.013
51.99038 1207.822
52.008728999999995 1207.558
52.029224 1207.34
52.046858 1207.132
52.088114 1205.27
52.128181 1204.786
52.160379 1205.172
52.215948999999995 1205.279
52.273917 1205.595
52.335415 1205.545
52.356026 1205.76
52.411024 1206.756
52.427835 1206.853
52.454248 1207.033
52.471909 1207.13
52.488113 1207.124
52.508154999999995 1207.319
52.525318 1207.285
52.541781 1207.234
52.562525 1207.155
52.595458 1207.674
52.623717 1208.04
52.647639999999996 1208.02
52.710051 1207.847
52.730214 1207.789
52.751051 1207.927
52.768899999999995 1207.891
52.793942 1207.913
52.816831 1207.958
52.84146 1207.904
52.863757 1208.085
52.881828 1208.301
52.899609999999996 1208.399
52.91605 1208.517
52.937335999999995 1208.719
52.954308999999995 1208.732
52.97068 1208.916
52.989793999999996 1209.083
53.006701 1209.1
53.02283 1209.093
53.041655999999996 1209.124
53.058299999999996 1209.22
53.075479 1209.315
53.095329 1209.253
53.113191 1209.306
53.130888999999996 1209.325
53.149449 1209.362
53.166703 1209.393
53.18335 1209.559
53.202275 1209.536
53.219015999999996 1209.499
53.235715 1209.519
53.253961 1209.522
53.270607 1209.535
53.287152999999996 1209.63
53.310764 1209.704
53.350822 1209.682
53.428115999999996 1210.452
53.512389999999996 1210.943
53.536431 1211.037
53.600221 1210.843
53.645747 1210.531
53.75859 1209.363
53.791198 1209.475
53.839903 1209.329
53.972145 1209.634
53.990863 1209.903
54.007764 1209.968
54.024163 1210.108
54.042136 1210.181
54.060289999999995 1210.247
54.076997999999996 1210.405
54.095379 1210.528
54.11324 1210.564
54.130593999999995 1210.606
54.148573999999996 1210.641
54.171254 1210.718
54.192333 1210.746
54.211797 1210.841
54.229811 1211.013
54.247240999999995 1211.007
54.264704 1211.028
54.280543 1211.078
54.296621 1211.212
54.313352 1211.315
54.328725 1211.31
54.344089 1211.384
54.360569999999996 1211.644
54.375963999999996 1211.791
54.391751 1211.86
54.407374 1211.882
54.423579 1211.883
54.439076 1212.021
54.45504 1212.167
54.471548999999996 1212.318
54.487089 1212.483
54.502393 1212.698
54.520407 1212.932
54.537017999999996 1212.998
54.552552999999996 1213.054
54.569032 1213.132
54.592914 1213.242
54.620239 1212.944
54.640460999999995 1213.054
54.658192 1213.004
54.677627 1213.035
54.703865 1213.145
54.7224 1213.053
54.74205 1213.207
54.759401 1213.226
54.788326 1214.08
54.845439 1215.686
54.940281 1216.382
55.001971 1216.171
55.063713 1216.149
55.081586 1216.102
55.098470999999996 1216.07
55.115626 1216.216
55.133803 1216.305
55.151244 1216.27
55.168023999999996 1216.405
55.192882 1216.533
55.219637999999996 1216.875
55.243736999999996 1217.239
55.261311 1217.391
55.28039 1217.486
55.304793 1217.634
55.32515 1217.708
55.344227 1217.745
55.361785 1217.826
55.38587 1218.141
55.453883999999995 1218.721
55.475961 1218.82
55.501135999999995 1218.846
55.525926999999996 1218.798
55.546408 1218.923
55.564534 1218.788
55.581191 1218.752
55.615069999999996 1218.369
55.632301 1218.272
55.649361 1218.301
55.667352 1218.317
55.683854 1218.344
55.701021 1218.388
55.764269 1217.203
55.796866 1216.922
55.82113 1216.691
55.877112 1215.913
55.934743 1215.574
55.97689 1215.152
56.031881 1214.224
56.068563999999995 1213.927
56.091035999999995 1213.844
56.106901 1213.7
56.121767 1213.522
56.138247 1213.336
56.152107 1213.268
56.16731 1212.995
56.180897 1212.901
56.194666999999995 1212.742
56.20952 1212.765
56.223701 1212.653
56.237142999999996 1212.636
56.251466 1212.471
56.266434 1212.415
56.280437 1212.361
56.293932999999996 1212.351
56.30767 1212.411
56.322646 1212.441
56.336877 1212.422
56.350892 1212.394
56.365314 1212.522
56.380205 1212.486
56.393842 1212.607
56.40757 1212.687
56.421819 1212.693
56.435832 1212.667
56.449582 1212.679
56.463708 1212.607
56.477830999999995 1212.417
56.491847 1212.376
56.505523 1212.524
56.519287999999996 1212.577
56.534034 1212.645
56.548708999999995 1212.543
56.56247 1212.744
56.57672 1212.824
56.591408 1212.841
56.605123999999996 1212.935
56.618617 1213.043
56.632739 1213.034
56.647275 1213.045
56.661784 1213.133
56.676456 1213.076
56.691443 1213.318
56.708290999999996 1213.317
