-9.976917441826221866e-01 6.790569629889052494e-02
-9.976926022386358728e-01 6.789308829548999780e-02
-9.976909837279084314e-01 6.791686821429900045e-02
-9.976958058724731959e-01 6.784599431415316850e-02
-9.976901578175439989e-01 6.792899965408093210e-02
-9.976876870151810683e-01 6.796527921150677387e-02
-9.976893473171665194e-01 6.794090262755225762e-02
-9.976876951030110297e-01 6.796516048713083236e-02
-9.976917680779724407e-01 6.790534522001372142e-02
-9.976852560890834276e-01 6.800095427609693932e-02
-9.976893390833225794e-01 6.794102353867613464e-02
-8.979068795717521922e-01 -4.401854559361529362e-01
-8.979329505327069416e-01 -4.401322714226115207e-01
-8.978801801723529374e-01 -4.402399141986821918e-01
-8.978643670393431364e-01 -4.402721640088544941e-01
-8.978009874674013346e-01 -4.404013929389404280e-01
-8.977482866256949467e-01 -4.405088124664808258e-01
-8.976955081306053907e-01 -4.406163577105760565e-01
-8.977006727316922952e-01 -4.406058353869897193e-01
-8.976742227649501249e-01 -4.406597210811791787e-01
-8.977007916141186428e-01 -4.406055931730606390e-01
-8.976531348975052005e-01 -4.407026768794141125e-01
-5.569494929700232744e-01 -8.305463637151354606e-01
-5.569990611104611578e-01 -8.305131220649465407e-01
-5.569998377896185904e-01 -8.305126011701077227e-01
-5.569594285877244033e-01 -8.305397009819792675e-01
-5.570289780225692322e-01 -8.304930569505877269e-01
-5.569692566219646146e-01 -8.305331102237744068e-01
-5.568998129779472173e-01 -8.305796760727578443e-01
-5.569198416120664241e-01 -8.305662466166023883e-01
-5.570189042063928841e-01 -8.304998135801773262e-01
-5.570093115796684868e-01 -8.305062473055478955e-01
-5.570093849900624727e-01 -8.305061980701843316e-01
-6.735719730716469011e-02 -9.977289250948494503e-01
-6.726184619174224721e-02 -9.977353577211135471e-01
-6.715400040783466029e-02 -9.977426222374308207e-01
-6.720161238763183720e-02 -9.977394165274330318e-01
-6.715375162326013558e-02 -9.977426389820780450e-01
-6.697408088987139019e-02 -9.977547155934454182e-01
-6.696243541706907443e-02 -9.977554972251543308e-01
-6.684327510150336882e-02 -9.977634872923064613e-01
-6.679524738660401473e-02 -9.977667036570033732e-01
-6.681959190693273487e-02 -9.977650736207350768e-01
-6.673513840430690680e-02 -9.977707258193928563e-01
4.406608728795797791e-01 -8.976736573571749700e-01
4.406075242077965304e-01 -8.976998438294817584e-01
4.406400471684492892e-01 -8.976838802336748468e-01
4.406184177502623922e-01 -8.976944969973110755e-01
4.406730920255148010e-01 -8.976676589722235589e-01
4.406299935259553879e-01 -8.976888151276679606e-01
4.407377698977907321e-01 -8.976359051338811401e-01
4.406311684398054873e-01 -8.976882384209853294e-01
4.406323891208361876e-01 -8.976876392474523181e-01
4.405898281145163020e-01 -8.977085291797226585e-01
4.405795500037126833e-01 -8.977135735403168892e-01
4.406012639672667874e-01 -8.977029164430997410e-01
4.405479179345866414e-01 -8.977290972244915679e-01
4.405913042063702711e-01 -8.977078047214080980e-01
8.298840791407056106e-01 -5.579358522167070511e-01
8.298640439128018853e-01 -5.579656518287584577e-01
8.299038303401111705e-01 -5.579064727952275371e-01
8.298904086639414812e-01 -5.579264374517454161e-01
8.298573819167973653e-01 -5.579755601083247196e-01
8.298707996696103040e-01 -5.579556038393390649e-01
8.298642285493829096e-01 -5.579653772181007998e-01
8.298774211822932401e-01 -5.579457552592604896e-01
8.298640082650106109e-01 -5.579657048478252612e-01
8.298506414763763273e-01 -5.579855847969971139e-01
8.298442635731874129e-01 -5.579950700630554872e-01
8.298442755903008283e-01 -5.579950521913334960e-01
