-6.167188580021529560e+02 -5.597045953005854813e+01 -2.000083883966774749e+02 1.897848326306192490e+00 -6.351958990643502556e-01 -1.935382818336344846e+00
-6.166913385101028098e+02 -5.595921024707317315e+01 -1.900492828159306384e+02 1.897900054888504773e+00 -6.352322747538301506e-01 -1.935358814240618397e+00
-6.166517079796111602e+02 -5.595314182187397023e+01 -1.800404272553174110e+02 1.897969909149379353e+00 -6.353450515342869975e-01 -1.935308532051137842e+00
-6.166569395038741277e+02 -5.598375224209981127e+01 -1.700079958435205754e+02 1.897889569783714592e+00 -6.352880073632511948e-01 -1.935345057497338983e+00
-6.166381163967419070e+02 -5.595062746619393579e+01 -1.599929001028742448e+02 1.897935561295750251e+00 -6.354413991073341039e-01 -1.935369531194700121e+00
-6.166832260791352383e+02 -5.593982692952648961e+01 -1.499379457924914050e+02 1.897796115902752323e+00 -6.354035074744153189e-01 -1.935608416524589037e+00
-6.166917542953178781e+02 -5.592393968173605145e+01 -1.399204561319057518e+02 1.897672962168078348e+00 -6.354347080727529296e-01 -1.935652041355671926e+00
-6.166714997146960968e+02 -5.590934613643244688e+01 -1.299521106549769911e+02 1.897771517739848868e+00 -6.355011633538102389e-01 -1.935642106298198550e+00
-6.166994634816567213e+02 -5.590581495767194298e+01 -1.199178200570329125e+02 1.897675554550937171e+00 -6.354425836262729277e-01 -1.935708682850837192e+00
-6.166388701451613770e+02 -5.589962094812055682e+01 -1.099539353077130386e+02 1.897816333563863589e+00 -6.356347344097701413e-01 -1.935669154379403345e+00
-6.166823995815248054e+02 -5.588759396268776669e+01 -9.991377166735080095e+01 1.897552317821470158e+00 -6.355531046941735873e-01 -1.935838792034879186e+00
-6.689634205683668142e+02 4.984607580203265087e+01 -2.000395988887350711e+02 1.828610165724225745e+00 -1.133371816019937833e-01 -1.592469266192452215e+00
-6.689778418633256933e+02 4.988402516172166656e+01 -1.900405915521089923e+02 1.828626957698309408e+00 -1.134017916674289334e-01 -1.592549977243373549e+00
-6.689546241586464248e+02 4.987073673579186561e+01 -1.800564463862070852e+02 1.828566126649646684e+00 -1.132495710649022574e-01 -1.592578074872517124e+00
-6.689189803955897560e+02 4.985669563172552898e+01 -1.700474066928909167e+02 1.828605137856940788e+00 -1.132873217360315099e-01 -1.592510130776002564e+00
-6.688908144555020954e+02 4.987654957495304586e+01 -1.600934912392949059e+02 1.828603111715608742e+00 -1.132297657642392236e-01 -1.592372522628767273e+00
-6.688532992325654050e+02 4.984058288639194956e+01 -1.501392928766584305e+02 1.828582173034172476e+00 -1.131903409272346089e-01 -1.592269487412630857e+00
-6.688324385755091726e+02 4.982687170757915851e+01 -1.401443328166764388e+02 1.828583713039385161e+00 -1.131578848855999547e-01 -1.592147044558211544e+00
-6.688015425709289730e+02 4.989176408139825725e+01 -1.301214916004462623e+02 1.828542934251739416e+00 -1.131438986895120097e-01 -1.592255373974153398e+00
-6.688298489511217895e+02 4.991124959344750778e+01 -1.200719852487528385e+02 1.828494960264672953e+00 -1.130628218136613544e-01 -1.592309903215210598e+00
-6.687880666986076221e+02 4.992101567740176193e+01 -1.101250737657707646e+02 1.828548170416683494e+00 -1.132469920497757576e-01 -1.592255850391601113e+00
-6.688182170907210775e+02 4.989234410318818647e+01 -1.000756982402257051e+02 1.828448238168609352e+00 -1.130524084994644490e-01 -1.592366565103575882e+00
-7.670722435608770411e+02 1.152221900309275355e+02 -1.998491348765105613e+02 1.677769193086780852e+00 3.402197623998396425e-01 -1.217926467423682491e+00
-7.670489940111777969e+02 1.152742737108321762e+02 -1.898922859152303886e+02 1.677808850616920422e+00 3.400725118488661103e-01 -1.217908767092984457e+00
-7.669946710087609745e+02 1.152704886756046108e+02 -1.799477551188547579e+02 1.677831033606623112e+00 3.398895265266576038e-01 -1.217775265588996625e+00
-7.670409520718320664e+02 1.153673052341936085e+02 -1.698384200199259908e+02 1.677797964136915621e+00 3.401629657149621289e-01 -1.217983614649458923e+00
-7.669730121110189884e+02 1.153853161710063091e+02 -1.599067739986079459e+02 1.677845690390788569e+00 3.399635217624569217e-01 -1.217955605128716590e+00
-7.669387586771073302e+02 1.153799989584281889e+02 -1.498990151002211348e+02 1.677830169214466371e+00 3.399800436203810339e-01 -1.217895699668369192e+00
-7.669012917529877313e+02 1.153335319455427026e+02 -1.399393284431312452e+02 1.677811670208317452e+00 3.399955867048680691e-01 -1.217817263296211205e+00
-7.668927023858570919e+02 1.153715504296243211e+02 -1.299207231771026443e+02 1.677819584798788899e+00 3.399839352554412941e-01 -1.217875683028736722e+00
-7.668967060221592646e+02 1.154747803805936712e+02 -1.199562595383610386e+02 1.677870814321176018e+00 3.398458072798578034e-01 -1.217954741972853361e+00
-7.668062185729199882e+02 1.154783748154092535e+02 -1.100101190411641170e+02 1.677887917824673281e+00 3.396587266499516145e-01 -1.217798879193278783e+00
-7.667687090786142790e+02 1.154799050215708007e+02 -1.000503313944902999e+02 1.677904898427127867e+00 3.395339149931816958e-01 -1.217714638141394801e+00
-8.845240358131882203e+02 1.229755897967275757e+02 -1.986017480582209203e+02 1.466763667788812509e+00 7.283503921658976976e-01 -8.210868903856445300e-01
-8.845164954522571179e+02 1.229816917256916895e+02 -1.886008166853740136e+02 1.466730649981887069e+00 7.284773368776871205e-01 -8.210737792876736663e-01
-8.844819231697495070e+02 1.229524367755868042e+02 -1.786417761929317010e+02 1.466687048182362396e+00 7.284745764508171462e-01 -8.209521019893106786e-01
-8.844747601741737526e+02 1.229992918831093078e+02 -1.686380775272515393e+02 1.466721423397333579e+00 7.284415937832894317e-01 -8.210017637105703203e-01
-8.844881747456291805e+02 1.229769130164567059e+02 -1.586288245031582278e+02 1.466704613243324129e+00 7.284076697413307544e-01 -8.209336091088128562e-01
-8.844377327656960688e+02 1.229883278504541266e+02 -1.486800626292905747e+02 1.466635941353453321e+00 7.284256679621594621e-01 -8.207290521792196536e-01
-8.844404802802288259e+02 1.229708139205036161e+02 -1.386415619304540030e+02 1.466640829785966993e+00 7.284843630930213365e-01 -8.207715173111800322e-01
-8.844490921134819246e+02 1.229355695939056403e+02 -1.286578457742368755e+02 1.466576633509046212e+00 7.286715634240285011e-01 -8.207849679723300262e-01
-8.844527170674742820e+02 1.228255284708020980e+02 -1.186051425651405538e+02 1.466580238585778684e+00 7.286442968291735323e-01 -8.207059284639314223e-01
-8.844422770048172424e+02 1.228930061262764326e+02 -1.086530146397280987e+02 1.466604159650463091e+00 7.286259853928691577e-01 -8.207343786985173972e-01
-8.844126543186949903e+02 1.228265879141657706e+02 -9.870771847695938561e+01 1.466553021438290472e+00 7.285482953878691381e-01 -8.205974343050126407e-01
-9.900850829823705226e+02 7.020348450972647925e+01 -1.988665291226520822e+02 1.199321722096973630e+00 1.053963557861523404e+00 -4.124947590229687266e-01
-9.900809635969006877e+02 7.020596104024477313e+01 -1.888465418451050652e+02 1.199373669629774986e+00 1.053823785926370604e+00 -4.124747121721138998e-01
-9.900341838312953087e+02 7.024010026727361833e+01 -1.788843283133058151e+02 1.199347350530692857e+00 1.053796963633137240e+00 -4.124360347245901171e-01
-9.900556355038671654e+02 7.031632673811827772e+01 -1.688643314738877734e+02 1.199393555719618476e+00 1.053794569903378164e+00 -4.124517132148847187e-01
-9.900175942789591090e+02 7.026287058541956299e+01 -1.588446379051173949e+02 1.199342834662041168e+00 1.053737498697085329e+00 -4.123728465237341823e-01
-9.900274103797491989e+02 7.028156499388448708e+01 -1.488127550956484413e+02 1.199402346206340564e+00 1.053731445791703525e+00 -4.124129776676110914e-01
-9.900270899601981682e+02 7.023059760821946895e+01 -1.387694885247246930e+02 1.199356137535873223e+00 1.053723565044052624e+00 -4.122680574825235422e-01
-9.899918958176473325e+02 7.028090972798425184e+01 -1.287892682869207590e+02 1.199419923222804218e+00 1.053531292061675062e+00 -4.122963397672833041e-01
-9.899375444781913984e+02 7.026846560555377152e+01 -1.188121755092302010e+02 1.199375935006274263e+00 1.053388866959275472e+00 -4.122496227356765020e-01
-9.898992522122175615e+02 7.032218001449821543e+01 -1.089085365817774971e+02 1.199385006064645598e+00 1.053279573074755504e+00 -4.122595769957703160e-01
-9.898933645986207921e+02 7.033613153533899265e+01 -9.879594153613052754e+01 1.199396536612183706e+00 1.053201982237002898e+00 -4.122309758302806215e-01
-9.898794895109563186e+02 7.037529270495456046e+01 -8.875474553729571880e+01 1.199442379828951299e+00 1.053167227414654405e+00 -4.121469930059316611e-01
-9.898681401698880791e+02 7.038342170725771041e+01 -7.882789612084647501e+01 1.199440332195109260e+00 1.053085408885636509e+00 -4.122003194051141461e-01
-9.898392437877984094e+02 7.035429042187887205e+01 -6.882417803338195483e+01 1.199383031795861587e+00 1.053056246960588416e+00 -4.121597809041321891e-01
-1.055067010656885259e+03 -2.797323679035806521e+01 -1.992109988046753131e+02 8.842736201479426406e-01 1.315001872845148911e+00 1.641101617423999575e-03
-1.055068528088078665e+03 -2.796518736344022216e+01 -1.891994902988462854e+02 8.842710191169947942e-01 1.315041566008150919e+00 1.545936548162504896e-03
-1.055095323767331365e+03 -2.797162974238117883e+01 -1.791459185267998180e+02 8.843257771233701270e-01 1.315055461434998518e+00 1.680505260343160548e-03
-1.055121122851784548e+03 -2.795984190355763133e+01 -1.690298014861596698e+02 8.843631049146175593e-01 1.315080550992528519e+00 1.646223944327314306e-03
-1.055106765881976798e+03 -2.793138750823001004e+01 -1.590718214056686293e+02 8.844280230518617447e-01 1.314966617426543749e+00 1.656870116347959219e-03
-1.055102075637453481e+03 -2.792189600625432533e+01 -1.490625848944706888e+02 8.844225120135186247e-01 1.314938878231227459e+00 1.693280803249094541e-03
-1.055082298415540436e+03 -2.789092827242164674e+01 -1.390149583930560766e+02 8.844300630110770722e-01 1.314821795677018512e+00 1.734235175778293166e-03
-1.055101455802029477e+03 -2.787870328453284330e+01 -1.290417848187924506e+02 8.844552179515002832e-01 1.314850563614926360e+00 1.765595372132099886e-03
-1.055099437388819979e+03 -2.792916735740950074e+01 -1.190138467453713531e+02 8.844784355209359683e-01 1.314879049321914017e+00 1.721408236539143750e-03
-1.055093645488064340e+03 -2.785796659819038013e+01 -1.090730996205979153e+02 8.844984489779627035e-01 1.314895492226017870e+00 1.682176264255059745e-03
-1.055074687651057047e+03 -2.787019976346683947e+01 -9.905779714875873765e+01 8.845072622921373862e-01 1.314800389539154679e+00 1.715484862732133756e-03
-1.055093717836876522e+03 -2.786215307090480309e+01 -8.898860248036760368e+01 8.845111877538972545e-01 1.314799470112011592e+00 1.711775827918965171e-03
