4.696127951919451675e+02 -1.467981782222701668e+02 -1.000375540471529945e+02
4.380272810932612515e+02 -2.440116581306291437e+02 -1.000375540471529945e+02
5.231241833977539955e+02 -3.162445667008739179e+02 -9.911636071343465915e+01
4.205088289232085117e+02 -3.613945579340031031e+02 -9.911636071343465915e+01
5.851804341645104159e+02 -6.725205086279328270e+02 -1.016785695517720853e+02
4.834014330713696950e+02 -6.348234675892946370e+02 -1.016785695517720853e+02
6.195955923622118462e+02 -1.006387474139611186e+03 -1.076322654963159522e+02
5.743830221588494851e+02 -9.052814354722265762e+02 -1.076322654963159522e+02
6.195804603465627451e+02 -1.006402771504987868e+03 -9.763194501569634554e+01
5.744301624551904979e+02 -9.032906255284929102e+02 -9.763194501569634554e+01
5.238085293695662585e+02 -3.175305324982584239e+02 -7.736479312769367311e+01
4.512061480260978215e+02 -3.692751515681176784e+02 -7.736479312769367311e+01
4.701390347027314647e+02 -1.469092833584858226e+02 -7.557820782247378588e+01
4.675249659598936205e+02 -2.313060424327706528e+02 -7.557820782247378588e+01
4.701129884323997885e+02 -1.468951017933342769e+02 -6.557251163850995113e+01
4.467645680179222722e+02 -2.387700245189583939e+02 -6.557251163850995113e+01
5.247369929480493056e+02 -3.187366534769253121e+02 -6.051074607983868248e+01
4.372576047465648799e+02 -3.652820385580865832e+02 -6.051074607983868248e+01
5.860281222025959096e+02 -6.744087096448890861e+02 -7.557831431371454300e+01
4.907012627250570063e+02 -6.446814517212256987e+02 -7.557831431371454300e+01
6.222203398613044101e+02 -9.979880941593562511e+02 -1.194763372293061394e+02
5.750708704948125387e+02 -9.016809659050996970e+02 -1.194763372293061394e+02
