70.0 65.0 61.0 66.0 
59.0 57.0 57.0 60.0 
60.0 57.0 58.0 60.0 
57.0 59.0 58.0 60.0 
72.0 61.0 64.0 63.0 
56.0 59.0 58.0 59.0 
55.0 61.0 57.0 61.0 
58.0 61.0 57.0 61.0 
67.0 65.0 61.0 66.0 
62.0 54.0 60.0 55.0 
57.0 60.0 57.0 61.0 
59.0 57.0 59.0 58.0 
74.0 60.0 65.0 62.0 
60.0 55.0 61.0 55.0 
55.0 60.0 56.0 62.0 
58.0 59.0 59.0 56.0 
71.0 61.0 66.0 63.0 
57.0 56.0 60.0 58.0 
59.0 57.0 59.0 61.0 
61.0 56.0 61.0 56.0 
72.0 66.0 61.0 66.0 
61.0 55.0 59.0 58.0 
62.0 55.0 60.0 58.0 
56.0 61.0 56.0 62.0 
67.0 64.0 63.0 65.0 
61.0 56.0 58.0 58.0 
62.0 54.0 61.0 56.0 
58.0 59.0 59.0 58.0 
72.0 61.0 64.0 64.0 
60.0 55.0 60.0 56.0 
59.0 57.0 59.0 60.0 
63.0 55.0 61.0 57.0 
70.0 63.0 63.0 63.0 
55.0 61.0 56.0 59.0 
54.0 61.0 57.0 59.0 
60.0 61.0 62.0 56.0 
67.0 63.0 64.0 63.0 
57.0 61.0 55.0 61.0 
56.0 61.0 57.0 60.0 
63.0 56.0 62.0 56.0 
68.0 64.0 63.0 64.0 
58.0 59.0 55.0 61.0 
56.0 59.0 59.0 60.0 
61.0 59.0 59.0 59.0 
73.0 62.0 64.0 63.0 
56.0 59.0 57.0 60.0 
56.0 60.0 57.0 61.0 
57.0 61.0 58.0 62.0 
74.0 60.0 65.0 61.0 
55.0 60.0 55.0 58.0 
62.0 54.0 61.0 57.0 
58.0 59.0 58.0 59.0 
67.0 65.0 62.0 66.0 
61.0 56.0 57.0 62.0 
56.0 60.0 57.0 60.0 
56.0 62.0 56.0 61.0 
71.0 65.0 62.0 67.0 
59.0 57.0 59.0 59.0 
56.0 61.0 57.0 60.0 
56.0 61.0 59.0 59.0 
74.0 59.0 66.0 61.0 
58.0 58.0 57.0 59.0 
62.0 55.0 61.0 58.0 
56.0 62.0 57.0 60.0 
71.0 64.0 64.0 63.0 
55.0 59.0 57.0 61.0 
59.0 56.0 61.0 57.0 
58.0 58.0 58.0 60.0 
68.0 64.0 63.0 67.0 
58.0 57.0 57.0 59.0 
54.0 61.0 57.0 62.0 
61.0 56.0 61.0 58.0 
70.0 66.0 63.0 62.0 
54.0 59.0 60.0 55.0 
56.0 61.0 57.0 58.0 
56.0 62.0 57.0 59.0 
66.0 65.0 63.0 65.0 
59.0 58.0 56.0 61.0 
55.0 61.0 56.0 60.0 
63.0 57.0 61.0 58.0 
73.0 62.0 63.0 64.0 
57.0 58.0 61.0 56.0 
59.0 56.0 61.0 56.0 
56.0 63.0 57.0 61.0 
70.0 62.0 63.0 62.0 
55.0 59.0 57.0 59.0 
61.0 56.0 60.0 60.0 
64.0 55.0 61.0 59.0 
70.0 63.0 63.0 64.0 
62.0 57.0 58.0 58.0 
58.0 56.0 61.0 58.0 
61.0 59.0 57.0 61.0 
67.0 64.0 63.0 64.0 
59.0 58.0 59.0 55.0 
55.0 60.0 57.0 61.0 
62.0 56.0 60.0 57.0 
71.0 62.0 62.0 67.0 
61.0 55.0 60.0 56.0 
59.0 57.0 61.0 57.0 
57.0 61.0 57.0 62.0 
74.0 59.0 66.0 61.0 
55.0 61.0 57.0 59.0 
58.0 59.0 57.0 60.0 
58.0 61.0 57.0 61.0 
70.0 62.0 64.0 62.0 
57.0 58.0 58.0 57.0 
60.0 57.0 60.0 57.0 
58.0 59.0 58.0 61.0 
70.0 63.0 64.0 62.0 
55.0 60.0 58.0 55.0 
61.0 55.0 59.0 60.0 
59.0 57.0 61.0 56.0 
72.0 66.0 63.0 65.0 
60.0 58.0 56.0 62.0 
57.0 60.0 57.0 62.0 
62.0 56.0 62.0 56.0 
67.0 65.0 61.0 65.0 
61.0 55.0 62.0 56.0 
59.0 57.0 61.0 57.0 
56.0 62.0 57.0 62.0 
75.0 59.0 66.0 61.0 
56.0 60.0 56.0 61.0 
57.0 60.0 58.0 61.0 
59.0 58.0 59.0 55.0 
68.0 65.0 63.0 63.0 
56.0 57.0 57.0 60.0 
61.0 58.0 60.0 58.0 
60.0 59.0 57.0 63.0 
69.0 61.0 65.0 62.0 
59.0 55.0 61.0 57.0 
60.0 57.0 60.0 62.0 
61.0 56.0 63.0 57.0 
72.0 61.0 63.0 64.0 
57.0 58.0 57.0 58.0 
57.0 58.0 62.0 56.0 
56.0 63.0 57.0 61.0 
67.0 64.0 62.0 64.0 
61.0 56.0 59.0 56.0 
58.0 59.0 58.0 59.0 
57.0 60.0 57.0 62.0 
70.0 62.0 63.0 65.0 
62.0 55.0 61.0 55.0 
56.0 61.0 57.0 62.0 
57.0 60.0 58.0 60.0 
66.0 65.0 62.0 67.0 
58.0 57.0 60.0 55.0 
59.0 56.0 60.0 59.0 
61.0 58.0 59.0 63.0 
70.0 61.0 66.0 62.0 
57.0 61.0 56.0 60.0 
54.0 61.0 56.0 56.0 
59.0 60.0 58.0 61.0 
67.0 66.0 62.0 67.0 
56.0 60.0 56.0 61.0 
58.0 58.0 59.0 58.0 
58.0 57.0 61.0 58.0 
70.0 63.0 64.0 65.0 
62.0 55.0 60.0 57.0 
55.0 62.0 57.0 59.0 
56.0 61.0 56.0 61.0 
68.0 65.0 63.0 67.0 
58.0 59.0 60.0 56.0 
58.0 58.0 59.0 59.0 
57.0 60.0 58.0 60.0 
70.0 62.0 66.0 63.0 
57.0 58.0 61.0 57.0 
58.0 61.0 58.0 59.0 
58.0 62.0 60.0 60.0 
75.0 63.0 63.0 67.0 
61.0 55.0 60.0 57.0 
57.0 62.0 55.0 63.0 
59.0 58.0 59.0 59.0 
71.0 63.0 64.0 65.0 
58.0 57.0 61.0 55.0 
61.0 55.0 62.0 57.0 
55.0 61.0 58.0 60.0 
70.0 63.0 64.0 63.0 
55.0 59.0 58.0 58.0 
61.0 58.0 59.0 59.0 
61.0 59.0 59.0 60.0 
71.0 62.0 63.0 65.0 
58.0 57.0 60.0 56.0 
59.0 55.0 61.0 59.0 
59.0 56.0 61.0 61.0 
73.0 62.0 63.0 68.0 
56.0 60.0 60.0 57.0 
56.0 62.0 57.0 61.0 
56.0 62.0 58.0 61.0 
73.0 62.0 63.0 67.0 
61.0 56.0 60.0 57.0 
61.0 55.0 62.0 57.0 
56.0 62.0 57.0 61.0 
68.0 64.0 64.0 62.0 
59.0 59.0 57.0 61.0 
60.0 59.0 60.0 60.0 
57.0 60.0 58.0 61.0 
73.0 62.0 65.0 62.0 
57.0 59.0 57.0 59.0 
62.0 57.0 64.0 61.0 
61.0 58.0 61.0 58.0 
69.0 63.0 63.0 64.0 
58.0 60.0 56.0 60.0 
62.0 62.0 61.0 65.0 
62.0 56.0 60.0 59.0 
67.0 60.0 65.0 63.0 
56.0 58.0 59.0 56.0 
61.0 61.0 62.0 62.0 
59.0 60.0 59.0 61.0 
74.0 60.0 68.0 62.0 
57.0 59.0 57.0 60.0 
62.0 62.0 62.0 65.0 
58.0 61.0 59.0 61.0 
71.0 60.0 67.0 62.0 
55.0 61.0 56.0 62.0 
62.0 61.0 63.0 64.0 
57.0 61.0 58.0 60.0 
74.0 65.0 64.0 66.0 
58.0 57.0 58.0 57.0 
58.0 65.0 60.0 67.0 
62.0 56.0 61.0 58.0 
74.0 60.0 66.0 64.0 
62.0 54.0 60.0 58.0 
62.0 62.0 61.0 68.0 
61.0 56.0 63.0 57.0 
68.0 65.0 63.0 63.0 
59.0 57.0 59.0 59.0 
63.0 61.0 64.0 64.0 
57.0 61.0 58.0 59.0 
74.0 60.0 65.0 61.0 
55.0 60.0 55.0 57.0 
63.0 61.0 63.0 64.0 
56.0 62.0 58.0 60.0 
69.0 64.0 61.0 66.0 
58.0 58.0 58.0 58.0 
65.0 60.0 65.0 62.0 
61.0 59.0 59.0 59.0 
73.0 62.0 65.0 62.0 
55.0 60.0 57.0 59.0 
59.0 64.0 63.0 61.0 
56.0 60.0 62.0 57.0 
68.0 63.0 62.0 63.0 
58.0 58.0 57.0 60.0 
63.0 61.0 64.0 65.0 
56.0 61.0 59.0 59.0 
67.0 65.0 61.0 66.0 
60.0 55.0 61.0 55.0 
61.0 62.0 65.0 62.0 
55.0 61.0 59.0 60.0 
76.0 61.0 64.0 63.0 
61.0 56.0 61.0 56.0 
59.0 64.0 62.0 65.0 
57.0 60.0 57.0 62.0 
74.0 62.0 65.0 62.0 
60.0 55.0 60.0 56.0 
59.0 63.0 62.0 66.0 
62.0 57.0 62.0 56.0 
69.0 62.0 62.0 61.0 
56.0 59.0 58.0 56.0 
63.0 58.0 63.0 63.0 
61.0 56.0 62.0 58.0 
71.0 64.0 60.0 66.0 
60.0 55.0 61.0 61.0 
62.0 62.0 62.0 64.0 
60.0 57.0 61.0 57.0 
70.0 61.0 63.0 62.0 
60.0 57.0 59.0 58.0 
64.0 61.0 62.0 65.0 
57.0 61.0 58.0 61.0 
73.0 64.0 60.0 65.0 
59.0 58.0 59.0 59.0 
61.0 62.0 62.0 64.0 
57.0 59.0 59.0 58.0 
66.0 63.0 59.0 63.0 
58.0 57.0 60.0 58.0 
58.0 65.0 62.0 67.0 
61.0 59.0 58.0 61.0 
69.0 63.0 68.0 65.0 
57.0 58.0 60.0 56.0 
64.0 59.0 64.0 65.0 
57.0 59.0 60.0 57.0 
72.0 63.0 66.0 64.0 
55.0 59.0 60.0 58.0 
61.0 65.0 60.0 68.0 
62.0 57.0 61.0 58.0 
75.0 60.0 66.0 64.0 
57.0 59.0 59.0 59.0 
60.0 63.0 61.0 65.0 
60.0 58.0 60.0 58.0 
71.0 64.0 64.0 67.0 
61.0 56.0 59.0 59.0 
59.0 63.0 62.0 64.0 
56.0 61.0 57.0 60.0 
73.0 61.0 69.0 63.0 
58.0 61.0 57.0 56.0 
58.0 63.0 63.0 62.0 
55.0 59.0 60.0 57.0 
74.0 64.0 64.0 69.0 
60.0 57.0 59.0 60.0 
60.0 63.0 61.0 64.0 
61.0 59.0 59.0 60.0 
75.0 63.0 65.0 65.0 
57.0 59.0 58.0 59.0 
58.0 64.0 60.0 65.0 
62.0 58.0 61.0 58.0 
71.0 62.0 68.0 64.0 
56.0 61.0 56.0 62.0 
62.0 61.0 62.0 63.0 
57.0 62.0 58.0 62.0 
69.0 63.0 68.0 67.0 
56.0 61.0 57.0 60.0 
64.0 61.0 64.0 62.0 
59.0 61.0 58.0 62.0 
69.0 61.0 67.0 67.0 
58.0 58.0 56.0 62.0 
64.0 61.0 63.0 65.0 
58.0 58.0 60.0 58.0 
84.0 63.0 66.0 67.0 
57.0 59.0 59.0 59.0 
59.0 63.0 61.0 65.0 
61.0 58.0 62.0 59.0 
84.0 57.0 67.0 70.0 
56.0 59.0 58.0 61.0 
60.0 60.0 62.0 67.0 
62.0 57.0 61.0 57.0 
78.0 59.0 66.0 73.0 
57.0 59.0 57.0 57.0 
64.0 58.0 61.0 65.0 
57.0 61.0 58.0 60.0 
77.0 58.0 68.0 67.0 
60.0 58.0 59.0 59.0 
62.0 61.0 60.0 69.0 
61.0 58.0 59.0 61.0 
70.0 61.0 67.0 67.0 
59.0 59.0 61.0 57.0 
62.0 61.0 64.0 62.0 
59.0 59.0 60.0 59.0 
65.0 64.0 67.0 67.0 
61.0 57.0 60.0 57.0 
61.0 61.0 62.0 63.0 
59.0 62.0 57.0 62.0 
65.0 65.0 65.0 70.0 
59.0 57.0 59.0 58.0 
59.0 64.0 60.0 67.0 
60.0 59.0 60.0 61.0 
67.0 65.0 65.0 68.0 
57.0 58.0 58.0 58.0 
58.0 65.0 59.0 67.0 
58.0 59.0 60.0 60.0 
73.0 60.0 66.0 78.0 
61.0 56.0 60.0 58.0 
62.0 61.0 60.0 66.0 
59.0 61.0 58.0 60.0 
76.0 56.0 68.0 76.0 
57.0 58.0 59.0 59.0 
60.0 60.0 60.0 66.0 
60.0 61.0 56.0 61.0 
83.0 57.0 71.0 76.0 
59.0 59.0 56.0 55.0 
57.0 60.0 59.0 62.0 
62.0 60.0 59.0 62.0 
82.0 59.0 71.0 80.0 
60.0 57.0 60.0 56.0 
61.0 57.0 61.0 57.0 
60.0 58.0 61.0 57.0 
82.0 59.0 69.0 84.0 
60.0 57.0 58.0 59.0 
55.0 60.0 57.0 62.0 
63.0 57.0 62.0 58.0 
80.0 59.0 69.0 82.0 
58.0 58.0 61.0 55.0 
60.0 58.0 59.0 61.0 
63.0 58.0 61.0 60.0 
75.0 60.0 65.0 87.0 
60.0 56.0 59.0 57.0 
61.0 57.0 59.0 59.0 
59.0 59.0 59.0 59.0 
71.0 61.0 65.0 85.0 
56.0 59.0 57.0 58.0 
60.0 59.0 59.0 59.0 
60.0 59.0 60.0 61.0 
75.0 58.0 63.0 85.0 
60.0 57.0 60.0 56.0 
58.0 61.0 58.0 61.0 
59.0 59.0 59.0 61.0 
75.0 58.0 63.0 86.0 
56.0 60.0 57.0 61.0 
58.0 60.0 57.0 60.0 
61.0 61.0 59.0 60.0 
76.0 62.0 58.0 90.0 
60.0 58.0 59.0 58.0 
60.0 59.0 59.0 60.0 
60.0 59.0 60.0 58.0 
83.0 57.0 61.0 88.0 
56.0 60.0 57.0 61.0 
56.0 60.0 57.0 61.0 
61.0 57.0 62.0 57.0 
87.0 59.0 60.0 88.0 
57.0 60.0 58.0 60.0 
58.0 59.0 60.0 58.0 
57.0 61.0 59.0 58.0 
83.0 59.0 60.0 87.0 
62.0 59.0 58.0 64.0 
60.0 57.0 62.0 57.0 
61.0 58.0 62.0 56.0 
84.0 57.0 62.0 83.0 
60.0 60.0 57.0 63.0 
58.0 56.0 61.0 58.0 
59.0 58.0 61.0 56.0 
74.0 58.0 62.0 84.0 
63.0 61.0 58.0 65.0 
59.0 60.0 57.0 61.0 
62.0 58.0 60.0 58.0 
78.0 58.0 60.0 85.0 
62.0 59.0 59.0 65.0 
56.0 60.0 58.0 61.0 
62.0 57.0 61.0 56.0 
79.0 57.0 61.0 82.0 
61.0 60.0 57.0 66.0 
60.0 58.0 62.0 58.0 
57.0 61.0 57.0 61.0 
77.0 59.0 60.0 85.0 
65.0 57.0 60.0 62.0 
56.0 61.0 57.0 61.0 
61.0 57.0 61.0 57.0 
75.0 59.0 62.0 85.0 
61.0 56.0 59.0 64.0 
57.0 58.0 60.0 59.0 
58.0 57.0 61.0 57.0 
80.0 57.0 62.0 85.0 
59.0 60.0 57.0 65.0 
57.0 59.0 58.0 61.0 
59.0 59.0 58.0 59.0 
84.0 59.0 60.0 87.0 
65.0 57.0 59.0 62.0 
58.0 58.0 60.0 59.0 
62.0 57.0 62.0 57.0 
82.0 58.0 61.0 86.0 
63.0 59.0 58.0 64.0 
61.0 56.0 61.0 58.0 
61.0 58.0 61.0 56.0 
81.0 60.0 58.0 89.0 
64.0 59.0 58.0 66.0 
59.0 57.0 61.0 59.0 
59.0 58.0 61.0 60.0 
81.0 61.0 60.0 86.0 
65.0 58.0 57.0 67.0 
54.0 61.0 57.0 62.0 
61.0 57.0 62.0 55.0 
79.0 60.0 65.0 90.0 
66.0 57.0 62.0 61.0 
57.0 60.0 60.0 56.0 
56.0 61.0 59.0 58.0 
80.0 61.0 72.0 89.0 
63.0 59.0 59.0 62.0 
57.0 61.0 57.0 60.0 
56.0 60.0 58.0 60.0 
79.0 58.0 88.0 83.0 
64.0 58.0 60.0 64.0 
59.0 59.0 59.0 61.0 
58.0 60.0 58.0 59.0 
82.0 58.0 93.0 85.0 
67.0 59.0 60.0 67.0 
58.0 61.0 58.0 61.0 
59.0 61.0 56.0 61.0 
79.0 62.0 93.0 83.0 
68.0 58.0 63.0 63.0 
60.0 57.0 60.0 58.0 
55.0 61.0 58.0 59.0 
79.0 59.0 96.0 81.0 
71.0 57.0 64.0 67.0 
62.0 58.0 59.0 60.0 
57.0 60.0 58.0 59.0 
83.0 59.0 103.0 78.0 
66.0 59.0 64.0 69.0 
60.0 58.0 59.0 59.0 
62.0 58.0 58.0 58.0 
83.0 61.0 101.0 84.0 
66.0 58.0 65.0 67.0 
59.0 59.0 59.0 60.0 
55.0 61.0 58.0 58.0 
86.0 59.0 103.0 83.0 
70.0 57.0 66.0 66.0 
64.0 59.0 58.0 65.0 
59.0 57.0 60.0 56.0 
83.0 59.0 109.0 84.0 
65.0 57.0 67.0 69.0 
62.0 57.0 61.0 59.0 
58.0 61.0 55.0 62.0 
77.0 61.0 121.0 82.0 
67.0 58.0 67.0 66.0 
59.0 63.0 56.0 64.0 
59.0 59.0 57.0 59.0 
86.0 59.0 138.0 85.0 
67.0 55.0 63.0 63.0 
58.0 62.0 57.0 62.0 
56.0 62.0 54.0 62.0 
83.0 62.0 151.0 87.0 
66.0 57.0 61.0 64.0 
60.0 60.0 55.0 62.0 
60.0 60.0 55.0 61.0 
79.0 68.0 165.0 83.0 
57.0 62.0 60.0 61.0 
59.0 60.0 59.0 60.0 
59.0 60.0 53.0 61.0 
79.0 71.0 176.0 83.0 
65.0 57.0 63.0 58.0 
60.0 61.0 55.0 64.0 
60.0 58.0 56.0 57.0 
79.0 69.0 190.0 83.0 
57.0 63.0 57.0 65.0 
60.0 60.0 57.0 61.0 
56.0 61.0 53.0 60.0 
73.0 75.0 197.0 88.0 
60.0 61.0 57.0 63.0 
61.0 61.0 57.0 60.0 
56.0 61.0 53.0 60.0 
67.0 74.0 221.0 84.0 
56.0 63.0 58.0 63.0 
66.0 56.0 58.0 61.0 
58.0 59.0 55.0 56.0 
68.0 74.0 232.0 86.0 
62.0 60.0 56.0 62.0 
57.0 63.0 55.0 62.0 
62.0 57.0 55.0 58.0 
75.0 70.0 267.0 87.0 
58.0 59.0 53.0 59.0 
64.0 57.0 58.0 59.0 
59.0 59.0 52.0 58.0 
74.0 70.0 292.0 90.0 
55.0 62.0 52.0 60.0 
64.0 58.0 58.0 57.0 
60.0 58.0 53.0 58.0 
71.0 73.0 316.0 93.0 
56.0 60.0 51.0 60.0 
57.0 61.0 55.0 60.0 
56.0 59.0 51.0 56.0 
72.0 71.0 330.0 94.0 
61.0 58.0 48.0 60.0 
63.0 59.0 55.0 61.0 
58.0 59.0 50.0 59.0 
72.0 73.0 355.0 97.0 
59.0 59.0 51.0 59.0 
64.0 58.0 57.0 59.0 
56.0 62.0 48.0 60.0 
70.0 79.0 383.0 106.0 
62.0 57.0 54.0 56.0 
55.0 59.0 49.0 61.0 
61.0 59.0 50.0 59.0 
77.0 77.0 438.0 112.0 
62.0 54.0 52.0 57.0 
55.0 63.0 47.0 61.0 
57.0 61.0 47.0 60.0 
77.0 81.0 454.0 120.0 
63.0 56.0 50.0 59.0 
58.0 57.0 52.0 57.0 
56.0 60.0 47.0 56.0 
68.0 80.0 429.0 117.0 
62.0 56.0 53.0 55.0 
58.0 60.0 51.0 57.0 
56.0 63.0 46.0 62.0 
74.0 81.0 473.0 129.0 
58.0 58.0 50.0 55.0 
61.0 60.0 56.0 58.0 
56.0 61.0 45.0 61.0 
77.0 81.0 480.0 137.0 
56.0 61.0 45.0 59.0 
65.0 57.0 58.0 58.0 
60.0 58.0 49.0 56.0 
74.0 86.0 489.0 147.0 
59.0 58.0 49.0 58.0 
59.0 62.0 55.0 61.0 
59.0 61.0 46.0 60.0 
70.0 83.0 445.0 141.0 
56.0 60.0 49.0 57.0 
60.0 62.0 56.0 60.0 
58.0 61.0 45.0 60.0 
74.0 92.0 499.0 180.0 
63.0 56.0 51.0 57.0 
64.0 60.0 56.0 59.0 
57.0 60.0 47.0 57.0 
75.0 87.0 464.0 185.0 
60.0 56.0 52.0 60.0 
62.0 58.0 58.0 58.0 
57.0 62.0 45.0 59.0 
74.0 93.0 449.0 209.0 
58.0 60.0 49.0 59.0 
60.0 61.0 56.0 57.0 
60.0 57.0 49.0 52.0 
74.0 91.0 424.0 225.0 
55.0 62.0 50.0 58.0 
60.0 63.0 53.0 61.0 
61.0 59.0 47.0 57.0 
76.0 96.0 435.0 259.0 
56.0 58.0 52.0 52.0 
61.0 58.0 59.0 56.0 
56.0 62.0 47.0 57.0 
80.0 99.0 389.0 287.0 
56.0 61.0 49.0 57.0 
61.0 59.0 58.0 57.0 
57.0 60.0 49.0 55.0 
80.0 100.0 361.0 297.0 
61.0 56.0 55.0 52.0 
59.0 64.0 55.0 61.0 
58.0 59.0 52.0 55.0 
80.0 107.0 329.0 345.0 
61.0 56.0 57.0 51.0 
58.0 63.0 58.0 58.0 
56.0 61.0 52.0 54.0 
80.0 124.0 302.0 434.0 
58.0 60.0 53.0 51.0 
61.0 58.0 59.0 57.0 
62.0 56.0 52.0 51.0 
87.0 121.0 262.0 452.0 
59.0 54.0 57.0 53.0 
64.0 58.0 62.0 56.0 
58.0 57.0 57.0 46.0 
85.0 127.0 241.0 460.0 
61.0 56.0 57.0 50.0 
58.0 64.0 60.0 58.0 
62.0 55.0 57.0 46.0 
85.0 133.0 215.0 473.0 
60.0 57.0 56.0 50.0 
63.0 58.0 63.0 55.0 
60.0 57.0 57.0 48.0 
88.0 138.0 201.0 481.0 
59.0 57.0 56.0 50.0 
60.0 60.0 61.0 56.0 
58.0 57.0 58.0 46.0 
88.0 140.0 177.0 454.0 
58.0 59.0 53.0 52.0 
58.0 63.0 62.0 56.0 
60.0 58.0 57.0 50.0 
85.0 138.0 172.0 445.0 
61.0 54.0 58.0 50.0 
58.0 61.0 62.0 59.0 
63.0 55.0 59.0 48.0 
94.0 156.0 161.0 429.0 
56.0 59.0 54.0 53.0 
61.0 59.0 64.0 54.0 
56.0 59.0 57.0 50.0 
91.0 180.0 158.0 446.0 
61.0 54.0 58.0 49.0 
64.0 57.0 64.0 56.0 
57.0 58.0 56.0 50.0 
96.0 194.0 156.0 460.0 
61.0 54.0 57.0 49.0 
61.0 61.0 60.0 55.0 
59.0 58.0 55.0 50.0 
102.0 216.0 156.0 487.0 
59.0 54.0 57.0 49.0 
57.0 62.0 59.0 58.0 
61.0 54.0 59.0 50.0 
108.0 232.0 149.0 459.0 
57.0 56.0 56.0 49.0 
60.0 58.0 62.0 53.0 
56.0 59.0 56.0 50.0 
112.0 290.0 124.0 447.0 
59.0 52.0 58.0 49.0 
57.0 59.0 59.0 58.0 
57.0 54.0 59.0 50.0 
120.0 325.0 122.0 424.0 
60.0 53.0 58.0 52.0 
57.0 61.0 60.0 58.0 
56.0 60.0 59.0 48.0 
136.0 420.0 116.0 389.0 
56.0 59.0 59.0 48.0 
56.0 60.0 62.0 56.0 
56.0 62.0 57.0 53.0 
140.0 472.0 118.0 371.0 
56.0 52.0 56.0 56.0 
58.0 53.0 62.0 59.0 
59.0 47.0 60.0 51.0 
145.0 510.0 109.0 330.0 
59.0 49.0 59.0 53.0 
63.0 51.0 64.0 57.0 
56.0 49.0 59.0 53.0 
160.0 563.0 109.0 318.0 
57.0 48.0 59.0 56.0 
60.0 53.0 62.0 61.0 
57.0 49.0 58.0 56.0 
161.0 586.0 99.0 300.0 
59.0 47.0 60.0 51.0 
59.0 52.0 63.0 58.0 
55.0 49.0 59.0 53.0 
182.0 590.0 96.0 275.0 
54.0 48.0 62.0 55.0 
59.0 49.0 60.0 59.0 
59.0 46.0 60.0 56.0 
185.0 611.0 96.0 266.0 
61.0 48.0 63.0 58.0 
61.0 47.0 62.0 54.0 
56.0 47.0 58.0 56.0 
245.0 536.0 94.0 239.0 
59.0 53.0 62.0 61.0 
57.0 50.0 60.0 58.0 
53.0 49.0 58.0 58.0 
259.0 627.0 91.0 241.0 
58.0 51.0 63.0 60.0 
58.0 48.0 61.0 57.0 
58.0 45.0 60.0 56.0 
264.0 579.0 92.0 216.0 
58.0 55.0 60.0 64.0 
52.0 51.0 59.0 55.0 
54.0 58.0 61.0 53.0 
258.0 615.0 90.0 215.0 
56.0 56.0 61.0 63.0 
53.0 49.0 59.0 55.0 
54.0 47.0 58.0 60.0 
259.0 638.0 93.0 218.0 
56.0 55.0 59.0 61.0 
56.0 48.0 58.0 59.0 
55.0 45.0 61.0 54.0 
276.0 659.0 93.0 217.0 
59.0 53.0 62.0 61.0 
57.0 49.0 60.0 56.0 
54.0 46.0 59.0 56.0 
314.0 669.0 86.0 216.0 
56.0 58.0 59.0 65.0 
57.0 46.0 61.0 55.0 
50.0 48.0 58.0 58.0 
360.0 640.0 86.0 204.0 
58.0 58.0 61.0 62.0 
56.0 48.0 59.0 60.0 
54.0 45.0 60.0 57.0 
377.0 581.0 90.0 189.0 
58.0 59.0 60.0 64.0 
51.0 50.0 59.0 58.0 
52.0 47.0 60.0 57.0 
417.0 636.0 86.0 200.0 
57.0 58.0 60.0 64.0 
55.0 49.0 60.0 56.0 
49.0 50.0 58.0 60.0 
452.0 619.0 86.0 195.0 
63.0 55.0 61.0 64.0 
50.0 50.0 59.0 58.0 
50.0 47.0 60.0 56.0 
480.0 595.0 90.0 189.0 
57.0 61.0 59.0 63.0 
50.0 50.0 61.0 55.0 
48.0 49.0 59.0 54.0 
495.0 546.0 89.0 183.0 
61.0 59.0 60.0 62.0 
52.0 51.0 59.0 60.0 
49.0 50.0 60.0 57.0 
487.0 499.0 94.0 169.0 
65.0 58.0 61.0 62.0 
52.0 54.0 58.0 61.0 
52.0 49.0 59.0 58.0 
500.0 465.0 110.0 160.0 
58.0 62.0 60.0 65.0 
50.0 53.0 60.0 58.0 
46.0 53.0 58.0 59.0 
483.0 349.0 112.0 139.0 
63.0 59.0 64.0 62.0 
49.0 55.0 58.0 60.0 
53.0 50.0 62.0 56.0 
497.0 313.0 114.0 131.0 
60.0 60.0 63.0 62.0 
53.0 53.0 58.0 59.0 
48.0 53.0 61.0 55.0 
497.0 296.0 118.0 128.0 
61.0 63.0 63.0 63.0 
50.0 54.0 56.0 62.0 
51.0 50.0 62.0 55.0 
517.0 289.0 121.0 129.0 
65.0 58.0 64.0 61.0 
51.0 51.0 61.0 56.0 
45.0 56.0 57.0 60.0 
519.0 263.0 131.0 122.0 
65.0 59.0 64.0 63.0 
45.0 58.0 56.0 62.0 
48.0 56.0 58.0 60.0 
530.0 257.0 145.0 121.0 
65.0 59.0 66.0 63.0 
47.0 56.0 57.0 59.0 
49.0 54.0 58.0 58.0 
546.0 224.0 157.0 114.0 
60.0 63.0 60.0 65.0 
51.0 55.0 60.0 58.0 
45.0 59.0 56.0 60.0 
546.0 186.0 168.0 103.0 
56.0 64.0 62.0 63.0 
45.0 59.0 55.0 60.0 
50.0 54.0 59.0 56.0 
541.0 171.0 176.0 105.0 
55.0 60.0 61.0 59.0 
47.0 57.0 58.0 59.0 
49.0 55.0 58.0 59.0 
526.0 169.0 185.0 106.0 
55.0 59.0 59.0 62.0 
49.0 56.0 57.0 58.0 
45.0 59.0 57.0 60.0 
451.0 152.0 199.0 97.0 
53.0 59.0 62.0 58.0 
46.0 58.0 56.0 57.0 
46.0 60.0 55.0 59.0 
412.0 146.0 214.0 100.0 
53.0 59.0 56.0 61.0 
48.0 58.0 56.0 58.0 
50.0 58.0 53.0 62.0 
374.0 137.0 225.0 102.0 
55.0 56.0 60.0 57.0 
52.0 57.0 56.0 59.0 
51.0 57.0 57.0 56.0 
353.0 125.0 247.0 96.0 
51.0 60.0 55.0 57.0 
52.0 59.0 54.0 59.0 
49.0 60.0 52.0 60.0 
320.0 118.0 267.0 100.0 
57.0 56.0 59.0 56.0 
55.0 56.0 57.0 58.0 
52.0 59.0 52.0 62.0 
306.0 117.0 290.0 100.0 
54.0 56.0 59.0 57.0 
55.0 55.0 56.0 57.0 
49.0 60.0 53.0 59.0 
289.0 113.0 302.0 101.0 
52.0 60.0 53.0 58.0 
52.0 58.0 53.0 56.0 
51.0 62.0 49.0 63.0 
248.0 110.0 314.0 106.0 
60.0 56.0 56.0 57.0 
58.0 55.0 55.0 57.0 
53.0 59.0 53.0 59.0 
247.0 105.0 316.0 104.0 
61.0 56.0 55.0 59.0 
56.0 56.0 54.0 58.0 
51.0 59.0 51.0 59.0 
225.0 105.0 329.0 109.0 
55.0 60.0 53.0 60.0 
54.0 61.0 50.0 61.0 
56.0 59.0 51.0 61.0 
209.0 101.0 340.0 112.0 
59.0 58.0 53.0 62.0 
54.0 59.0 50.0 63.0 
57.0 56.0 54.0 56.0 
208.0 102.0 369.0 116.0 
55.0 60.0 51.0 57.0 
55.0 59.0 52.0 60.0 
55.0 58.0 52.0 56.0 
208.0 103.0 416.0 131.0 
59.0 55.0 55.0 55.0 
59.0 56.0 52.0 56.0 
55.0 59.0 51.0 56.0 
206.0 103.0 442.0 139.0 
55.0 60.0 49.0 60.0 
58.0 57.0 51.0 57.0 
52.0 62.0 46.0 62.0 
210.0 108.0 466.0 173.0 
55.0 58.0 53.0 55.0 
59.0 57.0 49.0 60.0 
58.0 57.0 49.0 61.0 
209.0 111.0 488.0 197.0 
53.0 62.0 48.0 59.0 
58.0 57.0 50.0 59.0 
60.0 56.0 51.0 56.0 
186.0 112.0 478.0 201.0 
53.0 60.0 49.0 59.0 
56.0 59.0 50.0 56.0 
58.0 59.0 49.0 56.0 
182.0 116.0 495.0 232.0 
61.0 55.0 52.0 55.0 
55.0 58.0 50.0 55.0 
56.0 60.0 48.0 55.0 
116.0 111.0 486.0 244.0 
58.0 57.0 52.0 53.0 
58.0 59.0 49.0 57.0 
62.0 56.0 50.0 53.0 
112.0 112.0 476.0 263.0 
62.0 57.0 48.0 52.0 
58.0 56.0 51.0 57.0 
61.0 58.0 46.0 57.0 
107.0 114.0 466.0 276.0 
56.0 60.0 50.0 56.0 
61.0 57.0 50.0 55.0 
60.0 55.0 51.0 52.0 
110.0 122.0 469.0 305.0 
56.0 60.0 50.0 56.0 
55.0 60.0 49.0 57.0 
62.0 56.0 51.0 51.0 
108.0 121.0 455.0 317.0 
60.0 58.0 52.0 53.0 
59.0 58.0 50.0 58.0 
60.0 60.0 48.0 56.0 
109.0 126.0 428.0 327.0 
61.0 57.0 52.0 53.0 
61.0 56.0 52.0 54.0 
62.0 55.0 50.0 55.0 
109.0 129.0 400.0 346.0 
56.0 59.0 52.0 53.0 
54.0 60.0 52.0 52.0 
56.0 61.0 50.0 54.0 
109.0 139.0 358.0 365.0 
62.0 55.0 54.0 53.0 
62.0 54.0 56.0 51.0 
55.0 61.0 50.0 54.0 
107.0 142.0 346.0 393.0 
59.0 58.0 53.0 53.0 
62.0 55.0 57.0 51.0 
61.0 56.0 56.0 48.0 
106.0 142.0 315.0 390.0 
62.0 55.0 54.0 51.0 
56.0 59.0 53.0 53.0 
56.0 60.0 53.0 53.0 
103.0 145.0 290.0 395.0 
58.0 60.0 53.0 53.0 
62.0 58.0 52.0 52.0 
56.0 60.0 53.0 48.0 
109.0 169.0 279.0 435.0 
56.0 59.0 53.0 52.0 
57.0 58.0 54.0 52.0 
59.0 57.0 54.0 55.0 
110.0 182.0 259.0 471.0 
63.0 55.0 56.0 51.0 
59.0 58.0 53.0 54.0 
62.0 55.0 55.0 49.0 
110.0 193.0 237.0 472.0 
63.0 53.0 58.0 48.0 
57.0 57.0 56.0 51.0 
61.0 55.0 57.0 47.0 
114.0 211.0 213.0 468.0 
60.0 54.0 58.0 49.0 
55.0 59.0 53.0 53.0 
63.0 54.0 58.0 50.0 
119.0 213.0 193.0 441.0 
58.0 54.0 58.0 50.0 
60.0 54.0 57.0 53.0 
61.0 52.0 59.0 49.0 
123.0 228.0 177.0 409.0 
55.0 56.0 56.0 54.0 
56.0 58.0 56.0 54.0 
58.0 57.0 57.0 52.0 
119.0 243.0 177.0 415.0 
61.0 53.0 58.0 53.0 
61.0 53.0 59.0 50.0 
59.0 54.0 58.0 49.0 
135.0 266.0 181.0 432.0 
55.0 56.0 55.0 53.0 
56.0 58.0 55.0 54.0 
58.0 55.0 57.0 50.0 
138.0 283.0 193.0 443.0 
57.0 56.0 56.0 52.0 
54.0 57.0 56.0 51.0 
56.0 59.0 57.0 51.0 
143.0 360.0 188.0 418.0 
55.0 53.0 57.0 48.0 
58.0 50.0 61.0 50.0 
55.0 55.0 55.0 53.0 
152.0 367.0 182.0 394.0 
55.0 55.0 54.0 55.0 
60.0 51.0 58.0 51.0 
56.0 52.0 58.0 49.0 
155.0 380.0 176.0 383.0 
57.0 52.0 56.0 53.0 
61.0 49.0 60.0 52.0 
59.0 49.0 61.0 49.0 
196.0 398.0 167.0 355.0 
61.0 51.0 60.0 52.0 
55.0 54.0 57.0 56.0 
60.0 49.0 61.0 49.0 
189.0 450.0 161.0 325.0 
56.0 54.0 56.0 54.0 
60.0 49.0 58.0 57.0 
58.0 50.0 56.0 56.0 
179.0 488.0 152.0 320.0 
56.0 50.0 56.0 53.0 
58.0 50.0 59.0 54.0 
58.0 46.0 60.0 53.0 
199.0 525.0 153.0 322.0 
58.0 49.0 58.0 52.0 
58.0 50.0 58.0 56.0 
57.0 49.0 58.0 54.0 
231.0 535.0 146.0 314.0 
61.0 46.0 59.0 55.0 
54.0 52.0 56.0 57.0 
55.0 51.0 57.0 56.0 
255.0 536.0 142.0 291.0 
53.0 52.0 56.0 57.0 
58.0 47.0 60.0 54.0 
53.0 48.0 59.0 52.0 
249.0 535.0 118.0 268.0 
54.0 48.0 61.0 55.0 
57.0 52.0 57.0 58.0 
55.0 51.0 58.0 56.0 
304.0 561.0 120.0 280.0 
54.0 49.0 55.0 58.0 
57.0 45.0 61.0 54.0 
50.0 51.0 56.0 58.0 
316.0 557.0 117.0 271.0 
58.0 47.0 59.0 55.0 
57.0 48.0 60.0 56.0 
52.0 50.0 58.0 57.0 
320.0 583.0 120.0 265.0 
56.0 47.0 61.0 53.0 
52.0 52.0 58.0 58.0 
54.0 48.0 59.0 55.0 
327.0 584.0 116.0 239.0 
51.0 50.0 58.0 57.0 
57.0 47.0 60.0 60.0 
56.0 45.0 59.0 55.0 
341.0 588.0 113.0 237.0 
51.0 52.0 58.0 56.0 
56.0 48.0 59.0 57.0 
52.0 48.0 59.0 56.0 
351.0 590.0 110.0 234.0 
57.0 48.0 59.0 56.0 
57.0 47.0 61.0 57.0 
51.0 49.0 59.0 57.0 
366.0 558.0 112.0 222.0 
52.0 51.0 59.0 58.0 
52.0 50.0 59.0 58.0 
50.0 49.0 58.0 59.0 
373.0 537.0 112.0 209.0 
54.0 49.0 58.0 57.0 
56.0 47.0 63.0 55.0 
51.0 52.0 57.0 58.0 
378.0 530.0 108.0 207.0 
56.0 46.0 59.0 59.0 
56.0 47.0 60.0 60.0 
55.0 46.0 61.0 56.0 
391.0 532.0 105.0 199.0 
54.0 46.0 61.0 56.0 
53.0 50.0 59.0 61.0 
55.0 46.0 62.0 55.0 
403.0 522.0 103.0 196.0 
56.0 47.0 61.0 55.0 
50.0 51.0 59.0 58.0 
54.0 46.0 61.0 54.0 
417.0 518.0 104.0 188.0 
49.0 52.0 56.0 55.0 
51.0 50.0 59.0 56.0 
49.0 51.0 58.0 60.0 
429.0 502.0 100.0 182.0 
52.0 49.0 60.0 55.0 
53.0 51.0 58.0 60.0 
53.0 49.0 58.0 59.0 
427.0 443.0 97.0 168.0 
54.0 51.0 58.0 59.0 
50.0 51.0 57.0 61.0 
51.0 50.0 59.0 57.0 
436.0 428.0 99.0 162.0 
51.0 50.0 58.0 58.0 
55.0 49.0 61.0 57.0 
50.0 51.0 60.0 56.0 
487.0 425.0 98.0 161.0 
53.0 49.0 61.0 55.0 
51.0 52.0 59.0 60.0 
52.0 50.0 60.0 58.0 
454.0 370.0 95.0 145.0 
51.0 52.0 59.0 58.0 
54.0 50.0 61.0 57.0 
51.0 52.0 59.0 57.0 
498.0 383.0 97.0 149.0 
48.0 53.0 59.0 55.0 
53.0 50.0 59.0 60.0 
53.0 50.0 61.0 62.0 
493.0 365.0 93.0 143.0 
49.0 55.0 56.0 61.0 
51.0 52.0 59.0 63.0 
52.0 49.0 61.0 56.0 
513.0 359.0 91.0 150.0 
50.0 50.0 60.0 60.0 
52.0 50.0 61.0 58.0 
48.0 52.0 61.0 57.0 
533.0 357.0 91.0 145.0 
48.0 55.0 56.0 61.0 
45.0 55.0 59.0 59.0 
45.0 56.0 58.0 59.0 
501.0 326.0 89.0 134.0 
50.0 54.0 59.0 58.0 
52.0 52.0 60.0 59.0 
49.0 52.0 63.0 58.0 
501.0 328.0 87.0 136.0 
49.0 56.0 58.0 58.0 
48.0 52.0 60.0 57.0 
46.0 56.0 57.0 60.0 
504.0 321.0 89.0 133.0 
50.0 55.0 56.0 61.0 
47.0 56.0 57.0 62.0 
53.0 50.0 62.0 56.0 
502.0 292.0 90.0 126.0 
53.0 52.0 60.0 57.0 
47.0 56.0 59.0 60.0 
51.0 52.0 61.0 57.0 
481.0 256.0 83.0 115.0 
47.0 56.0 58.0 58.0 
52.0 53.0 60.0 59.0 
51.0 52.0 63.0 59.0 
454.0 234.0 82.0 108.0 
49.0 54.0 59.0 60.0 
49.0 59.0 58.0 61.0 
49.0 56.0 57.0 63.0 
447.0 228.0 83.0 109.0 
46.0 58.0 59.0 58.0 
49.0 55.0 62.0 56.0 
45.0 60.0 58.0 62.0 
438.0 207.0 81.0 103.0 
47.0 58.0 58.0 60.0 
48.0 59.0 59.0 62.0 
49.0 54.0 63.0 58.0 
418.0 169.0 80.0 97.0 
47.0 61.0 57.0 61.0 
51.0 55.0 60.0 57.0 
47.0 57.0 60.0 59.0 
421.0 166.0 78.0 95.0 
51.0 54.0 61.0 57.0 
47.0 59.0 60.0 59.0 
46.0 60.0 59.0 63.0 
398.0 162.0 75.0 98.0 
54.0 55.0 59.0 61.0 
47.0 59.0 62.0 57.0 
49.0 54.0 62.0 58.0 
376.0 144.0 79.0 94.0 
52.0 58.0 56.0 60.0 
54.0 56.0 60.0 60.0 
48.0 57.0 60.0 59.0 
358.0 134.0 75.0 91.0 
51.0 58.0 58.0 60.0 
48.0 60.0 57.0 62.0 
52.0 57.0 61.0 59.0 
353.0 133.0 78.0 87.0 
49.0 60.0 56.0 61.0 
55.0 56.0 60.0 59.0 
48.0 59.0 60.0 59.0 
343.0 130.0 78.0 87.0 
54.0 56.0 61.0 61.0 
51.0 57.0 60.0 59.0 
52.0 57.0 58.0 63.0 
315.0 125.0 73.0 84.0 
50.0 58.0 62.0 57.0 
48.0 58.0 61.0 59.0 
50.0 59.0 61.0 57.0 
298.0 115.0 76.0 84.0 
52.0 57.0 60.0 57.0 
53.0 57.0 62.0 56.0 
51.0 59.0 58.0 63.0 
302.0 115.0 74.0 82.0 
48.0 59.0 57.0 60.0 
51.0 58.0 59.0 61.0 
50.0 60.0 58.0 63.0 
287.0 114.0 73.0 82.0 
50.0 60.0 56.0 62.0 
55.0 55.0 63.0 57.0 
53.0 57.0 60.0 59.0 
274.0 114.0 71.0 85.0 
54.0 56.0 59.0 59.0 
53.0 54.0 61.0 59.0 
54.0 57.0 59.0 63.0 
278.0 110.0 74.0 83.0 
53.0 55.0 61.0 57.0 
56.0 55.0 62.0 59.0 
49.0 61.0 59.0 61.0 
267.0 112.0 70.0 84.0 
54.0 57.0 60.0 59.0 
50.0 59.0 58.0 61.0 
54.0 59.0 59.0 63.0 
265.0 111.0 71.0 84.0 
54.0 56.0 62.0 59.0 
51.0 60.0 58.0 63.0 
53.0 58.0 60.0 60.0 
260.0 111.0 73.0 82.0 
51.0 58.0 58.0 60.0 
54.0 58.0 63.0 57.0 
51.0 62.0 58.0 61.0 
248.0 103.0 75.0 77.0 
52.0 57.0 62.0 58.0 
58.0 57.0 59.0 61.0 
56.0 56.0 60.0 60.0 
244.0 104.0 74.0 78.0 
54.0 57.0 59.0 60.0 
54.0 59.0 58.0 62.0 
57.0 56.0 62.0 58.0 
249.0 102.0 73.0 78.0 
54.0 58.0 57.0 62.0 
51.0 60.0 57.0 63.0 
56.0 56.0 63.0 58.0 
247.0 99.0 69.0 78.0 
54.0 57.0 60.0 59.0 
50.0 60.0 58.0 62.0 
52.0 60.0 59.0 61.0 
249.0 96.0 71.0 72.0 
52.0 60.0 57.0 62.0 
52.0 61.0 58.0 62.0 
54.0 59.0 58.0 62.0 
247.0 97.0 71.0 77.0 
53.0 57.0 61.0 58.0 
56.0 55.0 63.0 58.0 
51.0 61.0 58.0 63.0 
233.0 95.0 68.0 72.0 
53.0 60.0 57.0 57.0 
54.0 60.0 57.0 63.0 
53.0 59.0 60.0 60.0 
229.0 99.0 66.0 75.0 
59.0 55.0 61.0 58.0 
54.0 58.0 61.0 58.0 
54.0 59.0 60.0 60.0 
215.0 95.0 67.0 74.0 
52.0 60.0 57.0 61.0 
57.0 56.0 62.0 57.0 
56.0 59.0 62.0 60.0 
220.0 91.0 70.0 74.0 
53.0 59.0 62.0 57.0 
56.0 58.0 57.0 62.0 
56.0 58.0 58.0 63.0 
212.0 92.0 70.0 73.0 
52.0 60.0 59.0 59.0 
53.0 59.0 61.0 60.0 
55.0 59.0 60.0 61.0 
208.0 93.0 68.0 76.0 
55.0 57.0 60.0 57.0 
51.0 60.0 58.0 62.0 
57.0 56.0 62.0 59.0 
213.0 96.0 68.0 77.0 
55.0 57.0 58.0 61.0 
56.0 57.0 63.0 57.0 
57.0 57.0 63.0 60.0 
196.0 94.0 66.0 74.0 
58.0 55.0 62.0 56.0 
53.0 59.0 60.0 59.0 
55.0 59.0 59.0 64.0 
197.0 92.0 68.0 69.0 
53.0 56.0 61.0 62.0 
57.0 58.0 58.0 63.0 
56.0 58.0 61.0 60.0 
182.0 92.0 65.0 70.0 
55.0 58.0 57.0 62.0 
54.0 59.0 60.0 59.0 
56.0 59.0 60.0 60.0 
193.0 94.0 63.0 73.0 
54.0 59.0 58.0 60.0 
52.0 61.0 57.0 63.0 
53.0 60.0 59.0 64.0 
205.0 91.0 67.0 68.0 
54.0 59.0 58.0 60.0 
56.0 55.0 63.0 58.0 
55.0 58.0 61.0 60.0 
206.0 96.0 63.0 74.0 
54.0 58.0 59.0 60.0 
51.0 61.0 58.0 60.0 
56.0 59.0 57.0 60.0 
205.0 97.0 65.0 74.0 
54.0 56.0 60.0 58.0 
52.0 58.0 60.0 59.0 
53.0 60.0 57.0 63.0 
210.0 95.0 65.0 77.0 
58.0 55.0 61.0 58.0 
58.0 55.0 62.0 58.0 
53.0 62.0 58.0 63.0 
209.0 94.0 66.0 74.0 
52.0 60.0 58.0 61.0 
54.0 57.0 60.0 59.0 
53.0 59.0 60.0 60.0 
213.0 95.0 66.0 72.0 
53.0 59.0 60.0 62.0 
57.0 57.0 60.0 59.0 
58.0 56.0 62.0 58.0 
210.0 99.0 65.0 77.0 
58.0 55.0 60.0 59.0 
54.0 57.0 62.0 61.0 
56.0 57.0 58.0 63.0 
220.0 98.0 65.0 74.0 
54.0 57.0 61.0 58.0 
52.0 60.0 60.0 60.0 
54.0 59.0 57.0 63.0 
220.0 102.0 64.0 77.0 
58.0 54.0 61.0 56.0 
56.0 58.0 58.0 62.0 
57.0 57.0 61.0 60.0 
220.0 102.0 65.0 76.0 
57.0 57.0 60.0 59.0 
51.0 61.0 58.0 63.0 
54.0 59.0 60.0 64.0 
221.0 102.0 66.0 77.0 
53.0 60.0 57.0 62.0 
57.0 55.0 63.0 59.0 
52.0 60.0 63.0 57.0 
220.0 104.0 66.0 75.0 
53.0 61.0 57.0 62.0 
51.0 60.0 60.0 60.0 
55.0 58.0 59.0 61.0 
226.0 98.0 71.0 74.0 
52.0 58.0 59.0 59.0 
52.0 60.0 59.0 61.0 
57.0 57.0 61.0 59.0 
222.0 103.0 65.0 78.0 
58.0 55.0 61.0 61.0 
57.0 55.0 62.0 58.0 
52.0 59.0 59.0 61.0 
227.0 98.0 68.0 75.0 
56.0 55.0 61.0 57.0 
55.0 58.0 60.0 60.0 
56.0 58.0 60.0 61.0 
227.0 99.0 70.0 73.0 
53.0 58.0 59.0 62.0 
53.0 61.0 58.0 59.0 
54.0 62.0 59.0 62.0 
225.0 100.0 67.0 79.0 
56.0 57.0 61.0 59.0 
57.0 57.0 60.0 60.0 
51.0 60.0 60.0 60.0 
222.0 104.0 66.0 78.0 
57.0 56.0 60.0 58.0 
56.0 54.0 63.0 57.0 
53.0 59.0 60.0 60.0 
228.0 99.0 70.0 75.0 
56.0 55.0 62.0 56.0 
53.0 57.0 60.0 61.0 
51.0 61.0 58.0 62.0 
230.0 100.0 69.0 76.0 
56.0 56.0 60.0 58.0 
53.0 60.0 59.0 60.0 
56.0 58.0 60.0 60.0 
225.0 102.0 70.0 74.0 
52.0 56.0 62.0 59.0 
55.0 57.0 58.0 62.0 
56.0 56.0 60.0 62.0 
227.0 101.0 70.0 77.0 
52.0 58.0 60.0 59.0 
54.0 57.0 60.0 58.0 
53.0 59.0 59.0 61.0 
227.0 102.0 68.0 76.0 
55.0 58.0 59.0 59.0 
54.0 60.0 59.0 60.0 
52.0 60.0 59.0 61.0 
225.0 102.0 67.0 77.0 
56.0 56.0 61.0 57.0 
54.0 57.0 60.0 60.0 
57.0 56.0 63.0 57.0 
224.0 104.0 66.0 79.0 
54.0 57.0 59.0 59.0 
51.0 60.0 58.0 61.0 
54.0 61.0 57.0 60.0 
225.0 105.0 66.0 78.0 
55.0 56.0 58.0 63.0 
53.0 58.0 57.0 63.0 
54.0 57.0 62.0 58.0 
228.0 100.0 69.0 75.0 
55.0 55.0 61.0 56.0 
54.0 58.0 60.0 59.0 
50.0 61.0 59.0 61.0 
228.0 100.0 69.0 74.0 
54.0 60.0 59.0 61.0 
57.0 56.0 62.0 58.0 
53.0 59.0 61.0 60.0 
224.0 103.0 67.0 77.0 
58.0 55.0 62.0 58.0 
51.0 61.0 57.0 63.0 
53.0 59.0 60.0 61.0 
224.0 103.0 67.0 76.0 
56.0 57.0 57.0 56.0 
50.0 59.0 61.0 58.0 
50.0 59.0 62.0 57.0 
227.0 99.0 69.0 76.0 
51.0 60.0 58.0 62.0 
50.0 61.0 57.0 63.0 
55.0 56.0 61.0 59.0 
224.0 100.0 68.0 75.0 
56.0 57.0 59.0 62.0 
54.0 59.0 58.0 63.0 
57.0 57.0 61.0 60.0 
227.0 99.0 69.0 74.0 
51.0 59.0 58.0 60.0 
57.0 55.0 61.0 58.0 
55.0 57.0 61.0 59.0 
227.0 99.0 69.0 75.0 
56.0 57.0 59.0 58.0 
57.0 55.0 62.0 57.0 
53.0 62.0 58.0 63.0 
225.0 98.0 68.0 78.0 
50.0 58.0 59.0 56.0 
52.0 61.0 60.0 60.0 
52.0 60.0 59.0 61.0 
226.0 97.0 69.0 74.0 
57.0 57.0 59.0 59.0 
56.0 57.0 60.0 60.0 
52.0 60.0 60.0 62.0 
222.0 101.0 66.0 76.0 
57.0 56.0 59.0 59.0 
56.0 56.0 61.0 60.0 
51.0 60.0 60.0 60.0 
225.0 98.0 70.0 73.0 
56.0 56.0 61.0 61.0 
52.0 61.0 57.0 60.0 
52.0 62.0 58.0 60.0 
222.0 98.0 69.0 72.0 
53.0 59.0 57.0 62.0 
53.0 59.0 63.0 57.0 
50.0 58.0 62.0 59.0 
222.0 96.0 67.0 78.0 
57.0 58.0 58.0 62.0 
51.0 58.0 61.0 58.0 
50.0 60.0 59.0 61.0 
223.0 96.0 70.0 73.0 
52.0 58.0 59.0 59.0 
52.0 60.0 60.0 60.0 
56.0 56.0 62.0 57.0 
218.0 100.0 68.0 73.0 
55.0 58.0 56.0 63.0 
54.0 59.0 60.0 61.0 
51.0 61.0 60.0 61.0 
219.0 96.0 67.0 71.0 
52.0 60.0 58.0 60.0 
51.0 61.0 57.0 60.0 
52.0 61.0 59.0 63.0 
218.0 96.0 66.0 73.0 
53.0 57.0 61.0 58.0 
57.0 58.0 57.0 61.0 
52.0 62.0 59.0 61.0 
218.0 97.0 65.0 76.0 
58.0 57.0 59.0 59.0 
55.0 58.0 59.0 62.0 
55.0 56.0 62.0 58.0 
212.0 99.0 63.0 75.0 
57.0 55.0 62.0 62.0 
54.0 58.0 60.0 61.0 
55.0 58.0 60.0 60.0 
214.0 96.0 65.0 73.0 
51.0 60.0 58.0 62.0 
53.0 61.0 60.0 64.0 
57.0 57.0 61.0 60.0 
217.0 95.0 67.0 73.0 
58.0 56.0 60.0 59.0 
51.0 61.0 58.0 63.0 
53.0 58.0 60.0 57.0 
215.0 99.0 65.0 74.0 
53.0 58.0 57.0 59.0 
53.0 57.0 63.0 57.0 
51.0 58.0 60.0 60.0 
210.0 99.0 66.0 75.0 
54.0 60.0 58.0 60.0 
52.0 59.0 60.0 58.0 
54.0 62.0 57.0 62.0 
211.0 100.0 65.0 77.0 
54.0 57.0 59.0 60.0 
53.0 58.0 59.0 60.0 
57.0 57.0 62.0 58.0 
210.0 100.0 65.0 77.0 
54.0 58.0 58.0 62.0 
56.0 56.0 62.0 58.0 
56.0 57.0 62.0 57.0 
211.0 99.0 66.0 77.0 
57.0 57.0 59.0 61.0 
52.0 60.0 59.0 58.0 
50.0 61.0 60.0 59.0 
215.0 96.0 67.0 74.0 
52.0 59.0 58.0 56.0 
51.0 60.0 58.0 63.0 
56.0 55.0 62.0 58.0 
212.0 97.0 66.0 74.0 
51.0 60.0 58.0 61.0 
56.0 56.0 63.0 59.0 
51.0 60.0 59.0 60.0 
211.0 97.0 67.0 73.0 
52.0 60.0 57.0 61.0 
57.0 56.0 61.0 57.0 
55.0 57.0 61.0 58.0 
214.0 94.0 67.0 75.0 
57.0 57.0 60.0 60.0 
54.0 58.0 61.0 58.0 
54.0 58.0 61.0 59.0 
210.0 98.0 66.0 77.0 
57.0 56.0 59.0 59.0 
53.0 61.0 60.0 59.0 
51.0 60.0 59.0 59.0 
207.0 99.0 64.0 75.0 
52.0 60.0 56.0 62.0 
55.0 57.0 61.0 58.0 
52.0 62.0 59.0 62.0 
209.0 96.0 68.0 72.0 
54.0 58.0 60.0 59.0 
55.0 59.0 58.0 63.0 
55.0 56.0 62.0 57.0 
209.0 97.0 67.0 73.0 
54.0 57.0 60.0 58.0 
54.0 60.0 58.0 64.0 
52.0 62.0 59.0 60.0 
206.0 99.0 65.0 77.0 
55.0 57.0 59.0 58.0 
51.0 61.0 59.0 60.0 
56.0 58.0 58.0 63.0 
210.0 94.0 66.0 76.0 
55.0 61.0 60.0 57.0 
52.0 60.0 59.0 58.0 
53.0 58.0 63.0 58.0 
205.0 99.0 64.0 76.0 
56.0 56.0 59.0 59.0 
55.0 59.0 60.0 63.0 
55.0 57.0 62.0 58.0 
209.0 95.0 69.0 72.0 
52.0 60.0 58.0 60.0 
52.0 61.0 57.0 63.0 
55.0 58.0 60.0 61.0 
204.0 98.0 65.0 77.0 
55.0 58.0 58.0 61.0 
56.0 57.0 63.0 58.0 
53.0 58.0 60.0 60.0 
208.0 95.0 68.0 75.0 
53.0 58.0 60.0 58.0 
53.0 61.0 58.0 60.0 
50.0 60.0 63.0 57.0 
206.0 97.0 67.0 72.0 
53.0 58.0 61.0 58.0 
57.0 59.0 58.0 63.0 
56.0 58.0 59.0 63.0 
203.0 97.0 66.0 74.0 
56.0 57.0 58.0 60.0 
55.0 58.0 60.0 60.0 
52.0 61.0 58.0 60.0 
209.0 93.0 67.0 73.0 
53.0 59.0 59.0 58.0 
53.0 60.0 59.0 61.0 
53.0 61.0 59.0 63.0 
203.0 98.0 66.0 75.0 
52.0 59.0 58.0 62.0 
56.0 58.0 60.0 59.0 
52.0 60.0 60.0 60.0 
206.0 94.0 69.0 73.0 
55.0 57.0 62.0 57.0 
55.0 57.0 63.0 58.0 
53.0 60.0 59.0 63.0 
206.0 97.0 65.0 76.0 
58.0 55.0 60.0 56.0 
56.0 56.0 63.0 57.0 
54.0 59.0 60.0 61.0 
208.0 93.0 69.0 73.0 
52.0 59.0 59.0 59.0 
51.0 60.0 59.0 62.0 
57.0 57.0 63.0 58.0 
208.0 93.0 68.0 73.0 
55.0 58.0 59.0 59.0 
57.0 55.0 62.0 57.0 
55.0 58.0 60.0 60.0 
209.0 94.0 67.0 73.0 
57.0 55.0 61.0 57.0 
58.0 55.0 61.0 59.0 
53.0 58.0 63.0 59.0 
210.0 92.0 68.0 73.0 
53.0 57.0 61.0 57.0 
55.0 57.0 62.0 58.0 
54.0 60.0 60.0 61.0 
207.0 93.0 69.0 73.0 
56.0 57.0 60.0 61.0 
55.0 56.0 62.0 58.0 
52.0 61.0 59.0 62.0 
211.0 92.0 68.0 71.0 
55.0 57.0 60.0 58.0 
55.0 59.0 60.0 59.0 
51.0 60.0 60.0 59.0 
209.0 93.0 67.0 72.0 
54.0 59.0 60.0 58.0 
55.0 58.0 59.0 60.0 
58.0 56.0 63.0 58.0 
208.0 95.0 65.0 72.0 
54.0 54.0 60.0 59.0 
55.0 61.0 58.0 59.0 
53.0 61.0 59.0 61.0 
209.0 92.0 68.0 70.0 
53.0 61.0 57.0 62.0 
56.0 58.0 59.0 63.0 
55.0 57.0 62.0 57.0 
210.0 92.0 69.0 70.0 
53.0 59.0 58.0 59.0 
56.0 57.0 60.0 61.0 
54.0 59.0 61.0 60.0 
209.0 93.0 67.0 71.0 
54.0 58.0 60.0 59.0 
54.0 58.0 60.0 60.0 
56.0 56.0 62.0 59.0 
207.0 94.0 66.0 74.0 
58.0 55.0 62.0 57.0 
54.0 59.0 60.0 60.0 
57.0 58.0 60.0 63.0 
206.0 98.0 65.0 74.0 
55.0 59.0 57.0 57.0 
52.0 59.0 60.0 60.0 
55.0 59.0 60.0 63.0 
206.0 94.0 65.0 72.0 
53.0 59.0 60.0 57.0 
56.0 58.0 60.0 60.0 
53.0 61.0 60.0 60.0 
207.0 92.0 69.0 70.0 
52.0 60.0 58.0 60.0 
51.0 61.0 59.0 63.0 
58.0 56.0 63.0 58.0 
204.0 95.0 64.0 74.0 
55.0 58.0 59.0 60.0 
54.0 59.0 62.0 58.0 
54.0 59.0 61.0 59.0 
208.0 92.0 66.0 70.0 
53.0 60.0 59.0 59.0 
54.0 58.0 63.0 59.0 
54.0 56.0 62.0 60.0 
201.0 96.0 65.0 70.0 
56.0 55.0 60.0 59.0 
55.0 58.0 62.0 58.0 
51.0 61.0 59.0 61.0 
207.0 92.0 65.0 73.0 
55.0 57.0 60.0 58.0 
54.0 59.0 60.0 60.0 
56.0 59.0 60.0 62.0 
206.0 93.0 66.0 73.0 
55.0 57.0 61.0 56.0 
54.0 59.0 59.0 61.0 
58.0 56.0 63.0 58.0 
201.0 95.0 65.0 72.0 
52.0 61.0 57.0 58.0 
58.0 56.0 62.0 57.0 
55.0 60.0 60.0 62.0 
203.0 94.0 68.0 70.0 
54.0 58.0 61.0 57.0 
52.0 62.0 58.0 60.0 
55.0 59.0 59.0 63.0 
205.0 93.0 65.0 73.0 
54.0 57.0 60.0 59.0 
52.0 60.0 60.0 60.0 
57.0 58.0 62.0 60.0 
206.0 93.0 66.0 73.0 
52.0 60.0 57.0 61.0 
52.0 61.0 59.0 62.0 
58.0 57.0 63.0 57.0 
204.0 92.0 67.0 71.0 
52.0 57.0 59.0 59.0 
57.0 58.0 62.0 61.0 
57.0 57.0 61.0 61.0 
203.0 94.0 66.0 75.0 
57.0 55.0 61.0 57.0 
55.0 57.0 61.0 59.0 
51.0 61.0 60.0 61.0 
199.0 93.0 67.0 70.0 
55.0 58.0 62.0 57.0 
58.0 57.0 59.0 63.0 
55.0 56.0 63.0 58.0 
199.0 96.0 65.0 74.0 
57.0 57.0 59.0 61.0 
55.0 58.0 60.0 60.0 
54.0 60.0 59.0 61.0 
201.0 93.0 66.0 72.0 
55.0 57.0 60.0 60.0 
58.0 55.0 62.0 57.0 
55.0 59.0 60.0 60.0 
198.0 94.0 65.0 72.0 
53.0 58.0 59.0 60.0 
53.0 61.0 58.0 64.0 
55.0 59.0 61.0 61.0 
204.0 92.0 67.0 72.0 
56.0 57.0 60.0 59.0 
57.0 57.0 59.0 63.0 
55.0 59.0 59.0 61.0 
198.0 93.0 66.0 69.0 
54.0 60.0 58.0 59.0 
52.0 60.0 58.0 62.0 
58.0 57.0 62.0 60.0 
198.0 95.0 64.0 74.0 
58.0 55.0 62.0 56.0 
53.0 59.0 60.0 59.0 
54.0 59.0 58.0 63.0 
201.0 91.0 66.0 71.0 
55.0 58.0 60.0 59.0 
58.0 56.0 59.0 60.0 
58.0 58.0 61.0 59.0 
199.0 93.0 66.0 71.0 
52.0 60.0 59.0 60.0 
59.0 55.0 63.0 58.0 
54.0 59.0 60.0 62.0 
201.0 91.0 66.0 71.0 
55.0 56.0 61.0 60.0 
54.0 59.0 62.0 59.0 
55.0 56.0 60.0 61.0 
198.0 92.0 66.0 70.0 
55.0 60.0 58.0 59.0 
56.0 59.0 57.0 63.0 
59.0 57.0 62.0 60.0 
197.0 94.0 65.0 72.0 
57.0 59.0 57.0 62.0 
55.0 58.0 63.0 57.0 
52.0 63.0 59.0 61.0 
201.0 90.0 69.0 69.0 
55.0 57.0 59.0 59.0 
58.0 56.0 62.0 56.0 
54.0 59.0 60.0 61.0 
196.0 94.0 62.0 73.0 
55.0 58.0 59.0 59.0 
54.0 58.0 61.0 58.0 
52.0 59.0 62.0 59.0 
199.0 93.0 64.0 76.0 
57.0 58.0 58.0 61.0 
55.0 61.0 58.0 62.0 
56.0 59.0 61.0 61.0 
196.0 93.0 66.0 69.0 
56.0 56.0 61.0 56.0 
52.0 61.0 58.0 62.0 
59.0 56.0 62.0 58.0 
199.0 92.0 65.0 74.0 
55.0 57.0 59.0 56.0 
54.0 59.0 60.0 61.0 
58.0 57.0 63.0 59.0 
195.0 94.0 64.0 75.0 
55.0 59.0 59.0 61.0 
56.0 56.0 61.0 57.0 
55.0 58.0 61.0 60.0 
198.0 92.0 67.0 69.0 
52.0 61.0 58.0 58.0 
57.0 56.0 62.0 59.0 
55.0 59.0 62.0 58.0 
199.0 92.0 64.0 73.0 
58.0 55.0 61.0 58.0 
52.0 62.0 59.0 62.0 
58.0 56.0 63.0 58.0 
195.0 95.0 63.0 74.0 
59.0 55.0 62.0 57.0 
55.0 59.0 60.0 61.0 
57.0 58.0 62.0 59.0 
195.0 94.0 64.0 75.0 
59.0 55.0 62.0 56.0 
55.0 58.0 59.0 61.0 
58.0 56.0 64.0 59.0 
198.0 92.0 67.0 70.0 
57.0 56.0 61.0 57.0 
52.0 61.0 59.0 61.0 
53.0 59.0 60.0 62.0 
198.0 93.0 63.0 74.0 
53.0 56.0 62.0 58.0 
54.0 58.0 62.0 58.0 
55.0 63.0 60.0 61.0 
198.0 90.0 68.0 70.0 
53.0 61.0 58.0 59.0 
53.0 59.0 60.0 60.0 
56.0 58.0 61.0 60.0 
198.0 92.0 65.0 73.0 
54.0 59.0 59.0 59.0 
52.0 62.0 59.0 63.0 
55.0 57.0 61.0 61.0 
198.0 91.0 67.0 70.0 
55.0 58.0 59.0 61.0 
55.0 59.0 58.0 62.0 
54.0 60.0 58.0 63.0 
200.0 90.0 67.0 70.0 
55.0 59.0 59.0 62.0 
54.0 59.0 62.0 58.0 
54.0 58.0 62.0 60.0 
197.0 90.0 65.0 74.0 
57.0 57.0 60.0 60.0 
55.0 61.0 58.0 63.0 
58.0 57.0 60.0 59.0 
194.0 95.0 63.0 72.0 
57.0 58.0 57.0 62.0 
54.0 59.0 57.0 64.0 
57.0 58.0 61.0 59.0 
197.0 93.0 66.0 71.0 
57.0 56.0 60.0 58.0 
55.0 58.0 60.0 61.0 
55.0 58.0 61.0 61.0 
199.0 91.0 65.0 70.0 
55.0 58.0 58.0 60.0 
59.0 55.0 63.0 58.0 
56.0 59.0 60.0 61.0 
194.0 95.0 63.0 74.0 
58.0 56.0 59.0 62.0 
52.0 58.0 61.0 61.0 
58.0 58.0 59.0 62.0 
195.0 92.0 66.0 69.0 
52.0 60.0 58.0 60.0 
54.0 59.0 60.0 58.0 
52.0 60.0 61.0 59.0 
197.0 92.0 68.0 70.0 
52.0 59.0 59.0 58.0 
54.0 58.0 63.0 59.0 
52.0 60.0 61.0 59.0 
194.0 95.0 63.0 74.0 
55.0 59.0 59.0 61.0 
54.0 62.0 59.0 63.0 
56.0 59.0 61.0 61.0 
197.0 91.0 65.0 72.0 
56.0 57.0 61.0 58.0 
58.0 56.0 63.0 58.0 
52.0 59.0 61.0 57.0 
197.0 91.0 66.0 74.0 
58.0 55.0 61.0 58.0 
57.0 60.0 59.0 62.0 
58.0 56.0 62.0 59.0 
190.0 94.0 64.0 75.0 
58.0 57.0 59.0 60.0 
56.0 58.0 59.0 60.0 
53.0 58.0 62.0 61.0 
190.0 94.0 66.0 73.0 
54.0 59.0 58.0 60.0 
55.0 57.0 59.0 59.0 
53.0 60.0 59.0 62.0 
189.0 91.0 67.0 72.0 
52.0 61.0 56.0 61.0 
58.0 56.0 62.0 56.0 
57.0 58.0 60.0 60.0 
179.0 93.0 65.0 74.0 
59.0 56.0 60.0 59.0 
57.0 59.0 57.0 63.0 
58.0 58.0 61.0 61.0 
179.0 94.0 65.0 73.0 
57.0 57.0 60.0 60.0 
57.0 57.0 60.0 59.0 
54.0 61.0 60.0 62.0 
183.0 87.0 69.0 70.0 
53.0 61.0 57.0 61.0 
56.0 58.0 61.0 58.0 
56.0 58.0 59.0 60.0 
180.0 91.0 67.0 73.0 
57.0 57.0 61.0 57.0 
55.0 58.0 61.0 61.0 
57.0 59.0 61.0 61.0 
182.0 89.0 67.0 74.0 
57.0 58.0 59.0 60.0 
55.0 58.0 60.0 59.0 
55.0 62.0 58.0 61.0 
179.0 93.0 66.0 71.0 
54.0 60.0 59.0 56.0 
59.0 56.0 60.0 60.0 
56.0 57.0 62.0 59.0 
179.0 90.0 67.0 72.0 
52.0 59.0 58.0 60.0 
57.0 58.0 59.0 60.0 
55.0 59.0 60.0 60.0 
183.0 88.0 69.0 71.0 
57.0 58.0 59.0 60.0 
59.0 56.0 61.0 58.0 
53.0 59.0 58.0 62.0 
184.0 88.0 69.0 71.0 
59.0 55.0 62.0 58.0 
52.0 61.0 59.0 60.0 
55.0 59.0 61.0 58.0 
180.0 91.0 64.0 75.0 
55.0 58.0 57.0 57.0 
57.0 58.0 61.0 60.0 
56.0 59.0 61.0 58.0 
180.0 93.0 66.0 71.0 
52.0 58.0 61.0 57.0 
55.0 62.0 59.0 61.0 
56.0 59.0 60.0 63.0 
180.0 93.0 65.0 75.0 
59.0 55.0 62.0 57.0 
56.0 59.0 61.0 60.0 
58.0 59.0 61.0 58.0 
180.0 91.0 65.0 74.0 
59.0 56.0 60.0 58.0 
52.0 61.0 58.0 60.0 
53.0 62.0 58.0 61.0 
179.0 91.0 66.0 73.0 
59.0 56.0 61.0 57.0 
53.0 61.0 57.0 62.0 
55.0 59.0 60.0 60.0 
182.0 90.0 66.0 73.0 
56.0 58.0 60.0 61.0 
58.0 56.0 60.0 62.0 
58.0 60.0 58.0 61.0 
178.0 91.0 67.0 72.0 
55.0 60.0 57.0 61.0 
54.0 61.0 58.0 62.0 
56.0 59.0 62.0 58.0 
179.0 90.0 68.0 70.0 
53.0 60.0 58.0 61.0 
53.0 60.0 59.0 61.0 
58.0 58.0 59.0 60.0 
181.0 90.0 67.0 72.0 
53.0 61.0 57.0 60.0 
59.0 56.0 61.0 59.0 
58.0 56.0 63.0 58.0 
183.0 89.0 67.0 74.0 
59.0 55.0 61.0 59.0 
60.0 57.0 62.0 57.0 
55.0 61.0 59.0 63.0 
179.0 92.0 66.0 73.0 
56.0 61.0 58.0 59.0 
57.0 59.0 56.0 60.0 
55.0 60.0 61.0 57.0 
182.0 89.0 66.0 74.0 
56.0 56.0 62.0 57.0 
55.0 58.0 60.0 58.0 
55.0 61.0 58.0 61.0 
183.0 90.0 67.0 75.0 
56.0 56.0 61.0 58.0 
56.0 57.0 62.0 57.0 
55.0 59.0 59.0 60.0 
178.0 91.0 68.0 72.0 
56.0 58.0 59.0 59.0 
56.0 58.0 59.0 61.0 
56.0 59.0 60.0 62.0 
183.0 88.0 69.0 72.0 
53.0 61.0 57.0 61.0 
52.0 61.0 59.0 60.0 
52.0 61.0 60.0 57.0 
179.0 87.0 68.0 74.0 
58.0 56.0 59.0 61.0 
54.0 59.0 61.0 57.0 
54.0 60.0 63.0 57.0 
180.0 89.0 69.0 70.0 
52.0 60.0 58.0 58.0 
53.0 61.0 60.0 60.0 
59.0 56.0 62.0 59.0 
180.0 89.0 68.0 72.0 
55.0 60.0 57.0 62.0 
54.0 61.0 58.0 63.0 
56.0 60.0 60.0 61.0 
178.0 91.0 66.0 74.0 
57.0 57.0 59.0 59.0 
55.0 59.0 60.0 60.0 
52.0 61.0 59.0 63.0 
177.0 91.0 66.0 72.0 
57.0 59.0 58.0 61.0 
54.0 57.0 60.0 60.0 
57.0 57.0 60.0 60.0 
179.0 88.0 68.0 72.0 
57.0 56.0 60.0 58.0 
56.0 58.0 57.0 63.0 
59.0 56.0 62.0 61.0 
179.0 90.0 66.0 75.0 
57.0 58.0 59.0 60.0 
54.0 59.0 59.0 60.0 
58.0 58.0 61.0 59.0 
180.0 87.0 69.0 70.0 
56.0 58.0 58.0 61.0 
59.0 57.0 63.0 56.0 
56.0 59.0 61.0 58.0 
182.0 88.0 69.0 70.0 
58.0 56.0 60.0 58.0 
55.0 59.0 60.0 60.0 
57.0 59.0 58.0 63.0 
179.0 89.0 69.0 71.0 
54.0 57.0 61.0 62.0 
59.0 56.0 62.0 59.0 
53.0 62.0 58.0 61.0 
181.0 89.0 66.0 75.0 
59.0 56.0 61.0 60.0 
59.0 58.0 60.0 60.0 
55.0 59.0 60.0 60.0 
180.0 90.0 69.0 70.0 
55.0 60.0 57.0 61.0 
52.0 60.0 59.0 62.0 
58.0 57.0 62.0 57.0 
181.0 89.0 67.0 72.0 
56.0 58.0 59.0 59.0 
56.0 58.0 60.0 60.0 
58.0 57.0 61.0 58.0 
179.0 89.0 66.0 73.0 
55.0 58.0 61.0 58.0 
58.0 57.0 60.0 62.0 
58.0 60.0 57.0 61.0 
180.0 89.0 69.0 71.0 
55.0 58.0 59.0 58.0 
57.0 57.0 61.0 59.0 
55.0 58.0 62.0 58.0 
184.0 88.0 69.0 72.0 
52.0 61.0 57.0 61.0 
56.0 58.0 59.0 59.0 
56.0 59.0 60.0 59.0 
183.0 88.0 68.0 70.0 
57.0 57.0 61.0 57.0 
55.0 59.0 57.0 62.0 
55.0 60.0 59.0 63.0 
179.0 92.0 65.0 75.0 
55.0 57.0 59.0 57.0 
55.0 58.0 59.0 59.0 
53.0 62.0 58.0 62.0 
180.0 89.0 68.0 71.0 
54.0 61.0 58.0 59.0 
56.0 62.0 59.0 59.0 
52.0 60.0 61.0 59.0 
181.0 87.0 69.0 70.0 
52.0 60.0 58.0 61.0 
53.0 61.0 59.0 61.0 
58.0 56.0 62.0 57.0 
179.0 91.0 66.0 74.0 
58.0 56.0 60.0 58.0 
57.0 59.0 58.0 62.0 
57.0 56.0 62.0 58.0 
177.0 92.0 65.0 75.0 
54.0 60.0 56.0 62.0 
57.0 56.0 60.0 60.0 
59.0 58.0 60.0 61.0 
178.0 91.0 65.0 73.0 
58.0 55.0 61.0 57.0 
53.0 61.0 58.0 60.0 
57.0 60.0 58.0 62.0 
177.0 89.0 69.0 73.0 
58.0 58.0 58.0 61.0 
55.0 57.0 59.0 62.0 
58.0 59.0 58.0 62.0 
181.0 88.0 67.0 73.0 
56.0 55.0 61.0 57.0 
59.0 56.0 63.0 57.0 
52.0 60.0 59.0 63.0 
183.0 88.0 68.0 72.0 
54.0 58.0 60.0 60.0 
56.0 58.0 60.0 59.0 
57.0 59.0 60.0 60.0 
179.0 91.0 65.0 75.0 
55.0 58.0 57.0 63.0 
53.0 60.0 59.0 58.0 
54.0 59.0 59.0 60.0 
178.0 92.0 66.0 75.0 
58.0 55.0 59.0 59.0 
55.0 59.0 58.0 59.0 
55.0 62.0 59.0 62.0 
181.0 88.0 69.0 74.0 
55.0 56.0 61.0 58.0 
58.0 57.0 60.0 60.0 
54.0 59.0 61.0 59.0 
180.0 90.0 65.0 74.0 
55.0 57.0 60.0 58.0 
55.0 56.0 62.0 58.0 
52.0 60.0 61.0 60.0 
182.0 87.0 69.0 71.0 
56.0 58.0 59.0 59.0 
58.0 56.0 62.0 58.0 
57.0 58.0 62.0 58.0 
176.0 92.0 65.0 75.0 
55.0 59.0 57.0 61.0 
55.0 58.0 59.0 60.0 
53.0 60.0 60.0 58.0 
178.0 90.0 70.0 71.0 
53.0 57.0 60.0 57.0 
56.0 55.0 63.0 57.0 
52.0 59.0 58.0 61.0 
181.0 89.0 67.0 73.0 
54.0 58.0 58.0 58.0 
52.0 61.0 58.0 62.0 
55.0 59.0 60.0 59.0 
181.0 89.0 67.0 72.0 
52.0 60.0 57.0 62.0 
52.0 61.0 58.0 62.0 
57.0 57.0 62.0 59.0 
177.0 92.0 65.0 75.0 
54.0 60.0 58.0 61.0 
56.0 58.0 60.0 57.0 
55.0 59.0 61.0 59.0 
180.0 88.0 68.0 70.0 
55.0 59.0 58.0 61.0 
56.0 58.0 59.0 62.0 
57.0 59.0 57.0 62.0 
181.0 87.0 69.0 71.0 
55.0 58.0 59.0 59.0 
52.0 59.0 60.0 59.0 
59.0 56.0 63.0 58.0 
177.0 92.0 66.0 73.0 
53.0 59.0 58.0 61.0 
59.0 56.0 62.0 57.0 
54.0 62.0 58.0 63.0 
182.0 87.0 68.0 72.0 
53.0 60.0 57.0 62.0 
56.0 58.0 60.0 60.0 
52.0 61.0 58.0 62.0 
180.0 89.0 67.0 72.0 
53.0 60.0 58.0 62.0 
57.0 57.0 62.0 57.0 
55.0 61.0 58.0 63.0 
179.0 90.0 65.0 75.0 
58.0 56.0 58.0 56.0 
53.0 59.0 61.0 56.0 
52.0 59.0 61.0 57.0 
177.0 89.0 66.0 72.0 
56.0 58.0 59.0 59.0 
52.0 61.0 58.0 60.0 
55.0 60.0 58.0 63.0 
180.0 87.0 69.0 70.0 
53.0 60.0 58.0 61.0 
54.0 59.0 60.0 58.0 
56.0 59.0 59.0 63.0 
176.0 92.0 65.0 75.0 
53.0 60.0 58.0 63.0 
57.0 56.0 61.0 57.0 
57.0 56.0 62.0 58.0 
180.0 88.0 68.0 71.0 
53.0 60.0 58.0 60.0 
57.0 57.0 61.0 59.0 
54.0 58.0 62.0 57.0 
178.0 89.0 70.0 71.0 
57.0 58.0 60.0 61.0 
56.0 56.0 62.0 59.0 
53.0 60.0 59.0 61.0 
176.0 92.0 65.0 73.0 
58.0 56.0 60.0 59.0 
58.0 56.0 61.0 58.0 
52.0 62.0 58.0 61.0 
181.0 86.0 69.0 70.0 
54.0 58.0 59.0 59.0 
54.0 59.0 61.0 60.0 
57.0 58.0 61.0 59.0 
178.0 90.0 65.0 74.0 
56.0 57.0 59.0 58.0 
54.0 59.0 59.0 59.0 
52.0 60.0 59.0 60.0 
181.0 86.0 69.0 70.0 
55.0 58.0 58.0 62.0 
55.0 58.0 61.0 59.0 
58.0 56.0 59.0 63.0 
176.0 91.0 67.0 70.0 
53.0 57.0 59.0 57.0 
59.0 56.0 61.0 60.0 
56.0 58.0 63.0 58.0 
180.0 87.0 68.0 71.0 
54.0 58.0 59.0 57.0 
52.0 59.0 61.0 59.0 
55.0 59.0 59.0 62.0 
178.0 89.0 65.0 74.0 
58.0 56.0 62.0 57.0 
56.0 58.0 59.0 59.0 
57.0 58.0 60.0 60.0 
179.0 89.0 67.0 72.0 
55.0 60.0 58.0 59.0 
52.0 59.0 59.0 62.0 
56.0 58.0 63.0 58.0 
176.0 91.0 67.0 70.0 
54.0 58.0 61.0 57.0 
58.0 55.0 62.0 58.0 
55.0 59.0 62.0 60.0 
178.0 89.0 66.0 74.0 
58.0 55.0 60.0 57.0 
58.0 55.0 62.0 57.0 
53.0 59.0 58.0 62.0 
180.0 88.0 67.0 72.0 
53.0 60.0 58.0 57.0 
53.0 59.0 59.0 62.0 
56.0 59.0 60.0 60.0 
176.0 89.0 68.0 72.0 
56.0 57.0 60.0 58.0 
56.0 59.0 59.0 61.0 
54.0 61.0 59.0 62.0 
176.0 91.0 66.0 73.0 
58.0 55.0 61.0 56.0 
55.0 58.0 62.0 57.0 
53.0 59.0 61.0 58.0 
179.0 89.0 64.0 75.0 
59.0 56.0 59.0 60.0 
57.0 58.0 60.0 61.0 
56.0 59.0 60.0 60.0 
180.0 87.0 69.0 69.0 
53.0 60.0 57.0 62.0 
56.0 57.0 60.0 59.0 
55.0 59.0 62.0 58.0 
177.0 88.0 68.0 72.0 
53.0 59.0 57.0 62.0 
59.0 56.0 61.0 57.0 
57.0 59.0 59.0 58.0 
179.0 86.0 70.0 69.0 
56.0 58.0 58.0 59.0 
56.0 57.0 60.0 59.0 
58.0 57.0 62.0 58.0 
173.0 90.0 66.0 72.0 
58.0 57.0 59.0 61.0 
54.0 61.0 60.0 59.0 
53.0 61.0 58.0 61.0 
175.0 88.0 69.0 72.0 
55.0 61.0 57.0 57.0 
57.0 58.0 60.0 60.0 
55.0 57.0 62.0 58.0 
176.0 90.0 67.0 73.0 
58.0 57.0 59.0 59.0 
52.0 61.0 58.0 62.0 
57.0 58.0 60.0 61.0 
178.0 87.0 69.0 70.0 
55.0 58.0 58.0 63.0 
57.0 56.0 61.0 57.0 
57.0 59.0 60.0 59.0 
178.0 86.0 70.0 70.0 
56.0 57.0 60.0 59.0 
56.0 59.0 60.0 57.0 
55.0 59.0 58.0 63.0 
178.0 87.0 66.0 75.0 
58.0 56.0 58.0 61.0 
53.0 60.0 59.0 62.0 
55.0 59.0 58.0 63.0 
177.0 87.0 68.0 71.0 
57.0 56.0 62.0 58.0 
54.0 58.0 60.0 58.0 
55.0 59.0 60.0 63.0 
178.0 87.0 68.0 71.0 
56.0 58.0 60.0 57.0 
55.0 58.0 60.0 58.0 
56.0 60.0 59.0 62.0 
175.0 89.0 66.0 73.0 
56.0 58.0 59.0 58.0 
53.0 58.0 60.0 59.0 
53.0 62.0 58.0 61.0 
173.0 91.0 66.0 74.0 
56.0 56.0 62.0 62.0 
59.0 56.0 62.0 60.0 
58.0 56.0 61.0 60.0 
173.0 90.0 66.0 72.0 
54.0 62.0 57.0 59.0 
59.0 57.0 62.0 59.0 
54.0 59.0 62.0 58.0 
176.0 90.0 65.0 73.0 
58.0 58.0 59.0 60.0 
58.0 58.0 60.0 59.0 
53.0 62.0 58.0 61.0 
179.0 86.0 68.0 70.0 
53.0 59.0 58.0 61.0 
55.0 58.0 59.0 61.0 
53.0 62.0 58.0 63.0 
179.0 86.0 68.0 72.0 
57.0 55.0 61.0 57.0 
54.0 62.0 58.0 61.0 
54.0 59.0 60.0 61.0 
173.0 90.0 67.0 70.0 
58.0 56.0 59.0 62.0 
58.0 57.0 61.0 62.0 
57.0 56.0 61.0 59.0 
176.0 88.0 64.0 74.0 
59.0 55.0 61.0 58.0 
58.0 55.0 62.0 57.0 
54.0 62.0 57.0 63.0 
178.0 87.0 68.0 70.0 
53.0 60.0 58.0 60.0 
52.0 61.0 58.0 62.0 
56.0 59.0 60.0 60.0 
177.0 86.0 68.0 71.0 
52.0 60.0 56.0 59.0 
58.0 56.0 62.0 57.0 
55.0 59.0 60.0 60.0 
172.0 89.0 65.0 74.0 
55.0 58.0 59.0 61.0 
55.0 59.0 61.0 59.0 
56.0 60.0 59.0 63.0 
174.0 89.0 66.0 71.0 
54.0 61.0 57.0 59.0 
51.0 59.0 59.0 59.0 
55.0 59.0 59.0 62.0 
174.0 88.0 65.0 74.0 
58.0 55.0 61.0 56.0 
56.0 59.0 60.0 59.0 
58.0 58.0 62.0 59.0 
173.0 87.0 66.0 71.0 
58.0 56.0 60.0 58.0 
59.0 56.0 63.0 57.0 
56.0 58.0 60.0 60.0 
173.0 90.0 65.0 74.0 
57.0 58.0 60.0 58.0 
53.0 61.0 59.0 60.0 
53.0 61.0 59.0 62.0 
172.0 90.0 65.0 73.0 
55.0 58.0 61.0 57.0 
56.0 57.0 62.0 58.0 
55.0 57.0 62.0 58.0 
171.0 92.0 65.0 71.0 
56.0 58.0 59.0 58.0 
59.0 56.0 61.0 58.0 
54.0 61.0 59.0 62.0 
173.0 88.0 67.0 72.0 
59.0 56.0 61.0 62.0 
58.0 56.0 64.0 57.0 
52.0 61.0 59.0 61.0 
169.0 90.0 65.0 74.0 
58.0 56.0 61.0 58.0 
58.0 57.0 61.0 60.0 
59.0 57.0 61.0 59.0 
173.0 85.0 68.0 69.0 
56.0 58.0 60.0 59.0 
56.0 58.0 61.0 61.0 
59.0 56.0 62.0 58.0 
174.0 85.0 68.0 71.0 
55.0 55.0 61.0 59.0 
56.0 62.0 58.0 60.0 
55.0 62.0 58.0 60.0 
171.0 88.0 66.0 73.0 
56.0 58.0 59.0 59.0 
55.0 56.0 61.0 59.0 
53.0 60.0 60.0 59.0 
169.0 89.0 66.0 71.0 
55.0 59.0 60.0 57.0 
54.0 61.0 59.0 61.0 
59.0 58.0 60.0 60.0 
174.0 85.0 69.0 70.0 
55.0 58.0 59.0 59.0 
56.0 58.0 60.0 61.0 
58.0 56.0 61.0 60.0 
176.0 87.0 67.0 70.0 
58.0 57.0 60.0 59.0 
58.0 56.0 61.0 59.0 
55.0 57.0 62.0 58.0 
170.0 89.0 66.0 69.0 
52.0 60.0 59.0 57.0 
52.0 59.0 60.0 59.0 
56.0 59.0 59.0 60.0 
169.0 88.0 66.0 71.0 
55.0 60.0 57.0 62.0 
56.0 58.0 62.0 57.0 
55.0 60.0 60.0 60.0 
173.0 85.0 69.0 70.0 
53.0 60.0 58.0 61.0 
53.0 61.0 59.0 64.0 
57.0 57.0 62.0 59.0 
172.0 87.0 67.0 70.0 
53.0 58.0 58.0 59.0 
58.0 58.0 60.0 59.0 
58.0 56.0 62.0 58.0 
172.0 86.0 69.0 68.0 
51.0 59.0 58.0 61.0 
55.0 58.0 62.0 58.0 
53.0 61.0 58.0 62.0 
170.0 87.0 69.0 69.0 
57.0 56.0 62.0 56.0 
52.0 61.0 57.0 62.0 
58.0 57.0 63.0 58.0 
171.0 86.0 67.0 68.0 
56.0 59.0 58.0 60.0 
58.0 57.0 61.0 58.0 
54.0 59.0 59.0 60.0 
172.0 87.0 66.0 73.0 
56.0 57.0 60.0 59.0 
53.0 62.0 57.0 62.0 
55.0 58.0 61.0 60.0 
172.0 87.0 67.0 70.0 
55.0 58.0 59.0 61.0 
57.0 58.0 60.0 59.0 
57.0 59.0 59.0 63.0 
174.0 85.0 67.0 72.0 
59.0 56.0 60.0 59.0 
52.0 62.0 59.0 59.0 
56.0 60.0 59.0 62.0 
172.0 86.0 68.0 69.0 
55.0 58.0 59.0 60.0 
59.0 56.0 63.0 57.0 
57.0 60.0 61.0 60.0 
170.0 89.0 65.0 72.0 
56.0 57.0 60.0 58.0 
55.0 58.0 59.0 59.0 
57.0 57.0 61.0 59.0 
173.0 85.0 69.0 71.0 
59.0 55.0 61.0 56.0 
55.0 60.0 59.0 64.0 
55.0 61.0 58.0 63.0 
174.0 85.0 68.0 70.0 
54.0 59.0 59.0 59.0 
55.0 61.0 58.0 62.0 
58.0 59.0 59.0 61.0 
170.0 85.0 69.0 68.0 
54.0 61.0 57.0 61.0 
54.0 61.0 57.0 63.0 
56.0 59.0 62.0 58.0 
174.0 85.0 68.0 70.0 
53.0 61.0 57.0 61.0 
56.0 59.0 58.0 62.0 
59.0 57.0 61.0 59.0 
174.0 86.0 67.0 71.0 
52.0 61.0 56.0 59.0 
57.0 57.0 60.0 58.0 
53.0 59.0 60.0 59.0 
170.0 88.0 65.0 74.0 
56.0 58.0 59.0 60.0 
55.0 59.0 60.0 60.0 
54.0 59.0 59.0 60.0 
170.0 85.0 69.0 70.0 
54.0 58.0 61.0 57.0 
58.0 57.0 59.0 62.0 
59.0 57.0 62.0 58.0 
172.0 89.0 66.0 73.0 
59.0 55.0 61.0 57.0 
56.0 58.0 63.0 57.0 
53.0 60.0 60.0 60.0 
169.0 88.0 65.0 73.0 
59.0 56.0 59.0 58.0 
59.0 57.0 60.0 59.0 
55.0 59.0 60.0 59.0 
173.0 84.0 69.0 68.0 
55.0 58.0 58.0 61.0 
56.0 58.0 60.0 61.0 
58.0 57.0 61.0 61.0 
170.0 88.0 66.0 72.0 
55.0 60.0 59.0 60.0 
54.0 61.0 57.0 62.0 
58.0 57.0 60.0 61.0 
171.0 87.0 65.0 73.0 
56.0 58.0 58.0 62.0 
53.0 60.0 58.0 59.0 
56.0 59.0 59.0 63.0 
171.0 87.0 66.0 73.0 
57.0 55.0 61.0 62.0 
58.0 56.0 62.0 57.0 
53.0 61.0 59.0 62.0 
170.0 87.0 67.0 70.0 
55.0 59.0 58.0 61.0 
54.0 60.0 59.0 62.0 
59.0 56.0 62.0 57.0 
167.0 88.0 67.0 72.0 
53.0 60.0 57.0 61.0 
58.0 56.0 62.0 59.0 
58.0 56.0 62.0 59.0 
173.0 85.0 67.0 71.0 
53.0 59.0 58.0 59.0 
55.0 57.0 62.0 57.0 
54.0 59.0 60.0 58.0 
173.0 84.0 71.0 70.0 
54.0 57.0 60.0 57.0 
55.0 58.0 61.0 59.0 
56.0 59.0 60.0 62.0 
169.0 85.0 68.0 71.0 
53.0 60.0 57.0 62.0 
59.0 56.0 62.0 57.0 
53.0 61.0 58.0 62.0 
169.0 86.0 67.0 72.0 
55.0 58.0 60.0 59.0 
53.0 61.0 58.0 62.0 
55.0 60.0 59.0 63.0 
171.0 84.0 68.0 70.0 
59.0 55.0 61.0 58.0 
54.0 62.0 57.0 62.0 
55.0 60.0 61.0 60.0 
172.0 85.0 67.0 73.0 
59.0 58.0 59.0 59.0 
57.0 62.0 58.0 63.0 
57.0 57.0 60.0 60.0 
165.0 88.0 66.0 72.0 
58.0 57.0 60.0 59.0 
54.0 62.0 59.0 61.0 
59.0 56.0 63.0 58.0 
167.0 88.0 65.0 73.0 
58.0 56.0 61.0 58.0 
55.0 60.0 58.0 62.0 
59.0 57.0 62.0 57.0 
171.0 86.0 68.0 68.0 
55.0 57.0 60.0 57.0 
54.0 61.0 57.0 62.0 
53.0 62.0 59.0 60.0 
170.0 83.0 69.0 69.0 
56.0 59.0 58.0 61.0 
56.0 60.0 57.0 62.0 
58.0 59.0 58.0 63.0 
169.0 83.0 67.0 71.0 
57.0 58.0 57.0 62.0 
60.0 57.0 60.0 59.0 
54.0 61.0 59.0 62.0 
169.0 82.0 70.0 68.0 
56.0 59.0 57.0 60.0 
58.0 57.0 61.0 59.0 
54.0 59.0 60.0 58.0 
164.0 84.0 67.0 71.0 
53.0 60.0 57.0 62.0 
56.0 59.0 60.0 59.0 
53.0 62.0 60.0 61.0 
164.0 84.0 66.0 72.0 
59.0 55.0 62.0 59.0 
54.0 61.0 59.0 62.0 
57.0 61.0 60.0 61.0 
162.0 83.0 67.0 71.0 
56.0 59.0 57.0 62.0 
59.0 58.0 59.0 62.0 
59.0 57.0 60.0 60.0 
162.0 81.0 68.0 69.0 
56.0 58.0 58.0 61.0 
59.0 57.0 61.0 58.0 
55.0 59.0 62.0 57.0 
158.0 83.0 66.0 69.0 
56.0 60.0 57.0 61.0 
55.0 61.0 58.0 62.0 
61.0 57.0 61.0 59.0 
162.0 85.0 66.0 73.0 
56.0 59.0 59.0 59.0 
53.0 60.0 59.0 60.0 
54.0 61.0 59.0 63.0 
163.0 85.0 67.0 69.0 
60.0 56.0 61.0 57.0 
56.0 58.0 59.0 61.0 
56.0 59.0 63.0 58.0 
154.0 82.0 69.0 70.0 
59.0 56.0 59.0 61.0 
55.0 61.0 58.0 59.0 
57.0 61.0 58.0 61.0 
162.0 86.0 66.0 74.0 
59.0 57.0 59.0 61.0 
56.0 61.0 58.0 62.0 
59.0 58.0 61.0 61.0 
159.0 86.0 66.0 71.0 
58.0 58.0 58.0 57.0 
54.0 61.0 58.0 62.0 
59.0 58.0 61.0 59.0 
160.0 86.0 66.0 72.0 
59.0 58.0 60.0 59.0 
58.0 59.0 60.0 59.0 
60.0 57.0 62.0 58.0 
163.0 83.0 67.0 70.0 
55.0 59.0 58.0 60.0 
55.0 59.0 62.0 57.0 
55.0 60.0 62.0 59.0 
152.0 81.0 67.0 69.0 
55.0 60.0 57.0 58.0 
55.0 60.0 61.0 57.0 
54.0 62.0 60.0 62.0 
151.0 82.0 67.0 68.0 
56.0 61.0 57.0 62.0 
56.0 59.0 60.0 61.0 
56.0 59.0 62.0 58.0 
160.0 85.0 66.0 72.0 
56.0 61.0 57.0 61.0 
61.0 56.0 61.0 58.0 
57.0 58.0 61.0 58.0 
159.0 79.0 68.0 69.0 
59.0 56.0 62.0 57.0 
55.0 60.0 58.0 62.0 
59.0 58.0 62.0 57.0 
158.0 82.0 67.0 68.0 
53.0 60.0 59.0 57.0 
60.0 57.0 60.0 60.0 
58.0 58.0 61.0 58.0 
160.0 85.0 65.0 72.0 
57.0 59.0 56.0 56.0 
53.0 61.0 59.0 60.0 
58.0 59.0 60.0 60.0 
163.0 80.0 68.0 68.0 
54.0 60.0 58.0 61.0 
57.0 59.0 60.0 59.0 
58.0 58.0 61.0 60.0 
160.0 82.0 66.0 70.0 
59.0 56.0 60.0 58.0 
58.0 58.0 60.0 59.0 
59.0 57.0 62.0 59.0 
160.0 81.0 67.0 71.0 
59.0 55.0 61.0 56.0 
55.0 59.0 59.0 58.0 
57.0 61.0 58.0 61.0 
155.0 83.0 65.0 70.0 
56.0 59.0 57.0 62.0 
56.0 62.0 59.0 62.0 
59.0 57.0 62.0 59.0 
157.0 79.0 69.0 66.0 
55.0 58.0 59.0 59.0 
60.0 58.0 62.0 57.0 
55.0 61.0 59.0 62.0 
154.0 83.0 65.0 73.0 
59.0 55.0 62.0 57.0 
57.0 58.0 60.0 58.0 
59.0 58.0 62.0 59.0 
159.0 81.0 66.0 72.0 
59.0 56.0 61.0 59.0 
54.0 62.0 59.0 61.0 
53.0 62.0 58.0 63.0 
159.0 78.0 68.0 68.0 
56.0 58.0 59.0 58.0 
56.0 61.0 59.0 60.0 
56.0 62.0 60.0 60.0 
154.0 83.0 65.0 71.0 
57.0 59.0 59.0 60.0 
54.0 61.0 58.0 63.0 
59.0 57.0 61.0 58.0 
153.0 82.0 66.0 70.0 
55.0 60.0 58.0 60.0 
55.0 60.0 60.0 59.0 
58.0 58.0 60.0 63.0 
160.0 81.0 68.0 68.0 
54.0 61.0 57.0 61.0 
59.0 56.0 62.0 59.0 
59.0 57.0 62.0 58.0 
150.0 76.0 67.0 70.0 
59.0 56.0 61.0 56.0 
55.0 60.0 59.0 62.0 
60.0 57.0 63.0 58.0 
146.0 79.0 65.0 69.0 
57.0 55.0 60.0 58.0 
57.0 57.0 62.0 58.0 
54.0 59.0 62.0 59.0 
147.0 79.0 65.0 71.0 
56.0 57.0 60.0 57.0 
56.0 58.0 63.0 57.0 
53.0 61.0 59.0 62.0 
151.0 75.0 69.0 68.0 
54.0 60.0 59.0 58.0 
55.0 59.0 61.0 57.0 
56.0 62.0 58.0 63.0 
148.0 76.0 67.0 68.0 
56.0 58.0 60.0 61.0 
57.0 59.0 60.0 62.0 
57.0 59.0 60.0 60.0 
143.0 80.0 64.0 72.0 
56.0 59.0 59.0 60.0 
59.0 56.0 63.0 59.0 
56.0 59.0 62.0 57.0 
143.0 76.0 69.0 66.0 
54.0 60.0 58.0 60.0 
54.0 59.0 60.0 58.0 
57.0 62.0 59.0 62.0 
146.0 75.0 69.0 67.0 
54.0 60.0 59.0 60.0 
54.0 62.0 58.0 62.0 
58.0 59.0 61.0 57.0 
145.0 79.0 64.0 71.0 
60.0 57.0 61.0 58.0 
59.0 56.0 63.0 58.0 
58.0 59.0 61.0 60.0 
146.0 76.0 68.0 68.0 
57.0 58.0 59.0 61.0 
59.0 57.0 59.0 59.0 
60.0 57.0 63.0 58.0 
147.0 74.0 68.0 68.0 
57.0 58.0 61.0 58.0 
59.0 58.0 57.0 62.0 
59.0 59.0 60.0 61.0 
144.0 78.0 65.0 71.0 
60.0 56.0 60.0 59.0 
59.0 56.0 60.0 59.0 
56.0 59.0 62.0 58.0 
142.0 76.0 66.0 70.0 
57.0 59.0 59.0 59.0 
54.0 61.0 58.0 63.0 
58.0 60.0 60.0 61.0 
141.0 74.0 68.0 68.0 
54.0 60.0 59.0 60.0 
57.0 60.0 61.0 61.0 
60.0 58.0 62.0 58.0 
134.0 77.0 65.0 69.0 
54.0 62.0 57.0 61.0 
60.0 56.0 62.0 58.0 
57.0 62.0 59.0 61.0 
136.0 77.0 67.0 68.0 
53.0 60.0 58.0 58.0 
55.0 58.0 62.0 57.0 
55.0 62.0 58.0 62.0 
131.0 75.0 66.0 67.0 
57.0 59.0 59.0 60.0 
60.0 58.0 61.0 58.0 
55.0 61.0 58.0 64.0 
138.0 74.0 68.0 68.0 
60.0 56.0 61.0 58.0 
54.0 61.0 57.0 63.0 
58.0 59.0 59.0 60.0 
141.0 73.0 68.0 67.0 
59.0 56.0 62.0 57.0 
56.0 60.0 60.0 61.0 
59.0 59.0 60.0 61.0 
134.0 77.0 64.0 70.0 
56.0 58.0 59.0 59.0 
55.0 60.0 60.0 58.0 
54.0 60.0 60.0 57.0 
135.0 77.0 64.0 72.0 
59.0 57.0 58.0 58.0 
57.0 59.0 60.0 62.0 
58.0 59.0 61.0 58.0 
139.0 71.0 67.0 67.0 
54.0 61.0 57.0 63.0 
55.0 59.0 61.0 58.0 
57.0 62.0 58.0 62.0 
132.0 75.0 64.0 70.0 
57.0 58.0 60.0 59.0 
55.0 61.0 58.0 63.0 
57.0 59.0 60.0 62.0 
131.0 73.0 66.0 67.0 
59.0 56.0 61.0 56.0 
56.0 60.0 59.0 61.0 
61.0 57.0 62.0 57.0 
129.0 75.0 65.0 68.0 
56.0 61.0 58.0 59.0 
58.0 57.0 63.0 56.0 
54.0 60.0 60.0 58.0 
128.0 74.0 64.0 69.0 
57.0 59.0 59.0 59.0 
56.0 59.0 60.0 58.0 
57.0 62.0 57.0 62.0 
132.0 72.0 68.0 65.0 
55.0 61.0 57.0 62.0 
58.0 59.0 58.0 62.0 
60.0 58.0 63.0 58.0 
131.0 71.0 67.0 66.0 
56.0 58.0 59.0 59.0 
58.0 58.0 59.0 60.0 
61.0 57.0 62.0 60.0 
129.0 71.0 68.0 65.0 
57.0 58.0 59.0 61.0 
61.0 57.0 62.0 58.0 
55.0 60.0 62.0 58.0 
125.0 71.0 67.0 66.0 
56.0 59.0 61.0 57.0 
58.0 61.0 58.0 62.0 
61.0 58.0 61.0 60.0 
124.0 75.0 65.0 69.0 
60.0 58.0 59.0 62.0 
57.0 59.0 58.0 62.0 
57.0 58.0 62.0 58.0 
125.0 74.0 65.0 67.0 
56.0 61.0 57.0 62.0 
55.0 62.0 59.0 61.0 
60.0 58.0 60.0 60.0 
128.0 71.0 68.0 66.0 
57.0 58.0 59.0 58.0 
60.0 58.0 59.0 60.0 
59.0 58.0 63.0 58.0 
124.0 76.0 64.0 70.0 
56.0 60.0 57.0 61.0 
58.0 59.0 59.0 61.0 
57.0 61.0 59.0 62.0 
125.0 76.0 63.0 68.0 
57.0 59.0 56.0 62.0 
55.0 62.0 59.0 62.0 
60.0 57.0 63.0 58.0 
126.0 73.0 65.0 69.0 
57.0 58.0 59.0 60.0 
55.0 61.0 58.0 62.0 
61.0 57.0 63.0 59.0 
126.0 73.0 66.0 69.0 
56.0 59.0 59.0 58.0 
55.0 61.0 59.0 61.0 
56.0 61.0 59.0 63.0 
122.0 75.0 64.0 68.0 
55.0 61.0 57.0 59.0 
57.0 60.0 59.0 60.0 
55.0 63.0 58.0 62.0 
124.0 75.0 64.0 69.0 
58.0 61.0 58.0 60.0 
54.0 61.0 60.0 59.0 
57.0 60.0 58.0 62.0 
128.0 71.0 68.0 66.0 
55.0 59.0 59.0 59.0 
55.0 61.0 58.0 61.0 
61.0 58.0 63.0 58.0 
124.0 75.0 64.0 69.0 
58.0 58.0 61.0 57.0 
57.0 58.0 60.0 58.0 
58.0 60.0 60.0 60.0 
123.0 72.0 66.0 67.0 
58.0 58.0 59.0 60.0 
62.0 57.0 61.0 59.0 
61.0 58.0 62.0 57.0 
121.0 75.0 65.0 67.0 
55.0 61.0 57.0 62.0 
57.0 59.0 59.0 62.0 
60.0 57.0 62.0 60.0 
126.0 70.0 66.0 69.0 
59.0 58.0 61.0 56.0 
59.0 57.0 62.0 58.0 
56.0 62.0 58.0 62.0 
121.0 75.0 64.0 70.0 
58.0 57.0 60.0 59.0 
55.0 62.0 58.0 63.0 
60.0 58.0 61.0 60.0 
122.0 73.0 66.0 67.0 
59.0 57.0 59.0 57.0 
58.0 59.0 59.0 60.0 
55.0 61.0 58.0 62.0 
125.0 71.0 67.0 67.0 
61.0 58.0 60.0 60.0 
58.0 58.0 62.0 57.0 
59.0 58.0 62.0 58.0 
125.0 72.0 65.0 68.0 
57.0 56.0 60.0 60.0 
57.0 62.0 58.0 61.0 
58.0 60.0 58.0 63.0 
122.0 75.0 65.0 68.0 
59.0 59.0 59.0 59.0 
60.0 56.0 62.0 59.0 
56.0 60.0 61.0 57.0 
125.0 71.0 67.0 66.0 
60.0 57.0 60.0 59.0 
57.0 59.0 60.0 59.0 
55.0 62.0 59.0 62.0 
122.0 75.0 64.0 70.0 
60.0 55.0 62.0 57.0 
55.0 62.0 57.0 63.0 
58.0 59.0 60.0 61.0 
125.0 72.0 66.0 68.0 
60.0 56.0 62.0 57.0 
56.0 59.0 61.0 61.0 
59.0 60.0 58.0 63.0 
127.0 70.0 67.0 71.0 
61.0 56.0 60.0 60.0 
58.0 59.0 59.0 63.0 
60.0 58.0 63.0 59.0 
125.0 73.0 67.0 65.0 
56.0 61.0 57.0 61.0 
57.0 59.0 59.0 62.0 
58.0 61.0 58.0 60.0 
126.0 75.0 65.0 69.0 
60.0 58.0 59.0 60.0 
58.0 59.0 59.0 63.0 
58.0 58.0 63.0 57.0 
122.0 72.0 66.0 66.0 
55.0 61.0 58.0 60.0 
60.0 57.0 61.0 60.0 
60.0 57.0 62.0 60.0 
125.0 72.0 67.0 67.0 
59.0 57.0 59.0 58.0 
60.0 58.0 61.0 63.0 
61.0 57.0 60.0 61.0 
124.0 75.0 64.0 70.0 
55.0 59.0 60.0 57.0 
55.0 62.0 58.0 62.0 
60.0 58.0 60.0 60.0 
127.0 71.0 66.0 68.0 
57.0 59.0 60.0 59.0 
55.0 61.0 59.0 62.0 
60.0 57.0 63.0 57.0 
121.0 74.0 65.0 68.0 
59.0 57.0 59.0 59.0 
60.0 58.0 60.0 58.0 
55.0 62.0 59.0 61.0 
122.0 76.0 64.0 68.0 
55.0 61.0 59.0 60.0 
60.0 58.0 60.0 60.0 
61.0 56.0 63.0 58.0 
127.0 70.0 67.0 68.0 
58.0 57.0 61.0 58.0 
55.0 64.0 58.0 62.0 
60.0 58.0 59.0 59.0 
123.0 72.0 67.0 65.0 
55.0 61.0 57.0 61.0 
55.0 61.0 58.0 62.0 
61.0 57.0 61.0 58.0 
123.0 74.0 65.0 69.0 
60.0 55.0 62.0 58.0 
58.0 57.0 62.0 58.0 
58.0 59.0 61.0 60.0 
125.0 70.0 68.0 65.0 
58.0 58.0 59.0 59.0 
59.0 58.0 62.0 58.0 
58.0 59.0 61.0 59.0 
127.0 70.0 68.0 65.0 
55.0 61.0 58.0 61.0 
61.0 56.0 62.0 59.0 
56.0 60.0 62.0 57.0 
127.0 71.0 66.0 68.0 
58.0 58.0 61.0 57.0 
57.0 58.0 62.0 59.0 
58.0 59.0 59.0 61.0 
126.0 70.0 67.0 66.0 
56.0 59.0 58.0 60.0 
55.0 61.0 57.0 62.0 
57.0 60.0 60.0 59.0 
121.0 73.0 65.0 69.0 
59.0 56.0 60.0 60.0 
56.0 59.0 59.0 61.0 
61.0 56.0 62.0 60.0 
124.0 72.0 67.0 67.0 
54.0 61.0 56.0 61.0 
55.0 61.0 59.0 61.0 
56.0 62.0 58.0 62.0 
125.0 72.0 65.0 67.0 
59.0 58.0 60.0 60.0 
58.0 59.0 58.0 61.0 
59.0 59.0 59.0 64.0 
126.0 70.0 66.0 66.0 
55.0 60.0 57.0 60.0 
57.0 59.0 60.0 60.0 
54.0 60.0 61.0 60.0 
122.0 75.0 65.0 68.0 
59.0 58.0 59.0 59.0 
60.0 57.0 61.0 59.0 
55.0 62.0 58.0 63.0 
122.0 75.0 64.0 68.0 
60.0 56.0 61.0 56.0 
56.0 58.0 61.0 58.0 
56.0 60.0 60.0 60.0 
122.0 75.0 64.0 70.0 
59.0 58.0 59.0 58.0 
54.0 61.0 58.0 63.0 
60.0 57.0 61.0 59.0 
127.0 72.0 66.0 71.0 
60.0 57.0 58.0 62.0 
55.0 61.0 58.0 61.0 
59.0 59.0 59.0 61.0 
126.0 70.0 68.0 65.0 
58.0 58.0 59.0 57.0 
57.0 61.0 58.0 62.0 
60.0 58.0 62.0 60.0 
125.0 71.0 69.0 64.0 
57.0 61.0 57.0 61.0 
56.0 57.0 62.0 58.0 
55.0 62.0 57.0 63.0 
125.0 72.0 67.0 66.0 
57.0 58.0 60.0 59.0 
57.0 58.0 60.0 61.0 
61.0 58.0 59.0 60.0 
126.0 71.0 66.0 66.0 
54.0 61.0 57.0 61.0 
54.0 61.0 59.0 61.0 
58.0 60.0 58.0 61.0 
128.0 73.0 63.0 70.0 
59.0 58.0 57.0 62.0 
57.0 61.0 59.0 60.0 
57.0 61.0 57.0 63.0 
124.0 73.0 66.0 65.0 
57.0 56.0 62.0 57.0 
54.0 61.0 57.0 63.0 
60.0 57.0 62.0 59.0 
123.0 75.0 64.0 69.0 
60.0 57.0 60.0 59.0 
61.0 56.0 61.0 59.0 
54.0 62.0 58.0 63.0 
128.0 70.0 69.0 66.0 
61.0 56.0 61.0 57.0 
54.0 61.0 58.0 60.0 
56.0 61.0 59.0 64.0 
123.0 75.0 66.0 67.0 
58.0 60.0 57.0 57.0 
56.0 58.0 63.0 60.0 
56.0 60.0 59.0 60.0 
124.0 73.0 68.0 65.0 
54.0 59.0 58.0 59.0 
60.0 59.0 60.0 60.0 
57.0 60.0 60.0 59.0 
122.0 74.0 64.0 68.0 
60.0 56.0 61.0 57.0 
58.0 57.0 62.0 58.0 
57.0 61.0 58.0 63.0 
123.0 75.0 63.0 69.0 
56.0 59.0 58.0 62.0 
58.0 58.0 61.0 59.0 
58.0 59.0 61.0 58.0 
123.0 74.0 64.0 70.0 
59.0 56.0 61.0 56.0 
57.0 59.0 60.0 58.0 
54.0 62.0 60.0 60.0 
123.0 72.0 69.0 65.0 
58.0 57.0 58.0 61.0 
60.0 57.0 62.0 59.0 
56.0 61.0 58.0 61.0 
124.0 72.0 67.0 66.0 
57.0 60.0 56.0 62.0 
57.0 60.0 58.0 65.0 
58.0 59.0 60.0 58.0 
128.0 70.0 68.0 67.0 
55.0 60.0 58.0 60.0 
54.0 61.0 58.0 63.0 
58.0 59.0 63.0 58.0 
130.0 70.0 68.0 67.0 
59.0 56.0 61.0 60.0 
55.0 61.0 58.0 60.0 
55.0 62.0 60.0 60.0 
124.0 74.0 66.0 69.0 
61.0 55.0 61.0 57.0 
55.0 62.0 60.0 59.0 
55.0 60.0 60.0 56.0 
123.0 75.0 65.0 68.0 
59.0 58.0 58.0 61.0 
59.0 59.0 60.0 61.0 
56.0 61.0 60.0 59.0 
126.0 70.0 69.0 65.0 
54.0 61.0 57.0 60.0 
55.0 61.0 57.0 62.0 
58.0 59.0 60.0 63.0 
123.0 73.0 66.0 68.0 
56.0 59.0 58.0 60.0 
55.0 60.0 59.0 61.0 
55.0 61.0 58.0 63.0 
123.0 72.0 66.0 65.0 
57.0 58.0 58.0 60.0 
60.0 56.0 62.0 58.0 
60.0 59.0 61.0 59.0 
127.0 71.0 66.0 69.0 
60.0 58.0 58.0 62.0 
55.0 60.0 59.0 59.0 
55.0 62.0 58.0 61.0 
122.0 76.0 64.0 70.0 
58.0 58.0 60.0 57.0 
57.0 56.0 62.0 59.0 
57.0 60.0 61.0 58.0 
124.0 72.0 68.0 64.0 
55.0 60.0 56.0 57.0 
57.0 61.0 58.0 64.0 
59.0 57.0 61.0 59.0 
126.0 71.0 67.0 66.0 
59.0 55.0 62.0 55.0 
60.0 57.0 63.0 59.0 
60.0 57.0 61.0 57.0 
125.0 72.0 67.0 66.0 
58.0 58.0 59.0 58.0 
60.0 57.0 61.0 60.0 
57.0 59.0 61.0 58.0 
126.0 72.0 63.0 68.0 
59.0 57.0 58.0 60.0 
58.0 60.0 59.0 62.0 
62.0 58.0 61.0 59.0 
126.0 71.0 68.0 65.0 
55.0 60.0 59.0 59.0 
55.0 61.0 58.0 61.0 
61.0 57.0 61.0 58.0 
121.0 74.0 66.0 68.0 
56.0 58.0 59.0 59.0 
59.0 59.0 59.0 60.0 
57.0 61.0 60.0 62.0 
128.0 71.0 65.0 67.0 
60.0 56.0 62.0 57.0 
54.0 62.0 57.0 61.0 
55.0 61.0 58.0 63.0 
123.0 75.0 64.0 70.0 
59.0 56.0 62.0 57.0 
61.0 59.0 58.0 62.0 
58.0 62.0 57.0 62.0 
126.0 73.0 64.0 69.0 
58.0 59.0 58.0 57.0 
56.0 61.0 57.0 63.0 
60.0 57.0 62.0 58.0 
123.0 73.0 64.0 70.0 
58.0 57.0 61.0 57.0 
61.0 58.0 60.0 60.0 
56.0 61.0 59.0 60.0 
124.0 72.0 66.0 67.0 
58.0 58.0 60.0 58.0 
57.0 59.0 61.0 60.0 
61.0 57.0 62.0 59.0 
127.0 71.0 69.0 66.0 
58.0 56.0 61.0 56.0 
55.0 61.0 58.0 62.0 
58.0 58.0 63.0 59.0 
124.0 72.0 66.0 69.0 
61.0 57.0 58.0 62.0 
58.0 59.0 58.0 63.0 
60.0 59.0 61.0 57.0 
122.0 75.0 64.0 69.0 
55.0 61.0 57.0 61.0 
60.0 57.0 61.0 59.0 
54.0 62.0 59.0 63.0 
121.0 74.0 64.0 68.0 
59.0 57.0 60.0 58.0 
60.0 56.0 62.0 57.0 
58.0 59.0 59.0 61.0 
120.0 75.0 64.0 71.0 
58.0 58.0 60.0 59.0 
55.0 61.0 57.0 63.0 
57.0 61.0 58.0 63.0 
127.0 70.0 68.0 67.0 
58.0 58.0 59.0 61.0 
61.0 58.0 61.0 60.0 
61.0 58.0 59.0 63.0 
124.0 73.0 65.0 68.0 
59.0 57.0 60.0 61.0 
55.0 60.0 61.0 60.0 
58.0 60.0 60.0 61.0 
122.0 73.0 66.0 67.0 
58.0 58.0 59.0 59.0 
59.0 57.0 61.0 59.0 
55.0 61.0 60.0 60.0 
118.0 74.0 63.0 70.0 
59.0 58.0 60.0 59.0 
56.0 60.0 59.0 62.0 
60.0 58.0 61.0 60.0 
122.0 72.0 65.0 67.0 
55.0 61.0 58.0 59.0 
59.0 56.0 62.0 58.0 
60.0 59.0 61.0 61.0 
119.0 73.0 64.0 67.0 
54.0 58.0 60.0 57.0 
54.0 59.0 60.0 58.0 
56.0 61.0 61.0 58.0 
119.0 71.0 64.0 66.0 
59.0 57.0 61.0 58.0 
58.0 58.0 62.0 58.0 
55.0 62.0 60.0 61.0 
120.0 72.0 63.0 66.0 
60.0 57.0 60.0 58.0 
58.0 58.0 62.0 58.0 
55.0 62.0 58.0 63.0 
119.0 72.0 65.0 67.0 
61.0 56.0 62.0 61.0 
58.0 60.0 59.0 63.0 
59.0 59.0 60.0 62.0 
123.0 70.0 66.0 65.0 
57.0 58.0 60.0 59.0 
58.0 60.0 58.0 62.0 
58.0 58.0 63.0 57.0 
120.0 71.0 66.0 65.0 
55.0 59.0 62.0 57.0 
61.0 56.0 63.0 58.0 
57.0 60.0 60.0 60.0 
120.0 73.0 63.0 69.0 
60.0 56.0 62.0 57.0 
56.0 59.0 59.0 62.0 
60.0 57.0 63.0 57.0 
120.0 74.0 62.0 67.0 
60.0 57.0 59.0 60.0 
61.0 57.0 61.0 60.0 
55.0 62.0 58.0 64.0 
124.0 71.0 64.0 67.0 
56.0 59.0 60.0 58.0 
58.0 58.0 61.0 58.0 
58.0 59.0 61.0 58.0 
125.0 68.0 67.0 64.0 
56.0 61.0 57.0 62.0 
54.0 61.0 59.0 60.0 
57.0 63.0 59.0 61.0 
123.0 68.0 67.0 65.0 
57.0 58.0 61.0 56.0 
59.0 57.0 62.0 58.0 
57.0 62.0 59.0 63.0 
120.0 73.0 64.0 67.0 
60.0 56.0 61.0 62.0 
58.0 58.0 60.0 58.0 
56.0 62.0 58.0 63.0 
122.0 72.0 64.0 66.0 
57.0 59.0 59.0 61.0 
58.0 61.0 60.0 62.0 
61.0 58.0 60.0 60.0 
118.0 73.0 63.0 68.0 
57.0 60.0 57.0 62.0 
60.0 57.0 62.0 58.0 
58.0 61.0 58.0 62.0 
116.0 70.0 67.0 64.0 
56.0 57.0 61.0 59.0 
59.0 62.0 58.0 62.0 
60.0 59.0 60.0 63.0 
113.0 66.0 67.0 64.0 
57.0 59.0 60.0 59.0 
56.0 59.0 60.0 60.0 
62.0 59.0 60.0 60.0 
98.0 68.0 63.0 67.0 
61.0 59.0 60.0 59.0 
56.0 61.0 58.0 61.0 
63.0 57.0 63.0 58.0 
99.0 67.0 64.0 66.0 
62.0 57.0 61.0 57.0 
57.0 60.0 58.0 62.0 
60.0 60.0 60.0 61.0 
105.0 67.0 65.0 62.0 
59.0 58.0 60.0 59.0 
62.0 57.0 62.0 58.0 
56.0 61.0 60.0 58.0 
99.0 69.0 64.0 68.0 
62.0 55.0 61.0 62.0 
63.0 57.0 60.0 58.0 
56.0 63.0 58.0 62.0 
101.0 68.0 65.0 65.0 
60.0 58.0 59.0 59.0 
59.0 60.0 61.0 60.0 
59.0 60.0 61.0 60.0 
105.0 69.0 64.0 65.0 
55.0 60.0 57.0 63.0 
60.0 58.0 61.0 60.0 
59.0 60.0 60.0 61.0 
112.0 73.0 62.0 68.0 
57.0 59.0 59.0 60.0 
58.0 59.0 60.0 60.0 
56.0 63.0 57.0 64.0 
104.0 72.0 63.0 67.0 
62.0 57.0 59.0 62.0 
59.0 61.0 59.0 58.0 
56.0 61.0 60.0 58.0 
105.0 69.0 67.0 65.0 
59.0 60.0 59.0 59.0 
62.0 57.0 61.0 60.0 
59.0 59.0 63.0 58.0 
109.0 67.0 65.0 63.0 
57.0 61.0 58.0 61.0 
56.0 61.0 60.0 60.0 
59.0 61.0 58.0 64.0 
90.0 70.0 65.0 64.0 
56.0 61.0 57.0 62.0 
62.0 57.0 62.0 58.0 
61.0 58.0 62.0 59.0 
106.0 65.0 65.0 66.0 
62.0 57.0 61.0 63.0 
59.0 59.0 60.0 61.0 
59.0 60.0 58.0 63.0 
105.0 66.0 64.0 67.0 
61.0 59.0 59.0 62.0 
60.0 58.0 62.0 60.0 
57.0 59.0 61.0 61.0 
107.0 65.0 66.0 63.0 
56.0 61.0 57.0 61.0 
57.0 62.0 57.0 62.0 
58.0 60.0 59.0 62.0 
100.0 69.0 63.0 64.0 
60.0 59.0 58.0 63.0 
59.0 60.0 59.0 63.0 
61.0 58.0 63.0 58.0 
109.0 70.0 62.0 68.0 
59.0 59.0 59.0 60.0 
59.0 59.0 61.0 59.0 
57.0 62.0 60.0 60.0 
116.0 68.0 65.0 64.0 
60.0 56.0 62.0 56.0 
56.0 61.0 60.0 60.0 
58.0 63.0 59.0 59.0 
111.0 71.0 64.0 65.0 
59.0 61.0 57.0 62.0 
55.0 61.0 60.0 61.0 
60.0 60.0 61.0 61.0 
114.0 70.0 65.0 64.0 
58.0 58.0 59.0 60.0 
61.0 56.0 62.0 58.0 
57.0 62.0 59.0 63.0 
114.0 70.0 67.0 63.0 
58.0 61.0 57.0 59.0 
59.0 58.0 59.0 61.0 
57.0 62.0 58.0 63.0 
107.0 66.0 65.0 64.0 
62.0 56.0 61.0 59.0 
56.0 62.0 60.0 61.0 
57.0 62.0 59.0 63.0 
106.0 70.0 63.0 68.0 
62.0 57.0 59.0 60.0 
59.0 62.0 58.0 60.0 
61.0 60.0 60.0 63.0 
99.0 70.0 63.0 67.0 
61.0 58.0 59.0 60.0 
61.0 58.0 59.0 60.0 
59.0 60.0 60.0 60.0 
104.0 68.0 65.0 65.0 
60.0 59.0 59.0 60.0 
61.0 58.0 61.0 59.0 
56.0 62.0 59.0 63.0 
114.0 70.0 64.0 66.0 
61.0 56.0 61.0 58.0 
57.0 60.0 59.0 61.0 
58.0 61.0 58.0 63.0 
114.0 67.0 65.0 65.0 
61.0 56.0 61.0 57.0 
58.0 59.0 59.0 61.0 
61.0 59.0 59.0 62.0 
111.0 67.0 64.0 67.0 
59.0 56.0 60.0 57.0 
62.0 56.0 63.0 59.0 
56.0 62.0 58.0 64.0 
106.0 72.0 63.0 67.0 
60.0 56.0 61.0 62.0 
62.0 57.0 61.0 60.0 
57.0 61.0 60.0 61.0 
113.0 67.0 65.0 64.0 
56.0 60.0 57.0 60.0 
60.0 61.0 60.0 61.0 
61.0 58.0 60.0 59.0 
113.0 69.0 65.0 66.0 
60.0 57.0 61.0 57.0 
58.0 60.0 59.0 63.0 
63.0 59.0 62.0 60.0 
105.0 71.0 63.0 67.0 
60.0 56.0 61.0 58.0 
61.0 58.0 59.0 63.0 
60.0 61.0 58.0 61.0 
112.0 67.0 66.0 65.0 
57.0 59.0 58.0 60.0 
55.0 61.0 58.0 63.0 
62.0 58.0 61.0 60.0 
104.0 69.0 65.0 65.0 
56.0 61.0 57.0 62.0 
62.0 58.0 61.0 61.0 
59.0 60.0 63.0 58.0 
109.0 69.0 65.0 65.0 
56.0 61.0 59.0 60.0 
61.0 56.0 62.0 59.0 
63.0 57.0 62.0 59.0 
106.0 68.0 64.0 67.0 
62.0 58.0 60.0 59.0 
56.0 61.0 57.0 62.0 
59.0 59.0 60.0 60.0 
102.0 69.0 66.0 63.0 
57.0 59.0 59.0 62.0 
62.0 56.0 62.0 59.0 
58.0 59.0 62.0 59.0 
102.0 69.0 64.0 66.0 
61.0 57.0 60.0 59.0 
57.0 62.0 60.0 60.0 
60.0 60.0 58.0 63.0 
109.0 69.0 66.0 63.0 
56.0 62.0 57.0 62.0 
56.0 62.0 59.0 63.0 
63.0 57.0 62.0 59.0 
107.0 69.0 64.0 66.0 
56.0 61.0 59.0 61.0 
63.0 57.0 61.0 60.0 
61.0 58.0 62.0 57.0 
101.0 70.0 65.0 66.0 
60.0 57.0 60.0 59.0 
61.0 59.0 61.0 61.0 
61.0 58.0 61.0 61.0 
111.0 72.0 65.0 65.0 
60.0 56.0 60.0 58.0 
59.0 57.0 61.0 59.0 
57.0 60.0 61.0 57.0 
112.0 69.0 67.0 64.0 
55.0 60.0 58.0 60.0 
56.0 60.0 59.0 61.0 
61.0 58.0 62.0 59.0 
112.0 68.0 67.0 64.0 
56.0 61.0 58.0 61.0 
55.0 62.0 58.0 63.0 
59.0 59.0 61.0 61.0 
112.0 70.0 66.0 65.0 
55.0 61.0 59.0 60.0 
62.0 56.0 60.0 60.0 
62.0 57.0 62.0 58.0 
111.0 70.0 64.0 66.0 
58.0 57.0 63.0 59.0 
57.0 60.0 62.0 59.0 
57.0 60.0 59.0 60.0 
112.0 67.0 65.0 66.0 
59.0 57.0 62.0 57.0 
62.0 57.0 60.0 60.0 
57.0 60.0 60.0 60.0 
106.0 70.0 65.0 64.0 
59.0 60.0 57.0 63.0 
59.0 61.0 57.0 63.0 
59.0 60.0 60.0 60.0 
106.0 72.0 63.0 66.0 
62.0 56.0 60.0 58.0 
59.0 59.0 60.0 60.0 
61.0 58.0 60.0 60.0 
112.0 69.0 65.0 65.0 
58.0 58.0 60.0 59.0 
56.0 61.0 58.0 63.0 
61.0 58.0 62.0 59.0 
104.0 71.0 63.0 65.0 
56.0 60.0 60.0 59.0 
59.0 58.0 62.0 57.0 
56.0 61.0 59.0 62.0 
107.0 69.0 64.0 66.0 
58.0 59.0 59.0 59.0 
57.0 61.0 59.0 62.0 
62.0 57.0 63.0 59.0 
106.0 69.0 63.0 67.0 
60.0 58.0 60.0 59.0 
56.0 60.0 59.0 61.0 
61.0 58.0 61.0 60.0 
110.0 66.0 66.0 64.0 
61.0 57.0 60.0 58.0 
60.0 59.0 63.0 58.0 
60.0 59.0 61.0 59.0 
107.0 70.0 63.0 64.0 
57.0 61.0 58.0 61.0 
56.0 60.0 58.0 60.0 
57.0 61.0 61.0 58.0 
106.0 66.0 65.0 63.0 
56.0 60.0 58.0 59.0 
57.0 62.0 57.0 63.0 
59.0 61.0 61.0 57.0 
107.0 64.0 64.0 63.0 
56.0 60.0 58.0 60.0 
59.0 62.0 58.0 63.0 
63.0 58.0 60.0 61.0 
72.0 66.0 62.0 66.0 
59.0 58.0 60.0 59.0 
56.0 62.0 58.0 63.0 
60.0 61.0 59.0 62.0 
77.0 61.0 66.0 62.0 
61.0 57.0 61.0 57.0 
59.0 59.0 60.0 62.0 
64.0 57.0 63.0 58.0 
75.0 63.0 66.0 62.0 
57.0 59.0 61.0 58.0 
61.0 60.0 59.0 61.0 
60.0 59.0 59.0 63.0 
75.0 64.0 64.0 62.0 
59.0 59.0 59.0 61.0 
61.0 59.0 60.0 63.0 
63.0 57.0 62.0 59.0 
73.0 65.0 62.0 67.0 
61.0 57.0 61.0 57.0 
61.0 58.0 61.0 60.0 
58.0 61.0 59.0 62.0 
77.0 63.0 65.0 62.0 
61.0 57.0 60.0 58.0 
58.0 59.0 61.0 62.0 
63.0 58.0 63.0 58.0 
76.0 63.0 65.0 64.0 
60.0 57.0 60.0 59.0 
61.0 58.0 60.0 60.0 
60.0 58.0 63.0 60.0 
76.0 61.0 67.0 64.0 
60.0 56.0 60.0 58.0 
62.0 58.0 60.0 62.0 
61.0 57.0 62.0 59.0 
76.0 65.0 65.0 64.0 
60.0 56.0 61.0 57.0 
56.0 62.0 58.0 63.0 
63.0 57.0 62.0 58.0 
79.0 63.0 67.0 64.0 
56.0 61.0 59.0 60.0 
56.0 61.0 59.0 61.0 
62.0 58.0 62.0 60.0 
76.0 65.0 66.0 63.0 
57.0 59.0 59.0 59.0 
60.0 59.0 61.0 61.0 
63.0 59.0 61.0 60.0 
78.0 64.0 65.0 66.0 
58.0 59.0 60.0 60.0 
62.0 58.0 61.0 62.0 
63.0 57.0 61.0 61.0 
77.0 64.0 67.0 63.0 
