80.0 61.0 65.0 62.0 
53.0 61.0 57.0 59.0 
57.0 59.0 58.0 57.0 
58.0 61.0 56.0 62.0 
77.0 63.0 62.0 62.0 
56.0 59.0 57.0 58.0 
56.0 60.0 58.0 61.0 
63.0 57.0 61.0 57.0 
80.0 61.0 64.0 61.0 
55.0 56.0 58.0 58.0 
61.0 55.0 60.0 59.0 
61.0 55.0 62.0 56.0 
73.0 66.0 61.0 62.0 
57.0 59.0 57.0 60.0 
54.0 60.0 57.0 59.0 
58.0 62.0 57.0 59.0 
77.0 61.0 65.0 60.0 
56.0 56.0 61.0 55.0 
59.0 56.0 63.0 55.0 
55.0 63.0 56.0 62.0 
80.0 63.0 63.0 63.0 
55.0 60.0 58.0 60.0 
57.0 60.0 56.0 61.0 
62.0 56.0 60.0 58.0 
82.0 61.0 65.0 62.0 
53.0 61.0 55.0 61.0 
59.0 58.0 58.0 59.0 
60.0 56.0 59.0 58.0 
76.0 64.0 62.0 63.0 
54.0 60.0 55.0 61.0 
61.0 55.0 60.0 57.0 
58.0 59.0 58.0 60.0 
80.0 62.0 63.0 62.0 
57.0 57.0 60.0 57.0 
60.0 60.0 57.0 59.0 
56.0 61.0 61.0 59.0 
73.0 65.0 62.0 63.0 
59.0 57.0 59.0 59.0 
61.0 56.0 59.0 58.0 
55.0 61.0 56.0 62.0 
81.0 62.0 65.0 61.0 
53.0 60.0 56.0 60.0 
57.0 58.0 61.0 56.0 
59.0 59.0 57.0 62.0 
81.0 61.0 64.0 60.0 
58.0 57.0 59.0 56.0 
57.0 59.0 58.0 61.0 
59.0 58.0 60.0 60.0 
77.0 63.0 63.0 60.0 
57.0 59.0 58.0 58.0 
63.0 56.0 62.0 59.0 
59.0 59.0 57.0 61.0 
78.0 64.0 64.0 61.0 
57.0 56.0 60.0 56.0 
62.0 53.0 60.0 59.0 
58.0 58.0 61.0 57.0 
78.0 63.0 62.0 59.0 
58.0 59.0 55.0 61.0 
56.0 62.0 56.0 62.0 
57.0 59.0 58.0 60.0 
78.0 64.0 61.0 63.0 
61.0 57.0 58.0 58.0 
61.0 55.0 60.0 57.0 
55.0 61.0 57.0 61.0 
76.0 64.0 61.0 65.0 
61.0 57.0 59.0 59.0 
55.0 59.0 59.0 59.0 
56.0 62.0 56.0 62.0 
78.0 64.0 62.0 60.0 
58.0 59.0 56.0 61.0 
54.0 60.0 59.0 57.0 
56.0 60.0 61.0 56.0 
80.0 63.0 59.0 64.0 
61.0 59.0 56.0 60.0 
58.0 56.0 61.0 57.0 
54.0 61.0 58.0 60.0 
77.0 64.0 62.0 62.0 
59.0 57.0 59.0 57.0 
60.0 56.0 61.0 57.0 
58.0 60.0 58.0 62.0 
75.0 67.0 60.0 65.0 
61.0 56.0 59.0 56.0 
62.0 55.0 60.0 57.0 
59.0 58.0 59.0 58.0 
81.0 61.0 61.0 61.0 
63.0 56.0 61.0 56.0 
56.0 61.0 56.0 62.0 
59.0 60.0 59.0 59.0 
74.0 66.0 60.0 62.0 
55.0 55.0 60.0 57.0 
59.0 55.0 60.0 59.0 
60.0 60.0 57.0 61.0 
78.0 61.0 63.0 60.0 
54.0 54.0 59.0 57.0 
56.0 60.0 58.0 60.0 
63.0 56.0 62.0 57.0 
78.0 64.0 60.0 64.0 
57.0 57.0 58.0 56.0 
56.0 58.0 59.0 60.0 
62.0 58.0 59.0 59.0 
76.0 65.0 60.0 63.0 
61.0 57.0 58.0 58.0 
55.0 61.0 58.0 61.0 
60.0 60.0 57.0 62.0 
76.0 67.0 59.0 63.0 
56.0 60.0 56.0 61.0 
57.0 59.0 60.0 58.0 
56.0 62.0 56.0 58.0 
76.0 59.0 61.0 64.0 
62.0 59.0 56.0 61.0 
55.0 58.0 59.0 59.0 
58.0 61.0 57.0 61.0 
77.0 65.0 62.0 61.0 
57.0 60.0 56.0 60.0 
55.0 62.0 58.0 62.0 
60.0 55.0 62.0 58.0 
78.0 64.0 59.0 65.0 
59.0 55.0 61.0 56.0 
56.0 57.0 60.0 59.0 
61.0 57.0 60.0 56.0 
74.0 66.0 61.0 63.0 
61.0 57.0 59.0 59.0 
62.0 56.0 59.0 58.0 
56.0 62.0 56.0 59.0 
80.0 62.0 61.0 62.0 
56.0 56.0 58.0 60.0 
63.0 58.0 58.0 61.0 
59.0 59.0 56.0 60.0 
81.0 59.0 64.0 64.0 
59.0 57.0 61.0 54.0 
58.0 55.0 62.0 56.0 
55.0 62.0 57.0 61.0 
81.0 61.0 63.0 62.0 
55.0 59.0 58.0 58.0 
54.0 61.0 56.0 63.0 
63.0 57.0 60.0 58.0 
79.0 63.0 63.0 64.0 
55.0 60.0 57.0 60.0 
56.0 59.0 58.0 61.0 
63.0 55.0 62.0 58.0 
76.0 67.0 61.0 67.0 
58.0 57.0 58.0 59.0 
55.0 61.0 58.0 61.0 
63.0 58.0 59.0 59.0 
80.0 65.0 59.0 65.0 
58.0 61.0 58.0 57.0 
61.0 56.0 59.0 62.0 
62.0 58.0 60.0 59.0 
77.0 65.0 59.0 65.0 
58.0 57.0 59.0 57.0 
55.0 60.0 58.0 58.0 
59.0 59.0 58.0 62.0 
81.0 61.0 65.0 61.0 
61.0 54.0 61.0 56.0 
54.0 61.0 58.0 61.0 
53.0 61.0 58.0 62.0 
78.0 64.0 61.0 62.0 
54.0 61.0 57.0 60.0 
62.0 56.0 63.0 57.0 
61.0 56.0 61.0 56.0 
77.0 66.0 61.0 65.0 
63.0 55.0 56.0 61.0 
63.0 55.0 61.0 59.0 
58.0 57.0 63.0 57.0 
76.0 67.0 61.0 64.0 
59.0 56.0 56.0 60.0 
55.0 62.0 56.0 62.0 
62.0 57.0 61.0 57.0 
79.0 64.0 66.0 60.0 
55.0 61.0 56.0 61.0 
57.0 59.0 59.0 59.0 
62.0 57.0 60.0 58.0 
77.0 65.0 64.0 63.0 
58.0 58.0 57.0 59.0 
61.0 56.0 61.0 56.0 
58.0 59.0 61.0 58.0 
78.0 65.0 64.0 63.0 
57.0 59.0 58.0 58.0 
60.0 58.0 59.0 59.0 
62.0 56.0 62.0 57.0 
80.0 62.0 66.0 62.0 
55.0 58.0 59.0 54.0 
62.0 56.0 60.0 60.0 
58.0 59.0 61.0 56.0 
78.0 64.0 66.0 62.0 
62.0 54.0 60.0 59.0 
55.0 61.0 58.0 61.0 
55.0 62.0 57.0 62.0 
77.0 63.0 62.0 63.0 
55.0 60.0 55.0 61.0 
58.0 59.0 59.0 60.0 
58.0 59.0 60.0 60.0 
75.0 64.0 64.0 65.0 
61.0 55.0 60.0 55.0 
56.0 61.0 57.0 62.0 
58.0 59.0 58.0 60.0 
70.0 63.0 64.0 65.0 
55.0 60.0 56.0 61.0 
58.0 59.0 58.0 62.0 
61.0 56.0 61.0 58.0 
81.0 64.0 64.0 67.0 
60.0 58.0 57.0 61.0 
61.0 56.0 60.0 59.0 
56.0 60.0 58.0 59.0 
74.0 65.0 64.0 64.0 
56.0 61.0 57.0 59.0 
56.0 59.0 58.0 59.0 
59.0 59.0 58.0 59.0 
75.0 64.0 67.0 63.0 
58.0 58.0 57.0 59.0 
61.0 57.0 61.0 57.0 
56.0 61.0 58.0 60.0 
77.0 64.0 67.0 64.0 
56.0 61.0 56.0 61.0 
58.0 57.0 60.0 58.0 
56.0 62.0 56.0 62.0 
74.0 63.0 65.0 63.0 
61.0 55.0 59.0 58.0 
59.0 55.0 59.0 58.0 
61.0 57.0 60.0 60.0 
76.0 60.0 66.0 63.0 
57.0 57.0 59.0 56.0 
57.0 59.0 58.0 60.0 
61.0 58.0 59.0 61.0 
77.0 63.0 66.0 64.0 
55.0 59.0 56.0 60.0 
55.0 60.0 59.0 62.0 
60.0 57.0 62.0 57.0 
78.0 62.0 68.0 62.0 
57.0 58.0 57.0 58.0 
62.0 55.0 62.0 57.0 
60.0 58.0 60.0 58.0 
77.0 64.0 65.0 65.0 
60.0 55.0 59.0 60.0 
59.0 57.0 60.0 59.0 
61.0 57.0 59.0 58.0 
75.0 64.0 63.0 68.0 
60.0 57.0 57.0 61.0 
56.0 60.0 58.0 58.0 
58.0 62.0 57.0 60.0 
75.0 61.0 66.0 64.0 
60.0 55.0 59.0 58.0 
61.0 57.0 58.0 60.0 
58.0 58.0 60.0 59.0 
74.0 62.0 65.0 63.0 
60.0 58.0 55.0 61.0 
58.0 59.0 58.0 61.0 
59.0 58.0 60.0 58.0 
71.0 63.0 65.0 63.0 
61.0 55.0 60.0 58.0 
62.0 57.0 63.0 60.0 
61.0 57.0 62.0 57.0 
65.0 65.0 62.0 66.0 
57.0 59.0 58.0 60.0 
58.0 63.0 59.0 65.0 
61.0 58.0 58.0 61.0 
68.0 63.0 62.0 66.0 
60.0 57.0 56.0 61.0 
59.0 63.0 61.0 61.0 
61.0 59.0 58.0 63.0 
67.0 61.0 67.0 61.0 
55.0 59.0 58.0 57.0 
57.0 65.0 60.0 64.0 
63.0 57.0 62.0 58.0 
67.0 63.0 62.0 66.0 
61.0 54.0 61.0 56.0 
63.0 59.0 64.0 61.0 
61.0 60.0 59.0 60.0 
66.0 62.0 64.0 64.0 
60.0 57.0 58.0 59.0 
60.0 61.0 63.0 63.0 
56.0 62.0 59.0 59.0 
65.0 61.0 64.0 64.0 
60.0 58.0 57.0 62.0 
58.0 62.0 62.0 61.0 
55.0 60.0 60.0 58.0 
65.0 59.0 66.0 62.0 
58.0 58.0 61.0 56.0 
61.0 61.0 64.0 61.0 
57.0 62.0 56.0 63.0 
63.0 64.0 62.0 66.0 
57.0 58.0 58.0 60.0 
62.0 62.0 65.0 62.0 
59.0 58.0 59.0 61.0 
64.0 64.0 62.0 66.0 
61.0 55.0 60.0 57.0 
58.0 65.0 60.0 66.0 
58.0 60.0 58.0 62.0 
67.0 62.0 64.0 66.0 
60.0 58.0 58.0 59.0 
61.0 63.0 62.0 64.0 
58.0 60.0 61.0 58.0 
70.0 61.0 63.0 66.0 
60.0 59.0 55.0 55.0 
57.0 62.0 66.0 61.0 
56.0 60.0 61.0 59.0 
68.0 61.0 65.0 62.0 
58.0 58.0 58.0 59.0 
59.0 65.0 61.0 64.0 
58.0 60.0 59.0 57.0 
70.0 60.0 67.0 62.0 
58.0 57.0 59.0 57.0 
62.0 63.0 61.0 67.0 
59.0 59.0 58.0 61.0 
66.0 62.0 67.0 64.0 
62.0 55.0 61.0 57.0 
61.0 62.0 63.0 63.0 
62.0 58.0 62.0 57.0 
70.0 59.0 70.0 63.0 
58.0 58.0 57.0 62.0 
61.0 64.0 60.0 65.0 
60.0 62.0 59.0 61.0 
70.0 59.0 69.0 65.0 
61.0 56.0 59.0 60.0 
60.0 63.0 63.0 64.0 
62.0 57.0 60.0 59.0 
64.0 64.0 63.0 67.0 
59.0 58.0 61.0 59.0 
59.0 62.0 62.0 63.0 
59.0 59.0 57.0 62.0 
67.0 61.0 68.0 64.0 
56.0 60.0 57.0 63.0 
60.0 62.0 63.0 63.0 
56.0 59.0 59.0 59.0 
65.0 62.0 66.0 63.0 
59.0 58.0 60.0 62.0 
60.0 64.0 61.0 66.0 
59.0 60.0 59.0 58.0 
69.0 60.0 66.0 64.0 
57.0 58.0 62.0 57.0 
59.0 62.0 64.0 62.0 
59.0 59.0 62.0 58.0 
72.0 61.0 67.0 66.0 
59.0 58.0 61.0 57.0 
61.0 61.0 62.0 63.0 
59.0 59.0 59.0 60.0 
68.0 63.0 65.0 65.0 
60.0 58.0 60.0 60.0 
64.0 62.0 64.0 64.0 
58.0 60.0 59.0 59.0 
68.0 64.0 65.0 66.0 
57.0 61.0 57.0 63.0 
64.0 60.0 65.0 62.0 
60.0 58.0 60.0 58.0 
69.0 60.0 68.0 62.0 
58.0 60.0 60.0 60.0 
62.0 63.0 61.0 67.0 
62.0 60.0 59.0 62.0 
70.0 62.0 65.0 68.0 
63.0 58.0 60.0 63.0 
60.0 65.0 63.0 65.0 
61.0 59.0 60.0 62.0 
73.0 64.0 64.0 68.0 
62.0 57.0 61.0 59.0 
64.0 61.0 64.0 63.0 
56.0 62.0 59.0 62.0 
69.0 60.0 68.0 64.0 
57.0 59.0 59.0 58.0 
60.0 62.0 62.0 65.0 
62.0 57.0 61.0 58.0 
71.0 62.0 71.0 67.0 
61.0 58.0 61.0 57.0 
64.0 60.0 65.0 63.0 
61.0 57.0 62.0 57.0 
66.0 61.0 69.0 67.0 
56.0 60.0 59.0 57.0 
64.0 60.0 62.0 64.0 
59.0 59.0 62.0 57.0 
71.0 64.0 67.0 71.0 
61.0 57.0 59.0 60.0 
63.0 62.0 62.0 65.0 
59.0 59.0 60.0 59.0 
68.0 64.0 69.0 69.0 
60.0 58.0 59.0 60.0 
64.0 60.0 66.0 62.0 
60.0 59.0 60.0 60.0 
62.0 64.0 67.0 69.0 
57.0 61.0 58.0 62.0 
64.0 60.0 62.0 63.0 
63.0 57.0 61.0 58.0 
64.0 63.0 66.0 68.0 
61.0 58.0 59.0 61.0 
61.0 62.0 61.0 64.0 
56.0 62.0 58.0 61.0 
64.0 65.0 67.0 67.0 
57.0 60.0 60.0 59.0 
63.0 58.0 65.0 63.0 
58.0 61.0 59.0 63.0 
68.0 60.0 66.0 69.0 
60.0 58.0 59.0 61.0 
63.0 59.0 61.0 70.0 
63.0 57.0 63.0 58.0 
69.0 61.0 63.0 73.0 
61.0 56.0 61.0 56.0 
61.0 60.0 61.0 65.0 
58.0 59.0 58.0 60.0 
75.0 62.0 69.0 72.0 
61.0 56.0 61.0 55.0 
61.0 60.0 61.0 67.0 
61.0 57.0 60.0 59.0 
75.0 64.0 72.0 70.0 
62.0 56.0 61.0 58.0 
59.0 63.0 59.0 65.0 
62.0 59.0 60.0 60.0 
73.0 58.0 73.0 72.0 
57.0 58.0 60.0 56.0 
65.0 55.0 63.0 63.0 
58.0 60.0 58.0 60.0 
72.0 61.0 71.0 77.0 
57.0 59.0 58.0 57.0 
60.0 59.0 57.0 63.0 
62.0 58.0 63.0 57.0 
71.0 59.0 69.0 78.0 
59.0 59.0 58.0 60.0 
58.0 59.0 59.0 58.0 
59.0 59.0 60.0 59.0 
67.0 62.0 69.0 78.0 
59.0 59.0 57.0 60.0 
59.0 59.0 59.0 58.0 
58.0 61.0 59.0 62.0 
77.0 57.0 70.0 76.0 
58.0 59.0 56.0 55.0 
55.0 59.0 62.0 58.0 
60.0 58.0 61.0 63.0 
70.0 59.0 65.0 80.0 
58.0 59.0 56.0 61.0 
58.0 59.0 60.0 58.0 
63.0 59.0 59.0 62.0 
68.0 61.0 60.0 84.0 
62.0 56.0 60.0 56.0 
61.0 56.0 61.0 58.0 
60.0 59.0 60.0 56.0 
69.0 58.0 59.0 82.0 
56.0 60.0 57.0 61.0 
62.0 57.0 63.0 58.0 
62.0 56.0 61.0 58.0 
73.0 56.0 62.0 80.0 
59.0 59.0 57.0 59.0 
61.0 57.0 60.0 59.0 
59.0 59.0 62.0 57.0 
70.0 60.0 58.0 83.0 
59.0 56.0 60.0 61.0 
60.0 58.0 58.0 60.0 
59.0 61.0 58.0 60.0 
72.0 57.0 63.0 80.0 
56.0 59.0 58.0 60.0 
56.0 61.0 58.0 60.0 
61.0 60.0 58.0 62.0 
71.0 58.0 62.0 81.0 
56.0 60.0 58.0 59.0 
56.0 59.0 60.0 59.0 
60.0 59.0 58.0 60.0 
77.0 59.0 61.0 84.0 
64.0 55.0 60.0 62.0 
57.0 58.0 61.0 57.0 
61.0 59.0 61.0 57.0 
69.0 60.0 59.0 84.0 
62.0 58.0 59.0 65.0 
60.0 58.0 58.0 62.0 
62.0 59.0 58.0 59.0 
77.0 57.0 60.0 84.0 
64.0 56.0 59.0 64.0 
60.0 58.0 59.0 60.0 
58.0 59.0 61.0 57.0 
73.0 57.0 62.0 81.0 
63.0 59.0 58.0 65.0 
60.0 58.0 59.0 59.0 
57.0 60.0 60.0 59.0 
70.0 61.0 58.0 85.0 
65.0 57.0 59.0 65.0 
61.0 57.0 61.0 57.0 
58.0 60.0 59.0 59.0 
73.0 58.0 61.0 81.0 
62.0 57.0 58.0 66.0 
59.0 58.0 59.0 58.0 
61.0 58.0 61.0 57.0 
74.0 58.0 62.0 80.0 
60.0 58.0 59.0 61.0 
61.0 56.0 60.0 59.0 
58.0 58.0 62.0 56.0 
78.0 57.0 62.0 82.0 
60.0 60.0 57.0 64.0 
55.0 61.0 59.0 60.0 
61.0 58.0 60.0 58.0 
79.0 57.0 62.0 84.0 
64.0 59.0 59.0 67.0 
60.0 56.0 62.0 57.0 
59.0 59.0 61.0 57.0 
78.0 59.0 60.0 86.0 
62.0 60.0 58.0 65.0 
58.0 59.0 60.0 56.0 
59.0 58.0 61.0 56.0 
76.0 61.0 58.0 88.0 
62.0 59.0 57.0 66.0 
57.0 61.0 58.0 61.0 
61.0 58.0 61.0 60.0 
77.0 61.0 58.0 88.0 
65.0 60.0 57.0 67.0 
56.0 60.0 59.0 61.0 
62.0 58.0 61.0 57.0 
76.0 60.0 58.0 92.0 
64.0 58.0 59.0 63.0 
57.0 59.0 59.0 60.0 
62.0 59.0 61.0 57.0 
74.0 59.0 67.0 87.0 
62.0 59.0 59.0 65.0 
61.0 58.0 60.0 57.0 
56.0 61.0 58.0 59.0 
73.0 60.0 82.0 87.0 
64.0 57.0 61.0 64.0 
60.0 58.0 58.0 60.0 
56.0 62.0 57.0 61.0 
79.0 56.0 85.0 82.0 
63.0 61.0 59.0 66.0 
57.0 59.0 62.0 59.0 
58.0 60.0 60.0 58.0 
73.0 60.0 88.0 84.0 
65.0 61.0 59.0 63.0 
58.0 59.0 57.0 60.0 
59.0 59.0 61.0 56.0 
75.0 59.0 96.0 84.0 
65.0 58.0 63.0 63.0 
62.0 59.0 57.0 62.0 
62.0 57.0 61.0 56.0 
75.0 59.0 98.0 79.0 
68.0 56.0 64.0 65.0 
62.0 58.0 57.0 63.0 
60.0 58.0 59.0 58.0 
79.0 56.0 103.0 78.0 
69.0 56.0 68.0 64.0 
60.0 60.0 59.0 62.0 
61.0 58.0 59.0 59.0 
74.0 61.0 104.0 80.0 
67.0 61.0 64.0 66.0 
60.0 58.0 61.0 58.0 
56.0 60.0 58.0 58.0 
77.0 59.0 109.0 78.0 
69.0 56.0 67.0 66.0 
60.0 58.0 62.0 59.0 
58.0 60.0 55.0 61.0 
82.0 57.0 119.0 82.0 
62.0 58.0 63.0 62.0 
60.0 59.0 61.0 61.0 
59.0 59.0 56.0 59.0 
76.0 59.0 130.0 84.0 
66.0 58.0 62.0 64.0 
58.0 61.0 58.0 62.0 
55.0 62.0 55.0 61.0 
72.0 63.0 143.0 78.0 
61.0 62.0 60.0 61.0 
61.0 62.0 55.0 62.0 
60.0 59.0 55.0 63.0 
69.0 74.0 154.0 83.0 
63.0 60.0 60.0 63.0 
57.0 62.0 58.0 61.0 
61.0 60.0 57.0 58.0 
67.0 74.0 167.0 83.0 
64.0 60.0 62.0 62.0 
63.0 57.0 59.0 58.0 
57.0 61.0 54.0 62.0 
65.0 72.0 181.0 83.0 
61.0 60.0 62.0 60.0 
62.0 57.0 58.0 60.0 
62.0 56.0 58.0 56.0 
66.0 73.0 197.0 85.0 
56.0 62.0 60.0 61.0 
61.0 59.0 56.0 62.0 
62.0 57.0 57.0 58.0 
73.0 68.0 202.0 84.0 
63.0 58.0 60.0 62.0 
63.0 57.0 58.0 59.0 
56.0 61.0 53.0 59.0 
73.0 71.0 224.0 87.0 
63.0 56.0 59.0 60.0 
61.0 59.0 55.0 62.0 
59.0 59.0 54.0 57.0 
66.0 76.0 250.0 91.0 
63.0 56.0 58.0 58.0 
59.0 59.0 55.0 59.0 
62.0 57.0 54.0 57.0 
74.0 73.0 282.0 91.0 
57.0 61.0 53.0 56.0 
60.0 59.0 54.0 59.0 
56.0 62.0 49.0 62.0 
69.0 75.0 311.0 97.0 
59.0 57.0 53.0 60.0 
62.0 57.0 56.0 59.0 
55.0 62.0 49.0 59.0 
69.0 75.0 322.0 92.0 
56.0 58.0 54.0 55.0 
62.0 57.0 56.0 60.0 
58.0 60.0 50.0 58.0 
72.0 74.0 333.0 99.0 
61.0 55.0 53.0 57.0 
60.0 56.0 54.0 58.0 
56.0 61.0 50.0 59.0 
71.0 74.0 366.0 97.0 
59.0 58.0 50.0 60.0 
61.0 57.0 55.0 58.0 
58.0 60.0 48.0 59.0 
71.0 82.0 437.0 111.0 
63.0 55.0 53.0 55.0 
60.0 58.0 53.0 57.0 
58.0 59.0 48.0 59.0 
72.0 83.0 454.0 118.0 
59.0 56.0 51.0 56.0 
63.0 55.0 50.0 62.0 
62.0 58.0 46.0 61.0 
74.0 81.0 450.0 115.0 
59.0 59.0 48.0 60.0 
61.0 57.0 52.0 57.0 
58.0 62.0 47.0 60.0 
78.0 78.0 421.0 116.0 
59.0 57.0 49.0 57.0 
57.0 59.0 51.0 61.0 
63.0 57.0 50.0 57.0 
74.0 83.0 466.0 133.0 
61.0 58.0 52.0 56.0 
63.0 58.0 51.0 57.0 
60.0 58.0 48.0 57.0 
79.0 83.0 503.0 144.0 
61.0 57.0 51.0 56.0 
59.0 60.0 51.0 60.0 
61.0 58.0 47.0 58.0 
76.0 85.0 495.0 147.0 
56.0 58.0 51.0 55.0 
63.0 57.0 50.0 62.0 
63.0 59.0 47.0 59.0 
78.0 86.0 492.0 166.0 
56.0 60.0 48.0 57.0 
58.0 60.0 53.0 57.0 
56.0 62.0 45.0 58.0 
80.0 90.0 524.0 194.0 
61.0 55.0 50.0 55.0 
58.0 60.0 52.0 58.0 
60.0 59.0 47.0 58.0 
81.0 88.0 490.0 198.0 
60.0 56.0 51.0 53.0 
59.0 61.0 52.0 61.0 
60.0 60.0 45.0 58.0 
76.0 91.0 443.0 214.0 
61.0 55.0 52.0 53.0 
59.0 59.0 56.0 56.0 
57.0 62.0 48.0 55.0 
77.0 96.0 454.0 235.0 
59.0 61.0 50.0 52.0 
58.0 60.0 55.0 57.0 
58.0 60.0 47.0 59.0 
78.0 95.0 453.0 264.0 
57.0 60.0 49.0 55.0 
61.0 58.0 57.0 55.0 
59.0 58.0 49.0 55.0 
79.0 106.0 410.0 307.0 
56.0 60.0 51.0 55.0 
57.0 62.0 55.0 58.0 
61.0 56.0 53.0 51.0 
78.0 108.0 341.0 322.0 
55.0 60.0 50.0 56.0 
63.0 58.0 59.0 55.0 
61.0 57.0 53.0 51.0 
83.0 122.0 311.0 405.0 
59.0 57.0 52.0 53.0 
57.0 60.0 58.0 52.0 
57.0 60.0 52.0 50.0 
85.0 131.0 308.0 455.0 
59.0 54.0 56.0 49.0 
57.0 61.0 58.0 54.0 
59.0 59.0 52.0 53.0 
92.0 131.0 268.0 491.0 
56.0 59.0 54.0 50.0 
58.0 60.0 59.0 52.0 
58.0 59.0 52.0 51.0 
89.0 134.0 235.0 464.0 
59.0 55.0 57.0 48.0 
57.0 61.0 58.0 57.0 
59.0 57.0 55.0 49.0 
92.0 151.0 221.0 519.0 
58.0 57.0 55.0 47.0 
59.0 59.0 61.0 55.0 
59.0 56.0 57.0 46.0 
90.0 151.0 206.0 491.0 
55.0 59.0 56.0 48.0 
60.0 58.0 62.0 51.0 
56.0 59.0 56.0 49.0 
88.0 144.0 181.0 453.0 
56.0 58.0 55.0 51.0 
58.0 61.0 59.0 57.0 
59.0 58.0 57.0 49.0 
93.0 151.0 168.0 432.0 
59.0 56.0 57.0 49.0 
59.0 59.0 60.0 56.0 
62.0 55.0 59.0 47.0 
97.0 170.0 164.0 453.0 
59.0 55.0 57.0 50.0 
57.0 61.0 60.0 56.0 
55.0 59.0 56.0 50.0 
100.0 187.0 160.0 447.0 
62.0 53.0 60.0 48.0 
57.0 60.0 60.0 55.0 
59.0 59.0 55.0 49.0 
107.0 212.0 159.0 467.0 
59.0 53.0 59.0 48.0 
60.0 57.0 60.0 55.0 
62.0 53.0 59.0 47.0 
104.0 228.0 152.0 462.0 
58.0 54.0 57.0 53.0 
56.0 60.0 59.0 56.0 
61.0 53.0 60.0 48.0 
110.0 253.0 148.0 457.0 
57.0 56.0 57.0 47.0 
59.0 58.0 62.0 54.0 
56.0 54.0 59.0 49.0 
122.0 302.0 128.0 435.0 
61.0 51.0 60.0 51.0 
60.0 56.0 62.0 57.0 
61.0 51.0 60.0 48.0 
124.0 360.0 127.0 430.0 
54.0 54.0 58.0 49.0 
61.0 52.0 64.0 57.0 
60.0 49.0 60.0 48.0 
132.0 404.0 113.0 341.0 
56.0 53.0 57.0 55.0 
59.0 56.0 61.0 59.0 
60.0 49.0 60.0 51.0 
148.0 490.0 117.0 372.0 
57.0 50.0 58.0 55.0 
57.0 55.0 60.0 58.0 
60.0 46.0 61.0 50.0 
167.0 523.0 110.0 334.0 
58.0 48.0 61.0 51.0 
60.0 52.0 63.0 55.0 
58.0 47.0 61.0 51.0 
204.0 535.0 106.0 309.0 
57.0 48.0 59.0 54.0 
57.0 53.0 61.0 58.0 
55.0 61.0 57.0 53.0 
234.0 583.0 105.0 300.0 
59.0 46.0 60.0 54.0 
58.0 54.0 60.0 60.0 
57.0 47.0 58.0 57.0 
239.0 598.0 102.0 275.0 
57.0 48.0 63.0 59.0 
60.0 48.0 62.0 58.0 
54.0 47.0 59.0 57.0 
249.0 616.0 100.0 265.0 
57.0 49.0 61.0 61.0 
53.0 50.0 58.0 58.0 
58.0 46.0 62.0 53.0 
259.0 609.0 98.0 247.0 
58.0 49.0 62.0 57.0 
54.0 50.0 57.0 59.0 
56.0 46.0 59.0 56.0 
267.0 625.0 91.0 238.0 
60.0 49.0 62.0 61.0 
55.0 49.0 57.0 57.0 
54.0 49.0 57.0 56.0 
270.0 607.0 89.0 215.0 
56.0 54.0 62.0 60.0 
53.0 47.0 60.0 56.0 
54.0 47.0 58.0 59.0 
292.0 619.0 91.0 213.0 
56.0 51.0 62.0 60.0 
56.0 47.0 60.0 57.0 
52.0 48.0 58.0 59.0 
302.0 631.0 88.0 219.0 
60.0 51.0 62.0 60.0 
55.0 47.0 61.0 56.0 
55.0 45.0 60.0 55.0 
321.0 645.0 87.0 219.0 
60.0 51.0 62.0 60.0 
53.0 50.0 58.0 61.0 
56.0 44.0 63.0 55.0 
331.0 643.0 83.0 208.0 
55.0 57.0 61.0 62.0 
52.0 48.0 59.0 55.0 
53.0 49.0 57.0 60.0 
355.0 634.0 80.0 209.0 
59.0 53.0 62.0 60.0 
55.0 48.0 59.0 57.0 
50.0 49.0 58.0 60.0 
385.0 625.0 79.0 207.0 
58.0 55.0 61.0 60.0 
52.0 49.0 59.0 59.0 
55.0 44.0 62.0 55.0 
418.0 614.0 82.0 204.0 
60.0 56.0 60.0 63.0 
50.0 51.0 58.0 60.0 
49.0 49.0 58.0 60.0 
459.0 601.0 86.0 202.0 
58.0 56.0 60.0 62.0 
51.0 52.0 59.0 59.0 
51.0 48.0 57.0 58.0 
489.0 576.0 94.0 196.0 
56.0 60.0 59.0 63.0 
53.0 50.0 59.0 59.0 
50.0 48.0 59.0 58.0 
490.0 521.0 107.0 181.0 
60.0 58.0 62.0 62.0 
55.0 49.0 61.0 58.0 
47.0 52.0 58.0 58.0 
493.0 457.0 109.0 158.0 
57.0 61.0 59.0 65.0 
54.0 50.0 61.0 57.0 
49.0 51.0 59.0 57.0 
489.0 405.0 107.0 152.0 
59.0 59.0 60.0 60.0 
52.0 52.0 61.0 57.0 
48.0 52.0 59.0 59.0 
502.0 342.0 115.0 137.0 
59.0 59.0 63.0 60.0 
48.0 54.0 62.0 57.0 
46.0 51.0 61.0 56.0 
505.0 323.0 117.0 134.0 
60.0 60.0 59.0 65.0 
50.0 54.0 59.0 59.0 
49.0 51.0 61.0 56.0 
509.0 300.0 118.0 130.0 
60.0 60.0 60.0 63.0 
52.0 51.0 60.0 59.0 
47.0 54.0 59.0 59.0 
520.0 293.0 122.0 130.0 
58.0 60.0 61.0 63.0 
50.0 53.0 60.0 57.0 
48.0 53.0 59.0 58.0 
523.0 279.0 136.0 127.0 
56.0 61.0 61.0 62.0 
49.0 53.0 58.0 58.0 
48.0 53.0 55.0 61.0 
531.0 271.0 148.0 120.0 
55.0 59.0 62.0 61.0 
48.0 55.0 59.0 56.0 
44.0 59.0 56.0 61.0 
529.0 180.0 153.0 104.0 
57.0 60.0 60.0 64.0 
49.0 57.0 57.0 60.0 
46.0 57.0 57.0 60.0 
519.0 168.0 160.0 102.0 
56.0 60.0 61.0 61.0 
52.0 54.0 59.0 58.0 
43.0 60.0 55.0 63.0 
513.0 164.0 171.0 102.0 
50.0 60.0 59.0 60.0 
50.0 56.0 58.0 56.0 
50.0 55.0 60.0 57.0 
511.0 157.0 181.0 101.0 
50.0 61.0 58.0 60.0 
46.0 58.0 59.0 57.0 
44.0 57.0 57.0 55.0 
439.0 144.0 203.0 101.0 
56.0 59.0 58.0 64.0 
48.0 60.0 55.0 59.0 
50.0 58.0 55.0 60.0 
409.0 137.0 218.0 100.0 
54.0 58.0 59.0 57.0 
49.0 59.0 55.0 60.0 
52.0 57.0 56.0 59.0 
373.0 130.0 233.0 97.0 
53.0 60.0 55.0 60.0 
55.0 55.0 58.0 58.0 
49.0 57.0 54.0 60.0 
343.0 124.0 255.0 99.0 
54.0 56.0 57.0 57.0 
50.0 59.0 53.0 62.0 
52.0 57.0 55.0 58.0 
324.0 121.0 275.0 104.0 
58.0 56.0 55.0 61.0 
52.0 61.0 52.0 61.0 
55.0 58.0 52.0 61.0 
308.0 118.0 298.0 102.0 
51.0 59.0 54.0 58.0 
50.0 59.0 55.0 58.0 
55.0 57.0 54.0 58.0 
289.0 114.0 313.0 101.0 
54.0 59.0 51.0 61.0 
51.0 59.0 53.0 58.0 
55.0 57.0 52.0 58.0 
264.0 111.0 317.0 104.0 
52.0 60.0 51.0 62.0 
57.0 56.0 55.0 56.0 
53.0 60.0 52.0 58.0 
254.0 107.0 322.0 103.0 
57.0 56.0 54.0 56.0 
55.0 59.0 53.0 58.0 
54.0 61.0 50.0 60.0 
247.0 109.0 329.0 108.0 
55.0 60.0 51.0 62.0 
53.0 60.0 51.0 61.0 
58.0 57.0 55.0 57.0 
243.0 107.0 332.0 113.0 
55.0 61.0 50.0 62.0 
55.0 57.0 53.0 59.0 
56.0 59.0 49.0 61.0 
232.0 106.0 359.0 119.0 
56.0 57.0 53.0 58.0 
51.0 60.0 50.0 62.0 
55.0 58.0 51.0 59.0 
232.0 106.0 394.0 125.0 
54.0 58.0 51.0 60.0 
55.0 58.0 51.0 59.0 
53.0 62.0 49.0 61.0 
224.0 110.0 462.0 150.0 
55.0 58.0 51.0 59.0 
57.0 54.0 50.0 59.0 
60.0 58.0 48.0 61.0 
216.0 103.0 464.0 148.0 
54.0 60.0 49.0 60.0 
55.0 59.0 49.0 58.0 
56.0 59.0 47.0 61.0 
187.0 102.0 485.0 160.0 
57.0 58.0 48.0 61.0 
57.0 61.0 49.0 61.0 
61.0 57.0 47.0 57.0 
181.0 117.0 498.0 207.0 
60.0 57.0 50.0 56.0 
56.0 59.0 49.0 57.0 
56.0 60.0 45.0 59.0 
127.0 108.0 487.0 234.0 
63.0 55.0 53.0 53.0 
57.0 59.0 50.0 57.0 
62.0 58.0 49.0 55.0 
118.0 114.0 482.0 241.0 
62.0 58.0 48.0 57.0 
60.0 59.0 48.0 58.0 
61.0 59.0 48.0 56.0 
111.0 115.0 471.0 259.0 
56.0 58.0 50.0 54.0 
58.0 58.0 53.0 53.0 
56.0 62.0 46.0 57.0 
104.0 113.0 471.0 274.0 
54.0 60.0 49.0 55.0 
54.0 60.0 49.0 56.0 
62.0 57.0 50.0 54.0 
103.0 124.0 461.0 303.0 
57.0 61.0 48.0 54.0 
62.0 54.0 52.0 53.0 
62.0 56.0 51.0 52.0 
106.0 122.0 445.0 315.0 
55.0 59.0 50.0 56.0 
58.0 57.0 53.0 52.0 
57.0 58.0 53.0 50.0 
104.0 121.0 420.0 325.0 
62.0 55.0 52.0 54.0 
59.0 59.0 50.0 57.0 
62.0 55.0 53.0 51.0 
102.0 121.0 388.0 331.0 
56.0 60.0 50.0 56.0 
58.0 58.0 52.0 55.0 
59.0 56.0 53.0 51.0 
102.0 137.0 369.0 369.0 
60.0 57.0 53.0 54.0 
61.0 56.0 55.0 52.0 
55.0 61.0 49.0 54.0 
108.0 128.0 337.0 366.0 
55.0 60.0 51.0 53.0 
57.0 60.0 51.0 55.0 
58.0 58.0 52.0 53.0 
101.0 135.0 291.0 376.0 
60.0 57.0 54.0 55.0 
56.0 61.0 54.0 54.0 
59.0 58.0 53.0 53.0 
108.0 147.0 264.0 407.0 
61.0 54.0 57.0 50.0 
60.0 54.0 59.0 48.0 
56.0 58.0 54.0 50.0 
102.0 153.0 249.0 411.0 
62.0 55.0 56.0 54.0 
62.0 55.0 57.0 51.0 
54.0 60.0 54.0 52.0 
111.0 178.0 236.0 453.0 
58.0 57.0 57.0 49.0 
60.0 55.0 58.0 49.0 
60.0 55.0 58.0 47.0 
114.0 204.0 223.0 470.0 
58.0 57.0 57.0 51.0 
62.0 54.0 58.0 49.0 
55.0 58.0 56.0 48.0 
118.0 213.0 208.0 466.0 
61.0 52.0 58.0 49.0 
61.0 54.0 58.0 50.0 
57.0 57.0 58.0 50.0 
122.0 226.0 187.0 451.0 
58.0 55.0 60.0 48.0 
60.0 53.0 59.0 49.0 
55.0 58.0 55.0 54.0 
124.0 236.0 181.0 424.0 
60.0 52.0 60.0 48.0 
55.0 57.0 57.0 53.0 
58.0 55.0 57.0 51.0 
122.0 243.0 175.0 420.0 
58.0 57.0 57.0 51.0 
61.0 53.0 58.0 52.0 
61.0 54.0 59.0 48.0 
119.0 258.0 172.0 422.0 
60.0 52.0 60.0 49.0 
60.0 52.0 59.0 52.0 
59.0 53.0 57.0 49.0 
125.0 264.0 171.0 418.0 
56.0 55.0 58.0 51.0 
54.0 58.0 58.0 54.0 
61.0 50.0 60.0 50.0 
135.0 340.0 162.0 394.0 
59.0 56.0 57.0 53.0 
55.0 55.0 57.0 50.0 
55.0 55.0 57.0 54.0 
143.0 364.0 157.0 375.0 
61.0 52.0 59.0 53.0 
58.0 52.0 59.0 54.0 
60.0 49.0 60.0 51.0 
149.0 392.0 154.0 370.0 
55.0 56.0 55.0 55.0 
61.0 49.0 61.0 49.0 
57.0 51.0 57.0 55.0 
179.0 397.0 139.0 317.0 
60.0 55.0 55.0 58.0 
55.0 52.0 57.0 51.0 
53.0 54.0 58.0 53.0 
155.0 409.0 136.0 300.0 
60.0 49.0 60.0 53.0 
55.0 52.0 59.0 51.0 
55.0 52.0 57.0 56.0 
191.0 470.0 139.0 316.0 
53.0 53.0 57.0 54.0 
55.0 51.0 58.0 54.0 
58.0 48.0 59.0 54.0 
212.0 496.0 136.0 300.0 
58.0 49.0 60.0 52.0 
55.0 51.0 57.0 59.0 
56.0 49.0 58.0 56.0 
256.0 515.0 132.0 286.0 
59.0 48.0 60.0 57.0 
60.0 46.0 60.0 55.0 
54.0 48.0 61.0 54.0 
275.0 513.0 102.0 261.0 
59.0 48.0 59.0 59.0 
55.0 48.0 61.0 53.0 
51.0 50.0 59.0 54.0 
296.0 535.0 104.0 263.0 
54.0 50.0 57.0 59.0 
55.0 49.0 59.0 55.0 
52.0 49.0 58.0 56.0 
311.0 541.0 108.0 264.0 
52.0 51.0 56.0 59.0 
55.0 49.0 60.0 55.0 
49.0 50.0 58.0 58.0 
308.0 541.0 102.0 249.0 
58.0 46.0 60.0 55.0 
51.0 51.0 59.0 56.0 
51.0 51.0 58.0 58.0 
310.0 558.0 99.0 246.0 
54.0 50.0 56.0 59.0 
55.0 50.0 57.0 59.0 
53.0 48.0 60.0 58.0 
329.0 557.0 101.0 246.0 
55.0 49.0 58.0 59.0 
54.0 49.0 57.0 60.0 
53.0 48.0 62.0 54.0 
341.0 555.0 103.0 228.0 
52.0 52.0 57.0 59.0 
56.0 49.0 59.0 57.0 
52.0 49.0 60.0 55.0 
345.0 548.0 101.0 225.0 
57.0 47.0 59.0 58.0 
56.0 48.0 61.0 57.0 
56.0 46.0 62.0 54.0 
347.0 516.0 96.0 205.0 
51.0 52.0 57.0 59.0 
50.0 54.0 56.0 60.0 
53.0 48.0 61.0 54.0 
372.0 513.0 100.0 197.0 
50.0 48.0 60.0 53.0 
56.0 47.0 62.0 56.0 
49.0 49.0 59.0 56.0 
381.0 492.0 94.0 175.0 
51.0 53.0 56.0 59.0 
49.0 52.0 57.0 60.0 
54.0 47.0 61.0 58.0 
388.0 469.0 90.0 167.0 
56.0 48.0 62.0 55.0 
53.0 50.0 61.0 55.0 
52.0 49.0 60.0 57.0 
396.0 461.0 92.0 170.0 
55.0 49.0 62.0 57.0 
54.0 49.0 62.0 54.0 
51.0 50.0 60.0 57.0 
406.0 461.0 94.0 164.0 
50.0 53.0 57.0 60.0 
51.0 55.0 58.0 59.0 
51.0 53.0 57.0 59.0 
421.0 439.0 93.0 156.0 
50.0 52.0 58.0 58.0 
49.0 52.0 59.0 60.0 
55.0 47.0 63.0 57.0 
429.0 435.0 91.0 153.0 
52.0 51.0 59.0 59.0 
54.0 48.0 61.0 58.0 
49.0 52.0 61.0 58.0 
439.0 412.0 88.0 150.0 
52.0 51.0 60.0 57.0 
55.0 49.0 62.0 55.0 
52.0 48.0 63.0 57.0 
477.0 405.0 88.0 149.0 
55.0 49.0 61.0 57.0 
47.0 54.0 59.0 62.0 
49.0 51.0 61.0 58.0 
492.0 380.0 86.0 141.0 
50.0 51.0 61.0 57.0 
50.0 55.0 59.0 58.0 
46.0 55.0 60.0 57.0 
504.0 351.0 81.0 136.0 
53.0 49.0 61.0 56.0 
50.0 50.0 61.0 58.0 
46.0 53.0 61.0 58.0 
514.0 343.0 88.0 131.0 
49.0 53.0 59.0 57.0 
49.0 54.0 59.0 60.0 
48.0 51.0 61.0 57.0 
523.0 346.0 84.0 135.0 
48.0 55.0 57.0 62.0 
51.0 52.0 60.0 57.0 
46.0 53.0 60.0 57.0 
539.0 334.0 85.0 136.0 
51.0 52.0 60.0 58.0 
46.0 54.0 58.0 59.0 
48.0 53.0 58.0 62.0 
542.0 328.0 85.0 131.0 
52.0 51.0 61.0 57.0 
46.0 56.0 60.0 57.0 
44.0 54.0 60.0 57.0 
541.0 324.0 86.0 130.0 
47.0 54.0 59.0 57.0 
50.0 53.0 59.0 60.0 
48.0 53.0 61.0 56.0 
514.0 306.0 82.0 130.0 
50.0 50.0 62.0 56.0 
50.0 52.0 61.0 56.0 
48.0 52.0 61.0 58.0 
509.0 297.0 82.0 124.0 
46.0 57.0 56.0 61.0 
52.0 51.0 62.0 57.0 
50.0 52.0 60.0 57.0 
497.0 263.0 83.0 113.0 
49.0 55.0 59.0 61.0 
46.0 56.0 60.0 58.0 
45.0 57.0 59.0 59.0 
467.0 236.0 77.0 107.0 
49.0 53.0 61.0 57.0 
47.0 55.0 59.0 59.0 
49.0 56.0 60.0 60.0 
437.0 200.0 73.0 101.0 
49.0 55.0 60.0 57.0 
47.0 57.0 59.0 60.0 
52.0 53.0 64.0 56.0 
424.0 198.0 72.0 100.0 
52.0 54.0 60.0 59.0 
54.0 53.0 62.0 57.0 
51.0 53.0 62.0 57.0 
416.0 196.0 70.0 100.0 
49.0 57.0 57.0 56.0 
52.0 55.0 61.0 57.0 
48.0 56.0 59.0 62.0 
410.0 194.0 70.0 98.0 
51.0 56.0 57.0 60.0 
52.0 57.0 57.0 62.0 
51.0 57.0 58.0 62.0 
382.0 183.0 69.0 96.0 
53.0 56.0 59.0 59.0 
53.0 56.0 59.0 60.0 
50.0 57.0 61.0 59.0 
354.0 158.0 68.0 91.0 
55.0 53.0 61.0 57.0 
50.0 56.0 60.0 60.0 
51.0 56.0 61.0 58.0 
343.0 137.0 70.0 83.0 
52.0 57.0 60.0 58.0 
54.0 55.0 63.0 58.0 
52.0 56.0 62.0 59.0 
332.0 128.0 66.0 85.0 
52.0 57.0 59.0 59.0 
50.0 56.0 62.0 57.0 
47.0 59.0 60.0 57.0 
330.0 122.0 68.0 82.0 
52.0 57.0 59.0 57.0 
51.0 57.0 60.0 60.0 
52.0 57.0 61.0 59.0 
315.0 128.0 68.0 82.0 
54.0 57.0 60.0 59.0 
56.0 55.0 62.0 56.0 
48.0 60.0 59.0 62.0 
305.0 126.0 70.0 81.0 
50.0 60.0 58.0 57.0 
52.0 57.0 59.0 58.0 
47.0 61.0 57.0 62.0 
295.0 122.0 71.0 77.0 
52.0 55.0 61.0 57.0 
55.0 56.0 62.0 57.0 
51.0 59.0 58.0 63.0 
290.0 119.0 71.0 77.0 
52.0 57.0 60.0 56.0 
56.0 56.0 60.0 62.0 
54.0 57.0 60.0 63.0 
289.0 123.0 69.0 78.0 
52.0 59.0 57.0 62.0 
56.0 57.0 60.0 60.0 
51.0 57.0 62.0 57.0 
282.0 117.0 71.0 76.0 
53.0 57.0 57.0 62.0 
52.0 58.0 57.0 63.0 
55.0 56.0 62.0 59.0 
268.0 116.0 67.0 80.0 
54.0 58.0 59.0 57.0 
51.0 57.0 60.0 58.0 
50.0 58.0 61.0 59.0 
270.0 112.0 71.0 75.0 
55.0 56.0 60.0 56.0 
51.0 59.0 59.0 61.0 
56.0 55.0 62.0 59.0 
261.0 110.0 69.0 74.0 
53.0 56.0 61.0 56.0 
56.0 55.0 61.0 61.0 
56.0 56.0 61.0 61.0 
265.0 105.0 70.0 74.0 
50.0 60.0 57.0 57.0 
50.0 60.0 58.0 61.0 
55.0 56.0 61.0 58.0 
255.0 103.0 71.0 73.0 
51.0 58.0 59.0 59.0 
56.0 56.0 60.0 59.0 
51.0 60.0 59.0 60.0 
239.0 99.0 69.0 73.0 
57.0 55.0 61.0 57.0 
50.0 60.0 59.0 60.0 
51.0 61.0 60.0 60.0 
238.0 104.0 66.0 77.0 
54.0 56.0 61.0 56.0 
56.0 56.0 61.0 59.0 
53.0 54.0 61.0 61.0 
246.0 102.0 66.0 76.0 
58.0 56.0 58.0 60.0 
55.0 58.0 58.0 63.0 
56.0 56.0 62.0 58.0 
248.0 103.0 69.0 72.0 
54.0 54.0 61.0 57.0 
49.0 60.0 57.0 62.0 
56.0 57.0 62.0 59.0 
243.0 99.0 70.0 73.0 
52.0 58.0 59.0 59.0 
51.0 60.0 57.0 62.0 
56.0 55.0 61.0 59.0 
231.0 99.0 66.0 76.0 
51.0 60.0 57.0 62.0 
56.0 55.0 63.0 56.0 
55.0 57.0 61.0 59.0 
211.0 92.0 66.0 73.0 
55.0 61.0 57.0 58.0 
53.0 57.0 63.0 58.0 
51.0 62.0 58.0 61.0 
218.0 90.0 67.0 74.0 
55.0 56.0 62.0 57.0 
56.0 58.0 59.0 60.0 
53.0 60.0 60.0 60.0 
227.0 91.0 68.0 73.0 
52.0 59.0 58.0 60.0 
51.0 61.0 57.0 62.0 
57.0 56.0 62.0 58.0 
225.0 92.0 68.0 72.0 
56.0 57.0 60.0 56.0 
54.0 59.0 58.0 61.0 
57.0 56.0 63.0 58.0 
218.0 87.0 68.0 72.0 
58.0 55.0 61.0 57.0 
53.0 60.0 58.0 61.0 
56.0 58.0 59.0 64.0 
207.0 90.0 67.0 69.0 
56.0 55.0 59.0 62.0 
58.0 55.0 60.0 62.0 
57.0 57.0 63.0 58.0 
204.0 92.0 64.0 74.0 
57.0 55.0 61.0 57.0 
51.0 61.0 59.0 62.0 
58.0 58.0 62.0 60.0 
205.0 89.0 67.0 72.0 
53.0 58.0 59.0 59.0 
51.0 61.0 59.0 62.0 
57.0 58.0 60.0 60.0 
208.0 90.0 66.0 72.0 
58.0 56.0 61.0 59.0 
52.0 61.0 59.0 60.0 
52.0 61.0 58.0 63.0 
203.0 97.0 65.0 76.0 
57.0 55.0 62.0 57.0 
54.0 61.0 59.0 59.0 
52.0 61.0 60.0 56.0 
206.0 95.0 69.0 71.0 
52.0 61.0 57.0 60.0 
51.0 61.0 58.0 63.0 
57.0 57.0 61.0 60.0 
208.0 92.0 69.0 71.0 
52.0 61.0 56.0 62.0 
57.0 56.0 62.0 59.0 
52.0 61.0 60.0 60.0 
204.0 98.0 66.0 76.0 
57.0 55.0 60.0 58.0 
51.0 59.0 59.0 60.0 
50.0 61.0 59.0 60.0 
210.0 98.0 65.0 76.0 
56.0 56.0 61.0 58.0 
53.0 59.0 59.0 60.0 
52.0 60.0 59.0 60.0 
215.0 98.0 70.0 73.0 
52.0 56.0 61.0 59.0 
56.0 61.0 58.0 63.0 
55.0 59.0 58.0 62.0 
218.0 96.0 69.0 73.0 
55.0 59.0 57.0 62.0 
53.0 61.0 58.0 61.0 
56.0 57.0 61.0 61.0 
218.0 101.0 65.0 76.0 
57.0 57.0 59.0 58.0 
55.0 59.0 58.0 64.0 
54.0 57.0 61.0 59.0 
222.0 98.0 69.0 72.0 
55.0 57.0 61.0 58.0 
56.0 57.0 62.0 58.0 
56.0 57.0 62.0 58.0 
220.0 101.0 67.0 75.0 
52.0 60.0 58.0 60.0 
50.0 60.0 60.0 59.0 
52.0 61.0 59.0 59.0 
224.0 100.0 67.0 81.0 
58.0 57.0 59.0 59.0 
54.0 58.0 59.0 63.0 
57.0 56.0 62.0 59.0 
225.0 101.0 69.0 76.0 
55.0 57.0 60.0 56.0 
54.0 57.0 61.0 58.0 
54.0 59.0 60.0 61.0 
226.0 100.0 68.0 75.0 
56.0 56.0 62.0 57.0 
50.0 61.0 57.0 63.0 
55.0 56.0 60.0 60.0 
222.0 104.0 68.0 78.0 
54.0 59.0 58.0 61.0 
54.0 58.0 61.0 58.0 
53.0 59.0 60.0 59.0 
224.0 102.0 69.0 77.0 
52.0 57.0 61.0 57.0 
56.0 55.0 59.0 63.0 
57.0 56.0 62.0 58.0 
225.0 100.0 67.0 77.0 
53.0 56.0 62.0 61.0 
55.0 58.0 61.0 57.0 
51.0 60.0 60.0 59.0 
222.0 99.0 70.0 73.0 
54.0 58.0 58.0 60.0 
52.0 60.0 59.0 61.0 
56.0 57.0 60.0 60.0 
219.0 102.0 68.0 77.0 
55.0 57.0 60.0 58.0 
57.0 57.0 60.0 60.0 
55.0 57.0 61.0 58.0 
221.0 102.0 69.0 75.0 
52.0 58.0 58.0 60.0 
57.0 55.0 62.0 58.0 
50.0 60.0 61.0 60.0 
221.0 99.0 69.0 77.0 
56.0 54.0 60.0 58.0 
54.0 58.0 57.0 62.0 
57.0 56.0 60.0 60.0 
223.0 100.0 69.0 77.0 
57.0 56.0 61.0 58.0 
51.0 60.0 59.0 61.0 
58.0 56.0 63.0 58.0 
219.0 101.0 69.0 77.0 
55.0 57.0 60.0 59.0 
57.0 56.0 61.0 58.0 
50.0 61.0 58.0 63.0 
222.0 100.0 71.0 76.0 
55.0 56.0 59.0 58.0 
56.0 57.0 59.0 62.0 
54.0 58.0 60.0 61.0 
220.0 102.0 70.0 77.0 
51.0 60.0 57.0 57.0 
51.0 60.0 58.0 61.0 
52.0 60.0 60.0 58.0 
220.0 103.0 67.0 80.0 
57.0 56.0 59.0 57.0 
53.0 60.0 58.0 63.0 
53.0 57.0 61.0 58.0 
218.0 104.0 66.0 80.0 
55.0 55.0 61.0 57.0 
52.0 59.0 60.0 58.0 
53.0 60.0 58.0 61.0 
222.0 99.0 70.0 75.0 
52.0 60.0 57.0 63.0 
56.0 55.0 62.0 58.0 
55.0 57.0 62.0 57.0 
219.0 102.0 67.0 80.0 
54.0 58.0 59.0 58.0 
51.0 57.0 59.0 60.0 
51.0 60.0 60.0 62.0 
216.0 102.0 67.0 77.0 
53.0 56.0 61.0 58.0 
55.0 54.0 60.0 60.0 
54.0 56.0 63.0 59.0 
217.0 102.0 67.0 77.0 
55.0 57.0 59.0 59.0 
55.0 57.0 59.0 63.0 
57.0 56.0 62.0 58.0 
217.0 103.0 67.0 77.0 
56.0 57.0 59.0 60.0 
54.0 59.0 58.0 63.0 
54.0 57.0 63.0 57.0 
217.0 104.0 65.0 79.0 
55.0 58.0 59.0 57.0 
54.0 57.0 61.0 59.0 
52.0 59.0 59.0 59.0 
216.0 104.0 65.0 79.0 
54.0 58.0 59.0 59.0 
57.0 56.0 63.0 57.0 
51.0 60.0 60.0 58.0 
216.0 104.0 66.0 75.0 
50.0 60.0 59.0 57.0 
55.0 56.0 61.0 60.0 
53.0 59.0 60.0 58.0 
219.0 100.0 70.0 75.0 
52.0 58.0 59.0 59.0 
52.0 59.0 59.0 60.0 
57.0 57.0 62.0 59.0 
219.0 101.0 69.0 74.0 
53.0 58.0 57.0 61.0 
55.0 57.0 60.0 60.0 
49.0 62.0 57.0 63.0 
217.0 101.0 67.0 78.0 
54.0 57.0 60.0 58.0 
51.0 59.0 59.0 60.0 
50.0 61.0 59.0 63.0 
216.0 103.0 66.0 77.0 
56.0 56.0 59.0 61.0 
51.0 60.0 60.0 58.0 
52.0 59.0 60.0 60.0 
218.0 104.0 65.0 76.0 
56.0 58.0 58.0 62.0 
54.0 59.0 58.0 63.0 
56.0 56.0 63.0 57.0 
221.0 98.0 68.0 76.0 
50.0 60.0 57.0 56.0 
54.0 58.0 58.0 62.0 
56.0 56.0 63.0 57.0 
219.0 101.0 67.0 77.0 
53.0 58.0 59.0 59.0 
57.0 57.0 61.0 59.0 
56.0 57.0 62.0 57.0 
219.0 102.0 67.0 77.0 
57.0 57.0 58.0 60.0 
54.0 58.0 59.0 60.0 
52.0 60.0 59.0 62.0 
215.0 102.0 68.0 74.0 
51.0 61.0 58.0 58.0 
53.0 58.0 60.0 59.0 
53.0 61.0 59.0 63.0 
218.0 100.0 70.0 75.0 
51.0 59.0 57.0 61.0 
51.0 61.0 57.0 63.0 
55.0 56.0 61.0 58.0 
221.0 99.0 69.0 75.0 
54.0 57.0 59.0 59.0 
57.0 57.0 61.0 59.0 
50.0 62.0 57.0 62.0 
219.0 100.0 69.0 76.0 
52.0 60.0 56.0 62.0 
56.0 57.0 61.0 58.0 
53.0 58.0 61.0 60.0 
220.0 100.0 69.0 75.0 
56.0 56.0 60.0 59.0 
57.0 55.0 61.0 60.0 
55.0 57.0 62.0 61.0 
215.0 105.0 67.0 76.0 
54.0 59.0 58.0 58.0 
54.0 61.0 57.0 63.0 
54.0 58.0 60.0 59.0 
220.0 100.0 70.0 74.0 
50.0 61.0 57.0 60.0 
55.0 59.0 60.0 60.0 
57.0 55.0 63.0 57.0 
214.0 104.0 65.0 79.0 
55.0 57.0 60.0 59.0 
50.0 60.0 58.0 63.0 
52.0 59.0 59.0 63.0 
219.0 101.0 68.0 76.0 
57.0 56.0 59.0 59.0 
53.0 58.0 61.0 58.0 
54.0 56.0 62.0 58.0 
216.0 103.0 66.0 78.0 
57.0 55.0 60.0 58.0 
56.0 58.0 56.0 62.0 
55.0 62.0 60.0 59.0 
219.0 101.0 68.0 76.0 
56.0 56.0 61.0 57.0 
51.0 60.0 60.0 57.0 
50.0 61.0 58.0 62.0 
217.0 98.0 69.0 73.0 
51.0 61.0 57.0 62.0 
51.0 60.0 58.0 63.0 
56.0 57.0 61.0 59.0 
218.0 99.0 69.0 74.0 
54.0 58.0 59.0 59.0 
54.0 57.0 59.0 60.0 
58.0 55.0 61.0 58.0 
214.0 103.0 65.0 75.0 
53.0 58.0 58.0 57.0 
51.0 61.0 58.0 62.0 
56.0 56.0 61.0 61.0 
218.0 99.0 68.0 75.0 
56.0 56.0 59.0 61.0 
55.0 62.0 58.0 60.0 
54.0 59.0 58.0 63.0 
215.0 102.0 67.0 74.0 
54.0 58.0 57.0 61.0 
51.0 61.0 58.0 62.0 
57.0 57.0 61.0 60.0 
215.0 103.0 66.0 75.0 
55.0 58.0 57.0 62.0 
54.0 58.0 59.0 62.0 
54.0 57.0 61.0 59.0 
218.0 99.0 68.0 75.0 
55.0 57.0 61.0 57.0 
52.0 60.0 58.0 63.0 
55.0 58.0 60.0 61.0 
214.0 102.0 64.0 78.0 
52.0 60.0 57.0 62.0 
57.0 56.0 59.0 63.0 
57.0 56.0 60.0 60.0 
215.0 105.0 66.0 73.0 
52.0 60.0 57.0 60.0 
52.0 58.0 60.0 59.0 
54.0 60.0 57.0 62.0 
214.0 103.0 65.0 76.0 
56.0 55.0 60.0 57.0 
57.0 55.0 63.0 58.0 
50.0 60.0 58.0 63.0 
216.0 99.0 65.0 75.0 
54.0 57.0 62.0 59.0 
52.0 60.0 59.0 61.0 
56.0 56.0 62.0 58.0 
216.0 98.0 67.0 71.0 
55.0 57.0 61.0 56.0 
57.0 56.0 61.0 57.0 
55.0 58.0 61.0 59.0 
214.0 103.0 64.0 74.0 
54.0 61.0 57.0 58.0 
55.0 56.0 61.0 59.0 
52.0 57.0 62.0 57.0 
214.0 102.0 63.0 74.0 
55.0 57.0 59.0 61.0 
55.0 58.0 59.0 61.0 
53.0 59.0 60.0 59.0 
213.0 102.0 65.0 75.0 
58.0 56.0 61.0 57.0 
56.0 57.0 63.0 57.0 
53.0 59.0 60.0 61.0 
216.0 99.0 66.0 74.0 
57.0 54.0 61.0 58.0 
55.0 58.0 60.0 60.0 
51.0 61.0 59.0 60.0 
219.0 98.0 69.0 74.0 
57.0 55.0 61.0 57.0 
54.0 57.0 61.0 57.0 
51.0 61.0 60.0 58.0 
217.0 100.0 68.0 77.0 
57.0 55.0 60.0 59.0 
54.0 57.0 59.0 61.0 
54.0 58.0 61.0 58.0 
216.0 99.0 71.0 72.0 
51.0 59.0 59.0 59.0 
52.0 58.0 60.0 59.0 
53.0 60.0 60.0 63.0 
219.0 98.0 70.0 74.0 
51.0 60.0 57.0 61.0 
53.0 59.0 60.0 60.0 
57.0 55.0 62.0 59.0 
219.0 97.0 73.0 73.0 
54.0 58.0 59.0 59.0 
57.0 56.0 60.0 58.0 
55.0 57.0 60.0 60.0 
219.0 98.0 73.0 74.0 
51.0 60.0 59.0 59.0 
54.0 56.0 60.0 61.0 
57.0 57.0 60.0 62.0 
217.0 99.0 69.0 76.0 
53.0 56.0 59.0 57.0 
53.0 58.0 59.0 60.0 
54.0 60.0 57.0 63.0 
216.0 100.0 71.0 78.0 
56.0 56.0 59.0 59.0 
52.0 58.0 59.0 59.0 
54.0 60.0 59.0 62.0 
216.0 102.0 69.0 78.0 
53.0 57.0 59.0 59.0 
53.0 58.0 59.0 60.0 
51.0 61.0 57.0 62.0 
218.0 98.0 72.0 73.0 
56.0 56.0 62.0 56.0 
53.0 59.0 58.0 62.0 
56.0 56.0 63.0 58.0 
215.0 99.0 73.0 73.0 
52.0 58.0 62.0 61.0 
56.0 55.0 61.0 57.0 
52.0 58.0 60.0 57.0 
217.0 99.0 71.0 77.0 
52.0 58.0 59.0 59.0 
56.0 57.0 61.0 60.0 
52.0 60.0 60.0 59.0 
215.0 100.0 70.0 76.0 
56.0 56.0 61.0 58.0 
55.0 56.0 62.0 57.0 
53.0 59.0 59.0 60.0 
218.0 99.0 72.0 73.0 
54.0 57.0 59.0 59.0 
56.0 58.0 60.0 60.0 
57.0 56.0 61.0 60.0 
218.0 98.0 72.0 73.0 
54.0 57.0 59.0 61.0 
55.0 58.0 57.0 63.0 
56.0 58.0 58.0 63.0 
216.0 98.0 73.0 75.0 
54.0 60.0 57.0 60.0 
55.0 58.0 58.0 63.0 
57.0 56.0 61.0 60.0 
217.0 98.0 71.0 76.0 
54.0 57.0 59.0 58.0 
52.0 59.0 59.0 61.0 
57.0 56.0 61.0 59.0 
216.0 99.0 73.0 74.0 
51.0 60.0 58.0 61.0 
52.0 59.0 58.0 62.0 
52.0 59.0 58.0 63.0 
215.0 100.0 71.0 74.0 
54.0 57.0 61.0 61.0 
53.0 60.0 57.0 63.0 
53.0 60.0 58.0 62.0 
218.0 98.0 72.0 78.0 
57.0 55.0 59.0 62.0 
54.0 58.0 62.0 57.0 
51.0 60.0 60.0 60.0 
214.0 102.0 70.0 75.0 
55.0 59.0 57.0 61.0 
52.0 61.0 58.0 63.0 
56.0 56.0 62.0 57.0 
215.0 100.0 69.0 78.0 
54.0 57.0 59.0 59.0 
52.0 58.0 60.0 61.0 
56.0 58.0 61.0 60.0 
213.0 101.0 70.0 76.0 
58.0 55.0 60.0 56.0 
54.0 58.0 59.0 61.0 
57.0 56.0 63.0 57.0 
215.0 100.0 70.0 77.0 
55.0 58.0 59.0 59.0 
51.0 59.0 60.0 60.0 
54.0 59.0 58.0 63.0 
220.0 97.0 72.0 78.0 
57.0 55.0 59.0 62.0 
51.0 61.0 60.0 60.0 
53.0 61.0 58.0 63.0 
215.0 97.0 71.0 72.0 
51.0 60.0 58.0 61.0 
51.0 59.0 58.0 61.0 
56.0 57.0 61.0 58.0 
214.0 98.0 68.0 76.0 
57.0 55.0 61.0 62.0 
54.0 57.0 61.0 60.0 
55.0 57.0 61.0 58.0 
212.0 99.0 68.0 76.0 
53.0 58.0 59.0 60.0 
53.0 60.0 58.0 62.0 
56.0 57.0 61.0 60.0 
217.0 94.0 73.0 72.0 
52.0 60.0 57.0 61.0 
50.0 59.0 60.0 57.0 
51.0 58.0 62.0 58.0 
215.0 94.0 68.0 76.0 
56.0 58.0 59.0 60.0 
55.0 58.0 60.0 60.0 
52.0 59.0 60.0 60.0 
213.0 98.0 68.0 76.0 
57.0 55.0 61.0 58.0 
52.0 58.0 60.0 60.0 
54.0 58.0 59.0 63.0 
212.0 97.0 68.0 76.0 
54.0 57.0 59.0 59.0 
50.0 60.0 58.0 61.0 
52.0 60.0 59.0 61.0 
213.0 98.0 70.0 74.0 
51.0 60.0 57.0 62.0 
56.0 57.0 62.0 59.0 
51.0 62.0 58.0 63.0 
215.0 97.0 67.0 74.0 
55.0 60.0 58.0 60.0 
52.0 57.0 62.0 58.0 
50.0 61.0 59.0 60.0 
214.0 94.0 70.0 70.0 
53.0 61.0 57.0 58.0 
53.0 60.0 58.0 63.0 
56.0 56.0 63.0 59.0 
212.0 97.0 66.0 74.0 
57.0 56.0 60.0 59.0 
51.0 61.0 59.0 61.0 
57.0 56.0 63.0 58.0 
217.0 92.0 69.0 72.0 
57.0 55.0 61.0 57.0 
52.0 60.0 56.0 64.0 
53.0 60.0 59.0 62.0 
217.0 93.0 71.0 72.0 
55.0 57.0 60.0 58.0 
57.0 56.0 60.0 60.0 
53.0 57.0 61.0 60.0 
212.0 94.0 71.0 70.0 
53.0 57.0 61.0 57.0 
55.0 56.0 62.0 59.0 
52.0 58.0 61.0 58.0 
214.0 93.0 70.0 70.0 
58.0 56.0 61.0 59.0 
52.0 59.0 59.0 61.0 
56.0 57.0 61.0 59.0 
212.0 96.0 69.0 71.0 
55.0 58.0 57.0 62.0 
53.0 58.0 59.0 63.0 
52.0 59.0 59.0 61.0 
218.0 92.0 70.0 70.0 
56.0 55.0 61.0 56.0 
52.0 60.0 58.0 63.0 
54.0 58.0 59.0 61.0 
213.0 96.0 68.0 73.0 
54.0 59.0 57.0 57.0 
50.0 57.0 62.0 58.0 
52.0 59.0 63.0 57.0 
214.0 97.0 67.0 74.0 
56.0 56.0 59.0 62.0 
52.0 59.0 60.0 60.0 
55.0 58.0 60.0 59.0 
215.0 94.0 69.0 69.0 
51.0 60.0 57.0 62.0 
54.0 59.0 60.0 61.0 
51.0 60.0 60.0 61.0 
217.0 93.0 69.0 71.0 
51.0 60.0 57.0 61.0 
54.0 58.0 60.0 60.0 
50.0 61.0 58.0 63.0 
216.0 92.0 70.0 70.0 
55.0 56.0 61.0 57.0 
53.0 58.0 60.0 60.0 
54.0 59.0 59.0 63.0 
213.0 95.0 71.0 71.0 
56.0 58.0 58.0 62.0 
58.0 56.0 60.0 60.0 
54.0 58.0 63.0 58.0 
216.0 95.0 65.0 75.0 
58.0 57.0 60.0 58.0 
57.0 55.0 62.0 58.0 
51.0 62.0 58.0 62.0 
218.0 92.0 70.0 71.0 
52.0 60.0 58.0 61.0 
53.0 60.0 57.0 62.0 
53.0 60.0 59.0 62.0 
217.0 93.0 71.0 70.0 
55.0 60.0 58.0 59.0 
55.0 56.0 62.0 57.0 
53.0 59.0 60.0 60.0 
214.0 95.0 68.0 72.0 
52.0 57.0 60.0 59.0 
56.0 58.0 60.0 63.0 
55.0 58.0 58.0 63.0 
213.0 97.0 66.0 74.0 
56.0 57.0 57.0 62.0 
53.0 58.0 60.0 61.0 
53.0 59.0 60.0 60.0 
213.0 96.0 65.0 75.0 
55.0 55.0 62.0 57.0 
52.0 59.0 60.0 59.0 
53.0 61.0 58.0 63.0 
211.0 95.0 66.0 74.0 
57.0 56.0 62.0 56.0 
53.0 60.0 59.0 62.0 
56.0 57.0 61.0 61.0 
214.0 92.0 69.0 70.0 
53.0 60.0 57.0 62.0 
54.0 58.0 60.0 61.0 
55.0 56.0 62.0 56.0 
211.0 95.0 67.0 72.0 
53.0 59.0 58.0 59.0 
54.0 56.0 61.0 61.0 
57.0 56.0 61.0 61.0 
213.0 96.0 65.0 74.0 
56.0 55.0 61.0 56.0 
56.0 55.0 62.0 59.0 
52.0 59.0 60.0 59.0 
218.0 92.0 70.0 73.0 
53.0 58.0 60.0 57.0 
50.0 60.0 60.0 59.0 
54.0 59.0 59.0 63.0 
213.0 96.0 66.0 75.0 
51.0 60.0 59.0 58.0 
56.0 57.0 62.0 60.0 
54.0 59.0 59.0 62.0 
212.0 94.0 69.0 73.0 
56.0 57.0 59.0 62.0 
53.0 60.0 59.0 60.0 
53.0 61.0 60.0 58.0 
213.0 91.0 70.0 74.0 
57.0 56.0 58.0 62.0 
50.0 59.0 61.0 58.0 
52.0 58.0 62.0 58.0 
212.0 94.0 70.0 72.0 
54.0 58.0 59.0 59.0 
56.0 56.0 63.0 59.0 
52.0 59.0 60.0 60.0 
213.0 97.0 68.0 75.0 
51.0 60.0 58.0 60.0 
56.0 57.0 60.0 60.0 
53.0 60.0 58.0 62.0 
215.0 92.0 71.0 70.0 
55.0 56.0 61.0 56.0 
51.0 62.0 59.0 60.0 
51.0 62.0 59.0 61.0 
216.0 91.0 69.0 71.0 
54.0 57.0 62.0 57.0 
55.0 58.0 59.0 62.0 
55.0 58.0 59.0 63.0 
211.0 92.0 69.0 70.0 
52.0 59.0 58.0 58.0 
51.0 59.0 60.0 59.0 
54.0 58.0 60.0 60.0 
209.0 96.0 66.0 74.0 
57.0 55.0 60.0 57.0 
55.0 60.0 60.0 59.0 
51.0 61.0 58.0 62.0 
214.0 92.0 68.0 73.0 
54.0 57.0 61.0 58.0 
52.0 59.0 60.0 61.0 
57.0 56.0 63.0 58.0 
217.0 91.0 69.0 72.0 
57.0 56.0 61.0 57.0 
53.0 59.0 59.0 61.0 
57.0 57.0 61.0 61.0 
214.0 93.0 69.0 70.0 
55.0 55.0 61.0 59.0 
53.0 59.0 58.0 60.0 
53.0 61.0 60.0 62.0 
212.0 96.0 67.0 74.0 
51.0 60.0 58.0 60.0 
57.0 57.0 62.0 59.0 
50.0 61.0 57.0 62.0 
216.0 92.0 69.0 72.0 
51.0 60.0 57.0 63.0 
55.0 57.0 61.0 59.0 
52.0 62.0 59.0 63.0 
215.0 92.0 68.0 69.0 
54.0 57.0 59.0 59.0 
57.0 56.0 62.0 60.0 
57.0 56.0 64.0 58.0 
215.0 90.0 70.0 68.0 
54.0 58.0 59.0 60.0 
56.0 58.0 59.0 63.0 
56.0 59.0 59.0 62.0 
212.0 91.0 68.0 70.0 
52.0 57.0 61.0 57.0 
55.0 59.0 59.0 62.0 
55.0 58.0 60.0 59.0 
210.0 96.0 67.0 72.0 
54.0 59.0 57.0 62.0 
54.0 60.0 57.0 63.0 
54.0 57.0 62.0 58.0 
213.0 94.0 68.0 73.0 
54.0 57.0 59.0 59.0 
51.0 60.0 58.0 63.0 
54.0 59.0 60.0 62.0 
209.0 95.0 67.0 74.0 
57.0 55.0 59.0 59.0 
50.0 61.0 57.0 62.0 
53.0 59.0 60.0 60.0 
209.0 96.0 67.0 74.0 
51.0 59.0 60.0 56.0 
52.0 58.0 62.0 57.0 
52.0 58.0 62.0 57.0 
213.0 90.0 70.0 71.0 
51.0 59.0 57.0 62.0 
55.0 58.0 59.0 63.0 
57.0 56.0 61.0 59.0 
212.0 90.0 70.0 70.0 
52.0 61.0 57.0 61.0 
52.0 60.0 60.0 61.0 
55.0 58.0 60.0 60.0 
208.0 93.0 68.0 73.0 
58.0 55.0 61.0 58.0 
51.0 61.0 58.0 62.0 
53.0 60.0 61.0 63.0 
207.0 92.0 68.0 72.0 
52.0 61.0 57.0 61.0 
53.0 60.0 60.0 60.0 
55.0 59.0 59.0 62.0 
205.0 95.0 68.0 70.0 
52.0 58.0 61.0 57.0 
57.0 58.0 60.0 62.0 
58.0 57.0 63.0 60.0 
209.0 91.0 70.0 71.0 
53.0 58.0 60.0 56.0 
54.0 58.0 63.0 57.0 
51.0 62.0 58.0 63.0 
207.0 91.0 70.0 69.0 
52.0 59.0 59.0 59.0 
52.0 59.0 60.0 60.0 
55.0 58.0 60.0 61.0 
206.0 92.0 69.0 71.0 
55.0 57.0 59.0 60.0 
57.0 56.0 62.0 60.0 
56.0 57.0 63.0 58.0 
210.0 90.0 70.0 70.0 
51.0 59.0 58.0 61.0 
52.0 60.0 60.0 58.0 
51.0 60.0 60.0 59.0 
204.0 94.0 67.0 73.0 
57.0 58.0 57.0 62.0 
54.0 59.0 60.0 61.0 
53.0 59.0 61.0 59.0 
206.0 90.0 70.0 70.0 
52.0 60.0 58.0 56.0 
54.0 58.0 60.0 62.0 
54.0 59.0 59.0 62.0 
201.0 94.0 67.0 73.0 
58.0 55.0 61.0 58.0 
54.0 59.0 60.0 61.0 
55.0 58.0 60.0 61.0 
204.0 92.0 67.0 72.0 
52.0 61.0 57.0 61.0 
58.0 56.0 63.0 57.0 
54.0 58.0 61.0 63.0 
199.0 94.0 66.0 71.0 
54.0 60.0 60.0 59.0 
54.0 57.0 63.0 58.0 
51.0 60.0 59.0 60.0 
200.0 91.0 66.0 74.0 
58.0 55.0 61.0 57.0 
57.0 55.0 63.0 58.0 
54.0 61.0 58.0 63.0 
199.0 92.0 67.0 72.0 
58.0 54.0 61.0 56.0 
57.0 57.0 61.0 59.0 
52.0 61.0 59.0 62.0 
199.0 90.0 68.0 70.0 
56.0 57.0 61.0 58.0 
57.0 57.0 62.0 58.0 
56.0 58.0 61.0 58.0 
196.0 94.0 66.0 74.0 
54.0 58.0 59.0 61.0 
52.0 61.0 59.0 61.0 
55.0 59.0 59.0 61.0 
196.0 92.0 67.0 72.0 
54.0 61.0 57.0 56.0 
52.0 59.0 60.0 61.0 
57.0 57.0 61.0 59.0 
198.0 92.0 66.0 73.0 
59.0 56.0 61.0 58.0 
54.0 59.0 60.0 61.0 
53.0 60.0 61.0 60.0 
196.0 94.0 67.0 72.0 
57.0 56.0 60.0 59.0 
57.0 57.0 62.0 58.0 
52.0 60.0 59.0 60.0 
198.0 92.0 67.0 73.0 
56.0 58.0 59.0 61.0 
55.0 56.0 62.0 58.0 
56.0 57.0 64.0 58.0 
198.0 92.0 66.0 74.0 
56.0 56.0 61.0 59.0 
55.0 60.0 59.0 61.0 
55.0 61.0 59.0 61.0 
197.0 91.0 68.0 71.0 
52.0 60.0 59.0 61.0 
57.0 56.0 62.0 58.0 
52.0 59.0 60.0 58.0 
197.0 91.0 68.0 71.0 
53.0 58.0 60.0 59.0 
51.0 61.0 58.0 62.0 
58.0 57.0 61.0 58.0 
198.0 91.0 68.0 72.0 
57.0 56.0 61.0 57.0 
52.0 61.0 58.0 62.0 
55.0 60.0 59.0 61.0 
195.0 91.0 67.0 70.0 
52.0 60.0 57.0 57.0 
55.0 58.0 60.0 61.0 
54.0 58.0 63.0 59.0 
200.0 88.0 68.0 72.0 
56.0 56.0 60.0 58.0 
52.0 62.0 59.0 60.0 
54.0 59.0 59.0 62.0 
199.0 89.0 70.0 69.0 
56.0 57.0 57.0 62.0 
53.0 61.0 58.0 63.0 
58.0 56.0 61.0 60.0 
196.0 93.0 66.0 73.0 
57.0 56.0 59.0 61.0 
55.0 58.0 60.0 61.0 
56.0 57.0 63.0 58.0 
198.0 90.0 67.0 72.0 
58.0 56.0 62.0 57.0 
52.0 60.0 59.0 60.0 
52.0 61.0 57.0 63.0 
195.0 93.0 66.0 74.0 
55.0 58.0 58.0 61.0 
55.0 56.0 62.0 59.0 
55.0 57.0 62.0 58.0 
196.0 94.0 67.0 71.0 
55.0 60.0 58.0 59.0 
53.0 59.0 60.0 60.0 
55.0 60.0 58.0 63.0 
194.0 93.0 66.0 72.0 
56.0 57.0 59.0 60.0 
57.0 57.0 61.0 59.0 
51.0 62.0 59.0 62.0 
196.0 93.0 66.0 73.0 
58.0 56.0 61.0 62.0 
56.0 57.0 61.0 60.0 
57.0 57.0 63.0 58.0 
197.0 90.0 69.0 69.0 
54.0 58.0 59.0 58.0 
55.0 57.0 62.0 58.0 
55.0 59.0 61.0 60.0 
195.0 91.0 66.0 74.0 
57.0 56.0 59.0 59.0 
53.0 61.0 59.0 60.0 
55.0 62.0 58.0 63.0 
197.0 92.0 66.0 72.0 
56.0 58.0 58.0 62.0 
55.0 59.0 60.0 62.0 
57.0 56.0 62.0 57.0 
199.0 91.0 68.0 70.0 
55.0 59.0 57.0 62.0 
55.0 57.0 62.0 59.0 
53.0 60.0 59.0 61.0 
200.0 89.0 68.0 70.0 
55.0 58.0 60.0 60.0 
58.0 56.0 62.0 59.0 
53.0 61.0 60.0 62.0 
199.0 88.0 69.0 70.0 
59.0 56.0 61.0 56.0 
54.0 59.0 60.0 61.0 
56.0 59.0 58.0 62.0 
198.0 88.0 69.0 71.0 
55.0 59.0 61.0 57.0 
54.0 57.0 63.0 58.0 
53.0 62.0 58.0 63.0 
195.0 92.0 66.0 73.0 
58.0 55.0 62.0 61.0 
54.0 59.0 59.0 62.0 
58.0 57.0 61.0 60.0 
199.0 91.0 68.0 72.0 
54.0 59.0 59.0 59.0 
55.0 58.0 61.0 60.0 
57.0 56.0 62.0 57.0 
201.0 88.0 71.0 69.0 
56.0 58.0 58.0 59.0 
55.0 58.0 59.0 60.0 
57.0 56.0 61.0 58.0 
205.0 88.0 70.0 69.0 
53.0 60.0 58.0 60.0 
51.0 58.0 62.0 58.0 
54.0 58.0 62.0 59.0 
197.0 88.0 70.0 67.0 
54.0 60.0 58.0 60.0 
51.0 61.0 59.0 64.0 
57.0 58.0 61.0 60.0 
197.0 90.0 69.0 70.0 
54.0 58.0 60.0 59.0 
56.0 59.0 59.0 62.0 
58.0 57.0 60.0 63.0 
199.0 90.0 70.0 69.0 
54.0 58.0 59.0 60.0 
58.0 57.0 63.0 58.0 
55.0 58.0 61.0 58.0 
199.0 88.0 70.0 69.0 
56.0 57.0 60.0 59.0 
57.0 56.0 63.0 58.0 
53.0 62.0 58.0 62.0 
198.0 88.0 69.0 71.0 
56.0 57.0 58.0 58.0 
52.0 60.0 60.0 58.0 
52.0 62.0 59.0 60.0 
193.0 92.0 66.0 72.0 
58.0 55.0 61.0 58.0 
52.0 61.0 59.0 60.0 
55.0 60.0 57.0 64.0 
196.0 90.0 67.0 72.0 
55.0 56.0 61.0 57.0 
58.0 56.0 62.0 59.0 
53.0 60.0 61.0 61.0 
193.0 91.0 66.0 73.0 
56.0 57.0 60.0 60.0 
55.0 59.0 59.0 61.0 
52.0 61.0 59.0 61.0 
191.0 89.0 67.0 69.0 
52.0 61.0 57.0 62.0 
55.0 58.0 59.0 63.0 
57.0 57.0 60.0 63.0 
191.0 92.0 68.0 68.0 
58.0 57.0 58.0 62.0 
56.0 61.0 59.0 61.0 
56.0 59.0 59.0 63.0 
194.0 86.0 70.0 69.0 
52.0 60.0 56.0 62.0 
58.0 56.0 61.0 58.0 
54.0 59.0 61.0 60.0 
192.0 89.0 70.0 69.0 
52.0 61.0 57.0 60.0 
52.0 61.0 58.0 62.0 
57.0 57.0 61.0 59.0 
194.0 88.0 69.0 71.0 
58.0 55.0 59.0 58.0 
54.0 58.0 61.0 58.0 
55.0 58.0 61.0 59.0 
193.0 89.0 69.0 70.0 
53.0 58.0 59.0 59.0 
56.0 62.0 57.0 60.0 
53.0 61.0 60.0 59.0 
193.0 89.0 69.0 70.0 
56.0 55.0 61.0 60.0 
55.0 61.0 58.0 61.0 
56.0 59.0 57.0 63.0 
191.0 90.0 67.0 70.0 
54.0 60.0 57.0 62.0 
54.0 59.0 59.0 62.0 
55.0 59.0 62.0 57.0 
197.0 89.0 67.0 70.0 
52.0 61.0 58.0 61.0 
57.0 56.0 62.0 57.0 
56.0 58.0 61.0 59.0 
191.0 92.0 67.0 71.0 
55.0 58.0 58.0 61.0 
56.0 59.0 60.0 60.0 
58.0 57.0 62.0 58.0 
194.0 87.0 69.0 72.0 
58.0 57.0 57.0 61.0 
52.0 59.0 59.0 59.0 
55.0 63.0 59.0 62.0 
190.0 88.0 70.0 69.0 
55.0 57.0 61.0 57.0 
57.0 57.0 61.0 59.0 
54.0 59.0 61.0 59.0 
192.0 87.0 69.0 71.0 
54.0 59.0 59.0 58.0 
52.0 61.0 57.0 64.0 
55.0 58.0 61.0 59.0 
187.0 91.0 66.0 73.0 
54.0 59.0 57.0 62.0 
53.0 61.0 59.0 59.0 
51.0 61.0 58.0 59.0 
187.0 90.0 66.0 71.0 
54.0 58.0 58.0 59.0 
54.0 59.0 62.0 58.0 
55.0 60.0 62.0 59.0 
189.0 89.0 70.0 70.0 
55.0 56.0 59.0 59.0 
56.0 59.0 59.0 61.0 
58.0 58.0 61.0 61.0 
190.0 90.0 66.0 73.0 
58.0 57.0 59.0 60.0 
57.0 57.0 60.0 61.0 
55.0 58.0 62.0 58.0 
188.0 89.0 66.0 74.0 
57.0 57.0 59.0 59.0 
54.0 59.0 59.0 61.0 
56.0 58.0 60.0 60.0 
192.0 88.0 69.0 71.0 
58.0 56.0 61.0 57.0 
53.0 60.0 58.0 63.0 
57.0 58.0 62.0 57.0 
192.0 88.0 68.0 71.0 
57.0 57.0 61.0 60.0 
54.0 61.0 59.0 60.0 
53.0 62.0 59.0 61.0 
189.0 89.0 69.0 69.0 
55.0 59.0 59.0 60.0 
57.0 58.0 60.0 62.0 
57.0 57.0 62.0 57.0 
185.0 91.0 66.0 71.0 
55.0 57.0 60.0 56.0 
57.0 59.0 58.0 60.0 
55.0 59.0 60.0 59.0 
185.0 90.0 67.0 73.0 
55.0 58.0 59.0 60.0 
55.0 59.0 59.0 59.0 
53.0 61.0 59.0 60.0 
188.0 88.0 68.0 71.0 
52.0 60.0 57.0 61.0 
55.0 58.0 61.0 60.0 
56.0 57.0 61.0 60.0 
182.0 89.0 67.0 69.0 
52.0 60.0 59.0 59.0 
56.0 57.0 61.0 58.0 
54.0 60.0 60.0 60.0 
189.0 86.0 70.0 71.0 
57.0 58.0 57.0 62.0 
57.0 55.0 63.0 58.0 
52.0 61.0 59.0 62.0 
185.0 86.0 69.0 69.0 
52.0 60.0 57.0 60.0 
52.0 61.0 58.0 64.0 
55.0 58.0 61.0 60.0 
188.0 89.0 67.0 72.0 
58.0 58.0 60.0 59.0 
52.0 60.0 60.0 60.0 
53.0 61.0 57.0 62.0 
187.0 89.0 68.0 72.0 
56.0 57.0 62.0 62.0 
58.0 58.0 58.0 62.0 
58.0 58.0 59.0 64.0 
185.0 90.0 67.0 69.0 
54.0 60.0 58.0 61.0 
58.0 57.0 61.0 59.0 
53.0 60.0 60.0 60.0 
187.0 90.0 67.0 71.0 
56.0 56.0 59.0 59.0 
58.0 56.0 61.0 58.0 
52.0 61.0 58.0 64.0 
187.0 90.0 66.0 73.0 
56.0 57.0 62.0 56.0 
54.0 59.0 59.0 62.0 
55.0 58.0 61.0 59.0 
189.0 85.0 70.0 70.0 
58.0 57.0 60.0 57.0 
55.0 60.0 59.0 60.0 
59.0 56.0 61.0 60.0 
184.0 86.0 70.0 69.0 
58.0 57.0 59.0 62.0 
59.0 56.0 61.0 59.0 
54.0 58.0 61.0 59.0 
185.0 86.0 70.0 68.0 
53.0 60.0 59.0 59.0 
55.0 59.0 59.0 59.0 
57.0 58.0 61.0 60.0 
183.0 86.0 66.0 70.0 
54.0 58.0 60.0 58.0 
55.0 58.0 61.0 57.0 
56.0 59.0 60.0 61.0 
180.0 89.0 65.0 74.0 
56.0 59.0 58.0 58.0 
54.0 59.0 60.0 60.0 
53.0 62.0 58.0 63.0 
178.0 85.0 68.0 70.0 
53.0 60.0 58.0 61.0 
56.0 57.0 62.0 57.0 
52.0 58.0 63.0 57.0 
182.0 85.0 70.0 69.0 
56.0 57.0 62.0 56.0 
60.0 57.0 61.0 58.0 
54.0 60.0 60.0 60.0 
185.0 86.0 68.0 70.0 
55.0 59.0 59.0 60.0 
55.0 59.0 58.0 62.0 
58.0 57.0 62.0 59.0 
182.0 87.0 67.0 72.0 
55.0 57.0 59.0 60.0 
54.0 60.0 59.0 61.0 
53.0 59.0 59.0 63.0 
181.0 89.0 67.0 72.0 
54.0 58.0 59.0 59.0 
55.0 60.0 59.0 61.0 
58.0 56.0 62.0 59.0 
186.0 84.0 69.0 69.0 
53.0 60.0 61.0 56.0 
58.0 58.0 59.0 62.0 
58.0 59.0 59.0 62.0 
177.0 86.0 67.0 69.0 
56.0 58.0 57.0 62.0 
58.0 58.0 59.0 61.0 
55.0 58.0 62.0 58.0 
185.0 84.0 70.0 69.0 
53.0 59.0 58.0 58.0 
53.0 61.0 59.0 61.0 
58.0 58.0 60.0 60.0 
182.0 86.0 68.0 72.0 
55.0 58.0 58.0 60.0 
56.0 59.0 60.0 60.0 
59.0 56.0 62.0 60.0 
178.0 87.0 65.0 73.0 
56.0 58.0 59.0 59.0 
52.0 61.0 57.0 62.0 
58.0 58.0 61.0 61.0 
180.0 87.0 66.0 72.0 
56.0 60.0 57.0 61.0 
52.0 60.0 60.0 58.0 
55.0 61.0 58.0 62.0 
182.0 84.0 68.0 71.0 
54.0 58.0 60.0 57.0 
56.0 56.0 63.0 57.0 
53.0 61.0 58.0 63.0 
182.0 83.0 69.0 69.0 
59.0 55.0 62.0 56.0 
54.0 61.0 58.0 62.0 
57.0 58.0 60.0 59.0 
181.0 82.0 70.0 67.0 
56.0 58.0 60.0 57.0 
55.0 59.0 59.0 61.0 
58.0 59.0 61.0 60.0 
178.0 86.0 66.0 72.0 
59.0 56.0 61.0 58.0 
59.0 57.0 60.0 62.0 
58.0 59.0 59.0 61.0 
176.0 86.0 70.0 67.0 
53.0 57.0 60.0 60.0 
59.0 57.0 60.0 60.0 
55.0 59.0 60.0 61.0 
178.0 89.0 66.0 71.0 
58.0 57.0 59.0 59.0 
52.0 62.0 59.0 61.0 
58.0 56.0 62.0 58.0 
183.0 87.0 67.0 71.0 
57.0 58.0 59.0 59.0 
59.0 56.0 62.0 58.0 
57.0 58.0 61.0 60.0 
188.0 83.0 69.0 69.0 
59.0 55.0 62.0 57.0 
54.0 60.0 58.0 62.0 
58.0 57.0 62.0 58.0 
182.0 87.0 67.0 69.0 
53.0 60.0 60.0 57.0 
57.0 56.0 62.0 58.0 
52.0 61.0 59.0 60.0 
180.0 88.0 65.0 71.0 
53.0 60.0 57.0 61.0 
59.0 56.0 62.0 59.0 
52.0 62.0 58.0 63.0 
188.0 84.0 68.0 68.0 
53.0 60.0 57.0 62.0 
55.0 59.0 58.0 62.0 
56.0 59.0 61.0 61.0 
187.0 88.0 64.0 73.0 
55.0 59.0 59.0 60.0 
55.0 59.0 59.0 59.0 
52.0 60.0 59.0 61.0 
187.0 88.0 66.0 71.0 
56.0 56.0 62.0 59.0 
55.0 59.0 59.0 60.0 
55.0 61.0 59.0 59.0 
188.0 87.0 64.0 72.0 
58.0 57.0 59.0 61.0 
56.0 60.0 58.0 62.0 
58.0 56.0 62.0 58.0 
186.0 86.0 68.0 67.0 
52.0 60.0 58.0 61.0 
51.0 60.0 58.0 62.0 
60.0 56.0 62.0 58.0 
188.0 85.0 67.0 67.0 
57.0 57.0 59.0 58.0 
58.0 56.0 63.0 58.0 
56.0 57.0 61.0 59.0 
188.0 85.0 67.0 69.0 
57.0 57.0 60.0 58.0 
55.0 58.0 61.0 60.0 
57.0 58.0 61.0 59.0 
186.0 86.0 67.0 68.0 
55.0 57.0 62.0 57.0 
56.0 58.0 62.0 60.0 
54.0 57.0 62.0 58.0 
188.0 87.0 65.0 72.0 
59.0 55.0 62.0 57.0 
57.0 57.0 61.0 58.0 
54.0 62.0 59.0 62.0 
188.0 83.0 68.0 69.0 
54.0 59.0 59.0 60.0 
52.0 61.0 59.0 61.0 
58.0 57.0 61.0 60.0 
190.0 84.0 68.0 67.0 
54.0 59.0 57.0 60.0 
59.0 56.0 63.0 58.0 
55.0 60.0 61.0 60.0 
189.0 86.0 68.0 68.0 
56.0 57.0 59.0 58.0 
56.0 58.0 61.0 59.0 
53.0 60.0 59.0 61.0 
184.0 87.0 67.0 68.0 
54.0 59.0 62.0 56.0 
58.0 57.0 59.0 61.0 
58.0 58.0 63.0 58.0 
188.0 84.0 69.0 68.0 
51.0 61.0 57.0 62.0 
55.0 58.0 60.0 60.0 
53.0 62.0 58.0 63.0 
187.0 87.0 65.0 71.0 
55.0 56.0 61.0 57.0 
56.0 58.0 60.0 59.0 
56.0 58.0 60.0 60.0 
184.0 89.0 66.0 71.0 
58.0 56.0 59.0 58.0 
57.0 56.0 62.0 58.0 
57.0 56.0 62.0 57.0 
183.0 90.0 65.0 72.0 
54.0 58.0 60.0 59.0 
52.0 59.0 60.0 57.0 
52.0 60.0 60.0 58.0 
185.0 87.0 67.0 70.0 
54.0 60.0 58.0 60.0 
52.0 61.0 59.0 61.0 
57.0 57.0 63.0 59.0 
186.0 84.0 68.0 68.0 
52.0 60.0 56.0 59.0 
56.0 58.0 60.0 60.0 
52.0 62.0 59.0 63.0 
187.0 86.0 70.0 68.0 
55.0 60.0 58.0 62.0 
53.0 61.0 59.0 62.0 
58.0 57.0 61.0 59.0 
188.0 85.0 67.0 70.0 
59.0 57.0 60.0 60.0 
55.0 58.0 61.0 59.0 
53.0 62.0 58.0 63.0 
185.0 86.0 65.0 72.0 
58.0 55.0 61.0 58.0 
55.0 59.0 57.0 60.0 
57.0 61.0 59.0 61.0 
182.0 86.0 67.0 70.0 
56.0 60.0 58.0 61.0 
54.0 61.0 59.0 61.0 
58.0 57.0 61.0 59.0 
187.0 85.0 68.0 69.0 
59.0 55.0 61.0 58.0 
53.0 61.0 57.0 62.0 
55.0 59.0 62.0 59.0 
184.0 89.0 65.0 73.0 
56.0 57.0 59.0 60.0 
54.0 60.0 57.0 62.0 
55.0 60.0 59.0 63.0 
187.0 83.0 69.0 68.0 
57.0 57.0 61.0 57.0 
56.0 59.0 60.0 59.0 
57.0 59.0 58.0 63.0 
186.0 85.0 67.0 72.0 
58.0 54.0 61.0 62.0 
57.0 56.0 61.0 60.0 
52.0 60.0 59.0 62.0 
187.0 83.0 69.0 69.0 
53.0 60.0 57.0 60.0 
59.0 57.0 60.0 59.0 
54.0 60.0 60.0 60.0 
183.0 89.0 65.0 72.0 
59.0 55.0 62.0 57.0 
55.0 58.0 60.0 59.0 
57.0 57.0 61.0 58.0 
184.0 88.0 66.0 72.0 
56.0 57.0 59.0 60.0 
52.0 61.0 60.0 60.0 
54.0 60.0 59.0 62.0 
187.0 85.0 68.0 68.0 
52.0 61.0 56.0 63.0 
53.0 60.0 59.0 58.0 
52.0 60.0 61.0 57.0 
188.0 85.0 68.0 67.0 
58.0 55.0 61.0 57.0 
52.0 61.0 60.0 63.0 
57.0 57.0 62.0 60.0 
187.0 87.0 67.0 71.0 
55.0 58.0 59.0 58.0 
53.0 60.0 59.0 59.0 
55.0 62.0 57.0 62.0 
189.0 85.0 69.0 67.0 
52.0 61.0 57.0 62.0 
56.0 57.0 60.0 58.0 
55.0 60.0 60.0 61.0 
185.0 85.0 67.0 68.0 
55.0 58.0 58.0 61.0 
56.0 59.0 59.0 60.0 
58.0 57.0 62.0 58.0 
184.0 86.0 67.0 68.0 
52.0 58.0 59.0 57.0 
52.0 61.0 58.0 60.0 
56.0 62.0 59.0 60.0 
186.0 86.0 67.0 70.0 
55.0 58.0 61.0 57.0 
54.0 59.0 59.0 61.0 
57.0 59.0 60.0 63.0 
185.0 84.0 69.0 68.0 
53.0 59.0 60.0 59.0 
55.0 58.0 61.0 57.0 
54.0 62.0 58.0 64.0 
184.0 83.0 70.0 67.0 
57.0 57.0 60.0 57.0 
55.0 60.0 59.0 62.0 
57.0 58.0 60.0 61.0 
181.0 86.0 66.0 70.0 
55.0 58.0 59.0 59.0 
56.0 59.0 61.0 57.0 
53.0 62.0 60.0 59.0 
180.0 86.0 68.0 69.0 
57.0 56.0 60.0 59.0 
56.0 58.0 60.0 62.0 
59.0 56.0 63.0 59.0 
183.0 83.0 68.0 70.0 
56.0 56.0 61.0 57.0 
59.0 56.0 62.0 57.0 
53.0 61.0 57.0 62.0 
182.0 84.0 66.0 70.0 
55.0 58.0 61.0 60.0 
54.0 58.0 61.0 58.0 
57.0 59.0 61.0 60.0 
179.0 86.0 66.0 71.0 
58.0 57.0 60.0 59.0 
57.0 59.0 59.0 59.0 
59.0 57.0 61.0 58.0 
175.0 87.0 65.0 71.0 
57.0 58.0 59.0 62.0 
53.0 61.0 61.0 58.0 
55.0 62.0 58.0 61.0 
182.0 82.0 68.0 70.0 
56.0 57.0 61.0 57.0 
60.0 55.0 62.0 58.0 
55.0 62.0 58.0 60.0 
176.0 83.0 67.0 70.0 
55.0 58.0 59.0 58.0 
54.0 59.0 58.0 59.0 
58.0 58.0 60.0 62.0 
172.0 84.0 66.0 69.0 
59.0 56.0 62.0 57.0 
57.0 58.0 60.0 59.0 
54.0 61.0 58.0 62.0 
171.0 82.0 68.0 68.0 
56.0 58.0 60.0 59.0 
57.0 58.0 60.0 60.0 
59.0 58.0 59.0 61.0 
167.0 83.0 64.0 71.0 
58.0 61.0 57.0 61.0 
54.0 58.0 62.0 57.0 
54.0 61.0 60.0 60.0 
163.0 83.0 64.0 72.0 
61.0 56.0 62.0 62.0 
58.0 58.0 60.0 59.0 
59.0 59.0 60.0 60.0 
165.0 80.0 68.0 66.0 
54.0 60.0 57.0 61.0 
56.0 59.0 60.0 59.0 
59.0 58.0 61.0 59.0 
164.0 84.0 65.0 68.0 
53.0 60.0 58.0 61.0 
60.0 56.0 63.0 58.0 
59.0 58.0 62.0 58.0 
173.0 80.0 67.0 68.0 
60.0 56.0 61.0 57.0 
57.0 59.0 61.0 57.0 
54.0 63.0 60.0 58.0 
171.0 83.0 67.0 67.0 
55.0 61.0 56.0 60.0 
56.0 59.0 59.0 62.0 
56.0 61.0 59.0 61.0 
173.0 84.0 67.0 66.0 
55.0 59.0 58.0 59.0 
59.0 58.0 60.0 59.0 
57.0 61.0 60.0 60.0 
170.0 87.0 65.0 72.0 
57.0 58.0 61.0 59.0 
54.0 62.0 57.0 61.0 
56.0 62.0 59.0 63.0 
172.0 84.0 67.0 71.0 
58.0 57.0 59.0 60.0 
57.0 59.0 60.0 59.0 
55.0 62.0 58.0 63.0 
175.0 83.0 69.0 67.0 
55.0 59.0 59.0 60.0 
60.0 58.0 60.0 62.0 
62.0 57.0 60.0 61.0 
178.0 85.0 68.0 68.0 
56.0 57.0 59.0 59.0 
54.0 61.0 57.0 61.0 
58.0 59.0 60.0 62.0 
176.0 82.0 69.0 68.0 
58.0 58.0 57.0 62.0 
56.0 61.0 59.0 62.0 
60.0 57.0 61.0 59.0 
173.0 85.0 66.0 70.0 
60.0 56.0 61.0 57.0 
54.0 61.0 57.0 62.0 
57.0 59.0 59.0 63.0 
172.0 81.0 68.0 67.0 
57.0 57.0 60.0 59.0 
61.0 56.0 64.0 58.0 
54.0 61.0 59.0 59.0 
169.0 85.0 69.0 68.0 
59.0 58.0 59.0 61.0 
59.0 56.0 59.0 60.0 
60.0 56.0 62.0 60.0 
175.0 82.0 67.0 69.0 
57.0 56.0 62.0 57.0 
59.0 56.0 62.0 59.0 
55.0 61.0 59.0 61.0 
174.0 84.0 66.0 71.0 
59.0 56.0 61.0 57.0 
58.0 57.0 62.0 57.0 
54.0 62.0 58.0 64.0 
169.0 86.0 66.0 70.0 
55.0 60.0 58.0 57.0 
58.0 58.0 61.0 57.0 
57.0 58.0 61.0 58.0 
177.0 81.0 69.0 68.0 
53.0 61.0 58.0 61.0 
60.0 57.0 58.0 61.0 
60.0 58.0 59.0 63.0 
173.0 86.0 65.0 71.0 
57.0 59.0 58.0 60.0 
54.0 61.0 59.0 61.0 
60.0 59.0 60.0 60.0 
172.0 87.0 65.0 71.0 
60.0 56.0 61.0 57.0 
56.0 58.0 60.0 59.0 
57.0 60.0 59.0 61.0 
171.0 81.0 69.0 67.0 
54.0 61.0 56.0 61.0 
58.0 59.0 61.0 58.0 
58.0 60.0 59.0 61.0 
168.0 84.0 67.0 69.0 
57.0 58.0 59.0 60.0 
60.0 57.0 60.0 59.0 
57.0 59.0 61.0 61.0 
167.0 84.0 64.0 72.0 
59.0 59.0 57.0 61.0 
54.0 59.0 61.0 58.0 
55.0 62.0 58.0 61.0 
166.0 85.0 66.0 69.0 
58.0 60.0 57.0 62.0 
57.0 60.0 58.0 62.0 
58.0 59.0 61.0 60.0 
158.0 84.0 65.0 71.0 
59.0 56.0 61.0 60.0 
55.0 60.0 59.0 61.0 
61.0 57.0 63.0 58.0 
156.0 83.0 64.0 73.0 
57.0 59.0 59.0 59.0 
59.0 57.0 60.0 59.0 
59.0 58.0 61.0 58.0 
154.0 83.0 65.0 71.0 
55.0 61.0 57.0 62.0 
60.0 56.0 61.0 58.0 
55.0 62.0 59.0 59.0 
173.0 81.0 68.0 69.0 
56.0 60.0 59.0 59.0 
55.0 61.0 58.0 63.0 
57.0 59.0 60.0 59.0 
155.0 83.0 65.0 70.0 
60.0 57.0 60.0 59.0 
61.0 57.0 61.0 58.0 
56.0 62.0 58.0 61.0 
158.0 80.0 67.0 69.0 
59.0 57.0 60.0 58.0 
52.0 62.0 58.0 62.0 
58.0 59.0 59.0 60.0 
166.0 80.0 67.0 67.0 
53.0 61.0 57.0 61.0 
61.0 57.0 62.0 58.0 
58.0 61.0 59.0 62.0 
134.0 80.0 65.0 70.0 
60.0 57.0 60.0 61.0 
56.0 60.0 60.0 58.0 
56.0 61.0 61.0 60.0 
138.0 81.0 64.0 70.0 
60.0 57.0 60.0 62.0 
59.0 56.0 62.0 58.0 
55.0 60.0 60.0 59.0 
152.0 78.0 68.0 68.0 
55.0 60.0 59.0 59.0 
60.0 58.0 60.0 60.0 
58.0 59.0 62.0 58.0 
152.0 78.0 68.0 66.0 
56.0 60.0 58.0 62.0 
60.0 55.0 62.0 57.0 
59.0 58.0 61.0 58.0 
145.0 81.0 64.0 71.0 
57.0 59.0 59.0 60.0 
55.0 62.0 58.0 62.0 
62.0 57.0 61.0 60.0 
149.0 79.0 65.0 71.0 
59.0 57.0 59.0 60.0 
59.0 60.0 59.0 62.0 
60.0 58.0 61.0 60.0 
146.0 81.0 64.0 70.0 
56.0 61.0 56.0 62.0 
60.0 56.0 62.0 57.0 
57.0 60.0 59.0 61.0 
145.0 77.0 68.0 65.0 
55.0 61.0 58.0 61.0 
56.0 62.0 57.0 62.0 
61.0 57.0 63.0 58.0 
146.0 78.0 67.0 65.0 
58.0 57.0 61.0 58.0 
58.0 61.0 59.0 63.0 
59.0 61.0 59.0 63.0 
143.0 79.0 66.0 68.0 
55.0 60.0 57.0 56.0 
56.0 62.0 58.0 60.0 
58.0 62.0 59.0 61.0 
139.0 77.0 69.0 66.0 
55.0 58.0 59.0 57.0 
59.0 59.0 57.0 62.0 
61.0 56.0 63.0 58.0 
146.0 77.0 66.0 68.0 
57.0 57.0 60.0 57.0 
56.0 59.0 60.0 59.0 
62.0 58.0 60.0 59.0 
150.0 82.0 64.0 71.0 
60.0 56.0 61.0 58.0 
61.0 56.0 63.0 57.0 
59.0 58.0 60.0 60.0 
151.0 79.0 66.0 68.0 
55.0 59.0 58.0 59.0 
60.0 57.0 62.0 59.0 
61.0 58.0 60.0 60.0 
147.0 83.0 64.0 70.0 
55.0 59.0 61.0 57.0 
56.0 59.0 62.0 58.0 
54.0 60.0 60.0 58.0 
145.0 81.0 64.0 70.0 
63.0 57.0 60.0 58.0 
62.0 56.0 62.0 57.0 
59.0 61.0 59.0 61.0 
146.0 77.0 67.0 67.0 
55.0 60.0 57.0 61.0 
58.0 61.0 57.0 62.0 
59.0 59.0 61.0 60.0 
145.0 77.0 67.0 66.0 
55.0 61.0 57.0 59.0 
61.0 57.0 62.0 59.0 
61.0 58.0 63.0 59.0 
145.0 79.0 64.0 70.0 
59.0 58.0 59.0 60.0 
58.0 59.0 61.0 57.0 
57.0 63.0 58.0 61.0 
148.0 81.0 65.0 68.0 
59.0 61.0 57.0 61.0 
57.0 62.0 60.0 60.0 
61.0 60.0 60.0 63.0 
149.0 79.0 65.0 68.0 
60.0 57.0 60.0 60.0 
63.0 56.0 63.0 57.0 
59.0 61.0 59.0 63.0 
151.0 82.0 66.0 69.0 
61.0 56.0 62.0 57.0 
58.0 59.0 60.0 61.0 
62.0 58.0 61.0 60.0 
135.0 82.0 64.0 71.0 
60.0 57.0 61.0 57.0 
60.0 58.0 61.0 58.0 
59.0 60.0 60.0 60.0 
153.0 78.0 68.0 65.0 
56.0 62.0 57.0 61.0 
56.0 58.0 63.0 59.0 
58.0 56.0 61.0 62.0 
146.0 78.0 68.0 64.0 
59.0 59.0 62.0 56.0 
59.0 58.0 62.0 56.0 
57.0 62.0 58.0 63.0 
117.0 79.0 64.0 71.0 
58.0 56.0 62.0 62.0 
58.0 58.0 62.0 57.0 
55.0 62.0 59.0 62.0 
140.0 81.0 64.0 71.0 
57.0 58.0 60.0 59.0 
55.0 61.0 60.0 60.0 
55.0 62.0 58.0 60.0 
134.0 79.0 64.0 70.0 
60.0 59.0 59.0 60.0 
56.0 61.0 59.0 62.0 
59.0 60.0 61.0 58.0 
142.0 80.0 64.0 69.0 
61.0 60.0 57.0 61.0 
55.0 59.0 60.0 59.0 
59.0 62.0 60.0 62.0 
134.0 77.0 67.0 67.0 
55.0 61.0 58.0 61.0 
54.0 60.0 60.0 60.0 
59.0 59.0 60.0 59.0 
138.0 77.0 68.0 66.0 
59.0 56.0 61.0 58.0 
56.0 59.0 59.0 59.0 
57.0 59.0 59.0 62.0 
134.0 79.0 66.0 69.0 
55.0 60.0 57.0 62.0 
58.0 57.0 61.0 57.0 
57.0 59.0 61.0 59.0 
135.0 81.0 64.0 69.0 
57.0 58.0 60.0 57.0 
57.0 58.0 62.0 57.0 
54.0 59.0 61.0 59.0 
128.0 73.0 66.0 69.0 
60.0 57.0 57.0 57.0 
57.0 59.0 61.0 58.0 
56.0 61.0 60.0 58.0 
127.0 76.0 68.0 66.0 
56.0 59.0 59.0 57.0 
60.0 60.0 60.0 61.0 
58.0 60.0 60.0 58.0 
126.0 77.0 66.0 66.0 
56.0 61.0 57.0 61.0 
56.0 62.0 58.0 62.0 
62.0 57.0 63.0 57.0 
131.0 75.0 67.0 65.0 
59.0 58.0 60.0 57.0 
56.0 61.0 58.0 62.0 
58.0 62.0 59.0 62.0 
126.0 78.0 64.0 68.0 
61.0 57.0 59.0 61.0 
55.0 60.0 60.0 58.0 
56.0 60.0 62.0 58.0 
135.0 74.0 66.0 69.0 
58.0 58.0 57.0 61.0 
60.0 57.0 61.0 59.0 
55.0 61.0 59.0 61.0 
132.0 74.0 69.0 65.0 
55.0 61.0 57.0 61.0 
58.0 61.0 58.0 62.0 
61.0 57.0 62.0 59.0 
128.0 79.0 63.0 69.0 
60.0 56.0 61.0 57.0 
55.0 62.0 58.0 62.0 
57.0 59.0 60.0 61.0 
131.0 79.0 64.0 70.0 
57.0 60.0 58.0 57.0 
57.0 58.0 61.0 59.0 
57.0 59.0 61.0 59.0 
134.0 79.0 63.0 68.0 
58.0 61.0 57.0 59.0 
61.0 57.0 61.0 58.0 
57.0 59.0 62.0 58.0 
130.0 76.0 64.0 70.0 
62.0 57.0 61.0 58.0 
62.0 56.0 61.0 56.0 
59.0 60.0 58.0 63.0 
129.0 73.0 68.0 63.0 
56.0 60.0 56.0 61.0 
57.0 62.0 59.0 63.0 
59.0 59.0 60.0 59.0 
125.0 74.0 66.0 67.0 
62.0 56.0 61.0 57.0 
56.0 61.0 57.0 63.0 
57.0 62.0 58.0 64.0 
117.0 76.0 65.0 69.0 
58.0 59.0 57.0 62.0 
61.0 57.0 62.0 60.0 
61.0 57.0 60.0 61.0 
113.0 77.0 64.0 67.0 
59.0 59.0 58.0 62.0 
58.0 59.0 59.0 62.0 
58.0 60.0 61.0 58.0 
115.0 75.0 65.0 67.0 
60.0 57.0 61.0 58.0 
59.0 57.0 62.0 59.0 
57.0 61.0 59.0 59.0 
117.0 73.0 68.0 65.0 
56.0 61.0 56.0 59.0 
61.0 58.0 62.0 59.0 
59.0 60.0 60.0 60.0 
112.0 75.0 66.0 68.0 
61.0 57.0 60.0 59.0 
58.0 59.0 60.0 60.0 
62.0 58.0 62.0 58.0 
109.0 75.0 64.0 70.0 
60.0 59.0 57.0 61.0 
59.0 58.0 63.0 59.0 
58.0 59.0 62.0 58.0 
121.0 75.0 66.0 66.0 
59.0 58.0 59.0 59.0 
61.0 58.0 60.0 62.0 
59.0 58.0 62.0 58.0 
118.0 77.0 64.0 69.0 
60.0 57.0 60.0 60.0 
59.0 59.0 59.0 63.0 
60.0 57.0 62.0 58.0 
124.0 73.0 68.0 66.0 
58.0 60.0 57.0 62.0 
58.0 59.0 60.0 61.0 
59.0 59.0 61.0 62.0 
125.0 73.0 69.0 64.0 
59.0 59.0 59.0 59.0 
61.0 57.0 61.0 60.0 
59.0 57.0 61.0 59.0 
127.0 74.0 64.0 68.0 
61.0 58.0 60.0 62.0 
59.0 62.0 59.0 62.0 
61.0 59.0 59.0 64.0 
126.0 78.0 64.0 69.0 
61.0 56.0 59.0 61.0 
60.0 57.0 60.0 60.0 
58.0 59.0 60.0 61.0 
123.0 78.0 65.0 68.0 
60.0 57.0 59.0 60.0 
55.0 61.0 59.0 62.0 
62.0 58.0 61.0 59.0 
124.0 78.0 65.0 70.0 
57.0 59.0 58.0 60.0 
60.0 57.0 62.0 58.0 
59.0 58.0 62.0 59.0 
126.0 77.0 65.0 69.0 
62.0 57.0 61.0 58.0 
59.0 59.0 58.0 61.0 
59.0 63.0 59.0 61.0 
129.0 76.0 65.0 69.0 
60.0 56.0 59.0 59.0 
59.0 59.0 59.0 59.0 
58.0 60.0 60.0 60.0 
103.0 69.0 68.0 64.0 
58.0 58.0 60.0 59.0 
60.0 58.0 60.0 61.0 
58.0 60.0 60.0 60.0 
97.0 71.0 66.0 66.0 
57.0 61.0 58.0 61.0 
60.0 59.0 60.0 60.0 
56.0 62.0 60.0 61.0 
98.0 69.0 68.0 64.0 
60.0 57.0 61.0 57.0 
58.0 59.0 59.0 61.0 
62.0 58.0 62.0 59.0 
99.0 70.0 66.0 65.0 
62.0 57.0 60.0 60.0 
59.0 61.0 57.0 61.0 
62.0 59.0 59.0 62.0 
97.0 71.0 66.0 68.0 
58.0 58.0 60.0 57.0 
59.0 61.0 57.0 63.0 
62.0 57.0 62.0 59.0 
95.0 73.0 66.0 66.0 
59.0 57.0 58.0 59.0 
61.0 58.0 60.0 60.0 
57.0 61.0 59.0 62.0 
99.0 69.0 68.0 63.0 
59.0 57.0 60.0 58.0 
59.0 58.0 59.0 61.0 
61.0 58.0 60.0 61.0 
100.0 69.0 68.0 64.0 
59.0 58.0 59.0 58.0 
63.0 56.0 62.0 60.0 
58.0 58.0 62.0 61.0 
95.0 74.0 66.0 65.0 
57.0 59.0 61.0 58.0 
56.0 62.0 58.0 62.0 
63.0 57.0 62.0 58.0 
96.0 70.0 66.0 66.0 
59.0 58.0 59.0 59.0 
62.0 56.0 62.0 58.0 
57.0 62.0 59.0 63.0 
100.0 70.0 67.0 65.0 
56.0 62.0 57.0 63.0 
57.0 59.0 60.0 60.0 
56.0 62.0 60.0 61.0 
101.0 68.0 68.0 65.0 
59.0 57.0 61.0 61.0 
57.0 59.0 59.0 62.0 
61.0 56.0 62.0 58.0 
100.0 69.0 66.0 65.0 
56.0 58.0 59.0 57.0 
55.0 61.0 60.0 59.0 
54.0 60.0 60.0 58.0 
100.0 71.0 66.0 67.0 
58.0 58.0 60.0 59.0 
55.0 61.0 60.0 60.0 
58.0 60.0 58.0 64.0 
94.0 73.0 65.0 66.0 
58.0 59.0 59.0 61.0 
60.0 57.0 61.0 60.0 
59.0 59.0 63.0 58.0 
100.0 69.0 67.0 66.0 
55.0 59.0 58.0 60.0 
61.0 57.0 63.0 58.0 
59.0 58.0 62.0 58.0 
101.0 70.0 66.0 67.0 
57.0 59.0 59.0 58.0 
56.0 62.0 58.0 63.0 
58.0 59.0 61.0 58.0 
96.0 72.0 68.0 65.0 
56.0 57.0 61.0 58.0 
59.0 60.0 57.0 63.0 
61.0 60.0 59.0 62.0 
99.0 70.0 66.0 65.0 
55.0 61.0 58.0 61.0 
55.0 60.0 59.0 61.0 
61.0 59.0 61.0 61.0 
101.0 71.0 65.0 69.0 
61.0 57.0 61.0 62.0 
63.0 56.0 61.0 60.0 
57.0 60.0 60.0 60.0 
102.0 69.0 67.0 65.0 
57.0 58.0 60.0 58.0 
61.0 58.0 62.0 58.0 
60.0 59.0 63.0 58.0 
100.0 71.0 67.0 65.0 
58.0 59.0 58.0 61.0 
55.0 61.0 59.0 60.0 
58.0 62.0 59.0 61.0 
103.0 68.0 66.0 66.0 
59.0 58.0 61.0 58.0 
61.0 57.0 60.0 61.0 
58.0 60.0 60.0 61.0 
97.0 73.0 64.0 68.0 
61.0 56.0 60.0 57.0 
61.0 57.0 61.0 58.0 
58.0 62.0 57.0 62.0 
102.0 71.0 65.0 68.0 
59.0 59.0 58.0 61.0 
57.0 58.0 60.0 61.0 
61.0 56.0 63.0 57.0 
100.0 73.0 64.0 69.0 
57.0 60.0 57.0 62.0 
58.0 58.0 62.0 58.0 
56.0 62.0 58.0 63.0 
100.0 71.0 67.0 64.0 
55.0 59.0 60.0 58.0 
58.0 57.0 62.0 58.0 
56.0 61.0 59.0 60.0 
105.0 70.0 66.0 66.0 
57.0 58.0 59.0 59.0 
55.0 62.0 58.0 61.0 
58.0 61.0 58.0 62.0 
103.0 70.0 69.0 64.0 
55.0 61.0 57.0 62.0 
58.0 60.0 61.0 60.0 
61.0 59.0 61.0 60.0 
103.0 70.0 68.0 63.0 
59.0 58.0 59.0 59.0 
60.0 57.0 62.0 60.0 
60.0 58.0 62.0 57.0 
100.0 73.0 64.0 68.0 
58.0 58.0 60.0 59.0 
55.0 62.0 59.0 62.0 
62.0 58.0 60.0 63.0 
99.0 73.0 64.0 67.0 
58.0 60.0 58.0 63.0 
56.0 61.0 58.0 62.0 
61.0 58.0 60.0 60.0 
101.0 70.0 68.0 65.0 
61.0 58.0 59.0 59.0 
59.0 58.0 62.0 57.0 
59.0 60.0 60.0 62.0 
101.0 70.0 66.0 67.0 
58.0 58.0 60.0 57.0 
56.0 60.0 59.0 61.0 
62.0 57.0 61.0 59.0 
100.0 71.0 65.0 69.0 
59.0 58.0 59.0 60.0 
57.0 58.0 61.0 60.0 
56.0 63.0 58.0 63.0 
101.0 70.0 68.0 65.0 
58.0 60.0 57.0 57.0 
58.0 59.0 62.0 59.0 
59.0 60.0 63.0 59.0 
99.0 72.0 66.0 68.0 
61.0 56.0 62.0 57.0 
60.0 58.0 61.0 60.0 
58.0 59.0 64.0 58.0 
101.0 70.0 68.0 65.0 
56.0 61.0 57.0 62.0 
59.0 59.0 59.0 62.0 
59.0 56.0 62.0 58.0 
102.0 68.0 68.0 64.0 
58.0 58.0 59.0 59.0 
58.0 59.0 60.0 61.0 
61.0 57.0 62.0 59.0 
104.0 69.0 68.0 64.0 
59.0 58.0 60.0 59.0 
61.0 56.0 61.0 59.0 
56.0 62.0 59.0 61.0 
99.0 72.0 67.0 66.0 
60.0 58.0 59.0 62.0 
62.0 58.0 59.0 62.0 
60.0 58.0 62.0 59.0 
98.0 73.0 64.0 67.0 
58.0 57.0 61.0 57.0 
61.0 56.0 61.0 59.0 
56.0 60.0 59.0 61.0 
100.0 70.0 67.0 64.0 
57.0 61.0 58.0 61.0 
55.0 61.0 59.0 63.0 
62.0 57.0 62.0 58.0 
103.0 68.0 68.0 64.0 
60.0 57.0 60.0 61.0 
58.0 58.0 59.0 62.0 
60.0 59.0 60.0 60.0 
97.0 74.0 64.0 69.0 
58.0 56.0 61.0 57.0 
58.0 60.0 57.0 61.0 
59.0 59.0 57.0 63.0 
102.0 71.0 67.0 69.0 
60.0 56.0 60.0 60.0 
58.0 59.0 58.0 63.0 
62.0 57.0 63.0 59.0 
104.0 69.0 68.0 63.0 
59.0 58.0 60.0 58.0 
61.0 56.0 61.0 59.0 
56.0 61.0 60.0 62.0 
101.0 72.0 65.0 69.0 
57.0 58.0 59.0 59.0 
54.0 61.0 57.0 62.0 
59.0 59.0 58.0 62.0 
101.0 72.0 65.0 68.0 
59.0 58.0 59.0 56.0 
59.0 59.0 61.0 59.0 
57.0 61.0 58.0 63.0 
101.0 71.0 65.0 70.0 
61.0 57.0 59.0 62.0 
56.0 62.0 59.0 62.0 
59.0 60.0 58.0 62.0 
99.0 72.0 65.0 67.0 
59.0 58.0 59.0 59.0 
61.0 57.0 61.0 60.0 
57.0 59.0 59.0 61.0 
102.0 71.0 66.0 67.0 
60.0 58.0 60.0 61.0 
61.0 58.0 60.0 60.0 
56.0 61.0 60.0 61.0 
100.0 74.0 63.0 69.0 
59.0 58.0 60.0 59.0 
58.0 60.0 60.0 62.0 
61.0 56.0 62.0 59.0 
103.0 70.0 68.0 64.0 
58.0 58.0 60.0 58.0 
59.0 58.0 60.0 60.0 
58.0 60.0 59.0 63.0 
103.0 71.0 64.0 68.0 
60.0 58.0 59.0 62.0 
57.0 61.0 59.0 61.0 
61.0 56.0 62.0 58.0 
104.0 71.0 66.0 67.0 
57.0 59.0 59.0 59.0 
55.0 62.0 57.0 63.0 
59.0 60.0 62.0 57.0 
98.0 73.0 63.0 69.0 
58.0 59.0 58.0 61.0 
58.0 58.0 59.0 61.0 
60.0 58.0 61.0 59.0 
102.0 69.0 68.0 64.0 
58.0 58.0 61.0 57.0 
55.0 59.0 60.0 59.0 
58.0 58.0 61.0 59.0 
99.0 73.0 64.0 70.0 
58.0 58.0 61.0 57.0 
61.0 57.0 59.0 61.0 
62.0 59.0 60.0 63.0 
101.0 70.0 65.0 68.0 
60.0 56.0 60.0 62.0 
61.0 56.0 63.0 58.0 
56.0 61.0 60.0 61.0 
104.0 69.0 67.0 66.0 
56.0 59.0 59.0 59.0 
60.0 58.0 61.0 59.0 
56.0 59.0 61.0 59.0 
102.0 71.0 66.0 65.0 
60.0 58.0 61.0 57.0 
58.0 58.0 59.0 62.0 
59.0 58.0 61.0 60.0 
104.0 70.0 66.0 66.0 
61.0 56.0 62.0 56.0 
57.0 59.0 60.0 61.0 
61.0 59.0 61.0 61.0 
98.0 72.0 66.0 65.0 
55.0 59.0 60.0 57.0 
61.0 57.0 59.0 62.0 
61.0 57.0 61.0 61.0 
98.0 73.0 65.0 67.0 
54.0 60.0 57.0 62.0 
61.0 58.0 60.0 60.0 
59.0 59.0 60.0 59.0 
100.0 72.0 66.0 66.0 
57.0 58.0 61.0 57.0 
58.0 57.0 63.0 58.0 
58.0 60.0 58.0 63.0 
101.0 71.0 66.0 67.0 
60.0 57.0 60.0 59.0 
55.0 61.0 59.0 61.0 
56.0 62.0 60.0 61.0 
98.0 72.0 64.0 69.0 
60.0 56.0 62.0 60.0 
58.0 58.0 61.0 57.0 
56.0 61.0 60.0 57.0 
103.0 71.0 66.0 69.0 
61.0 55.0 60.0 59.0 
61.0 59.0 60.0 62.0 
59.0 58.0 63.0 57.0 
99.0 71.0 65.0 67.0 
58.0 58.0 61.0 57.0 
57.0 59.0 60.0 59.0 
59.0 60.0 60.0 61.0 
102.0 71.0 65.0 67.0 
58.0 58.0 60.0 57.0 
57.0 60.0 59.0 61.0 
61.0 58.0 63.0 58.0 
99.0 72.0 65.0 69.0 
58.0 58.0 58.0 61.0 
60.0 57.0 62.0 57.0 
60.0 58.0 61.0 57.0 
102.0 70.0 68.0 64.0 
58.0 57.0 60.0 58.0 
58.0 57.0 60.0 62.0 
61.0 57.0 62.0 61.0 
101.0 73.0 65.0 67.0 
60.0 58.0 59.0 63.0 
57.0 59.0 59.0 63.0 
60.0 57.0 62.0 58.0 
101.0 70.0 66.0 66.0 
55.0 61.0 58.0 61.0 
59.0 60.0 58.0 63.0 
59.0 59.0 61.0 60.0 
97.0 74.0 64.0 69.0 
58.0 59.0 58.0 57.0 
58.0 60.0 59.0 61.0 
57.0 61.0 58.0 62.0 
99.0 73.0 64.0 69.0 
56.0 59.0 58.0 60.0 
57.0 61.0 59.0 60.0 
61.0 59.0 60.0 60.0 
101.0 71.0 63.0 69.0 
59.0 58.0 57.0 61.0 
57.0 61.0 59.0 63.0 
61.0 57.0 63.0 58.0 
101.0 70.0 68.0 64.0 
57.0 60.0 56.0 62.0 
58.0 59.0 60.0 61.0 
57.0 60.0 60.0 62.0 
102.0 68.0 69.0 64.0 
56.0 61.0 57.0 61.0 
57.0 61.0 58.0 62.0 
57.0 60.0 60.0 61.0 
102.0 71.0 68.0 64.0 
58.0 58.0 59.0 61.0 
60.0 58.0 60.0 62.0 
61.0 57.0 60.0 60.0 
101.0 70.0 68.0 64.0 
55.0 61.0 57.0 63.0 
56.0 61.0 60.0 60.0 
56.0 61.0 61.0 58.0 
98.0 69.0 68.0 64.0 
55.0 61.0 58.0 61.0 
55.0 62.0 57.0 62.0 
60.0 59.0 62.0 59.0 
100.0 70.0 67.0 64.0 
58.0 58.0 59.0 61.0 
61.0 57.0 61.0 60.0 
57.0 59.0 62.0 58.0 
103.0 70.0 67.0 65.0 
55.0 60.0 57.0 63.0 
57.0 60.0 58.0 63.0 
59.0 60.0 59.0 61.0 
99.0 73.0 64.0 69.0 
59.0 58.0 60.0 59.0 
56.0 59.0 59.0 61.0 
56.0 61.0 58.0 62.0 
98.0 73.0 65.0 67.0 
59.0 60.0 58.0 60.0 
57.0 57.0 61.0 60.0 
58.0 58.0 62.0 57.0 
100.0 71.0 66.0 66.0 
60.0 58.0 60.0 58.0 
61.0 58.0 60.0 63.0 
62.0 56.0 63.0 58.0 
98.0 72.0 65.0 66.0 
57.0 58.0 59.0 57.0 
55.0 61.0 59.0 61.0 
61.0 59.0 60.0 61.0 
101.0 72.0 64.0 67.0 
58.0 57.0 58.0 59.0 
58.0 58.0 61.0 60.0 
55.0 62.0 59.0 61.0 
104.0 69.0 67.0 64.0 
56.0 59.0 57.0 61.0 
60.0 58.0 60.0 59.0 
59.0 59.0 63.0 58.0 
104.0 70.0 64.0 67.0 
59.0 61.0 58.0 56.0 
56.0 58.0 61.0 58.0 
56.0 60.0 61.0 58.0 
104.0 69.0 67.0 65.0 
56.0 59.0 59.0 59.0 
61.0 58.0 61.0 59.0 
56.0 61.0 57.0 63.0 
98.0 74.0 64.0 67.0 
60.0 57.0 58.0 60.0 
59.0 58.0 59.0 60.0 
58.0 60.0 60.0 59.0 
98.0 72.0 65.0 67.0 
57.0 61.0 58.0 61.0 
60.0 58.0 61.0 58.0 
60.0 58.0 61.0 58.0 
102.0 71.0 66.0 66.0 
58.0 57.0 62.0 57.0 
62.0 57.0 60.0 62.0 
60.0 59.0 57.0 62.0 
105.0 69.0 67.0 69.0 
57.0 60.0 56.0 61.0 
60.0 58.0 59.0 61.0 
59.0 59.0 61.0 60.0 
101.0 70.0 67.0 64.0 
58.0 60.0 57.0 62.0 
59.0 57.0 60.0 61.0 
58.0 59.0 61.0 58.0 
104.0 69.0 67.0 65.0 
55.0 60.0 58.0 60.0 
57.0 60.0 57.0 61.0 
57.0 61.0 60.0 63.0 
101.0 74.0 64.0 69.0 
57.0 59.0 59.0 57.0 
59.0 59.0 60.0 60.0 
58.0 61.0 60.0 61.0 
99.0 74.0 65.0 68.0 
59.0 60.0 58.0 59.0 
57.0 61.0 58.0 60.0 
57.0 62.0 59.0 59.0 
100.0 74.0 64.0 69.0 
58.0 57.0 60.0 59.0 
56.0 61.0 58.0 63.0 
59.0 59.0 61.0 58.0 
104.0 69.0 67.0 65.0 
55.0 61.0 57.0 62.0 
59.0 59.0 60.0 60.0 
56.0 63.0 58.0 63.0 
104.0 68.0 68.0 64.0 
59.0 58.0 59.0 59.0 
59.0 58.0 60.0 60.0 
62.0 57.0 62.0 58.0 
98.0 73.0 65.0 68.0 
60.0 58.0 60.0 59.0 
57.0 59.0 59.0 58.0 
55.0 60.0 61.0 58.0 
104.0 68.0 67.0 67.0 
59.0 57.0 60.0 57.0 
58.0 58.0 60.0 58.0 
59.0 59.0 61.0 59.0 
98.0 74.0 64.0 69.0 
59.0 58.0 59.0 58.0 
55.0 62.0 58.0 62.0 
62.0 57.0 61.0 60.0 
97.0 74.0 63.0 69.0 
59.0 58.0 59.0 58.0 
55.0 61.0 57.0 61.0 
56.0 63.0 58.0 61.0 
102.0 69.0 66.0 67.0 
58.0 58.0 58.0 61.0 
57.0 61.0 58.0 62.0 
57.0 61.0 58.0 62.0 
98.0 74.0 64.0 68.0 
60.0 59.0 57.0 61.0 
56.0 60.0 60.0 59.0 
57.0 62.0 59.0 62.0 
102.0 71.0 64.0 68.0 
58.0 55.0 61.0 57.0 
58.0 57.0 60.0 58.0 
59.0 60.0 60.0 61.0 
98.0 73.0 65.0 69.0 
60.0 56.0 60.0 58.0 
61.0 57.0 60.0 60.0 
57.0 60.0 59.0 61.0 
100.0 72.0 65.0 67.0 
58.0 59.0 59.0 59.0 
56.0 61.0 57.0 62.0 
57.0 62.0 58.0 63.0 
100.0 71.0 65.0 67.0 
61.0 55.0 62.0 56.0 
57.0 60.0 60.0 60.0 
59.0 60.0 59.0 64.0 
99.0 73.0 65.0 65.0 
56.0 58.0 59.0 57.0 
61.0 55.0 60.0 62.0 
59.0 58.0 63.0 58.0 
99.0 69.0 68.0 64.0 
57.0 59.0 59.0 59.0 
61.0 57.0 61.0 58.0 
58.0 60.0 60.0 62.0 
103.0 69.0 68.0 64.0 
55.0 60.0 58.0 60.0 
60.0 57.0 62.0 57.0 
58.0 62.0 57.0 62.0 
99.0 73.0 64.0 68.0 
57.0 59.0 59.0 61.0 
58.0 58.0 62.0 57.0 
58.0 59.0 61.0 59.0 
98.0 72.0 66.0 68.0 
60.0 56.0 60.0 60.0 
59.0 60.0 57.0 61.0 
60.0 59.0 58.0 63.0 
101.0 70.0 68.0 65.0 
56.0 57.0 60.0 57.0 
60.0 56.0 63.0 59.0 
56.0 60.0 59.0 61.0 
97.0 74.0 65.0 67.0 
55.0 61.0 59.0 61.0 
62.0 56.0 62.0 58.0 
55.0 62.0 58.0 62.0 
99.0 71.0 66.0 65.0 
59.0 59.0 59.0 60.0 
60.0 58.0 60.0 60.0 
56.0 62.0 60.0 61.0 
100.0 73.0 64.0 68.0 
58.0 59.0 60.0 62.0 
59.0 57.0 61.0 58.0 
58.0 60.0 60.0 64.0 
103.0 68.0 67.0 66.0 
59.0 56.0 60.0 60.0 
58.0 61.0 59.0 61.0 
60.0 60.0 58.0 63.0 
103.0 68.0 67.0 65.0 
55.0 61.0 57.0 60.0 
61.0 57.0 59.0 60.0 
57.0 60.0 61.0 59.0 
100.0 73.0 64.0 68.0 
58.0 57.0 62.0 57.0 
58.0 60.0 60.0 61.0 
62.0 57.0 62.0 59.0 
100.0 71.0 64.0 68.0 
58.0 59.0 59.0 60.0 
58.0 59.0 59.0 61.0 
56.0 62.0 58.0 63.0 
100.0 72.0 65.0 69.0 
60.0 58.0 58.0 60.0 
56.0 60.0 60.0 60.0 
61.0 59.0 58.0 62.0 
101.0 68.0 67.0 65.0 
60.0 56.0 60.0 61.0 
60.0 58.0 63.0 58.0 
57.0 62.0 58.0 63.0 
103.0 70.0 66.0 66.0 
57.0 58.0 59.0 58.0 
56.0 60.0 60.0 62.0 
62.0 58.0 61.0 60.0 
103.0 70.0 65.0 66.0 
56.0 59.0 59.0 60.0 
54.0 61.0 57.0 63.0 
61.0 58.0 62.0 60.0 
102.0 71.0 65.0 66.0 
55.0 61.0 58.0 58.0 
60.0 58.0 62.0 58.0 
59.0 60.0 60.0 60.0 
103.0 71.0 66.0 66.0 
59.0 57.0 61.0 58.0 
56.0 59.0 62.0 59.0 
58.0 59.0 61.0 59.0 
99.0 73.0 65.0 66.0 
59.0 59.0 59.0 59.0 
61.0 56.0 61.0 61.0 
57.0 60.0 60.0 57.0 
99.0 73.0 64.0 68.0 
57.0 57.0 60.0 58.0 
58.0 58.0 62.0 58.0 
56.0 61.0 60.0 60.0 
102.0 71.0 65.0 67.0 
60.0 56.0 61.0 57.0 
57.0 60.0 59.0 62.0 
59.0 58.0 60.0 60.0 
104.0 71.0 65.0 66.0 
55.0 61.0 57.0 62.0 
58.0 60.0 60.0 60.0 
59.0 59.0 60.0 63.0 
102.0 69.0 66.0 67.0 
61.0 57.0 59.0 62.0 
56.0 60.0 60.0 59.0 
57.0 60.0 60.0 61.0 
100.0 71.0 64.0 67.0 
61.0 57.0 60.0 60.0 
58.0 58.0 59.0 63.0 
62.0 56.0 63.0 57.0 
99.0 73.0 65.0 67.0 
58.0 59.0 56.0 57.0 
55.0 62.0 58.0 62.0 
62.0 58.0 61.0 60.0 
103.0 70.0 66.0 64.0 
59.0 58.0 59.0 59.0 
59.0 57.0 63.0 58.0 
61.0 58.0 62.0 57.0 
103.0 73.0 64.0 69.0 
58.0 58.0 61.0 56.0 
57.0 58.0 61.0 57.0 
57.0 60.0 63.0 60.0 
105.0 72.0 63.0 69.0 
60.0 59.0 58.0 62.0 
56.0 61.0 57.0 62.0 
61.0 58.0 61.0 59.0 
101.0 72.0 66.0 66.0 
58.0 60.0 57.0 62.0 
59.0 59.0 60.0 61.0 
58.0 60.0 60.0 61.0 
101.0 73.0 64.0 67.0 
55.0 61.0 57.0 61.0 
61.0 56.0 62.0 58.0 
58.0 60.0 60.0 60.0 
101.0 73.0 64.0 67.0 
55.0 62.0 57.0 60.0 
60.0 58.0 60.0 62.0 
61.0 59.0 60.0 60.0 
102.0 71.0 63.0 68.0 
60.0 58.0 57.0 60.0 
56.0 58.0 63.0 58.0 
56.0 61.0 59.0 61.0 
102.0 75.0 65.0 67.0 
58.0 58.0 59.0 58.0 
58.0 60.0 60.0 61.0 
58.0 60.0 59.0 59.0 
103.0 72.0 64.0 69.0 
60.0 56.0 61.0 56.0 
59.0 58.0 60.0 59.0 
56.0 61.0 59.0 61.0 
104.0 72.0 63.0 68.0 
57.0 58.0 59.0 60.0 
55.0 62.0 57.0 62.0 
61.0 58.0 60.0 60.0 
101.0 74.0 63.0 67.0 
57.0 59.0 58.0 61.0 
56.0 61.0 57.0 63.0 
61.0 58.0 61.0 64.0 
103.0 72.0 63.0 67.0 
59.0 58.0 58.0 61.0 
57.0 60.0 59.0 62.0 
62.0 57.0 62.0 58.0 
103.0 71.0 67.0 64.0 
58.0 57.0 61.0 57.0 
56.0 62.0 58.0 63.0 
59.0 59.0 61.0 59.0 
102.0 71.0 67.0 63.0 
57.0 61.0 56.0 62.0 
59.0 57.0 61.0 59.0 
56.0 61.0 59.0 63.0 
99.0 72.0 65.0 66.0 
56.0 59.0 59.0 61.0 
58.0 59.0 60.0 57.0 
58.0 60.0 59.0 60.0 
100.0 70.0 65.0 66.0 
59.0 58.0 59.0 58.0 
58.0 61.0 59.0 60.0 
56.0 61.0 59.0 59.0 
105.0 69.0 66.0 64.0 
56.0 60.0 58.0 61.0 
57.0 61.0 59.0 62.0 
61.0 59.0 60.0 61.0 
99.0 73.0 65.0 64.0 
58.0 60.0 57.0 62.0 
56.0 61.0 58.0 62.0 
61.0 58.0 61.0 60.0 
102.0 71.0 64.0 66.0 
55.0 60.0 57.0 62.0 
59.0 58.0 61.0 58.0 
58.0 59.0 60.0 60.0 
101.0 69.0 65.0 65.0 
56.0 58.0 58.0 60.0 
60.0 57.0 63.0 58.0 
55.0 63.0 58.0 62.0 
101.0 70.0 67.0 64.0 
60.0 58.0 57.0 61.0 
61.0 59.0 59.0 63.0 
62.0 57.0 60.0 60.0 
97.0 73.0 64.0 67.0 
60.0 55.0 60.0 57.0 
61.0 56.0 61.0 60.0 
57.0 61.0 59.0 59.0 
101.0 68.0 67.0 64.0 
56.0 59.0 58.0 58.0 
57.0 59.0 60.0 60.0 
59.0 59.0 60.0 62.0 
103.0 68.0 67.0 65.0 
61.0 55.0 61.0 59.0 
55.0 61.0 59.0 63.0 
58.0 61.0 60.0 63.0 
97.0 73.0 63.0 69.0 
57.0 59.0 59.0 60.0 
60.0 58.0 62.0 58.0 
57.0 60.0 63.0 58.0 
101.0 72.0 63.0 68.0 
59.0 59.0 59.0 62.0 
58.0 61.0 57.0 63.0 
62.0 57.0 62.0 59.0 
99.0 72.0 63.0 68.0 
60.0 58.0 58.0 60.0 
59.0 58.0 60.0 60.0 
58.0 61.0 59.0 60.0 
99.0 73.0 63.0 68.0 
61.0 57.0 59.0 59.0 
61.0 57.0 61.0 58.0 
55.0 63.0 58.0 63.0 
103.0 69.0 68.0 63.0 
55.0 61.0 57.0 61.0 
56.0 61.0 58.0 63.0 
58.0 59.0 59.0 61.0 
101.0 71.0 63.0 68.0 
61.0 58.0 57.0 61.0 
56.0 59.0 61.0 59.0 
57.0 63.0 58.0 63.0 
103.0 69.0 65.0 65.0 
58.0 56.0 61.0 57.0 
61.0 57.0 62.0 59.0 
56.0 61.0 59.0 61.0 
102.0 71.0 64.0 68.0 
62.0 56.0 60.0 62.0 
61.0 57.0 63.0 58.0 
55.0 61.0 60.0 60.0 
99.0 70.0 66.0 65.0 
59.0 58.0 60.0 58.0 
58.0 59.0 59.0 60.0 
57.0 61.0 58.0 63.0 
102.0 70.0 67.0 63.0 
