67.0 59.0 61.0 64.0 
58.0 57.0 58.0 58.0 
59.0 58.0 59.0 59.0 
60.0 58.0 59.0 59.0 
69.0 59.0 62.0 64.0 
58.0 57.0 58.0 58.0 
59.0 59.0 59.0 59.0 
60.0 59.0 59.0 59.0 
68.0 59.0 61.0 65.0 
59.0 58.0 58.0 58.0 
59.0 58.0 60.0 59.0 
60.0 59.0 60.0 59.0 
68.0 59.0 62.0 65.0 
59.0 58.0 58.0 58.0 
59.0 58.0 59.0 59.0 
59.0 59.0 59.0 59.0 
67.0 58.0 62.0 65.0 
59.0 57.0 58.0 58.0 
59.0 58.0 59.0 59.0 
60.0 59.0 60.0 59.0 
67.0 58.0 62.0 66.0 
59.0 58.0 58.0 58.0 
59.0 58.0 59.0 59.0 
59.0 59.0 59.0 59.0 
66.0 58.0 61.0 64.0 
59.0 57.0 58.0 58.0 
57.0 58.0 59.0 60.0 
60.0 59.0 59.0 59.0 
69.0 58.0 62.0 65.0 
59.0 57.0 59.0 58.0 
59.0 58.0 59.0 60.0 
60.0 60.0 59.0 59.0 
68.0 59.0 61.0 65.0 
59.0 58.0 58.0 58.0 
59.0 58.0 60.0 59.0 
59.0 59.0 61.0 59.0 
68.0 58.0 62.0 64.0 
59.0 58.0 58.0 59.0 
58.0 58.0 59.0 60.0 
60.0 59.0 59.0 59.0 
67.0 59.0 61.0 64.0 
60.0 58.0 58.0 59.0 
59.0 59.0 58.0 59.0 
60.0 59.0 59.0 59.0 
66.0 59.0 62.0 65.0 
59.0 58.0 58.0 59.0 
59.0 58.0 59.0 60.0 
60.0 58.0 59.0 59.0 
67.0 59.0 62.0 64.0 
59.0 58.0 58.0 59.0 
59.0 58.0 59.0 59.0 
60.0 59.0 59.0 59.0 
67.0 58.0 62.0 65.0 
59.0 58.0 58.0 58.0 
58.0 58.0 59.0 60.0 
60.0 58.0 59.0 59.0 
67.0 58.0 62.0 65.0 
59.0 57.0 58.0 58.0 
59.0 58.0 58.0 59.0 
60.0 59.0 59.0 59.0 
68.0 58.0 62.0 64.0 
60.0 58.0 58.0 58.0 
58.0 59.0 60.0 60.0 
60.0 59.0 59.0 59.0 
68.0 58.0 61.0 65.0 
59.0 57.0 58.0 59.0 
59.0 59.0 59.0 59.0 
60.0 59.0 59.0 59.0 
67.0 58.0 62.0 64.0 
59.0 58.0 58.0 58.0 
59.0 58.0 59.0 59.0 
60.0 59.0 58.0 60.0 
68.0 58.0 61.0 64.0 
59.0 58.0 59.0 58.0 
58.0 59.0 59.0 60.0 
60.0 59.0 60.0 59.0 
68.0 58.0 62.0 65.0 
59.0 58.0 58.0 58.0 
59.0 58.0 60.0 60.0 
58.0 58.0 59.0 58.0 
66.0 58.0 62.0 65.0 
59.0 57.0 58.0 58.0 
58.0 59.0 59.0 59.0 
60.0 59.0 59.0 59.0 
67.0 58.0 61.0 65.0 
59.0 58.0 59.0 58.0 
59.0 58.0 59.0 60.0 
60.0 58.0 59.0 59.0 
68.0 58.0 61.0 65.0 
59.0 57.0 58.0 59.0 
59.0 57.0 59.0 60.0 
59.0 59.0 60.0 59.0 
67.0 58.0 61.0 65.0 
59.0 58.0 58.0 58.0 
59.0 58.0 59.0 60.0 
60.0 59.0 59.0 60.0 
67.0 59.0 62.0 65.0 
59.0 57.0 58.0 58.0 
59.0 58.0 59.0 60.0 
60.0 59.0 58.0 59.0 
68.0 59.0 61.0 65.0 
59.0 57.0 59.0 58.0 
59.0 58.0 59.0 59.0 
60.0 59.0 59.0 60.0 
69.0 58.0 62.0 65.0 
59.0 58.0 58.0 59.0 
59.0 58.0 60.0 59.0 
59.0 59.0 58.0 59.0 
69.0 58.0 61.0 65.0 
58.0 58.0 58.0 58.0 
59.0 59.0 59.0 60.0 
60.0 59.0 59.0 59.0 
68.0 59.0 62.0 65.0 
59.0 57.0 58.0 58.0 
59.0 58.0 59.0 59.0 
61.0 59.0 59.0 59.0 
68.0 58.0 62.0 64.0 
59.0 57.0 59.0 59.0 
59.0 58.0 59.0 60.0 
60.0 60.0 59.0 60.0 
69.0 58.0 62.0 65.0 
59.0 58.0 59.0 59.0 
59.0 58.0 59.0 60.0 
60.0 59.0 59.0 59.0 
69.0 59.0 62.0 64.0 
58.0 58.0 59.0 58.0 
59.0 58.0 59.0 60.0 
60.0 59.0 59.0 59.0 
68.0 59.0 62.0 65.0 
59.0 58.0 59.0 59.0 
59.0 58.0 59.0 59.0 
59.0 59.0 59.0 60.0 
69.0 58.0 62.0 65.0 
58.0 58.0 59.0 59.0 
60.0 58.0 61.0 60.0 
60.0 58.0 60.0 59.0 
69.0 59.0 62.0 65.0 
58.0 58.0 58.0 59.0 
60.0 58.0 59.0 60.0 
60.0 59.0 60.0 59.0 
67.0 58.0 62.0 65.0 
59.0 58.0 59.0 59.0 
59.0 58.0 59.0 60.0 
60.0 59.0 59.0 59.0 
66.0 59.0 62.0 64.0 
58.0 58.0 58.0 59.0 
58.0 59.0 59.0 60.0 
60.0 59.0 59.0 59.0 
66.0 59.0 62.0 65.0 
59.0 58.0 59.0 59.0 
59.0 58.0 59.0 60.0 
60.0 59.0 60.0 60.0 
67.0 59.0 62.0 65.0 
59.0 58.0 58.0 59.0 
59.0 59.0 58.0 60.0 
60.0 58.0 60.0 59.0 
66.0 59.0 63.0 65.0 
59.0 58.0 58.0 58.0 
60.0 58.0 59.0 60.0 
60.0 58.0 59.0 59.0 
67.0 59.0 62.0 65.0 
59.0 58.0 58.0 58.0 
60.0 59.0 59.0 59.0 
60.0 59.0 59.0 59.0 
66.0 59.0 62.0 64.0 
59.0 58.0 58.0 59.0 
58.0 59.0 59.0 60.0 
60.0 59.0 61.0 59.0 
67.0 59.0 62.0 64.0 
59.0 59.0 58.0 59.0 
58.0 59.0 58.0 60.0 
61.0 59.0 59.0 60.0 
67.0 59.0 62.0 65.0 
59.0 58.0 58.0 59.0 
59.0 58.0 58.0 60.0 
61.0 59.0 59.0 59.0 
66.0 59.0 62.0 65.0 
59.0 58.0 58.0 59.0 
59.0 58.0 59.0 60.0 
60.0 59.0 60.0 60.0 
66.0 59.0 62.0 65.0 
59.0 58.0 58.0 59.0 
59.0 58.0 59.0 59.0 
60.0 59.0 59.0 59.0 
65.0 58.0 62.0 64.0 
59.0 57.0 59.0 59.0 
60.0 58.0 59.0 59.0 
59.0 59.0 59.0 60.0 
68.0 58.0 62.0 64.0 
59.0 58.0 59.0 58.0 
60.0 58.0 59.0 60.0 
60.0 58.0 60.0 59.0 
66.0 59.0 61.0 65.0 
59.0 59.0 59.0 59.0 
59.0 58.0 59.0 60.0 
60.0 59.0 59.0 59.0 
66.0 58.0 62.0 64.0 
60.0 59.0 59.0 59.0 
60.0 58.0 59.0 60.0 
62.0 59.0 59.0 60.0 
65.0 58.0 61.0 64.0 
60.0 57.0 58.0 58.0 
59.0 59.0 59.0 60.0 
60.0 60.0 60.0 60.0 
66.0 58.0 62.0 64.0 
59.0 59.0 58.0 59.0 
60.0 59.0 59.0 59.0 
60.0 60.0 59.0 60.0 
65.0 59.0 62.0 64.0 
59.0 58.0 58.0 59.0 
59.0 57.0 59.0 60.0 
60.0 59.0 60.0 59.0 
64.0 58.0 60.0 64.0 
59.0 58.0 58.0 59.0 
59.0 59.0 60.0 60.0 
61.0 59.0 59.0 59.0 
66.0 59.0 61.0 63.0 
59.0 58.0 58.0 59.0 
60.0 59.0 59.0 60.0 
60.0 59.0 59.0 60.0 
62.0 58.0 61.0 62.0 
59.0 57.0 58.0 59.0 
60.0 59.0 60.0 60.0 
60.0 59.0 59.0 60.0 
62.0 59.0 61.0 62.0 
60.0 58.0 58.0 59.0 
60.0 58.0 59.0 59.0 
61.0 59.0 59.0 60.0 
61.0 59.0 61.0 62.0 
59.0 58.0 59.0 59.0 
60.0 58.0 60.0 59.0 
61.0 59.0 60.0 60.0 
61.0 58.0 60.0 62.0 
59.0 58.0 59.0 59.0 
59.0 59.0 60.0 59.0 
61.0 59.0 60.0 60.0 
63.0 58.0 61.0 63.0 
59.0 57.0 59.0 59.0 
59.0 58.0 60.0 59.0 
60.0 59.0 60.0 60.0 
62.0 59.0 59.0 61.0 
59.0 58.0 58.0 59.0 
59.0 58.0 60.0 60.0 
60.0 60.0 59.0 59.0 
63.0 59.0 60.0 60.0 
59.0 58.0 59.0 59.0 
59.0 59.0 59.0 59.0 
61.0 59.0 59.0 60.0 
62.0 59.0 60.0 61.0 
60.0 57.0 59.0 59.0 
59.0 59.0 59.0 59.0 
60.0 59.0 59.0 60.0 
61.0 59.0 59.0 60.0 
60.0 57.0 59.0 59.0 
60.0 58.0 60.0 59.0 
61.0 59.0 59.0 59.0 
61.0 59.0 60.0 60.0 
59.0 58.0 59.0 59.0 
59.0 58.0 59.0 59.0 
60.0 59.0 59.0 60.0 
62.0 59.0 60.0 61.0 
59.0 58.0 59.0 59.0 
62.0 59.0 61.0 61.0 
61.0 59.0 59.0 59.0 
64.0 59.0 61.0 61.0 
59.0 58.0 58.0 59.0 
61.0 58.0 61.0 64.0 
60.0 59.0 59.0 60.0 
66.0 59.0 61.0 61.0 
59.0 58.0 59.0 58.0 
62.0 58.0 61.0 64.0 
60.0 59.0 59.0 60.0 
62.0 59.0 61.0 62.0 
59.0 58.0 59.0 58.0 
62.0 59.0 61.0 64.0 
61.0 59.0 59.0 59.0 
62.0 59.0 61.0 62.0 
59.0 58.0 59.0 59.0 
63.0 59.0 62.0 64.0 
60.0 59.0 59.0 59.0 
62.0 59.0 61.0 61.0 
59.0 58.0 58.0 59.0 
62.0 58.0 62.0 64.0 
60.0 59.0 59.0 59.0 
62.0 59.0 60.0 61.0 
59.0 58.0 59.0 59.0 
62.0 59.0 62.0 65.0 
61.0 59.0 60.0 59.0 
61.0 60.0 60.0 62.0 
59.0 58.0 59.0 59.0 
63.0 58.0 62.0 64.0 
60.0 59.0 60.0 59.0 
63.0 59.0 62.0 62.0 
59.0 58.0 59.0 59.0 
63.0 58.0 63.0 65.0 
60.0 60.0 59.0 60.0 
64.0 59.0 60.0 62.0 
60.0 58.0 60.0 60.0 
63.0 59.0 62.0 65.0 
60.0 59.0 60.0 59.0 
62.0 58.0 63.0 65.0 
60.0 59.0 59.0 59.0 
62.0 59.0 62.0 64.0 
60.0 59.0 59.0 60.0 
62.0 59.0 64.0 63.0 
59.0 58.0 59.0 60.0 
62.0 59.0 62.0 64.0 
60.0 59.0 59.0 59.0 
66.0 58.0 65.0 66.0 
59.0 58.0 59.0 59.0 
63.0 59.0 61.0 65.0 
60.0 59.0 59.0 59.0 
66.0 59.0 65.0 66.0 
59.0 58.0 60.0 59.0 
63.0 58.0 62.0 64.0 
60.0 59.0 59.0 60.0 
68.0 58.0 65.0 67.0 
59.0 58.0 59.0 60.0 
62.0 58.0 61.0 65.0 
60.0 59.0 59.0 60.0 
67.0 59.0 64.0 65.0 
59.0 58.0 60.0 60.0 
62.0 59.0 62.0 65.0 
61.0 59.0 60.0 60.0 
68.0 59.0 64.0 65.0 
59.0 58.0 59.0 60.0 
62.0 59.0 62.0 64.0 
61.0 59.0 60.0 60.0 
66.0 59.0 64.0 66.0 
59.0 58.0 60.0 60.0 
63.0 59.0 61.0 65.0 
60.0 59.0 60.0 60.0 
67.0 59.0 66.0 67.0 
59.0 58.0 59.0 60.0 
62.0 59.0 62.0 65.0 
60.0 59.0 60.0 61.0 
65.0 59.0 66.0 66.0 
59.0 58.0 60.0 61.0 
62.0 58.0 61.0 65.0 
60.0 60.0 59.0 60.0 
65.0 59.0 65.0 66.0 
60.0 58.0 60.0 60.0 
63.0 58.0 62.0 65.0 
61.0 59.0 59.0 58.0 
66.0 59.0 66.0 66.0 
59.0 58.0 60.0 60.0 
63.0 59.0 62.0 64.0 
60.0 60.0 59.0 60.0 
67.0 58.0 65.0 67.0 
60.0 58.0 60.0 61.0 
62.0 58.0 61.0 65.0 
61.0 59.0 60.0 61.0 
67.0 59.0 64.0 65.0 
62.0 58.0 62.0 64.0 
62.0 59.0 61.0 64.0 
62.0 59.0 61.0 60.0 
63.0 59.0 62.0 63.0 
63.0 58.0 64.0 67.0 
63.0 58.0 62.0 64.0 
61.0 59.0 60.0 61.0 
66.0 59.0 63.0 64.0 
63.0 58.0 63.0 65.0 
62.0 59.0 61.0 64.0 
60.0 59.0 61.0 61.0 
65.0 59.0 64.0 64.0 
63.0 58.0 64.0 65.0 
62.0 58.0 61.0 64.0 
60.0 59.0 60.0 60.0 
68.0 59.0 63.0 65.0 
63.0 58.0 64.0 66.0 
62.0 59.0 62.0 64.0 
61.0 59.0 60.0 61.0 
66.0 59.0 64.0 64.0 
63.0 58.0 64.0 66.0 
63.0 59.0 62.0 65.0 
61.0 60.0 61.0 62.0 
69.0 58.0 67.0 68.0 
62.0 58.0 62.0 65.0 
62.0 58.0 62.0 64.0 
62.0 60.0 60.0 61.0 
66.0 58.0 68.0 70.0 
63.0 59.0 62.0 65.0 
62.0 59.0 61.0 64.0 
61.0 59.0 60.0 60.0 
65.0 59.0 66.0 71.0 
64.0 58.0 62.0 66.0 
64.0 59.0 61.0 64.0 
60.0 60.0 59.0 60.0 
66.0 59.0 68.0 71.0 
62.0 58.0 62.0 64.0 
62.0 59.0 60.0 64.0 
61.0 59.0 60.0 61.0 
67.0 59.0 69.0 72.0 
62.0 58.0 62.0 64.0 
60.0 60.0 60.0 62.0 
60.0 59.0 59.0 62.0 
67.0 59.0 70.0 72.0 
63.0 58.0 62.0 64.0 
59.0 59.0 59.0 60.0 
61.0 59.0 59.0 60.0 
67.0 59.0 69.0 73.0 
63.0 58.0 62.0 66.0 
59.0 58.0 59.0 59.0 
60.0 59.0 60.0 60.0 
70.0 59.0 68.0 72.0 
64.0 58.0 62.0 66.0 
58.0 59.0 60.0 60.0 
60.0 59.0 60.0 60.0 
71.0 60.0 65.0 75.0 
64.0 58.0 61.0 67.0 
59.0 59.0 59.0 59.0 
60.0 59.0 60.0 60.0 
73.0 60.0 62.0 77.0 
64.0 58.0 60.0 66.0 
58.0 59.0 60.0 59.0 
61.0 59.0 60.0 60.0 
75.0 59.0 61.0 78.0 
63.0 58.0 60.0 66.0 
59.0 59.0 59.0 59.0 
61.0 59.0 61.0 60.0 
75.0 59.0 61.0 78.0 
64.0 58.0 59.0 67.0 
59.0 59.0 59.0 59.0 
60.0 59.0 60.0 60.0 
70.0 59.0 62.0 76.0 
63.0 58.0 60.0 68.0 
59.0 59.0 60.0 59.0 
60.0 60.0 59.0 60.0 
71.0 59.0 61.0 78.0 
64.0 58.0 59.0 67.0 
58.0 59.0 60.0 59.0 
60.0 60.0 59.0 60.0 
70.0 59.0 62.0 77.0 
63.0 58.0 59.0 67.0 
58.0 59.0 59.0 59.0 
60.0 59.0 59.0 60.0 
71.0 59.0 62.0 77.0 
64.0 58.0 59.0 67.0 
59.0 59.0 60.0 59.0 
61.0 59.0 60.0 60.0 
70.0 59.0 62.0 76.0 
64.0 59.0 60.0 68.0 
59.0 59.0 60.0 59.0 
60.0 59.0 60.0 60.0 
73.0 59.0 61.0 78.0 
65.0 58.0 60.0 67.0 
61.0 59.0 59.0 62.0 
60.0 59.0 60.0 60.0 
73.0 59.0 61.0 78.0 
65.0 58.0 60.0 67.0 
58.0 59.0 60.0 63.0 
61.0 59.0 60.0 61.0 
74.0 60.0 60.0 77.0 
63.0 58.0 59.0 66.0 
61.0 59.0 59.0 63.0 
61.0 60.0 60.0 61.0 
71.0 59.0 62.0 77.0 
64.0 58.0 59.0 68.0 
60.0 60.0 59.0 64.0 
61.0 59.0 60.0 61.0 
69.0 60.0 63.0 75.0 
63.0 59.0 60.0 66.0 
64.0 58.0 61.0 66.0 
61.0 59.0 61.0 60.0 
68.0 59.0 62.0 76.0 
63.0 59.0 60.0 66.0 
64.0 59.0 60.0 67.0 
61.0 59.0 60.0 61.0 
68.0 59.0 62.0 76.0 
64.0 59.0 59.0 66.0 
64.0 59.0 60.0 66.0 
61.0 60.0 59.0 61.0 
69.0 60.0 60.0 77.0 
64.0 59.0 59.0 67.0 
64.0 59.0 60.0 66.0 
61.0 60.0 60.0 62.0 
68.0 59.0 61.0 76.0 
64.0 58.0 59.0 67.0 
64.0 59.0 61.0 67.0 
61.0 60.0 59.0 62.0 
73.0 59.0 60.0 76.0 
65.0 58.0 60.0 68.0 
64.0 58.0 60.0 65.0 
62.0 59.0 59.0 61.0 
71.0 59.0 61.0 75.0 
65.0 58.0 60.0 68.0 
64.0 59.0 62.0 65.0 
61.0 60.0 60.0 61.0 
74.0 59.0 62.0 75.0 
65.0 58.0 59.0 68.0 
64.0 59.0 59.0 66.0 
61.0 60.0 59.0 62.0 
69.0 68.0 60.0 73.0 
63.0 64.0 59.0 67.0 
63.0 64.0 61.0 66.0 
61.0 61.0 60.0 61.0 
69.0 67.0 60.0 72.0 
63.0 64.0 60.0 66.0 
62.0 63.0 60.0 65.0 
62.0 63.0 60.0 64.0 
70.0 67.0 60.0 71.0 
62.0 64.0 59.0 66.0 
63.0 63.0 60.0 65.0 
63.0 64.0 59.0 63.0 
69.0 67.0 60.0 72.0 
61.0 64.0 60.0 65.0 
64.0 65.0 60.0 66.0 
62.0 63.0 60.0 63.0 
70.0 66.0 60.0 71.0 
62.0 63.0 59.0 66.0 
64.0 66.0 60.0 67.0 
62.0 63.0 60.0 63.0 
69.0 67.0 61.0 72.0 
61.0 63.0 60.0 65.0 
65.0 66.0 61.0 67.0 
63.0 64.0 60.0 64.0 
69.0 67.0 60.0 72.0 
61.0 62.0 59.0 65.0 
64.0 66.0 60.0 67.0 
63.0 64.0 60.0 63.0 
70.0 67.0 60.0 72.0 
62.0 63.0 59.0 65.0 
65.0 67.0 61.0 68.0 
64.0 64.0 60.0 63.0 
70.0 68.0 60.0 72.0 
62.0 64.0 59.0 65.0 
69.0 71.0 60.0 70.0 
58.0 59.0 60.0 59.0 
69.0 68.0 60.0 72.0 
62.0 64.0 59.0 65.0 
69.0 72.0 61.0 70.0 
58.0 59.0 60.0 59.0 
67.0 68.0 60.0 74.0 
62.0 63.0 59.0 65.0 
68.0 71.0 60.0 71.0 
59.0 58.0 60.0 59.0 
68.0 68.0 60.0 74.0 
62.0 63.0 60.0 64.0 
69.0 72.0 61.0 70.0 
58.0 59.0 60.0 59.0 
68.0 67.0 60.0 74.0 
62.0 63.0 59.0 65.0 
70.0 73.0 60.0 71.0 
59.0 59.0 60.0 59.0 
69.0 68.0 60.0 74.0 
63.0 64.0 59.0 67.0 
70.0 72.0 60.0 69.0 
58.0 58.0 60.0 59.0 
69.0 68.0 60.0 75.0 
63.0 65.0 59.0 67.0 
70.0 72.0 61.0 70.0 
58.0 58.0 60.0 59.0 
70.0 68.0 61.0 75.0 
63.0 65.0 59.0 68.0 
70.0 73.0 59.0 70.0 
58.0 58.0 60.0 59.0 
68.0 68.0 61.0 76.0 
63.0 65.0 59.0 67.0 
70.0 72.0 61.0 70.0 
58.0 59.0 60.0 60.0 
69.0 69.0 59.0 76.0 
63.0 65.0 59.0 68.0 
70.0 72.0 61.0 70.0 
58.0 58.0 61.0 58.0 
69.0 69.0 66.0 75.0 
63.0 65.0 60.0 67.0 
70.0 72.0 61.0 70.0 
58.0 59.0 60.0 60.0 
69.0 69.0 64.0 77.0 
64.0 64.0 60.0 67.0 
71.0 73.0 61.0 71.0 
58.0 58.0 60.0 59.0 
69.0 68.0 67.0 77.0 
63.0 65.0 60.0 69.0 
71.0 73.0 61.0 71.0 
58.0 59.0 60.0 59.0 
69.0 69.0 75.0 77.0 
63.0 64.0 60.0 66.0 
70.0 70.0 61.0 68.0 
65.0 64.0 60.0 63.0 
68.0 69.0 73.0 77.0 
62.0 64.0 62.0 67.0 
68.0 69.0 62.0 69.0 
65.0 65.0 61.0 64.0 
68.0 67.0 74.0 78.0 
62.0 64.0 64.0 66.0 
67.0 70.0 77.0 69.0 
65.0 65.0 68.0 64.0 
69.0 67.0 81.0 78.0 
61.0 63.0 65.0 67.0 
66.0 67.0 83.0 69.0 
65.0 66.0 71.0 65.0 
66.0 66.0 87.0 79.0 
62.0 64.0 69.0 66.0 
66.0 67.0 85.0 68.0 
65.0 66.0 76.0 66.0 
64.0 68.0 87.0 79.0 
61.0 62.0 71.0 66.0 
62.0 62.0 73.0 64.0 
67.0 68.0 85.0 66.0 
65.0 67.0 100.0 77.0 
61.0 62.0 68.0 65.0 
68.0 69.0 100.0 70.0 
65.0 67.0 80.0 66.0 
63.0 67.0 110.0 76.0 
61.0 62.0 71.0 64.0 
68.0 69.0 121.0 70.0 
65.0 65.0 89.0 65.0 
64.0 59.0 126.0 79.0 
61.0 59.0 72.0 64.0 
72.0 59.0 137.0 73.0 
69.0 63.0 100.0 67.0 
63.0 66.0 160.0 78.0 
60.0 61.0 75.0 63.0 
69.0 70.0 186.0 73.0 
65.0 65.0 111.0 66.0 
63.0 67.0 176.0 79.0 
60.0 60.0 73.0 62.0 
68.0 71.0 246.0 76.0 
65.0 66.0 133.0 66.0 
65.0 68.0 199.0 81.0 
61.0 60.0 78.0 63.0 
69.0 71.0 302.0 80.0 
64.0 65.0 147.0 67.0 
65.0 68.0 233.0 81.0 
60.0 60.0 80.0 62.0 
71.0 74.0 364.0 87.0 
64.0 65.0 160.0 68.0 
66.0 68.0 250.0 84.0 
60.0 60.0 83.0 63.0 
70.0 73.0 363.0 89.0 
64.0 64.0 156.0 68.0 
64.0 68.0 248.0 84.0 
60.0 59.0 83.0 62.0 
74.0 76.0 402.0 95.0 
63.0 64.0 154.0 69.0 
67.0 69.0 289.0 90.0 
60.0 59.0 84.0 63.0 
75.0 79.0 442.0 102.0 
63.0 64.0 149.0 69.0 
67.0 69.0 294.0 95.0 
60.0 60.0 84.0 62.0 
74.0 77.0 429.0 103.0 
63.0 64.0 149.0 69.0 
65.0 68.0 259.0 91.0 
60.0 60.0 85.0 63.0 
74.0 78.0 414.0 107.0 
63.0 64.0 148.0 70.0 
68.0 73.0 337.0 107.0 
59.0 59.0 75.0 62.0 
74.0 78.0 418.0 106.0 
62.0 63.0 134.0 68.0 
70.0 61.0 366.0 126.0 
60.0 58.0 75.0 62.0 
79.0 62.0 377.0 107.0 
64.0 60.0 126.0 69.0 
77.0 62.0 376.0 132.0 
60.0 58.0 74.0 62.0 
81.0 63.0 406.0 117.0 
64.0 60.0 118.0 69.0 
73.0 61.0 313.0 127.0 
60.0 58.0 74.0 62.0 
82.0 62.0 394.0 124.0 
63.0 60.0 115.0 69.0 
76.0 61.0 328.0 151.0 
60.0 58.0 73.0 62.0 
83.0 62.0 400.0 128.0 
62.0 60.0 107.0 68.0 
75.0 61.0 304.0 160.0 
60.0 58.0 74.0 62.0 
84.0 62.0 387.0 135.0 
62.0 60.0 105.0 67.0 
77.0 62.0 366.0 194.0 
60.0 58.0 74.0 63.0 
83.0 61.0 344.0 147.0 
62.0 60.0 93.0 65.0 
77.0 61.0 317.0 196.0 
59.0 59.0 73.0 63.0 
87.0 61.0 323.0 195.0 
61.0 60.0 78.0 64.0 
78.0 61.0 324.0 229.0 
60.0 59.0 71.0 63.0 
84.0 60.0 250.0 213.0 
61.0 60.0 77.0 67.0 
81.0 59.0 280.0 249.0 
60.0 59.0 72.0 64.0 
87.0 60.0 234.0 265.0 
61.0 60.0 74.0 69.0 
85.0 60.0 262.0 318.0 
59.0 59.0 70.0 61.0 
94.0 61.0 242.0 350.0 
60.0 60.0 73.0 67.0 
94.0 63.0 251.0 383.0 
59.0 59.0 69.0 60.0 
92.0 60.0 192.0 343.0 
60.0 60.0 66.0 67.0 
95.0 63.0 241.0 399.0 
60.0 59.0 68.0 58.0 
91.0 61.0 178.0 358.0 
60.0 60.0 70.0 65.0 
94.0 61.0 193.0 374.0 
59.0 59.0 67.0 59.0 
92.0 61.0 147.0 366.0 
60.0 59.0 67.0 67.0 
94.0 62.0 183.0 371.0 
58.0 59.0 63.0 55.0 
96.0 61.0 138.0 390.0 
61.0 59.0 69.0 73.0 
95.0 61.0 176.0 386.0 
59.0 58.0 63.0 54.0 
100.0 63.0 134.0 419.0 
60.0 60.0 66.0 71.0 
90.0 62.0 153.0 337.0 
59.0 58.0 63.0 53.0 
99.0 63.0 127.0 429.0 
60.0 60.0 64.0 67.0 
94.0 60.0 141.0 346.0 
59.0 59.0 63.0 55.0 
89.0 61.0 106.0 355.0 
60.0 60.0 61.0 60.0 
102.0 63.0 126.0 409.0 
59.0 59.0 64.0 57.0 
94.0 62.0 103.0 372.0 
59.0 59.0 60.0 57.0 
101.0 62.0 120.0 376.0 
60.0 58.0 64.0 58.0 
100.0 62.0 104.0 396.0 
59.0 59.0 61.0 58.0 
103.0 62.0 114.0 365.0 
58.0 59.0 64.0 58.0 
95.0 60.0 93.0 332.0 
58.0 60.0 60.0 55.0 
102.0 61.0 111.0 364.0 
59.0 59.0 65.0 61.0 
99.0 61.0 90.0 365.0 
58.0 60.0 60.0 54.0 
96.0 60.0 103.0 304.0 
61.0 59.0 65.0 66.0 
96.0 60.0 85.0 304.0 
58.0 60.0 60.0 54.0 
121.0 61.0 109.0 392.0 
60.0 60.0 65.0 63.0 
101.0 60.0 88.0 328.0 
58.0 61.0 60.0 52.0 
128.0 62.0 108.0 397.0 
60.0 59.0 64.0 63.0 
99.0 61.0 87.0 318.0 
57.0 60.0 60.0 48.0 
129.0 61.0 101.0 372.0 
60.0 58.0 65.0 62.0 
114.0 60.0 84.0 321.0 
56.0 60.0 59.0 47.0 
141.0 61.0 97.0 329.0 
60.0 58.0 65.0 63.0 
98.0 60.0 87.0 329.0 
56.0 60.0 59.0 48.0 
146.0 300.0 95.0 295.0 
60.0 59.0 65.0 64.0 
124.0 61.0 83.0 309.0 
55.0 60.0 59.0 48.0 
146.0 312.0 95.0 271.0 
59.0 59.0 66.0 65.0 
117.0 168.0 81.0 258.0 
55.0 60.0 59.0 49.0 
135.0 286.0 91.0 236.0 
60.0 59.0 65.0 67.0 
114.0 249.0 79.0 234.0 
56.0 60.0 59.0 50.0 
141.0 388.0 92.0 244.0 
60.0 58.0 66.0 67.0 
114.0 263.0 76.0 206.0 
55.0 60.0 59.0 51.0 
149.0 441.0 88.0 238.0 
61.0 59.0 64.0 69.0 
90.0 322.0 75.0 202.0 
55.0 60.0 59.0 51.0 
148.0 404.0 87.0 232.0 
61.0 59.0 65.0 67.0 
106.0 241.0 70.0 159.0 
55.0 60.0 59.0 53.0 
144.0 403.0 84.0 196.0 
60.0 62.0 63.0 66.0 
117.0 335.0 70.0 147.0 
56.0 46.0 60.0 57.0 
159.0 454.0 82.0 199.0 
60.0 63.0 63.0 67.0 
113.0 339.0 70.0 145.0 
56.0 48.0 60.0 57.0 
164.0 465.0 82.0 197.0 
60.0 62.0 62.0 67.0 
107.0 306.0 68.0 130.0 
56.0 49.0 60.0 58.0 
173.0 488.0 82.0 197.0 
60.0 64.0 61.0 67.0 
90.0 217.0 67.0 115.0 
56.0 50.0 60.0 59.0 
170.0 434.0 77.0 169.0 
61.0 66.0 63.0 68.0 
106.0 295.0 65.0 123.0 
57.0 50.0 60.0 59.0 
199.0 524.0 80.0 180.0 
61.0 66.0 62.0 69.0 
110.0 301.0 67.0 118.0 
56.0 50.0 61.0 59.0 
211.0 491.0 79.0 179.0 
65.0 59.0 62.0 73.0 
122.0 283.0 66.0 115.0 
56.0 60.0 60.0 59.0 
236.0 518.0 80.0 175.0 
64.0 74.0 62.0 71.0 
117.0 265.0 65.0 106.0 
53.0 41.0 60.0 56.0 
294.0 572.0 76.0 186.0 
65.0 74.0 61.0 71.0 
200.0 362.0 64.0 130.0 
51.0 40.0 61.0 55.0 
305.0 479.0 71.0 168.0 
68.0 75.0 58.0 72.0 
246.0 358.0 63.0 126.0 
49.0 42.0 60.0 56.0 
329.0 422.0 69.0 154.0 
70.0 75.0 59.0 72.0 
171.0 270.0 62.0 108.0 
49.0 45.0 60.0 57.0 
332.0 359.0 73.0 140.0 
70.0 74.0 61.0 70.0 
167.0 238.0 63.0 100.0 
49.0 46.0 60.0 57.0 
351.0 306.0 75.0 117.0 
74.0 75.0 62.0 70.0 
180.0 240.0 64.0 97.0 
47.0 48.0 60.0 57.0 
414.0 328.0 78.0 122.0 
77.0 76.0 62.0 71.0 
173.0 196.0 62.0 88.0 
45.0 49.0 60.0 58.0 
421.0 291.0 80.0 116.0 
78.0 74.0 63.0 70.0 
177.0 172.0 63.0 87.0 
45.0 50.0 60.0 58.0 
401.0 246.0 80.0 109.0 
82.0 73.0 63.0 69.0 
308.0 182.0 65.0 92.0 
44.0 51.0 60.0 59.0 
369.0 199.0 81.0 101.0 
87.0 72.0 63.0 69.0 
278.0 153.0 68.0 93.0 
43.0 53.0 60.0 58.0 
388.0 191.0 82.0 99.0 
89.0 72.0 64.0 69.0 
261.0 125.0 66.0 82.0 
42.0 54.0 60.0 59.0 
379.0 167.0 88.0 95.0 
91.0 70.0 65.0 68.0 
231.0 109.0 65.0 80.0 
44.0 55.0 60.0 58.0 
390.0 155.0 95.0 91.0 
94.0 70.0 67.0 68.0 
352.0 124.0 71.0 82.0 
74.0 64.0 60.0 63.0 
371.0 144.0 95.0 90.0 
90.0 68.0 67.0 66.0 
265.0 102.0 69.0 77.0 
81.0 66.0 61.0 63.0 
463.0 155.0 107.0 96.0 
91.0 67.0 70.0 67.0 
230.0 94.0 85.0 76.0 
77.0 64.0 66.0 64.0 
443.0 144.0 116.0 93.0 
92.0 67.0 72.0 67.0 
314.0 105.0 104.0 82.0 
82.0 65.0 71.0 64.0 
459.0 143.0 142.0 92.0 
86.0 66.0 76.0 65.0 
269.0 100.0 107.0 80.0 
79.0 65.0 73.0 65.0 
441.0 141.0 163.0 93.0 
97.0 68.0 82.0 67.0 
78.0 64.0 73.0 64.0 
92.0 68.0 82.0 68.0 
371.0 125.0 192.0 90.0 
97.0 67.0 83.0 66.0 
109.0 77.0 90.0 69.0 
108.0 70.0 86.0 67.0 
350.0 117.0 201.0 89.0 
96.0 66.0 83.0 67.0 
122.0 71.0 86.0 68.0 
106.0 70.0 87.0 69.0 
349.0 116.0 214.0 88.0 
78.0 64.0 84.0 65.0 
194.0 88.0 158.0 81.0 
80.0 66.0 96.0 66.0 
332.0 112.0 226.0 88.0 
76.0 63.0 87.0 65.0 
179.0 88.0 211.0 85.0 
78.0 66.0 115.0 69.0 
299.0 103.0 224.0 90.0 
73.0 63.0 92.0 65.0 
135.0 84.0 317.0 93.0 
73.0 67.0 162.0 73.0 
272.0 99.0 238.0 89.0 
68.0 61.0 91.0 65.0 
144.0 91.0 438.0 107.0 
73.0 67.0 187.0 74.0 
231.0 93.0 230.0 89.0 
67.0 61.0 96.0 65.0 
111.0 90.0 472.0 112.0 
70.0 67.0 210.0 77.0 
195.0 87.0 237.0 90.0 
66.0 61.0 99.0 65.0 
108.0 92.0 547.0 126.0 
69.0 67.0 219.0 79.0 
164.0 84.0 271.0 95.0 
63.0 61.0 98.0 65.0 
107.0 93.0 557.0 129.0 
69.0 67.0 218.0 80.0 
167.0 85.0 296.0 102.0 
62.0 60.0 95.0 65.0 
88.0 86.0 605.0 135.0 
67.0 67.0 225.0 81.0 
101.0 78.0 307.0 107.0 
61.0 61.0 98.0 66.0 
85.0 85.0 626.0 144.0 
66.0 67.0 221.0 84.0 
97.0 74.0 276.0 105.0 
61.0 60.0 100.0 67.0 
84.0 87.0 616.0 155.0 
65.0 67.0 217.0 85.0 
99.0 82.0 349.0 130.0 
61.0 61.0 98.0 67.0 
87.0 89.0 632.0 161.0 
66.0 67.0 216.0 87.0 
98.0 82.0 357.0 138.0 
60.0 61.0 96.0 67.0 
88.0 90.0 587.0 165.0 
66.0 67.0 220.0 89.0 
94.0 83.0 410.0 153.0 
61.0 61.0 97.0 68.0 
88.0 91.0 626.0 183.0 
65.0 67.0 206.0 89.0 
94.0 85.0 364.0 159.0 
60.0 61.0 91.0 67.0 
88.0 93.0 628.0 190.0 
67.0 69.0 226.0 96.0 
95.0 89.0 389.0 198.0 
61.0 60.0 87.0 66.0 
87.0 94.0 620.0 200.0 
66.0 69.0 224.0 97.0 
93.0 89.0 352.0 208.0 
61.0 61.0 90.0 70.0 
88.0 97.0 629.0 242.0 
66.0 69.0 219.0 105.0 
95.0 98.0 366.0 253.0 
60.0 61.0 84.0 69.0 
90.0 101.0 616.0 281.0 
66.0 69.0 212.0 112.0 
93.0 100.0 367.0 275.0 
60.0 61.0 83.0 70.0 
92.0 116.0 624.0 347.0 
66.0 72.0 206.0 123.0 
99.0 103.0 335.0 279.0 
60.0 61.0 83.0 71.0 
96.0 120.0 582.0 400.0 
66.0 71.0 196.0 131.0 
98.0 112.0 372.0 318.0 
60.0 61.0 82.0 73.0 
99.0 135.0 583.0 484.0 
64.0 70.0 173.0 135.0 
97.0 115.0 358.0 331.0 
60.0 61.0 76.0 70.0 
103.0 145.0 552.0 546.0 
65.0 72.0 172.0 149.0 
102.0 122.0 344.0 358.0 
59.0 60.0 72.0 67.0 
104.0 152.0 536.0 587.0 
65.0 74.0 155.0 150.0 
107.0 130.0 345.0 386.0 
60.0 60.0 73.0 67.0 
102.0 154.0 487.0 602.0 
65.0 73.0 142.0 143.0 
100.0 137.0 307.0 418.0 
61.0 64.0 74.0 68.0 
91.0 136.0 461.0 608.0 
63.0 72.0 128.0 130.0 
105.0 150.0 304.0 476.0 
61.0 63.0 73.0 67.0 
101.0 162.0 416.0 615.0 
63.0 71.0 120.0 124.0 
105.0 159.0 308.0 499.0 
61.0 62.0 73.0 66.0 
101.0 164.0 384.0 597.0 
63.0 72.0 119.0 123.0 
102.0 156.0 276.0 456.0 
60.0 63.0 73.0 65.0 
101.0 179.0 381.0 621.0 
62.0 71.0 109.0 113.0 
103.0 154.0 245.0 412.0 
61.0 63.0 71.0 65.0 
103.0 193.0 357.0 661.0 
62.0 71.0 105.0 113.0 
105.0 177.0 232.0 433.0 
60.0 62.0 72.0 64.0 
104.0 224.0 336.0 641.0 
62.0 71.0 102.0 102.0 
109.0 184.0 219.0 420.0 
60.0 63.0 72.0 65.0 
106.0 232.0 315.0 625.0 
62.0 71.0 101.0 99.0 
112.0 203.0 209.0 415.0 
60.0 63.0 71.0 63.0 
109.0 255.0 308.0 661.0 
61.0 68.0 93.0 88.0 
111.0 199.0 188.0 374.0 
60.0 62.0 72.0 62.0 
112.0 261.0 300.0 645.0 
61.0 70.0 94.0 91.0 
119.0 238.0 198.0 434.0 
60.0 60.0 71.0 60.0 
114.0 274.0 290.0 623.0 
62.0 76.0 99.0 106.0 
125.0 292.0 211.0 488.0 
60.0 60.0 68.0 58.0 
117.0 289.0 283.0 611.0 
63.0 78.0 98.0 107.0 
127.0 292.0 175.0 434.0 
60.0 60.0 70.0 59.0 
118.0 306.0 270.0 591.0 
63.0 80.0 98.0 110.0 
129.0 303.0 160.0 408.0 
60.0 60.0 68.0 59.0 
126.0 348.0 245.0 582.0 
63.0 81.0 93.0 107.0 
131.0 329.0 152.0 397.0 
60.0 59.0 69.0 59.0 
130.0 400.0 232.0 598.0 
63.0 81.0 88.0 104.0 
147.0 400.0 155.0 429.0 
60.0 58.0 67.0 59.0 
146.0 460.0 218.0 590.0 
64.0 82.0 83.0 102.0 
157.0 448.0 155.0 457.0 
60.0 58.0 68.0 58.0 
151.0 477.0 201.0 562.0 
63.0 78.0 79.0 95.0 
169.0 505.0 143.0 482.0 
59.0 55.0 67.0 56.0 
156.0 503.0 168.0 557.0 
64.0 80.0 72.0 94.0 
167.0 502.0 138.0 457.0 
59.0 54.0 67.0 57.0 
156.0 529.0 160.0 525.0 
63.0 78.0 71.0 87.0 
166.0 497.0 129.0 427.0 
58.0 54.0 66.0 57.0 
162.0 544.0 153.0 509.0 
63.0 78.0 69.0 85.0 
168.0 494.0 114.0 394.0 
60.0 53.0 65.0 57.0 
167.0 554.0 137.0 491.0 
66.0 88.0 68.0 95.0 
183.0 511.0 115.0 388.0 
58.0 59.0 65.0 58.0 
181.0 585.0 132.0 479.0 
67.0 60.0 68.0 92.0 
186.0 533.0 107.0 363.0 
58.0 59.0 63.0 59.0 
181.0 586.0 114.0 435.0 
66.0 90.0 65.0 90.0 
199.0 522.0 100.0 320.0 
58.0 52.0 63.0 59.0 
183.0 540.0 109.0 387.0 
70.0 60.0 65.0 90.0 
204.0 563.0 101.0 322.0 
57.0 53.0 63.0 60.0 
185.0 558.0 107.0 383.0 
63.0 60.0 64.0 75.0 
213.0 557.0 97.0 304.0 
57.0 52.0 63.0 60.0 
196.0 590.0 100.0 356.0 
66.0 60.0 64.0 76.0 
252.0 615.0 95.0 299.0 
57.0 51.0 62.0 59.0 
203.0 568.0 99.0 332.0 
64.0 77.0 63.0 74.0 
263.0 565.0 92.0 275.0 
56.0 59.0 61.0 57.0 
228.0 593.0 94.0 313.0 
65.0 80.0 63.0 73.0 
308.0 592.0 90.0 265.0 
55.0 48.0 61.0 57.0 
265.0 580.0 93.0 298.0 
64.0 75.0 61.0 67.0 
354.0 577.0 91.0 253.0 
53.0 45.0 60.0 56.0 
313.0 591.0 91.0 283.0 
65.0 76.0 62.0 70.0 
386.0 550.0 91.0 242.0 
52.0 45.0 60.0 55.0 
346.0 605.0 91.0 286.0 
60.0 64.0 62.0 65.0 
424.0 560.0 90.0 236.0 
54.0 49.0 60.0 58.0 
393.0 602.0 91.0 271.0 
61.0 67.0 62.0 65.0 
461.0 589.0 89.0 236.0 
55.0 52.0 60.0 59.0 
426.0 555.0 90.0 256.0 
75.0 60.0 62.0 72.0 
493.0 537.0 88.0 215.0 
54.0 51.0 59.0 58.0 
491.0 578.0 90.0 238.0 
69.0 77.0 62.0 67.0 
471.0 533.0 89.0 205.0 
54.0 52.0 59.0 58.0 
524.0 549.0 91.0 226.0 
71.0 75.0 63.0 67.0 
487.0 525.0 88.0 196.0 
52.0 52.0 59.0 58.0 
542.0 528.0 91.0 203.0 
65.0 68.0 61.0 64.0 
499.0 518.0 88.0 189.0 
54.0 57.0 60.0 60.0 
591.0 494.0 87.0 192.0 
68.0 70.0 62.0 66.0 
498.0 484.0 86.0 185.0 
62.0 62.0 59.0 63.0 
620.0 465.0 84.0 190.0 
75.0 60.0 62.0 68.0 
513.0 468.0 86.0 178.0 
68.0 64.0 60.0 61.0 
589.0 442.0 83.0 181.0 
79.0 69.0 62.0 66.0 
521.0 455.0 85.0 175.0 
66.0 63.0 59.0 62.0 
630.0 419.0 82.0 177.0 
77.0 68.0 61.0 63.0 
521.0 414.0 84.0 166.0 
63.0 59.0 59.0 61.0 
638.0 374.0 81.0 172.0 
78.0 60.0 61.0 63.0 
559.0 391.0 85.0 155.0 
61.0 59.0 59.0 61.0 
638.0 354.0 81.0 157.0 
77.0 60.0 63.0 63.0 
574.0 366.0 81.0 147.0 
63.0 59.0 59.0 61.0 
653.0 353.0 80.0 149.0 
79.0 60.0 61.0 63.0 
602.0 358.0 80.0 139.0 
53.0 58.0 59.0 59.0 
669.0 335.0 79.0 145.0 
78.0 64.0 61.0 62.0 
588.0 313.0 79.0 132.0 
60.0 59.0 60.0 60.0 
665.0 300.0 79.0 138.0 
80.0 61.0 60.0 62.0 
585.0 267.0 79.0 123.0 
55.0 58.0 59.0 59.0 
673.0 270.0 77.0 127.0 
68.0 60.0 60.0 61.0 
586.0 208.0 77.0 110.0 
47.0 59.0 60.0 59.0 
657.0 242.0 75.0 117.0 
74.0 60.0 60.0 62.0 
505.0 67.0 76.0 107.0 
39.0 59.0 59.0 57.0 
614.0 224.0 75.0 111.0 
87.0 60.0 60.0 63.0 
556.0 67.0 77.0 130.0 
39.0 59.0 59.0 57.0 
624.0 64.0 75.0 110.0 
83.0 60.0 61.0 63.0 
541.0 68.0 78.0 129.0 
40.0 59.0 59.0 57.0 
555.0 67.0 77.0 131.0 
84.0 60.0 61.0 63.0 
544.0 68.0 78.0 128.0 
38.0 59.0 60.0 57.0 
588.0 66.0 77.0 129.0 
86.0 60.0 61.0 63.0 
518.0 67.0 76.0 122.0 
39.0 59.0 58.0 57.0 
556.0 66.0 78.0 124.0 
87.0 61.0 61.0 63.0 
502.0 66.0 76.0 118.0 
40.0 58.0 59.0 57.0 
535.0 67.0 77.0 124.0 
87.0 60.0 60.0 63.0 
456.0 65.0 73.0 112.0 
40.0 59.0 59.0 57.0 
501.0 66.0 76.0 119.0 
77.0 60.0 60.0 62.0 
379.0 63.0 71.0 103.0 
42.0 59.0 59.0 58.0 
479.0 66.0 75.0 114.0 
79.0 60.0 60.0 62.0 
333.0 61.0 69.0 100.0 
42.0 59.0 59.0 58.0 
445.0 64.0 74.0 110.0 
69.0 60.0 61.0 61.0 
351.0 62.0 70.0 101.0 
43.0 59.0 59.0 58.0 
349.0 62.0 71.0 99.0 
64.0 60.0 61.0 61.0 
326.0 62.0 69.0 96.0 
45.0 59.0 59.0 58.0 
314.0 61.0 70.0 96.0 
51.0 60.0 60.0 59.0 
309.0 61.0 68.0 94.0 
46.0 59.0 59.0 58.0 
257.0 60.0 68.0 89.0 
60.0 59.0 61.0 61.0 
295.0 60.0 68.0 93.0 
47.0 59.0 59.0 58.0 
246.0 60.0 67.0 89.0 
56.0 60.0 60.0 60.0 
289.0 61.0 68.0 92.0 
48.0 59.0 59.0 58.0 
214.0 60.0 66.0 87.0 
47.0 60.0 60.0 58.0 
283.0 61.0 68.0 91.0 
49.0 59.0 59.0 58.0 
168.0 60.0 64.0 80.0 
48.0 60.0 60.0 58.0 
269.0 60.0 67.0 91.0 
51.0 59.0 59.0 58.0 
153.0 60.0 65.0 77.0 
50.0 60.0 60.0 59.0 
254.0 60.0 67.0 88.0 
51.0 59.0 60.0 58.0 
133.0 59.0 64.0 76.0 
50.0 60.0 60.0 59.0 
237.0 61.0 66.0 86.0 
52.0 60.0 58.0 59.0 
127.0 60.0 64.0 75.0 
51.0 60.0 60.0 59.0 
239.0 61.0 67.0 87.0 
52.0 59.0 59.0 58.0 
109.0 59.0 63.0 73.0 
51.0 60.0 60.0 60.0 
243.0 60.0 68.0 86.0 
53.0 59.0 59.0 59.0 
96.0 59.0 62.0 71.0 
52.0 60.0 60.0 59.0 
231.0 60.0 67.0 86.0 
53.0 58.0 59.0 59.0 
87.0 60.0 63.0 70.0 
53.0 60.0 60.0 60.0 
228.0 60.0 68.0 86.0 
55.0 59.0 59.0 59.0 
58.0 59.0 61.0 61.0 
54.0 60.0 61.0 60.0 
205.0 60.0 68.0 84.0 
55.0 58.0 60.0 59.0 
59.0 59.0 62.0 63.0 
55.0 60.0 61.0 59.0 
176.0 60.0 67.0 77.0 
56.0 59.0 59.0 60.0 
59.0 60.0 59.0 61.0 
57.0 60.0 61.0 60.0 
95.0 59.0 65.0 69.0 
59.0 60.0 59.0 60.0 
61.0 59.0 60.0 62.0 
61.0 60.0 60.0 60.0 
119.0 60.0 65.0 70.0 
60.0 58.0 59.0 60.0 
60.0 59.0 61.0 61.0 
61.0 60.0 61.0 60.0 
77.0 60.0 64.0 67.0 
60.0 59.0 59.0 60.0 
60.0 59.0 60.0 61.0 
60.0 60.0 61.0 60.0 
80.0 59.0 65.0 69.0 
59.0 59.0 60.0 60.0 
60.0 59.0 60.0 61.0 
62.0 60.0 61.0 60.0 
81.0 60.0 66.0 69.0 
60.0 58.0 60.0 59.0 
60.0 60.0 60.0 61.0 
61.0 60.0 61.0 61.0 
78.0 60.0 65.0 69.0 
59.0 59.0 59.0 60.0 
59.0 59.0 61.0 61.0 
61.0 60.0 61.0 60.0 
73.0 60.0 65.0 68.0 
60.0 59.0 59.0 60.0 
60.0 59.0 60.0 61.0 
61.0 60.0 61.0 60.0 
80.0 60.0 66.0 68.0 
60.0 59.0 59.0 60.0 
59.0 60.0 60.0 61.0 
61.0 60.0 60.0 61.0 
80.0 60.0 65.0 69.0 
60.0 58.0 59.0 60.0 
60.0 59.0 60.0 60.0 
61.0 60.0 61.0 60.0 
75.0 60.0 65.0 69.0 
59.0 59.0 60.0 60.0 
59.0 59.0 60.0 61.0 
60.0 60.0 61.0 61.0 
79.0 59.0 66.0 69.0 
59.0 59.0 59.0 60.0 
59.0 59.0 60.0 61.0 
61.0 60.0 60.0 60.0 
76.0 59.0 66.0 68.0 
60.0 59.0 60.0 59.0 
60.0 59.0 61.0 61.0 
61.0 60.0 61.0 60.0 
73.0 60.0 65.0 68.0 
59.0 59.0 59.0 60.0 
59.0 60.0 59.0 61.0 
60.0 60.0 60.0 61.0 
70.0 60.0 66.0 69.0 
59.0 59.0 59.0 58.0 
60.0 59.0 61.0 60.0 
62.0 60.0 61.0 61.0 
70.0 59.0 66.0 68.0 
59.0 59.0 59.0 60.0 
60.0 58.0 60.0 60.0 
60.0 59.0 60.0 60.0 
70.0 60.0 66.0 68.0 
59.0 59.0 59.0 59.0 
60.0 59.0 61.0 60.0 
61.0 60.0 60.0 60.0 
69.0 60.0 65.0 66.0 
60.0 58.0 59.0 60.0 
59.0 60.0 60.0 61.0 
61.0 60.0 60.0 61.0 
65.0 59.0 64.0 63.0 
60.0 59.0 59.0 59.0 
60.0 59.0 60.0 61.0 
61.0 60.0 60.0 61.0 
66.0 59.0 64.0 64.0 
60.0 59.0 59.0 59.0 
60.0 57.0 60.0 61.0 
61.0 60.0 60.0 60.0 
68.0 59.0 62.0 64.0 
60.0 59.0 59.0 60.0 
60.0 60.0 60.0 61.0 
61.0 60.0 60.0 61.0 
68.0 60.0 63.0 64.0 
60.0 59.0 60.0 59.0 
60.0 59.0 61.0 61.0 
61.0 60.0 61.0 60.0 
72.0 60.0 64.0 65.0 
60.0 59.0 59.0 59.0 
59.0 59.0 60.0 60.0 
60.0 60.0 60.0 61.0 
71.0 59.0 63.0 66.0 
60.0 59.0 60.0 60.0 
60.0 59.0 61.0 61.0 
61.0 60.0 60.0 61.0 
70.0 59.0 64.0 66.0 
60.0 59.0 59.0 59.0 
60.0 60.0 60.0 61.0 
60.0 60.0 61.0 61.0 
71.0 59.0 64.0 68.0 
60.0 58.0 59.0 59.0 
60.0 59.0 60.0 60.0 
60.0 59.0 60.0 61.0 
70.0 60.0 63.0 66.0 
60.0 59.0 60.0 60.0 
60.0 59.0 60.0 61.0 
61.0 59.0 61.0 60.0 
69.0 60.0 63.0 65.0 
59.0 59.0 59.0 60.0 
60.0 59.0 61.0 61.0 
61.0 60.0 61.0 61.0 
70.0 59.0 63.0 64.0 
60.0 59.0 59.0 60.0 
60.0 59.0 59.0 61.0 
61.0 60.0 60.0 60.0 
69.0 60.0 63.0 66.0 
59.0 59.0 60.0 59.0 
60.0 59.0 61.0 61.0 
61.0 60.0 61.0 60.0 
69.0 60.0 63.0 65.0 
59.0 58.0 60.0 59.0 
60.0 59.0 61.0 60.0 
60.0 60.0 60.0 60.0 
69.0 60.0 64.0 66.0 
60.0 59.0 59.0 59.0 
60.0 59.0 61.0 61.0 
61.0 60.0 61.0 60.0 
69.0 59.0 63.0 67.0 
60.0 59.0 60.0 60.0 
60.0 59.0 61.0 61.0 
61.0 60.0 61.0 60.0 
70.0 59.0 63.0 66.0 
60.0 58.0 59.0 59.0 
60.0 60.0 60.0 61.0 
61.0 60.0 60.0 61.0 
70.0 60.0 63.0 66.0 
60.0 59.0 60.0 60.0 
60.0 59.0 60.0 61.0 
61.0 60.0 61.0 60.0 
68.0 60.0 62.0 65.0 
60.0 58.0 60.0 60.0 
60.0 59.0 61.0 61.0 
61.0 60.0 60.0 61.0 
69.0 59.0 64.0 66.0 
60.0 59.0 60.0 60.0 
59.0 58.0 60.0 61.0 
60.0 59.0 61.0 60.0 
69.0 61.0 64.0 67.0 
60.0 59.0 59.0 60.0 
59.0 59.0 60.0 60.0 
60.0 59.0 61.0 60.0 
68.0 59.0 63.0 65.0 
60.0 58.0 60.0 61.0 
60.0 59.0 61.0 60.0 
62.0 60.0 60.0 61.0 
70.0 60.0 64.0 65.0 
60.0 59.0 60.0 60.0 
60.0 59.0 61.0 60.0 
60.0 60.0 61.0 61.0 
70.0 60.0 63.0 67.0 
60.0 59.0 60.0 60.0 
60.0 59.0 60.0 61.0 
61.0 60.0 61.0 60.0 
70.0 59.0 63.0 65.0 
59.0 59.0 60.0 60.0 
61.0 59.0 61.0 61.0 
61.0 60.0 60.0 60.0 
69.0 60.0 63.0 66.0 
60.0 58.0 59.0 60.0 
60.0 59.0 61.0 61.0 
61.0 60.0 61.0 61.0 
69.0 59.0 63.0 65.0 
59.0 59.0 60.0 59.0 
60.0 60.0 61.0 61.0 
61.0 60.0 60.0 60.0 
68.0 59.0 63.0 66.0 
60.0 59.0 60.0 60.0 
59.0 60.0 61.0 61.0 
60.0 60.0 61.0 60.0 
68.0 60.0 63.0 66.0 
60.0 58.0 60.0 60.0 
60.0 60.0 61.0 61.0 
62.0 60.0 61.0 60.0 
69.0 60.0 64.0 66.0 
60.0 58.0 60.0 60.0 
60.0 59.0 61.0 61.0 
61.0 59.0 61.0 60.0 
69.0 60.0 63.0 65.0 
60.0 59.0 59.0 59.0 
60.0 59.0 60.0 61.0 
62.0 60.0 60.0 61.0 
68.0 59.0 63.0 65.0 
60.0 59.0 59.0 59.0 
60.0 61.0 61.0 61.0 
61.0 60.0 60.0 60.0 
67.0 60.0 63.0 66.0 
61.0 59.0 59.0 59.0 
60.0 59.0 60.0 61.0 
61.0 60.0 60.0 59.0 
67.0 59.0 64.0 65.0 
59.0 59.0 60.0 60.0 
60.0 59.0 60.0 61.0 
61.0 60.0 60.0 61.0 
66.0 60.0 64.0 66.0 
59.0 59.0 59.0 60.0 
60.0 59.0 61.0 60.0 
61.0 60.0 60.0 60.0 
68.0 60.0 64.0 65.0 
60.0 59.0 59.0 60.0 
60.0 60.0 61.0 61.0 
61.0 60.0 60.0 60.0 
69.0 60.0 64.0 65.0 
60.0 59.0 60.0 60.0 
60.0 59.0 60.0 60.0 
60.0 60.0 60.0 61.0 
69.0 59.0 64.0 65.0 
59.0 59.0 59.0 60.0 
60.0 59.0 61.0 61.0 
61.0 60.0 60.0 61.0 
69.0 60.0 64.0 65.0 
59.0 59.0 59.0 60.0 
60.0 59.0 60.0 61.0 
61.0 60.0 61.0 61.0 
68.0 60.0 64.0 65.0 
59.0 59.0 59.0 60.0 
60.0 60.0 60.0 61.0 
61.0 60.0 61.0 61.0 
69.0 60.0 64.0 66.0 
60.0 59.0 59.0 60.0 
59.0 60.0 61.0 61.0 
62.0 60.0 60.0 60.0 
68.0 60.0 63.0 67.0 
60.0 59.0 60.0 59.0 
60.0 59.0 60.0 61.0 
61.0 60.0 60.0 61.0 
68.0 60.0 64.0 65.0 
60.0 59.0 59.0 60.0 
60.0 60.0 60.0 61.0 
61.0 60.0 61.0 60.0 
69.0 60.0 63.0 65.0 
60.0 59.0 59.0 59.0 
60.0 59.0 60.0 61.0 
61.0 60.0 60.0 61.0 
68.0 59.0 64.0 66.0 
60.0 59.0 59.0 59.0 
60.0 59.0 61.0 61.0 
61.0 60.0 60.0 60.0 
69.0 59.0 64.0 65.0 
60.0 58.0 59.0 60.0 
60.0 59.0 61.0 61.0 
61.0 60.0 60.0 61.0 
68.0 60.0 64.0 66.0 
60.0 59.0 59.0 60.0 
61.0 59.0 61.0 61.0 
61.0 60.0 61.0 60.0 
68.0 59.0 64.0 65.0 
60.0 58.0 59.0 59.0 
60.0 59.0 61.0 61.0 
61.0 60.0 60.0 60.0 
69.0 60.0 64.0 66.0 
60.0 58.0 59.0 59.0 
59.0 59.0 61.0 61.0 
61.0 60.0 61.0 61.0 
69.0 60.0 64.0 65.0 
61.0 60.0 60.0 60.0 
60.0 59.0 60.0 61.0 
61.0 60.0 60.0 61.0 
66.0 59.0 63.0 65.0 
60.0 58.0 59.0 60.0 
60.0 59.0 61.0 61.0 
61.0 60.0 60.0 61.0 
68.0 59.0 63.0 66.0 
60.0 59.0 59.0 59.0 
60.0 59.0 60.0 61.0 
61.0 60.0 60.0 61.0 
69.0 59.0 63.0 65.0 
60.0 58.0 60.0 60.0 
60.0 58.0 61.0 61.0 
60.0 60.0 60.0 60.0 
68.0 59.0 64.0 65.0 
59.0 59.0 59.0 59.0 
60.0 59.0 60.0 60.0 
60.0 60.0 60.0 61.0 
68.0 60.0 64.0 65.0 
60.0 59.0 60.0 60.0 
60.0 58.0 61.0 61.0 
61.0 60.0 60.0 61.0 
66.0 59.0 64.0 65.0 
60.0 59.0 60.0 60.0 
60.0 61.0 60.0 61.0 
61.0 60.0 61.0 60.0 
67.0 60.0 63.0 65.0 
60.0 59.0 59.0 60.0 
59.0 59.0 60.0 61.0 
61.0 60.0 60.0 60.0 
66.0 60.0 64.0 66.0 
60.0 58.0 59.0 60.0 
60.0 60.0 60.0 61.0 
61.0 60.0 60.0 60.0 
66.0 59.0 63.0 66.0 
60.0 59.0 59.0 60.0 
60.0 59.0 60.0 61.0 
61.0 60.0 60.0 60.0 
66.0 59.0 64.0 65.0 
60.0 59.0 60.0 60.0 
60.0 59.0 60.0 61.0 
61.0 60.0 61.0 60.0 
64.0 59.0 63.0 65.0 
60.0 59.0 59.0 59.0 
59.0 59.0 60.0 61.0 
61.0 61.0 60.0 60.0 
64.0 59.0 63.0 65.0 
60.0 58.0 60.0 60.0 
60.0 59.0 60.0 61.0 
61.0 59.0 60.0 60.0 
66.0 60.0 64.0 65.0 
60.0 59.0 59.0 60.0 
60.0 60.0 60.0 61.0 
61.0 60.0 61.0 60.0 
65.0 60.0 64.0 66.0 
60.0 59.0 60.0 59.0 
61.0 60.0 59.0 61.0 
61.0 60.0 61.0 60.0 
65.0 59.0 63.0 65.0 
60.0 58.0 60.0 59.0 
60.0 59.0 60.0 61.0 
61.0 60.0 60.0 60.0 
64.0 60.0 63.0 66.0 
60.0 59.0 60.0 60.0 
60.0 59.0 60.0 61.0 
61.0 60.0 60.0 61.0 
66.0 60.0 63.0 66.0 
60.0 59.0 60.0 60.0 
60.0 59.0 60.0 61.0 
62.0 61.0 61.0 60.0 
66.0 60.0 63.0 66.0 
60.0 59.0 60.0 59.0 
60.0 59.0 60.0 61.0 
61.0 60.0 61.0 60.0 
66.0 59.0 63.0 65.0 
60.0 59.0 59.0 59.0 
60.0 59.0 60.0 60.0 
61.0 60.0 60.0 60.0 
66.0 59.0 64.0 65.0 
60.0 59.0 59.0 60.0 
60.0 59.0 60.0 61.0 
61.0 60.0 60.0 61.0 
66.0 60.0 64.0 65.0 
60.0 59.0 59.0 60.0 
60.0 59.0 60.0 60.0 
61.0 60.0 60.0 60.0 
69.0 60.0 64.0 65.0 
60.0 59.0 60.0 60.0 
60.0 60.0 60.0 61.0 
61.0 59.0 61.0 60.0 
69.0 60.0 63.0 65.0 
60.0 59.0 59.0 60.0 
60.0 59.0 60.0 60.0 
61.0 60.0 61.0 61.0 
69.0 60.0 63.0 65.0 
60.0 59.0 59.0 60.0 
60.0 59.0 61.0 61.0 
61.0 60.0 61.0 61.0 
68.0 60.0 63.0 66.0 
60.0 59.0 60.0 59.0 
60.0 59.0 61.0 61.0 
60.0 60.0 61.0 60.0 
68.0 59.0 63.0 65.0 
60.0 59.0 59.0 60.0 
60.0 59.0 61.0 61.0 
61.0 60.0 60.0 60.0 
68.0 60.0 63.0 66.0 
60.0 59.0 59.0 60.0 
60.0 59.0 61.0 61.0 
61.0 60.0 61.0 60.0 
67.0 59.0 63.0 65.0 
59.0 59.0 60.0 60.0 
60.0 59.0 60.0 61.0 
60.0 60.0 60.0 61.0 
67.0 60.0 64.0 64.0 
60.0 59.0 59.0 59.0 
60.0 60.0 60.0 61.0 
61.0 60.0 60.0 61.0 
66.0 60.0 63.0 65.0 
60.0 59.0 59.0 61.0 
60.0 60.0 60.0 61.0 
61.0 60.0 61.0 60.0 
67.0 59.0 64.0 65.0 
60.0 59.0 59.0 60.0 
60.0 59.0 60.0 61.0 
61.0 60.0 60.0 61.0 
70.0 59.0 64.0 66.0 
60.0 58.0 59.0 60.0 
59.0 60.0 61.0 61.0 
61.0 60.0 60.0 61.0 
66.0 60.0 64.0 65.0 
59.0 59.0 59.0 60.0 
61.0 59.0 60.0 61.0 
61.0 60.0 60.0 61.0 
66.0 60.0 64.0 65.0 
60.0 59.0 59.0 59.0 
60.0 60.0 60.0 61.0 
61.0 60.0 60.0 60.0 
66.0 59.0 63.0 65.0 
60.0 58.0 59.0 59.0 
60.0 60.0 60.0 61.0 
61.0 60.0 60.0 60.0 
67.0 59.0 64.0 65.0 
60.0 59.0 60.0 60.0 
61.0 59.0 60.0 61.0 
61.0 60.0 60.0 61.0 
65.0 60.0 64.0 65.0 
59.0 60.0 59.0 60.0 
61.0 60.0 60.0 60.0 
61.0 60.0 61.0 61.0 
66.0 60.0 64.0 64.0 
59.0 59.0 60.0 60.0 
61.0 60.0 60.0 60.0 
61.0 60.0 60.0 61.0 
67.0 60.0 63.0 65.0 
60.0 59.0 59.0 60.0 
60.0 59.0 61.0 60.0 
61.0 60.0 60.0 62.0 
66.0 60.0 63.0 65.0 
60.0 59.0 60.0 59.0 
60.0 60.0 60.0 61.0 
61.0 61.0 61.0 61.0 
67.0 60.0 64.0 65.0 
60.0 59.0 59.0 60.0 
60.0 59.0 60.0 61.0 
61.0 60.0 61.0 61.0 
68.0 59.0 64.0 65.0 
60.0 59.0 59.0 60.0 
60.0 59.0 61.0 61.0 
61.0 60.0 60.0 60.0 
67.0 59.0 64.0 65.0 
60.0 59.0 60.0 59.0 
60.0 60.0 60.0 61.0 
61.0 60.0 60.0 60.0 
65.0 60.0 64.0 65.0 
60.0 57.0 60.0 60.0 
60.0 60.0 60.0 61.0 
61.0 60.0 61.0 61.0 
65.0 60.0 63.0 65.0 
60.0 59.0 60.0 60.0 
60.0 59.0 60.0 61.0 
60.0 60.0 61.0 60.0 
65.0 60.0 64.0 64.0 
60.0 59.0 59.0 60.0 
60.0 60.0 60.0 61.0 
61.0 60.0 60.0 61.0 
66.0 60.0 64.0 64.0 
60.0 59.0 59.0 60.0 
60.0 59.0 60.0 61.0 
61.0 60.0 61.0 60.0 
66.0 60.0 63.0 64.0 
61.0 59.0 59.0 60.0 
60.0 60.0 60.0 61.0 
61.0 60.0 61.0 61.0 
65.0 59.0 64.0 64.0 
60.0 59.0 60.0 60.0 
60.0 60.0 60.0 61.0 
61.0 60.0 59.0 61.0 
66.0 59.0 64.0 65.0 
60.0 59.0 59.0 60.0 
61.0 60.0 60.0 61.0 
61.0 60.0 59.0 60.0 
65.0 60.0 64.0 64.0 
59.0 58.0 59.0 59.0 
60.0 59.0 60.0 61.0 
61.0 60.0 60.0 60.0 
66.0 60.0 64.0 65.0 
60.0 59.0 59.0 60.0 
60.0 59.0 60.0 61.0 
61.0 60.0 61.0 61.0 
65.0 60.0 65.0 65.0 
60.0 59.0 59.0 60.0 
61.0 59.0 60.0 61.0 
61.0 60.0 61.0 61.0 
66.0 60.0 64.0 65.0 
60.0 58.0 59.0 60.0 
60.0 61.0 61.0 61.0 
60.0 61.0 60.0 60.0 
67.0 60.0 64.0 64.0 
59.0 58.0 59.0 60.0 
60.0 59.0 60.0 61.0 
61.0 60.0 60.0 60.0 
67.0 59.0 64.0 64.0 
59.0 59.0 59.0 60.0 
60.0 59.0 60.0 61.0 
61.0 60.0 60.0 61.0 
66.0 60.0 64.0 65.0 
60.0 59.0 59.0 60.0 
60.0 59.0 60.0 61.0 
61.0 60.0 61.0 60.0 
67.0 59.0 64.0 65.0 
60.0 59.0 60.0 60.0 
61.0 59.0 60.0 61.0 
61.0 60.0 60.0 61.0 
67.0 60.0 65.0 66.0 
59.0 59.0 60.0 60.0 
59.0 60.0 59.0 61.0 
61.0 60.0 60.0 61.0 
66.0 59.0 65.0 65.0 
60.0 58.0 59.0 60.0 
60.0 59.0 60.0 61.0 
61.0 60.0 61.0 60.0 
65.0 60.0 64.0 66.0 
60.0 59.0 59.0 60.0 
59.0 60.0 60.0 61.0 
61.0 60.0 61.0 61.0 
68.0 60.0 65.0 65.0 
60.0 58.0 60.0 59.0 
60.0 60.0 61.0 61.0 
62.0 60.0 61.0 60.0 
67.0 60.0 65.0 66.0 
60.0 60.0 60.0 60.0 
60.0 59.0 60.0 61.0 
60.0 60.0 60.0 60.0 
67.0 60.0 65.0 65.0 
60.0 59.0 59.0 59.0 
60.0 60.0 60.0 61.0 
61.0 60.0 61.0 60.0 
66.0 59.0 65.0 65.0 
59.0 60.0 59.0 59.0 
61.0 59.0 60.0 62.0 
60.0 60.0 60.0 60.0 
68.0 60.0 64.0 65.0 
59.0 59.0 58.0 60.0 
60.0 59.0 61.0 61.0 
61.0 60.0 61.0 60.0 
68.0 60.0 65.0 65.0 
60.0 59.0 59.0 59.0 
60.0 60.0 60.0 61.0 
61.0 60.0 61.0 61.0 
69.0 60.0 65.0 65.0 
59.0 59.0 59.0 60.0 
60.0 59.0 60.0 61.0 
61.0 60.0 60.0 60.0 
68.0 59.0 65.0 66.0 
60.0 59.0 59.0 59.0 
60.0 60.0 60.0 61.0 
61.0 60.0 60.0 60.0 
67.0 60.0 64.0 66.0 
61.0 59.0 60.0 60.0 
60.0 60.0 60.0 61.0 
61.0 60.0 61.0 60.0 
66.0 60.0 64.0 65.0 
60.0 59.0 59.0 60.0 
60.0 59.0 59.0 61.0 
61.0 60.0 61.0 61.0 
67.0 59.0 64.0 66.0 
60.0 59.0 59.0 60.0 
60.0 60.0 60.0 61.0 
61.0 60.0 60.0 60.0 
68.0 60.0 64.0 66.0 
60.0 60.0 60.0 59.0 
60.0 59.0 61.0 61.0 
61.0 60.0 61.0 60.0 
67.0 60.0 65.0 66.0 
60.0 59.0 60.0 59.0 
59.0 59.0 60.0 61.0 
61.0 60.0 60.0 60.0 
67.0 60.0 64.0 66.0 
60.0 59.0 60.0 59.0 
60.0 59.0 60.0 61.0 
61.0 60.0 60.0 61.0 
68.0 60.0 64.0 66.0 
60.0 59.0 59.0 60.0 
60.0 59.0 60.0 61.0 
61.0 60.0 61.0 60.0 
67.0 59.0 64.0 66.0 
59.0 59.0 59.0 59.0 
60.0 60.0 60.0 61.0 
61.0 60.0 60.0 59.0 
66.0 60.0 64.0 66.0 
60.0 59.0 59.0 60.0 
60.0 59.0 60.0 61.0 
61.0 60.0 61.0 60.0 
67.0 59.0 65.0 66.0 
60.0 59.0 60.0 60.0 
60.0 60.0 60.0 61.0 
61.0 60.0 60.0 60.0 
66.0 59.0 65.0 66.0 
60.0 59.0 59.0 60.0 
60.0 59.0 60.0 61.0 
61.0 60.0 60.0 61.0 
66.0 60.0 65.0 66.0 
60.0 59.0 59.0 60.0 
60.0 59.0 60.0 61.0 
61.0 60.0 61.0 60.0 
66.0 60.0 66.0 66.0 
60.0 59.0 59.0 59.0 
60.0 59.0 60.0 61.0 
61.0 60.0 61.0 61.0 
66.0 60.0 65.0 65.0 
60.0 59.0 59.0 60.0 
60.0 59.0 60.0 61.0 
61.0 60.0 61.0 60.0 
66.0 60.0 65.0 65.0 
60.0 59.0 59.0 60.0 
60.0 59.0 60.0 61.0 
61.0 60.0 60.0 61.0 
66.0 59.0 65.0 65.0 
60.0 59.0 59.0 59.0 
61.0 60.0 60.0 61.0 
62.0 60.0 61.0 61.0 
66.0 59.0 65.0 66.0 
60.0 59.0 60.0 59.0 
59.0 60.0 60.0 61.0 
61.0 60.0 60.0 61.0 
66.0 60.0 65.0 65.0 
60.0 59.0 60.0 60.0 
59.0 59.0 60.0 61.0 
61.0 60.0 60.0 61.0 
66.0 59.0 65.0 65.0 
60.0 59.0 59.0 60.0 
60.0 59.0 60.0 61.0 
61.0 60.0 60.0 60.0 
66.0 60.0 65.0 65.0 
60.0 59.0 59.0 59.0 
60.0 60.0 60.0 61.0 
61.0 60.0 61.0 61.0 
67.0 59.0 65.0 65.0 
59.0 59.0 59.0 60.0 
60.0 59.0 59.0 62.0 
60.0 60.0 60.0 60.0 
67.0 60.0 65.0 65.0 
60.0 59.0 59.0 59.0 
60.0 59.0 60.0 61.0 
61.0 60.0 60.0 60.0 
67.0 60.0 65.0 66.0 
59.0 59.0 59.0 60.0 
60.0 59.0 59.0 61.0 
61.0 60.0 61.0 60.0 
67.0 59.0 65.0 65.0 
60.0 59.0 59.0 60.0 
60.0 60.0 60.0 61.0 
61.0 60.0 61.0 60.0 
67.0 60.0 65.0 65.0 
59.0 59.0 59.0 60.0 
60.0 60.0 60.0 61.0 
61.0 59.0 60.0 60.0 
67.0 59.0 64.0 66.0 
60.0 59.0 59.0 59.0 
59.0 59.0 60.0 61.0 
61.0 60.0 60.0 59.0 
68.0 59.0 65.0 65.0 
60.0 59.0 60.0 60.0 
59.0 60.0 61.0 61.0 
61.0 60.0 60.0 61.0 
67.0 60.0 65.0 66.0 
59.0 59.0 59.0 60.0 
60.0 60.0 60.0 61.0 
61.0 60.0 61.0 60.0 
68.0 60.0 64.0 66.0 
60.0 59.0 60.0 60.0 
62.0 59.0 61.0 61.0 
61.0 60.0 60.0 60.0 
67.0 60.0 64.0 67.0 
60.0 59.0 60.0 60.0 
61.0 59.0 60.0 61.0 
60.0 60.0 61.0 61.0 
67.0 60.0 65.0 65.0 
60.0 59.0 59.0 59.0 
60.0 59.0 60.0 62.0 
60.0 60.0 60.0 60.0 
67.0 60.0 65.0 66.0 
60.0 59.0 59.0 60.0 
60.0 59.0 60.0 61.0 
61.0 60.0 61.0 61.0 
67.0 60.0 64.0 65.0 
59.0 59.0 59.0 59.0 
61.0 59.0 59.0 61.0 
60.0 60.0 61.0 60.0 
67.0 59.0 65.0 65.0 
60.0 59.0 60.0 60.0 
60.0 60.0 60.0 61.0 
61.0 60.0 60.0 60.0 
66.0 60.0 64.0 66.0 
59.0 59.0 60.0 59.0 
60.0 59.0 60.0 61.0 
61.0 60.0 61.0 61.0 
67.0 60.0 65.0 66.0 
60.0 58.0 61.0 60.0 
60.0 59.0 60.0 61.0 
61.0 59.0 60.0 61.0 
67.0 60.0 64.0 66.0 
60.0 60.0 60.0 59.0 
60.0 60.0 60.0 61.0 
61.0 60.0 60.0 61.0 
66.0 60.0 64.0 66.0 
60.0 59.0 59.0 59.0 
60.0 59.0 60.0 61.0 
61.0 60.0 60.0 60.0 
67.0 59.0 64.0 65.0 
59.0 59.0 60.0 60.0 
60.0 59.0 60.0 61.0 
60.0 60.0 60.0 60.0 
66.0 59.0 64.0 66.0 
61.0 59.0 59.0 59.0 
60.0 60.0 59.0 61.0 
61.0 60.0 61.0 61.0 
65.0 60.0 64.0 66.0 
61.0 59.0 59.0 60.0 
60.0 60.0 60.0 61.0 
61.0 60.0 61.0 60.0 
66.0 60.0 65.0 66.0 
60.0 60.0 59.0 60.0 
61.0 59.0 60.0 61.0 
61.0 60.0 60.0 60.0 
66.0 59.0 65.0 65.0 
60.0 59.0 59.0 60.0 
60.0 59.0 60.0 61.0 
61.0 60.0 61.0 60.0 
66.0 59.0 65.0 65.0 
60.0 59.0 60.0 60.0 
60.0 59.0 60.0 61.0 
61.0 60.0 60.0 62.0 
66.0 60.0 65.0 67.0 
60.0 59.0 59.0 60.0 
60.0 60.0 59.0 61.0 
61.0 60.0 61.0 60.0 
66.0 59.0 64.0 65.0 
60.0 59.0 59.0 60.0 
60.0 60.0 60.0 61.0 
61.0 60.0 60.0 60.0 
66.0 60.0 65.0 65.0 
60.0 59.0 59.0 59.0 
61.0 59.0 61.0 61.0 
61.0 60.0 60.0 61.0 
65.0 59.0 65.0 66.0 
60.0 59.0 60.0 59.0 
60.0 59.0 60.0 61.0 
61.0 60.0 59.0 61.0 
66.0 59.0 65.0 65.0 
60.0 59.0 59.0 59.0 
60.0 60.0 60.0 61.0 
62.0 60.0 61.0 60.0 
66.0 60.0 65.0 66.0 
60.0 59.0 60.0 60.0 
60.0 59.0 60.0 61.0 
62.0 60.0 61.0 60.0 
66.0 60.0 65.0 66.0 
60.0 59.0 59.0 60.0 
60.0 60.0 60.0 61.0 
60.0 59.0 61.0 61.0 
67.0 59.0 65.0 66.0 
60.0 59.0 59.0 59.0 
60.0 59.0 59.0 60.0 
61.0 60.0 61.0 60.0 
66.0 60.0 65.0 65.0 
60.0 59.0 60.0 59.0 
60.0 60.0 60.0 61.0 
61.0 60.0 61.0 60.0 
66.0 60.0 65.0 66.0 
60.0 59.0 59.0 59.0 
60.0 59.0 60.0 61.0 
61.0 60.0 60.0 61.0 
66.0 60.0 64.0 66.0 
60.0 59.0 60.0 60.0 
60.0 60.0 60.0 61.0 
61.0 60.0 61.0 60.0 
67.0 60.0 65.0 66.0 
60.0 59.0 59.0 60.0 
60.0 59.0 60.0 60.0 
61.0 60.0 60.0 60.0 
66.0 60.0 64.0 65.0 
60.0 59.0 59.0 59.0 
60.0 59.0 60.0 61.0 
61.0 60.0 61.0 60.0 
67.0 59.0 65.0 66.0 
60.0 59.0 59.0 60.0 
60.0 59.0 60.0 61.0 
61.0 60.0 61.0 60.0 
66.0 60.0 65.0 66.0 
60.0 59.0 59.0 59.0 
60.0 59.0 60.0 62.0 
61.0 60.0 60.0 61.0 
66.0 60.0 65.0 65.0 
60.0 59.0 59.0 60.0 
60.0 59.0 60.0 61.0 
61.0 60.0 60.0 61.0 
66.0 60.0 64.0 65.0 
59.0 58.0 60.0 60.0 
60.0 59.0 60.0 61.0 
61.0 60.0 61.0 60.0 
66.0 60.0 66.0 65.0 
60.0 59.0 59.0 60.0 
60.0 59.0 60.0 61.0 
62.0 60.0 61.0 61.0 
67.0 59.0 65.0 66.0 
60.0 59.0 60.0 59.0 
60.0 59.0 60.0 61.0 
62.0 60.0 60.0 60.0 
67.0 60.0 65.0 66.0 
60.0 58.0 59.0 60.0 
61.0 59.0 60.0 61.0 
61.0 60.0 61.0 60.0 
67.0 60.0 64.0 65.0 
60.0 59.0 59.0 60.0 
60.0 60.0 60.0 61.0 
61.0 60.0 61.0 60.0 
66.0 60.0 65.0 66.0 
59.0 59.0 60.0 59.0 
60.0 59.0 60.0 61.0 
61.0 60.0 61.0 60.0 
66.0 59.0 65.0 66.0 
60.0 59.0 60.0 59.0 
60.0 59.0 60.0 61.0 
62.0 60.0 60.0 60.0 
66.0 60.0 64.0 66.0 
60.0 59.0 59.0 60.0 
60.0 58.0 60.0 61.0 
60.0 60.0 60.0 61.0 
66.0 59.0 64.0 66.0 
59.0 59.0 60.0 59.0 
60.0 59.0 60.0 61.0 
60.0 60.0 61.0 60.0 
67.0 60.0 66.0 65.0 
59.0 59.0 58.0 59.0 
59.0 60.0 60.0 61.0 
61.0 60.0 60.0 60.0 
66.0 59.0 65.0 66.0 
60.0 59.0 59.0 60.0 
60.0 59.0 60.0 61.0 
61.0 59.0 60.0 61.0 
67.0 60.0 64.0 66.0 
60.0 59.0 59.0 60.0 
60.0 59.0 60.0 61.0 
61.0 60.0 62.0 60.0 
67.0 59.0 65.0 65.0 
59.0 59.0 59.0 60.0 
60.0 59.0 60.0 60.0 
61.0 60.0 61.0 60.0 
68.0 59.0 65.0 66.0 
61.0 59.0 59.0 60.0 
60.0 59.0 61.0 61.0 
61.0 60.0 60.0 60.0 
67.0 59.0 65.0 66.0 
59.0 59.0 59.0 60.0 
60.0 59.0 60.0 61.0 
61.0 60.0 60.0 60.0 
67.0 60.0 64.0 66.0 
60.0 59.0 59.0 60.0 
60.0 59.0 59.0 62.0 
61.0 60.0 61.0 61.0 
66.0 60.0 64.0 65.0 
60.0 59.0 59.0 59.0 
60.0 59.0 60.0 61.0 
60.0 60.0 61.0 60.0 
68.0 60.0 64.0 65.0 
60.0 59.0 60.0 59.0 
60.0 59.0 61.0 61.0 
61.0 60.0 60.0 61.0 
67.0 60.0 65.0 66.0 
60.0 59.0 59.0 59.0 
60.0 59.0 60.0 60.0 
61.0 60.0 61.0 60.0 
68.0 60.0 65.0 65.0 
59.0 59.0 59.0 60.0 
60.0 59.0 61.0 61.0 
61.0 60.0 60.0 60.0 
68.0 60.0 65.0 66.0 
59.0 59.0 59.0 60.0 
60.0 60.0 61.0 61.0 
61.0 60.0 60.0 60.0 
68.0 60.0 65.0 65.0 
60.0 58.0 60.0 60.0 
60.0 59.0 61.0 60.0 
60.0 60.0 60.0 60.0 
67.0 60.0 65.0 66.0 
59.0 60.0 59.0 60.0 
60.0 60.0 59.0 60.0 
61.0 60.0 61.0 61.0 
67.0 60.0 65.0 66.0 
60.0 59.0 59.0 60.0 
60.0 59.0 60.0 60.0 
60.0 60.0 60.0 61.0 
67.0 59.0 65.0 66.0 
60.0 59.0 59.0 60.0 
60.0 60.0 60.0 60.0 
61.0 60.0 60.0 61.0 
67.0 60.0 65.0 66.0 
59.0 59.0 60.0 60.0 
59.0 59.0 59.0 61.0 
61.0 60.0 61.0 61.0 
69.0 59.0 64.0 66.0 
60.0 58.0 60.0 59.0 
60.0 59.0 60.0 61.0 
60.0 60.0 60.0 61.0 
67.0 60.0 65.0 66.0 
60.0 59.0 59.0 60.0 
60.0 60.0 60.0 60.0 
60.0 60.0 60.0 61.0 
68.0 60.0 65.0 65.0 
60.0 59.0 59.0 60.0 
60.0 59.0 60.0 60.0 
61.0 60.0 61.0 60.0 
68.0 59.0 64.0 67.0 
60.0 59.0 60.0 60.0 
60.0 60.0 61.0 61.0 
61.0 60.0 60.0 61.0 
67.0 59.0 66.0 65.0 
60.0 59.0 60.0 60.0 
60.0 59.0 60.0 61.0 
61.0 60.0 61.0 61.0 
66.0 61.0 64.0 65.0 
59.0 59.0 60.0 60.0 
59.0 59.0 60.0 61.0 
61.0 60.0 61.0 61.0 
67.0 60.0 64.0 65.0 
59.0 59.0 59.0 60.0 
60.0 59.0 59.0 61.0 
61.0 60.0 61.0 60.0 
67.0 60.0 65.0 65.0 
60.0 59.0 59.0 60.0 
59.0 59.0 60.0 61.0 
61.0 60.0 61.0 61.0 
66.0 60.0 64.0 65.0 
60.0 58.0 59.0 60.0 
61.0 59.0 60.0 60.0 
61.0 60.0 61.0 60.0 
66.0 59.0 64.0 65.0 
60.0 59.0 59.0 60.0 
60.0 59.0 60.0 60.0 
61.0 60.0 60.0 61.0 
67.0 59.0 64.0 65.0 
60.0 59.0 60.0 59.0 
59.0 60.0 60.0 61.0 
61.0 60.0 61.0 60.0 
68.0 60.0 65.0 65.0 
59.0 59.0 59.0 59.0 
60.0 59.0 60.0 61.0 
61.0 60.0 61.0 60.0 
68.0 60.0 64.0 65.0 
59.0 59.0 59.0 60.0 
60.0 60.0 61.0 61.0 
60.0 60.0 61.0 61.0 
67.0 59.0 64.0 66.0 
59.0 58.0 59.0 60.0 
60.0 59.0 60.0 61.0 
61.0 60.0 60.0 60.0 
68.0 60.0 64.0 66.0 
59.0 60.0 60.0 60.0 
60.0 59.0 60.0 61.0 
61.0 60.0 60.0 61.0 
68.0 59.0 65.0 64.0 
60.0 58.0 59.0 59.0 
59.0 59.0 60.0 60.0 
62.0 60.0 62.0 60.0 
67.0 60.0 64.0 66.0 
60.0 59.0 59.0 60.0 
60.0 59.0 60.0 60.0 
60.0 60.0 60.0 61.0 
68.0 59.0 64.0 65.0 
60.0 58.0 59.0 59.0 
60.0 59.0 60.0 61.0 
60.0 61.0 60.0 60.0 
68.0 59.0 64.0 66.0 
59.0 59.0 59.0 60.0 
59.0 61.0 60.0 61.0 
62.0 60.0 61.0 60.0 
69.0 60.0 64.0 66.0 
60.0 59.0 60.0 59.0 
60.0 59.0 61.0 61.0 
61.0 60.0 61.0 60.0 
67.0 60.0 64.0 66.0 
60.0 59.0 59.0 60.0 
60.0 59.0 60.0 61.0 
60.0 60.0 61.0 61.0 
68.0 60.0 65.0 66.0 
60.0 59.0 59.0 60.0 
60.0 59.0 61.0 60.0 
61.0 60.0 61.0 60.0 
66.0 59.0 65.0 65.0 
60.0 58.0 59.0 61.0 
59.0 60.0 60.0 61.0 
61.0 60.0 60.0 60.0 
67.0 60.0 64.0 65.0 
59.0 59.0 59.0 60.0 
60.0 59.0 60.0 60.0 
61.0 60.0 60.0 61.0 
68.0 59.0 64.0 65.0 
60.0 59.0 59.0 60.0 
59.0 59.0 60.0 60.0 
61.0 60.0 61.0 60.0 
68.0 59.0 64.0 65.0 
60.0 58.0 59.0 59.0 
60.0 60.0 60.0 61.0 
62.0 60.0 60.0 60.0 
67.0 60.0 64.0 66.0 
60.0 58.0 60.0 60.0 
60.0 60.0 60.0 60.0 
61.0 60.0 61.0 60.0 
69.0 60.0 65.0 66.0 
59.0 59.0 59.0 59.0 
59.0 59.0 60.0 60.0 
61.0 60.0 60.0 59.0 
68.0 60.0 65.0 65.0 
60.0 59.0 59.0 60.0 
59.0 59.0 62.0 60.0 
61.0 60.0 61.0 61.0 
67.0 60.0 64.0 66.0 
59.0 59.0 59.0 59.0 
60.0 59.0 60.0 61.0 
60.0 60.0 61.0 60.0 
68.0 59.0 65.0 66.0 
60.0 59.0 59.0 59.0 
60.0 60.0 60.0 61.0 
61.0 60.0 60.0 60.0 
68.0 59.0 64.0 65.0 
60.0 58.0 59.0 61.0 
60.0 59.0 60.0 61.0 
61.0 60.0 60.0 60.0 
69.0 60.0 65.0 65.0 
60.0 59.0 59.0 60.0 
60.0 59.0 61.0 61.0 
61.0 61.0 60.0 61.0 
68.0 60.0 65.0 66.0 
60.0 59.0 59.0 59.0 
60.0 59.0 60.0 61.0 
61.0 60.0 61.0 61.0 
69.0 60.0 65.0 66.0 
60.0 59.0 59.0 59.0 
59.0 60.0 60.0 60.0 
61.0 60.0 61.0 60.0 
70.0 59.0 64.0 66.0 
59.0 59.0 59.0 60.0 
60.0 59.0 60.0 61.0 
61.0 60.0 60.0 60.0 
69.0 60.0 65.0 67.0 
60.0 59.0 60.0 60.0 
60.0 60.0 60.0 61.0 
61.0 60.0 61.0 60.0 
68.0 60.0 65.0 65.0 
60.0 59.0 59.0 60.0 
60.0 59.0 60.0 61.0 
61.0 60.0 61.0 60.0 
69.0 60.0 64.0 66.0 
60.0 59.0 59.0 60.0 
60.0 59.0 61.0 61.0 
61.0 60.0 61.0 60.0 
69.0 59.0 65.0 66.0 
60.0 59.0 60.0 59.0 
60.0 59.0 60.0 61.0 
61.0 60.0 60.0 60.0 
69.0 60.0 64.0 66.0 
60.0 59.0 59.0 60.0 
60.0 59.0 61.0 61.0 
61.0 60.0 60.0 61.0 
69.0 60.0 65.0 66.0 
59.0 59.0 59.0 59.0 
60.0 59.0 61.0 60.0 
60.0 60.0 61.0 60.0 
70.0 60.0 65.0 67.0 
59.0 58.0 60.0 60.0 
59.0 60.0 60.0 61.0 
61.0 60.0 61.0 61.0 
71.0 59.0 65.0 66.0 
60.0 59.0 60.0 59.0 
60.0 59.0 60.0 61.0 
61.0 60.0 60.0 60.0 
70.0 60.0 65.0 65.0 
60.0 58.0 59.0 60.0 
60.0 58.0 61.0 61.0 
62.0 60.0 61.0 61.0 
70.0 59.0 65.0 66.0 
60.0 59.0 59.0 59.0 
60.0 59.0 61.0 61.0 
61.0 60.0 60.0 60.0 
70.0 59.0 64.0 66.0 
59.0 59.0 60.0 60.0 
60.0 59.0 60.0 60.0 
61.0 59.0 60.0 61.0 
71.0 60.0 64.0 66.0 
59.0 59.0 59.0 59.0 
60.0 59.0 61.0 60.0 
61.0 60.0 60.0 60.0 
70.0 61.0 65.0 66.0 
60.0 59.0 59.0 60.0 
60.0 59.0 61.0 61.0 
60.0 60.0 61.0 61.0 
71.0 60.0 64.0 66.0 
60.0 58.0 59.0 60.0 
59.0 59.0 61.0 61.0 
62.0 60.0 60.0 61.0 
70.0 60.0 64.0 66.0 
60.0 58.0 60.0 59.0 
60.0 59.0 60.0 61.0 
61.0 60.0 60.0 60.0 
72.0 60.0 65.0 67.0 
60.0 58.0 60.0 59.0 
59.0 59.0 60.0 61.0 
61.0 60.0 61.0 60.0 
72.0 60.0 65.0 66.0 
60.0 58.0 59.0 60.0 
59.0 59.0 59.0 60.0 
61.0 60.0 60.0 60.0 
71.0 60.0 64.0 66.0 
59.0 59.0 59.0 60.0 
60.0 58.0 61.0 61.0 
60.0 60.0 60.0 61.0 
71.0 59.0 64.0 66.0 
60.0 59.0 60.0 60.0 
60.0 59.0 60.0 61.0 
61.0 60.0 60.0 60.0 
71.0 60.0 65.0 66.0 
59.0 59.0 59.0 60.0 
59.0 59.0 60.0 60.0 
60.0 60.0 61.0 60.0 
70.0 60.0 64.0 66.0 
60.0 58.0 59.0 60.0 
60.0 59.0 60.0 61.0 
61.0 60.0 60.0 61.0 
71.0 59.0 64.0 66.0 
60.0 58.0 59.0 59.0 
60.0 59.0 60.0 60.0 
60.0 60.0 60.0 60.0 
71.0 59.0 65.0 66.0 
60.0 59.0 59.0 60.0 
60.0 60.0 61.0 61.0 
61.0 60.0 60.0 60.0 
72.0 59.0 64.0 65.0 
60.0 59.0 59.0 59.0 
60.0 60.0 60.0 61.0 
61.0 60.0 60.0 60.0 
72.0 59.0 65.0 66.0 
59.0 59.0 60.0 60.0 
60.0 59.0 60.0 60.0 
60.0 59.0 60.0 60.0 
71.0 60.0 65.0 66.0 
60.0 59.0 59.0 60.0 
60.0 59.0 61.0 61.0 
61.0 60.0 60.0 60.0 
71.0 60.0 64.0 66.0 
59.0 59.0 59.0 60.0 
60.0 59.0 60.0 61.0 
60.0 60.0 60.0 60.0 
71.0 59.0 63.0 66.0 
59.0 59.0 60.0 59.0 
60.0 59.0 60.0 61.0 
61.0 60.0 60.0 61.0 
70.0 60.0 64.0 67.0 
60.0 59.0 59.0 60.0 
60.0 59.0 60.0 61.0 
61.0 60.0 60.0 60.0 
69.0 59.0 63.0 65.0 
60.0 59.0 59.0 59.0 
60.0 59.0 60.0 61.0 
61.0 60.0 60.0 61.0 
70.0 59.0 64.0 66.0 
60.0 59.0 60.0 59.0 
60.0 59.0 61.0 60.0 
60.0 60.0 62.0 61.0 
71.0 60.0 64.0 66.0 
60.0 59.0 60.0 60.0 
60.0 59.0 60.0 60.0 
61.0 60.0 61.0 61.0 
70.0 60.0 64.0 66.0 
59.0 59.0 59.0 60.0 
60.0 59.0 61.0 60.0 
61.0 60.0 61.0 60.0 
70.0 60.0 64.0 66.0 
60.0 59.0 60.0 59.0 
61.0 59.0 60.0 61.0 
61.0 61.0 61.0 61.0 
70.0 60.0 64.0 64.0 
59.0 59.0 59.0 60.0 
60.0 59.0 60.0 61.0 
61.0 59.0 61.0 61.0 
70.0 60.0 64.0 66.0 
60.0 59.0 59.0 59.0 
60.0 59.0 60.0 61.0 
61.0 60.0 61.0 60.0 
69.0 59.0 64.0 66.0 
60.0 59.0 60.0 59.0 
60.0 59.0 61.0 61.0 
61.0 60.0 60.0 60.0 
69.0 60.0 64.0 65.0 
60.0 58.0 59.0 59.0 
60.0 59.0 60.0 61.0 
61.0 60.0 61.0 60.0 
69.0 60.0 64.0 66.0 
59.0 59.0 59.0 59.0 
59.0 60.0 60.0 61.0 
61.0 60.0 61.0 60.0 
71.0 60.0 64.0 65.0 
60.0 58.0 59.0 60.0 
60.0 60.0 60.0 61.0 
61.0 60.0 61.0 60.0 
70.0 60.0 65.0 65.0 
60.0 59.0 59.0 59.0 
60.0 59.0 61.0 61.0 
61.0 60.0 60.0 60.0 
69.0 60.0 64.0 65.0 
59.0 59.0 60.0 60.0 
60.0 58.0 61.0 61.0 
61.0 60.0 60.0 60.0 
69.0 60.0 64.0 66.0 
61.0 59.0 59.0 60.0 
60.0 59.0 61.0 60.0 
61.0 60.0 60.0 61.0 
69.0 60.0 65.0 66.0 
60.0 59.0 59.0 59.0 
61.0 59.0 61.0 61.0 
61.0 60.0 61.0 60.0 
68.0 59.0 64.0 65.0 
60.0 59.0 60.0 59.0 
60.0 59.0 60.0 61.0 
61.0 60.0 60.0 60.0 
69.0 60.0 65.0 66.0 
59.0 59.0 59.0 60.0 
60.0 60.0 62.0 61.0 
61.0 60.0 60.0 60.0 
69.0 59.0 64.0 66.0 
60.0 59.0 59.0 59.0 
61.0 60.0 59.0 61.0 
61.0 59.0 60.0 60.0 
70.0 59.0 64.0 66.0 
59.0 58.0 59.0 59.0 
60.0 59.0 60.0 61.0 
61.0 60.0 60.0 60.0 
68.0 59.0 64.0 65.0 
60.0 59.0 59.0 60.0 
60.0 59.0 61.0 60.0 
61.0 60.0 60.0 60.0 
69.0 59.0 65.0 65.0 
60.0 59.0 59.0 61.0 
60.0 59.0 61.0 61.0 
61.0 60.0 60.0 60.0 
69.0 60.0 65.0 65.0 
59.0 59.0 59.0 60.0 
60.0 59.0 61.0 61.0 
61.0 60.0 61.0 60.0 
68.0 60.0 64.0 65.0 
59.0 59.0 60.0 60.0 
60.0 60.0 60.0 61.0 
61.0 60.0 61.0 61.0 
68.0 60.0 65.0 66.0 
60.0 59.0 59.0 59.0 
60.0 59.0 61.0 61.0 
61.0 60.0 61.0 60.0 
68.0 59.0 65.0 67.0 
60.0 59.0 59.0 60.0 
60.0 59.0 60.0 61.0 
60.0 60.0 60.0 61.0 
68.0 60.0 64.0 65.0 
60.0 58.0 59.0 59.0 
60.0 59.0 60.0 61.0 
61.0 60.0 61.0 60.0 
69.0 59.0 65.0 66.0 
60.0 59.0 60.0 60.0 
60.0 60.0 60.0 61.0 
61.0 60.0 60.0 60.0 
69.0 60.0 65.0 67.0 
60.0 59.0 59.0 60.0 
59.0 58.0 61.0 60.0 
61.0 61.0 61.0 60.0 
70.0 59.0 66.0 67.0 
59.0 58.0 59.0 59.0 
60.0 59.0 60.0 61.0 
61.0 60.0 60.0 60.0 
70.0 60.0 65.0 67.0 
60.0 59.0 59.0 60.0 
60.0 60.0 60.0 61.0 
61.0 59.0 61.0 60.0 
70.0 60.0 65.0 66.0 
59.0 58.0 59.0 60.0 
59.0 59.0 61.0 61.0 
61.0 60.0 61.0 60.0 
70.0 60.0 65.0 66.0 
60.0 59.0 60.0 59.0 
60.0 59.0 60.0 60.0 
60.0 59.0 61.0 60.0 
70.0 60.0 65.0 66.0 
60.0 59.0 60.0 59.0 
60.0 59.0 60.0 61.0 
60.0 60.0 60.0 60.0 
70.0 60.0 65.0 66.0 
59.0 59.0 59.0 60.0 
60.0 61.0 60.0 61.0 
60.0 60.0 60.0 60.0 
71.0 60.0 65.0 67.0 
60.0 59.0 59.0 60.0 
60.0 59.0 60.0 61.0 
61.0 60.0 61.0 60.0 
72.0 59.0 66.0 67.0 
59.0 59.0 59.0 60.0 
59.0 59.0 60.0 60.0 
60.0 60.0 60.0 60.0 
72.0 60.0 65.0 67.0 
59.0 59.0 59.0 60.0 
60.0 59.0 60.0 61.0 
61.0 60.0 61.0 60.0 
72.0 59.0 65.0 67.0 
60.0 59.0 59.0 59.0 
60.0 59.0 60.0 61.0 
61.0 60.0 60.0 60.0 
71.0 60.0 65.0 67.0 
60.0 58.0 59.0 59.0 
60.0 59.0 61.0 61.0 
61.0 60.0 61.0 60.0 
72.0 61.0 65.0 67.0 
60.0 59.0 59.0 59.0 
60.0 59.0 61.0 61.0 
61.0 60.0 61.0 60.0 
73.0 60.0 65.0 67.0 
59.0 59.0 59.0 59.0 
59.0 59.0 60.0 61.0 
60.0 60.0 60.0 59.0 
72.0 61.0 65.0 66.0 
59.0 59.0 59.0 60.0 
60.0 60.0 60.0 61.0 
61.0 60.0 60.0 60.0 
73.0 60.0 65.0 66.0 
60.0 58.0 59.0 60.0 
60.0 59.0 60.0 61.0 
60.0 60.0 61.0 60.0 
72.0 60.0 65.0 67.0 
59.0 59.0 59.0 60.0 
59.0 59.0 60.0 61.0 
60.0 60.0 61.0 60.0 
72.0 59.0 65.0 67.0 
60.0 58.0 59.0 59.0 
60.0 59.0 60.0 61.0 
61.0 60.0 59.0 60.0 
71.0 60.0 65.0 66.0 
60.0 59.0 59.0 59.0 
60.0 59.0 60.0 61.0 
61.0 61.0 60.0 61.0 
71.0 60.0 65.0 66.0 
59.0 59.0 59.0 60.0 
60.0 58.0 61.0 61.0 
61.0 60.0 60.0 61.0 
71.0 60.0 65.0 66.0 
59.0 59.0 59.0 60.0 
60.0 59.0 60.0 62.0 
61.0 60.0 61.0 61.0 
72.0 59.0 65.0 66.0 
60.0 59.0 59.0 60.0 
60.0 59.0 60.0 61.0 
61.0 60.0 60.0 60.0 
71.0 60.0 66.0 67.0 
59.0 58.0 59.0 59.0 
60.0 61.0 60.0 61.0 
60.0 60.0 61.0 60.0 
72.0 60.0 65.0 67.0 
59.0 59.0 60.0 59.0 
60.0 59.0 61.0 61.0 
61.0 60.0 60.0 61.0 
72.0 59.0 65.0 67.0 
60.0 59.0 60.0 60.0 
60.0 59.0 60.0 61.0 
61.0 60.0 60.0 60.0 
72.0 60.0 65.0 66.0 
59.0 59.0 59.0 60.0 
60.0 59.0 61.0 61.0 
61.0 60.0 61.0 60.0 
71.0 59.0 65.0 68.0 
60.0 59.0 60.0 59.0 
59.0 59.0 60.0 61.0 
61.0 60.0 60.0 61.0 
72.0 60.0 65.0 66.0 
60.0 58.0 59.0 61.0 
60.0 60.0 59.0 61.0 
61.0 60.0 61.0 60.0 
71.0 59.0 65.0 66.0 
59.0 59.0 59.0 59.0 
59.0 59.0 61.0 61.0 
61.0 60.0 60.0 60.0 
71.0 60.0 65.0 67.0 
60.0 60.0 59.0 60.0 
61.0 59.0 60.0 61.0 
60.0 60.0 60.0 61.0 
71.0 60.0 65.0 67.0 
60.0 59.0 60.0 60.0 
59.0 60.0 60.0 61.0 
60.0 60.0 60.0 60.0 
70.0 60.0 65.0 67.0 
60.0 60.0 59.0 60.0 
60.0 60.0 61.0 60.0 
60.0 59.0 61.0 61.0 
70.0 59.0 65.0 66.0 
60.0 59.0 59.0 60.0 
60.0 59.0 61.0 61.0 
60.0 60.0 60.0 60.0 
71.0 60.0 65.0 66.0 
59.0 59.0 60.0 59.0 
60.0 60.0 60.0 61.0 
60.0 60.0 61.0 60.0 
70.0 60.0 65.0 66.0 
59.0 59.0 59.0 59.0 
60.0 60.0 60.0 61.0 
61.0 60.0 61.0 60.0 
70.0 60.0 65.0 67.0 
59.0 59.0 59.0 60.0 
60.0 60.0 60.0 61.0 
61.0 60.0 61.0 60.0 
69.0 60.0 65.0 67.0 
59.0 59.0 59.0 60.0 
61.0 60.0 60.0 61.0 
61.0 60.0 60.0 60.0 
69.0 60.0 65.0 67.0 
60.0 59.0 59.0 60.0 
60.0 59.0 61.0 61.0 
60.0 60.0 61.0 60.0 
70.0 60.0 65.0 66.0 
60.0 59.0 59.0 59.0 
60.0 60.0 60.0 60.0 
61.0 60.0 60.0 61.0 
70.0 60.0 65.0 66.0 
60.0 59.0 59.0 59.0 
60.0 59.0 61.0 61.0 
61.0 60.0 60.0 61.0 
70.0 59.0 65.0 67.0 
59.0 59.0 59.0 60.0 
61.0 59.0 61.0 61.0 
60.0 60.0 61.0 60.0 
71.0 59.0 65.0 67.0 
60.0 59.0 59.0 60.0 
60.0 59.0 60.0 61.0 
61.0 60.0 60.0 61.0 
70.0 59.0 65.0 66.0 
60.0 59.0 59.0 60.0 
60.0 59.0 60.0 60.0 
61.0 60.0 61.0 60.0 
70.0 60.0 65.0 67.0 
60.0 59.0 59.0 59.0 
60.0 59.0 60.0 60.0 
60.0 60.0 61.0 60.0 
70.0 60.0 65.0 66.0 
60.0 59.0 59.0 60.0 
60.0 59.0 60.0 61.0 
61.0 61.0 60.0 60.0 
69.0 59.0 65.0 66.0 
60.0 59.0 60.0 60.0 
60.0 59.0 62.0 60.0 
61.0 60.0 60.0 60.0 
70.0 60.0 65.0 66.0 
59.0 59.0 59.0 60.0 
60.0 60.0 60.0 61.0 
61.0 61.0 60.0 60.0 
70.0 60.0 65.0 66.0 
59.0 59.0 59.0 60.0 
59.0 59.0 60.0 61.0 
61.0 59.0 61.0 60.0 
70.0 59.0 65.0 67.0 
60.0 60.0 59.0 60.0 
60.0 59.0 60.0 60.0 
61.0 60.0 60.0 61.0 
70.0 60.0 65.0 66.0 
59.0 59.0 59.0 60.0 
59.0 60.0 60.0 61.0 
61.0 60.0 60.0 60.0 
69.0 60.0 65.0 66.0 
60.0 58.0 60.0 59.0 
59.0 59.0 61.0 61.0 
61.0 60.0 61.0 60.0 
69.0 59.0 65.0 67.0 
59.0 59.0 59.0 59.0 
59.0 60.0 61.0 61.0 
61.0 60.0 60.0 60.0 
68.0 59.0 65.0 66.0 
60.0 59.0 60.0 60.0 
60.0 57.0 61.0 61.0 
61.0 60.0 60.0 60.0 
69.0 60.0 64.0 66.0 
60.0 59.0 60.0 60.0 
61.0 59.0 60.0 61.0 
61.0 61.0 60.0 60.0 
71.0 59.0 65.0 67.0 
60.0 59.0 59.0 60.0 
59.0 61.0 60.0 61.0 
60.0 60.0 61.0 60.0 
71.0 59.0 65.0 66.0 
59.0 60.0 59.0 60.0 
60.0 59.0 60.0 61.0 
61.0 60.0 60.0 60.0 
71.0 59.0 65.0 66.0 
59.0 59.0 59.0 59.0 
60.0 59.0 61.0 61.0 
61.0 58.0 60.0 60.0 
68.0 59.0 65.0 66.0 
60.0 59.0 60.0 59.0 
60.0 59.0 60.0 61.0 
61.0 61.0 59.0 61.0 
67.0 59.0 65.0 66.0 
59.0 59.0 59.0 59.0 
61.0 59.0 59.0 61.0 
61.0 60.0 60.0 60.0 
68.0 60.0 65.0 66.0 
60.0 59.0 60.0 60.0 
60.0 59.0 61.0 61.0 
61.0 60.0 61.0 60.0 
69.0 60.0 65.0 66.0 
60.0 59.0 59.0 60.0 
60.0 59.0 60.0 61.0 
61.0 61.0 60.0 61.0 
69.0 59.0 65.0 66.0 
60.0 59.0 59.0 60.0 
60.0 59.0 62.0 61.0 
61.0 60.0 60.0 60.0 
68.0 59.0 65.0 66.0 
60.0 59.0 60.0 59.0 
60.0 60.0 60.0 61.0 
60.0 60.0 59.0 60.0 
70.0 60.0 64.0 66.0 
60.0 59.0 60.0 59.0 
60.0 59.0 60.0 61.0 
61.0 60.0 61.0 61.0 
67.0 59.0 65.0 67.0 
60.0 59.0 59.0 59.0 
60.0 59.0 60.0 61.0 
61.0 60.0 61.0 60.0 
68.0 59.0 65.0 66.0 
60.0 59.0 59.0 60.0 
60.0 59.0 61.0 60.0 
61.0 60.0 60.0 60.0 
67.0 59.0 65.0 66.0 
60.0 59.0 59.0 59.0 
60.0 59.0 60.0 61.0 
61.0 60.0 60.0 60.0 
68.0 60.0 64.0 65.0 
59.0 59.0 59.0 59.0 
60.0 59.0 60.0 61.0 
60.0 60.0 60.0 61.0 
67.0 59.0 65.0 66.0 
60.0 59.0 59.0 59.0 
59.0 60.0 60.0 61.0 
61.0 60.0 60.0 60.0 
67.0 59.0 65.0 65.0 
60.0 59.0 59.0 59.0 
60.0 60.0 60.0 60.0 
60.0 61.0 60.0 60.0 
68.0 60.0 65.0 66.0 
60.0 59.0 59.0 60.0 
59.0 60.0 61.0 61.0 
61.0 60.0 61.0 60.0 
69.0 60.0 65.0 66.0 
60.0 59.0 59.0 60.0 
60.0 58.0 61.0 61.0 
60.0 60.0 61.0 60.0 
70.0 59.0 65.0 66.0 
59.0 59.0 59.0 59.0 
60.0 59.0 60.0 60.0 
61.0 61.0 60.0 60.0 
69.0 59.0 65.0 67.0 
60.0 59.0 60.0 60.0 
59.0 59.0 60.0 61.0 
61.0 60.0 61.0 60.0 
70.0 60.0 65.0 66.0 
59.0 59.0 60.0 59.0 
60.0 59.0 60.0 61.0 
61.0 60.0 60.0 60.0 
68.0 60.0 65.0 66.0 
60.0 59.0 60.0 59.0 
59.0 59.0 60.0 60.0 
60.0 60.0 60.0 61.0 
69.0 59.0 65.0 66.0 
60.0 59.0 59.0 60.0 
59.0 59.0 61.0 61.0 
61.0 60.0 59.0 60.0 
67.0 59.0 65.0 66.0 
59.0 59.0 59.0 60.0 
61.0 59.0 60.0 60.0 
61.0 60.0 60.0 60.0 
69.0 60.0 65.0 66.0 
60.0 59.0 59.0 60.0 
60.0 60.0 61.0 61.0 
61.0 60.0 60.0 60.0 
69.0 59.0 65.0 66.0 
60.0 59.0 59.0 59.0 
60.0 59.0 60.0 61.0 
61.0 60.0 59.0 61.0 
69.0 60.0 65.0 66.0 
59.0 59.0 59.0 60.0 
60.0 59.0 61.0 61.0 
61.0 60.0 61.0 60.0 
69.0 59.0 65.0 66.0 
59.0 59.0 60.0 59.0 
60.0 60.0 60.0 61.0 
61.0 60.0 61.0 61.0 
69.0 59.0 65.0 66.0 
59.0 59.0 59.0 59.0 
60.0 59.0 61.0 61.0 
61.0 60.0 60.0 61.0 
69.0 60.0 66.0 66.0 
59.0 58.0 60.0 59.0 
60.0 59.0 61.0 61.0 
61.0 60.0 60.0 60.0 
69.0 59.0 65.0 66.0 
59.0 59.0 59.0 60.0 
60.0 59.0 60.0 61.0 
61.0 60.0 60.0 60.0 
69.0 60.0 65.0 66.0 
60.0 59.0 59.0 59.0 
60.0 59.0 61.0 61.0 
61.0 60.0 61.0 60.0 
68.0 59.0 65.0 66.0 
60.0 59.0 59.0 60.0 
60.0 59.0 60.0 60.0 
61.0 59.0 61.0 60.0 
69.0 60.0 65.0 67.0 
60.0 59.0 59.0 60.0 
60.0 59.0 61.0 61.0 
61.0 60.0 60.0 60.0 
69.0 59.0 66.0 66.0 
59.0 59.0 59.0 59.0 
59.0 60.0 60.0 61.0 
61.0 60.0 60.0 61.0 
69.0 60.0 65.0 67.0 
60.0 59.0 59.0 59.0 
60.0 60.0 60.0 61.0 
61.0 61.0 61.0 61.0 
69.0 60.0 65.0 66.0 
59.0 59.0 59.0 60.0 
60.0 59.0 61.0 61.0 
61.0 60.0 62.0 60.0 
69.0 60.0 65.0 66.0 
59.0 59.0 58.0 60.0 
60.0 60.0 60.0 60.0 
61.0 60.0 60.0 61.0 
69.0 60.0 65.0 66.0 
59.0 59.0 60.0 59.0 
60.0 59.0 61.0 61.0 
60.0 60.0 61.0 61.0 
68.0 60.0 65.0 66.0 
60.0 59.0 59.0 60.0 
60.0 60.0 61.0 61.0 
61.0 60.0 61.0 60.0 
69.0 60.0 64.0 66.0 
60.0 60.0 59.0 59.0 
60.0 60.0 63.0 61.0 
61.0 60.0 61.0 60.0 
69.0 60.0 65.0 66.0 
60.0 59.0 59.0 60.0 
60.0 59.0 60.0 61.0 
60.0 60.0 61.0 60.0 
69.0 60.0 65.0 67.0 
59.0 59.0 59.0 59.0 
60.0 60.0 60.0 61.0 
61.0 60.0 60.0 60.0 
69.0 60.0 65.0 66.0 
60.0 59.0 59.0 59.0 
60.0 59.0 61.0 61.0 
61.0 60.0 61.0 60.0 
69.0 60.0 65.0 66.0 
59.0 58.0 59.0 60.0 
60.0 59.0 60.0 61.0 
60.0 60.0 61.0 60.0 
69.0 60.0 65.0 66.0 
60.0 59.0 59.0 59.0 
60.0 59.0 61.0 61.0 
60.0 60.0 60.0 61.0 
69.0 59.0 65.0 65.0 
59.0 59.0 59.0 60.0 
60.0 59.0 61.0 61.0 
61.0 60.0 60.0 60.0 
69.0 59.0 66.0 66.0 
59.0 59.0 59.0 59.0 
60.0 59.0 60.0 61.0 
60.0 60.0 60.0 61.0 
69.0 59.0 65.0 66.0 
59.0 59.0 58.0 59.0 
60.0 60.0 60.0 61.0 
61.0 59.0 61.0 60.0 
69.0 60.0 65.0 67.0 
60.0 58.0 59.0 59.0 
60.0 59.0 60.0 61.0 
61.0 59.0 60.0 60.0 
68.0 60.0 65.0 66.0 
59.0 59.0 58.0 60.0 
60.0 59.0 61.0 61.0 
60.0 60.0 61.0 61.0 
69.0 60.0 65.0 67.0 
59.0 58.0 59.0 60.0 
60.0 59.0 60.0 61.0 
61.0 59.0 61.0 60.0 
69.0 59.0 65.0 66.0 
60.0 59.0 60.0 59.0 
60.0 59.0 61.0 60.0 
61.0 60.0 60.0 59.0 
69.0 59.0 65.0 66.0 
60.0 59.0 59.0 59.0 
60.0 59.0 61.0 61.0 
61.0 60.0 61.0 60.0 
69.0 59.0 65.0 66.0 
60.0 59.0 59.0 60.0 
60.0 60.0 60.0 60.0 
60.0 60.0 60.0 60.0 
70.0 59.0 66.0 66.0 
60.0 59.0 59.0 59.0 
60.0 60.0 60.0 60.0 
60.0 60.0 60.0 61.0 
70.0 59.0 66.0 67.0 
60.0 59.0 59.0 59.0 
60.0 60.0 60.0 61.0 
61.0 60.0 60.0 61.0 
69.0 60.0 65.0 67.0 
60.0 59.0 59.0 60.0 
60.0 59.0 60.0 61.0 
60.0 60.0 60.0 60.0 
70.0 59.0 66.0 66.0 
60.0 58.0 59.0 60.0 
60.0 59.0 60.0 61.0 
60.0 60.0 61.0 60.0 
71.0 59.0 65.0 67.0 
59.0 59.0 59.0 60.0 
59.0 59.0 60.0 60.0 
61.0 60.0 60.0 60.0 
70.0 60.0 66.0 66.0 
60.0 58.0 59.0 59.0 
59.0 59.0 60.0 61.0 
60.0 60.0 60.0 61.0 
71.0 60.0 65.0 66.0 
60.0 59.0 59.0 60.0 
59.0 59.0 60.0 60.0 
60.0 60.0 61.0 60.0 
71.0 59.0 65.0 67.0 
59.0 59.0 59.0 59.0 
59.0 59.0 60.0 61.0 
61.0 60.0 60.0 60.0 
70.0 60.0 65.0 67.0 
59.0 59.0 59.0 60.0 
61.0 59.0 60.0 61.0 
60.0 60.0 61.0 60.0 
70.0 58.0 65.0 67.0 
60.0 59.0 59.0 60.0 
59.0 59.0 60.0 61.0 
60.0 60.0 60.0 60.0 
70.0 60.0 65.0 67.0 
60.0 59.0 59.0 59.0 
59.0 59.0 60.0 61.0 
61.0 60.0 61.0 60.0 
70.0 60.0 65.0 66.0 
59.0 59.0 59.0 59.0 
59.0 59.0 60.0 60.0 
60.0 60.0 60.0 60.0 
70.0 59.0 65.0 66.0 
60.0 59.0 59.0 60.0 
60.0 59.0 60.0 60.0 
61.0 60.0 60.0 60.0 
70.0 60.0 65.0 67.0 
59.0 60.0 59.0 60.0 
60.0 60.0 60.0 61.0 
60.0 60.0 61.0 60.0 
70.0 59.0 65.0 67.0 
59.0 59.0 59.0 59.0 
59.0 59.0 61.0 62.0 
60.0 60.0 59.0 60.0 
70.0 59.0 64.0 67.0 
59.0 59.0 59.0 59.0 
60.0 59.0 60.0 61.0 
60.0 60.0 60.0 62.0 
70.0 59.0 64.0 67.0 
60.0 59.0 60.0 60.0 
60.0 59.0 60.0 61.0 
60.0 60.0 60.0 61.0 
69.0 60.0 65.0 66.0 
59.0 59.0 59.0 59.0 
60.0 60.0 61.0 61.0 
60.0 60.0 60.0 60.0 
70.0 59.0 64.0 67.0 
60.0 59.0 60.0 59.0 
60.0 59.0 60.0 61.0 
60.0 60.0 60.0 60.0 
70.0 59.0 65.0 66.0 
61.0 59.0 59.0 60.0 
61.0 59.0 61.0 61.0 
60.0 60.0 61.0 61.0 
70.0 59.0 64.0 67.0 
60.0 59.0 59.0 60.0 
60.0 59.0 60.0 61.0 
60.0 60.0 60.0 60.0 
70.0 59.0 65.0 66.0 
60.0 58.0 59.0 59.0 
60.0 59.0 60.0 61.0 
62.0 59.0 60.0 60.0 
70.0 60.0 65.0 67.0 
59.0 59.0 59.0 60.0 
59.0 60.0 61.0 61.0 
60.0 60.0 61.0 60.0 
70.0 59.0 64.0 66.0 
60.0 59.0 59.0 60.0 
59.0 59.0 60.0 61.0 
61.0 60.0 60.0 60.0 
70.0 59.0 64.0 66.0 
59.0 59.0 59.0 60.0 
60.0 59.0 61.0 61.0 
60.0 60.0 60.0 60.0 
70.0 60.0 64.0 67.0 
60.0 59.0 59.0 59.0 
59.0 60.0 60.0 61.0 
61.0 60.0 60.0 61.0 
71.0 59.0 64.0 66.0 
60.0 59.0 59.0 60.0 
59.0 59.0 60.0 62.0 
61.0 60.0 60.0 60.0 
70.0 59.0 64.0 67.0 
59.0 59.0 59.0 59.0 
60.0 59.0 61.0 60.0 
60.0 60.0 60.0 60.0 
70.0 60.0 65.0 67.0 
60.0 59.0 59.0 59.0 
60.0 59.0 60.0 61.0 
60.0 60.0 60.0 61.0 
71.0 59.0 65.0 67.0 
60.0 58.0 59.0 60.0 
60.0 59.0 60.0 61.0 
60.0 60.0 60.0 60.0 
71.0 59.0 65.0 67.0 
59.0 59.0 59.0 60.0 
60.0 59.0 60.0 61.0 
61.0 60.0 60.0 60.0 
71.0 60.0 65.0 66.0 
59.0 59.0 59.0 60.0 
60.0 59.0 60.0 61.0 
61.0 60.0 61.0 60.0 
70.0 60.0 64.0 66.0 
60.0 59.0 59.0 59.0 
60.0 59.0 61.0 61.0 
60.0 60.0 60.0 60.0 
70.0 60.0 64.0 66.0 
59.0 59.0 59.0 60.0 
59.0 61.0 60.0 61.0 
61.0 60.0 61.0 59.0 
70.0 60.0 65.0 66.0 
59.0 58.0 59.0 59.0 
59.0 59.0 61.0 61.0 
60.0 60.0 61.0 60.0 
70.0 60.0 65.0 67.0 
60.0 59.0 59.0 59.0 
60.0 59.0 61.0 61.0 
60.0 60.0 60.0 60.0 
70.0 59.0 64.0 67.0 
60.0 59.0 59.0 60.0 
59.0 59.0 60.0 61.0 
60.0 60.0 60.0 60.0 
70.0 60.0 65.0 66.0 
59.0 59.0 60.0 60.0 
60.0 59.0 60.0 61.0 
60.0 59.0 61.0 60.0 
70.0 59.0 65.0 67.0 
60.0 59.0 59.0 60.0 
60.0 59.0 60.0 61.0 
60.0 60.0 60.0 60.0 
70.0 59.0 65.0 67.0 
59.0 59.0 59.0 59.0 
59.0 59.0 60.0 60.0 
61.0 60.0 60.0 60.0 
69.0 59.0 65.0 67.0 
59.0 59.0 59.0 60.0 
60.0 59.0 61.0 61.0 
61.0 60.0 60.0 60.0 
69.0 60.0 65.0 66.0 
60.0 58.0 59.0 60.0 
60.0 60.0 60.0 61.0 
61.0 60.0 60.0 60.0 
70.0 60.0 65.0 67.0 
59.0 59.0 58.0 59.0 
59.0 59.0 60.0 60.0 
60.0 60.0 60.0 60.0 
70.0 58.0 65.0 66.0 
59.0 59.0 59.0 60.0 
60.0 58.0 59.0 61.0 
60.0 60.0 60.0 60.0 
70.0 60.0 64.0 67.0 
60.0 59.0 59.0 59.0 
60.0 59.0 60.0 61.0 
60.0 60.0 60.0 61.0 
70.0 59.0 65.0 67.0 
60.0 58.0 59.0 60.0 
60.0 60.0 60.0 61.0 
61.0 60.0 60.0 60.0 
70.0 60.0 65.0 66.0 
59.0 59.0 59.0 60.0 
59.0 59.0 61.0 61.0 
60.0 60.0 60.0 60.0 
70.0 60.0 65.0 67.0 
59.0 59.0 59.0 60.0 
60.0 58.0 60.0 61.0 
61.0 60.0 60.0 60.0 
70.0 60.0 65.0 67.0 
60.0 58.0 59.0 59.0 
60.0 59.0 61.0 61.0 
60.0 60.0 61.0 60.0 
70.0 59.0 64.0 66.0 
59.0 59.0 59.0 59.0 
60.0 59.0 60.0 60.0 
60.0 60.0 60.0 60.0 
71.0 60.0 65.0 67.0 
59.0 59.0 60.0 60.0 
60.0 60.0 60.0 61.0 
61.0 60.0 61.0 61.0 
69.0 60.0 65.0 67.0 
59.0 59.0 59.0 60.0 
59.0 59.0 61.0 61.0 
61.0 59.0 61.0 60.0 
70.0 60.0 64.0 67.0 
59.0 59.0 59.0 60.0 
61.0 59.0 60.0 61.0 
61.0 60.0 60.0 60.0 
70.0 59.0 65.0 67.0 
59.0 59.0 60.0 60.0 
60.0 59.0 61.0 61.0 
61.0 60.0 60.0 60.0 
70.0 60.0 65.0 67.0 
59.0 59.0 60.0 59.0 
61.0 59.0 61.0 61.0 
60.0 60.0 60.0 61.0 
71.0 59.0 64.0 67.0 
59.0 58.0 59.0 60.0 
59.0 59.0 60.0 61.0 
61.0 60.0 60.0 61.0 
71.0 59.0 65.0 67.0 
59.0 59.0 59.0 59.0 
61.0 59.0 60.0 60.0 
60.0 60.0 60.0 60.0 
70.0 59.0 65.0 67.0 
60.0 59.0 59.0 59.0 
60.0 59.0 60.0 61.0 
61.0 60.0 60.0 61.0 
71.0 60.0 64.0 67.0 
59.0 59.0 59.0 59.0 
59.0 59.0 60.0 61.0 
60.0 60.0 60.0 60.0 
71.0 60.0 65.0 67.0 
60.0 59.0 60.0 59.0 
59.0 59.0 61.0 61.0 
60.0 60.0 60.0 60.0 
70.0 60.0 65.0 66.0 
60.0 59.0 59.0 61.0 
60.0 59.0 60.0 60.0 
59.0 59.0 60.0 60.0 
71.0 60.0 65.0 67.0 
59.0 59.0 59.0 59.0 
60.0 59.0 60.0 61.0 
60.0 60.0 61.0 60.0 
71.0 60.0 65.0 66.0 
59.0 59.0 58.0 59.0 
59.0 59.0 60.0 61.0 
61.0 60.0 60.0 60.0 
71.0 60.0 65.0 67.0 
60.0 59.0 59.0 59.0 
60.0 59.0 60.0 60.0 
60.0 60.0 61.0 60.0 
71.0 59.0 65.0 66.0 
59.0 59.0 59.0 59.0 
60.0 60.0 60.0 60.0 
60.0 60.0 60.0 60.0 
71.0 60.0 65.0 66.0 
60.0 59.0 59.0 59.0 
60.0 59.0 61.0 60.0 
60.0 59.0 60.0 60.0 
71.0 60.0 65.0 67.0 
59.0 59.0 59.0 60.0 
60.0 59.0 60.0 60.0 
60.0 59.0 60.0 60.0 
70.0 60.0 65.0 66.0 
60.0 59.0 59.0 59.0 
60.0 59.0 60.0 60.0 
60.0 60.0 61.0 60.0 
69.0 59.0 65.0 66.0 
59.0 59.0 59.0 59.0 
60.0 59.0 60.0 61.0 
61.0 60.0 60.0 60.0 
69.0 60.0 65.0 66.0 
59.0 58.0 59.0 59.0 
60.0 59.0 62.0 60.0 
61.0 60.0 60.0 60.0 
70.0 60.0 65.0 67.0 
60.0 59.0 59.0 59.0 
60.0 59.0 61.0 61.0 
61.0 60.0 60.0 60.0 
70.0 59.0 65.0 67.0 
59.0 59.0 59.0 60.0 
60.0 59.0 60.0 60.0 
61.0 60.0 61.0 60.0 
70.0 59.0 65.0 67.0 
59.0 59.0 59.0 60.0 
60.0 59.0 61.0 61.0 
60.0 59.0 60.0 60.0 
70.0 59.0 65.0 66.0 
59.0 59.0 59.0 60.0 
59.0 60.0 60.0 61.0 
61.0 59.0 61.0 60.0 
71.0 58.0 65.0 67.0 
59.0 59.0 59.0 60.0 
60.0 59.0 60.0 61.0 
62.0 60.0 60.0 60.0 
70.0 59.0 65.0 67.0 
59.0 58.0 59.0 59.0 
60.0 59.0 60.0 61.0 
61.0 60.0 60.0 60.0 
70.0 60.0 65.0 67.0 
59.0 58.0 59.0 59.0 
60.0 59.0 61.0 60.0 
60.0 60.0 60.0 60.0 
70.0 59.0 65.0 67.0 
60.0 58.0 60.0 59.0 
59.0 59.0 60.0 61.0 
61.0 60.0 61.0 61.0 
70.0 60.0 64.0 66.0 
59.0 59.0 59.0 59.0 
59.0 59.0 60.0 61.0 
60.0 60.0 60.0 60.0 
71.0 59.0 65.0 67.0 
59.0 59.0 59.0 59.0 
59.0 59.0 61.0 60.0 
61.0 60.0 60.0 60.0 
70.0 60.0 65.0 67.0 
59.0 59.0 60.0 60.0 
60.0 60.0 60.0 61.0 
61.0 60.0 60.0 60.0 
71.0 60.0 64.0 67.0 
59.0 58.0 59.0 59.0 
60.0 60.0 61.0 60.0 
60.0 60.0 61.0 60.0 
71.0 60.0 65.0 66.0 
59.0 59.0 59.0 59.0 
60.0 59.0 60.0 61.0 
61.0 60.0 61.0 60.0 
71.0 60.0 65.0 67.0 
59.0 59.0 59.0 60.0 
59.0 59.0 60.0 60.0 
60.0 60.0 60.0 60.0 
70.0 59.0 65.0 67.0 
59.0 58.0 60.0 60.0 
60.0 59.0 61.0 61.0 
61.0 60.0 60.0 60.0 
71.0 60.0 65.0 67.0 
59.0 59.0 59.0 60.0 
60.0 59.0 61.0 60.0 
60.0 59.0 61.0 60.0 
71.0 60.0 65.0 67.0 
60.0 58.0 59.0 59.0 
59.0 58.0 60.0 61.0 
61.0 60.0 60.0 60.0 
71.0 59.0 66.0 67.0 
59.0 59.0 59.0 59.0 
59.0 59.0 61.0 61.0 
61.0 60.0 61.0 60.0 
71.0 60.0 65.0 66.0 
60.0 59.0 59.0 59.0 
60.0 59.0 60.0 61.0 
60.0 60.0 61.0 60.0 
71.0 59.0 65.0 67.0 
59.0 59.0 60.0 60.0 
60.0 60.0 60.0 61.0 
60.0 60.0 60.0 60.0 
72.0 59.0 65.0 67.0 
59.0 59.0 59.0 60.0 
60.0 58.0 60.0 60.0 
60.0 60.0 60.0 60.0 
71.0 59.0 65.0 67.0 
60.0 58.0 59.0 60.0 
60.0 59.0 61.0 61.0 
61.0 60.0 60.0 60.0 
71.0 59.0 65.0 67.0 
59.0 59.0 59.0 59.0 
59.0 59.0 60.0 60.0 
60.0 59.0 60.0 60.0 
71.0 60.0 65.0 67.0 
59.0 60.0 59.0 60.0 
60.0 59.0 60.0 61.0 
60.0 60.0 61.0 59.0 
71.0 59.0 65.0 67.0 
59.0 58.0 59.0 60.0 
60.0 59.0 60.0 60.0 
60.0 60.0 61.0 60.0 
71.0 59.0 65.0 67.0 
59.0 58.0 60.0 59.0 
60.0 60.0 61.0 61.0 
61.0 60.0 60.0 61.0 
71.0 60.0 65.0 67.0 
58.0 60.0 59.0 60.0 
60.0 58.0 61.0 61.0 
61.0 60.0 61.0 60.0 
71.0 60.0 65.0 67.0 
59.0 59.0 59.0 59.0 
60.0 61.0 60.0 61.0 
60.0 60.0 60.0 60.0 
72.0 60.0 65.0 67.0 
59.0 59.0 59.0 60.0 
60.0 58.0 60.0 60.0 
60.0 60.0 60.0 61.0 
72.0 59.0 65.0 67.0 
59.0 59.0 59.0 60.0 
59.0 59.0 60.0 61.0 
60.0 60.0 59.0 60.0 
71.0 59.0 65.0 66.0 
59.0 59.0 59.0 59.0 
60.0 59.0 61.0 61.0 
61.0 59.0 60.0 60.0 
72.0 59.0 65.0 67.0 
59.0 59.0 59.0 60.0 
60.0 59.0 60.0 61.0 
61.0 60.0 60.0 60.0 
71.0 59.0 65.0 67.0 
60.0 59.0 60.0 59.0 
59.0 60.0 60.0 61.0 
60.0 59.0 60.0 60.0 
72.0 60.0 65.0 66.0 
59.0 59.0 59.0 59.0 
59.0 59.0 60.0 61.0 
61.0 60.0 61.0 60.0 
71.0 60.0 65.0 67.0 
60.0 59.0 59.0 59.0 
60.0 59.0 61.0 61.0 
60.0 60.0 60.0 60.0 
72.0 59.0 65.0 67.0 
59.0 59.0 59.0 59.0 
59.0 60.0 60.0 60.0 
60.0 60.0 60.0 60.0 
72.0 59.0 65.0 67.0 
60.0 58.0 59.0 60.0 
59.0 60.0 60.0 61.0 
60.0 61.0 60.0 61.0 
72.0 59.0 65.0 67.0 
58.0 59.0 59.0 59.0 
59.0 59.0 60.0 61.0 
60.0 60.0 60.0 60.0 
71.0 59.0 65.0 67.0 
59.0 59.0 59.0 60.0 
61.0 59.0 60.0 60.0 
60.0 60.0 60.0 60.0 
71.0 60.0 65.0 67.0 
59.0 59.0 60.0 60.0 
60.0 59.0 61.0 61.0 
60.0 60.0 60.0 60.0 
71.0 60.0 65.0 67.0 
59.0 58.0 60.0 59.0 
60.0 59.0 60.0 61.0 
60.0 60.0 61.0 60.0 
70.0 60.0 65.0 67.0 
59.0 59.0 60.0 59.0 
60.0 59.0 60.0 61.0 
60.0 60.0 61.0 60.0 
72.0 60.0 65.0 67.0 
60.0 58.0 59.0 59.0 
60.0 59.0 60.0 61.0 
61.0 60.0 60.0 60.0 
72.0 59.0 65.0 67.0 
59.0 59.0 59.0 60.0 
59.0 61.0 60.0 60.0 
61.0 60.0 60.0 61.0 
72.0 59.0 65.0 67.0 
59.0 59.0 59.0 60.0 
60.0 59.0 60.0 60.0 
60.0 60.0 59.0 60.0 
72.0 60.0 65.0 67.0 
59.0 58.0 59.0 59.0 
60.0 59.0 60.0 61.0 
61.0 60.0 60.0 60.0 
71.0 59.0 65.0 67.0 
60.0 59.0 59.0 60.0 
59.0 59.0 60.0 60.0 
60.0 60.0 60.0 60.0 
71.0 60.0 65.0 66.0 
59.0 58.0 59.0 59.0 
59.0 59.0 60.0 60.0 
61.0 60.0 60.0 60.0 
71.0 60.0 65.0 67.0 
60.0 59.0 59.0 60.0 
60.0 59.0 60.0 61.0 
61.0 60.0 60.0 60.0 
71.0 59.0 65.0 67.0 
59.0 59.0 59.0 60.0 
60.0 60.0 60.0 61.0 
60.0 60.0 60.0 61.0 
71.0 60.0 65.0 67.0 
59.0 58.0 60.0 60.0 
60.0 59.0 61.0 61.0 
61.0 60.0 60.0 60.0 
71.0 59.0 65.0 67.0 
60.0 59.0 58.0 60.0 
60.0 60.0 60.0 61.0 
60.0 59.0 60.0 60.0 
71.0 60.0 65.0 67.0 
59.0 58.0 59.0 59.0 
59.0 59.0 60.0 61.0 
61.0 60.0 60.0 60.0 
71.0 59.0 65.0 67.0 
59.0 59.0 59.0 59.0 
59.0 59.0 60.0 60.0 
61.0 59.0 60.0 60.0 
71.0 59.0 65.0 67.0 
59.0 59.0 59.0 60.0 
59.0 59.0 60.0 61.0 
60.0 59.0 60.0 60.0 
71.0 60.0 64.0 67.0 
59.0 59.0 59.0 60.0 
60.0 59.0 61.0 61.0 
61.0 60.0 60.0 60.0 
70.0 59.0 64.0 67.0 
60.0 59.0 60.0 60.0 
60.0 59.0 60.0 60.0 
60.0 60.0 59.0 60.0 
70.0 59.0 64.0 67.0 
59.0 59.0 60.0 60.0 
60.0 59.0 60.0 61.0 
61.0 60.0 60.0 60.0 
70.0 59.0 65.0 67.0 
60.0 59.0 59.0 60.0 
60.0 59.0 60.0 61.0 
60.0 60.0 60.0 60.0 
70.0 59.0 65.0 66.0 
59.0 59.0 59.0 59.0 
60.0 60.0 60.0 60.0 
60.0 60.0 62.0 60.0 
71.0 59.0 64.0 67.0 
59.0 59.0 59.0 59.0 
60.0 59.0 61.0 60.0 
60.0 60.0 60.0 60.0 
70.0 60.0 64.0 67.0 
59.0 59.0 59.0 60.0 
60.0 59.0 61.0 61.0 
60.0 60.0 60.0 60.0 
70.0 59.0 65.0 67.0 
59.0 59.0 59.0 59.0 
60.0 59.0 60.0 61.0 
61.0 60.0 60.0 60.0 
70.0 60.0 65.0 67.0 
59.0 59.0 59.0 60.0 
60.0 59.0 60.0 60.0 
61.0 59.0 60.0 60.0 
70.0 60.0 64.0 66.0 
60.0 58.0 59.0 59.0 
59.0 59.0 60.0 61.0 
60.0 60.0 60.0 60.0 
70.0 59.0 65.0 67.0 
60.0 59.0 59.0 60.0 
59.0 60.0 60.0 60.0 
61.0 60.0 60.0 60.0 
70.0 60.0 64.0 67.0 
60.0 58.0 59.0 60.0 
59.0 59.0 61.0 61.0 
61.0 59.0 61.0 60.0 
71.0 59.0 64.0 66.0 
60.0 59.0 59.0 59.0 
60.0 60.0 60.0 61.0 
61.0 60.0 59.0 60.0 
71.0 60.0 65.0 66.0 
60.0 58.0 59.0 60.0 
60.0 59.0 60.0 61.0 
61.0 60.0 60.0 61.0 
71.0 59.0 65.0 67.0 
60.0 58.0 59.0 59.0 
60.0 59.0 61.0 61.0 
60.0 60.0 60.0 60.0 
71.0 59.0 65.0 67.0 
60.0 59.0 59.0 59.0 
60.0 59.0 60.0 60.0 
60.0 60.0 60.0 60.0 
71.0 59.0 65.0 66.0 
59.0 58.0 59.0 59.0 
60.0 59.0 60.0 61.0 
60.0 60.0 60.0 60.0 
71.0 59.0 65.0 67.0 
60.0 59.0 59.0 59.0 
60.0 59.0 60.0 61.0 
60.0 60.0 60.0 60.0 
71.0 60.0 65.0 67.0 
59.0 59.0 60.0 59.0 
59.0 59.0 60.0 61.0 
60.0 60.0 60.0 60.0 
72.0 60.0 65.0 67.0 
59.0 58.0 59.0 60.0 
60.0 59.0 59.0 61.0 
60.0 60.0 61.0 60.0 
71.0 59.0 64.0 67.0 
60.0 59.0 59.0 59.0 
59.0 60.0 60.0 61.0 
60.0 60.0 60.0 60.0 
72.0 60.0 64.0 67.0 
60.0 59.0 59.0 59.0 
60.0 58.0 60.0 60.0 
60.0 60.0 60.0 60.0 
72.0 60.0 65.0 67.0 
60.0 58.0 59.0 61.0 
60.0 59.0 61.0 61.0 
60.0 60.0 61.0 60.0 
71.0 60.0 65.0 67.0 
59.0 58.0 59.0 59.0 
59.0 59.0 60.0 61.0 
60.0 60.0 59.0 60.0 
71.0 59.0 64.0 67.0 
59.0 59.0 59.0 59.0 
59.0 59.0 61.0 60.0 
60.0 60.0 60.0 60.0 
72.0 60.0 65.0 67.0 
59.0 59.0 59.0 59.0 
60.0 59.0 61.0 60.0 
60.0 60.0 60.0 60.0 
72.0 60.0 65.0 67.0 
59.0 58.0 59.0 59.0 
60.0 59.0 60.0 61.0 
61.0 60.0 61.0 60.0 
72.0 59.0 65.0 67.0 
59.0 59.0 59.0 60.0 
60.0 59.0 61.0 61.0 
60.0 60.0 60.0 60.0 
72.0 60.0 65.0 67.0 
59.0 59.0 60.0 60.0 
60.0 60.0 60.0 61.0 
61.0 60.0 61.0 60.0 
72.0 59.0 65.0 67.0 
59.0 59.0 59.0 60.0 
59.0 59.0 60.0 61.0 
61.0 60.0 60.0 60.0 
71.0 59.0 65.0 67.0 
59.0 59.0 60.0 59.0 
60.0 59.0 60.0 61.0 
60.0 60.0 59.0 60.0 
72.0 59.0 65.0 67.0 
59.0 58.0 59.0 60.0 
58.0 59.0 60.0 61.0 
60.0 60.0 60.0 61.0 
72.0 58.0 65.0 67.0 
59.0 59.0 59.0 60.0 
60.0 59.0 60.0 60.0 
60.0 60.0 59.0 60.0 
72.0 60.0 65.0 67.0 
59.0 58.0 59.0 59.0 
60.0 58.0 60.0 60.0 
60.0 60.0 61.0 60.0 
72.0 59.0 65.0 67.0 
60.0 59.0 59.0 60.0 
59.0 60.0 60.0 61.0 
60.0 60.0 59.0 61.0 
72.0 59.0 65.0 66.0 
59.0 59.0 59.0 59.0 
60.0 59.0 60.0 61.0 
60.0 60.0 60.0 60.0 
72.0 60.0 64.0 67.0 
60.0 58.0 59.0 60.0 
59.0 60.0 60.0 61.0 
60.0 60.0 60.0 60.0 
72.0 59.0 65.0 67.0 
59.0 58.0 59.0 60.0 
60.0 59.0 60.0 61.0 
61.0 60.0 60.0 60.0 
72.0 59.0 64.0 67.0 
59.0 59.0 59.0 60.0 
