83.0 59.0 78.0 72.0 
58.0 58.0 59.0 60.0 
58.0 59.0 59.0 60.0 
58.0 59.0 58.0 58.0 
84.0 58.0 78.0 72.0 
59.0 58.0 60.0 60.0 
58.0 59.0 60.0 61.0 
59.0 58.0 58.0 59.0 
84.0 58.0 77.0 72.0 
59.0 58.0 60.0 62.0 
59.0 57.0 61.0 60.0 
58.0 59.0 58.0 59.0 
85.0 58.0 79.0 71.0 
59.0 58.0 60.0 61.0 
58.0 59.0 60.0 61.0 
59.0 58.0 58.0 60.0 
84.0 59.0 77.0 73.0 
58.0 58.0 60.0 60.0 
59.0 58.0 60.0 60.0 
59.0 59.0 58.0 59.0 
84.0 58.0 78.0 72.0 
59.0 57.0 60.0 60.0 
58.0 58.0 60.0 60.0 
59.0 58.0 59.0 58.0 
84.0 59.0 79.0 73.0 
59.0 57.0 60.0 60.0 
59.0 58.0 59.0 60.0 
59.0 58.0 58.0 59.0 
84.0 59.0 77.0 73.0 
60.0 59.0 60.0 60.0 
59.0 58.0 60.0 61.0 
58.0 59.0 59.0 58.0 
84.0 58.0 79.0 72.0 
59.0 58.0 60.0 60.0 
59.0 59.0 60.0 60.0 
59.0 59.0 59.0 58.0 
85.0 58.0 77.0 72.0 
58.0 57.0 60.0 60.0 
58.0 58.0 60.0 61.0 
59.0 59.0 58.0 59.0 
84.0 59.0 77.0 72.0 
60.0 57.0 60.0 60.0 
58.0 58.0 61.0 60.0 
59.0 59.0 58.0 59.0 
84.0 58.0 78.0 72.0 
60.0 57.0 60.0 60.0 
59.0 59.0 59.0 61.0 
59.0 59.0 58.0 59.0 
84.0 59.0 78.0 73.0 
59.0 57.0 60.0 60.0 
59.0 58.0 59.0 61.0 
59.0 59.0 58.0 59.0 
83.0 58.0 77.0 72.0 
59.0 58.0 59.0 60.0 
59.0 58.0 58.0 61.0 
59.0 58.0 59.0 59.0 
84.0 59.0 78.0 72.0 
59.0 58.0 60.0 60.0 
59.0 58.0 60.0 60.0 
58.0 59.0 58.0 59.0 
84.0 59.0 78.0 72.0 
59.0 58.0 60.0 60.0 
58.0 58.0 60.0 60.0 
58.0 59.0 59.0 59.0 
83.0 58.0 78.0 72.0 
59.0 58.0 60.0 60.0 
60.0 58.0 60.0 60.0 
58.0 58.0 58.0 59.0 
84.0 58.0 76.0 72.0 
59.0 58.0 60.0 60.0 
59.0 58.0 60.0 60.0 
59.0 58.0 58.0 59.0 
85.0 59.0 78.0 72.0 
59.0 57.0 60.0 60.0 
58.0 59.0 59.0 61.0 
59.0 59.0 59.0 59.0 
85.0 58.0 77.0 72.0 
59.0 58.0 60.0 60.0 
59.0 58.0 60.0 61.0 
57.0 58.0 59.0 60.0 
84.0 59.0 77.0 73.0 
59.0 57.0 61.0 60.0 
58.0 59.0 60.0 60.0 
58.0 58.0 59.0 60.0 
84.0 59.0 79.0 72.0 
59.0 57.0 61.0 60.0 
59.0 58.0 61.0 60.0 
58.0 59.0 59.0 59.0 
85.0 59.0 78.0 72.0 
59.0 57.0 60.0 61.0 
59.0 58.0 60.0 60.0 
59.0 59.0 60.0 59.0 
83.0 58.0 78.0 73.0 
59.0 58.0 60.0 60.0 
58.0 58.0 59.0 61.0 
59.0 59.0 59.0 59.0 
84.0 59.0 78.0 72.0 
59.0 58.0 60.0 61.0 
59.0 59.0 61.0 60.0 
58.0 58.0 57.0 59.0 
85.0 58.0 78.0 72.0 
59.0 58.0 60.0 59.0 
59.0 59.0 60.0 60.0 
58.0 58.0 59.0 58.0 
84.0 58.0 78.0 72.0 
59.0 58.0 60.0 60.0 
59.0 59.0 60.0 60.0 
59.0 59.0 58.0 58.0 
84.0 58.0 77.0 73.0 
60.0 58.0 61.0 60.0 
59.0 58.0 60.0 60.0 
58.0 59.0 58.0 60.0 
85.0 59.0 78.0 72.0 
60.0 59.0 60.0 60.0 
59.0 58.0 60.0 60.0 
58.0 59.0 58.0 59.0 
85.0 58.0 77.0 72.0 
59.0 59.0 60.0 61.0 
58.0 58.0 60.0 59.0 
58.0 58.0 58.0 59.0 
85.0 58.0 78.0 72.0 
59.0 58.0 59.0 61.0 
58.0 58.0 60.0 60.0 
59.0 59.0 59.0 58.0 
85.0 58.0 80.0 72.0 
59.0 57.0 61.0 60.0 
59.0 58.0 60.0 60.0 
59.0 58.0 59.0 58.0 
84.0 58.0 79.0 72.0 
58.0 58.0 60.0 61.0 
59.0 58.0 60.0 61.0 
58.0 59.0 59.0 59.0 
83.0 58.0 79.0 73.0 
59.0 57.0 61.0 60.0 
59.0 59.0 59.0 60.0 
59.0 59.0 59.0 60.0 
85.0 59.0 78.0 73.0 
59.0 58.0 61.0 59.0 
58.0 58.0 60.0 61.0 
57.0 60.0 59.0 59.0 
83.0 59.0 79.0 72.0 
59.0 57.0 60.0 60.0 
59.0 58.0 59.0 61.0 
59.0 59.0 58.0 59.0 
84.0 58.0 79.0 72.0 
59.0 58.0 60.0 60.0 
59.0 58.0 60.0 59.0 
59.0 59.0 59.0 59.0 
84.0 59.0 79.0 72.0 
59.0 57.0 60.0 60.0 
59.0 59.0 60.0 60.0 
58.0 59.0 58.0 59.0 
83.0 59.0 78.0 72.0 
59.0 59.0 60.0 60.0 
59.0 59.0 59.0 61.0 
59.0 59.0 59.0 59.0 
85.0 58.0 79.0 73.0 
60.0 58.0 60.0 60.0 
58.0 58.0 60.0 61.0 
58.0 58.0 59.0 59.0 
84.0 59.0 79.0 72.0 
58.0 58.0 60.0 61.0 
58.0 59.0 60.0 60.0 
58.0 59.0 58.0 59.0 
84.0 59.0 79.0 72.0 
59.0 57.0 59.0 61.0 
59.0 58.0 60.0 60.0 
59.0 59.0 59.0 59.0 
84.0 59.0 79.0 73.0 
59.0 57.0 61.0 61.0 
59.0 60.0 60.0 60.0 
59.0 58.0 59.0 59.0 
84.0 58.0 79.0 72.0 
59.0 57.0 61.0 60.0 
58.0 59.0 60.0 60.0 
59.0 59.0 59.0 59.0 
84.0 59.0 79.0 73.0 
59.0 58.0 60.0 60.0 
59.0 58.0 60.0 60.0 
58.0 59.0 59.0 58.0 
84.0 59.0 79.0 73.0 
59.0 58.0 59.0 60.0 
58.0 59.0 60.0 61.0 
58.0 59.0 59.0 59.0 
84.0 59.0 79.0 72.0 
60.0 58.0 60.0 61.0 
59.0 58.0 60.0 61.0 
59.0 58.0 59.0 59.0 
85.0 59.0 79.0 73.0 
59.0 57.0 60.0 60.0 
59.0 58.0 60.0 60.0 
60.0 59.0 58.0 59.0 
84.0 59.0 79.0 73.0 
61.0 58.0 60.0 61.0 
59.0 58.0 60.0 61.0 
59.0 59.0 59.0 59.0 
84.0 59.0 78.0 72.0 
59.0 59.0 60.0 61.0 
59.0 58.0 61.0 60.0 
59.0 59.0 57.0 59.0 
85.0 59.0 79.0 72.0 
59.0 58.0 60.0 60.0 
59.0 59.0 60.0 61.0 
58.0 59.0 60.0 59.0 
85.0 58.0 79.0 72.0 
59.0 58.0 61.0 61.0 
59.0 58.0 60.0 60.0 
59.0 58.0 59.0 59.0 
84.0 59.0 80.0 72.0 
59.0 58.0 60.0 60.0 
59.0 58.0 60.0 60.0 
58.0 60.0 59.0 59.0 
85.0 60.0 79.0 73.0 
59.0 58.0 60.0 60.0 
59.0 59.0 60.0 60.0 
58.0 59.0 59.0 59.0 
84.0 58.0 79.0 73.0 
60.0 57.0 60.0 61.0 
59.0 59.0 60.0 61.0 
59.0 59.0 59.0 60.0 
84.0 59.0 79.0 72.0 
59.0 58.0 60.0 61.0 
59.0 58.0 60.0 60.0 
59.0 59.0 58.0 59.0 
85.0 59.0 79.0 72.0 
59.0 58.0 60.0 61.0 
59.0 58.0 60.0 61.0 
58.0 59.0 59.0 59.0 
84.0 59.0 79.0 73.0 
59.0 58.0 61.0 61.0 
60.0 58.0 60.0 60.0 
58.0 59.0 58.0 59.0 
84.0 58.0 79.0 72.0 
59.0 57.0 60.0 61.0 
58.0 59.0 60.0 60.0 
59.0 59.0 59.0 59.0 
85.0 59.0 79.0 72.0 
60.0 58.0 61.0 60.0 
59.0 59.0 60.0 61.0 
58.0 59.0 59.0 60.0 
85.0 58.0 78.0 72.0 
59.0 58.0 60.0 61.0 
59.0 59.0 60.0 61.0 
59.0 59.0 59.0 59.0 
84.0 58.0 79.0 73.0 
60.0 58.0 61.0 61.0 
59.0 59.0 60.0 62.0 
59.0 59.0 59.0 59.0 
84.0 59.0 78.0 73.0 
60.0 58.0 60.0 61.0 
59.0 58.0 59.0 61.0 
58.0 59.0 58.0 59.0 
85.0 58.0 80.0 73.0 
58.0 60.0 60.0 60.0 
60.0 58.0 60.0 61.0 
59.0 59.0 59.0 59.0 
85.0 59.0 79.0 73.0 
59.0 58.0 61.0 61.0 
59.0 58.0 61.0 61.0 
58.0 59.0 59.0 59.0 
84.0 59.0 78.0 73.0 
59.0 58.0 60.0 61.0 
59.0 59.0 60.0 61.0 
59.0 58.0 59.0 59.0 
83.0 60.0 79.0 73.0 
59.0 58.0 60.0 61.0 
59.0 58.0 60.0 60.0 
59.0 59.0 58.0 59.0 
84.0 59.0 79.0 73.0 
59.0 58.0 61.0 60.0 
60.0 59.0 61.0 61.0 
59.0 59.0 59.0 59.0 
85.0 59.0 79.0 73.0 
59.0 59.0 60.0 61.0 
59.0 59.0 60.0 61.0 
59.0 59.0 58.0 60.0 
84.0 58.0 79.0 72.0 
59.0 57.0 61.0 61.0 
59.0 57.0 60.0 60.0 
58.0 60.0 59.0 59.0 
84.0 59.0 78.0 73.0 
59.0 58.0 60.0 61.0 
60.0 58.0 60.0 60.0 
60.0 59.0 59.0 59.0 
85.0 58.0 79.0 72.0 
59.0 58.0 60.0 62.0 
60.0 58.0 61.0 62.0 
60.0 59.0 58.0 60.0 
84.0 57.0 80.0 73.0 
60.0 58.0 61.0 60.0 
59.0 59.0 60.0 61.0 
59.0 60.0 58.0 59.0 
84.0 59.0 79.0 73.0 
60.0 58.0 61.0 61.0 
59.0 58.0 60.0 62.0 
59.0 60.0 58.0 59.0 
85.0 58.0 79.0 74.0 
59.0 59.0 61.0 61.0 
59.0 60.0 60.0 61.0 
59.0 59.0 60.0 59.0 
84.0 59.0 79.0 73.0 
59.0 57.0 61.0 60.0 
59.0 58.0 61.0 60.0 
59.0 60.0 58.0 59.0 
85.0 58.0 79.0 72.0 
59.0 58.0 61.0 61.0 
60.0 59.0 60.0 61.0 
58.0 59.0 59.0 58.0 
84.0 60.0 79.0 73.0 
60.0 58.0 61.0 61.0 
60.0 59.0 61.0 61.0 
59.0 60.0 59.0 60.0 
85.0 59.0 79.0 73.0 
59.0 58.0 61.0 61.0 
60.0 58.0 60.0 61.0 
59.0 59.0 59.0 59.0 
85.0 58.0 79.0 72.0 
59.0 58.0 61.0 61.0 
59.0 60.0 61.0 60.0 
58.0 60.0 60.0 59.0 
84.0 58.0 79.0 72.0 
60.0 58.0 61.0 61.0 
59.0 59.0 61.0 61.0 
60.0 59.0 57.0 59.0 
85.0 59.0 79.0 73.0 
59.0 59.0 61.0 61.0 
59.0 58.0 60.0 61.0 
59.0 59.0 59.0 59.0 
84.0 59.0 79.0 73.0 
59.0 58.0 61.0 61.0 
59.0 59.0 60.0 62.0 
59.0 59.0 60.0 59.0 
85.0 59.0 79.0 73.0 
59.0 59.0 60.0 61.0 
59.0 58.0 61.0 61.0 
59.0 59.0 59.0 60.0 
84.0 59.0 80.0 73.0 
60.0 58.0 61.0 60.0 
59.0 58.0 61.0 61.0 
59.0 59.0 60.0 59.0 
85.0 59.0 79.0 73.0 
59.0 59.0 60.0 60.0 
60.0 59.0 60.0 60.0 
60.0 58.0 58.0 59.0 
84.0 60.0 80.0 72.0 
59.0 57.0 61.0 60.0 
59.0 59.0 61.0 61.0 
58.0 59.0 59.0 59.0 
85.0 59.0 79.0 73.0 
59.0 58.0 61.0 61.0 
59.0 59.0 61.0 61.0 
59.0 59.0 59.0 59.0 
85.0 59.0 79.0 73.0 
60.0 59.0 62.0 61.0 
60.0 58.0 61.0 61.0 
59.0 59.0 58.0 59.0 
85.0 59.0 79.0 73.0 
60.0 59.0 60.0 61.0 
60.0 57.0 60.0 61.0 
57.0 59.0 58.0 60.0 
83.0 57.0 79.0 74.0 
59.0 59.0 61.0 62.0 
59.0 60.0 60.0 62.0 
59.0 60.0 60.0 60.0 
84.0 59.0 79.0 73.0 
60.0 59.0 61.0 61.0 
59.0 58.0 60.0 61.0 
58.0 59.0 59.0 59.0 
84.0 59.0 79.0 72.0 
59.0 58.0 60.0 61.0 
59.0 59.0 60.0 61.0 
59.0 59.0 59.0 59.0 
85.0 59.0 79.0 73.0 
60.0 58.0 61.0 61.0 
59.0 59.0 62.0 61.0 
59.0 58.0 59.0 60.0 
85.0 58.0 80.0 73.0 
59.0 58.0 60.0 61.0 
59.0 59.0 60.0 61.0 
60.0 59.0 59.0 59.0 
84.0 59.0 80.0 72.0 
59.0 58.0 60.0 60.0 
59.0 56.0 61.0 61.0 
59.0 60.0 59.0 59.0 
84.0 59.0 80.0 73.0 
59.0 59.0 61.0 61.0 
59.0 59.0 60.0 60.0 
59.0 59.0 59.0 59.0 
85.0 60.0 79.0 72.0 
60.0 58.0 61.0 61.0 
59.0 58.0 61.0 61.0 
59.0 59.0 60.0 59.0 
85.0 59.0 80.0 73.0 
61.0 59.0 60.0 61.0 
59.0 59.0 60.0 61.0 
59.0 59.0 58.0 59.0 
85.0 60.0 79.0 72.0 
59.0 58.0 61.0 61.0 
60.0 58.0 60.0 61.0 
59.0 60.0 59.0 60.0 
84.0 59.0 79.0 74.0 
59.0 58.0 61.0 61.0 
59.0 58.0 60.0 61.0 
59.0 60.0 59.0 59.0 
84.0 59.0 80.0 73.0 
59.0 59.0 61.0 61.0 
59.0 58.0 60.0 61.0 
60.0 59.0 59.0 59.0 
85.0 60.0 78.0 73.0 
60.0 59.0 61.0 61.0 
60.0 59.0 61.0 61.0 
59.0 59.0 59.0 59.0 
85.0 59.0 80.0 73.0 
59.0 58.0 60.0 61.0 
59.0 59.0 60.0 61.0 
59.0 60.0 59.0 59.0 
85.0 59.0 78.0 72.0 
60.0 57.0 61.0 61.0 
59.0 58.0 60.0 62.0 
60.0 59.0 59.0 59.0 
85.0 59.0 80.0 73.0 
60.0 59.0 60.0 60.0 
60.0 59.0 60.0 61.0 
59.0 60.0 59.0 59.0 
85.0 59.0 78.0 72.0 
59.0 58.0 60.0 62.0 
60.0 59.0 60.0 61.0 
59.0 58.0 60.0 60.0 
85.0 59.0 78.0 73.0 
59.0 58.0 60.0 61.0 
59.0 59.0 62.0 61.0 
59.0 60.0 59.0 58.0 
85.0 59.0 78.0 72.0 
60.0 58.0 61.0 61.0 
59.0 58.0 60.0 62.0 
60.0 61.0 59.0 60.0 
85.0 59.0 80.0 72.0 
60.0 58.0 62.0 61.0 
59.0 58.0 60.0 62.0 
59.0 60.0 59.0 59.0 
84.0 59.0 79.0 73.0 
61.0 58.0 62.0 61.0 
60.0 59.0 61.0 61.0 
59.0 60.0 59.0 60.0 
85.0 59.0 77.0 72.0 
60.0 59.0 62.0 61.0 
60.0 59.0 60.0 60.0 
58.0 59.0 59.0 60.0 
84.0 60.0 78.0 72.0 
60.0 59.0 62.0 62.0 
60.0 59.0 61.0 61.0 
59.0 60.0 59.0 59.0 
84.0 60.0 77.0 73.0 
60.0 58.0 61.0 61.0 
59.0 59.0 61.0 62.0 
59.0 60.0 59.0 60.0 
84.0 59.0 78.0 73.0 
60.0 59.0 61.0 62.0 
60.0 59.0 61.0 61.0 
59.0 59.0 60.0 59.0 
83.0 59.0 77.0 72.0 
60.0 59.0 61.0 61.0 
59.0 60.0 60.0 62.0 
60.0 60.0 59.0 60.0 
84.0 59.0 77.0 72.0 
60.0 59.0 62.0 61.0 
58.0 59.0 61.0 61.0 
59.0 59.0 60.0 58.0 
84.0 59.0 78.0 72.0 
60.0 58.0 61.0 61.0 
60.0 59.0 61.0 62.0 
59.0 60.0 58.0 58.0 
84.0 60.0 77.0 71.0 
60.0 59.0 61.0 61.0 
59.0 59.0 60.0 62.0 
59.0 60.0 60.0 60.0 
84.0 59.0 77.0 71.0 
59.0 58.0 62.0 61.0 
60.0 59.0 61.0 61.0 
59.0 59.0 59.0 60.0 
84.0 59.0 77.0 72.0 
61.0 59.0 61.0 61.0 
59.0 59.0 61.0 62.0 
60.0 60.0 59.0 60.0 
84.0 59.0 77.0 71.0 
59.0 59.0 61.0 61.0 
60.0 58.0 61.0 62.0 
58.0 59.0 59.0 60.0 
85.0 59.0 77.0 72.0 
60.0 59.0 62.0 62.0 
60.0 59.0 61.0 61.0 
59.0 59.0 58.0 60.0 
84.0 59.0 77.0 72.0 
60.0 58.0 62.0 62.0 
59.0 59.0 61.0 62.0 
59.0 59.0 60.0 59.0 
84.0 59.0 77.0 72.0 
60.0 58.0 61.0 61.0 
60.0 58.0 61.0 62.0 
59.0 60.0 59.0 60.0 
84.0 59.0 78.0 71.0 
58.0 58.0 61.0 61.0 
59.0 59.0 61.0 61.0 
59.0 60.0 59.0 59.0 
84.0 59.0 78.0 72.0 
59.0 59.0 61.0 62.0 
60.0 58.0 61.0 61.0 
59.0 60.0 59.0 59.0 
83.0 59.0 77.0 72.0 
59.0 59.0 61.0 61.0 
59.0 60.0 60.0 62.0 
60.0 60.0 59.0 61.0 
84.0 59.0 78.0 72.0 
60.0 58.0 62.0 62.0 
60.0 59.0 61.0 61.0 
59.0 59.0 59.0 60.0 
84.0 59.0 77.0 72.0 
60.0 58.0 62.0 61.0 
60.0 59.0 60.0 61.0 
60.0 60.0 58.0 60.0 
84.0 60.0 77.0 71.0 
60.0 58.0 62.0 62.0 
60.0 60.0 61.0 61.0 
60.0 59.0 60.0 60.0 
83.0 59.0 77.0 73.0 
60.0 58.0 62.0 63.0 
59.0 59.0 60.0 62.0 
59.0 59.0 60.0 59.0 
83.0 59.0 77.0 72.0 
60.0 59.0 61.0 62.0 
60.0 59.0 60.0 61.0 
59.0 60.0 60.0 58.0 
84.0 59.0 77.0 72.0 
59.0 59.0 62.0 62.0 
60.0 59.0 61.0 62.0 
59.0 60.0 59.0 59.0 
84.0 59.0 77.0 72.0 
60.0 59.0 61.0 61.0 
60.0 59.0 62.0 61.0 
59.0 60.0 59.0 60.0 
84.0 59.0 77.0 73.0 
60.0 59.0 61.0 62.0 
60.0 59.0 62.0 61.0 
59.0 60.0 60.0 60.0 
83.0 59.0 78.0 72.0 
60.0 58.0 63.0 61.0 
59.0 59.0 60.0 62.0 
59.0 59.0 59.0 59.0 
83.0 60.0 78.0 72.0 
60.0 58.0 62.0 62.0 
60.0 59.0 60.0 61.0 
60.0 60.0 59.0 59.0 
83.0 60.0 77.0 72.0 
60.0 58.0 63.0 61.0 
60.0 59.0 59.0 61.0 
60.0 59.0 60.0 60.0 
85.0 59.0 77.0 72.0 
61.0 58.0 62.0 62.0 
60.0 58.0 62.0 62.0 
59.0 60.0 59.0 59.0 
84.0 60.0 77.0 72.0 
61.0 58.0 62.0 61.0 
59.0 59.0 60.0 61.0 
60.0 59.0 59.0 60.0 
83.0 59.0 77.0 71.0 
60.0 58.0 62.0 62.0 
59.0 58.0 60.0 61.0 
59.0 60.0 60.0 60.0 
84.0 59.0 77.0 72.0 
60.0 59.0 61.0 62.0 
60.0 59.0 61.0 61.0 
59.0 59.0 60.0 60.0 
84.0 59.0 78.0 72.0 
59.0 59.0 62.0 62.0 
59.0 59.0 61.0 62.0 
59.0 59.0 59.0 59.0 
84.0 59.0 78.0 72.0 
60.0 59.0 61.0 61.0 
59.0 59.0 61.0 61.0 
60.0 58.0 59.0 60.0 
84.0 59.0 78.0 71.0 
59.0 58.0 62.0 61.0 
60.0 60.0 61.0 61.0 
59.0 60.0 59.0 60.0 
84.0 59.0 78.0 71.0 
61.0 59.0 62.0 63.0 
60.0 60.0 62.0 62.0 
59.0 60.0 60.0 60.0 
84.0 59.0 78.0 72.0 
60.0 59.0 62.0 62.0 
60.0 58.0 61.0 61.0 
59.0 59.0 58.0 60.0 
84.0 59.0 78.0 72.0 
60.0 58.0 61.0 60.0 
60.0 59.0 62.0 61.0 
59.0 60.0 59.0 60.0 
86.0 60.0 78.0 72.0 
60.0 58.0 62.0 62.0 
60.0 58.0 61.0 61.0 
59.0 60.0 61.0 60.0 
84.0 60.0 78.0 73.0 
61.0 58.0 62.0 62.0 
60.0 59.0 61.0 62.0 
59.0 60.0 61.0 60.0 
84.0 59.0 78.0 72.0 
60.0 58.0 62.0 62.0 
60.0 59.0 61.0 61.0 
59.0 60.0 59.0 59.0 
84.0 59.0 77.0 73.0 
60.0 57.0 62.0 62.0 
59.0 58.0 61.0 62.0 
59.0 60.0 59.0 60.0 
84.0 58.0 78.0 73.0 
60.0 59.0 62.0 61.0 
60.0 59.0 61.0 62.0 
59.0 60.0 59.0 60.0 
84.0 60.0 76.0 72.0 
61.0 59.0 62.0 62.0 
59.0 60.0 61.0 61.0 
59.0 60.0 60.0 61.0 
84.0 60.0 77.0 72.0 
60.0 59.0 61.0 62.0 
60.0 59.0 61.0 61.0 
59.0 60.0 60.0 60.0 
84.0 59.0 77.0 72.0 
60.0 59.0 62.0 62.0 
60.0 58.0 61.0 62.0 
60.0 60.0 59.0 60.0 
84.0 59.0 78.0 72.0 
60.0 58.0 62.0 62.0 
59.0 59.0 60.0 61.0 
59.0 60.0 60.0 60.0 
84.0 59.0 78.0 72.0 
62.0 58.0 61.0 61.0 
60.0 58.0 62.0 61.0 
60.0 59.0 59.0 59.0 
84.0 59.0 78.0 72.0 
60.0 59.0 62.0 61.0 
59.0 61.0 60.0 62.0 
59.0 60.0 59.0 60.0 
83.0 59.0 78.0 72.0 
60.0 59.0 62.0 62.0 
60.0 59.0 61.0 61.0 
59.0 59.0 60.0 59.0 
84.0 59.0 78.0 71.0 
60.0 59.0 61.0 62.0 
60.0 60.0 63.0 61.0 
59.0 60.0 59.0 60.0 
83.0 59.0 78.0 72.0 
60.0 59.0 62.0 62.0 
60.0 60.0 61.0 62.0 
59.0 60.0 60.0 60.0 
85.0 59.0 78.0 72.0 
59.0 59.0 61.0 62.0 
60.0 59.0 62.0 62.0 
60.0 59.0 60.0 58.0 
82.0 59.0 78.0 72.0 
60.0 60.0 62.0 62.0 
59.0 60.0 61.0 62.0 
58.0 59.0 60.0 60.0 
84.0 59.0 78.0 73.0 
61.0 58.0 62.0 62.0 
60.0 58.0 61.0 62.0 
59.0 60.0 59.0 60.0 
84.0 59.0 78.0 72.0 
59.0 60.0 62.0 62.0 
60.0 58.0 62.0 61.0 
60.0 59.0 60.0 60.0 
83.0 59.0 78.0 73.0 
60.0 59.0 62.0 61.0 
60.0 59.0 60.0 61.0 
59.0 59.0 59.0 59.0 
84.0 59.0 78.0 71.0 
60.0 59.0 62.0 62.0 
59.0 60.0 61.0 61.0 
59.0 60.0 60.0 60.0 
84.0 59.0 78.0 72.0 
60.0 59.0 62.0 62.0 
60.0 59.0 62.0 61.0 
60.0 59.0 60.0 60.0 
83.0 59.0 78.0 72.0 
60.0 59.0 62.0 63.0 
60.0 59.0 61.0 62.0 
60.0 59.0 60.0 60.0 
82.0 59.0 77.0 73.0 
60.0 59.0 61.0 63.0 
60.0 59.0 60.0 62.0 
60.0 60.0 59.0 60.0 
84.0 59.0 78.0 71.0 
60.0 59.0 61.0 62.0 
61.0 60.0 62.0 61.0 
59.0 60.0 59.0 59.0 
83.0 59.0 77.0 72.0 
60.0 59.0 61.0 62.0 
59.0 59.0 60.0 62.0 
60.0 60.0 59.0 60.0 
84.0 59.0 78.0 72.0 
61.0 58.0 62.0 62.0 
60.0 60.0 61.0 61.0 
60.0 60.0 59.0 60.0 
83.0 59.0 78.0 73.0 
60.0 58.0 62.0 62.0 
61.0 58.0 61.0 61.0 
59.0 60.0 60.0 60.0 
83.0 59.0 78.0 72.0 
59.0 59.0 62.0 63.0 
60.0 59.0 61.0 62.0 
60.0 59.0 60.0 59.0 
83.0 59.0 77.0 72.0 
60.0 59.0 62.0 62.0 
61.0 58.0 62.0 61.0 
59.0 59.0 60.0 59.0 
83.0 60.0 77.0 72.0 
60.0 59.0 62.0 62.0 
60.0 59.0 61.0 62.0 
60.0 59.0 59.0 60.0 
83.0 59.0 78.0 72.0 
60.0 58.0 62.0 62.0 
60.0 59.0 61.0 61.0 
59.0 60.0 59.0 60.0 
84.0 59.0 78.0 72.0 
61.0 59.0 64.0 65.0 
60.0 59.0 62.0 62.0 
61.0 58.0 59.0 60.0 
83.0 60.0 76.0 71.0 
63.0 59.0 68.0 67.0 
57.0 60.0 60.0 61.0 
60.0 60.0 60.0 60.0 
83.0 60.0 77.0 71.0 
63.0 59.0 68.0 68.0 
59.0 59.0 60.0 60.0 
60.0 60.0 61.0 62.0 
82.0 59.0 77.0 71.0 
63.0 59.0 69.0 67.0 
59.0 59.0 60.0 60.0 
61.0 60.0 62.0 61.0 
83.0 59.0 76.0 69.0 
62.0 59.0 69.0 68.0 
59.0 59.0 59.0 61.0 
61.0 60.0 60.0 62.0 
83.0 60.0 77.0 70.0 
64.0 58.0 70.0 67.0 
59.0 59.0 60.0 61.0 
59.0 62.0 61.0 61.0 
83.0 59.0 77.0 70.0 
64.0 58.0 69.0 68.0 
59.0 59.0 61.0 61.0 
59.0 60.0 61.0 62.0 
83.0 59.0 77.0 71.0 
64.0 59.0 69.0 69.0 
59.0 60.0 59.0 61.0 
60.0 60.0 61.0 62.0 
83.0 59.0 74.0 70.0 
64.0 58.0 70.0 68.0 
60.0 59.0 61.0 62.0 
60.0 60.0 61.0 62.0 
82.0 58.0 76.0 71.0 
64.0 59.0 69.0 68.0 
60.0 59.0 60.0 62.0 
61.0 60.0 61.0 62.0 
82.0 59.0 76.0 70.0 
64.0 58.0 69.0 67.0 
60.0 59.0 61.0 61.0 
61.0 60.0 61.0 63.0 
82.0 61.0 75.0 70.0 
64.0 59.0 71.0 68.0 
59.0 58.0 58.0 62.0 
61.0 60.0 61.0 61.0 
82.0 60.0 76.0 70.0 
64.0 59.0 69.0 67.0 
60.0 60.0 61.0 62.0 
61.0 60.0 63.0 62.0 
82.0 59.0 76.0 69.0 
63.0 59.0 70.0 67.0 
60.0 59.0 60.0 61.0 
61.0 60.0 62.0 63.0 
82.0 58.0 76.0 71.0 
63.0 58.0 70.0 68.0 
59.0 60.0 61.0 62.0 
62.0 59.0 61.0 62.0 
83.0 60.0 75.0 71.0 
65.0 58.0 70.0 68.0 
60.0 59.0 60.0 62.0 
61.0 59.0 61.0 62.0 
83.0 60.0 75.0 70.0 
64.0 59.0 69.0 68.0 
59.0 60.0 60.0 62.0 
61.0 60.0 62.0 62.0 
82.0 59.0 75.0 71.0 
65.0 58.0 70.0 67.0 
60.0 59.0 60.0 62.0 
60.0 58.0 62.0 62.0 
82.0 60.0 75.0 71.0 
63.0 58.0 70.0 69.0 
61.0 59.0 60.0 62.0 
61.0 61.0 62.0 62.0 
82.0 59.0 75.0 71.0 
63.0 58.0 70.0 69.0 
60.0 59.0 60.0 62.0 
61.0 60.0 62.0 61.0 
82.0 59.0 76.0 71.0 
63.0 59.0 69.0 68.0 
60.0 59.0 60.0 62.0 
61.0 60.0 62.0 62.0 
83.0 58.0 76.0 71.0 
63.0 59.0 70.0 68.0 
59.0 59.0 61.0 61.0 
61.0 60.0 61.0 62.0 
83.0 59.0 77.0 71.0 
64.0 59.0 70.0 67.0 
60.0 59.0 60.0 62.0 
60.0 60.0 61.0 62.0 
83.0 60.0 75.0 71.0 
64.0 59.0 69.0 68.0 
60.0 59.0 61.0 62.0 
60.0 60.0 62.0 63.0 
83.0 60.0 76.0 71.0 
63.0 58.0 70.0 68.0 
60.0 60.0 61.0 62.0 
61.0 59.0 62.0 62.0 
83.0 60.0 76.0 71.0 
63.0 59.0 70.0 68.0 
59.0 60.0 61.0 62.0 
60.0 60.0 62.0 61.0 
82.0 59.0 76.0 70.0 
64.0 58.0 70.0 69.0 
61.0 58.0 62.0 62.0 
62.0 60.0 60.0 63.0 
82.0 60.0 75.0 71.0 
64.0 58.0 69.0 68.0 
60.0 58.0 61.0 62.0 
60.0 60.0 61.0 62.0 
82.0 60.0 76.0 71.0 
65.0 58.0 70.0 69.0 
61.0 59.0 60.0 62.0 
61.0 59.0 60.0 62.0 
82.0 60.0 76.0 70.0 
64.0 58.0 69.0 68.0 
59.0 60.0 60.0 62.0 
60.0 59.0 61.0 62.0 
82.0 59.0 76.0 71.0 
64.0 59.0 70.0 69.0 
60.0 60.0 60.0 62.0 
61.0 60.0 60.0 62.0 
84.0 59.0 76.0 71.0 
64.0 59.0 69.0 68.0 
60.0 59.0 61.0 62.0 
60.0 59.0 61.0 63.0 
83.0 59.0 77.0 70.0 
63.0 58.0 69.0 68.0 
60.0 60.0 61.0 62.0 
61.0 59.0 60.0 62.0 
84.0 60.0 77.0 71.0 
65.0 59.0 69.0 68.0 
60.0 60.0 62.0 62.0 
60.0 60.0 60.0 63.0 
83.0 60.0 77.0 70.0 
64.0 58.0 69.0 68.0 
60.0 59.0 59.0 61.0 
61.0 59.0 61.0 61.0 
82.0 59.0 78.0 71.0 
64.0 58.0 70.0 68.0 
59.0 59.0 60.0 61.0 
61.0 60.0 61.0 61.0 
83.0 59.0 79.0 71.0 
64.0 59.0 70.0 68.0 
59.0 59.0 59.0 61.0 
61.0 60.0 61.0 62.0 
84.0 60.0 79.0 71.0 
64.0 59.0 71.0 68.0 
59.0 60.0 60.0 61.0 
61.0 59.0 62.0 62.0 
84.0 61.0 78.0 72.0 
64.0 59.0 71.0 69.0 
59.0 60.0 61.0 61.0 
60.0 61.0 61.0 61.0 
84.0 59.0 79.0 72.0 
64.0 59.0 72.0 69.0 
59.0 59.0 61.0 60.0 
61.0 59.0 62.0 62.0 
84.0 60.0 78.0 72.0 
64.0 59.0 71.0 69.0 
58.0 59.0 60.0 60.0 
61.0 60.0 63.0 62.0 
87.0 59.0 80.0 72.0 
63.0 60.0 73.0 69.0 
59.0 59.0 59.0 60.0 
61.0 60.0 63.0 61.0 
85.0 59.0 80.0 72.0 
64.0 58.0 73.0 67.0 
58.0 59.0 59.0 60.0 
59.0 60.0 63.0 62.0 
87.0 58.0 80.0 71.0 
63.0 58.0 73.0 68.0 
58.0 59.0 59.0 60.0 
60.0 60.0 64.0 62.0 
86.0 59.0 80.0 72.0 
63.0 59.0 72.0 67.0 
59.0 59.0 59.0 60.0 
61.0 60.0 64.0 62.0 
80.0 60.0 81.0 71.0 
63.0 59.0 73.0 67.0 
59.0 60.0 58.0 60.0 
61.0 60.0 64.0 62.0 
85.0 59.0 81.0 72.0 
63.0 58.0 74.0 67.0 
59.0 60.0 59.0 60.0 
60.0 60.0 63.0 61.0 
83.0 59.0 80.0 72.0 
62.0 58.0 72.0 67.0 
57.0 60.0 59.0 60.0 
60.0 60.0 64.0 63.0 
66.0 60.0 79.0 70.0 
63.0 58.0 72.0 67.0 
59.0 59.0 58.0 60.0 
61.0 60.0 64.0 62.0 
64.0 60.0 80.0 70.0 
63.0 59.0 70.0 67.0 
59.0 59.0 58.0 59.0 
60.0 60.0 63.0 62.0 
64.0 58.0 79.0 71.0 
64.0 59.0 71.0 67.0 
59.0 58.0 58.0 60.0 
61.0 61.0 62.0 62.0 
65.0 60.0 79.0 70.0 
64.0 58.0 70.0 67.0 
59.0 59.0 58.0 60.0 
61.0 60.0 63.0 63.0 
64.0 60.0 77.0 71.0 
64.0 58.0 70.0 68.0 
59.0 58.0 59.0 60.0 
61.0 61.0 63.0 63.0 
66.0 59.0 78.0 70.0 
65.0 58.0 68.0 67.0 
59.0 59.0 58.0 60.0 
62.0 61.0 62.0 62.0 
67.0 60.0 78.0 71.0 
64.0 59.0 68.0 67.0 
59.0 60.0 58.0 60.0 
63.0 59.0 62.0 63.0 
69.0 60.0 76.0 71.0 
65.0 59.0 67.0 69.0 
59.0 59.0 60.0 60.0 
63.0 59.0 61.0 63.0 
67.0 60.0 77.0 71.0 
64.0 59.0 68.0 68.0 
60.0 59.0 59.0 60.0 
62.0 60.0 61.0 63.0 
77.0 60.0 76.0 72.0 
64.0 58.0 67.0 69.0 
60.0 59.0 60.0 61.0 
62.0 60.0 61.0 62.0 
75.0 59.0 76.0 72.0 
65.0 59.0 68.0 69.0 
60.0 58.0 60.0 62.0 
62.0 60.0 61.0 62.0 
78.0 60.0 75.0 72.0 
65.0 59.0 66.0 70.0 
61.0 59.0 61.0 63.0 
62.0 59.0 61.0 63.0 
78.0 60.0 75.0 73.0 
64.0 58.0 67.0 70.0 
61.0 60.0 61.0 63.0 
62.0 60.0 61.0 63.0 
79.0 59.0 76.0 73.0 
65.0 59.0 66.0 70.0 
62.0 59.0 62.0 64.0 
61.0 61.0 61.0 62.0 
75.0 58.0 77.0 73.0 
65.0 59.0 67.0 69.0 
62.0 60.0 62.0 65.0 
61.0 60.0 62.0 62.0 
72.0 59.0 76.0 74.0 
65.0 60.0 66.0 69.0 
63.0 59.0 62.0 65.0 
61.0 60.0 61.0 62.0 
71.0 60.0 75.0 74.0 
65.0 59.0 66.0 70.0 
64.0 59.0 63.0 66.0 
61.0 61.0 61.0 61.0 
71.0 59.0 74.0 72.0 
65.0 59.0 66.0 70.0 
63.0 59.0 62.0 65.0 
62.0 60.0 60.0 62.0 
70.0 59.0 73.0 73.0 
65.0 59.0 67.0 70.0 
64.0 60.0 62.0 65.0 
63.0 59.0 61.0 63.0 
71.0 60.0 74.0 75.0 
65.0 59.0 65.0 69.0 
63.0 59.0 62.0 65.0 
63.0 60.0 61.0 65.0 
68.0 64.0 73.0 72.0 
62.0 63.0 65.0 67.0 
63.0 63.0 62.0 65.0 
63.0 64.0 61.0 64.0 
70.0 65.0 68.0 74.0 
61.0 63.0 62.0 67.0 
63.0 64.0 62.0 66.0 
63.0 63.0 62.0 64.0 
74.0 67.0 63.0 77.0 
61.0 62.0 59.0 66.0 
63.0 64.0 60.0 67.0 
64.0 64.0 60.0 66.0 
72.0 67.0 61.0 79.0 
61.0 62.0 60.0 67.0 
63.0 64.0 60.0 67.0 
65.0 65.0 60.0 67.0 
74.0 68.0 61.0 82.0 
61.0 62.0 59.0 66.0 
63.0 64.0 60.0 67.0 
65.0 65.0 61.0 67.0 
69.0 67.0 61.0 83.0 
61.0 62.0 60.0 66.0 
64.0 65.0 61.0 68.0 
64.0 65.0 60.0 65.0 
75.0 70.0 61.0 83.0 
63.0 63.0 59.0 68.0 
68.0 69.0 60.0 73.0 
59.0 58.0 61.0 59.0 
70.0 68.0 66.0 82.0 
62.0 64.0 61.0 69.0 
69.0 71.0 61.0 72.0 
59.0 60.0 60.0 59.0 
78.0 69.0 68.0 83.0 
63.0 63.0 61.0 67.0 
69.0 69.0 62.0 72.0 
58.0 59.0 61.0 58.0 
66.0 67.0 67.0 84.0 
63.0 64.0 62.0 69.0 
69.0 70.0 61.0 72.0 
58.0 59.0 59.0 59.0 
85.0 60.0 84.0 61.0 
70.0 58.0 65.0 60.0 
82.0 60.0 66.0 61.0 
57.0 60.0 59.0 60.0 
79.0 60.0 91.0 82.0 
65.0 60.0 65.0 70.0 
75.0 59.0 63.0 76.0 
58.0 60.0 59.0 58.0 
74.0 60.0 95.0 81.0 
65.0 58.0 67.0 70.0 
76.0 59.0 64.0 77.0 
58.0 61.0 58.0 60.0 
78.0 61.0 96.0 83.0 
65.0 59.0 65.0 70.0 
75.0 60.0 64.0 77.0 
58.0 60.0 58.0 58.0 
66.0 59.0 106.0 82.0 
64.0 55.0 71.0 69.0 
75.0 59.0 86.0 78.0 
58.0 61.0 56.0 58.0 
67.0 59.0 115.0 81.0 
64.0 59.0 73.0 68.0 
74.0 59.0 86.0 74.0 
69.0 60.0 76.0 70.0 
66.0 59.0 118.0 81.0 
64.0 60.0 73.0 67.0 
70.0 59.0 87.0 73.0 
70.0 61.0 81.0 71.0 
66.0 59.0 119.0 81.0 
62.0 58.0 72.0 67.0 
70.0 59.0 92.0 73.0 
70.0 59.0 84.0 70.0 
66.0 59.0 125.0 81.0 
62.0 58.0 71.0 66.0 
71.0 60.0 95.0 74.0 
70.0 60.0 86.0 72.0 
69.0 59.0 131.0 83.0 
63.0 59.0 73.0 67.0 
70.0 59.0 137.0 77.0 
70.0 60.0 115.0 72.0 
72.0 59.0 143.0 84.0 
62.0 58.0 73.0 65.0 
71.0 60.0 168.0 79.0 
71.0 59.0 148.0 75.0 
74.0 59.0 164.0 87.0 
62.0 58.0 75.0 65.0 
71.0 59.0 179.0 79.0 
71.0 60.0 179.0 78.0 
71.0 59.0 200.0 90.0 
62.0 59.0 78.0 65.0 
71.0 60.0 233.0 83.0 
71.0 59.0 227.0 82.0 
81.0 60.0 249.0 95.0 
62.0 59.0 78.0 65.0 
73.0 60.0 308.0 92.0 
72.0 60.0 287.0 88.0 
81.0 60.0 299.0 102.0 
61.0 58.0 79.0 64.0 
78.0 63.0 402.0 105.0 
72.0 61.0 302.0 90.0 
79.0 62.0 324.0 104.0 
61.0 59.0 80.0 64.0 
79.0 64.0 423.0 110.0 
73.0 62.0 333.0 95.0 
77.0 62.0 348.0 109.0 
61.0 59.0 80.0 64.0 
80.0 64.0 431.0 112.0 
76.0 64.0 386.0 105.0 
80.0 62.0 377.0 118.0 
60.0 59.0 79.0 63.0 
83.0 65.0 489.0 123.0 
74.0 62.0 354.0 99.0 
77.0 62.0 376.0 123.0 
60.0 60.0 75.0 63.0 
84.0 65.0 478.0 124.0 
77.0 63.0 402.0 109.0 
78.0 63.0 399.0 131.0 
60.0 59.0 75.0 63.0 
80.0 63.0 436.0 120.0 
78.0 64.0 412.0 113.0 
83.0 65.0 461.0 148.0 
59.0 58.0 74.0 63.0 
79.0 63.0 417.0 119.0 
78.0 63.0 406.0 115.0 
86.0 65.0 500.0 165.0 
60.0 58.0 74.0 63.0 
78.0 62.0 395.0 117.0 
78.0 63.0 398.0 115.0 
86.0 66.0 495.0 169.0 
60.0 59.0 73.0 63.0 
79.0 63.0 406.0 120.0 
79.0 62.0 387.0 115.0 
87.0 65.0 483.0 173.0 
59.0 59.0 71.0 62.0 
82.0 64.0 428.0 129.0 
81.0 63.0 416.0 123.0 
82.0 63.0 435.0 169.0 
61.0 59.0 71.0 63.0 
78.0 62.0 364.0 122.0 
80.0 62.0 400.0 127.0 
84.0 63.0 421.0 200.0 
60.0 58.0 71.0 63.0 
80.0 63.0 376.0 128.0 
78.0 63.0 388.0 128.0 
85.0 63.0 427.0 233.0 
60.0 59.0 69.0 62.0 
83.0 61.0 391.0 143.0 
78.0 63.0 386.0 135.0 
90.0 63.0 439.0 276.0 
59.0 58.0 69.0 62.0 
85.0 62.0 362.0 169.0 
78.0 61.0 346.0 144.0 
91.0 63.0 388.0 313.0 
60.0 59.0 69.0 63.0 
87.0 61.0 334.0 227.0 
78.0 62.0 332.0 189.0 
93.0 64.0 369.0 360.0 
61.0 58.0 68.0 62.0 
91.0 63.0 313.0 295.0 
79.0 62.0 315.0 229.0 
99.0 65.0 341.0 408.0 
61.0 59.0 68.0 61.0 
96.0 62.0 297.0 377.0 
79.0 61.0 274.0 247.0 
103.0 64.0 307.0 451.0 
59.0 59.0 69.0 61.0 
104.0 63.0 270.0 427.0 
78.0 60.0 239.0 246.0 
110.0 65.0 291.0 486.0 
59.0 59.0 69.0 58.0 
105.0 63.0 257.0 449.0 
76.0 61.0 195.0 229.0 
113.0 66.0 272.0 504.0 
60.0 59.0 69.0 58.0 
105.0 63.0 226.0 452.0 
75.0 60.0 166.0 222.0 
108.0 64.0 247.0 454.0 
59.0 59.0 72.0 58.0 
108.0 65.0 227.0 480.0 
78.0 60.0 153.0 237.0 
110.0 65.0 245.0 492.0 
59.0 59.0 71.0 56.0 
109.0 65.0 215.0 483.0 
75.0 60.0 144.0 218.0 
116.0 67.0 240.0 523.0 
59.0 58.0 72.0 54.0 
110.0 64.0 199.0 469.0 
75.0 60.0 134.0 205.0 
119.0 65.0 226.0 514.0 
58.0 59.0 72.0 54.0 
105.0 63.0 178.0 437.0 
74.0 60.0 125.0 198.0 
105.0 64.0 200.0 458.0 
58.0 59.0 67.0 52.0 
111.0 64.0 168.0 480.0 
74.0 59.0 108.0 197.0 
126.0 66.0 202.0 529.0 
59.0 58.0 67.0 52.0 
100.0 63.0 150.0 421.0 
73.0 60.0 105.0 195.0 
128.0 66.0 174.0 526.0 
59.0 60.0 67.0 52.0 
103.0 62.0 138.0 396.0 
74.0 60.0 104.0 207.0 
142.0 66.0 174.0 542.0 
58.0 59.0 68.0 52.0 
97.0 61.0 126.0 361.0 
73.0 60.0 97.0 186.0 
140.0 65.0 161.0 499.0 
58.0 60.0 67.0 53.0 
97.0 61.0 120.0 345.0 
76.0 60.0 96.0 207.0 
144.0 65.0 151.0 512.0 
57.0 59.0 67.0 53.0 
103.0 60.0 115.0 342.0 
76.0 60.0 85.0 195.0 
152.0 65.0 145.0 493.0 
58.0 59.0 69.0 55.0 
102.0 61.0 103.0 325.0 
76.0 60.0 78.0 180.0 
145.0 63.0 132.0 426.0 
58.0 59.0 67.0 56.0 
115.0 60.0 104.0 338.0 
75.0 59.0 75.0 167.0 
148.0 63.0 128.0 410.0 
59.0 59.0 68.0 58.0 
122.0 60.0 104.0 336.0 
73.0 60.0 74.0 151.0 
155.0 61.0 124.0 393.0 
58.0 59.0 67.0 59.0 
118.0 59.0 97.0 289.0 
74.0 60.0 73.0 135.0 
164.0 61.0 122.0 364.0 
59.0 59.0 68.0 63.0 
123.0 61.0 97.0 295.0 
66.0 61.0 66.0 86.0 
170.0 61.0 120.0 356.0 
58.0 59.0 66.0 63.0 
133.0 60.0 99.0 291.0 
69.0 60.0 67.0 89.0 
181.0 61.0 117.0 345.0 
59.0 59.0 67.0 62.0 
128.0 60.0 92.0 253.0 
77.0 59.0 68.0 100.0 
185.0 549.0 117.0 300.0 
59.0 55.0 67.0 65.0 
124.0 365.0 88.0 207.0 
73.0 128.0 67.0 89.0 
183.0 605.0 112.0 291.0 
59.0 55.0 68.0 65.0 
124.0 367.0 86.0 191.0 
71.0 121.0 67.0 83.0 
186.0 580.0 111.0 270.0 
59.0 58.0 67.0 64.0 
111.0 293.0 82.0 159.0 
69.0 92.0 68.0 81.0 
199.0 640.0 108.0 257.0 
59.0 57.0 67.0 65.0 
124.0 363.0 85.0 164.0 
65.0 89.0 65.0 70.0 
209.0 654.0 108.0 243.0 
59.0 57.0 66.0 65.0 
131.0 371.0 83.0 156.0 
65.0 87.0 67.0 71.0 
218.0 643.0 104.0 229.0 
60.0 58.0 66.0 64.0 
126.0 331.0 80.0 140.0 
65.0 83.0 68.0 70.0 
239.0 642.0 102.0 218.0 
60.0 60.0 69.0 66.0 
122.0 296.0 77.0 128.0 
64.0 76.0 69.0 68.0 
254.0 651.0 101.0 214.0 
59.0 61.0 68.0 67.0 
131.0 312.0 79.0 128.0 
64.0 77.0 69.0 68.0 
283.0 638.0 100.0 203.0 
60.0 62.0 69.0 67.0 
138.0 320.0 76.0 125.0 
64.0 77.0 63.0 69.0 
288.0 577.0 100.0 182.0 
61.0 63.0 69.0 67.0 
155.0 331.0 74.0 117.0 
65.0 78.0 62.0 67.0 
341.0 558.0 100.0 172.0 
61.0 66.0 70.0 68.0 
160.0 339.0 77.0 118.0 
63.0 77.0 63.0 66.0 
388.0 560.0 102.0 169.0 
64.0 70.0 70.0 69.0 
181.0 324.0 77.0 118.0 
49.0 42.0 58.0 57.0 
462.0 449.0 99.0 150.0 
64.0 70.0 71.0 69.0 
182.0 268.0 74.0 105.0 
47.0 44.0 59.0 57.0 
481.0 421.0 99.0 140.0 
69.0 70.0 72.0 69.0 
273.0 243.0 75.0 104.0 
43.0 45.0 59.0 57.0 
490.0 369.0 98.0 129.0 
69.0 67.0 72.0 68.0 
249.0 191.0 73.0 94.0 
43.0 49.0 59.0 58.0 
578.0 361.0 98.0 128.0 
68.0 67.0 73.0 68.0 
197.0 137.0 71.0 84.0 
42.0 50.0 59.0 56.0 
561.0 329.0 100.0 125.0 
73.0 67.0 73.0 69.0 
268.0 149.0 73.0 87.0 
42.0 51.0 59.0 59.0 
554.0 289.0 100.0 118.0 
75.0 67.0 75.0 69.0 
303.0 139.0 80.0 87.0 
40.0 52.0 58.0 58.0 
588.0 259.0 98.0 111.0 
76.0 66.0 76.0 69.0 
319.0 137.0 87.0 88.0 
40.0 53.0 58.0 58.0 
560.0 211.0 102.0 105.0 
77.0 65.0 78.0 69.0 
311.0 123.0 104.0 88.0 
40.0 54.0 58.0 59.0 
565.0 202.0 104.0 103.0 
76.0 64.0 80.0 69.0 
332.0 124.0 118.0 88.0 
39.0 54.0 57.0 58.0 
572.0 190.0 107.0 101.0 
75.0 65.0 82.0 68.0 
310.0 114.0 133.0 86.0 
40.0 55.0 56.0 59.0 
541.0 177.0 107.0 100.0 
75.0 64.0 81.0 69.0 
295.0 106.0 134.0 85.0 
40.0 55.0 56.0 59.0 
524.0 159.0 109.0 98.0 
74.0 59.0 84.0 70.0 
260.0 61.0 179.0 88.0 
41.0 60.0 55.0 56.0 
546.0 157.0 116.0 99.0 
76.0 60.0 83.0 70.0 
310.0 95.0 205.0 92.0 
39.0 59.0 54.0 58.0 
550.0 66.0 115.0 125.0 
68.0 59.0 80.0 69.0 
297.0 61.0 192.0 102.0 
138.0 60.0 154.0 80.0 
498.0 66.0 111.0 113.0 
69.0 59.0 81.0 68.0 
284.0 62.0 290.0 108.0 
146.0 60.0 226.0 85.0 
456.0 65.0 101.0 108.0 
69.0 58.0 82.0 68.0 
232.0 62.0 362.0 111.0 
128.0 61.0 287.0 89.0 
433.0 64.0 92.0 102.0 
65.0 60.0 84.0 69.0 
184.0 64.0 445.0 115.0 
101.0 62.0 343.0 92.0 
344.0 62.0 80.0 92.0 
64.0 58.0 85.0 68.0 
143.0 67.0 523.0 120.0 
94.0 64.0 399.0 97.0 
291.0 61.0 75.0 89.0 
63.0 59.0 85.0 69.0 
104.0 66.0 539.0 118.0 
78.0 65.0 449.0 101.0 
212.0 60.0 66.0 82.0 
63.0 59.0 83.0 68.0 
88.0 68.0 567.0 117.0 
78.0 67.0 493.0 107.0 
182.0 60.0 63.0 79.0 
63.0 59.0 86.0 69.0 
86.0 66.0 579.0 119.0 
80.0 68.0 525.0 111.0 
160.0 60.0 60.0 78.0 
62.0 59.0 84.0 69.0 
85.0 65.0 607.0 121.0 
82.0 66.0 578.0 115.0 
143.0 60.0 59.0 75.0 
62.0 59.0 82.0 69.0 
89.0 64.0 650.0 131.0 
84.0 64.0 630.0 123.0 
112.0 60.0 58.0 73.0 
62.0 59.0 81.0 68.0 
89.0 63.0 665.0 144.0 
85.0 65.0 635.0 133.0 
111.0 58.0 58.0 74.0 
62.0 58.0 82.0 69.0 
90.0 63.0 678.0 157.0 
84.0 64.0 644.0 143.0 
110.0 60.0 59.0 74.0 
61.0 59.0 80.0 69.0 
90.0 63.0 684.0 170.0 
83.0 65.0 641.0 152.0 
110.0 59.0 59.0 73.0 
62.0 59.0 80.0 69.0 
90.0 62.0 682.0 188.0 
86.0 64.0 665.0 168.0 
110.0 59.0 58.0 72.0 
61.0 59.0 79.0 69.0 
90.0 63.0 682.0 198.0 
86.0 64.0 677.0 186.0 
110.0 59.0 58.0 71.0 
61.0 58.0 78.0 69.0 
91.0 63.0 688.0 225.0 
87.0 64.0 658.0 204.0 
106.0 60.0 58.0 70.0 
60.0 59.0 75.0 69.0 
95.0 63.0 688.0 271.0 
89.0 64.0 673.0 244.0 
101.0 59.0 58.0 68.0 
61.0 59.0 77.0 71.0 
98.0 64.0 700.0 327.0 
82.0 91.0 653.0 285.0 
101.0 60.0 58.0 67.0 
60.0 58.0 75.0 70.0 
102.0 105.0 683.0 367.0 
83.0 96.0 643.0 330.0 
96.0 60.0 57.0 64.0 
61.0 60.0 75.0 72.0 
108.0 106.0 669.0 434.0 
88.0 103.0 668.0 410.0 
96.0 59.0 58.0 62.0 
60.0 58.0 75.0 72.0 
113.0 69.0 656.0 499.0 
107.0 69.0 646.0 463.0 
94.0 59.0 59.0 62.0 
60.0 59.0 73.0 71.0 
117.0 70.0 639.0 530.0 
110.0 70.0 642.0 498.0 
90.0 60.0 59.0 61.0 
61.0 58.0 73.0 70.0 
123.0 71.0 642.0 562.0 
111.0 70.0 621.0 507.0 
88.0 60.0 61.0 61.0 
61.0 58.0 71.0 68.0 
123.0 70.0 608.0 593.0 
113.0 70.0 606.0 517.0 
85.0 60.0 61.0 60.0 
61.0 59.0 70.0 68.0 
128.0 68.0 607.0 629.0 
116.0 72.0 587.0 531.0 
72.0 59.0 61.0 58.0 
61.0 58.0 70.0 67.0 
135.0 68.0 574.0 629.0 
127.0 76.0 567.0 570.0 
70.0 60.0 62.0 56.0 
61.0 59.0 70.0 66.0 
136.0 71.0 548.0 652.0 
127.0 72.0 546.0 601.0 
68.0 59.0 63.0 55.0 
60.0 58.0 69.0 65.0 
138.0 68.0 530.0 677.0 
125.0 72.0 514.0 599.0 
66.0 61.0 65.0 56.0 
60.0 59.0 70.0 64.0 
136.0 70.0 498.0 658.0 
129.0 70.0 492.0 622.0 
65.0 62.0 66.0 55.0 
60.0 58.0 68.0 63.0 
139.0 68.0 469.0 676.0 
129.0 68.0 455.0 629.0 
62.0 60.0 68.0 55.0 
60.0 59.0 66.0 59.0 
142.0 66.0 442.0 677.0 
130.0 68.0 431.0 630.0 
60.0 61.0 68.0 54.0 
60.0 59.0 66.0 57.0 
144.0 65.0 413.0 677.0 
135.0 66.0 413.0 664.0 
59.0 60.0 68.0 53.0 
59.0 59.0 68.0 57.0 
147.0 66.0 415.0 675.0 
142.0 65.0 415.0 696.0 
60.0 60.0 69.0 53.0 
60.0 59.0 67.0 56.0 
148.0 65.0 386.0 658.0 
143.0 64.0 386.0 702.0 
60.0 60.0 71.0 55.0 
59.0 59.0 67.0 57.0 
152.0 63.0 354.0 679.0 
146.0 64.0 354.0 698.0 
59.0 60.0 71.0 52.0 
60.0 58.0 66.0 55.0 
155.0 64.0 328.0 654.0 
149.0 64.0 329.0 687.0 
59.0 59.0 72.0 52.0 
59.0 58.0 67.0 55.0 
157.0 65.0 327.0 674.0 
153.0 63.0 324.0 687.0 
60.0 60.0 71.0 52.0 
60.0 58.0 68.0 56.0 
160.0 64.0 327.0 668.0 
156.0 64.0 317.0 684.0 
59.0 60.0 72.0 53.0 
59.0 59.0 67.0 54.0 
170.0 63.0 331.0 662.0 
167.0 63.0 320.0 690.0 
60.0 60.0 72.0 53.0 
59.0 58.0 67.0 54.0 
179.0 64.0 311.0 659.0 
177.0 63.0 301.0 692.0 
60.0 61.0 74.0 55.0 
58.0 59.0 66.0 53.0 
178.0 64.0 291.0 650.0 
173.0 63.0 283.0 670.0 
65.0 60.0 73.0 56.0 
59.0 59.0 65.0 53.0 
188.0 63.0 262.0 645.0 
184.0 64.0 249.0 648.0 
66.0 60.0 75.0 56.0 
57.0 58.0 63.0 51.0 
191.0 64.0 250.0 624.0 
186.0 64.0 236.0 613.0 
65.0 59.0 74.0 55.0 
57.0 59.0 64.0 52.0 
190.0 64.0 232.0 602.0 
188.0 65.0 217.0 587.0 
65.0 60.0 73.0 56.0 
57.0 58.0 64.0 53.0 
194.0 65.0 209.0 577.0 
193.0 67.0 198.0 553.0 
65.0 59.0 74.0 57.0 
57.0 59.0 65.0 53.0 
203.0 66.0 202.0 546.0 
200.0 67.0 191.0 523.0 
67.0 59.0 75.0 59.0 
57.0 59.0 67.0 55.0 
214.0 66.0 179.0 513.0 
204.0 65.0 169.0 478.0 
67.0 59.0 76.0 60.0 
56.0 60.0 66.0 56.0 
219.0 64.0 175.0 484.0 
205.0 64.0 162.0 444.0 
68.0 59.0 77.0 61.0 
56.0 59.0 67.0 56.0 
233.0 64.0 155.0 465.0 
219.0 65.0 151.0 431.0 
69.0 60.0 78.0 63.0 
56.0 60.0 68.0 57.0 
234.0 63.0 158.0 439.0 
225.0 63.0 149.0 403.0 
73.0 60.0 78.0 64.0 
57.0 59.0 67.0 59.0 
248.0 63.0 141.0 431.0 
232.0 63.0 134.0 392.0 
71.0 59.0 78.0 65.0 
55.0 59.0 69.0 59.0 
249.0 63.0 132.0 395.0 
228.0 560.0 126.0 349.0 
72.0 59.0 78.0 66.0 
55.0 59.0 69.0 59.0 
261.0 64.0 129.0 404.0 
238.0 62.0 118.0 343.0 
70.0 60.0 79.0 66.0 
54.0 59.0 69.0 60.0 
284.0 63.0 127.0 386.0 
266.0 62.0 117.0 337.0 
69.0 60.0 78.0 68.0 
54.0 59.0 68.0 60.0 
324.0 64.0 123.0 377.0 
299.0 62.0 113.0 328.0 
68.0 58.0 78.0 68.0 
52.0 59.0 68.0 62.0 
388.0 64.0 121.0 353.0 
349.0 64.0 113.0 299.0 
66.0 61.0 79.0 71.0 
51.0 59.0 67.0 62.0 
423.0 64.0 115.0 323.0 
398.0 64.0 104.0 273.0 
64.0 60.0 80.0 72.0 
51.0 59.0 69.0 65.0 
471.0 66.0 113.0 300.0 
439.0 64.0 101.0 245.0 
63.0 59.0 79.0 72.0 
49.0 60.0 67.0 64.0 
498.0 66.0 102.0 278.0 
458.0 65.0 99.0 228.0 
63.0 59.0 79.0 73.0 
49.0 59.0 67.0 65.0 
522.0 68.0 109.0 275.0 
486.0 66.0 95.0 227.0 
63.0 60.0 81.0 74.0 
49.0 59.0 68.0 64.0 
561.0 66.0 103.0 262.0 
501.0 67.0 95.0 216.0 
62.0 60.0 80.0 74.0 
49.0 60.0 68.0 66.0 
595.0 65.0 97.0 255.0 
514.0 66.0 95.0 206.0 
62.0 59.0 80.0 74.0 
49.0 59.0 70.0 66.0 
619.0 66.0 105.0 246.0 
527.0 67.0 96.0 197.0 
61.0 60.0 82.0 76.0 
49.0 59.0 69.0 67.0 
632.0 65.0 102.0 238.0 
515.0 66.0 96.0 185.0 
61.0 60.0 81.0 76.0 
49.0 59.0 67.0 67.0 
654.0 65.0 93.0 235.0 
506.0 67.0 87.0 178.0 
66.0 60.0 86.0 81.0 
56.0 59.0 66.0 68.0 
681.0 63.0 89.0 225.0 
490.0 66.0 85.0 169.0 
76.0 59.0 88.0 82.0 
60.0 59.0 69.0 68.0 
767.0 62.0 100.0 225.0 
42.0 59.0 58.0 55.0 
75.0 59.0 88.0 82.0 
59.0 59.0 68.0 68.0 
778.0 63.0 102.0 219.0 
41.0 60.0 58.0 55.0 
75.0 60.0 93.0 81.0 
60.0 60.0 70.0 69.0 
790.0 62.0 100.0 212.0 
41.0 60.0 59.0 55.0 
76.0 59.0 94.0 83.0 
62.0 59.0 69.0 68.0 
791.0 62.0 96.0 208.0 
40.0 60.0 58.0 55.0 
75.0 60.0 96.0 83.0 
63.0 59.0 67.0 68.0 
797.0 62.0 90.0 201.0 
40.0 61.0 58.0 56.0 
77.0 60.0 97.0 83.0 
64.0 59.0 67.0 67.0 
782.0 61.0 90.0 193.0 
40.0 60.0 58.0 56.0 
78.0 59.0 97.0 84.0 
64.0 58.0 66.0 68.0 
784.0 61.0 90.0 185.0 
40.0 60.0 58.0 56.0 
77.0 59.0 106.0 83.0 
65.0 59.0 67.0 67.0 
776.0 62.0 89.0 163.0 
40.0 60.0 56.0 57.0 
68.0 58.0 106.0 81.0 
65.0 59.0 67.0 67.0 
692.0 62.0 85.0 148.0 
469.0 66.0 84.0 119.0 
57.0 60.0 108.0 80.0 
53.0 58.0 67.0 65.0 
671.0 63.0 85.0 141.0 
466.0 66.0 84.0 117.0 
61.0 60.0 112.0 81.0 
54.0 59.0 67.0 64.0 
639.0 64.0 86.0 139.0 
459.0 66.0 83.0 113.0 
61.0 60.0 111.0 82.0 
55.0 59.0 66.0 65.0 
630.0 65.0 87.0 138.0 
449.0 66.0 83.0 111.0 
60.0 60.0 116.0 82.0 
55.0 59.0 66.0 64.0 
609.0 65.0 87.0 136.0 
428.0 65.0 83.0 107.0 
56.0 60.0 117.0 81.0 
55.0 59.0 64.0 64.0 
595.0 66.0 87.0 133.0 
388.0 64.0 82.0 102.0 
64.0 59.0 123.0 80.0 
54.0 59.0 65.0 64.0 
560.0 66.0 86.0 130.0 
362.0 63.0 80.0 99.0 
56.0 59.0 112.0 75.0 
55.0 59.0 68.0 63.0 
557.0 66.0 88.0 126.0 
296.0 61.0 80.0 89.0 
55.0 60.0 110.0 75.0 
55.0 59.0 70.0 64.0 
532.0 67.0 107.0 125.0 
267.0 62.0 93.0 87.0 
62.0 60.0 141.0 82.0 
54.0 59.0 65.0 62.0 
482.0 66.0 108.0 121.0 
233.0 61.0 100.0 85.0 
64.0 59.0 148.0 84.0 
55.0 59.0 63.0 62.0 
436.0 65.0 124.0 115.0 
216.0 59.0 103.0 84.0 
67.0 59.0 162.0 85.0 
55.0 59.0 61.0 60.0 
411.0 64.0 142.0 113.0 
190.0 60.0 112.0 80.0 
68.0 60.0 173.0 86.0 
54.0 59.0 59.0 60.0 
379.0 62.0 162.0 110.0 
154.0 61.0 126.0 78.0 
70.0 60.0 200.0 90.0 
55.0 60.0 61.0 60.0 
322.0 61.0 156.0 105.0 
135.0 59.0 121.0 76.0 
71.0 61.0 218.0 91.0 
56.0 59.0 62.0 61.0 
286.0 61.0 187.0 102.0 
123.0 60.0 130.0 76.0 
73.0 61.0 243.0 95.0 
56.0 58.0 62.0 61.0 
269.0 61.0 178.0 100.0 
115.0 61.0 131.0 75.0 
75.0 60.0 281.0 100.0 
57.0 59.0 64.0 61.0 
248.0 60.0 167.0 95.0 
106.0 60.0 131.0 73.0 
80.0 61.0 333.0 108.0 
57.0 59.0 63.0 61.0 
226.0 60.0 161.0 91.0 
91.0 60.0 130.0 73.0 
81.0 62.0 353.0 114.0 
58.0 59.0 65.0 60.0 
208.0 60.0 163.0 88.0 
83.0 60.0 130.0 71.0 
85.0 63.0 377.0 122.0 
57.0 59.0 62.0 61.0 
175.0 60.0 190.0 89.0 
81.0 60.0 125.0 69.0 
84.0 62.0 394.0 126.0 
58.0 58.0 63.0 60.0 
163.0 60.0 165.0 85.0 
78.0 60.0 130.0 71.0 
82.0 62.0 356.0 125.0 
59.0 59.0 63.0 60.0 
140.0 59.0 171.0 85.0 
75.0 60.0 134.0 71.0 
89.0 63.0 428.0 142.0 
58.0 59.0 61.0 60.0 
130.0 61.0 164.0 84.0 
72.0 60.0 131.0 71.0 
90.0 64.0 429.0 153.0 
60.0 58.0 63.0 60.0 
91.0 60.0 174.0 81.0 
69.0 60.0 129.0 71.0 
93.0 67.0 458.0 163.0 
60.0 59.0 61.0 60.0 
77.0 59.0 180.0 82.0 
66.0 60.0 103.0 69.0 
91.0 64.0 437.0 164.0 
60.0 59.0 61.0 60.0 
75.0 59.0 162.0 80.0 
68.0 60.0 114.0 71.0 
90.0 64.0 426.0 174.0 
59.0 59.0 61.0 60.0 
74.0 60.0 164.0 81.0 
67.0 60.0 111.0 69.0 
93.0 65.0 458.0 199.0 
59.0 59.0 63.0 59.0 
73.0 59.0 152.0 80.0 
67.0 61.0 108.0 69.0 
92.0 64.0 440.0 208.0 
60.0 58.0 63.0 60.0 
72.0 59.0 129.0 78.0 
69.0 60.0 111.0 73.0 
91.0 64.0 428.0 229.0 
60.0 58.0 64.0 60.0 
71.0 59.0 122.0 94.0 
67.0 61.0 92.0 78.0 
92.0 64.0 428.0 268.0 
60.0 59.0 64.0 59.0 
72.0 59.0 108.0 111.0 
66.0 60.0 88.0 88.0 
94.0 64.0 386.0 289.0 
60.0 58.0 65.0 59.0 
72.0 60.0 109.0 133.0 
65.0 60.0 81.0 89.0 
90.0 62.0 347.0 287.0 
59.0 59.0 66.0 58.0 
77.0 59.0 105.0 172.0 
66.0 60.0 82.0 111.0 
92.0 62.0 312.0 295.0 
59.0 59.0 66.0 57.0 
77.0 59.0 96.0 185.0 
66.0 60.0 79.0 115.0 
95.0 62.0 282.0 338.0 
59.0 58.0 66.0 56.0 
83.0 60.0 110.0 238.0 
65.0 60.0 78.0 112.0 
101.0 63.0 262.0 378.0 
59.0 59.0 66.0 55.0 
85.0 59.0 106.0 238.0 
65.0 60.0 80.0 123.0 
106.0 63.0 251.0 429.0 
59.0 59.0 65.0 53.0 
88.0 59.0 113.0 289.0 
64.0 60.0 75.0 110.0 
108.0 64.0 229.0 433.0 
58.0 59.0 65.0 53.0 
90.0 61.0 115.0 307.0 
64.0 60.0 76.0 109.0 
111.0 64.0 224.0 444.0 
59.0 58.0 66.0 53.0 
92.0 60.0 121.0 308.0 
65.0 60.0 78.0 106.0 
110.0 64.0 208.0 422.0 
59.0 58.0 66.0 54.0 
93.0 61.0 122.0 322.0 
63.0 60.0 74.0 89.0 
111.0 64.0 202.0 454.0 
59.0 59.0 66.0 53.0 
98.0 60.0 125.0 341.0 
62.0 62.0 72.0 91.0 
114.0 64.0 174.0 443.0 
59.0 58.0 69.0 54.0 
95.0 61.0 119.0 323.0 
63.0 60.0 71.0 88.0 
113.0 63.0 167.0 430.0 
59.0 59.0 69.0 57.0 
85.0 60.0 106.0 278.0 
63.0 60.0 69.0 79.0 
110.0 63.0 156.0 407.0 
58.0 59.0 69.0 56.0 
86.0 59.0 104.0 252.0 
64.0 60.0 71.0 92.0 
110.0 62.0 149.0 398.0 
59.0 59.0 70.0 56.0 
90.0 60.0 107.0 279.0 
62.0 60.0 69.0 78.0 
122.0 63.0 142.0 429.0 
59.0 59.0 67.0 58.0 
92.0 60.0 101.0 302.0 
60.0 60.0 61.0 65.0 
120.0 63.0 133.0 397.0 
58.0 59.0 67.0 58.0 
92.0 60.0 98.0 293.0 
60.0 60.0 62.0 65.0 
115.0 61.0 126.0 369.0 
60.0 59.0 68.0 61.0 
98.0 61.0 103.0 321.0 
60.0 59.0 61.0 60.0 
121.0 62.0 126.0 371.0 
60.0 59.0 69.0 60.0 
103.0 60.0 104.0 335.0 
59.0 60.0 60.0 56.0 
127.0 61.0 124.0 374.0 
60.0 59.0 68.0 59.0 
102.0 60.0 101.0 322.0 
59.0 60.0 60.0 59.0 
128.0 62.0 122.0 372.0 
61.0 58.0 68.0 59.0 
111.0 61.0 99.0 329.0 
60.0 60.0 61.0 66.0 
116.0 61.0 112.0 327.0 
59.0 59.0 68.0 60.0 
123.0 60.0 100.0 326.0 
59.0 60.0 60.0 59.0 
113.0 60.0 105.0 303.0 
59.0 58.0 68.0 61.0 
122.0 61.0 94.0 291.0 
58.0 60.0 59.0 50.0 
110.0 60.0 104.0 266.0 
59.0 58.0 69.0 61.0 
127.0 60.0 89.0 247.0 
61.0 60.0 61.0 59.0 
113.0 60.0 101.0 241.0 
59.0 58.0 68.0 62.0 
133.0 60.0 88.0 243.0 
61.0 62.0 62.0 61.0 
122.0 60.0 105.0 250.0 
58.0 59.0 67.0 61.0 
128.0 59.0 85.0 207.0 
62.0 59.0 60.0 63.0 
130.0 60.0 103.0 244.0 
59.0 59.0 67.0 62.0 
130.0 60.0 85.0 200.0 
59.0 60.0 61.0 59.0 
129.0 59.0 101.0 235.0 
59.0 59.0 68.0 62.0 
138.0 59.0 85.0 190.0 
58.0 60.0 58.0 55.0 
132.0 60.0 98.0 219.0 
58.0 58.0 68.0 62.0 
139.0 60.0 86.0 188.0 
59.0 60.0 59.0 56.0 
143.0 60.0 96.0 215.0 
59.0 58.0 68.0 62.0 
127.0 59.0 83.0 170.0 
60.0 60.0 59.0 57.0 
150.0 60.0 97.0 217.0 
58.0 59.0 67.0 62.0 
131.0 59.0 84.0 175.0 
59.0 60.0 59.0 58.0 
149.0 60.0 95.0 203.0 
58.0 60.0 66.0 62.0 
140.0 59.0 84.0 176.0 
60.0 60.0 60.0 59.0 
159.0 59.0 95.0 206.0 
58.0 59.0 68.0 62.0 
131.0 59.0 82.0 158.0 
59.0 60.0 60.0 57.0 
170.0 60.0 94.0 200.0 
58.0 59.0 67.0 64.0 
117.0 60.0 77.0 136.0 
62.0 60.0 61.0 60.0 
166.0 60.0 89.0 173.0 
57.0 58.0 68.0 63.0 
131.0 60.0 80.0 150.0 
60.0 62.0 60.0 60.0 
170.0 59.0 88.0 165.0 
57.0 59.0 68.0 64.0 
144.0 60.0 80.0 156.0 
60.0 60.0 59.0 60.0 
186.0 59.0 88.0 172.0 
56.0 59.0 68.0 62.0 
141.0 60.0 81.0 150.0 
58.0 61.0 60.0 60.0 
199.0 59.0 87.0 165.0 
54.0 60.0 68.0 61.0 
161.0 60.0 82.0 152.0 
58.0 60.0 59.0 57.0 
217.0 60.0 87.0 155.0 
56.0 58.0 68.0 62.0 
142.0 59.0 76.0 127.0 
59.0 61.0 60.0 58.0 
231.0 60.0 88.0 155.0 
56.0 59.0 68.0 62.0 
149.0 59.0 76.0 123.0 
57.0 60.0 61.0 58.0 
240.0 59.0 87.0 147.0 
53.0 59.0 67.0 61.0 
182.0 60.0 78.0 131.0 
55.0 60.0 60.0 57.0 
213.0 60.0 84.0 128.0 
55.0 59.0 66.0 61.0 
203.0 60.0 78.0 129.0 
50.0 60.0 59.0 56.0 
244.0 60.0 86.0 138.0 
52.0 59.0 68.0 62.0 
253.0 60.0 76.0 118.0 
48.0 59.0 59.0 56.0 
252.0 60.0 85.0 134.0 
53.0 59.0 67.0 61.0 
252.0 61.0 73.0 106.0 
48.0 60.0 60.0 57.0 
251.0 62.0 84.0 129.0 
53.0 60.0 66.0 62.0 
241.0 61.0 71.0 99.0 
50.0 59.0 60.0 56.0 
312.0 61.0 86.0 133.0 
52.0 59.0 67.0 63.0 
242.0 60.0 69.0 97.0 
51.0 60.0 60.0 57.0 
311.0 62.0 85.0 127.0 
53.0 58.0 67.0 63.0 
296.0 61.0 70.0 98.0 
54.0 60.0 60.0 58.0 
334.0 61.0 85.0 122.0 
52.0 60.0 67.0 63.0 
257.0 60.0 70.0 90.0 
52.0 60.0 60.0 58.0 
357.0 63.0 89.0 123.0 
52.0 60.0 66.0 63.0 
249.0 61.0 70.0 88.0 
47.0 59.0 60.0 58.0 
344.0 62.0 84.0 119.0 
49.0 59.0 66.0 62.0 
312.0 61.0 73.0 96.0 
57.0 60.0 60.0 59.0 
349.0 62.0 84.0 115.0 
51.0 59.0 66.0 63.0 
259.0 60.0 69.0 86.0 
63.0 60.0 60.0 60.0 
334.0 61.0 84.0 111.0 
48.0 59.0 65.0 62.0 
338.0 62.0 72.0 95.0 
62.0 60.0 60.0 60.0 
326.0 62.0 84.0 110.0 
47.0 59.0 66.0 62.0 
371.0 63.0 73.0 98.0 
66.0 60.0 61.0 61.0 
316.0 62.0 82.0 107.0 
48.0 59.0 65.0 62.0 
388.0 62.0 73.0 99.0 
70.0 60.0 61.0 61.0 
330.0 61.0 82.0 106.0 
50.0 58.0 66.0 63.0 
356.0 62.0 72.0 96.0 
77.0 60.0 61.0 61.0 
346.0 63.0 83.0 108.0 
52.0 59.0 67.0 63.0 
266.0 60.0 68.0 87.0 
84.0 60.0 61.0 62.0 
346.0 62.0 84.0 108.0 
50.0 59.0 65.0 63.0 
258.0 60.0 67.0 82.0 
74.0 59.0 61.0 61.0 
311.0 61.0 82.0 103.0 
48.0 59.0 67.0 62.0 
335.0 62.0 71.0 91.0 
79.0 60.0 61.0 62.0 
324.0 61.0 82.0 102.0 
49.0 58.0 66.0 63.0 
337.0 61.0 72.0 95.0 
75.0 60.0 61.0 62.0 
319.0 61.0 81.0 101.0 
48.0 59.0 67.0 63.0 
319.0 62.0 72.0 91.0 
64.0 60.0 60.0 61.0 
319.0 62.0 81.0 98.0 
51.0 59.0 67.0 64.0 
292.0 61.0 71.0 87.0 
64.0 60.0 60.0 60.0 
321.0 62.0 81.0 97.0 
52.0 59.0 67.0 64.0 
222.0 60.0 66.0 81.0 
63.0 60.0 61.0 61.0 
331.0 61.0 81.0 98.0 
54.0 59.0 67.0 64.0 
206.0 59.0 67.0 79.0 
49.0 60.0 61.0 59.0 
274.0 61.0 82.0 90.0 
56.0 60.0 67.0 65.0 
184.0 60.0 65.0 77.0 
49.0 61.0 60.0 59.0 
190.0 60.0 79.0 84.0 
58.0 59.0 68.0 65.0 
166.0 59.0 64.0 73.0 
52.0 61.0 60.0 59.0 
208.0 60.0 79.0 82.0 
57.0 59.0 68.0 64.0 
143.0 60.0 65.0 75.0 
51.0 60.0 59.0 59.0 
198.0 61.0 79.0 82.0 
60.0 58.0 69.0 66.0 
100.0 59.0 63.0 69.0 
54.0 60.0 59.0 58.0 
168.0 60.0 78.0 79.0 
61.0 59.0 69.0 67.0 
87.0 58.0 60.0 67.0 
56.0 60.0 60.0 60.0 
162.0 59.0 78.0 79.0 
62.0 58.0 68.0 67.0 
74.0 60.0 61.0 65.0 
57.0 60.0 61.0 59.0 
153.0 59.0 79.0 80.0 
62.0 59.0 69.0 66.0 
71.0 59.0 61.0 63.0 
56.0 62.0 58.0 60.0 
135.0 60.0 78.0 77.0 
62.0 58.0 68.0 66.0 
72.0 58.0 61.0 63.0 
56.0 60.0 60.0 60.0 
117.0 60.0 80.0 77.0 
63.0 58.0 68.0 66.0 
67.0 60.0 61.0 62.0 
58.0 60.0 59.0 61.0 
98.0 60.0 78.0 75.0 
64.0 59.0 68.0 67.0 
63.0 60.0 60.0 62.0 
60.0 60.0 59.0 60.0 
94.0 60.0 79.0 73.0 
64.0 58.0 69.0 67.0 
63.0 59.0 61.0 61.0 
59.0 60.0 59.0 61.0 
89.0 60.0 78.0 72.0 
65.0 59.0 68.0 66.0 
63.0 59.0 60.0 62.0 
59.0 61.0 59.0 59.0 
72.0 59.0 78.0 70.0 
65.0 59.0 69.0 67.0 
64.0 59.0 59.0 62.0 
62.0 60.0 60.0 60.0 
71.0 60.0 78.0 71.0 
65.0 59.0 69.0 66.0 
62.0 61.0 61.0 62.0 
61.0 59.0 60.0 61.0 
69.0 60.0 78.0 69.0 
64.0 59.0 69.0 67.0 
61.0 59.0 60.0 59.0 
61.0 60.0 60.0 62.0 
70.0 59.0 78.0 70.0 
65.0 59.0 69.0 67.0 
60.0 60.0 59.0 61.0 
62.0 60.0 60.0 61.0 
65.0 60.0 77.0 68.0 
65.0 59.0 68.0 67.0 
60.0 59.0 59.0 60.0 
61.0 60.0 61.0 62.0 
65.0 60.0 77.0 68.0 
65.0 59.0 69.0 67.0 
61.0 60.0 59.0 60.0 
62.0 60.0 60.0 63.0 
66.0 59.0 78.0 68.0 
65.0 59.0 69.0 67.0 
60.0 60.0 60.0 61.0 
62.0 60.0 61.0 61.0 
64.0 59.0 77.0 68.0 
64.0 58.0 69.0 68.0 
60.0 59.0 60.0 60.0 
62.0 59.0 60.0 62.0 
65.0 60.0 77.0 69.0 
65.0 59.0 69.0 68.0 
60.0 58.0 59.0 60.0 
62.0 60.0 61.0 62.0 
65.0 59.0 78.0 70.0 
65.0 59.0 69.0 68.0 
60.0 60.0 59.0 60.0 
62.0 61.0 61.0 61.0 
67.0 59.0 77.0 69.0 
66.0 60.0 70.0 68.0 
60.0 60.0 59.0 61.0 
62.0 60.0 61.0 61.0 
67.0 60.0 77.0 70.0 
65.0 58.0 69.0 69.0 
60.0 59.0 59.0 60.0 
62.0 60.0 61.0 62.0 
65.0 60.0 77.0 69.0 
65.0 59.0 70.0 69.0 
60.0 60.0 58.0 61.0 
62.0 60.0 61.0 61.0 
65.0 59.0 77.0 69.0 
65.0 59.0 70.0 68.0 
60.0 59.0 59.0 60.0 
62.0 60.0 60.0 61.0 
65.0 60.0 77.0 68.0 
65.0 59.0 70.0 69.0 
60.0 59.0 59.0 60.0 
62.0 61.0 61.0 62.0 
65.0 59.0 76.0 68.0 
65.0 59.0 71.0 68.0 
60.0 59.0 59.0 61.0 
61.0 60.0 61.0 61.0 
64.0 59.0 75.0 67.0 
65.0 58.0 71.0 69.0 
60.0 60.0 58.0 61.0 
62.0 60.0 61.0 61.0 
67.0 59.0 76.0 68.0 
64.0 59.0 71.0 69.0 
60.0 60.0 60.0 60.0 
61.0 61.0 61.0 62.0 
66.0 60.0 74.0 69.0 
65.0 59.0 71.0 69.0 
60.0 59.0 59.0 61.0 
61.0 60.0 61.0 61.0 
69.0 59.0 75.0 69.0 
65.0 59.0 70.0 69.0 
59.0 60.0 60.0 61.0 
61.0 60.0 61.0 63.0 
69.0 58.0 75.0 68.0 
65.0 59.0 71.0 69.0 
60.0 59.0 61.0 61.0 
62.0 60.0 61.0 62.0 
65.0 59.0 75.0 68.0 
64.0 58.0 71.0 69.0 
59.0 60.0 59.0 60.0 
61.0 60.0 61.0 61.0 
68.0 60.0 76.0 69.0 
65.0 59.0 71.0 69.0 
60.0 60.0 61.0 61.0 
62.0 60.0 61.0 63.0 
64.0 58.0 76.0 68.0 
65.0 59.0 71.0 69.0 
60.0 59.0 59.0 60.0 
61.0 61.0 60.0 62.0 
64.0 61.0 75.0 67.0 
65.0 60.0 71.0 69.0 
60.0 59.0 59.0 60.0 
61.0 60.0 62.0 61.0 
64.0 60.0 75.0 67.0 
65.0 59.0 71.0 68.0 
60.0 60.0 60.0 60.0 
61.0 59.0 61.0 62.0 
63.0 60.0 73.0 67.0 
66.0 58.0 71.0 69.0 
60.0 59.0 60.0 60.0 
61.0 59.0 61.0 62.0 
63.0 59.0 72.0 66.0 
65.0 58.0 70.0 69.0 
60.0 59.0 60.0 60.0 
61.0 60.0 61.0 62.0 
64.0 60.0 72.0 67.0 
65.0 58.0 72.0 69.0 
59.0 59.0 59.0 61.0 
62.0 60.0 61.0 62.0 
63.0 60.0 72.0 66.0 
65.0 59.0 70.0 68.0 
60.0 60.0 60.0 60.0 
61.0 60.0 61.0 62.0 
64.0 60.0 73.0 67.0 
65.0 59.0 70.0 68.0 
60.0 59.0 60.0 60.0 
61.0 60.0 62.0 62.0 
63.0 60.0 73.0 66.0 
65.0 59.0 70.0 68.0 
61.0 59.0 61.0 61.0 
62.0 61.0 61.0 61.0 
63.0 59.0 72.0 66.0 
64.0 59.0 69.0 68.0 
60.0 60.0 61.0 60.0 
62.0 60.0 61.0 62.0 
63.0 60.0 72.0 66.0 
64.0 59.0 69.0 67.0 
60.0 60.0 61.0 62.0 
61.0 60.0 61.0 62.0 
63.0 60.0 72.0 66.0 
64.0 58.0 69.0 67.0 
61.0 59.0 61.0 61.0 
62.0 61.0 61.0 63.0 
63.0 60.0 73.0 67.0 
64.0 59.0 70.0 68.0 
61.0 59.0 62.0 61.0 
61.0 61.0 61.0 62.0 
64.0 59.0 74.0 67.0 
65.0 58.0 70.0 67.0 
61.0 60.0 61.0 61.0 
61.0 60.0 60.0 62.0 
64.0 60.0 74.0 67.0 
65.0 59.0 71.0 68.0 
61.0 60.0 61.0 62.0 
62.0 61.0 61.0 62.0 
63.0 60.0 73.0 66.0 
65.0 59.0 69.0 68.0 
61.0 60.0 61.0 62.0 
62.0 60.0 62.0 61.0 
63.0 60.0 74.0 68.0 
65.0 59.0 69.0 68.0 
61.0 59.0 61.0 62.0 
62.0 60.0 61.0 62.0 
64.0 60.0 74.0 68.0 
65.0 59.0 69.0 68.0 
60.0 60.0 60.0 62.0 
62.0 60.0 62.0 62.0 
63.0 60.0 74.0 68.0 
65.0 59.0 70.0 67.0 
60.0 60.0 61.0 61.0 
62.0 61.0 60.0 63.0 
63.0 60.0 72.0 67.0 
65.0 59.0 71.0 67.0 
61.0 59.0 61.0 62.0 
61.0 60.0 61.0 61.0 
64.0 59.0 74.0 67.0 
64.0 58.0 69.0 67.0 
61.0 59.0 61.0 62.0 
61.0 60.0 61.0 62.0 
63.0 60.0 75.0 66.0 
65.0 59.0 68.0 68.0 
62.0 60.0 61.0 62.0 
62.0 60.0 61.0 61.0 
63.0 60.0 73.0 67.0 
64.0 59.0 68.0 67.0 
61.0 60.0 61.0 61.0 
62.0 60.0 61.0 63.0 
63.0 59.0 74.0 68.0 
64.0 58.0 69.0 67.0 
61.0 59.0 61.0 62.0 
62.0 61.0 61.0 62.0 
64.0 60.0 75.0 67.0 
65.0 59.0 69.0 68.0 
61.0 59.0 61.0 62.0 
61.0 60.0 60.0 61.0 
64.0 59.0 75.0 68.0 
64.0 59.0 69.0 69.0 
61.0 58.0 61.0 62.0 
62.0 60.0 60.0 61.0 
64.0 60.0 75.0 67.0 
64.0 59.0 69.0 68.0 
61.0 59.0 60.0 62.0 
61.0 60.0 61.0 62.0 
64.0 60.0 73.0 67.0 
65.0 59.0 69.0 67.0 
61.0 59.0 61.0 62.0 
62.0 60.0 61.0 61.0 
63.0 59.0 74.0 68.0 
65.0 59.0 69.0 67.0 
62.0 59.0 61.0 60.0 
62.0 60.0 61.0 62.0 
63.0 59.0 74.0 67.0 
64.0 59.0 69.0 67.0 
62.0 59.0 61.0 62.0 
62.0 59.0 62.0 61.0 
64.0 60.0 73.0 67.0 
64.0 59.0 69.0 67.0 
62.0 60.0 61.0 62.0 
62.0 60.0 61.0 63.0 
65.0 59.0 75.0 67.0 
65.0 59.0 68.0 66.0 
61.0 60.0 61.0 62.0 
62.0 60.0 61.0 62.0 
63.0 60.0 74.0 68.0 
65.0 58.0 70.0 67.0 
61.0 59.0 62.0 61.0 
62.0 60.0 61.0 61.0 
62.0 59.0 74.0 67.0 
64.0 58.0 69.0 67.0 
62.0 59.0 61.0 61.0 
62.0 59.0 61.0 62.0 
64.0 59.0 74.0 67.0 
65.0 59.0 69.0 68.0 
62.0 60.0 61.0 61.0 
62.0 60.0 60.0 62.0 
64.0 60.0 74.0 67.0 
65.0 59.0 70.0 68.0 
61.0 60.0 61.0 62.0 
62.0 60.0 61.0 62.0 
64.0 59.0 76.0 68.0 
64.0 59.0 69.0 68.0 
62.0 60.0 60.0 62.0 
62.0 61.0 61.0 61.0 
64.0 60.0 76.0 69.0 
64.0 59.0 69.0 67.0 
61.0 59.0 60.0 62.0 
61.0 60.0 61.0 62.0 
64.0 60.0 76.0 69.0 
64.0 61.0 68.0 67.0 
61.0 59.0 61.0 62.0 
61.0 60.0 61.0 62.0 
63.0 61.0 76.0 69.0 
64.0 59.0 67.0 66.0 
62.0 59.0 61.0 62.0 
62.0 61.0 61.0 62.0 
64.0 60.0 76.0 70.0 
65.0 59.0 68.0 67.0 
61.0 59.0 61.0 62.0 
61.0 60.0 61.0 61.0 
65.0 60.0 76.0 69.0 
65.0 59.0 68.0 67.0 
61.0 59.0 61.0 62.0 
61.0 61.0 61.0 62.0 
64.0 60.0 77.0 69.0 
65.0 59.0 69.0 67.0 
61.0 60.0 61.0 62.0 
62.0 60.0 61.0 61.0 
65.0 59.0 76.0 69.0 
64.0 59.0 68.0 67.0 
61.0 59.0 62.0 62.0 
61.0 61.0 61.0 62.0 
65.0 59.0 76.0 70.0 
65.0 59.0 69.0 67.0 
60.0 60.0 61.0 62.0 
62.0 60.0 60.0 62.0 
64.0 60.0 77.0 69.0 
65.0 59.0 68.0 67.0 
61.0 60.0 60.0 62.0 
62.0 60.0 61.0 61.0 
65.0 60.0 77.0 70.0 
64.0 59.0 69.0 67.0 
61.0 60.0 60.0 63.0 
61.0 60.0 61.0 61.0 
64.0 60.0 76.0 69.0 
65.0 59.0 69.0 67.0 
61.0 59.0 62.0 62.0 
61.0 61.0 61.0 61.0 
64.0 61.0 77.0 69.0 
65.0 59.0 68.0 68.0 
61.0 59.0 61.0 62.0 
62.0 60.0 61.0 62.0 
64.0 59.0 77.0 68.0 
64.0 59.0 68.0 67.0 
61.0 59.0 59.0 62.0 
62.0 61.0 60.0 61.0 
63.0 60.0 76.0 69.0 
65.0 59.0 68.0 68.0 
61.0 59.0 61.0 62.0 
63.0 60.0 61.0 62.0 
65.0 60.0 76.0 68.0 
65.0 60.0 68.0 68.0 
61.0 59.0 61.0 62.0 
61.0 60.0 61.0 62.0 
64.0 59.0 76.0 69.0 
64.0 58.0 70.0 67.0 
61.0 60.0 61.0 61.0 
62.0 61.0 61.0 61.0 
65.0 59.0 76.0 68.0 
65.0 59.0 69.0 67.0 
61.0 59.0 61.0 62.0 
61.0 60.0 60.0 61.0 
64.0 60.0 75.0 69.0 
65.0 59.0 68.0 69.0 
62.0 59.0 60.0 62.0 
62.0 59.0 61.0 61.0 
64.0 60.0 76.0 69.0 
65.0 58.0 69.0 67.0 
62.0 59.0 61.0 62.0 
62.0 61.0 61.0 62.0 
64.0 60.0 76.0 69.0 
64.0 59.0 68.0 67.0 
61.0 59.0 61.0 62.0 
61.0 60.0 61.0 62.0 
65.0 60.0 76.0 72.0 
64.0 58.0 69.0 68.0 
61.0 59.0 61.0 62.0 
62.0 61.0 60.0 61.0 
65.0 60.0 77.0 71.0 
65.0 58.0 68.0 67.0 
61.0 60.0 60.0 62.0 
62.0 60.0 60.0 62.0 
64.0 60.0 76.0 71.0 
64.0 58.0 68.0 67.0 
61.0 59.0 60.0 62.0 
61.0 60.0 61.0 62.0 
65.0 59.0 77.0 71.0 
65.0 58.0 69.0 67.0 
61.0 59.0 60.0 61.0 
62.0 59.0 61.0 61.0 
65.0 60.0 76.0 70.0 
65.0 60.0 68.0 68.0 
59.0 58.0 60.0 62.0 
62.0 59.0 61.0 62.0 
64.0 60.0 77.0 70.0 
65.0 59.0 70.0 67.0 
61.0 60.0 62.0 62.0 
62.0 60.0 61.0 62.0 
65.0 60.0 77.0 69.0 
64.0 59.0 68.0 67.0 
61.0 59.0 61.0 62.0 
61.0 60.0 61.0 62.0 
65.0 60.0 76.0 71.0 
64.0 58.0 68.0 67.0 
62.0 59.0 63.0 62.0 
61.0 61.0 60.0 62.0 
64.0 60.0 76.0 70.0 
65.0 59.0 69.0 67.0 
61.0 60.0 61.0 63.0 
61.0 60.0 61.0 61.0 
65.0 59.0 77.0 71.0 
64.0 59.0 68.0 67.0 
61.0 60.0 61.0 62.0 
61.0 60.0 61.0 61.0 
65.0 59.0 77.0 70.0 
64.0 59.0 68.0 67.0 
62.0 59.0 61.0 62.0 
62.0 61.0 60.0 61.0 
65.0 59.0 77.0 71.0 
64.0 60.0 67.0 67.0 
61.0 59.0 61.0 62.0 
61.0 61.0 61.0 61.0 
65.0 60.0 76.0 71.0 
64.0 57.0 68.0 67.0 
61.0 59.0 61.0 63.0 
62.0 60.0 62.0 61.0 
65.0 59.0 77.0 70.0 
64.0 60.0 68.0 67.0 
62.0 59.0 61.0 62.0 
62.0 60.0 61.0 61.0 
65.0 60.0 76.0 71.0 
64.0 59.0 68.0 67.0 
61.0 59.0 60.0 62.0 
63.0 60.0 61.0 61.0 
65.0 59.0 76.0 70.0 
64.0 59.0 68.0 67.0 
60.0 59.0 61.0 62.0 
62.0 60.0 61.0 62.0 
66.0 59.0 77.0 71.0 
64.0 59.0 68.0 67.0 
61.0 59.0 61.0 62.0 
62.0 59.0 60.0 62.0 
65.0 60.0 75.0 71.0 
64.0 59.0 68.0 67.0 
60.0 60.0 61.0 62.0 
61.0 60.0 61.0 62.0 
65.0 58.0 76.0 70.0 
64.0 59.0 68.0 67.0 
61.0 59.0 61.0 62.0 
61.0 60.0 60.0 62.0 
65.0 59.0 76.0 70.0 
64.0 59.0 69.0 67.0 
61.0 59.0 60.0 62.0 
62.0 60.0 61.0 62.0 
65.0 60.0 76.0 71.0 
64.0 59.0 68.0 68.0 
61.0 60.0 61.0 62.0 
62.0 60.0 61.0 61.0 
65.0 60.0 76.0 70.0 
64.0 58.0 67.0 68.0 
61.0 59.0 62.0 62.0 
62.0 59.0 61.0 62.0 
66.0 59.0 77.0 70.0 
64.0 59.0 69.0 67.0 
60.0 58.0 61.0 62.0 
63.0 60.0 61.0 62.0 
65.0 60.0 77.0 71.0 
65.0 58.0 68.0 67.0 
61.0 59.0 61.0 62.0 
61.0 60.0 61.0 62.0 
65.0 59.0 77.0 70.0 
64.0 58.0 69.0 68.0 
62.0 60.0 61.0 62.0 
61.0 60.0 60.0 62.0 
65.0 60.0 77.0 69.0 
64.0 59.0 67.0 67.0 
61.0 60.0 61.0 62.0 
63.0 60.0 61.0 61.0 
65.0 60.0 76.0 70.0 
64.0 59.0 69.0 67.0 
61.0 59.0 62.0 62.0 
61.0 59.0 61.0 61.0 
65.0 60.0 77.0 71.0 
66.0 59.0 68.0 67.0 
61.0 58.0 61.0 62.0 
62.0 60.0 61.0 60.0 
65.0 61.0 76.0 70.0 
65.0 59.0 69.0 67.0 
61.0 58.0 61.0 63.0 
62.0 61.0 62.0 61.0 
65.0 59.0 76.0 71.0 
65.0 59.0 68.0 67.0 
61.0 59.0 61.0 62.0 
61.0 60.0 60.0 62.0 
64.0 61.0 75.0 70.0 
64.0 58.0 69.0 68.0 
61.0 59.0 61.0 62.0 
61.0 60.0 61.0 62.0 
65.0 60.0 76.0 70.0 
64.0 60.0 68.0 68.0 
61.0 60.0 61.0 65.0 
61.0 61.0 61.0 62.0 
64.0 58.0 75.0 71.0 
64.0 58.0 67.0 67.0 
61.0 61.0 61.0 62.0 
61.0 61.0 61.0 62.0 
65.0 61.0 76.0 71.0 
64.0 59.0 67.0 67.0 
62.0 61.0 61.0 62.0 
61.0 60.0 61.0 62.0 
65.0 60.0 76.0 70.0 
65.0 58.0 67.0 68.0 
62.0 59.0 61.0 63.0 
62.0 59.0 61.0 62.0 
65.0 59.0 77.0 70.0 
64.0 59.0 68.0 67.0 
60.0 60.0 61.0 63.0 
62.0 60.0 61.0 61.0 
65.0 60.0 75.0 70.0 
65.0 59.0 67.0 67.0 
61.0 60.0 60.0 61.0 
61.0 60.0 61.0 62.0 
64.0 59.0 75.0 69.0 
64.0 59.0 68.0 67.0 
62.0 60.0 61.0 62.0 
61.0 60.0 61.0 61.0 
64.0 60.0 74.0 70.0 
65.0 59.0 69.0 67.0 
61.0 60.0 61.0 63.0 
62.0 60.0 61.0 61.0 
65.0 60.0 75.0 70.0 
65.0 58.0 68.0 67.0 
61.0 60.0 62.0 63.0 
61.0 60.0 61.0 61.0 
64.0 59.0 76.0 69.0 
65.0 59.0 69.0 67.0 
61.0 60.0 61.0 62.0 
61.0 60.0 60.0 61.0 
65.0 59.0 76.0 70.0 
64.0 60.0 68.0 67.0 
63.0 60.0 61.0 63.0 
61.0 60.0 61.0 62.0 
65.0 60.0 76.0 71.0 
65.0 58.0 70.0 68.0 
61.0 60.0 61.0 62.0 
61.0 61.0 61.0 61.0 
65.0 60.0 76.0 71.0 
64.0 59.0 68.0 67.0 
62.0 59.0 61.0 63.0 
61.0 60.0 60.0 62.0 
65.0 59.0 76.0 69.0 
65.0 59.0 67.0 66.0 
61.0 59.0 61.0 62.0 
61.0 60.0 61.0 61.0 
65.0 59.0 76.0 70.0 
64.0 59.0 68.0 67.0 
61.0 60.0 62.0 63.0 
62.0 59.0 62.0 61.0 
65.0 58.0 76.0 70.0 
64.0 58.0 68.0 68.0 
62.0 60.0 62.0 62.0 
61.0 60.0 60.0 62.0 
65.0 59.0 76.0 71.0 
65.0 59.0 69.0 67.0 
60.0 60.0 61.0 62.0 
62.0 60.0 61.0 61.0 
64.0 60.0 77.0 71.0 
64.0 59.0 68.0 67.0 
61.0 60.0 61.0 63.0 
61.0 60.0 61.0 61.0 
66.0 59.0 76.0 71.0 
64.0 58.0 68.0 67.0 
62.0 59.0 62.0 62.0 
60.0 59.0 60.0 61.0 
66.0 59.0 76.0 71.0 
65.0 58.0 69.0 67.0 
61.0 59.0 61.0 63.0 
61.0 60.0 60.0 62.0 
65.0 60.0 76.0 70.0 
65.0 60.0 68.0 67.0 
61.0 58.0 61.0 63.0 
61.0 60.0 61.0 61.0 
65.0 60.0 76.0 70.0 
64.0 59.0 68.0 67.0 
61.0 59.0 61.0 62.0 
61.0 60.0 61.0 61.0 
65.0 59.0 76.0 70.0 
64.0 59.0 68.0 67.0 
62.0 58.0 61.0 61.0 
61.0 59.0 60.0 62.0 
65.0 59.0 75.0 70.0 
64.0 59.0 68.0 67.0 
62.0 60.0 61.0 63.0 
62.0 59.0 61.0 62.0 
65.0 60.0 76.0 71.0 
64.0 59.0 67.0 66.0 
61.0 59.0 60.0 61.0 
61.0 60.0 61.0 61.0 
64.0 60.0 76.0 70.0 
64.0 58.0 66.0 66.0 
61.0 60.0 60.0 62.0 
61.0 60.0 62.0 62.0 
65.0 60.0 76.0 69.0 
64.0 59.0 67.0 66.0 
61.0 60.0 60.0 63.0 
62.0 60.0 61.0 61.0 
65.0 59.0 75.0 70.0 
63.0 59.0 67.0 67.0 
61.0 59.0 62.0 63.0 
61.0 61.0 60.0 61.0 
64.0 60.0 76.0 70.0 
64.0 58.0 69.0 67.0 
62.0 60.0 62.0 62.0 
61.0 61.0 61.0 61.0 
65.0 61.0 76.0 71.0 
63.0 59.0 67.0 66.0 
61.0 60.0 60.0 62.0 
61.0 60.0 60.0 61.0 
65.0 60.0 76.0 70.0 
64.0 59.0 67.0 66.0 
61.0 60.0 61.0 63.0 
61.0 60.0 62.0 60.0 
65.0 59.0 76.0 71.0 
64.0 58.0 67.0 67.0 
62.0 59.0 61.0 62.0 
60.0 61.0 61.0 60.0 
65.0 59.0 76.0 71.0 
63.0 59.0 68.0 66.0 
62.0 59.0 61.0 62.0 
61.0 59.0 60.0 60.0 
65.0 59.0 77.0 71.0 
64.0 59.0 67.0 66.0 
61.0 59.0 62.0 62.0 
61.0 60.0 61.0 61.0 
65.0 60.0 75.0 71.0 
64.0 59.0 67.0 66.0 
61.0 60.0 62.0 62.0 
62.0 60.0 60.0 61.0 
66.0 59.0 76.0 70.0 
64.0 59.0 67.0 66.0 
61.0 59.0 61.0 62.0 
62.0 60.0 60.0 61.0 
64.0 59.0 76.0 71.0 
64.0 59.0 67.0 66.0 
61.0 60.0 61.0 62.0 
61.0 61.0 60.0 61.0 
65.0 58.0 76.0 70.0 
64.0 59.0 67.0 66.0 
61.0 58.0 61.0 63.0 
61.0 61.0 60.0 61.0 
66.0 60.0 76.0 70.0 
64.0 58.0 67.0 65.0 
61.0 60.0 61.0 63.0 
62.0 60.0 61.0 61.0 
65.0 60.0 76.0 71.0 
63.0 58.0 66.0 67.0 
61.0 59.0 61.0 63.0 
62.0 60.0 61.0 61.0 
65.0 60.0 76.0 70.0 
64.0 59.0 66.0 65.0 
61.0 60.0 61.0 63.0 
61.0 60.0 61.0 61.0 
65.0 60.0 76.0 70.0 
64.0 60.0 67.0 65.0 
62.0 60.0 60.0 62.0 
62.0 60.0 61.0 61.0 
65.0 60.0 76.0 71.0 
64.0 59.0 67.0 65.0 
62.0 60.0 62.0 62.0 
63.0 59.0 61.0 60.0 
65.0 59.0 76.0 70.0 
64.0 59.0 68.0 66.0 
61.0 60.0 61.0 63.0 
62.0 60.0 61.0 61.0 
64.0 59.0 76.0 71.0 
65.0 58.0 66.0 65.0 
61.0 59.0 61.0 63.0 
61.0 59.0 60.0 61.0 
64.0 61.0 76.0 70.0 
64.0 59.0 67.0 64.0 
62.0 60.0 61.0 63.0 
62.0 59.0 62.0 61.0 
64.0 60.0 76.0 71.0 
63.0 59.0 65.0 65.0 
61.0 58.0 60.0 63.0 
61.0 60.0 60.0 61.0 
65.0 60.0 76.0 71.0 
64.0 59.0 67.0 66.0 
61.0 59.0 61.0 64.0 
61.0 60.0 61.0 61.0 
65.0 60.0 77.0 71.0 
64.0 59.0 66.0 66.0 
61.0 60.0 61.0 63.0 
61.0 60.0 61.0 62.0 
65.0 59.0 76.0 72.0 
63.0 59.0 66.0 66.0 
62.0 59.0 61.0 62.0 
62.0 60.0 60.0 61.0 
65.0 59.0 76.0 71.0 
64.0 57.0 66.0 65.0 
61.0 61.0 61.0 63.0 
61.0 60.0 60.0 61.0 
66.0 60.0 76.0 71.0 
64.0 58.0 66.0 64.0 
61.0 60.0 61.0 62.0 
62.0 61.0 60.0 62.0 
66.0 60.0 76.0 70.0 
64.0 59.0 66.0 65.0 
61.0 59.0 61.0 62.0 
61.0 60.0 61.0 61.0 
65.0 60.0 76.0 71.0 
64.0 59.0 66.0 66.0 
61.0 60.0 61.0 62.0 
62.0 60.0 61.0 61.0 
65.0 60.0 76.0 71.0 
64.0 60.0 66.0 65.0 
62.0 59.0 61.0 62.0 
62.0 60.0 61.0 62.0 
65.0 59.0 76.0 70.0 
64.0 59.0 67.0 66.0 
59.0 60.0 61.0 63.0 
62.0 60.0 60.0 62.0 
65.0 59.0 77.0 71.0 
64.0 59.0 66.0 64.0 
62.0 59.0 61.0 63.0 
62.0 60.0 60.0 62.0 
64.0 61.0 76.0 71.0 
64.0 60.0 66.0 66.0 
62.0 59.0 62.0 63.0 
62.0 60.0 62.0 62.0 
65.0 60.0 76.0 70.0 
64.0 58.0 66.0 65.0 
61.0 60.0 60.0 63.0 
62.0 60.0 60.0 61.0 
65.0 60.0 76.0 71.0 
63.0 59.0 66.0 66.0 
61.0 59.0 60.0 63.0 
62.0 60.0 61.0 61.0 
65.0 61.0 76.0 70.0 
63.0 58.0 66.0 66.0 
61.0 59.0 61.0 63.0 
62.0 60.0 61.0 61.0 
64.0 60.0 76.0 71.0 
64.0 60.0 66.0 66.0 
62.0 59.0 60.0 63.0 
62.0 60.0 61.0 61.0 
65.0 59.0 76.0 70.0 
64.0 59.0 66.0 65.0 
62.0 60.0 61.0 62.0 
61.0 60.0 61.0 60.0 
65.0 59.0 76.0 70.0 
63.0 59.0 66.0 66.0 
61.0 60.0 60.0 63.0 
61.0 60.0 61.0 62.0 
65.0 59.0 76.0 70.0 
63.0 59.0 66.0 66.0 
62.0 59.0 61.0 62.0 
61.0 60.0 60.0 61.0 
66.0 60.0 76.0 71.0 
63.0 59.0 66.0 66.0 
61.0 59.0 61.0 62.0 
62.0 60.0 61.0 61.0 
65.0 60.0 75.0 72.0 
63.0 59.0 65.0 65.0 
61.0 59.0 61.0 62.0 
61.0 61.0 61.0 62.0 
66.0 59.0 76.0 71.0 
63.0 59.0 66.0 66.0 
61.0 59.0 61.0 62.0 
61.0 60.0 61.0 61.0 
67.0 60.0 75.0 72.0 
63.0 59.0 67.0 66.0 
62.0 59.0 61.0 62.0 
61.0 60.0 61.0 62.0 
66.0 60.0 76.0 71.0 
64.0 59.0 66.0 66.0 
62.0 59.0 62.0 62.0 
61.0 61.0 61.0 61.0 
66.0 60.0 76.0 71.0 
63.0 59.0 67.0 66.0 
61.0 58.0 61.0 62.0 
61.0 59.0 61.0 62.0 
65.0 59.0 76.0 71.0 
63.0 60.0 67.0 66.0 
62.0 59.0 61.0 62.0 
61.0 59.0 61.0 62.0 
66.0 61.0 76.0 71.0 
63.0 59.0 65.0 66.0 
61.0 57.0 62.0 62.0 
60.0 61.0 61.0 62.0 
66.0 59.0 76.0 72.0 
63.0 58.0 67.0 66.0 
61.0 60.0 61.0 62.0 
63.0 60.0 61.0 61.0 
66.0 59.0 76.0 71.0 
63.0 59.0 66.0 66.0 
61.0 60.0 60.0 63.0 
61.0 61.0 60.0 61.0 
65.0 58.0 76.0 71.0 
63.0 57.0 66.0 66.0 
61.0 60.0 60.0 62.0 
61.0 60.0 60.0 61.0 
64.0 58.0 75.0 70.0 
63.0 58.0 67.0 66.0 
61.0 59.0 61.0 62.0 
61.0 60.0 61.0 61.0 
65.0 60.0 76.0 72.0 
63.0 59.0 66.0 66.0 
61.0 58.0 61.0 62.0 
62.0 60.0 60.0 61.0 
66.0 60.0 76.0 72.0 
63.0 59.0 66.0 66.0 
60.0 60.0 60.0 62.0 
62.0 59.0 61.0 61.0 
67.0 60.0 77.0 71.0 
63.0 58.0 67.0 66.0 
61.0 60.0 61.0 62.0 
61.0 61.0 61.0 61.0 
64.0 60.0 76.0 71.0 
63.0 58.0 66.0 67.0 
60.0 59.0 61.0 62.0 
61.0 61.0 61.0 61.0 
64.0 60.0 76.0 71.0 
63.0 59.0 66.0 66.0 
61.0 60.0 61.0 62.0 
62.0 60.0 61.0 62.0 
65.0 60.0 76.0 71.0 
63.0 58.0 66.0 66.0 
60.0 60.0 61.0 62.0 
62.0 59.0 61.0 62.0 
65.0 59.0 76.0 72.0 
63.0 59.0 66.0 66.0 
60.0 59.0 61.0 62.0 
61.0 60.0 61.0 62.0 
65.0 60.0 75.0 71.0 
63.0 59.0 66.0 67.0 
61.0 59.0 61.0 63.0 
61.0 60.0 60.0 62.0 
65.0 59.0 75.0 70.0 
64.0 59.0 67.0 66.0 
61.0 59.0 61.0 62.0 
62.0 60.0 60.0 61.0 
64.0 60.0 75.0 71.0 
63.0 59.0 65.0 66.0 
61.0 59.0 61.0 63.0 
61.0 59.0 62.0 62.0 
65.0 59.0 75.0 71.0 
63.0 59.0 66.0 66.0 
61.0 60.0 61.0 62.0 
61.0 60.0 62.0 61.0 
65.0 60.0 75.0 70.0 
64.0 58.0 67.0 66.0 
60.0 59.0 60.0 62.0 
61.0 59.0 61.0 61.0 
65.0 60.0 74.0 71.0 
64.0 58.0 66.0 66.0 
62.0 59.0 61.0 62.0 
62.0 59.0 61.0 62.0 
64.0 59.0 75.0 71.0 
63.0 59.0 67.0 66.0 
61.0 60.0 62.0 62.0 
61.0 60.0 62.0 61.0 
65.0 60.0 75.0 71.0 
63.0 58.0 67.0 66.0 
61.0 59.0 61.0 62.0 
61.0 59.0 60.0 61.0 
64.0 59.0 75.0 71.0 
64.0 59.0 67.0 66.0 
61.0 59.0 61.0 62.0 
61.0 61.0 60.0 61.0 
65.0 59.0 76.0 71.0 
64.0 58.0 67.0 66.0 
62.0 60.0 60.0 63.0 
61.0 60.0 60.0 61.0 
64.0 60.0 75.0 70.0 
63.0 59.0 67.0 67.0 
61.0 59.0 62.0 62.0 
61.0 59.0 61.0 61.0 
65.0 60.0 76.0 70.0 
63.0 59.0 67.0 66.0 
61.0 60.0 61.0 63.0 
61.0 60.0 61.0 61.0 
65.0 61.0 76.0 71.0 
65.0 58.0 67.0 66.0 
61.0 59.0 61.0 62.0 
61.0 60.0 61.0 60.0 
66.0 59.0 76.0 72.0 
63.0 59.0 68.0 67.0 
61.0 59.0 61.0 62.0 
61.0 61.0 59.0 61.0 
65.0 59.0 76.0 71.0 
64.0 59.0 68.0 66.0 
60.0 61.0 60.0 62.0 
61.0 61.0 61.0 61.0 
65.0 59.0 76.0 71.0 
63.0 60.0 66.0 66.0 
61.0 59.0 61.0 62.0 
61.0 60.0 60.0 62.0 
64.0 60.0 76.0 70.0 
64.0 59.0 67.0 67.0 
61.0 60.0 60.0 62.0 
61.0 60.0 60.0 62.0 
64.0 59.0 75.0 71.0 
64.0 59.0 68.0 66.0 
60.0 59.0 60.0 62.0 
61.0 59.0 61.0 61.0 
65.0 59.0 75.0 71.0 
63.0 59.0 67.0 67.0 
61.0 60.0 61.0 61.0 
62.0 60.0 61.0 61.0 
65.0 59.0 77.0 71.0 
64.0 58.0 68.0 67.0 
61.0 60.0 61.0 62.0 
61.0 60.0 61.0 61.0 
65.0 61.0 74.0 69.0 
64.0 58.0 68.0 66.0 
61.0 59.0 61.0 62.0 
61.0 60.0 61.0 61.0 
64.0 60.0 73.0 70.0 
64.0 58.0 68.0 67.0 
61.0 60.0 61.0 62.0 
61.0 60.0 61.0 62.0 
64.0 60.0 74.0 70.0 
62.0 59.0 68.0 66.0 
61.0 59.0 61.0 62.0 
61.0 60.0 61.0 62.0 
65.0 60.0 74.0 69.0 
64.0 58.0 68.0 67.0 
60.0 60.0 62.0 62.0 
62.0 60.0 61.0 61.0 
64.0 57.0 73.0 69.0 
63.0 59.0 68.0 67.0 
61.0 59.0 61.0 62.0 
61.0 59.0 61.0 61.0 
64.0 60.0 74.0 71.0 
63.0 58.0 67.0 66.0 
61.0 58.0 60.0 62.0 
61.0 60.0 60.0 61.0 
64.0 60.0 75.0 70.0 
64.0 59.0 68.0 67.0 
61.0 59.0 61.0 62.0 
61.0 60.0 60.0 61.0 
64.0 59.0 73.0 70.0 
64.0 58.0 68.0 67.0 
61.0 58.0 61.0 62.0 
61.0 60.0 60.0 61.0 
65.0 60.0 75.0 69.0 
65.0 59.0 67.0 67.0 
60.0 61.0 61.0 62.0 
61.0 60.0 61.0 61.0 
65.0 60.0 75.0 70.0 
63.0 59.0 68.0 67.0 
60.0 60.0 60.0 62.0 
61.0 60.0 61.0 61.0 
64.0 60.0 74.0 68.0 
64.0 58.0 67.0 67.0 
60.0 61.0 60.0 62.0 
61.0 60.0 61.0 61.0 
64.0 59.0 75.0 70.0 
64.0 59.0 68.0 66.0 
61.0 59.0 61.0 62.0 
61.0 60.0 61.0 61.0 
64.0 60.0 75.0 70.0 
64.0 58.0 67.0 66.0 
61.0 59.0 62.0 62.0 
60.0 60.0 61.0 61.0 
64.0 60.0 75.0 71.0 
63.0 59.0 67.0 66.0 
61.0 59.0 61.0 62.0 
62.0 61.0 60.0 61.0 
64.0 59.0 76.0 71.0 
64.0 59.0 67.0 66.0 
62.0 59.0 60.0 61.0 
60.0 61.0 60.0 62.0 
64.0 60.0 76.0 70.0 
63.0 58.0 67.0 66.0 
62.0 59.0 60.0 62.0 
61.0 60.0 61.0 60.0 
65.0 60.0 76.0 70.0 
63.0 58.0 67.0 65.0 
61.0 59.0 61.0 62.0 
62.0 60.0 61.0 60.0 
65.0 60.0 76.0 71.0 
63.0 58.0 65.0 66.0 
61.0 58.0 61.0 63.0 
62.0 60.0 61.0 61.0 
65.0 60.0 76.0 70.0 
63.0 59.0 66.0 67.0 
61.0 62.0 61.0 62.0 
61.0 60.0 61.0 61.0 
66.0 60.0 76.0 70.0 
63.0 59.0 65.0 65.0 
61.0 59.0 60.0 62.0 
61.0 60.0 61.0 62.0 
66.0 59.0 76.0 71.0 
63.0 58.0 66.0 66.0 
63.0 60.0 61.0 63.0 
61.0 60.0 61.0 62.0 
66.0 60.0 75.0 71.0 
62.0 58.0 66.0 65.0 
60.0 60.0 60.0 62.0 
62.0 59.0 61.0 61.0 
66.0 59.0 75.0 71.0 
64.0 59.0 68.0 67.0 
62.0 60.0 62.0 62.0 
61.0 60.0 61.0 62.0 
66.0 59.0 76.0 72.0 
63.0 59.0 66.0 66.0 
61.0 59.0 61.0 63.0 
62.0 59.0 61.0 62.0 
66.0 61.0 75.0 72.0 
63.0 58.0 66.0 66.0 
62.0 59.0 61.0 63.0 
61.0 60.0 60.0 61.0 
66.0 58.0 75.0 72.0 
62.0 59.0 66.0 66.0 
61.0 59.0 62.0 62.0 
61.0 60.0 60.0 61.0 
66.0 59.0 75.0 71.0 
63.0 60.0 66.0 65.0 
61.0 60.0 61.0 62.0 
61.0 60.0 61.0 62.0 
65.0 60.0 76.0 72.0 
63.0 57.0 66.0 66.0 
60.0 59.0 61.0 62.0 
61.0 59.0 61.0 61.0 
64.0 59.0 76.0 72.0 
64.0 58.0 67.0 67.0 
61.0 59.0 60.0 63.0 
61.0 60.0 60.0 62.0 
65.0 60.0 75.0 71.0 
63.0 58.0 65.0 66.0 
61.0 60.0 60.0 62.0 
61.0 60.0 61.0 61.0 
65.0 59.0 76.0 70.0 
63.0 60.0 65.0 66.0 
61.0 60.0 61.0 62.0 
62.0 60.0 60.0 61.0 
65.0 59.0 76.0 71.0 
62.0 60.0 66.0 66.0 
61.0 59.0 60.0 62.0 
61.0 60.0 60.0 61.0 
65.0 60.0 75.0 70.0 
63.0 59.0 66.0 66.0 
61.0 59.0 60.0 62.0 
61.0 60.0 60.0 62.0 
65.0 60.0 76.0 71.0 
63.0 59.0 65.0 66.0 
62.0 59.0 61.0 62.0 
61.0 60.0 61.0 61.0 
65.0 60.0 74.0 70.0 
62.0 59.0 66.0 66.0 
60.0 61.0 61.0 64.0 
62.0 60.0 61.0 62.0 
64.0 60.0 75.0 70.0 
63.0 59.0 66.0 66.0 
61.0 59.0 62.0 62.0 
62.0 60.0 60.0 61.0 
65.0 59.0 75.0 71.0 
63.0 58.0 66.0 66.0 
61.0 59.0 60.0 63.0 
61.0 60.0 60.0 62.0 
65.0 60.0 75.0 70.0 
63.0 59.0 67.0 65.0 
60.0 60.0 61.0 65.0 
62.0 59.0 62.0 62.0 
64.0 59.0 75.0 71.0 
64.0 59.0 66.0 66.0 
61.0 59.0 61.0 62.0 
61.0 61.0 61.0 60.0 
64.0 59.0 75.0 70.0 
64.0 58.0 66.0 66.0 
61.0 59.0 61.0 63.0 
63.0 58.0 61.0 61.0 
65.0 60.0 75.0 71.0 
64.0 58.0 67.0 66.0 
61.0 60.0 60.0 62.0 
61.0 60.0 61.0 62.0 
64.0 59.0 75.0 71.0 
64.0 59.0 66.0 67.0 
61.0 60.0 61.0 63.0 
62.0 60.0 61.0 61.0 
66.0 60.0 75.0 71.0 
64.0 59.0 66.0 66.0 
61.0 59.0 61.0 63.0 
61.0 60.0 60.0 61.0 
64.0 59.0 75.0 70.0 
63.0 59.0 65.0 66.0 
60.0 59.0 61.0 63.0 
60.0 60.0 60.0 60.0 
64.0 60.0 75.0 71.0 
64.0 58.0 67.0 66.0 
61.0 60.0 61.0 63.0 
60.0 60.0 61.0 61.0 
65.0 59.0 75.0 70.0 
63.0 60.0 65.0 67.0 
60.0 61.0 61.0 62.0 
61.0 60.0 59.0 60.0 
63.0 59.0 74.0 71.0 
63.0 58.0 66.0 66.0 
62.0 59.0 62.0 61.0 
61.0 60.0 60.0 61.0 
64.0 60.0 75.0 71.0 
63.0 59.0 66.0 67.0 
61.0 60.0 62.0 62.0 
61.0 60.0 61.0 61.0 
64.0 60.0 75.0 70.0 
63.0 58.0 65.0 66.0 
61.0 60.0 61.0 61.0 
61.0 61.0 60.0 61.0 
65.0 60.0 75.0 70.0 
62.0 60.0 66.0 66.0 
62.0 60.0 61.0 62.0 
62.0 59.0 61.0 62.0 
64.0 60.0 75.0 71.0 
63.0 58.0 65.0 66.0 
61.0 59.0 62.0 62.0 
62.0 59.0 60.0 61.0 
64.0 60.0 75.0 71.0 
63.0 59.0 66.0 65.0 
61.0 59.0 61.0 62.0 
61.0 60.0 61.0 61.0 
64.0 59.0 76.0 71.0 
63.0 59.0 65.0 66.0 
61.0 59.0 61.0 63.0 
61.0 60.0 60.0 61.0 
65.0 60.0 76.0 72.0 
63.0 59.0 66.0 66.0 
61.0 61.0 61.0 63.0 
61.0 60.0 61.0 61.0 
64.0 60.0 76.0 72.0 
63.0 59.0 66.0 65.0 
61.0 59.0 62.0 62.0 
61.0 60.0 61.0 61.0 
64.0 60.0 76.0 71.0 
63.0 60.0 66.0 65.0 
61.0 59.0 61.0 63.0 
60.0 59.0 61.0 61.0 
63.0 60.0 76.0 72.0 
63.0 59.0 66.0 66.0 
61.0 59.0 62.0 62.0 
61.0 61.0 60.0 62.0 
64.0 60.0 75.0 72.0 
63.0 58.0 66.0 66.0 
61.0 59.0 60.0 63.0 
61.0 60.0 60.0 60.0 
64.0 59.0 75.0 71.0 
63.0 59.0 65.0 66.0 
61.0 60.0 61.0 63.0 
61.0 62.0 61.0 61.0 
63.0 61.0 76.0 70.0 
64.0 59.0 66.0 66.0 
61.0 59.0 62.0 61.0 
61.0 60.0 61.0 61.0 
64.0 59.0 75.0 70.0 
63.0 58.0 66.0 66.0 
61.0 59.0 61.0 63.0 
61.0 60.0 60.0 62.0 
65.0 59.0 76.0 72.0 
63.0 59.0 66.0 66.0 
61.0 60.0 61.0 63.0 
61.0 59.0 60.0 61.0 
64.0 61.0 74.0 71.0 
63.0 59.0 66.0 66.0 
61.0 58.0 61.0 61.0 
61.0 60.0 60.0 61.0 
64.0 59.0 75.0 72.0 
64.0 58.0 66.0 67.0 
61.0 59.0 62.0 62.0 
61.0 60.0 61.0 61.0 
64.0 60.0 75.0 70.0 
63.0 59.0 67.0 67.0 
61.0 59.0 61.0 62.0 
60.0 61.0 60.0 61.0 
63.0 59.0 75.0 71.0 
63.0 59.0 66.0 66.0 
62.0 59.0 62.0 62.0 
61.0 60.0 60.0 61.0 
64.0 60.0 75.0 70.0 
64.0 58.0 66.0 66.0 
62.0 59.0 60.0 63.0 
61.0 60.0 61.0 61.0 
65.0 60.0 74.0 71.0 
63.0 59.0 67.0 67.0 
60.0 60.0 61.0 62.0 
60.0 61.0 60.0 61.0 
64.0 60.0 75.0 70.0 
64.0 59.0 67.0 67.0 
61.0 59.0 61.0 63.0 
61.0 60.0 60.0 61.0 
64.0 60.0 75.0 70.0 
64.0 59.0 67.0 66.0 
61.0 59.0 61.0 62.0 
61.0 60.0 60.0 62.0 
64.0 60.0 75.0 71.0 
63.0 60.0 67.0 67.0 
61.0 59.0 61.0 63.0 
61.0 61.0 61.0 61.0 
64.0 60.0 75.0 70.0 
63.0 59.0 67.0 66.0 
60.0 59.0 61.0 62.0 
61.0 60.0 60.0 62.0 
64.0 59.0 75.0 70.0 
64.0 58.0 67.0 66.0 
61.0 59.0 61.0 62.0 
61.0 60.0 60.0 61.0 
64.0 60.0 75.0 71.0 
63.0 58.0 66.0 66.0 
62.0 59.0 62.0 62.0 
60.0 60.0 61.0 61.0 
65.0 59.0 75.0 70.0 
63.0 59.0 66.0 66.0 
61.0 59.0 60.0 62.0 
61.0 60.0 60.0 61.0 
66.0 61.0 75.0 70.0 
63.0 59.0 65.0 66.0 
60.0 60.0 61.0 63.0 
62.0 60.0 60.0 62.0 
68.0 60.0 76.0 71.0 
63.0 58.0 66.0 66.0 
62.0 59.0 61.0 62.0 
61.0 59.0 61.0 61.0 
65.0 60.0 75.0 71.0 
63.0 59.0 66.0 66.0 
61.0 60.0 60.0 62.0 
61.0 61.0 60.0 61.0 
67.0 60.0 75.0 70.0 
63.0 59.0 66.0 65.0 
60.0 59.0 61.0 62.0 
60.0 60.0 61.0 61.0 
65.0 60.0 75.0 71.0 
63.0 59.0 66.0 66.0 
61.0 59.0 61.0 62.0 
61.0 60.0 61.0 61.0 
67.0 59.0 76.0 71.0 
64.0 58.0 67.0 66.0 
62.0 59.0 62.0 62.0 
62.0 59.0 60.0 61.0 
66.0 61.0 75.0 71.0 
64.0 59.0 67.0 66.0 
62.0 59.0 61.0 62.0 
61.0 60.0 61.0 61.0 
65.0 60.0 75.0 71.0 
64.0 59.0 66.0 64.0 
61.0 60.0 62.0 62.0 
61.0 60.0 61.0 60.0 
65.0 60.0 75.0 71.0 
63.0 59.0 66.0 66.0 
61.0 59.0 61.0 63.0 
61.0 60.0 60.0 62.0 
65.0 59.0 75.0 71.0 
63.0 59.0 66.0 65.0 
61.0 59.0 61.0 63.0 
61.0 60.0 61.0 61.0 
66.0 59.0 76.0 71.0 
62.0 59.0 67.0 66.0 
61.0 60.0 61.0 63.0 
62.0 60.0 61.0 61.0 
67.0 59.0 75.0 71.0 
62.0 59.0 66.0 65.0 
62.0 60.0 62.0 63.0 
61.0 60.0 60.0 61.0 
67.0 59.0 76.0 71.0 
63.0 59.0 66.0 65.0 
62.0 58.0 62.0 62.0 
61.0 61.0 60.0 61.0 
67.0 59.0 76.0 71.0 
63.0 59.0 66.0 66.0 
62.0 59.0 61.0 62.0 
62.0 60.0 61.0 61.0 
66.0 59.0 75.0 71.0 
62.0 59.0 66.0 65.0 
61.0 59.0 60.0 62.0 
60.0 60.0 60.0 61.0 
67.0 59.0 76.0 71.0 
63.0 59.0 65.0 65.0 
61.0 60.0 61.0 63.0 
61.0 58.0 60.0 61.0 
66.0 59.0 75.0 70.0 
63.0 59.0 66.0 67.0 
61.0 59.0 61.0 62.0 
62.0 60.0 60.0 61.0 
65.0 60.0 75.0 71.0 
63.0 59.0 66.0 65.0 
61.0 60.0 61.0 63.0 
61.0 60.0 61.0 61.0 
66.0 60.0 76.0 71.0 
63.0 59.0 64.0 65.0 
61.0 59.0 61.0 62.0 
61.0 59.0 61.0 60.0 
65.0 59.0 76.0 71.0 
62.0 59.0 66.0 66.0 
60.0 59.0 62.0 63.0 
62.0 60.0 61.0 60.0 
64.0 60.0 75.0 71.0 
63.0 59.0 67.0 65.0 
61.0 59.0 61.0 62.0 
61.0 60.0 60.0 61.0 
66.0 60.0 77.0 72.0 
63.0 59.0 64.0 65.0 
61.0 60.0 61.0 63.0 
61.0 60.0 61.0 61.0 
65.0 60.0 77.0 71.0 
62.0 59.0 66.0 65.0 
60.0 60.0 61.0 62.0 
63.0 60.0 61.0 61.0 
66.0 59.0 77.0 72.0 
63.0 59.0 65.0 65.0 
62.0 59.0 61.0 63.0 
61.0 61.0 60.0 62.0 
67.0 60.0 76.0 72.0 
62.0 58.0 66.0 65.0 
61.0 59.0 62.0 62.0 
60.0 60.0 60.0 61.0 
66.0 60.0 76.0 72.0 
63.0 60.0 66.0 65.0 
61.0 61.0 61.0 62.0 
61.0 59.0 61.0 61.0 
66.0 59.0 77.0 71.0 
62.0 59.0 65.0 65.0 
61.0 59.0 61.0 63.0 
61.0 60.0 60.0 62.0 
67.0 59.0 77.0 73.0 
62.0 59.0 65.0 65.0 
61.0 59.0 61.0 63.0 
61.0 60.0 60.0 61.0 
68.0 59.0 77.0 72.0 
63.0 58.0 66.0 63.0 
61.0 59.0 62.0 62.0 
60.0 60.0 60.0 62.0 
66.0 60.0 76.0 72.0 
61.0 58.0 65.0 64.0 
61.0 59.0 61.0 62.0 
60.0 60.0 61.0 62.0 
64.0 59.0 77.0 72.0 
62.0 58.0 65.0 65.0 
62.0 59.0 61.0 63.0 
62.0 60.0 61.0 60.0 
65.0 60.0 76.0 72.0 
63.0 58.0 64.0 64.0 
61.0 60.0 61.0 62.0 
61.0 60.0 60.0 62.0 
66.0 60.0 77.0 71.0 
62.0 58.0 64.0 65.0 
62.0 59.0 62.0 63.0 
61.0 60.0 61.0 61.0 
66.0 60.0 76.0 72.0 
62.0 59.0 64.0 64.0 
60.0 59.0 61.0 63.0 
61.0 59.0 60.0 61.0 
65.0 59.0 76.0 72.0 
62.0 59.0 64.0 64.0 
61.0 59.0 61.0 62.0 
61.0 60.0 61.0 61.0 
65.0 59.0 78.0 72.0 
62.0 59.0 64.0 64.0 
61.0 59.0 62.0 63.0 
61.0 60.0 61.0 61.0 
65.0 59.0 76.0 72.0 
63.0 59.0 64.0 64.0 
62.0 59.0 62.0 62.0 
61.0 60.0 60.0 61.0 
66.0 59.0 77.0 71.0 
62.0 59.0 63.0 65.0 
61.0 59.0 62.0 62.0 
61.0 60.0 60.0 61.0 
66.0 60.0 76.0 72.0 
62.0 59.0 64.0 64.0 
61.0 60.0 61.0 63.0 
60.0 60.0 60.0 62.0 
65.0 60.0 76.0 72.0 
61.0 60.0 64.0 64.0 
61.0 60.0 61.0 62.0 
62.0 60.0 61.0 61.0 
65.0 60.0 75.0 72.0 
62.0 60.0 64.0 64.0 
61.0 59.0 62.0 63.0 
61.0 61.0 60.0 61.0 
66.0 59.0 75.0 71.0 
61.0 59.0 64.0 64.0 
61.0 59.0 61.0 63.0 
62.0 60.0 61.0 61.0 
66.0 60.0 74.0 72.0 
63.0 58.0 65.0 64.0 
61.0 59.0 61.0 63.0 
63.0 60.0 61.0 62.0 
66.0 59.0 76.0 71.0 
62.0 60.0 64.0 64.0 
62.0 59.0 61.0 63.0 
62.0 59.0 61.0 61.0 
66.0 59.0 76.0 71.0 
61.0 58.0 64.0 64.0 
61.0 59.0 61.0 63.0 
61.0 60.0 61.0 62.0 
67.0 60.0 76.0 72.0 
62.0 59.0 64.0 64.0 
61.0 59.0 61.0 62.0 
61.0 60.0 62.0 62.0 
66.0 60.0 76.0 71.0 
62.0 58.0 64.0 65.0 
62.0 59.0 61.0 63.0 
61.0 60.0 62.0 61.0 
65.0 60.0 76.0 72.0 
62.0 59.0 65.0 64.0 
61.0 59.0 62.0 63.0 
62.0 59.0 61.0 62.0 
67.0 60.0 75.0 71.0 
62.0 59.0 64.0 65.0 
61.0 58.0 62.0 62.0 
60.0 60.0 61.0 62.0 
65.0 60.0 76.0 71.0 
62.0 59.0 64.0 64.0 
62.0 59.0 61.0 62.0 
62.0 60.0 61.0 62.0 
67.0 59.0 76.0 72.0 
62.0 59.0 63.0 64.0 
61.0 60.0 61.0 62.0 
62.0 60.0 61.0 62.0 
67.0 60.0 76.0 71.0 
62.0 60.0 64.0 63.0 
61.0 59.0 61.0 63.0 
61.0 60.0 61.0 62.0 
68.0 60.0 76.0 72.0 
62.0 59.0 64.0 64.0 
61.0 60.0 62.0 62.0 
61.0 60.0 62.0 62.0 
68.0 60.0 75.0 72.0 
62.0 58.0 64.0 65.0 
61.0 59.0 63.0 63.0 
61.0 60.0 61.0 61.0 
69.0 60.0 75.0 72.0 
62.0 58.0 64.0 64.0 
62.0 59.0 62.0 63.0 
61.0 60.0 61.0 61.0 
67.0 60.0 75.0 71.0 
62.0 59.0 65.0 64.0 
62.0 59.0 61.0 63.0 
61.0 60.0 61.0 62.0 
69.0 59.0 75.0 71.0 
62.0 59.0 64.0 65.0 
61.0 59.0 62.0 63.0 
61.0 60.0 61.0 61.0 
68.0 60.0 75.0 72.0 
63.0 60.0 65.0 64.0 
62.0 59.0 62.0 62.0 
61.0 60.0 62.0 61.0 
68.0 60.0 75.0 72.0 
62.0 59.0 63.0 63.0 
61.0 58.0 62.0 62.0 
62.0 59.0 61.0 61.0 
68.0 60.0 75.0 71.0 
62.0 59.0 64.0 64.0 
61.0 59.0 62.0 63.0 
62.0 60.0 61.0 61.0 
67.0 61.0 75.0 72.0 
62.0 58.0 64.0 64.0 
61.0 59.0 62.0 62.0 
60.0 61.0 61.0 61.0 
69.0 60.0 75.0 71.0 
62.0 58.0 64.0 65.0 
62.0 59.0 62.0 62.0 
60.0 60.0 61.0 62.0 
68.0 60.0 75.0 72.0 
62.0 59.0 65.0 63.0 
62.0 60.0 62.0 62.0 
61.0 61.0 61.0 61.0 
68.0 60.0 75.0 71.0 
61.0 58.0 64.0 63.0 
61.0 60.0 61.0 62.0 
61.0 59.0 61.0 61.0 
68.0 59.0 75.0 71.0 
62.0 59.0 65.0 64.0 
61.0 59.0 62.0 63.0 
61.0 60.0 61.0 62.0 
67.0 61.0 75.0 72.0 
62.0 59.0 64.0 64.0 
62.0 59.0 61.0 63.0 
61.0 61.0 61.0 61.0 
69.0 59.0 76.0 71.0 
62.0 57.0 62.0 63.0 
62.0 59.0 62.0 63.0 
61.0 60.0 61.0 61.0 
69.0 58.0 74.0 71.0 
62.0 59.0 63.0 64.0 
61.0 60.0 62.0 63.0 
61.0 60.0 59.0 61.0 
69.0 59.0 75.0 71.0 
62.0 59.0 64.0 64.0 
61.0 59.0 62.0 62.0 
61.0 60.0 61.0 61.0 
70.0 59.0 76.0 72.0 
62.0 59.0 64.0 64.0 
60.0 61.0 62.0 63.0 
62.0 59.0 60.0 61.0 
70.0 61.0 75.0 71.0 
63.0 59.0 64.0 64.0 
61.0 58.0 62.0 62.0 
61.0 60.0 61.0 61.0 
70.0 59.0 76.0 71.0 
63.0 59.0 65.0 65.0 
61.0 61.0 62.0 63.0 
62.0 59.0 60.0 60.0 
70.0 60.0 75.0 72.0 
63.0 59.0 64.0 65.0 
61.0 59.0 62.0 63.0 
61.0 60.0 61.0 61.0 
69.0 59.0 74.0 71.0 
62.0 58.0 65.0 65.0 
60.0 60.0 63.0 63.0 
60.0 60.0 60.0 62.0 
70.0 60.0 75.0 72.0 
62.0 59.0 65.0 65.0 
60.0 60.0 62.0 63.0 
62.0 59.0 61.0 61.0 
70.0 60.0 75.0 72.0 
62.0 58.0 65.0 64.0 
60.0 59.0 62.0 62.0 
60.0 61.0 61.0 61.0 
70.0 58.0 75.0 71.0 
62.0 59.0 65.0 64.0 
61.0 58.0 62.0 63.0 
61.0 59.0 61.0 61.0 
70.0 59.0 75.0 72.0 
63.0 59.0 65.0 65.0 
61.0 60.0 62.0 63.0 
61.0 60.0 60.0 61.0 
70.0 59.0 76.0 72.0 
63.0 58.0 65.0 64.0 
62.0 59.0 62.0 63.0 
61.0 61.0 61.0 61.0 
70.0 58.0 75.0 71.0 
62.0 59.0 64.0 65.0 
61.0 59.0 62.0 63.0 
61.0 60.0 60.0 61.0 
70.0 60.0 75.0 72.0 
62.0 59.0 65.0 65.0 
61.0 59.0 62.0 61.0 
61.0 60.0 61.0 62.0 
70.0 61.0 76.0 72.0 
63.0 58.0 65.0 64.0 
61.0 59.0 62.0 62.0 
61.0 60.0 62.0 62.0 
69.0 59.0 76.0 72.0 
62.0 58.0 65.0 65.0 
61.0 60.0 62.0 62.0 
62.0 60.0 60.0 61.0 
70.0 59.0 75.0 70.0 
62.0 59.0 65.0 64.0 
61.0 59.0 62.0 62.0 
61.0 60.0 60.0 61.0 
69.0 60.0 76.0 72.0 
62.0 58.0 65.0 65.0 
62.0 59.0 62.0 63.0 
61.0 60.0 61.0 61.0 
69.0 60.0 76.0 73.0 
62.0 59.0 65.0 66.0 
61.0 59.0 63.0 63.0 
61.0 59.0 61.0 61.0 
71.0 59.0 76.0 72.0 
63.0 58.0 65.0 65.0 
61.0 59.0 62.0 62.0 
61.0 60.0 61.0 62.0 
70.0 60.0 76.0 72.0 
62.0 58.0 65.0 65.0 
62.0 60.0 62.0 62.0 
62.0 60.0 61.0 62.0 
72.0 60.0 75.0 72.0 
63.0 58.0 66.0 65.0 
61.0 60.0 62.0 63.0 
62.0 60.0 61.0 62.0 
73.0 59.0 76.0 72.0 
62.0 59.0 65.0 65.0 
60.0 59.0 62.0 62.0 
61.0 60.0 61.0 61.0 
74.0 60.0 75.0 72.0 
62.0 59.0 65.0 65.0 
61.0 59.0 61.0 63.0 
62.0 60.0 61.0 62.0 
75.0 60.0 75.0 73.0 
62.0 59.0 65.0 65.0 
61.0 59.0 62.0 62.0 
61.0 60.0 60.0 62.0 
74.0 60.0 75.0 72.0 
63.0 58.0 65.0 64.0 
62.0 59.0 62.0 63.0 
61.0 60.0 62.0 61.0 
71.0 60.0 75.0 71.0 
62.0 58.0 65.0 64.0 
60.0 59.0 61.0 62.0 
60.0 60.0 61.0 62.0 
70.0 59.0 76.0 71.0 
62.0 58.0 66.0 65.0 
62.0 59.0 62.0 63.0 
61.0 60.0 60.0 62.0 
69.0 61.0 75.0 70.0 
62.0 59.0 65.0 65.0 
61.0 60.0 62.0 62.0 
60.0 60.0 61.0 61.0 
68.0 60.0 76.0 71.0 
62.0 59.0 65.0 65.0 
61.0 60.0 62.0 62.0 
61.0 60.0 61.0 62.0 
68.0 60.0 75.0 71.0 
63.0 59.0 66.0 65.0 
61.0 59.0 61.0 62.0 
62.0 59.0 62.0 62.0 
68.0 60.0 75.0 71.0 
63.0 59.0 65.0 65.0 
61.0 58.0 62.0 62.0 
61.0 60.0 61.0 61.0 
68.0 60.0 74.0 71.0 
62.0 60.0 66.0 65.0 
61.0 58.0 62.0 61.0 
61.0 60.0 61.0 61.0 
68.0 60.0 75.0 70.0 
63.0 58.0 65.0 65.0 
60.0 59.0 62.0 62.0 
61.0 61.0 61.0 62.0 
68.0 60.0 74.0 70.0 
63.0 59.0 65.0 65.0 
61.0 59.0 62.0 62.0 
61.0 60.0 60.0 62.0 
68.0 59.0 75.0 70.0 
62.0 59.0 65.0 65.0 
62.0 59.0 61.0 63.0 
61.0 60.0 61.0 63.0 
69.0 60.0 75.0 71.0 
63.0 59.0 66.0 64.0 
61.0 60.0 61.0 62.0 
61.0 60.0 61.0 61.0 
68.0 59.0 75.0 71.0 
62.0 59.0 64.0 65.0 
61.0 58.0 61.0 63.0 
61.0 59.0 60.0 61.0 
68.0 59.0 75.0 70.0 
63.0 59.0 65.0 65.0 
62.0 59.0 62.0 62.0 
60.0 60.0 61.0 62.0 
68.0 60.0 75.0 71.0 
62.0 58.0 66.0 65.0 
61.0 60.0 61.0 62.0 
60.0 60.0 61.0 61.0 
67.0 60.0 75.0 71.0 
64.0 59.0 67.0 64.0 
61.0 59.0 61.0 63.0 
61.0 59.0 61.0 62.0 
68.0 59.0 75.0 71.0 
62.0 59.0 65.0 65.0 
61.0 58.0 62.0 63.0 
60.0 59.0 61.0 61.0 
70.0 58.0 76.0 71.0 
62.0 59.0 65.0 65.0 
61.0 60.0 62.0 63.0 
62.0 59.0 60.0 62.0 
70.0 59.0 75.0 71.0 
62.0 59.0 66.0 66.0 
61.0 60.0 62.0 62.0 
62.0 60.0 61.0 61.0 
68.0 59.0 75.0 71.0 
62.0 58.0 65.0 65.0 
60.0 61.0 61.0 62.0 
61.0 60.0 62.0 62.0 
69.0 60.0 75.0 71.0 
62.0 58.0 65.0 65.0 
61.0 58.0 62.0 64.0 
60.0 60.0 61.0 62.0 
67.0 60.0 75.0 71.0 
63.0 58.0 65.0 65.0 
62.0 59.0 61.0 62.0 
62.0 60.0 61.0 63.0 
69.0 60.0 74.0 71.0 
63.0 59.0 66.0 65.0 
61.0 59.0 62.0 62.0 
61.0 59.0 61.0 62.0 
69.0 59.0 75.0 71.0 
63.0 59.0 66.0 65.0 
61.0 59.0 62.0 63.0 
61.0 60.0 61.0 63.0 
68.0 59.0 75.0 71.0 
63.0 58.0 66.0 65.0 
61.0 59.0 62.0 63.0 
61.0 60.0 61.0 61.0 
69.0 60.0 75.0 71.0 
63.0 58.0 65.0 66.0 
61.0 60.0 62.0 62.0 
61.0 60.0 61.0 62.0 
69.0 60.0 74.0 71.0 
63.0 59.0 66.0 65.0 
61.0 59.0 62.0 63.0 
61.0 60.0 61.0 62.0 
69.0 60.0 75.0 72.0 
62.0 59.0 65.0 65.0 
61.0 59.0 62.0 62.0 
60.0 60.0 61.0 62.0 
69.0 61.0 75.0 71.0 
63.0 59.0 66.0 65.0 
61.0 59.0 62.0 62.0 
61.0 60.0 61.0 62.0 
69.0 60.0 74.0 70.0 
64.0 59.0 66.0 66.0 
61.0 59.0 62.0 61.0 
61.0 60.0 62.0 61.0 
71.0 59.0 75.0 71.0 
61.0 59.0 65.0 65.0 
60.0 59.0 62.0 63.0 
61.0 60.0 60.0 62.0 
70.0 58.0 74.0 72.0 
63.0 60.0 65.0 65.0 
61.0 59.0 62.0 63.0 
61.0 59.0 62.0 61.0 
70.0 59.0 75.0 71.0 
63.0 59.0 66.0 65.0 
61.0 59.0 61.0 62.0 
61.0 59.0 61.0 61.0 
70.0 59.0 74.0 71.0 
63.0 59.0 66.0 65.0 
62.0 60.0 62.0 62.0 
61.0 60.0 61.0 61.0 
71.0 60.0 75.0 71.0 
62.0 59.0 65.0 64.0 
62.0 59.0 61.0 62.0 
62.0 60.0 61.0 62.0 
71.0 60.0 75.0 71.0 
63.0 60.0 65.0 65.0 
61.0 60.0 62.0 63.0 
62.0 59.0 61.0 62.0 
71.0 60.0 75.0 71.0 
63.0 59.0 66.0 64.0 
62.0 59.0 62.0 62.0 
61.0 60.0 61.0 62.0 
71.0 60.0 75.0 71.0 
63.0 59.0 65.0 66.0 
61.0 59.0 61.0 63.0 
61.0 60.0 60.0 62.0 
70.0 61.0 74.0 71.0 
63.0 59.0 67.0 65.0 
60.0 59.0 61.0 63.0 
61.0 61.0 61.0 63.0 
70.0 60.0 74.0 70.0 
62.0 59.0 66.0 65.0 
61.0 60.0 62.0 63.0 
63.0 60.0 61.0 61.0 
70.0 59.0 75.0 71.0 
63.0 58.0 66.0 65.0 
60.0 59.0 62.0 62.0 
60.0 60.0 61.0 62.0 
71.0 59.0 75.0 72.0 
62.0 59.0 66.0 65.0 
61.0 60.0 61.0 62.0 
61.0 60.0 60.0 62.0 
70.0 59.0 74.0 71.0 
63.0 59.0 66.0 65.0 
60.0 60.0 62.0 62.0 
62.0 60.0 62.0 61.0 
71.0 60.0 75.0 71.0 
64.0 59.0 65.0 65.0 
60.0 60.0 61.0 63.0 
61.0 60.0 61.0 62.0 
70.0 59.0 75.0 71.0 
62.0 59.0 66.0 64.0 
61.0 59.0 61.0 62.0 
61.0 60.0 61.0 60.0 
71.0 59.0 75.0 72.0 
62.0 59.0 65.0 64.0 
60.0 59.0 61.0 63.0 
60.0 59.0 61.0 62.0 
70.0 60.0 76.0 71.0 
61.0 58.0 65.0 64.0 
62.0 59.0 62.0 63.0 
61.0 61.0 61.0 62.0 
71.0 60.0 75.0 71.0 
62.0 59.0 65.0 65.0 
61.0 59.0 62.0 62.0 
61.0 60.0 61.0 62.0 
70.0 60.0 75.0 71.0 
62.0 59.0 65.0 65.0 
61.0 58.0 62.0 62.0 
61.0 61.0 60.0 62.0 
70.0 60.0 76.0 72.0 
62.0 58.0 65.0 64.0 
62.0 60.0 61.0 62.0 
62.0 60.0 61.0 62.0 
70.0 60.0 76.0 71.0 
63.0 58.0 65.0 64.0 
61.0 59.0 62.0 62.0 
61.0 62.0 60.0 62.0 
70.0 59.0 77.0 71.0 
62.0 58.0 65.0 64.0 
61.0 59.0 62.0 62.0 
61.0 60.0 61.0 62.0 
71.0 59.0 76.0 72.0 
61.0 59.0 65.0 64.0 
61.0 59.0 62.0 63.0 
62.0 60.0 61.0 62.0 
70.0 59.0 77.0 71.0 
62.0 59.0 65.0 65.0 
61.0 60.0 62.0 63.0 
61.0 60.0 61.0 61.0 
70.0 59.0 76.0 71.0 
62.0 59.0 65.0 65.0 
61.0 58.0 62.0 63.0 
62.0 60.0 61.0 62.0 
70.0 60.0 76.0 72.0 
62.0 59.0 64.0 64.0 
62.0 58.0 62.0 62.0 
61.0 60.0 61.0 61.0 
71.0 59.0 76.0 74.0 
62.0 59.0 65.0 64.0 
61.0 59.0 63.0 63.0 
62.0 60.0 61.0 62.0 
72.0 60.0 77.0 71.0 
62.0 57.0 66.0 64.0 
61.0 60.0 61.0 63.0 
62.0 60.0 61.0 62.0 
71.0 58.0 76.0 72.0 
62.0 59.0 65.0 65.0 
62.0 59.0 62.0 62.0 
61.0 60.0 61.0 61.0 
70.0 59.0 77.0 71.0 
63.0 59.0 65.0 64.0 
61.0 60.0 62.0 63.0 
62.0 60.0 61.0 61.0 
70.0 60.0 76.0 72.0 
62.0 59.0 65.0 64.0 
61.0 59.0 62.0 63.0 
61.0 60.0 61.0 61.0 
72.0 59.0 77.0 72.0 
61.0 58.0 64.0 65.0 
61.0 59.0 61.0 63.0 
61.0 61.0 61.0 62.0 
70.0 59.0 76.0 72.0 
62.0 59.0 63.0 63.0 
61.0 59.0 62.0 62.0 
61.0 60.0 61.0 62.0 
71.0 60.0 77.0 72.0 
62.0 58.0 64.0 64.0 
61.0 59.0 62.0 62.0 
61.0 60.0 62.0 62.0 
72.0 60.0 77.0 72.0 
62.0 58.0 63.0 64.0 
60.0 60.0 61.0 63.0 
61.0 60.0 62.0 61.0 
71.0 60.0 76.0 72.0 
61.0 58.0 64.0 64.0 
61.0 59.0 62.0 61.0 
62.0 60.0 61.0 62.0 
73.0 59.0 77.0 73.0 
62.0 58.0 64.0 64.0 
63.0 59.0 61.0 62.0 
61.0 59.0 61.0 62.0 
72.0 60.0 76.0 72.0 
61.0 60.0 64.0 63.0 
62.0 59.0 63.0 62.0 
61.0 61.0 62.0 62.0 
73.0 59.0 76.0 72.0 
61.0 58.0 64.0 64.0 
61.0 60.0 61.0 63.0 
62.0 61.0 61.0 61.0 
72.0 59.0 77.0 71.0 
60.0 59.0 64.0 63.0 
62.0 59.0 61.0 62.0 
61.0 59.0 61.0 62.0 
72.0 60.0 76.0 72.0 
63.0 59.0 64.0 64.0 
61.0 60.0 62.0 62.0 
62.0 60.0 62.0 62.0 
72.0 59.0 77.0 72.0 
61.0 59.0 64.0 64.0 
61.0 59.0 61.0 62.0 
60.0 61.0 61.0 62.0 
71.0 61.0 76.0 71.0 
61.0 59.0 62.0 63.0 
62.0 59.0 61.0 63.0 
62.0 59.0 61.0 61.0 
72.0 60.0 76.0 71.0 
62.0 58.0 64.0 64.0 
62.0 58.0 62.0 63.0 
62.0 59.0 61.0 61.0 
72.0 60.0 76.0 71.0 
62.0 59.0 64.0 63.0 
61.0 58.0 61.0 63.0 
61.0 60.0 61.0 62.0 
71.0 62.0 75.0 72.0 
62.0 58.0 63.0 64.0 
61.0 60.0 63.0 63.0 
61.0 61.0 62.0 62.0 
72.0 60.0 75.0 72.0 
62.0 58.0 64.0 64.0 
61.0 59.0 60.0 63.0 
62.0 59.0 62.0 62.0 
71.0 60.0 76.0 72.0 
62.0 58.0 64.0 64.0 
61.0 58.0 62.0 63.0 
61.0 60.0 61.0 61.0 
71.0 61.0 76.0 71.0 
62.0 58.0 64.0 63.0 
61.0 60.0 62.0 62.0 
62.0 60.0 61.0 62.0 
71.0 59.0 75.0 72.0 
61.0 60.0 63.0 64.0 
61.0 59.0 62.0 62.0 
60.0 60.0 60.0 62.0 
72.0 59.0 77.0 71.0 
62.0 59.0 64.0 64.0 
62.0 60.0 61.0 63.0 
61.0 60.0 60.0 62.0 
71.0 59.0 76.0 73.0 
62.0 58.0 64.0 63.0 
62.0 59.0 61.0 63.0 
62.0 59.0 61.0 62.0 
72.0 59.0 76.0 71.0 
61.0 59.0 63.0 63.0 
61.0 58.0 61.0 62.0 
61.0 60.0 61.0 62.0 
72.0 60.0 76.0 72.0 
61.0 58.0 64.0 63.0 
60.0 61.0 61.0 63.0 
61.0 61.0 62.0 62.0 
73.0 60.0 76.0 72.0 
61.0 58.0 64.0 64.0 
62.0 58.0 61.0 63.0 
61.0 60.0 62.0 63.0 
72.0 58.0 77.0 71.0 
62.0 59.0 63.0 64.0 
60.0 59.0 62.0 63.0 
61.0 61.0 61.0 62.0 
73.0 59.0 76.0 72.0 
62.0 59.0 64.0 63.0 
61.0 60.0 61.0 63.0 
61.0 59.0 61.0 62.0 
72.0 60.0 76.0 72.0 
62.0 59.0 64.0 63.0 
61.0 60.0 61.0 63.0 
61.0 60.0 61.0 63.0 
72.0 60.0 76.0 72.0 
62.0 59.0 64.0 63.0 
61.0 58.0 61.0 62.0 
61.0 60.0 61.0 62.0 
73.0 59.0 76.0 71.0 
61.0 59.0 64.0 63.0 
61.0 59.0 62.0 62.0 
62.0 60.0 60.0 61.0 
74.0 59.0 76.0 72.0 
61.0 59.0 63.0 63.0 
61.0 59.0 61.0 63.0 
61.0 60.0 61.0 62.0 
77.0 60.0 76.0 72.0 
62.0 59.0 64.0 64.0 
60.0 61.0 62.0 63.0 
61.0 60.0 62.0 61.0 
76.0 61.0 75.0 71.0 
60.0 59.0 64.0 64.0 
61.0 60.0 62.0 62.0 
61.0 59.0 61.0 61.0 
75.0 59.0 76.0 72.0 
62.0 59.0 64.0 63.0 
61.0 58.0 61.0 62.0 
61.0 60.0 61.0 62.0 
76.0 60.0 77.0 72.0 
61.0 59.0 64.0 64.0 
61.0 59.0 62.0 62.0 
61.0 60.0 62.0 62.0 
76.0 60.0 76.0 73.0 
62.0 59.0 63.0 64.0 
61.0 59.0 62.0 63.0 
60.0 60.0 62.0 62.0 
76.0 59.0 76.0 72.0 
60.0 59.0 64.0 63.0 
61.0 60.0 61.0 63.0 
61.0 59.0 61.0 62.0 
76.0 60.0 75.0 72.0 
62.0 59.0 64.0 63.0 
61.0 59.0 62.0 63.0 
61.0 60.0 61.0 62.0 
