69.0 62.0 71.0 67.0 
62.0 55.0 60.0 55.0 
57.0 58.0 58.0 59.0 
63.0 56.0 61.0 57.0 
70.0 61.0 68.0 62.0 
56.0 60.0 56.0 61.0 
56.0 61.0 59.0 58.0 
58.0 61.0 58.0 59.0 
69.0 61.0 63.0 66.0 
60.0 57.0 56.0 61.0 
56.0 60.0 57.0 60.0 
59.0 59.0 60.0 60.0 
68.0 62.0 63.0 67.0 
62.0 54.0 60.0 57.0 
62.0 55.0 61.0 58.0 
55.0 61.0 57.0 61.0 
69.0 59.0 66.0 63.0 
54.0 59.0 57.0 59.0 
55.0 61.0 56.0 61.0 
57.0 61.0 57.0 62.0 
64.0 64.0 63.0 67.0 
57.0 59.0 57.0 59.0 
58.0 57.0 58.0 57.0 
57.0 60.0 57.0 61.0 
64.0 64.0 66.0 67.0 
59.0 58.0 55.0 60.0 
55.0 60.0 57.0 60.0 
55.0 61.0 57.0 59.0 
72.0 62.0 68.0 66.0 
58.0 56.0 59.0 58.0 
55.0 61.0 57.0 61.0 
61.0 59.0 61.0 55.0 
71.0 60.0 71.0 63.0 
55.0 61.0 55.0 60.0 
57.0 62.0 59.0 64.0 
58.0 59.0 60.0 58.0 
65.0 64.0 65.0 66.0 
60.0 55.0 60.0 55.0 
57.0 63.0 58.0 66.0 
57.0 60.0 58.0 61.0 
66.0 61.0 68.0 63.0 
60.0 56.0 60.0 55.0 
63.0 59.0 63.0 61.0 
59.0 59.0 59.0 61.0 
65.0 60.0 68.0 64.0 
62.0 55.0 58.0 59.0 
60.0 64.0 60.0 62.0 
63.0 58.0 59.0 59.0 
64.0 63.0 69.0 63.0 
56.0 58.0 57.0 56.0 
61.0 58.0 64.0 62.0 
56.0 61.0 58.0 60.0 
63.0 66.0 67.0 71.0 
56.0 57.0 58.0 58.0 
57.0 65.0 59.0 66.0 
58.0 60.0 57.0 63.0 
68.0 64.0 73.0 69.0 
60.0 56.0 58.0 56.0 
60.0 62.0 61.0 65.0 
60.0 59.0 59.0 56.0 
69.0 63.0 72.0 70.0 
58.0 55.0 61.0 55.0 
63.0 61.0 59.0 64.0 
60.0 61.0 57.0 59.0 
70.0 63.0 71.0 72.0 
59.0 56.0 58.0 58.0 
62.0 62.0 59.0 66.0 
61.0 56.0 61.0 56.0 
70.0 64.0 71.0 70.0 
55.0 59.0 58.0 58.0 
60.0 62.0 63.0 60.0 
56.0 61.0 56.0 60.0 
66.0 67.0 67.0 71.0 
57.0 58.0 57.0 60.0 
58.0 65.0 60.0 65.0 
55.0 61.0 58.0 60.0 
69.0 67.0 66.0 70.0 
55.0 61.0 56.0 60.0 
65.0 59.0 64.0 64.0 
61.0 57.0 61.0 58.0 
65.0 64.0 62.0 63.0 
58.0 61.0 56.0 59.0 
65.0 60.0 63.0 67.0 
63.0 58.0 59.0 61.0 
66.0 61.0 70.0 67.0 
56.0 58.0 58.0 59.0 
58.0 65.0 62.0 66.0 
62.0 58.0 60.0 58.0 
68.0 66.0 68.0 69.0 
59.0 58.0 58.0 61.0 
64.0 60.0 64.0 63.0 
62.0 56.0 60.0 58.0 
69.0 62.0 73.0 67.0 
57.0 58.0 58.0 60.0 
63.0 61.0 61.0 64.0 
60.0 58.0 60.0 60.0 
71.0 64.0 76.0 70.0 
60.0 55.0 61.0 56.0 
61.0 61.0 65.0 62.0 
57.0 60.0 57.0 57.0 
71.0 63.0 72.0 72.0 
59.0 60.0 58.0 58.0 
61.0 59.0 64.0 64.0 
60.0 55.0 61.0 58.0 
65.0 65.0 74.0 69.0 
55.0 61.0 56.0 60.0 
61.0 62.0 62.0 61.0 
59.0 59.0 59.0 59.0 
65.0 64.0 72.0 67.0 
59.0 57.0 58.0 60.0 
63.0 60.0 64.0 62.0 
58.0 59.0 59.0 59.0 
71.0 63.0 78.0 69.0 
60.0 55.0 61.0 57.0 
57.0 64.0 64.0 63.0 
55.0 60.0 59.0 59.0 
68.0 67.0 74.0 73.0 
60.0 55.0 60.0 58.0 
63.0 61.0 59.0 65.0 
57.0 59.0 59.0 56.0 
72.0 62.0 77.0 71.0 
58.0 60.0 56.0 60.0 
62.0 61.0 61.0 66.0 
58.0 59.0 58.0 62.0 
71.0 64.0 77.0 68.0 
59.0 60.0 57.0 60.0 
64.0 60.0 65.0 62.0 
58.0 59.0 58.0 60.0 
72.0 63.0 76.0 68.0 
56.0 60.0 57.0 62.0 
64.0 61.0 63.0 60.0 
56.0 60.0 58.0 59.0 
71.0 63.0 78.0 68.0 
59.0 56.0 59.0 57.0 
62.0 60.0 64.0 61.0 
56.0 61.0 58.0 58.0 
62.0 65.0 77.0 69.0 
57.0 58.0 62.0 56.0 
61.0 65.0 61.0 63.0 
60.0 58.0 59.0 62.0 
65.0 66.0 72.0 72.0 
61.0 55.0 61.0 60.0 
61.0 64.0 59.0 65.0 
60.0 59.0 58.0 61.0 
65.0 65.0 78.0 67.0 
56.0 62.0 57.0 62.0 
59.0 64.0 59.0 66.0 
61.0 57.0 61.0 57.0 
64.0 67.0 73.0 73.0 
59.0 57.0 61.0 57.0 
60.0 63.0 60.0 63.0 
60.0 58.0 59.0 58.0 
66.0 64.0 76.0 70.0 
56.0 60.0 57.0 59.0 
61.0 64.0 60.0 64.0 
59.0 56.0 59.0 58.0 
68.0 66.0 74.0 72.0 
59.0 58.0 61.0 56.0 
61.0 61.0 62.0 63.0 
60.0 59.0 58.0 63.0 
71.0 64.0 74.0 69.0 
56.0 61.0 61.0 57.0 
61.0 62.0 59.0 66.0 
62.0 57.0 59.0 61.0 
70.0 64.0 74.0 69.0 
59.0 59.0 58.0 59.0 
64.0 59.0 62.0 62.0 
62.0 57.0 61.0 57.0 
66.0 64.0 75.0 67.0 
59.0 58.0 59.0 59.0 
62.0 57.0 61.0 65.0 
57.0 59.0 58.0 59.0 
64.0 62.0 71.0 74.0 
57.0 60.0 58.0 59.0 
60.0 59.0 62.0 63.0 
57.0 61.0 59.0 58.0 
62.0 67.0 71.0 73.0 
59.0 57.0 60.0 56.0 
63.0 57.0 62.0 64.0 
58.0 60.0 59.0 58.0 
69.0 65.0 70.0 74.0 
57.0 57.0 59.0 55.0 
61.0 58.0 62.0 62.0 
56.0 60.0 57.0 60.0 
65.0 65.0 70.0 71.0 
58.0 58.0 57.0 59.0 
62.0 60.0 60.0 63.0 
57.0 60.0 59.0 60.0 
63.0 67.0 68.0 73.0 
55.0 59.0 56.0 60.0 
63.0 59.0 59.0 67.0 
62.0 57.0 60.0 60.0 
72.0 57.0 72.0 79.0 
59.0 56.0 60.0 55.0 
63.0 56.0 63.0 61.0 
56.0 61.0 57.0 61.0 
70.0 59.0 74.0 77.0 
56.0 60.0 58.0 59.0 
56.0 60.0 57.0 61.0 
63.0 57.0 61.0 56.0 
66.0 61.0 70.0 83.0 
60.0 57.0 60.0 56.0 
58.0 59.0 57.0 58.0 
57.0 61.0 58.0 62.0 
71.0 59.0 70.0 81.0 
56.0 59.0 56.0 59.0 
61.0 55.0 61.0 57.0 
61.0 59.0 59.0 58.0 
73.0 56.0 70.0 80.0 
57.0 60.0 57.0 58.0 
59.0 58.0 60.0 57.0 
61.0 58.0 61.0 57.0 
69.0 58.0 60.0 85.0 
55.0 60.0 57.0 59.0 
55.0 59.0 58.0 59.0 
62.0 58.0 61.0 57.0 
70.0 60.0 62.0 88.0 
55.0 61.0 57.0 60.0 
59.0 58.0 62.0 56.0 
59.0 59.0 59.0 59.0 
71.0 60.0 59.0 90.0 
59.0 56.0 60.0 57.0 
56.0 60.0 57.0 61.0 
60.0 59.0 60.0 60.0 
72.0 58.0 61.0 87.0 
56.0 58.0 58.0 58.0 
62.0 57.0 61.0 56.0 
58.0 61.0 57.0 59.0 
71.0 57.0 64.0 85.0 
58.0 57.0 61.0 61.0 
61.0 56.0 60.0 56.0 
59.0 61.0 58.0 59.0 
69.0 59.0 60.0 82.0 
59.0 58.0 56.0 61.0 
59.0 58.0 60.0 57.0 
60.0 59.0 59.0 61.0 
71.0 59.0 61.0 83.0 
59.0 57.0 61.0 56.0 
57.0 58.0 59.0 60.0 
61.0 58.0 60.0 58.0 
68.0 59.0 61.0 81.0 
60.0 60.0 56.0 67.0 
60.0 57.0 60.0 55.0 
59.0 58.0 60.0 58.0 
69.0 58.0 61.0 81.0 
61.0 59.0 59.0 64.0 
56.0 58.0 62.0 56.0 
57.0 59.0 61.0 57.0 
68.0 60.0 59.0 83.0 
61.0 58.0 59.0 61.0 
57.0 59.0 58.0 61.0 
59.0 58.0 62.0 55.0 
73.0 58.0 60.0 83.0 
61.0 58.0 58.0 63.0 
55.0 60.0 57.0 61.0 
62.0 58.0 60.0 58.0 
76.0 57.0 60.0 84.0 
59.0 61.0 56.0 66.0 
59.0 58.0 61.0 56.0 
58.0 59.0 60.0 58.0 
74.0 58.0 60.0 85.0 
61.0 58.0 58.0 65.0 
58.0 59.0 58.0 60.0 
61.0 57.0 62.0 56.0 
76.0 58.0 60.0 87.0 
64.0 56.0 59.0 65.0 
58.0 61.0 59.0 58.0 
58.0 62.0 56.0 58.0 
76.0 60.0 59.0 89.0 
67.0 56.0 60.0 62.0 
60.0 56.0 61.0 58.0 
58.0 59.0 60.0 58.0 
79.0 57.0 61.0 85.0 
62.0 58.0 59.0 63.0 
57.0 58.0 62.0 56.0 
56.0 61.0 58.0 59.0 
79.0 58.0 61.0 86.0 
64.0 57.0 60.0 61.0 
56.0 59.0 59.0 61.0 
60.0 59.0 61.0 59.0 
74.0 61.0 58.0 90.0 
67.0 57.0 60.0 64.0 
55.0 61.0 58.0 59.0 
59.0 60.0 57.0 60.0 
75.0 57.0 65.0 85.0 
62.0 59.0 61.0 63.0 
60.0 57.0 58.0 58.0 
59.0 58.0 62.0 56.0 
75.0 60.0 71.0 90.0 
66.0 56.0 61.0 64.0 
61.0 56.0 61.0 56.0 
55.0 62.0 56.0 59.0 
75.0 60.0 82.0 88.0 
67.0 56.0 61.0 67.0 
60.0 56.0 61.0 57.0 
59.0 60.0 58.0 57.0 
79.0 56.0 93.0 81.0 
66.0 57.0 62.0 63.0 
61.0 57.0 60.0 59.0 
59.0 59.0 59.0 56.0 
78.0 59.0 96.0 82.0 
65.0 56.0 65.0 62.0 
63.0 58.0 58.0 61.0 
58.0 58.0 60.0 55.0 
80.0 56.0 99.0 79.0 
64.0 58.0 65.0 67.0 
59.0 58.0 59.0 59.0 
59.0 59.0 58.0 58.0 
78.0 58.0 99.0 78.0 
66.0 58.0 62.0 68.0 
63.0 57.0 58.0 61.0 
56.0 60.0 57.0 58.0 
80.0 57.0 106.0 77.0 
67.0 59.0 65.0 67.0 
64.0 56.0 60.0 59.0 
60.0 58.0 57.0 57.0 
81.0 57.0 105.0 79.0 
69.0 56.0 67.0 65.0 
58.0 60.0 56.0 63.0 
62.0 57.0 59.0 57.0 
81.0 59.0 105.0 83.0 
66.0 59.0 63.0 68.0 
59.0 59.0 60.0 58.0 
55.0 61.0 54.0 59.0 
79.0 62.0 115.0 82.0 
67.0 54.0 66.0 67.0 
63.0 58.0 59.0 62.0 
56.0 58.0 57.0 59.0 
81.0 59.0 131.0 84.0 
66.0 56.0 63.0 61.0 
61.0 59.0 56.0 64.0 
56.0 59.0 56.0 58.0 
74.0 64.0 148.0 79.0 
58.0 61.0 58.0 66.0 
63.0 58.0 59.0 59.0 
59.0 59.0 55.0 60.0 
70.0 75.0 153.0 82.0 
61.0 61.0 60.0 61.0 
58.0 60.0 60.0 58.0 
56.0 58.0 57.0 57.0 
71.0 75.0 173.0 81.0 
59.0 62.0 57.0 61.0 
56.0 63.0 55.0 63.0 
63.0 55.0 57.0 58.0 
75.0 71.0 181.0 84.0 
64.0 58.0 61.0 58.0 
58.0 63.0 56.0 62.0 
61.0 58.0 54.0 61.0 
75.0 70.0 197.0 85.0 
56.0 63.0 57.0 64.0 
62.0 59.0 57.0 58.0 
57.0 58.0 55.0 58.0 
69.0 71.0 205.0 86.0 
63.0 58.0 58.0 58.0 
60.0 59.0 58.0 59.0 
60.0 59.0 54.0 61.0 
68.0 75.0 221.0 88.0 
60.0 59.0 54.0 57.0 
58.0 60.0 57.0 59.0 
58.0 57.0 55.0 57.0 
71.0 72.0 247.0 88.0 
59.0 59.0 56.0 60.0 
62.0 58.0 56.0 60.0 
57.0 58.0 55.0 57.0 
73.0 70.0 275.0 88.0 
56.0 60.0 52.0 60.0 
56.0 62.0 51.0 64.0 
63.0 56.0 55.0 56.0 
74.0 71.0 306.0 90.0 
55.0 61.0 50.0 61.0 
61.0 57.0 55.0 57.0 
58.0 59.0 50.0 58.0 
71.0 73.0 317.0 92.0 
55.0 61.0 48.0 61.0 
62.0 59.0 52.0 62.0 
58.0 58.0 52.0 57.0 
67.0 74.0 334.0 94.0 
62.0 57.0 51.0 61.0 
62.0 57.0 55.0 59.0 
57.0 59.0 50.0 58.0 
67.0 78.0 366.0 101.0 
61.0 58.0 50.0 59.0 
63.0 58.0 53.0 60.0 
56.0 60.0 49.0 60.0 
77.0 75.0 410.0 107.0 
58.0 57.0 51.0 54.0 
59.0 59.0 52.0 60.0 
59.0 58.0 49.0 59.0 
75.0 80.0 442.0 114.0 
61.0 55.0 51.0 57.0 
54.0 62.0 47.0 59.0 
56.0 61.0 46.0 61.0 
78.0 80.0 462.0 117.0 
58.0 58.0 49.0 53.0 
58.0 61.0 48.0 58.0 
56.0 61.0 46.0 58.0 
75.0 78.0 437.0 118.0 
61.0 56.0 48.0 58.0 
62.0 59.0 51.0 62.0 
59.0 59.0 49.0 57.0 
78.0 80.0 472.0 135.0 
58.0 58.0 49.0 55.0 
59.0 59.0 52.0 59.0 
60.0 57.0 48.0 56.0 
77.0 84.0 499.0 143.0 
58.0 57.0 48.0 57.0 
56.0 62.0 49.0 63.0 
58.0 59.0 48.0 56.0 
78.0 81.0 474.0 143.0 
56.0 57.0 48.0 56.0 
57.0 63.0 50.0 60.0 
58.0 61.0 47.0 58.0 
76.0 82.0 488.0 160.0 
58.0 55.0 51.0 55.0 
63.0 57.0 54.0 57.0 
56.0 61.0 47.0 58.0 
78.0 89.0 498.0 187.0 
62.0 55.0 51.0 55.0 
60.0 60.0 55.0 56.0 
58.0 58.0 46.0 56.0 
76.0 90.0 480.0 192.0 
59.0 58.0 47.0 56.0 
63.0 58.0 54.0 59.0 
56.0 60.0 47.0 57.0 
78.0 87.0 436.0 206.0 
60.0 56.0 52.0 54.0 
62.0 60.0 56.0 56.0 
60.0 58.0 49.0 54.0 
76.0 93.0 449.0 234.0 
63.0 55.0 53.0 53.0 
60.0 58.0 56.0 56.0 
56.0 58.0 52.0 55.0 
79.0 102.0 440.0 282.0 
62.0 54.0 53.0 55.0 
62.0 58.0 58.0 57.0 
56.0 61.0 48.0 57.0 
76.0 101.0 366.0 289.0 
61.0 56.0 54.0 51.0 
60.0 60.0 58.0 56.0 
56.0 60.0 50.0 57.0 
78.0 103.0 354.0 319.0 
62.0 55.0 55.0 50.0 
61.0 61.0 57.0 57.0 
56.0 61.0 51.0 52.0 
78.0 116.0 323.0 393.0 
59.0 58.0 54.0 52.0 
60.0 60.0 58.0 56.0 
57.0 59.0 52.0 53.0 
82.0 122.0 291.0 446.0 
59.0 55.0 56.0 50.0 
62.0 61.0 55.0 56.0 
59.0 58.0 52.0 51.0 
86.0 119.0 256.0 444.0 
57.0 60.0 54.0 49.0 
60.0 59.0 58.0 57.0 
61.0 56.0 55.0 49.0 
86.0 128.0 233.0 466.0 
59.0 57.0 53.0 52.0 
58.0 62.0 61.0 54.0 
58.0 59.0 54.0 51.0 
87.0 138.0 211.0 496.0 
56.0 58.0 53.0 51.0 
63.0 57.0 64.0 53.0 
60.0 57.0 58.0 47.0 
93.0 136.0 195.0 477.0 
60.0 55.0 58.0 47.0 
60.0 58.0 62.0 52.0 
58.0 60.0 54.0 52.0 
89.0 146.0 178.0 454.0 
57.0 55.0 59.0 48.0 
64.0 58.0 63.0 57.0 
61.0 55.0 59.0 49.0 
95.0 153.0 170.0 438.0 
58.0 54.0 59.0 49.0 
59.0 59.0 65.0 53.0 
55.0 60.0 54.0 52.0 
98.0 171.0 166.0 468.0 
61.0 54.0 58.0 49.0 
63.0 58.0 62.0 54.0 
56.0 59.0 55.0 51.0 
101.0 181.0 162.0 441.0 
60.0 54.0 58.0 47.0 
59.0 60.0 61.0 57.0 
61.0 54.0 57.0 48.0 
106.0 201.0 162.0 472.0 
55.0 58.0 56.0 47.0 
58.0 60.0 63.0 52.0 
55.0 57.0 57.0 48.0 
104.0 217.0 149.0 455.0 
62.0 55.0 57.0 51.0 
58.0 60.0 61.0 55.0 
59.0 55.0 57.0 50.0 
106.0 228.0 144.0 430.0 
55.0 56.0 55.0 52.0 
59.0 58.0 61.0 57.0 
57.0 55.0 57.0 51.0 
118.0 313.0 128.0 454.0 
61.0 51.0 59.0 48.0 
61.0 54.0 63.0 55.0 
60.0 51.0 59.0 48.0 
128.0 363.0 127.0 435.0 
57.0 52.0 58.0 51.0 
60.0 55.0 61.0 56.0 
60.0 50.0 59.0 50.0 
136.0 423.0 116.0 353.0 
60.0 49.0 58.0 55.0 
61.0 52.0 65.0 55.0 
55.0 52.0 58.0 52.0 
144.0 480.0 117.0 348.0 
56.0 52.0 56.0 56.0 
60.0 53.0 62.0 59.0 
55.0 51.0 56.0 56.0 
148.0 509.0 109.0 324.0 
55.0 50.0 58.0 54.0 
57.0 55.0 60.0 60.0 
58.0 45.0 60.0 53.0 
156.0 538.0 105.0 309.0 
57.0 48.0 58.0 52.0 
58.0 58.0 62.0 56.0 
53.0 60.0 58.0 51.0 
208.0 572.0 106.0 289.0 
59.0 46.0 61.0 52.0 
60.0 58.0 61.0 59.0 
55.0 57.0 60.0 51.0 
226.0 588.0 101.0 266.0 
56.0 50.0 63.0 57.0 
57.0 50.0 61.0 57.0 
55.0 47.0 59.0 55.0 
232.0 603.0 98.0 256.0 
59.0 50.0 62.0 60.0 
60.0 49.0 61.0 57.0 
53.0 48.0 57.0 55.0 
236.0 531.0 102.0 237.0 
58.0 54.0 61.0 62.0 
57.0 48.0 60.0 54.0 
52.0 50.0 57.0 56.0 
235.0 520.0 96.0 220.0 
59.0 53.0 64.0 59.0 
55.0 50.0 60.0 57.0 
52.0 50.0 59.0 56.0 
251.0 592.0 97.0 217.0 
56.0 55.0 63.0 61.0 
54.0 48.0 62.0 57.0 
57.0 46.0 59.0 59.0 
261.0 600.0 90.0 210.0 
55.0 56.0 59.0 65.0 
58.0 49.0 61.0 59.0 
55.0 46.0 62.0 54.0 
280.0 632.0 86.0 217.0 
60.0 51.0 62.0 64.0 
59.0 48.0 60.0 58.0 
54.0 45.0 62.0 54.0 
290.0 654.0 86.0 219.0 
61.0 51.0 63.0 59.0 
59.0 48.0 60.0 57.0 
56.0 44.0 62.0 54.0 
311.0 638.0 83.0 213.0 
58.0 56.0 58.0 64.0 
54.0 49.0 59.0 57.0 
53.0 45.0 61.0 54.0 
351.0 640.0 87.0 211.0 
57.0 57.0 60.0 61.0 
56.0 45.0 62.0 58.0 
54.0 44.0 60.0 57.0 
373.0 613.0 90.0 205.0 
56.0 57.0 60.0 62.0 
53.0 48.0 62.0 55.0 
52.0 49.0 57.0 60.0 
414.0 631.0 88.0 208.0 
59.0 58.0 58.0 65.0 
53.0 47.0 62.0 55.0 
50.0 48.0 57.0 58.0 
456.0 623.0 95.0 196.0 
56.0 59.0 58.0 65.0 
53.0 48.0 61.0 55.0 
51.0 47.0 60.0 58.0 
486.0 566.0 99.0 189.0 
60.0 54.0 62.0 61.0 
54.0 50.0 59.0 62.0 
51.0 47.0 57.0 60.0 
498.0 529.0 109.0 175.0 
56.0 58.0 62.0 64.0 
53.0 48.0 61.0 58.0 
48.0 51.0 59.0 56.0 
486.0 448.0 108.0 159.0 
59.0 59.0 61.0 59.0 
53.0 52.0 61.0 58.0 
48.0 50.0 60.0 59.0 
480.0 388.0 109.0 148.0 
58.0 60.0 61.0 64.0 
49.0 55.0 59.0 59.0 
46.0 55.0 58.0 61.0 
473.0 334.0 110.0 135.0 
59.0 60.0 61.0 63.0 
54.0 54.0 60.0 60.0 
50.0 50.0 60.0 59.0 
492.0 318.0 113.0 132.0 
59.0 61.0 62.0 61.0 
55.0 52.0 62.0 59.0 
48.0 50.0 62.0 55.0 
510.0 299.0 114.0 134.0 
62.0 62.0 61.0 64.0 
50.0 55.0 60.0 56.0 
45.0 57.0 56.0 60.0 
519.0 283.0 121.0 128.0 
63.0 60.0 63.0 62.0 
53.0 52.0 61.0 57.0 
45.0 57.0 56.0 62.0 
522.0 262.0 129.0 123.0 
65.0 58.0 66.0 60.0 
48.0 56.0 57.0 60.0 
49.0 54.0 58.0 59.0 
515.0 218.0 144.0 113.0 
60.0 64.0 62.0 59.0 
50.0 55.0 58.0 59.0 
46.0 58.0 58.0 59.0 
531.0 177.0 156.0 104.0 
60.0 59.0 64.0 61.0 
50.0 57.0 57.0 59.0 
45.0 57.0 57.0 60.0 
528.0 178.0 162.0 106.0 
61.0 60.0 61.0 62.0 
51.0 57.0 58.0 58.0 
44.0 60.0 54.0 61.0 
532.0 167.0 176.0 100.0 
55.0 60.0 59.0 63.0 
50.0 55.0 60.0 56.0 
43.0 60.0 55.0 60.0 
509.0 166.0 182.0 104.0 
51.0 59.0 57.0 62.0 
50.0 55.0 59.0 58.0 
46.0 58.0 57.0 59.0 
437.0 148.0 201.0 100.0 
56.0 56.0 59.0 60.0 
51.0 54.0 57.0 61.0 
53.0 55.0 57.0 63.0 
409.0 140.0 219.0 100.0 
53.0 59.0 58.0 59.0 
49.0 59.0 55.0 61.0 
52.0 58.0 55.0 63.0 
371.0 139.0 231.0 103.0 
57.0 55.0 58.0 58.0 
52.0 57.0 56.0 56.0 
49.0 61.0 52.0 60.0 
342.0 129.0 255.0 101.0 
56.0 57.0 57.0 62.0 
53.0 57.0 54.0 61.0 
51.0 57.0 54.0 59.0 
310.0 124.0 276.0 100.0 
55.0 59.0 57.0 59.0 
52.0 57.0 55.0 59.0 
51.0 60.0 53.0 59.0 
297.0 127.0 291.0 105.0 
55.0 61.0 52.0 59.0 
53.0 52.0 55.0 58.0 
53.0 56.0 55.0 58.0 
289.0 119.0 305.0 105.0 
57.0 57.0 53.0 62.0 
53.0 61.0 51.0 61.0 
57.0 56.0 54.0 58.0 
273.0 117.0 313.0 109.0 
54.0 58.0 56.0 56.0 
55.0 58.0 52.0 58.0 
55.0 57.0 54.0 57.0 
247.0 112.0 316.0 104.0 
54.0 60.0 52.0 60.0 
58.0 57.0 53.0 60.0 
57.0 55.0 53.0 58.0 
244.0 106.0 321.0 107.0 
54.0 60.0 53.0 60.0 
51.0 60.0 53.0 57.0 
50.0 61.0 51.0 60.0 
233.0 103.0 344.0 116.0 
60.0 56.0 53.0 60.0 
57.0 58.0 51.0 62.0 
59.0 55.0 54.0 57.0 
223.0 101.0 390.0 123.0 
54.0 58.0 53.0 58.0 
53.0 58.0 52.0 58.0 
59.0 56.0 52.0 57.0 
221.0 104.0 428.0 133.0 
52.0 61.0 49.0 60.0 
53.0 61.0 50.0 60.0 
55.0 60.0 47.0 60.0 
217.0 105.0 440.0 140.0 
57.0 57.0 53.0 55.0 
55.0 59.0 49.0 60.0 
59.0 56.0 52.0 55.0 
216.0 108.0 456.0 152.0 
60.0 55.0 51.0 61.0 
53.0 60.0 50.0 57.0 
53.0 60.0 47.0 61.0 
204.0 117.0 480.0 195.0 
55.0 60.0 48.0 58.0 
54.0 59.0 49.0 58.0 
59.0 59.0 46.0 59.0 
181.0 112.0 465.0 204.0 
58.0 57.0 50.0 57.0 
57.0 57.0 53.0 54.0 
57.0 59.0 48.0 57.0 
172.0 124.0 492.0 241.0 
59.0 56.0 51.0 54.0 
55.0 60.0 49.0 58.0 
60.0 56.0 51.0 53.0 
168.0 120.0 479.0 252.0 
57.0 58.0 51.0 56.0 
60.0 55.0 53.0 54.0 
56.0 60.0 47.0 53.0 
108.0 117.0 481.0 260.0 
55.0 60.0 50.0 55.0 
59.0 56.0 53.0 55.0 
55.0 61.0 48.0 56.0 
115.0 117.0 465.0 273.0 
55.0 59.0 49.0 56.0 
59.0 60.0 51.0 56.0 
61.0 58.0 49.0 54.0 
109.0 130.0 463.0 300.0 
62.0 55.0 54.0 52.0 
59.0 57.0 52.0 54.0 
60.0 59.0 48.0 54.0 
113.0 132.0 439.0 323.0 
59.0 56.0 52.0 54.0 
59.0 58.0 49.0 53.0 
58.0 58.0 50.0 55.0 
122.0 131.0 412.0 338.0 
58.0 60.0 49.0 56.0 
56.0 61.0 52.0 54.0 
55.0 59.0 51.0 50.0 
121.0 131.0 369.0 349.0 
56.0 58.0 51.0 55.0 
62.0 56.0 54.0 53.0 
55.0 58.0 52.0 51.0 
114.0 143.0 367.0 379.0 
59.0 57.0 52.0 53.0 
55.0 59.0 52.0 54.0 
61.0 57.0 53.0 54.0 
117.0 141.0 329.0 375.0 
60.0 55.0 56.0 50.0 
58.0 59.0 53.0 55.0 
60.0 58.0 54.0 51.0 
117.0 146.0 285.0 380.0 
59.0 57.0 55.0 53.0 
63.0 55.0 58.0 51.0 
59.0 58.0 54.0 54.0 
108.0 154.0 275.0 414.0 
56.0 60.0 55.0 49.0 
57.0 62.0 53.0 54.0 
61.0 57.0 53.0 52.0 
113.0 158.0 268.0 426.0 
58.0 58.0 56.0 51.0 
64.0 54.0 57.0 51.0 
58.0 57.0 56.0 49.0 
110.0 180.0 233.0 450.0 
61.0 54.0 56.0 50.0 
60.0 56.0 56.0 51.0 
58.0 58.0 56.0 50.0 
118.0 192.0 224.0 461.0 
62.0 54.0 58.0 48.0 
55.0 59.0 54.0 54.0 
57.0 58.0 55.0 51.0 
125.0 220.0 214.0 462.0 
58.0 55.0 57.0 50.0 
59.0 55.0 57.0 54.0 
62.0 54.0 56.0 53.0 
125.0 229.0 183.0 455.0 
60.0 56.0 54.0 54.0 
54.0 56.0 57.0 52.0 
58.0 58.0 55.0 53.0 
121.0 237.0 178.0 422.0 
58.0 58.0 55.0 53.0 
57.0 59.0 55.0 54.0 
62.0 53.0 59.0 49.0 
136.0 241.0 175.0 406.0 
58.0 52.0 60.0 54.0 
59.0 54.0 60.0 48.0 
57.0 57.0 57.0 52.0 
137.0 262.0 175.0 416.0 
56.0 57.0 54.0 54.0 
55.0 56.0 57.0 51.0 
55.0 57.0 55.0 53.0 
136.0 326.0 169.0 410.0 
59.0 53.0 55.0 54.0 
55.0 52.0 60.0 50.0 
58.0 50.0 61.0 49.0 
157.0 368.0 171.0 417.0 
54.0 55.0 58.0 52.0 
57.0 50.0 60.0 50.0 
54.0 55.0 56.0 53.0 
183.0 383.0 167.0 395.0 
54.0 55.0 55.0 55.0 
55.0 57.0 56.0 54.0 
60.0 50.0 60.0 51.0 
168.0 393.0 157.0 378.0 
57.0 51.0 57.0 54.0 
55.0 54.0 55.0 56.0 
58.0 50.0 58.0 51.0 
171.0 400.0 150.0 355.0 
57.0 53.0 56.0 55.0 
56.0 52.0 58.0 54.0 
57.0 51.0 57.0 51.0 
194.0 436.0 146.0 326.0 
59.0 47.0 60.0 51.0 
61.0 48.0 58.0 54.0 
56.0 49.0 57.0 53.0 
222.0 500.0 142.0 329.0 
58.0 49.0 58.0 55.0 
61.0 47.0 61.0 52.0 
55.0 52.0 57.0 56.0 
221.0 520.0 141.0 316.0 
55.0 51.0 57.0 55.0 
53.0 53.0 57.0 57.0 
56.0 50.0 56.0 56.0 
268.0 533.0 137.0 302.0 
55.0 50.0 58.0 54.0 
58.0 47.0 60.0 55.0 
57.0 46.0 62.0 54.0 
286.0 534.0 122.0 280.0 
55.0 48.0 59.0 53.0 
53.0 49.0 62.0 54.0 
53.0 45.0 61.0 55.0 
297.0 541.0 109.0 267.0 
56.0 46.0 59.0 54.0 
58.0 46.0 62.0 54.0 
52.0 50.0 58.0 57.0 
303.0 557.0 104.0 266.0 
54.0 49.0 58.0 55.0 
53.0 49.0 59.0 56.0 
54.0 48.0 59.0 59.0 
308.0 549.0 106.0 253.0 
52.0 51.0 58.0 56.0 
57.0 48.0 60.0 55.0 
52.0 49.0 59.0 55.0 
322.0 562.0 107.0 239.0 
56.0 47.0 60.0 53.0 
53.0 50.0 58.0 58.0 
57.0 45.0 61.0 54.0 
328.0 564.0 106.0 234.0 
51.0 51.0 58.0 56.0 
58.0 46.0 60.0 58.0 
54.0 45.0 62.0 55.0 
347.0 578.0 106.0 232.0 
51.0 52.0 56.0 59.0 
54.0 49.0 60.0 55.0 
50.0 51.0 57.0 59.0 
351.0 580.0 103.0 226.0 
52.0 50.0 57.0 58.0 
51.0 51.0 59.0 58.0 
56.0 46.0 62.0 56.0 
363.0 544.0 103.0 214.0 
50.0 51.0 57.0 56.0 
55.0 49.0 60.0 57.0 
56.0 46.0 62.0 55.0 
365.0 518.0 99.0 194.0 
56.0 48.0 61.0 53.0 
52.0 49.0 62.0 55.0 
49.0 51.0 60.0 55.0 
378.0 492.0 99.0 183.0 
53.0 49.0 58.0 60.0 
55.0 49.0 59.0 59.0 
54.0 48.0 62.0 55.0 
389.0 482.0 97.0 178.0 
50.0 52.0 58.0 57.0 
50.0 52.0 59.0 58.0 
55.0 47.0 60.0 56.0 
398.0 483.0 96.0 187.0 
56.0 47.0 62.0 54.0 
52.0 48.0 62.0 54.0 
53.0 49.0 60.0 57.0 
411.0 492.0 96.0 178.0 
53.0 50.0 59.0 56.0 
52.0 51.0 59.0 57.0 
48.0 52.0 59.0 60.0 
417.0 442.0 94.0 159.0 
48.0 53.0 57.0 56.0 
53.0 54.0 57.0 58.0 
50.0 50.0 58.0 61.0 
434.0 428.0 90.0 154.0 
51.0 48.0 61.0 54.0 
52.0 48.0 62.0 55.0 
47.0 54.0 58.0 60.0 
427.0 413.0 89.0 153.0 
54.0 50.0 60.0 56.0 
54.0 49.0 62.0 55.0 
48.0 54.0 58.0 62.0 
433.0 383.0 87.0 143.0 
53.0 51.0 60.0 57.0 
53.0 51.0 61.0 58.0 
54.0 50.0 62.0 55.0 
464.0 382.0 87.0 146.0 
53.0 50.0 62.0 56.0 
51.0 52.0 59.0 58.0 
46.0 54.0 60.0 60.0 
497.0 375.0 88.0 140.0 
48.0 53.0 61.0 55.0 
52.0 48.0 60.0 59.0 
47.0 53.0 61.0 58.0 
493.0 346.0 84.0 135.0 
53.0 49.0 62.0 57.0 
50.0 51.0 62.0 57.0 
48.0 52.0 59.0 58.0 
499.0 332.0 88.0 132.0 
49.0 53.0 59.0 57.0 
47.0 55.0 57.0 62.0 
48.0 52.0 60.0 58.0 
525.0 331.0 87.0 132.0 
54.0 50.0 61.0 56.0 
52.0 52.0 62.0 56.0 
48.0 52.0 60.0 57.0 
529.0 330.0 85.0 134.0 
49.0 52.0 59.0 58.0 
48.0 53.0 61.0 57.0 
46.0 53.0 62.0 56.0 
516.0 321.0 85.0 131.0 
51.0 51.0 61.0 55.0 
50.0 53.0 63.0 57.0 
49.0 52.0 61.0 59.0 
507.0 305.0 85.0 124.0 
47.0 56.0 57.0 60.0 
48.0 55.0 57.0 61.0 
50.0 51.0 61.0 57.0 
505.0 294.0 83.0 123.0 
50.0 52.0 60.0 56.0 
45.0 57.0 56.0 60.0 
46.0 57.0 58.0 61.0 
472.0 222.0 84.0 105.0 
46.0 57.0 57.0 59.0 
52.0 53.0 61.0 57.0 
47.0 58.0 57.0 62.0 
439.0 209.0 82.0 103.0 
51.0 56.0 56.0 59.0 
49.0 53.0 60.0 61.0 
51.0 53.0 60.0 59.0 
434.0 202.0 84.0 101.0 
51.0 55.0 59.0 61.0 
54.0 53.0 60.0 60.0 
48.0 54.0 63.0 58.0 
428.0 204.0 80.0 104.0 
52.0 52.0 61.0 57.0 
47.0 60.0 58.0 60.0 
51.0 53.0 61.0 59.0 
403.0 189.0 80.0 97.0 
51.0 53.0 61.0 57.0 
50.0 56.0 59.0 60.0 
53.0 54.0 62.0 60.0 
396.0 192.0 75.0 99.0 
51.0 56.0 59.0 60.0 
48.0 59.0 58.0 62.0 
52.0 55.0 60.0 60.0 
381.0 174.0 75.0 92.0 
50.0 59.0 57.0 61.0 
48.0 60.0 59.0 60.0 
52.0 57.0 60.0 62.0 
380.0 169.0 76.0 93.0 
53.0 55.0 60.0 59.0 
49.0 56.0 60.0 60.0 
49.0 56.0 61.0 60.0 
358.0 149.0 77.0 89.0 
50.0 57.0 59.0 58.0 
48.0 60.0 59.0 61.0 
53.0 54.0 62.0 58.0 
353.0 147.0 75.0 89.0 
54.0 56.0 60.0 59.0 
50.0 57.0 58.0 59.0 
48.0 60.0 58.0 61.0 
334.0 138.0 75.0 85.0 
54.0 55.0 59.0 59.0 
53.0 58.0 57.0 63.0 
53.0 56.0 58.0 61.0 
329.0 131.0 77.0 81.0 
49.0 59.0 59.0 60.0 
54.0 56.0 61.0 58.0 
47.0 60.0 57.0 63.0 
296.0 121.0 75.0 81.0 
50.0 59.0 58.0 60.0 
53.0 58.0 59.0 61.0 
51.0 57.0 60.0 59.0 
300.0 125.0 74.0 80.0 
53.0 56.0 59.0 59.0 
55.0 55.0 63.0 57.0 
54.0 57.0 62.0 59.0 
307.0 120.0 72.0 79.0 
55.0 54.0 60.0 56.0 
49.0 60.0 58.0 63.0 
52.0 58.0 61.0 56.0 
291.0 122.0 70.0 77.0 
53.0 54.0 59.0 59.0 
52.0 57.0 62.0 57.0 
49.0 62.0 58.0 60.0 
282.0 114.0 72.0 77.0 
50.0 58.0 59.0 59.0 
51.0 59.0 59.0 61.0 
55.0 57.0 62.0 58.0 
265.0 116.0 71.0 81.0 
55.0 54.0 61.0 57.0 
53.0 57.0 60.0 57.0 
54.0 59.0 60.0 59.0 
265.0 115.0 71.0 79.0 
55.0 56.0 61.0 59.0 
52.0 60.0 57.0 62.0 
53.0 59.0 59.0 62.0 
251.0 112.0 70.0 80.0 
55.0 58.0 60.0 58.0 
56.0 56.0 60.0 60.0 
53.0 55.0 62.0 60.0 
257.0 107.0 71.0 77.0 
56.0 56.0 62.0 56.0 
56.0 56.0 62.0 56.0 
52.0 57.0 60.0 60.0 
237.0 102.0 66.0 79.0 
56.0 56.0 61.0 57.0 
53.0 59.0 59.0 60.0 
55.0 59.0 58.0 63.0 
223.0 95.0 69.0 73.0 
58.0 56.0 61.0 58.0 
53.0 59.0 58.0 62.0 
55.0 57.0 61.0 61.0 
240.0 97.0 72.0 72.0 
53.0 58.0 58.0 61.0 
52.0 57.0 60.0 61.0 
57.0 56.0 63.0 58.0 
246.0 99.0 68.0 75.0 
55.0 55.0 60.0 58.0 
54.0 61.0 58.0 60.0 
53.0 62.0 58.0 62.0 
242.0 96.0 67.0 75.0 
54.0 57.0 61.0 57.0 
52.0 60.0 60.0 59.0 
51.0 63.0 58.0 63.0 
240.0 97.0 69.0 71.0 
53.0 60.0 56.0 57.0 
54.0 58.0 59.0 60.0 
54.0 56.0 63.0 57.0 
237.0 97.0 68.0 73.0 
56.0 56.0 61.0 56.0 
57.0 57.0 63.0 58.0 
53.0 59.0 61.0 58.0 
228.0 97.0 68.0 73.0 
51.0 61.0 57.0 63.0 
55.0 57.0 60.0 61.0 
53.0 59.0 61.0 58.0 
222.0 91.0 69.0 73.0 
53.0 54.0 61.0 58.0 
56.0 57.0 60.0 62.0 
56.0 57.0 62.0 57.0 
225.0 89.0 69.0 70.0 
51.0 60.0 58.0 60.0 
51.0 59.0 59.0 60.0 
54.0 58.0 59.0 61.0 
218.0 89.0 67.0 73.0 
56.0 57.0 57.0 62.0 
55.0 58.0 62.0 58.0 
53.0 61.0 57.0 62.0 
203.0 86.0 67.0 72.0 
58.0 56.0 60.0 58.0 
50.0 61.0 57.0 60.0 
51.0 61.0 57.0 64.0 
197.0 87.0 67.0 71.0 
54.0 58.0 62.0 57.0 
57.0 56.0 61.0 62.0 
58.0 57.0 60.0 60.0 
202.0 86.0 69.0 73.0 
57.0 54.0 60.0 62.0 
58.0 56.0 61.0 59.0 
51.0 61.0 59.0 62.0 
203.0 89.0 68.0 74.0 
56.0 58.0 60.0 59.0 
58.0 57.0 62.0 58.0 
51.0 62.0 59.0 61.0 
202.0 88.0 69.0 72.0 
54.0 58.0 56.0 62.0 
56.0 58.0 60.0 60.0 
52.0 61.0 59.0 62.0 
199.0 91.0 68.0 72.0 
53.0 60.0 58.0 62.0 
57.0 57.0 62.0 58.0 
54.0 61.0 58.0 62.0 
205.0 86.0 69.0 72.0 
57.0 55.0 59.0 59.0 
55.0 59.0 58.0 62.0 
58.0 58.0 62.0 59.0 
200.0 84.0 69.0 67.0 
56.0 56.0 61.0 56.0 
51.0 61.0 58.0 61.0 
58.0 57.0 61.0 59.0 
198.0 87.0 66.0 69.0 
54.0 59.0 56.0 61.0 
54.0 60.0 58.0 64.0 
55.0 57.0 62.0 58.0 
200.0 87.0 65.0 70.0 
52.0 60.0 57.0 62.0 
56.0 57.0 61.0 58.0 
52.0 59.0 60.0 60.0 
199.0 88.0 66.0 73.0 
55.0 57.0 60.0 58.0 
52.0 59.0 59.0 61.0 
55.0 60.0 58.0 62.0 
199.0 87.0 69.0 67.0 
51.0 60.0 59.0 60.0 
52.0 59.0 60.0 61.0 
55.0 58.0 61.0 59.0 
201.0 88.0 64.0 73.0 
59.0 56.0 61.0 57.0 
58.0 56.0 62.0 60.0 
51.0 61.0 58.0 63.0 
202.0 89.0 66.0 71.0 
53.0 58.0 59.0 58.0 
52.0 61.0 57.0 63.0 
55.0 58.0 60.0 60.0 
200.0 90.0 65.0 72.0 
55.0 57.0 60.0 60.0 
54.0 58.0 61.0 58.0 
55.0 59.0 60.0 60.0 
199.0 91.0 66.0 72.0 
54.0 61.0 57.0 61.0 
56.0 58.0 58.0 61.0 
56.0 59.0 57.0 65.0 
208.0 86.0 68.0 67.0 
51.0 60.0 56.0 62.0 
57.0 57.0 61.0 60.0 
53.0 59.0 61.0 57.0 
203.0 91.0 64.0 73.0 
56.0 58.0 60.0 56.0 
54.0 56.0 62.0 58.0 
52.0 62.0 58.0 62.0 
207.0 88.0 68.0 69.0 
54.0 58.0 58.0 62.0 
56.0 59.0 61.0 60.0 
57.0 57.0 62.0 59.0 
208.0 87.0 66.0 70.0 
59.0 55.0 63.0 56.0 
58.0 56.0 62.0 57.0 
52.0 62.0 58.0 62.0 
204.0 88.0 68.0 68.0 
55.0 55.0 60.0 59.0 
55.0 61.0 58.0 62.0 
55.0 59.0 59.0 62.0 
204.0 89.0 65.0 71.0 
57.0 57.0 59.0 60.0 
56.0 58.0 58.0 64.0 
57.0 57.0 62.0 57.0 
205.0 89.0 64.0 72.0 
58.0 57.0 59.0 59.0 
56.0 58.0 60.0 61.0 
54.0 59.0 61.0 59.0 
206.0 89.0 66.0 71.0 
54.0 58.0 59.0 59.0 
51.0 61.0 58.0 63.0 
53.0 60.0 59.0 63.0 
202.0 92.0 65.0 73.0 
55.0 56.0 60.0 57.0 
53.0 57.0 62.0 58.0 
52.0 59.0 63.0 59.0 
207.0 88.0 64.0 71.0 
56.0 59.0 58.0 60.0 
52.0 60.0 60.0 59.0 
53.0 61.0 57.0 63.0 
206.0 87.0 67.0 68.0 
52.0 58.0 59.0 60.0 
52.0 59.0 61.0 60.0 
55.0 59.0 61.0 61.0 
207.0 89.0 64.0 72.0 
55.0 56.0 61.0 56.0 
56.0 59.0 61.0 60.0 
51.0 62.0 58.0 63.0 
203.0 90.0 64.0 72.0 
53.0 59.0 57.0 62.0 
55.0 57.0 61.0 59.0 
53.0 60.0 59.0 62.0 
203.0 89.0 64.0 72.0 
57.0 56.0 60.0 61.0 
53.0 61.0 58.0 59.0 
53.0 61.0 57.0 62.0 
204.0 90.0 63.0 72.0 
58.0 55.0 61.0 58.0 
58.0 55.0 62.0 58.0 
51.0 61.0 60.0 60.0 
206.0 87.0 67.0 68.0 
58.0 55.0 61.0 57.0 
51.0 61.0 58.0 63.0 
57.0 57.0 63.0 57.0 
208.0 87.0 67.0 68.0 
52.0 60.0 57.0 62.0 
57.0 56.0 62.0 58.0 
54.0 58.0 60.0 58.0 
209.0 87.0 66.0 70.0 
58.0 55.0 60.0 58.0 
51.0 61.0 58.0 62.0 
57.0 57.0 63.0 58.0 
209.0 86.0 67.0 70.0 
53.0 56.0 61.0 63.0 
57.0 56.0 62.0 58.0 
51.0 62.0 58.0 62.0 
208.0 88.0 66.0 69.0 
52.0 59.0 59.0 60.0 
58.0 57.0 63.0 57.0 
54.0 59.0 60.0 59.0 
209.0 88.0 67.0 69.0 
52.0 59.0 59.0 59.0 
51.0 61.0 57.0 64.0 
55.0 59.0 60.0 60.0 
205.0 90.0 65.0 72.0 
56.0 58.0 60.0 59.0 
51.0 62.0 60.0 60.0 
51.0 61.0 58.0 63.0 
204.0 90.0 65.0 72.0 
55.0 57.0 62.0 57.0 
57.0 56.0 61.0 62.0 
57.0 59.0 58.0 62.0 
207.0 88.0 68.0 70.0 
53.0 60.0 59.0 59.0 
56.0 56.0 62.0 58.0 
52.0 60.0 59.0 62.0 
211.0 87.0 68.0 69.0 
52.0 60.0 57.0 63.0 
54.0 59.0 57.0 63.0 
57.0 57.0 63.0 59.0 
208.0 88.0 66.0 70.0 
53.0 60.0 57.0 61.0 
55.0 58.0 61.0 58.0 
54.0 59.0 59.0 61.0 
205.0 90.0 66.0 71.0 
52.0 59.0 57.0 57.0 
55.0 57.0 60.0 60.0 
51.0 61.0 60.0 60.0 
206.0 90.0 68.0 68.0 
52.0 59.0 61.0 57.0 
52.0 60.0 60.0 59.0 
52.0 61.0 59.0 60.0 
207.0 91.0 66.0 72.0 
52.0 60.0 60.0 58.0 
54.0 56.0 62.0 59.0 
51.0 61.0 59.0 61.0 
207.0 87.0 69.0 69.0 
52.0 60.0 58.0 61.0 
52.0 60.0 60.0 61.0 
55.0 58.0 60.0 60.0 
208.0 87.0 69.0 68.0 
54.0 58.0 59.0 59.0 
54.0 58.0 59.0 61.0 
56.0 59.0 61.0 60.0 
204.0 89.0 67.0 71.0 
58.0 54.0 61.0 58.0 
52.0 60.0 60.0 60.0 
51.0 62.0 60.0 59.0 
203.0 90.0 65.0 70.0 
55.0 58.0 59.0 63.0 
51.0 61.0 59.0 61.0 
57.0 57.0 60.0 59.0 
201.0 88.0 66.0 69.0 
55.0 59.0 57.0 62.0 
55.0 58.0 60.0 60.0 
52.0 62.0 58.0 61.0 
206.0 85.0 68.0 69.0 
53.0 59.0 58.0 57.0 
52.0 61.0 59.0 63.0 
57.0 59.0 61.0 59.0 
204.0 87.0 67.0 69.0 
53.0 59.0 60.0 59.0 
55.0 58.0 61.0 59.0 
52.0 59.0 59.0 61.0 
205.0 85.0 69.0 68.0 
52.0 58.0 60.0 58.0 
56.0 56.0 61.0 59.0 
53.0 57.0 63.0 58.0 
204.0 85.0 66.0 69.0 
53.0 58.0 60.0 58.0 
52.0 62.0 60.0 61.0 
57.0 56.0 62.0 59.0 
203.0 90.0 64.0 73.0 
55.0 59.0 59.0 59.0 
51.0 62.0 58.0 63.0 
56.0 57.0 63.0 59.0 
204.0 88.0 67.0 68.0 
53.0 60.0 57.0 60.0 
51.0 58.0 61.0 59.0 
56.0 57.0 63.0 60.0 
207.0 87.0 66.0 70.0 
57.0 55.0 62.0 57.0 
53.0 60.0 59.0 61.0 
55.0 61.0 58.0 63.0 
207.0 86.0 65.0 72.0 
57.0 56.0 59.0 61.0 
56.0 59.0 58.0 63.0 
55.0 56.0 62.0 57.0 
203.0 89.0 65.0 71.0 
56.0 57.0 60.0 59.0 
55.0 60.0 58.0 63.0 
57.0 56.0 62.0 58.0 
201.0 90.0 64.0 72.0 
58.0 55.0 61.0 58.0 
55.0 59.0 59.0 60.0 
53.0 59.0 61.0 61.0 
204.0 89.0 65.0 73.0 
55.0 56.0 60.0 59.0 
50.0 61.0 60.0 61.0 
51.0 62.0 57.0 62.0 
208.0 85.0 69.0 69.0 
53.0 59.0 57.0 62.0 
51.0 62.0 58.0 59.0 
51.0 61.0 60.0 60.0 
204.0 87.0 69.0 69.0 
52.0 59.0 59.0 60.0 
51.0 60.0 59.0 62.0 
56.0 57.0 63.0 60.0 
202.0 90.0 64.0 74.0 
57.0 56.0 61.0 58.0 
52.0 60.0 59.0 60.0 
55.0 58.0 59.0 62.0 
202.0 90.0 65.0 72.0 
57.0 55.0 61.0 56.0 
54.0 59.0 58.0 62.0 
55.0 58.0 60.0 61.0 
208.0 85.0 69.0 68.0 
57.0 57.0 61.0 58.0 
55.0 58.0 60.0 61.0 
57.0 57.0 63.0 60.0 
206.0 86.0 69.0 68.0 
53.0 58.0 62.0 62.0 
56.0 58.0 59.0 62.0 
56.0 57.0 61.0 61.0 
207.0 86.0 66.0 70.0 
53.0 60.0 58.0 60.0 
57.0 56.0 62.0 60.0 
53.0 60.0 61.0 60.0 
206.0 87.0 66.0 71.0 
54.0 58.0 60.0 57.0 
53.0 58.0 61.0 58.0 
54.0 59.0 58.0 63.0 
206.0 86.0 66.0 66.0 
56.0 56.0 62.0 58.0 
51.0 61.0 59.0 60.0 
54.0 58.0 62.0 59.0 
204.0 89.0 65.0 70.0 
59.0 55.0 61.0 56.0 
56.0 56.0 63.0 57.0 
53.0 60.0 62.0 58.0 
207.0 87.0 64.0 73.0 
51.0 60.0 57.0 58.0 
54.0 60.0 58.0 62.0 
58.0 56.0 62.0 59.0 
208.0 91.0 65.0 74.0 
56.0 57.0 60.0 57.0 
53.0 60.0 59.0 61.0 
58.0 57.0 62.0 57.0 
208.0 90.0 66.0 71.0 
55.0 57.0 62.0 57.0 
55.0 58.0 60.0 60.0 
56.0 57.0 60.0 60.0 
205.0 93.0 64.0 74.0 
53.0 59.0 58.0 57.0 
56.0 56.0 63.0 58.0 
56.0 58.0 63.0 57.0 
203.0 91.0 64.0 74.0 
54.0 57.0 63.0 58.0 
52.0 60.0 61.0 58.0 
52.0 61.0 61.0 59.0 
201.0 90.0 66.0 70.0 
53.0 60.0 57.0 60.0 
51.0 61.0 58.0 62.0 
57.0 57.0 61.0 60.0 
201.0 92.0 65.0 71.0 
57.0 56.0 61.0 59.0 
58.0 56.0 61.0 59.0 
54.0 60.0 58.0 62.0 
204.0 90.0 67.0 69.0 
55.0 58.0 59.0 60.0 
58.0 57.0 63.0 57.0 
54.0 59.0 59.0 61.0 
200.0 92.0 64.0 71.0 
58.0 56.0 61.0 57.0 
55.0 58.0 60.0 59.0 
52.0 61.0 60.0 61.0 
198.0 90.0 66.0 68.0 
51.0 59.0 60.0 59.0 
52.0 60.0 61.0 60.0 
54.0 58.0 59.0 61.0 
201.0 88.0 67.0 68.0 
51.0 61.0 57.0 62.0 
54.0 60.0 58.0 64.0 
53.0 60.0 60.0 60.0 
201.0 91.0 65.0 71.0 
56.0 57.0 61.0 62.0 
56.0 56.0 61.0 58.0 
55.0 59.0 59.0 61.0 
200.0 92.0 65.0 73.0 
55.0 57.0 60.0 60.0 
54.0 60.0 59.0 62.0 
54.0 59.0 60.0 62.0 
197.0 91.0 65.0 72.0 
54.0 58.0 59.0 59.0 
53.0 58.0 63.0 57.0 
50.0 60.0 61.0 58.0 
198.0 93.0 64.0 71.0 
57.0 58.0 58.0 60.0 
56.0 59.0 60.0 60.0 
53.0 60.0 59.0 61.0 
202.0 88.0 69.0 69.0 
54.0 59.0 59.0 59.0 
58.0 56.0 60.0 60.0 
54.0 60.0 59.0 60.0 
201.0 85.0 68.0 68.0 
54.0 59.0 57.0 62.0 
54.0 60.0 59.0 62.0 
55.0 60.0 58.0 62.0 
196.0 87.0 66.0 71.0 
53.0 61.0 57.0 62.0 
57.0 56.0 63.0 58.0 
52.0 62.0 57.0 63.0 
194.0 88.0 67.0 70.0 
55.0 59.0 57.0 59.0 
55.0 55.0 62.0 60.0 
54.0 56.0 62.0 58.0 
198.0 84.0 68.0 68.0 
53.0 61.0 57.0 58.0 
56.0 59.0 59.0 63.0 
58.0 57.0 62.0 59.0 
200.0 84.0 68.0 66.0 
55.0 58.0 59.0 61.0 
52.0 61.0 58.0 61.0 
58.0 56.0 63.0 58.0 
199.0 86.0 67.0 69.0 
50.0 60.0 56.0 61.0 
57.0 57.0 63.0 56.0 
55.0 59.0 60.0 58.0 
194.0 88.0 65.0 72.0 
55.0 58.0 58.0 59.0 
52.0 61.0 57.0 63.0 
58.0 58.0 60.0 61.0 
194.0 87.0 67.0 69.0 
54.0 59.0 57.0 60.0 
51.0 60.0 59.0 59.0 
56.0 59.0 59.0 60.0 
196.0 87.0 66.0 69.0 
54.0 57.0 61.0 57.0 
51.0 61.0 59.0 63.0 
57.0 57.0 62.0 59.0 
199.0 85.0 67.0 69.0 
55.0 57.0 60.0 58.0 
54.0 58.0 61.0 60.0 
56.0 58.0 61.0 60.0 
193.0 87.0 64.0 70.0 
53.0 60.0 58.0 62.0 
58.0 57.0 60.0 57.0 
55.0 58.0 61.0 60.0 
196.0 86.0 67.0 68.0 
52.0 61.0 57.0 57.0 
51.0 59.0 60.0 58.0 
53.0 59.0 63.0 57.0 
194.0 89.0 65.0 71.0 
55.0 59.0 57.0 61.0 
59.0 57.0 61.0 58.0 
51.0 61.0 60.0 61.0 
195.0 87.0 66.0 68.0 
54.0 61.0 57.0 61.0 
52.0 61.0 57.0 62.0 
58.0 56.0 62.0 57.0 
194.0 88.0 66.0 70.0 
55.0 58.0 59.0 60.0 
57.0 57.0 61.0 58.0 
53.0 61.0 58.0 64.0 
194.0 86.0 66.0 69.0 
52.0 60.0 59.0 59.0 
58.0 56.0 61.0 58.0 
54.0 61.0 57.0 64.0 
197.0 87.0 64.0 72.0 
52.0 59.0 60.0 57.0 
53.0 61.0 58.0 62.0 
58.0 56.0 61.0 61.0 
200.0 84.0 68.0 69.0 
52.0 60.0 58.0 61.0 
52.0 61.0 57.0 63.0 
56.0 58.0 61.0 59.0 
198.0 83.0 69.0 68.0 
51.0 61.0 57.0 63.0 
55.0 59.0 59.0 61.0 
52.0 61.0 59.0 61.0 
199.0 85.0 68.0 67.0 
56.0 58.0 60.0 62.0 
55.0 58.0 60.0 61.0 
56.0 58.0 61.0 60.0 
199.0 84.0 67.0 70.0 
56.0 57.0 61.0 59.0 
52.0 61.0 59.0 61.0 
56.0 61.0 57.0 60.0 
199.0 86.0 63.0 72.0 
57.0 60.0 56.0 63.0 
51.0 60.0 59.0 61.0 
56.0 59.0 60.0 63.0 
199.0 86.0 66.0 72.0 
55.0 57.0 60.0 58.0 
53.0 60.0 60.0 61.0 
58.0 56.0 61.0 59.0 
197.0 86.0 66.0 70.0 
52.0 60.0 57.0 62.0 
57.0 56.0 63.0 58.0 
56.0 57.0 63.0 61.0 
196.0 87.0 67.0 70.0 
53.0 60.0 58.0 60.0 
56.0 57.0 61.0 60.0 
52.0 60.0 60.0 59.0 
194.0 85.0 68.0 69.0 
52.0 60.0 59.0 59.0 
56.0 55.0 61.0 61.0 
58.0 57.0 62.0 61.0 
194.0 84.0 67.0 71.0 
58.0 57.0 60.0 58.0 
54.0 58.0 60.0 58.0 
53.0 62.0 58.0 62.0 
193.0 87.0 64.0 73.0 
55.0 58.0 61.0 59.0 
54.0 59.0 60.0 58.0 
55.0 58.0 60.0 60.0 
195.0 85.0 68.0 69.0 
53.0 61.0 56.0 60.0 
60.0 57.0 60.0 60.0 
58.0 57.0 63.0 59.0 
199.0 87.0 65.0 70.0 
52.0 60.0 58.0 62.0 
55.0 59.0 60.0 61.0 
54.0 58.0 62.0 58.0 
197.0 86.0 68.0 69.0 
55.0 56.0 60.0 59.0 
55.0 61.0 58.0 61.0 
55.0 61.0 58.0 63.0 
194.0 86.0 66.0 71.0 
56.0 55.0 61.0 58.0 
58.0 57.0 61.0 60.0 
52.0 61.0 59.0 63.0 
197.0 83.0 67.0 69.0 
58.0 56.0 59.0 61.0 
54.0 59.0 61.0 59.0 
55.0 58.0 59.0 61.0 
195.0 85.0 66.0 71.0 
58.0 57.0 59.0 59.0 
52.0 58.0 59.0 61.0 
52.0 61.0 60.0 61.0 
188.0 88.0 63.0 73.0 
57.0 55.0 61.0 57.0 
57.0 57.0 60.0 61.0 
57.0 56.0 61.0 60.0 
189.0 88.0 64.0 71.0 
57.0 59.0 58.0 59.0 
56.0 59.0 58.0 61.0 
55.0 59.0 62.0 58.0 
188.0 88.0 64.0 71.0 
57.0 57.0 59.0 59.0 
55.0 59.0 60.0 60.0 
55.0 60.0 59.0 62.0 
191.0 85.0 65.0 70.0 
54.0 59.0 59.0 59.0 
52.0 61.0 57.0 62.0 
54.0 61.0 60.0 61.0 
190.0 86.0 65.0 73.0 
55.0 58.0 58.0 60.0 
56.0 57.0 60.0 59.0 
52.0 61.0 58.0 63.0 
190.0 82.0 68.0 69.0 
56.0 56.0 62.0 57.0 
59.0 56.0 60.0 59.0 
54.0 59.0 62.0 58.0 
189.0 85.0 67.0 67.0 
55.0 58.0 59.0 57.0 
55.0 61.0 59.0 61.0 
59.0 56.0 63.0 59.0 
190.0 85.0 66.0 69.0 
56.0 58.0 59.0 60.0 
57.0 56.0 62.0 59.0 
52.0 61.0 60.0 62.0 
188.0 85.0 65.0 71.0 
59.0 56.0 61.0 56.0 
54.0 60.0 59.0 61.0 
56.0 59.0 60.0 61.0 
193.0 86.0 66.0 72.0 
57.0 57.0 59.0 59.0 
55.0 60.0 59.0 60.0 
55.0 61.0 59.0 61.0 
191.0 83.0 67.0 70.0 
55.0 57.0 62.0 57.0 
54.0 62.0 59.0 62.0 
59.0 57.0 63.0 58.0 
194.0 83.0 68.0 67.0 
55.0 58.0 57.0 60.0 
58.0 56.0 61.0 58.0 
50.0 61.0 60.0 63.0 
192.0 84.0 68.0 70.0 
57.0 58.0 58.0 59.0 
57.0 56.0 62.0 60.0 
57.0 57.0 63.0 58.0 
192.0 83.0 69.0 67.0 
56.0 57.0 60.0 58.0 
55.0 61.0 59.0 61.0 
58.0 56.0 63.0 58.0 
187.0 88.0 63.0 72.0 
53.0 60.0 58.0 60.0 
53.0 60.0 60.0 58.0 
54.0 60.0 61.0 59.0 
190.0 86.0 66.0 69.0 
54.0 59.0 57.0 62.0 
56.0 57.0 61.0 60.0 
55.0 56.0 63.0 59.0 
191.0 86.0 64.0 73.0 
58.0 55.0 61.0 58.0 
56.0 57.0 62.0 57.0 
52.0 61.0 59.0 61.0 
193.0 86.0 66.0 69.0 
52.0 60.0 57.0 59.0 
60.0 56.0 61.0 60.0 
57.0 58.0 62.0 58.0 
190.0 86.0 65.0 71.0 
51.0 60.0 57.0 62.0 
52.0 61.0 59.0 61.0 
57.0 58.0 59.0 62.0 
191.0 88.0 64.0 68.0 
52.0 60.0 60.0 58.0 
58.0 56.0 61.0 60.0 
55.0 58.0 61.0 58.0 
189.0 87.0 64.0 71.0 
58.0 56.0 60.0 60.0 
55.0 59.0 58.0 62.0 
58.0 56.0 62.0 59.0 
196.0 85.0 67.0 70.0 
55.0 56.0 61.0 57.0 
57.0 56.0 63.0 59.0 
52.0 61.0 60.0 61.0 
189.0 88.0 62.0 73.0 
58.0 56.0 61.0 57.0 
56.0 57.0 62.0 58.0 
55.0 60.0 60.0 62.0 
188.0 84.0 66.0 70.0 
53.0 60.0 59.0 59.0 
52.0 59.0 63.0 57.0 
52.0 61.0 60.0 60.0 
190.0 89.0 64.0 70.0 
55.0 57.0 58.0 60.0 
56.0 59.0 58.0 62.0 
58.0 57.0 62.0 60.0 
189.0 87.0 65.0 70.0 
56.0 58.0 59.0 59.0 
59.0 57.0 62.0 58.0 
52.0 62.0 58.0 63.0 
188.0 85.0 68.0 67.0 
53.0 60.0 57.0 62.0 
55.0 58.0 60.0 60.0 
58.0 58.0 62.0 59.0 
192.0 83.0 68.0 68.0 
57.0 56.0 61.0 57.0 
55.0 59.0 59.0 61.0 
58.0 57.0 62.0 58.0 
193.0 83.0 68.0 69.0 
55.0 57.0 60.0 59.0 
55.0 61.0 58.0 62.0 
53.0 61.0 58.0 61.0 
190.0 87.0 63.0 73.0 
59.0 55.0 61.0 57.0 
58.0 56.0 63.0 57.0 
54.0 61.0 60.0 60.0 
193.0 84.0 69.0 68.0 
55.0 58.0 60.0 59.0 
56.0 58.0 60.0 59.0 
53.0 62.0 58.0 62.0 
194.0 85.0 66.0 70.0 
52.0 60.0 57.0 60.0 
57.0 57.0 62.0 58.0 
56.0 58.0 62.0 58.0 
192.0 88.0 65.0 71.0 
52.0 60.0 58.0 61.0 
57.0 58.0 60.0 60.0 
54.0 59.0 62.0 57.0 
194.0 85.0 68.0 70.0 
54.0 58.0 61.0 61.0 
59.0 57.0 60.0 60.0 
55.0 59.0 62.0 58.0 
191.0 88.0 64.0 73.0 
58.0 56.0 59.0 60.0 
53.0 59.0 60.0 60.0 
56.0 59.0 59.0 61.0 
191.0 87.0 65.0 70.0 
55.0 57.0 59.0 58.0 
58.0 56.0 62.0 57.0 
53.0 62.0 58.0 64.0 
189.0 88.0 62.0 72.0 
55.0 59.0 58.0 62.0 
57.0 56.0 62.0 57.0 
55.0 59.0 61.0 59.0 
193.0 85.0 66.0 70.0 
54.0 59.0 61.0 58.0 
58.0 57.0 60.0 63.0 
57.0 56.0 61.0 62.0 
194.0 84.0 66.0 71.0 
57.0 58.0 59.0 60.0 
54.0 58.0 60.0 61.0 
56.0 59.0 60.0 63.0 
188.0 88.0 64.0 73.0 
55.0 57.0 60.0 56.0 
55.0 56.0 62.0 57.0 
52.0 62.0 59.0 62.0 
190.0 85.0 67.0 70.0 
57.0 56.0 61.0 57.0 
54.0 59.0 59.0 62.0 
56.0 58.0 60.0 60.0 
191.0 86.0 67.0 71.0 
57.0 57.0 61.0 59.0 
52.0 61.0 58.0 62.0 
55.0 58.0 62.0 58.0 
188.0 88.0 66.0 71.0 
52.0 61.0 58.0 59.0 
57.0 60.0 60.0 62.0 
58.0 57.0 61.0 61.0 
190.0 85.0 66.0 70.0 
53.0 60.0 59.0 60.0 
54.0 59.0 60.0 59.0 
56.0 59.0 60.0 61.0 
189.0 84.0 68.0 72.0 
52.0 59.0 59.0 59.0 
53.0 60.0 60.0 59.0 
56.0 59.0 59.0 61.0 
189.0 84.0 69.0 68.0 
57.0 58.0 60.0 58.0 
56.0 58.0 60.0 61.0 
58.0 57.0 61.0 60.0 
186.0 84.0 67.0 70.0 
53.0 60.0 59.0 60.0 
56.0 58.0 58.0 63.0 
58.0 59.0 58.0 62.0 
181.0 84.0 69.0 70.0 
55.0 56.0 61.0 58.0 
57.0 61.0 58.0 61.0 
58.0 59.0 59.0 63.0 
180.0 87.0 64.0 73.0 
58.0 57.0 59.0 58.0 
58.0 56.0 63.0 58.0 
53.0 61.0 59.0 64.0 
181.0 87.0 66.0 73.0 
58.0 57.0 60.0 61.0 
58.0 57.0 62.0 58.0 
52.0 61.0 58.0 62.0 
183.0 83.0 70.0 70.0 
58.0 56.0 62.0 57.0 
58.0 57.0 61.0 59.0 
57.0 57.0 62.0 58.0 
174.0 84.0 68.0 73.0 
59.0 55.0 60.0 61.0 
54.0 60.0 59.0 60.0 
55.0 63.0 58.0 62.0 
175.0 84.0 69.0 71.0 
57.0 58.0 59.0 59.0 
57.0 57.0 60.0 61.0 
56.0 58.0 62.0 58.0 
177.0 84.0 68.0 71.0 
53.0 61.0 57.0 60.0 
52.0 61.0 57.0 63.0 
56.0 58.0 61.0 60.0 
176.0 84.0 68.0 73.0 
54.0 60.0 59.0 60.0 
54.0 62.0 57.0 63.0 
57.0 60.0 59.0 64.0 
170.0 85.0 66.0 71.0 
53.0 60.0 57.0 62.0 
58.0 57.0 61.0 58.0 
54.0 61.0 60.0 59.0 
170.0 82.0 70.0 71.0 
55.0 58.0 62.0 56.0 
60.0 57.0 60.0 59.0 
55.0 61.0 61.0 60.0 
168.0 85.0 67.0 72.0 
59.0 57.0 60.0 62.0 
57.0 58.0 60.0 60.0 
57.0 59.0 60.0 61.0 
168.0 87.0 65.0 73.0 
55.0 59.0 58.0 61.0 
55.0 59.0 60.0 60.0 
60.0 57.0 63.0 58.0 
172.0 84.0 67.0 73.0 
58.0 56.0 59.0 59.0 
54.0 61.0 57.0 62.0 
55.0 59.0 60.0 62.0 
170.0 83.0 67.0 71.0 
53.0 60.0 57.0 62.0 
54.0 61.0 57.0 62.0 
56.0 62.0 59.0 62.0 
172.0 82.0 69.0 70.0 
56.0 58.0 63.0 57.0 
58.0 56.0 63.0 58.0 
54.0 63.0 59.0 65.0 
171.0 82.0 69.0 70.0 
59.0 55.0 61.0 58.0 
55.0 61.0 56.0 61.0 
58.0 56.0 62.0 59.0 
167.0 85.0 66.0 73.0 
59.0 56.0 61.0 58.0 
53.0 61.0 59.0 59.0 
53.0 61.0 60.0 60.0 
172.0 80.0 69.0 68.0 
59.0 56.0 61.0 58.0 
55.0 61.0 59.0 63.0 
59.0 58.0 61.0 58.0 
169.0 81.0 69.0 68.0 
53.0 59.0 61.0 61.0 
58.0 61.0 57.0 59.0 
54.0 61.0 59.0 60.0 
170.0 80.0 67.0 71.0 
55.0 58.0 60.0 59.0 
58.0 57.0 62.0 58.0 
54.0 59.0 59.0 58.0 
169.0 82.0 66.0 72.0 
56.0 57.0 61.0 58.0 
56.0 58.0 61.0 57.0 
56.0 60.0 58.0 63.0 
168.0 81.0 66.0 71.0 
58.0 57.0 58.0 60.0 
55.0 59.0 60.0 59.0 
56.0 59.0 60.0 58.0 
166.0 82.0 66.0 71.0 
60.0 55.0 61.0 56.0 
57.0 59.0 62.0 57.0 
54.0 60.0 60.0 58.0 
166.0 84.0 67.0 67.0 
60.0 56.0 56.0 62.0 
56.0 61.0 59.0 60.0 
54.0 62.0 60.0 60.0 
167.0 78.0 68.0 67.0 
53.0 60.0 59.0 58.0 
54.0 59.0 60.0 60.0 
58.0 58.0 62.0 59.0 
161.0 83.0 66.0 68.0 
54.0 62.0 57.0 61.0 
54.0 61.0 58.0 62.0 
59.0 56.0 63.0 56.0 
159.0 84.0 65.0 73.0 
56.0 59.0 58.0 57.0 
59.0 57.0 62.0 57.0 
56.0 59.0 62.0 58.0 
164.0 81.0 67.0 70.0 
56.0 58.0 62.0 57.0 
55.0 63.0 60.0 59.0 
53.0 59.0 62.0 58.0 
162.0 81.0 68.0 68.0 
54.0 58.0 60.0 57.0 
56.0 56.0 63.0 58.0 
53.0 61.0 58.0 63.0 
161.0 84.0 64.0 72.0 
58.0 55.0 61.0 58.0 
59.0 56.0 62.0 58.0 
54.0 60.0 59.0 62.0 
160.0 83.0 65.0 72.0 
59.0 56.0 61.0 58.0 
54.0 61.0 57.0 61.0 
54.0 61.0 58.0 63.0 
161.0 84.0 64.0 72.0 
60.0 55.0 62.0 56.0 
56.0 59.0 60.0 60.0 
57.0 58.0 63.0 59.0 
163.0 81.0 64.0 71.0 
59.0 58.0 60.0 61.0 
57.0 58.0 58.0 62.0 
57.0 58.0 62.0 57.0 
158.0 79.0 68.0 67.0 
56.0 59.0 58.0 60.0 
59.0 57.0 63.0 57.0 
57.0 59.0 60.0 63.0 
157.0 81.0 65.0 73.0 
56.0 59.0 59.0 58.0 
54.0 61.0 58.0 63.0 
57.0 59.0 59.0 61.0 
156.0 85.0 64.0 71.0 
55.0 59.0 58.0 60.0 
56.0 60.0 60.0 62.0 
57.0 58.0 60.0 61.0 
155.0 83.0 65.0 74.0 
56.0 58.0 61.0 56.0 
57.0 57.0 60.0 59.0 
59.0 58.0 59.0 60.0 
162.0 78.0 70.0 69.0 
55.0 56.0 61.0 56.0 
56.0 58.0 60.0 58.0 
57.0 60.0 59.0 63.0 
158.0 82.0 67.0 72.0 
59.0 56.0 61.0 56.0 
56.0 56.0 62.0 58.0 
55.0 60.0 59.0 60.0 
156.0 82.0 68.0 71.0 
54.0 61.0 57.0 62.0 
58.0 58.0 61.0 60.0 
60.0 58.0 61.0 60.0 
157.0 84.0 65.0 73.0 
55.0 59.0 58.0 61.0 
56.0 59.0 60.0 60.0 
54.0 61.0 60.0 61.0 
163.0 79.0 68.0 70.0 
55.0 55.0 60.0 59.0 
56.0 62.0 58.0 60.0 
56.0 61.0 57.0 61.0 
157.0 81.0 68.0 70.0 
58.0 57.0 61.0 61.0 
58.0 57.0 60.0 60.0 
56.0 59.0 60.0 60.0 
160.0 79.0 68.0 69.0 
54.0 60.0 57.0 62.0 
53.0 62.0 58.0 62.0 
57.0 59.0 61.0 58.0 
158.0 79.0 70.0 68.0 
57.0 57.0 61.0 57.0 
56.0 58.0 60.0 61.0 
59.0 57.0 61.0 60.0 
158.0 80.0 67.0 69.0 
59.0 57.0 61.0 56.0 
55.0 58.0 62.0 57.0 
53.0 62.0 59.0 59.0 
152.0 81.0 67.0 66.0 
54.0 59.0 59.0 58.0 
56.0 58.0 62.0 58.0 
55.0 60.0 59.0 61.0 
156.0 81.0 67.0 67.0 
57.0 56.0 61.0 57.0 
54.0 61.0 58.0 62.0 
59.0 59.0 61.0 58.0 
160.0 78.0 66.0 70.0 
56.0 57.0 62.0 58.0 
57.0 58.0 61.0 58.0 
57.0 60.0 61.0 60.0 
154.0 82.0 65.0 70.0 
54.0 60.0 58.0 62.0 
60.0 58.0 62.0 58.0 
57.0 59.0 60.0 59.0 
157.0 78.0 67.0 69.0 
55.0 59.0 62.0 62.0 
60.0 58.0 60.0 62.0 
59.0 58.0 61.0 59.0 
149.0 80.0 66.0 69.0 
59.0 57.0 61.0 59.0 
60.0 56.0 62.0 56.0 
56.0 59.0 58.0 63.0 
149.0 78.0 68.0 67.0 
54.0 59.0 59.0 59.0 
55.0 58.0 61.0 59.0 
57.0 59.0 60.0 60.0 
151.0 78.0 67.0 67.0 
55.0 59.0 58.0 60.0 
59.0 56.0 62.0 58.0 
54.0 61.0 58.0 61.0 
154.0 79.0 66.0 69.0 
54.0 61.0 58.0 62.0 
58.0 58.0 60.0 59.0 
54.0 60.0 61.0 59.0 
150.0 78.0 68.0 67.0 
58.0 60.0 56.0 60.0 
58.0 58.0 58.0 62.0 
60.0 58.0 61.0 62.0 
153.0 77.0 69.0 67.0 
54.0 60.0 57.0 60.0 
55.0 60.0 60.0 59.0 
57.0 60.0 58.0 63.0 
154.0 80.0 67.0 69.0 
57.0 59.0 59.0 62.0 
57.0 57.0 60.0 59.0 
55.0 60.0 58.0 62.0 
158.0 79.0 67.0 68.0 
53.0 61.0 57.0 59.0 
59.0 56.0 62.0 57.0 
57.0 60.0 61.0 59.0 
155.0 82.0 64.0 72.0 
56.0 59.0 59.0 59.0 
60.0 58.0 60.0 60.0 
59.0 57.0 60.0 62.0 
150.0 78.0 68.0 67.0 
55.0 61.0 57.0 61.0 
54.0 62.0 58.0 62.0 
57.0 59.0 61.0 60.0 
160.0 79.0 68.0 67.0 
57.0 58.0 58.0 59.0 
60.0 57.0 61.0 59.0 
55.0 61.0 60.0 60.0 
154.0 76.0 68.0 67.0 
53.0 61.0 56.0 63.0 
57.0 58.0 60.0 59.0 
53.0 61.0 59.0 61.0 
150.0 80.0 65.0 71.0 
57.0 59.0 60.0 58.0 
54.0 61.0 58.0 63.0 
57.0 59.0 61.0 59.0 
151.0 77.0 69.0 67.0 
54.0 59.0 62.0 57.0 
59.0 57.0 59.0 61.0 
60.0 58.0 61.0 60.0 
156.0 79.0 67.0 70.0 
55.0 59.0 58.0 60.0 
53.0 62.0 60.0 60.0 
56.0 60.0 58.0 63.0 
148.0 81.0 64.0 71.0 
59.0 56.0 59.0 61.0 
60.0 58.0 60.0 61.0 
56.0 60.0 60.0 61.0 
154.0 78.0 66.0 69.0 
54.0 61.0 57.0 60.0 
55.0 60.0 59.0 60.0 
53.0 62.0 59.0 60.0 
153.0 78.0 69.0 66.0 
58.0 57.0 61.0 57.0 
55.0 60.0 59.0 61.0 
60.0 58.0 60.0 61.0 
155.0 77.0 67.0 69.0 
56.0 58.0 62.0 58.0 
60.0 57.0 59.0 60.0 
56.0 60.0 61.0 59.0 
151.0 81.0 65.0 71.0 
60.0 55.0 62.0 57.0 
56.0 60.0 60.0 61.0 
59.0 56.0 62.0 60.0 
150.0 82.0 65.0 71.0 
55.0 61.0 58.0 61.0 
59.0 57.0 61.0 59.0 
53.0 62.0 58.0 63.0 
155.0 78.0 69.0 66.0 
57.0 58.0 60.0 58.0 
56.0 59.0 59.0 61.0 
58.0 59.0 60.0 61.0 
154.0 78.0 67.0 68.0 
54.0 60.0 60.0 58.0 
57.0 58.0 62.0 58.0 
54.0 60.0 60.0 57.0 
153.0 82.0 65.0 72.0 
56.0 58.0 59.0 59.0 
58.0 58.0 60.0 60.0 
57.0 60.0 60.0 60.0 
154.0 77.0 68.0 66.0 
54.0 61.0 57.0 63.0 
54.0 62.0 58.0 61.0 
59.0 57.0 62.0 58.0 
150.0 80.0 66.0 69.0 
58.0 57.0 60.0 59.0 
59.0 56.0 62.0 58.0 
58.0 59.0 60.0 59.0 
149.0 81.0 64.0 71.0 
55.0 60.0 58.0 62.0 
57.0 58.0 62.0 58.0 
54.0 62.0 57.0 62.0 
153.0 77.0 67.0 71.0 
60.0 57.0 60.0 60.0 
58.0 59.0 60.0 63.0 
59.0 57.0 61.0 58.0 
151.0 77.0 69.0 67.0 
59.0 55.0 62.0 56.0 
56.0 60.0 59.0 63.0 
56.0 60.0 60.0 63.0 
150.0 81.0 64.0 72.0 
57.0 57.0 61.0 57.0 
54.0 61.0 58.0 63.0 
57.0 59.0 60.0 60.0 
155.0 78.0 67.0 68.0 
54.0 60.0 59.0 59.0 
60.0 56.0 63.0 57.0 
57.0 58.0 61.0 59.0 
153.0 78.0 67.0 68.0 
56.0 59.0 58.0 60.0 
57.0 57.0 60.0 61.0 
58.0 58.0 61.0 61.0 
150.0 77.0 69.0 68.0 
56.0 59.0 60.0 58.0 
58.0 59.0 59.0 62.0 
58.0 59.0 60.0 59.0 
149.0 80.0 66.0 70.0 
60.0 57.0 60.0 57.0 
56.0 58.0 63.0 57.0 
53.0 62.0 58.0 61.0 
150.0 78.0 67.0 70.0 
59.0 56.0 61.0 57.0 
57.0 59.0 60.0 61.0 
59.0 58.0 60.0 60.0 
152.0 77.0 68.0 67.0 
57.0 57.0 60.0 57.0 
55.0 61.0 57.0 63.0 
56.0 62.0 59.0 62.0 
147.0 80.0 66.0 70.0 
54.0 59.0 59.0 57.0 
54.0 59.0 62.0 59.0 
57.0 57.0 62.0 60.0 
152.0 76.0 67.0 67.0 
54.0 60.0 57.0 62.0 
56.0 60.0 58.0 61.0 
58.0 59.0 58.0 63.0 
150.0 78.0 66.0 70.0 
59.0 57.0 59.0 59.0 
58.0 58.0 61.0 60.0 
56.0 60.0 60.0 60.0 
153.0 76.0 69.0 66.0 
57.0 58.0 59.0 62.0 
56.0 61.0 59.0 62.0 
57.0 58.0 60.0 61.0 
153.0 76.0 68.0 67.0 
57.0 58.0 59.0 59.0 
55.0 60.0 58.0 62.0 
59.0 56.0 62.0 59.0 
149.0 79.0 66.0 67.0 
56.0 56.0 61.0 59.0 
56.0 61.0 57.0 61.0 
54.0 62.0 59.0 62.0 
149.0 80.0 64.0 72.0 
59.0 57.0 59.0 59.0 
57.0 59.0 60.0 63.0 
56.0 57.0 63.0 58.0 
152.0 79.0 65.0 72.0 
60.0 57.0 60.0 59.0 
58.0 58.0 60.0 61.0 
57.0 57.0 64.0 60.0 
154.0 76.0 69.0 67.0 
56.0 60.0 58.0 61.0 
58.0 60.0 59.0 60.0 
60.0 58.0 61.0 59.0 
154.0 76.0 69.0 67.0 
54.0 62.0 58.0 61.0 
54.0 59.0 62.0 56.0 
54.0 60.0 60.0 59.0 
148.0 80.0 68.0 67.0 
54.0 58.0 59.0 57.0 
60.0 57.0 61.0 60.0 
57.0 58.0 63.0 57.0 
152.0 78.0 67.0 69.0 
57.0 58.0 57.0 59.0 
58.0 58.0 60.0 59.0 
55.0 62.0 58.0 63.0 
155.0 77.0 68.0 69.0 
54.0 60.0 59.0 61.0 
56.0 58.0 60.0 58.0 
59.0 57.0 63.0 58.0 
148.0 81.0 65.0 69.0 
54.0 61.0 57.0 62.0 
58.0 57.0 61.0 58.0 
54.0 62.0 57.0 63.0 
140.0 76.0 68.0 66.0 
56.0 58.0 61.0 56.0 
60.0 56.0 61.0 60.0 
57.0 58.0 63.0 59.0 
137.0 78.0 66.0 68.0 
57.0 61.0 57.0 62.0 
54.0 61.0 58.0 61.0 
60.0 57.0 62.0 59.0 
140.0 76.0 68.0 67.0 
56.0 59.0 61.0 57.0 
57.0 59.0 59.0 62.0 
58.0 59.0 60.0 59.0 
144.0 75.0 69.0 66.0 
57.0 57.0 60.0 57.0 
57.0 59.0 59.0 61.0 
59.0 59.0 59.0 61.0 
139.0 77.0 65.0 71.0 
57.0 58.0 59.0 60.0 
54.0 61.0 59.0 62.0 
60.0 60.0 61.0 64.0 
142.0 78.0 64.0 73.0 
62.0 55.0 61.0 62.0 
58.0 58.0 62.0 57.0 
58.0 59.0 61.0 59.0 
143.0 74.0 69.0 66.0 
54.0 61.0 57.0 62.0 
56.0 61.0 59.0 62.0 
60.0 58.0 59.0 62.0 
143.0 75.0 68.0 67.0 
54.0 62.0 57.0 62.0 
59.0 58.0 61.0 58.0 
56.0 60.0 61.0 59.0 
143.0 74.0 68.0 67.0 
58.0 57.0 61.0 58.0 
57.0 61.0 58.0 62.0 
59.0 57.0 62.0 59.0 
139.0 78.0 66.0 70.0 
59.0 58.0 59.0 62.0 
53.0 60.0 62.0 58.0 
57.0 57.0 62.0 60.0 
139.0 79.0 64.0 69.0 
55.0 60.0 58.0 59.0 
58.0 59.0 59.0 60.0 
57.0 60.0 61.0 60.0 
140.0 77.0 66.0 69.0 
59.0 57.0 60.0 58.0 
59.0 58.0 62.0 58.0 
58.0 60.0 61.0 60.0 
140.0 77.0 66.0 70.0 
59.0 57.0 60.0 57.0 
56.0 58.0 61.0 61.0 
60.0 57.0 62.0 58.0 
140.0 79.0 65.0 70.0 
58.0 59.0 59.0 56.0 
56.0 60.0 60.0 60.0 
57.0 59.0 62.0 57.0 
141.0 76.0 68.0 69.0 
57.0 56.0 61.0 60.0 
54.0 60.0 60.0 58.0 
56.0 63.0 59.0 63.0 
140.0 80.0 65.0 71.0 
59.0 56.0 62.0 58.0 
59.0 57.0 62.0 58.0 
56.0 61.0 60.0 60.0 
140.0 79.0 66.0 69.0 
57.0 58.0 59.0 60.0 
59.0 58.0 61.0 60.0 
57.0 60.0 60.0 61.0 
142.0 79.0 64.0 71.0 
57.0 58.0 60.0 60.0 
56.0 59.0 61.0 58.0 
56.0 59.0 61.0 60.0 
142.0 76.0 67.0 69.0 
60.0 56.0 62.0 57.0 
54.0 60.0 61.0 56.0 
55.0 61.0 63.0 58.0 
141.0 77.0 68.0 68.0 
55.0 59.0 60.0 57.0 
58.0 56.0 63.0 57.0 
55.0 61.0 59.0 62.0 
143.0 75.0 69.0 69.0 
56.0 59.0 59.0 59.0 
54.0 61.0 59.0 62.0 
60.0 56.0 62.0 59.0 
137.0 79.0 67.0 70.0 
60.0 58.0 60.0 62.0 
61.0 57.0 61.0 59.0 
59.0 58.0 63.0 59.0 
142.0 77.0 68.0 67.0 
57.0 58.0 60.0 57.0 
60.0 56.0 63.0 58.0 
59.0 58.0 61.0 59.0 
144.0 74.0 67.0 69.0 
58.0 56.0 61.0 59.0 
58.0 59.0 58.0 62.0 
60.0 57.0 60.0 60.0 
140.0 80.0 66.0 70.0 
58.0 61.0 58.0 61.0 
54.0 62.0 59.0 62.0 
61.0 58.0 61.0 59.0 
142.0 78.0 67.0 69.0 
56.0 59.0 59.0 59.0 
55.0 61.0 60.0 60.0 
59.0 57.0 61.0 60.0 
140.0 77.0 67.0 68.0 
55.0 61.0 57.0 63.0 
58.0 59.0 59.0 61.0 
58.0 59.0 61.0 61.0 
139.0 79.0 64.0 71.0 
56.0 58.0 59.0 60.0 
55.0 62.0 58.0 62.0 
60.0 58.0 59.0 63.0 
142.0 76.0 65.0 72.0 
61.0 57.0 58.0 61.0 
57.0 60.0 60.0 62.0 
62.0 58.0 61.0 59.0 
142.0 74.0 68.0 66.0 
54.0 61.0 57.0 58.0 
58.0 58.0 61.0 59.0 
57.0 59.0 61.0 58.0 
138.0 79.0 64.0 71.0 
57.0 56.0 61.0 56.0 
60.0 57.0 61.0 58.0 
54.0 62.0 59.0 60.0 
139.0 78.0 65.0 70.0 
60.0 56.0 60.0 59.0 
54.0 61.0 59.0 60.0 
55.0 62.0 59.0 63.0 
143.0 74.0 68.0 67.0 
55.0 61.0 57.0 62.0 
55.0 62.0 59.0 59.0 
57.0 61.0 59.0 63.0 
143.0 78.0 66.0 69.0 
59.0 59.0 58.0 60.0 
60.0 57.0 62.0 58.0 
56.0 62.0 59.0 62.0 
142.0 81.0 64.0 71.0 
55.0 61.0 58.0 62.0 
60.0 56.0 62.0 57.0 
54.0 61.0 60.0 59.0 
145.0 76.0 68.0 66.0 
57.0 59.0 59.0 61.0 
59.0 57.0 62.0 57.0 
58.0 58.0 61.0 59.0 
145.0 76.0 68.0 68.0 
57.0 58.0 60.0 58.0 
58.0 59.0 60.0 58.0 
59.0 59.0 59.0 62.0 
141.0 79.0 66.0 67.0 
54.0 60.0 59.0 59.0 
57.0 59.0 63.0 58.0 
55.0 61.0 60.0 61.0 
141.0 80.0 66.0 70.0 
60.0 57.0 61.0 59.0 
54.0 62.0 59.0 62.0 
61.0 58.0 61.0 58.0 
143.0 76.0 69.0 66.0 
55.0 61.0 58.0 61.0 
55.0 61.0 58.0 63.0 
60.0 57.0 63.0 58.0 
141.0 80.0 65.0 68.0 
55.0 60.0 58.0 62.0 
60.0 57.0 62.0 58.0 
58.0 59.0 61.0 59.0 
145.0 77.0 69.0 68.0 
57.0 58.0 59.0 61.0 
59.0 58.0 59.0 63.0 
61.0 58.0 60.0 62.0 
145.0 76.0 66.0 69.0 
57.0 61.0 57.0 60.0 
59.0 57.0 60.0 63.0 
60.0 57.0 62.0 60.0 
143.0 75.0 67.0 69.0 
56.0 59.0 58.0 59.0 
55.0 61.0 59.0 61.0 
60.0 57.0 61.0 59.0 
143.0 78.0 65.0 71.0 
59.0 56.0 61.0 57.0 
57.0 59.0 61.0 60.0 
59.0 58.0 62.0 58.0 
139.0 80.0 65.0 69.0 
55.0 61.0 57.0 59.0 
60.0 55.0 62.0 59.0 
59.0 58.0 61.0 59.0 
142.0 78.0 66.0 66.0 
56.0 61.0 58.0 59.0 
59.0 59.0 59.0 62.0 
59.0 59.0 62.0 56.0 
142.0 77.0 68.0 67.0 
55.0 59.0 59.0 59.0 
55.0 59.0 60.0 60.0 
60.0 58.0 62.0 60.0 
141.0 77.0 66.0 69.0 
58.0 58.0 59.0 59.0 
60.0 57.0 61.0 58.0 
54.0 62.0 58.0 63.0 
141.0 78.0 67.0 68.0 
59.0 58.0 60.0 59.0 
57.0 60.0 60.0 61.0 
60.0 57.0 62.0 59.0 
143.0 78.0 68.0 67.0 
54.0 60.0 59.0 59.0 
56.0 58.0 60.0 60.0 
54.0 62.0 58.0 62.0 
142.0 78.0 63.0 70.0 
61.0 58.0 59.0 59.0 
58.0 59.0 59.0 60.0 
56.0 59.0 61.0 60.0 
138.0 76.0 68.0 66.0 
54.0 61.0 57.0 62.0 
57.0 59.0 59.0 60.0 
57.0 61.0 60.0 57.0 
141.0 76.0 69.0 67.0 
57.0 57.0 60.0 61.0 
61.0 57.0 63.0 58.0 
58.0 59.0 61.0 59.0 
142.0 76.0 66.0 68.0 
59.0 58.0 59.0 59.0 
58.0 58.0 60.0 60.0 
60.0 58.0 61.0 59.0 
139.0 76.0 68.0 66.0 
55.0 61.0 56.0 61.0 
54.0 60.0 60.0 58.0 
56.0 60.0 63.0 59.0 
140.0 78.0 64.0 72.0 
60.0 57.0 61.0 57.0 
60.0 56.0 62.0 57.0 
55.0 62.0 60.0 61.0 
140.0 77.0 68.0 67.0 
54.0 59.0 59.0 59.0 
55.0 59.0 60.0 59.0 
58.0 60.0 60.0 63.0 
142.0 77.0 67.0 68.0 
61.0 57.0 60.0 58.0 
59.0 57.0 61.0 58.0 
58.0 59.0 62.0 60.0 
140.0 80.0 65.0 70.0 
58.0 57.0 59.0 60.0 
55.0 61.0 58.0 62.0 
58.0 59.0 61.0 58.0 
141.0 81.0 64.0 70.0 
56.0 60.0 58.0 57.0 
60.0 58.0 59.0 62.0 
62.0 58.0 59.0 62.0 
140.0 77.0 69.0 66.0 
58.0 58.0 57.0 57.0 
55.0 61.0 59.0 61.0 
59.0 59.0 60.0 61.0 
141.0 76.0 69.0 66.0 
55.0 60.0 57.0 61.0 
57.0 59.0 62.0 57.0 
54.0 62.0 59.0 61.0 
143.0 76.0 67.0 68.0 
60.0 56.0 61.0 57.0 
56.0 60.0 58.0 62.0 
57.0 60.0 60.0 62.0 
143.0 75.0 69.0 67.0 
58.0 57.0 60.0 59.0 
60.0 57.0 61.0 60.0 
58.0 56.0 61.0 61.0 
143.0 78.0 65.0 72.0 
60.0 57.0 59.0 60.0 
58.0 59.0 58.0 63.0 
59.0 56.0 62.0 58.0 
141.0 77.0 67.0 66.0 
59.0 56.0 62.0 57.0 
55.0 62.0 59.0 62.0 
58.0 60.0 61.0 58.0 
143.0 75.0 68.0 69.0 
56.0 58.0 59.0 59.0 
56.0 59.0 60.0 59.0 
58.0 58.0 61.0 58.0 
138.0 80.0 65.0 72.0 
56.0 61.0 58.0 62.0 
58.0 57.0 62.0 57.0 
58.0 59.0 61.0 59.0 
144.0 77.0 67.0 69.0 
55.0 59.0 60.0 61.0 
60.0 57.0 60.0 62.0 
62.0 57.0 61.0 62.0 
142.0 78.0 68.0 66.0 
55.0 61.0 57.0 61.0 
56.0 60.0 60.0 60.0 
60.0 59.0 62.0 59.0 
141.0 78.0 66.0 69.0 
57.0 58.0 59.0 59.0 
61.0 58.0 62.0 59.0 
55.0 60.0 59.0 61.0 
141.0 80.0 66.0 70.0 
60.0 56.0 62.0 56.0 
56.0 61.0 59.0 61.0 
61.0 57.0 62.0 57.0 
145.0 79.0 67.0 69.0 
60.0 56.0 61.0 57.0 
56.0 60.0 59.0 61.0 
60.0 59.0 60.0 61.0 
144.0 78.0 68.0 67.0 
60.0 56.0 61.0 58.0 
55.0 58.0 60.0 61.0 
59.0 58.0 61.0 60.0 
144.0 79.0 65.0 72.0 
58.0 57.0 61.0 56.0 
56.0 61.0 58.0 60.0 
60.0 57.0 63.0 59.0 
140.0 80.0 65.0 72.0 
61.0 55.0 61.0 57.0 
55.0 61.0 58.0 62.0 
60.0 58.0 61.0 60.0 
143.0 77.0 67.0 69.0 
61.0 57.0 61.0 62.0 
57.0 59.0 59.0 60.0 
57.0 60.0 61.0 61.0 
140.0 81.0 65.0 71.0 
59.0 57.0 61.0 57.0 
56.0 62.0 57.0 61.0 
57.0 62.0 57.0 61.0 
140.0 80.0 63.0 72.0 
60.0 56.0 60.0 58.0 
59.0 57.0 62.0 58.0 
60.0 60.0 60.0 62.0 
141.0 79.0 66.0 70.0 
59.0 57.0 61.0 57.0 
58.0 57.0 62.0 58.0 
55.0 61.0 60.0 61.0 
144.0 76.0 70.0 68.0 
58.0 58.0 58.0 60.0 
60.0 56.0 60.0 60.0 
59.0 58.0 63.0 58.0 
144.0 76.0 68.0 69.0 
54.0 61.0 57.0 61.0 
56.0 59.0 59.0 60.0 
60.0 58.0 61.0 59.0 
144.0 76.0 68.0 68.0 
55.0 59.0 62.0 58.0 
59.0 58.0 58.0 62.0 
60.0 59.0 59.0 63.0 
139.0 80.0 66.0 71.0 
59.0 57.0 59.0 59.0 
59.0 57.0 61.0 58.0 
55.0 63.0 58.0 63.0 
141.0 78.0 69.0 69.0 
59.0 58.0 59.0 59.0 
58.0 59.0 58.0 62.0 
58.0 59.0 63.0 58.0 
142.0 76.0 69.0 68.0 
60.0 56.0 61.0 57.0 
60.0 57.0 62.0 58.0 
59.0 57.0 63.0 58.0 
141.0 78.0 66.0 69.0 
54.0 62.0 56.0 62.0 
59.0 58.0 58.0 61.0 
60.0 56.0 62.0 60.0 
139.0 78.0 68.0 66.0 
56.0 57.0 61.0 57.0 
61.0 58.0 58.0 64.0 
60.0 56.0 62.0 59.0 
140.0 80.0 64.0 73.0 
60.0 56.0 62.0 57.0 
57.0 58.0 61.0 59.0 
60.0 58.0 60.0 60.0 
139.0 79.0 66.0 69.0 
55.0 59.0 59.0 58.0 
59.0 58.0 60.0 59.0 
56.0 62.0 58.0 63.0 
141.0 77.0 66.0 70.0 
59.0 57.0 58.0 60.0 
59.0 56.0 62.0 59.0 
59.0 58.0 60.0 60.0 
141.0 76.0 68.0 68.0 
56.0 56.0 61.0 58.0 
58.0 61.0 58.0 61.0 
57.0 62.0 57.0 62.0 
138.0 81.0 66.0 68.0 
55.0 62.0 57.0 58.0 
55.0 59.0 60.0 59.0 
59.0 61.0 58.0 61.0 
136.0 80.0 65.0 72.0 
60.0 57.0 62.0 59.0 
55.0 62.0 58.0 60.0 
60.0 58.0 60.0 60.0 
141.0 78.0 65.0 69.0 
56.0 59.0 59.0 61.0 
55.0 59.0 60.0 60.0 
55.0 62.0 59.0 64.0 
138.0 81.0 65.0 70.0 
55.0 60.0 57.0 61.0 
58.0 58.0 61.0 59.0 
56.0 61.0 60.0 59.0 
143.0 79.0 66.0 71.0 
59.0 59.0 58.0 61.0 
58.0 61.0 57.0 62.0 
61.0 59.0 62.0 60.0 
138.0 81.0 66.0 69.0 
55.0 60.0 59.0 59.0 
59.0 58.0 60.0 60.0 
56.0 61.0 58.0 61.0 
139.0 79.0 66.0 69.0 
58.0 58.0 60.0 59.0 
59.0 57.0 60.0 59.0 
57.0 61.0 59.0 63.0 
137.0 81.0 65.0 72.0 
57.0 58.0 58.0 59.0 
55.0 61.0 60.0 60.0 
54.0 62.0 58.0 63.0 
141.0 81.0 68.0 72.0 
60.0 57.0 61.0 62.0 
58.0 57.0 63.0 59.0 
57.0 58.0 61.0 61.0 
141.0 82.0 69.0 71.0 
57.0 60.0 57.0 60.0 
59.0 57.0 62.0 58.0 
54.0 61.0 59.0 62.0 
140.0 80.0 67.0 73.0 
56.0 58.0 60.0 60.0 
54.0 59.0 61.0 60.0 
57.0 59.0 59.0 63.0 
140.0 82.0 66.0 73.0 
57.0 58.0 59.0 60.0 
54.0 61.0 59.0 60.0 
55.0 62.0 59.0 60.0 
140.0 79.0 67.0 71.0 
60.0 55.0 62.0 57.0 
56.0 60.0 60.0 60.0 
60.0 58.0 62.0 60.0 
140.0 79.0 71.0 68.0 
58.0 55.0 60.0 61.0 
59.0 58.0 60.0 63.0 
60.0 59.0 59.0 63.0 
140.0 82.0 67.0 73.0 
59.0 57.0 60.0 57.0 
58.0 57.0 63.0 59.0 
56.0 59.0 62.0 58.0 
142.0 80.0 68.0 74.0 
60.0 56.0 60.0 59.0 
59.0 58.0 60.0 62.0 
58.0 57.0 62.0 57.0 
144.0 78.0 70.0 70.0 
54.0 60.0 58.0 60.0 
60.0 58.0 61.0 58.0 
58.0 58.0 62.0 58.0 
141.0 80.0 69.0 70.0 
55.0 61.0 57.0 60.0 
58.0 57.0 61.0 57.0 
54.0 60.0 60.0 57.0 
142.0 81.0 67.0 71.0 
56.0 60.0 58.0 60.0 
54.0 59.0 60.0 59.0 
57.0 62.0 58.0 62.0 
143.0 80.0 68.0 74.0 
60.0 56.0 59.0 59.0 
60.0 57.0 62.0 59.0 
55.0 61.0 59.0 62.0 
144.0 78.0 70.0 69.0 
56.0 58.0 59.0 58.0 
55.0 60.0 59.0 61.0 
60.0 58.0 63.0 58.0 
142.0 78.0 69.0 67.0 
56.0 60.0 58.0 62.0 
56.0 59.0 59.0 62.0 
58.0 60.0 60.0 62.0 
142.0 78.0 68.0 71.0 
57.0 58.0 58.0 62.0 
56.0 60.0 58.0 59.0 
56.0 62.0 58.0 62.0 
138.0 80.0 70.0 69.0 
55.0 61.0 58.0 61.0 
54.0 62.0 58.0 61.0 
61.0 58.0 59.0 60.0 
139.0 79.0 69.0 69.0 
56.0 59.0 57.0 59.0 
58.0 57.0 60.0 59.0 
55.0 60.0 60.0 61.0 
143.0 78.0 69.0 71.0 
56.0 58.0 59.0 59.0 
60.0 58.0 62.0 59.0 
59.0 59.0 61.0 58.0 
144.0 76.0 70.0 71.0 
60.0 56.0 59.0 59.0 
54.0 61.0 58.0 59.0 
56.0 61.0 59.0 61.0 
143.0 76.0 70.0 70.0 
60.0 55.0 59.0 59.0 
58.0 60.0 58.0 62.0 
60.0 57.0 60.0 59.0 
142.0 78.0 69.0 71.0 
57.0 58.0 60.0 56.0 
57.0 59.0 60.0 59.0 
60.0 59.0 61.0 61.0 
142.0 77.0 70.0 70.0 
60.0 56.0 60.0 57.0 
55.0 61.0 58.0 62.0 
58.0 59.0 60.0 60.0 
142.0 77.0 70.0 69.0 
56.0 58.0 57.0 60.0 
60.0 56.0 62.0 57.0 
59.0 59.0 61.0 59.0 
137.0 81.0 66.0 73.0 
58.0 59.0 59.0 59.0 
55.0 60.0 59.0 59.0 
55.0 61.0 58.0 58.0 
141.0 77.0 69.0 70.0 
58.0 57.0 64.0 62.0 
57.0 58.0 62.0 57.0 
57.0 60.0 60.0 61.0 
136.0 81.0 67.0 72.0 
61.0 57.0 62.0 56.0 
59.0 58.0 61.0 58.0 
56.0 61.0 60.0 61.0 
142.0 77.0 70.0 69.0 
54.0 60.0 59.0 61.0 
55.0 61.0 58.0 64.0 
57.0 60.0 59.0 61.0 
138.0 80.0 68.0 74.0 
57.0 57.0 59.0 60.0 
57.0 59.0 59.0 60.0 
55.0 62.0 57.0 63.0 
141.0 77.0 71.0 68.0 
54.0 60.0 60.0 57.0 
58.0 56.0 62.0 59.0 
56.0 60.0 60.0 58.0 
138.0 78.0 70.0 68.0 
57.0 58.0 59.0 59.0 
60.0 58.0 60.0 60.0 
57.0 59.0 61.0 59.0 
143.0 78.0 68.0 71.0 
56.0 59.0 59.0 60.0 
53.0 61.0 58.0 61.0 
60.0 57.0 62.0 59.0 
145.0 78.0 69.0 69.0 
54.0 60.0 59.0 60.0 
59.0 58.0 60.0 60.0 
60.0 57.0 62.0 59.0 
140.0 79.0 69.0 70.0 
55.0 62.0 59.0 60.0 
61.0 57.0 62.0 58.0 
55.0 62.0 58.0 62.0 
137.0 79.0 70.0 68.0 
55.0 59.0 61.0 57.0 
54.0 63.0 58.0 60.0 
58.0 60.0 59.0 64.0 
141.0 79.0 68.0 70.0 
56.0 61.0 57.0 61.0 
54.0 59.0 60.0 59.0 
58.0 60.0 60.0 63.0 
136.0 81.0 68.0 70.0 
59.0 59.0 58.0 62.0 
58.0 59.0 59.0 61.0 
57.0 60.0 60.0 61.0 
140.0 80.0 66.0 73.0 
57.0 59.0 57.0 61.0 
59.0 57.0 63.0 57.0 
59.0 58.0 62.0 57.0 
143.0 75.0 71.0 67.0 
57.0 58.0 59.0 58.0 
55.0 61.0 59.0 60.0 
58.0 63.0 57.0 63.0 
142.0 77.0 69.0 70.0 
59.0 57.0 60.0 59.0 
59.0 58.0 60.0 62.0 
57.0 58.0 62.0 58.0 
138.0 78.0 69.0 70.0 
59.0 58.0 59.0 60.0 
60.0 56.0 62.0 58.0 
56.0 60.0 60.0 62.0 
140.0 76.0 71.0 68.0 
56.0 60.0 56.0 59.0 
59.0 57.0 62.0 58.0 
57.0 59.0 60.0 60.0 
138.0 81.0 67.0 71.0 
55.0 60.0 57.0 61.0 
55.0 60.0 59.0 59.0 
54.0 63.0 58.0 62.0 
141.0 76.0 70.0 70.0 
56.0 55.0 62.0 57.0 
60.0 60.0 60.0 62.0 
59.0 57.0 63.0 58.0 
138.0 79.0 69.0 69.0 
57.0 61.0 57.0 63.0 
57.0 58.0 59.0 63.0 
61.0 57.0 61.0 59.0 
141.0 78.0 70.0 68.0 
57.0 60.0 58.0 59.0 
60.0 56.0 62.0 57.0 
57.0 60.0 60.0 60.0 
140.0 79.0 68.0 71.0 
59.0 55.0 62.0 57.0 
57.0 59.0 59.0 59.0 
55.0 62.0 59.0 63.0 
141.0 77.0 69.0 69.0 
56.0 58.0 58.0 62.0 
58.0 58.0 60.0 62.0 
60.0 58.0 60.0 62.0 
139.0 79.0 67.0 72.0 
59.0 57.0 59.0 62.0 
56.0 61.0 58.0 62.0 
57.0 58.0 62.0 58.0 
137.0 79.0 68.0 69.0 
56.0 60.0 56.0 56.0 
56.0 59.0 58.0 62.0 
57.0 60.0 60.0 60.0 
137.0 78.0 69.0 70.0 
60.0 56.0 61.0 58.0 
57.0 60.0 60.0 60.0 
55.0 63.0 58.0 63.0 
139.0 77.0 70.0 68.0 
58.0 58.0 60.0 57.0 
58.0 59.0 60.0 61.0 
60.0 57.0 63.0 58.0 
141.0 76.0 71.0 68.0 
55.0 61.0 58.0 60.0 
57.0 58.0 62.0 59.0 
57.0 58.0 62.0 58.0 
138.0 76.0 71.0 69.0 
56.0 61.0 58.0 59.0 
54.0 62.0 57.0 62.0 
60.0 58.0 61.0 61.0 
139.0 79.0 66.0 72.0 
57.0 58.0 59.0 60.0 
57.0 60.0 59.0 61.0 
59.0 60.0 60.0 60.0 
139.0 78.0 67.0 70.0 
56.0 60.0 57.0 62.0 
59.0 56.0 61.0 57.0 
57.0 59.0 61.0 60.0 
137.0 77.0 69.0 70.0 
55.0 60.0 57.0 61.0 
57.0 58.0 59.0 61.0 
57.0 59.0 63.0 57.0 
138.0 80.0 67.0 70.0 
55.0 59.0 58.0 60.0 
57.0 57.0 62.0 57.0 
57.0 61.0 60.0 60.0 
138.0 78.0 68.0 70.0 
57.0 57.0 61.0 57.0 
60.0 55.0 60.0 58.0 
55.0 62.0 59.0 62.0 
138.0 78.0 69.0 72.0 
57.0 56.0 60.0 58.0 
60.0 56.0 61.0 58.0 
55.0 61.0 60.0 62.0 
138.0 78.0 69.0 70.0 
54.0 61.0 57.0 61.0 
59.0 58.0 61.0 57.0 
57.0 59.0 60.0 60.0 
138.0 78.0 69.0 70.0 
56.0 59.0 59.0 58.0 
58.0 57.0 61.0 59.0 
57.0 57.0 62.0 60.0 
141.0 79.0 68.0 74.0 
55.0 61.0 58.0 60.0 
58.0 59.0 61.0 60.0 
58.0 60.0 61.0 58.0 
136.0 81.0 66.0 72.0 
57.0 59.0 59.0 59.0 
54.0 61.0 58.0 60.0 
60.0 59.0 60.0 61.0 
136.0 77.0 69.0 70.0 
59.0 57.0 60.0 58.0 
57.0 58.0 61.0 60.0 
61.0 58.0 61.0 60.0 
135.0 77.0 68.0 69.0 
55.0 59.0 58.0 61.0 
58.0 58.0 61.0 61.0 
62.0 56.0 63.0 58.0 
138.0 78.0 68.0 72.0 
60.0 57.0 60.0 63.0 
59.0 57.0 61.0 60.0 
56.0 59.0 63.0 58.0 
136.0 77.0 72.0 66.0 
54.0 60.0 59.0 59.0 
55.0 59.0 60.0 59.0 
59.0 60.0 60.0 59.0 
139.0 77.0 68.0 71.0 
57.0 59.0 59.0 58.0 
57.0 59.0 60.0 59.0 
58.0 59.0 61.0 61.0 
138.0 77.0 68.0 71.0 
56.0 59.0 59.0 60.0 
57.0 59.0 59.0 60.0 
55.0 62.0 58.0 62.0 
137.0 77.0 70.0 69.0 
56.0 59.0 58.0 60.0 
60.0 56.0 61.0 59.0 
56.0 60.0 62.0 58.0 
137.0 80.0 67.0 70.0 
57.0 60.0 57.0 62.0 
53.0 61.0 59.0 59.0 
57.0 60.0 59.0 60.0 
135.0 78.0 69.0 70.0 
58.0 58.0 59.0 58.0 
60.0 56.0 62.0 57.0 
58.0 61.0 58.0 64.0 
134.0 80.0 68.0 71.0 
60.0 56.0 60.0 62.0 
60.0 58.0 61.0 59.0 
59.0 58.0 61.0 58.0 
137.0 75.0 70.0 68.0 
57.0 59.0 60.0 59.0 
58.0 59.0 61.0 57.0 
57.0 59.0 61.0 58.0 
134.0 77.0 69.0 71.0 
59.0 59.0 59.0 61.0 
57.0 61.0 58.0 60.0 
57.0 63.0 58.0 62.0 
135.0 76.0 71.0 68.0 
55.0 60.0 57.0 62.0 
57.0 59.0 60.0 59.0 
56.0 61.0 60.0 59.0 
132.0 79.0 67.0 70.0 
60.0 57.0 60.0 59.0 
61.0 56.0 62.0 57.0 
56.0 62.0 59.0 63.0 
132.0 78.0 67.0 73.0 
58.0 58.0 59.0 58.0 
58.0 58.0 61.0 58.0 
55.0 59.0 60.0 60.0 
133.0 76.0 69.0 68.0 
57.0 60.0 59.0 60.0 
59.0 56.0 62.0 58.0 
58.0 59.0 60.0 61.0 
133.0 79.0 68.0 71.0 
57.0 60.0 59.0 58.0 
60.0 57.0 62.0 60.0 
58.0 57.0 61.0 59.0 
138.0 75.0 70.0 68.0 
56.0 61.0 58.0 57.0 
54.0 60.0 59.0 59.0 
57.0 62.0 58.0 62.0 
132.0 80.0 68.0 71.0 
58.0 58.0 59.0 61.0 
56.0 59.0 61.0 59.0 
59.0 60.0 59.0 60.0 
136.0 76.0 68.0 69.0 
60.0 56.0 61.0 57.0 
55.0 62.0 58.0 62.0 
56.0 62.0 58.0 63.0 
131.0 80.0 66.0 72.0 
57.0 58.0 61.0 58.0 
56.0 58.0 62.0 57.0 
54.0 60.0 62.0 57.0 
131.0 77.0 71.0 68.0 
57.0 59.0 61.0 58.0 
61.0 57.0 60.0 60.0 
58.0 57.0 63.0 58.0 
132.0 76.0 71.0 67.0 
59.0 56.0 61.0 57.0 
56.0 61.0 59.0 62.0 
58.0 59.0 63.0 58.0 
130.0 76.0 70.0 68.0 
55.0 61.0 56.0 62.0 
58.0 60.0 58.0 62.0 
58.0 60.0 61.0 62.0 
127.0 79.0 67.0 73.0 
58.0 59.0 58.0 62.0 
60.0 57.0 62.0 58.0 
58.0 60.0 60.0 61.0 
126.0 73.0 71.0 68.0 
55.0 60.0 59.0 58.0 
60.0 57.0 62.0 59.0 
57.0 60.0 60.0 59.0 
127.0 75.0 68.0 71.0 
58.0 57.0 61.0 57.0 
59.0 60.0 59.0 64.0 
62.0 58.0 63.0 58.0 
119.0 77.0 67.0 70.0 
60.0 58.0 60.0 58.0 
61.0 56.0 61.0 58.0 
55.0 62.0 60.0 61.0 
124.0 74.0 69.0 68.0 
55.0 61.0 56.0 61.0 
60.0 57.0 62.0 59.0 
57.0 61.0 60.0 61.0 
120.0 78.0 66.0 70.0 
56.0 60.0 57.0 62.0 
58.0 59.0 60.0 60.0 
57.0 59.0 62.0 58.0 
122.0 75.0 66.0 72.0 
54.0 60.0 60.0 58.0 
58.0 61.0 58.0 63.0 
61.0 57.0 62.0 58.0 
123.0 74.0 69.0 70.0 
58.0 56.0 61.0 57.0 
61.0 56.0 62.0 58.0 
56.0 62.0 58.0 62.0 
121.0 75.0 68.0 70.0 
57.0 60.0 59.0 60.0 
56.0 61.0 59.0 62.0 
62.0 57.0 62.0 58.0 
120.0 77.0 67.0 71.0 
57.0 58.0 59.0 56.0 
60.0 57.0 61.0 61.0 
62.0 58.0 61.0 60.0 
123.0 74.0 69.0 68.0 
56.0 60.0 58.0 59.0 
60.0 59.0 58.0 63.0 
58.0 62.0 59.0 60.0 
118.0 77.0 66.0 72.0 
60.0 58.0 59.0 60.0 
60.0 57.0 61.0 58.0 
56.0 62.0 60.0 61.0 
118.0 75.0 67.0 71.0 
57.0 59.0 58.0 60.0 
57.0 59.0 60.0 58.0 
58.0 62.0 58.0 62.0 
116.0 77.0 66.0 71.0 
58.0 59.0 60.0 59.0 
55.0 61.0 60.0 61.0 
56.0 62.0 58.0 64.0 
121.0 73.0 70.0 69.0 
56.0 60.0 58.0 61.0 
60.0 59.0 61.0 58.0 
59.0 59.0 59.0 61.0 
116.0 78.0 68.0 70.0 
57.0 60.0 59.0 59.0 
57.0 59.0 63.0 58.0 
56.0 61.0 60.0 60.0 
118.0 75.0 70.0 68.0 
58.0 59.0 60.0 60.0 
60.0 58.0 60.0 62.0 
61.0 57.0 62.0 58.0 
117.0 76.0 68.0 70.0 
62.0 56.0 62.0 62.0 
61.0 56.0 62.0 59.0 
56.0 62.0 59.0 62.0 
120.0 75.0 68.0 69.0 
60.0 57.0 61.0 57.0 
63.0 57.0 61.0 59.0 
61.0 57.0 63.0 58.0 
119.0 77.0 67.0 69.0 
57.0 60.0 58.0 61.0 
57.0 61.0 58.0 62.0 
60.0 60.0 59.0 63.0 
122.0 74.0 68.0 73.0 
60.0 56.0 57.0 62.0 
57.0 61.0 58.0 62.0 
60.0 60.0 60.0 62.0 
120.0 73.0 71.0 68.0 
55.0 60.0 58.0 61.0 
55.0 62.0 57.0 62.0 
61.0 57.0 61.0 59.0 
118.0 75.0 68.0 67.0 
58.0 58.0 60.0 58.0 
58.0 60.0 58.0 63.0 
58.0 60.0 59.0 61.0 
120.0 73.0 68.0 69.0 
60.0 57.0 61.0 55.0 
56.0 61.0 58.0 63.0 
57.0 61.0 60.0 60.0 
120.0 76.0 68.0 72.0 
61.0 56.0 61.0 60.0 
58.0 62.0 59.0 61.0 
58.0 61.0 59.0 63.0 
122.0 73.0 69.0 70.0 
58.0 58.0 62.0 62.0 
58.0 58.0 60.0 58.0 
59.0 60.0 60.0 61.0 
117.0 74.0 67.0 70.0 
57.0 60.0 59.0 60.0 
58.0 59.0 61.0 58.0 
58.0 60.0 59.0 60.0 
119.0 75.0 68.0 70.0 
57.0 59.0 59.0 59.0 
56.0 59.0 60.0 60.0 
56.0 62.0 58.0 62.0 
116.0 78.0 66.0 70.0 
55.0 60.0 57.0 62.0 
60.0 57.0 61.0 58.0 
55.0 61.0 60.0 61.0 
121.0 75.0 65.0 71.0 
59.0 60.0 57.0 61.0 
55.0 60.0 62.0 58.0 
56.0 61.0 60.0 61.0 
121.0 73.0 70.0 68.0 
60.0 56.0 59.0 61.0 
61.0 57.0 60.0 60.0 
58.0 59.0 61.0 58.0 
119.0 74.0 68.0 70.0 
55.0 61.0 57.0 63.0 
58.0 58.0 61.0 60.0 
55.0 62.0 58.0 61.0 
115.0 76.0 66.0 72.0 
57.0 58.0 59.0 59.0 
56.0 61.0 58.0 63.0 
58.0 59.0 60.0 60.0 
117.0 76.0 68.0 70.0 
58.0 59.0 59.0 59.0 
57.0 59.0 63.0 58.0 
59.0 57.0 62.0 59.0 
120.0 76.0 70.0 66.0 
58.0 62.0 59.0 63.0 
56.0 60.0 58.0 62.0 
59.0 59.0 61.0 59.0 
122.0 74.0 69.0 68.0 
55.0 61.0 57.0 62.0 
60.0 58.0 61.0 58.0 
56.0 63.0 59.0 61.0 
119.0 73.0 70.0 68.0 
56.0 61.0 57.0 60.0 
61.0 55.0 63.0 57.0 
61.0 57.0 63.0 58.0 
121.0 74.0 68.0 69.0 
60.0 57.0 61.0 58.0 
57.0 62.0 57.0 63.0 
59.0 59.0 62.0 59.0 
121.0 77.0 66.0 71.0 
57.0 59.0 61.0 59.0 
57.0 56.0 62.0 59.0 
58.0 60.0 63.0 59.0 
118.0 77.0 68.0 69.0 
59.0 59.0 58.0 59.0 
59.0 59.0 57.0 62.0 
62.0 58.0 61.0 61.0 
116.0 76.0 67.0 69.0 
57.0 60.0 57.0 61.0 
55.0 61.0 60.0 61.0 
61.0 58.0 61.0 61.0 
120.0 73.0 70.0 67.0 
58.0 58.0 59.0 63.0 
60.0 59.0 60.0 60.0 
62.0 57.0 62.0 59.0 
120.0 72.0 71.0 68.0 
60.0 57.0 59.0 58.0 
58.0 61.0 57.0 63.0 
63.0 57.0 61.0 61.0 
119.0 75.0 68.0 72.0 
61.0 58.0 59.0 62.0 
58.0 60.0 58.0 62.0 
61.0 59.0 59.0 61.0 
116.0 74.0 67.0 72.0 
62.0 57.0 59.0 60.0 
60.0 58.0 61.0 61.0 
58.0 61.0 60.0 60.0 
117.0 74.0 68.0 71.0 
58.0 56.0 61.0 57.0 
59.0 58.0 63.0 57.0 
60.0 60.0 60.0 61.0 
120.0 74.0 68.0 69.0 
55.0 60.0 59.0 59.0 
56.0 62.0 57.0 63.0 
56.0 61.0 59.0 62.0 
116.0 74.0 68.0 69.0 
58.0 58.0 57.0 62.0 
54.0 60.0 60.0 58.0 
57.0 61.0 59.0 62.0 
121.0 72.0 70.0 67.0 
57.0 59.0 59.0 59.0 
57.0 60.0 60.0 60.0 
60.0 60.0 60.0 60.0 
117.0 73.0 68.0 70.0 
57.0 59.0 59.0 57.0 
57.0 61.0 59.0 63.0 
62.0 57.0 62.0 57.0 
111.0 75.0 67.0 70.0 
62.0 57.0 61.0 58.0 
62.0 58.0 60.0 61.0 
61.0 58.0 61.0 57.0 
118.0 73.0 68.0 70.0 
63.0 56.0 59.0 59.0 
56.0 61.0 59.0 62.0 
59.0 60.0 60.0 59.0 
115.0 72.0 69.0 69.0 
59.0 56.0 59.0 60.0 
59.0 61.0 59.0 64.0 
61.0 58.0 61.0 60.0 
115.0 73.0 69.0 69.0 
57.0 60.0 59.0 59.0 
58.0 59.0 60.0 59.0 
59.0 61.0 58.0 63.0 
117.0 71.0 70.0 67.0 
61.0 56.0 62.0 57.0 
58.0 61.0 58.0 63.0 
60.0 59.0 62.0 60.0 
111.0 76.0 66.0 73.0 
59.0 59.0 59.0 60.0 
57.0 61.0 59.0 60.0 
56.0 62.0 58.0 62.0 
114.0 74.0 69.0 70.0 
60.0 58.0 59.0 59.0 
60.0 59.0 59.0 62.0 
61.0 59.0 57.0 62.0 
115.0 72.0 68.0 69.0 
58.0 58.0 62.0 61.0 
61.0 56.0 61.0 59.0 
57.0 63.0 58.0 62.0 
110.0 77.0 66.0 72.0 
61.0 55.0 62.0 57.0 
61.0 60.0 60.0 62.0 
60.0 57.0 62.0 59.0 
112.0 76.0 65.0 72.0 
60.0 57.0 60.0 57.0 
56.0 61.0 58.0 63.0 
59.0 60.0 60.0 61.0 
117.0 75.0 67.0 70.0 
62.0 56.0 61.0 56.0 
59.0 60.0 59.0 62.0 
62.0 57.0 62.0 58.0 
115.0 77.0 66.0 71.0 
60.0 59.0 57.0 61.0 
56.0 60.0 61.0 58.0 
55.0 62.0 58.0 61.0 
118.0 74.0 70.0 67.0 
58.0 58.0 59.0 58.0 
61.0 58.0 60.0 61.0 
59.0 59.0 62.0 57.0 
113.0 77.0 66.0 72.0 
62.0 57.0 60.0 58.0 
62.0 58.0 60.0 61.0 
58.0 60.0 61.0 60.0 
118.0 74.0 69.0 68.0 
56.0 61.0 58.0 60.0 
62.0 56.0 61.0 58.0 
60.0 59.0 61.0 58.0 
120.0 72.0 71.0 69.0 
59.0 57.0 61.0 61.0 
62.0 56.0 62.0 58.0 
56.0 62.0 59.0 60.0 
114.0 76.0 68.0 68.0 
56.0 60.0 58.0 59.0 
61.0 59.0 59.0 64.0 
63.0 57.0 62.0 60.0 
118.0 75.0 69.0 67.0 
56.0 60.0 58.0 59.0 
57.0 60.0 60.0 60.0 
61.0 59.0 60.0 61.0 
120.0 73.0 70.0 68.0 
56.0 59.0 59.0 59.0 
55.0 61.0 58.0 61.0 
62.0 57.0 63.0 57.0 
122.0 73.0 70.0 67.0 
58.0 59.0 59.0 59.0 
60.0 59.0 60.0 61.0 
62.0 58.0 62.0 59.0 
119.0 78.0 66.0 72.0 
58.0 58.0 59.0 60.0 
59.0 55.0 61.0 60.0 
61.0 57.0 61.0 64.0 
118.0 75.0 70.0 67.0 
56.0 59.0 59.0 56.0 
58.0 59.0 63.0 57.0 
56.0 62.0 57.0 62.0 
119.0 75.0 71.0 67.0 
56.0 61.0 57.0 61.0 
57.0 62.0 58.0 63.0 
61.0 57.0 63.0 59.0 
119.0 78.0 66.0 72.0 
62.0 56.0 61.0 63.0 
59.0 58.0 60.0 60.0 
62.0 59.0 62.0 60.0 
116.0 73.0 71.0 67.0 
60.0 57.0 61.0 57.0 
58.0 60.0 59.0 63.0 
62.0 57.0 63.0 58.0 
115.0 74.0 68.0 67.0 
55.0 60.0 59.0 57.0 
60.0 57.0 57.0 63.0 
62.0 58.0 61.0 61.0 
114.0 75.0 67.0 73.0 
60.0 55.0 62.0 56.0 
57.0 59.0 60.0 58.0 
57.0 63.0 58.0 61.0 
116.0 74.0 68.0 69.0 
61.0 58.0 59.0 60.0 
61.0 57.0 61.0 59.0 
56.0 62.0 57.0 63.0 
116.0 73.0 69.0 67.0 
59.0 59.0 58.0 60.0 
61.0 57.0 63.0 58.0 
58.0 59.0 60.0 60.0 
117.0 72.0 70.0 67.0 
60.0 57.0 60.0 59.0 
61.0 56.0 62.0 60.0 
58.0 59.0 62.0 58.0 
111.0 76.0 68.0 67.0 
55.0 60.0 58.0 59.0 
58.0 60.0 59.0 59.0 
59.0 60.0 60.0 63.0 
116.0 74.0 66.0 71.0 
60.0 55.0 61.0 62.0 
59.0 57.0 61.0 60.0 
60.0 59.0 60.0 63.0 
118.0 72.0 70.0 68.0 
58.0 58.0 59.0 59.0 
57.0 61.0 59.0 61.0 
57.0 62.0 58.0 63.0 
115.0 76.0 67.0 71.0 
61.0 56.0 60.0 58.0 
55.0 61.0 58.0 62.0 
61.0 57.0 62.0 58.0 
117.0 75.0 66.0 72.0 
61.0 56.0 59.0 61.0 
58.0 61.0 60.0 59.0 
57.0 62.0 59.0 60.0 
121.0 72.0 70.0 68.0 
55.0 61.0 58.0 62.0 
57.0 59.0 58.0 64.0 
62.0 57.0 61.0 59.0 
115.0 77.0 66.0 71.0 
60.0 58.0 59.0 63.0 
60.0 57.0 62.0 57.0 
57.0 62.0 59.0 62.0 
112.0 77.0 66.0 72.0 
58.0 58.0 59.0 60.0 
57.0 59.0 59.0 59.0 
55.0 61.0 60.0 60.0 
114.0 76.0 66.0 72.0 
58.0 59.0 58.0 61.0 
57.0 61.0 58.0 64.0 
60.0 57.0 62.0 59.0 
118.0 73.0 69.0 69.0 
58.0 56.0 59.0 61.0 
60.0 58.0 59.0 63.0 
63.0 59.0 60.0 62.0 
119.0 74.0 69.0 69.0 
56.0 60.0 58.0 59.0 
61.0 58.0 61.0 60.0 
56.0 61.0 60.0 63.0 
115.0 76.0 66.0 73.0 
58.0 58.0 61.0 58.0 
56.0 60.0 59.0 61.0 
61.0 58.0 62.0 59.0 
118.0 74.0 67.0 70.0 
60.0 57.0 60.0 58.0 
57.0 61.0 58.0 62.0 
58.0 59.0 60.0 61.0 
118.0 75.0 68.0 70.0 
61.0 57.0 60.0 57.0 
61.0 57.0 61.0 61.0 
60.0 57.0 59.0 63.0 
119.0 75.0 67.0 71.0 
54.0 59.0 60.0 59.0 
58.0 62.0 59.0 61.0 
61.0 58.0 61.0 59.0 
118.0 75.0 68.0 71.0 
58.0 56.0 61.0 57.0 
59.0 59.0 60.0 59.0 
58.0 60.0 59.0 62.0 
117.0 74.0 68.0 70.0 
58.0 58.0 58.0 63.0 
60.0 57.0 61.0 59.0 
57.0 62.0 59.0 61.0 
116.0 78.0 66.0 72.0 
56.0 59.0 58.0 57.0 
58.0 57.0 61.0 59.0 
56.0 62.0 58.0 62.0 
117.0 74.0 69.0 67.0 
55.0 60.0 60.0 56.0 
58.0 62.0 59.0 60.0 
60.0 60.0 61.0 62.0 
118.0 74.0 68.0 69.0 
58.0 59.0 59.0 59.0 
57.0 60.0 59.0 61.0 
62.0 56.0 63.0 58.0 
118.0 72.0 70.0 67.0 
59.0 59.0 58.0 61.0 
60.0 58.0 60.0 60.0 
57.0 61.0 59.0 61.0 
118.0 73.0 69.0 69.0 
56.0 61.0 58.0 61.0 
60.0 57.0 62.0 58.0 
60.0 58.0 61.0 58.0 
116.0 74.0 70.0 67.0 
57.0 60.0 58.0 62.0 
62.0 57.0 61.0 60.0 
58.0 60.0 63.0 59.0 
119.0 72.0 69.0 67.0 
58.0 59.0 63.0 56.0 
60.0 58.0 63.0 58.0 
58.0 62.0 58.0 63.0 
116.0 75.0 66.0 72.0 
62.0 56.0 61.0 57.0 
58.0 59.0 61.0 60.0 
60.0 59.0 60.0 61.0 
120.0 72.0 71.0 67.0 
58.0 59.0 57.0 59.0 
60.0 57.0 62.0 58.0 
57.0 61.0 60.0 61.0 
117.0 73.0 71.0 67.0 
59.0 58.0 60.0 58.0 
60.0 59.0 61.0 60.0 
57.0 63.0 57.0 62.0 
115.0 77.0 66.0 72.0 
61.0 57.0 60.0 60.0 
58.0 61.0 59.0 58.0 
56.0 61.0 60.0 59.0 
119.0 76.0 71.0 68.0 
55.0 61.0 57.0 62.0 
59.0 59.0 60.0 64.0 
62.0 57.0 61.0 60.0 
117.0 76.0 68.0 71.0 
61.0 55.0 60.0 60.0 
60.0 61.0 60.0 62.0 
62.0 58.0 61.0 59.0 
116.0 75.0 68.0 69.0 
62.0 56.0 61.0 57.0 
58.0 59.0 63.0 58.0 
58.0 60.0 59.0 60.0 
119.0 74.0 68.0 69.0 
60.0 58.0 60.0 59.0 
62.0 57.0 61.0 59.0 
58.0 60.0 61.0 57.0 
119.0 73.0 70.0 69.0 
60.0 55.0 60.0 59.0 
59.0 59.0 59.0 63.0 
62.0 59.0 60.0 60.0 
117.0 75.0 68.0 71.0 
59.0 58.0 58.0 58.0 
57.0 62.0 58.0 63.0 
61.0 57.0 62.0 58.0 
114.0 76.0 68.0 70.0 
59.0 59.0 58.0 61.0 
