83.0 58.0 72.0 73.0 
59.0 57.0 61.0 61.0 
60.0 58.0 61.0 61.0 
59.0 59.0 58.0 60.0 
83.0 58.0 73.0 73.0 
58.0 57.0 60.0 61.0 
60.0 58.0 60.0 61.0 
58.0 58.0 60.0 60.0 
85.0 59.0 72.0 73.0 
59.0 57.0 58.0 61.0 
60.0 58.0 62.0 62.0 
59.0 59.0 59.0 59.0 
84.0 58.0 74.0 74.0 
59.0 57.0 60.0 60.0 
60.0 58.0 61.0 62.0 
60.0 59.0 59.0 60.0 
83.0 58.0 74.0 74.0 
59.0 58.0 59.0 61.0 
60.0 58.0 61.0 63.0 
59.0 59.0 59.0 60.0 
84.0 58.0 73.0 74.0 
60.0 57.0 60.0 61.0 
60.0 58.0 62.0 63.0 
60.0 59.0 60.0 60.0 
83.0 58.0 73.0 75.0 
60.0 58.0 60.0 61.0 
60.0 58.0 61.0 62.0 
60.0 58.0 59.0 60.0 
84.0 59.0 73.0 74.0 
60.0 58.0 60.0 61.0 
60.0 59.0 61.0 62.0 
60.0 59.0 60.0 60.0 
83.0 58.0 74.0 74.0 
60.0 58.0 60.0 62.0 
60.0 58.0 60.0 62.0 
60.0 59.0 59.0 60.0 
84.0 59.0 73.0 75.0 
60.0 57.0 60.0 61.0 
61.0 58.0 61.0 63.0 
60.0 58.0 60.0 60.0 
84.0 58.0 73.0 74.0 
59.0 58.0 60.0 61.0 
60.0 59.0 60.0 63.0 
60.0 59.0 62.0 60.0 
83.0 59.0 72.0 74.0 
60.0 56.0 60.0 60.0 
60.0 58.0 60.0 62.0 
60.0 58.0 58.0 60.0 
83.0 59.0 74.0 74.0 
60.0 58.0 60.0 61.0 
59.0 59.0 60.0 62.0 
60.0 59.0 60.0 60.0 
83.0 59.0 73.0 75.0 
60.0 58.0 60.0 61.0 
59.0 59.0 60.0 62.0 
60.0 59.0 60.0 60.0 
83.0 58.0 73.0 74.0 
60.0 57.0 61.0 61.0 
60.0 58.0 60.0 62.0 
59.0 59.0 61.0 61.0 
83.0 60.0 75.0 74.0 
60.0 58.0 59.0 60.0 
61.0 59.0 60.0 61.0 
61.0 58.0 60.0 60.0 
83.0 58.0 73.0 74.0 
59.0 58.0 59.0 60.0 
60.0 58.0 60.0 63.0 
59.0 58.0 59.0 60.0 
83.0 59.0 73.0 74.0 
59.0 58.0 60.0 62.0 
59.0 58.0 60.0 62.0 
60.0 59.0 59.0 60.0 
83.0 59.0 73.0 74.0 
60.0 58.0 60.0 61.0 
60.0 59.0 60.0 62.0 
60.0 59.0 60.0 61.0 
83.0 58.0 74.0 74.0 
60.0 58.0 60.0 62.0 
61.0 59.0 60.0 62.0 
60.0 58.0 59.0 60.0 
82.0 59.0 73.0 73.0 
59.0 57.0 60.0 60.0 
61.0 58.0 60.0 62.0 
60.0 57.0 59.0 61.0 
82.0 59.0 73.0 74.0 
59.0 58.0 60.0 61.0 
60.0 58.0 61.0 62.0 
59.0 59.0 59.0 60.0 
83.0 59.0 73.0 73.0 
61.0 58.0 61.0 61.0 
61.0 58.0 61.0 61.0 
59.0 58.0 61.0 61.0 
83.0 59.0 73.0 73.0 
60.0 57.0 61.0 61.0 
60.0 58.0 60.0 62.0 
60.0 59.0 59.0 61.0 
84.0 59.0 74.0 73.0 
60.0 59.0 60.0 62.0 
60.0 59.0 61.0 62.0 
60.0 59.0 59.0 60.0 
83.0 59.0 73.0 74.0 
60.0 57.0 61.0 61.0 
60.0 58.0 60.0 62.0 
61.0 59.0 59.0 61.0 
83.0 58.0 73.0 74.0 
59.0 58.0 60.0 60.0 
61.0 59.0 60.0 62.0 
60.0 59.0 59.0 61.0 
83.0 58.0 73.0 74.0 
60.0 58.0 60.0 60.0 
60.0 58.0 60.0 62.0 
60.0 59.0 60.0 60.0 
83.0 60.0 74.0 74.0 
59.0 58.0 61.0 60.0 
60.0 58.0 61.0 62.0 
59.0 59.0 61.0 61.0 
84.0 59.0 73.0 74.0 
59.0 58.0 60.0 61.0 
61.0 59.0 61.0 62.0 
60.0 59.0 60.0 60.0 
82.0 60.0 74.0 74.0 
60.0 58.0 60.0 62.0 
60.0 58.0 60.0 62.0 
59.0 59.0 61.0 60.0 
84.0 59.0 73.0 74.0 
59.0 58.0 61.0 61.0 
60.0 58.0 60.0 62.0 
61.0 59.0 59.0 61.0 
84.0 59.0 73.0 74.0 
60.0 58.0 60.0 62.0 
60.0 58.0 60.0 62.0 
60.0 59.0 60.0 61.0 
84.0 59.0 74.0 74.0 
60.0 58.0 60.0 61.0 
59.0 58.0 60.0 62.0 
61.0 59.0 60.0 59.0 
83.0 58.0 73.0 74.0 
59.0 57.0 60.0 60.0 
60.0 59.0 60.0 63.0 
60.0 59.0 60.0 61.0 
84.0 59.0 73.0 72.0 
60.0 58.0 60.0 61.0 
60.0 58.0 60.0 62.0 
59.0 58.0 60.0 61.0 
83.0 59.0 73.0 74.0 
60.0 58.0 60.0 61.0 
60.0 59.0 61.0 62.0 
60.0 59.0 60.0 61.0 
83.0 60.0 74.0 74.0 
59.0 58.0 61.0 62.0 
60.0 59.0 60.0 62.0 
59.0 58.0 60.0 61.0 
84.0 58.0 73.0 73.0 
60.0 58.0 61.0 61.0 
60.0 59.0 61.0 62.0 
60.0 59.0 60.0 61.0 
82.0 59.0 73.0 74.0 
60.0 58.0 60.0 62.0 
60.0 59.0 60.0 62.0 
60.0 59.0 59.0 61.0 
83.0 58.0 74.0 73.0 
60.0 58.0 60.0 61.0 
61.0 58.0 61.0 62.0 
60.0 59.0 60.0 61.0 
84.0 58.0 73.0 75.0 
59.0 58.0 60.0 62.0 
61.0 58.0 61.0 62.0 
60.0 59.0 59.0 61.0 
84.0 58.0 73.0 74.0 
60.0 59.0 62.0 61.0 
60.0 59.0 60.0 62.0 
61.0 59.0 59.0 60.0 
84.0 59.0 74.0 74.0 
60.0 58.0 61.0 62.0 
60.0 59.0 61.0 62.0 
60.0 59.0 60.0 60.0 
85.0 55.0 73.0 74.0 
60.0 58.0 61.0 61.0 
60.0 59.0 62.0 62.0 
60.0 59.0 60.0 61.0 
84.0 58.0 74.0 74.0 
59.0 58.0 60.0 61.0 
60.0 59.0 61.0 62.0 
60.0 59.0 59.0 61.0 
84.0 58.0 74.0 74.0 
60.0 57.0 60.0 61.0 
59.0 59.0 61.0 62.0 
60.0 59.0 61.0 60.0 
84.0 58.0 74.0 74.0 
61.0 58.0 61.0 60.0 
60.0 58.0 60.0 62.0 
61.0 58.0 61.0 59.0 
84.0 58.0 73.0 75.0 
59.0 59.0 60.0 62.0 
60.0 58.0 62.0 62.0 
61.0 59.0 60.0 60.0 
84.0 59.0 74.0 74.0 
59.0 58.0 60.0 61.0 
60.0 58.0 62.0 63.0 
60.0 59.0 60.0 60.0 
83.0 59.0 73.0 74.0 
60.0 57.0 62.0 61.0 
60.0 60.0 60.0 62.0 
60.0 58.0 60.0 60.0 
85.0 58.0 73.0 75.0 
59.0 58.0 61.0 61.0 
60.0 58.0 61.0 62.0 
60.0 58.0 60.0 61.0 
85.0 59.0 74.0 75.0 
59.0 58.0 61.0 61.0 
60.0 59.0 61.0 62.0 
60.0 60.0 60.0 61.0 
84.0 58.0 74.0 75.0 
60.0 58.0 60.0 61.0 
60.0 59.0 60.0 62.0 
61.0 59.0 60.0 61.0 
85.0 59.0 74.0 74.0 
60.0 58.0 60.0 61.0 
61.0 58.0 61.0 63.0 
60.0 57.0 60.0 61.0 
84.0 59.0 73.0 74.0 
60.0 58.0 61.0 61.0 
61.0 58.0 61.0 62.0 
60.0 58.0 61.0 61.0 
84.0 59.0 74.0 75.0 
59.0 58.0 60.0 61.0 
60.0 59.0 61.0 63.0 
61.0 59.0 60.0 61.0 
84.0 58.0 74.0 74.0 
60.0 58.0 61.0 62.0 
61.0 57.0 62.0 62.0 
60.0 60.0 59.0 61.0 
83.0 58.0 74.0 74.0 
60.0 58.0 61.0 62.0 
60.0 59.0 60.0 62.0 
60.0 60.0 61.0 61.0 
84.0 58.0 74.0 74.0 
60.0 58.0 61.0 62.0 
60.0 59.0 61.0 62.0 
60.0 60.0 60.0 61.0 
85.0 59.0 74.0 75.0 
60.0 59.0 60.0 62.0 
60.0 59.0 61.0 62.0 
60.0 59.0 60.0 61.0 
85.0 58.0 74.0 75.0 
60.0 58.0 61.0 62.0 
60.0 59.0 61.0 62.0 
60.0 59.0 60.0 61.0 
84.0 59.0 75.0 75.0 
60.0 57.0 61.0 61.0 
60.0 58.0 62.0 63.0 
60.0 60.0 60.0 60.0 
84.0 59.0 74.0 75.0 
60.0 58.0 60.0 60.0 
61.0 60.0 61.0 62.0 
61.0 59.0 60.0 61.0 
85.0 58.0 74.0 75.0 
60.0 58.0 60.0 62.0 
60.0 59.0 61.0 62.0 
61.0 59.0 61.0 61.0 
85.0 59.0 74.0 75.0 
60.0 58.0 61.0 62.0 
60.0 59.0 61.0 63.0 
60.0 60.0 60.0 61.0 
85.0 58.0 74.0 76.0 
60.0 58.0 60.0 61.0 
62.0 58.0 61.0 62.0 
60.0 59.0 60.0 61.0 
85.0 59.0 74.0 75.0 
60.0 58.0 60.0 61.0 
60.0 58.0 61.0 62.0 
60.0 60.0 59.0 61.0 
84.0 59.0 74.0 75.0 
60.0 58.0 60.0 62.0 
61.0 58.0 60.0 63.0 
61.0 59.0 61.0 61.0 
85.0 59.0 73.0 75.0 
60.0 58.0 61.0 61.0 
60.0 59.0 61.0 62.0 
60.0 59.0 61.0 61.0 
85.0 59.0 73.0 75.0 
61.0 58.0 60.0 61.0 
60.0 59.0 61.0 62.0 
60.0 60.0 60.0 61.0 
84.0 59.0 74.0 75.0 
59.0 58.0 61.0 62.0 
60.0 59.0 61.0 62.0 
60.0 58.0 60.0 60.0 
84.0 59.0 74.0 75.0 
60.0 57.0 61.0 62.0 
61.0 58.0 61.0 62.0 
60.0 59.0 60.0 61.0 
85.0 59.0 75.0 75.0 
60.0 57.0 61.0 62.0 
61.0 58.0 61.0 63.0 
60.0 60.0 60.0 61.0 
84.0 59.0 74.0 75.0 
59.0 59.0 61.0 62.0 
60.0 61.0 61.0 62.0 
60.0 60.0 59.0 61.0 
84.0 58.0 74.0 76.0 
60.0 58.0 60.0 62.0 
61.0 58.0 61.0 63.0 
60.0 60.0 60.0 61.0 
84.0 58.0 75.0 74.0 
60.0 59.0 61.0 62.0 
60.0 59.0 61.0 63.0 
61.0 59.0 59.0 61.0 
84.0 58.0 74.0 75.0 
60.0 58.0 61.0 62.0 
60.0 59.0 61.0 63.0 
60.0 59.0 60.0 61.0 
84.0 60.0 74.0 76.0 
60.0 59.0 60.0 62.0 
61.0 58.0 62.0 62.0 
60.0 60.0 60.0 61.0 
84.0 59.0 74.0 74.0 
60.0 58.0 61.0 61.0 
60.0 58.0 60.0 62.0 
60.0 59.0 60.0 61.0 
85.0 60.0 74.0 75.0 
60.0 58.0 60.0 62.0 
60.0 58.0 62.0 63.0 
60.0 59.0 60.0 60.0 
85.0 59.0 74.0 76.0 
60.0 58.0 61.0 62.0 
60.0 59.0 61.0 62.0 
60.0 59.0 60.0 61.0 
84.0 59.0 73.0 75.0 
61.0 58.0 62.0 62.0 
60.0 60.0 60.0 62.0 
61.0 58.0 60.0 61.0 
85.0 59.0 74.0 75.0 
60.0 58.0 62.0 62.0 
61.0 59.0 61.0 62.0 
61.0 59.0 59.0 61.0 
85.0 59.0 74.0 75.0 
60.0 58.0 61.0 62.0 
60.0 59.0 60.0 62.0 
61.0 59.0 60.0 61.0 
84.0 59.0 74.0 74.0 
60.0 58.0 61.0 62.0 
61.0 59.0 63.0 62.0 
60.0 60.0 60.0 61.0 
85.0 58.0 74.0 75.0 
60.0 58.0 61.0 62.0 
60.0 59.0 61.0 62.0 
61.0 59.0 60.0 61.0 
84.0 59.0 74.0 75.0 
59.0 58.0 60.0 62.0 
60.0 58.0 61.0 63.0 
61.0 59.0 61.0 61.0 
85.0 60.0 74.0 75.0 
60.0 58.0 60.0 61.0 
62.0 59.0 62.0 62.0 
60.0 60.0 60.0 60.0 
84.0 58.0 74.0 76.0 
60.0 58.0 60.0 61.0 
61.0 58.0 61.0 63.0 
61.0 60.0 61.0 61.0 
85.0 58.0 75.0 75.0 
60.0 58.0 60.0 61.0 
60.0 60.0 61.0 63.0 
61.0 59.0 61.0 61.0 
85.0 59.0 75.0 76.0 
60.0 58.0 61.0 62.0 
61.0 59.0 61.0 62.0 
60.0 60.0 61.0 61.0 
84.0 59.0 74.0 76.0 
60.0 59.0 60.0 62.0 
61.0 59.0 62.0 63.0 
60.0 59.0 62.0 61.0 
85.0 59.0 75.0 77.0 
60.0 58.0 60.0 63.0 
60.0 59.0 62.0 62.0 
61.0 59.0 60.0 61.0 
84.0 59.0 74.0 77.0 
60.0 59.0 61.0 61.0 
60.0 59.0 61.0 63.0 
60.0 60.0 60.0 61.0 
84.0 60.0 74.0 77.0 
60.0 58.0 61.0 63.0 
61.0 59.0 61.0 63.0 
60.0 60.0 61.0 62.0 
85.0 59.0 74.0 75.0 
60.0 58.0 61.0 62.0 
60.0 58.0 62.0 63.0 
61.0 59.0 60.0 61.0 
84.0 60.0 74.0 76.0 
61.0 58.0 61.0 63.0 
60.0 59.0 61.0 64.0 
61.0 59.0 61.0 61.0 
84.0 60.0 73.0 77.0 
61.0 58.0 63.0 62.0 
61.0 61.0 60.0 62.0 
61.0 59.0 60.0 61.0 
84.0 59.0 75.0 76.0 
61.0 58.0 62.0 62.0 
60.0 60.0 61.0 62.0 
60.0 59.0 60.0 61.0 
84.0 60.0 74.0 76.0 
61.0 58.0 62.0 62.0 
61.0 58.0 61.0 62.0 
60.0 60.0 60.0 61.0 
85.0 59.0 75.0 76.0 
60.0 58.0 62.0 63.0 
60.0 59.0 62.0 63.0 
61.0 59.0 60.0 61.0 
85.0 60.0 74.0 76.0 
60.0 59.0 62.0 63.0 
61.0 59.0 61.0 63.0 
61.0 59.0 60.0 61.0 
85.0 59.0 76.0 76.0 
60.0 58.0 61.0 63.0 
60.0 59.0 62.0 62.0 
61.0 59.0 60.0 61.0 
84.0 59.0 75.0 75.0 
60.0 58.0 61.0 61.0 
61.0 58.0 62.0 63.0 
60.0 59.0 60.0 61.0 
84.0 60.0 74.0 75.0 
60.0 58.0 61.0 62.0 
61.0 58.0 60.0 63.0 
61.0 59.0 60.0 62.0 
84.0 60.0 75.0 75.0 
60.0 58.0 60.0 62.0 
61.0 60.0 61.0 63.0 
61.0 61.0 61.0 61.0 
84.0 59.0 74.0 76.0 
61.0 59.0 61.0 63.0 
61.0 59.0 61.0 62.0 
60.0 60.0 60.0 61.0 
84.0 59.0 75.0 76.0 
60.0 59.0 61.0 62.0 
60.0 59.0 62.0 62.0 
61.0 60.0 60.0 61.0 
85.0 59.0 74.0 76.0 
61.0 59.0 60.0 62.0 
61.0 59.0 61.0 62.0 
61.0 60.0 60.0 61.0 
84.0 60.0 75.0 76.0 
60.0 58.0 61.0 62.0 
60.0 59.0 63.0 62.0 
61.0 60.0 60.0 61.0 
84.0 60.0 74.0 76.0 
60.0 58.0 62.0 62.0 
61.0 60.0 62.0 63.0 
61.0 59.0 61.0 60.0 
84.0 60.0 74.0 76.0 
60.0 59.0 61.0 62.0 
61.0 58.0 59.0 63.0 
60.0 59.0 61.0 61.0 
85.0 59.0 75.0 76.0 
60.0 58.0 61.0 62.0 
61.0 59.0 62.0 63.0 
61.0 59.0 62.0 61.0 
85.0 59.0 75.0 76.0 
60.0 58.0 61.0 62.0 
61.0 60.0 61.0 63.0 
60.0 60.0 61.0 61.0 
85.0 59.0 74.0 76.0 
61.0 58.0 62.0 63.0 
59.0 59.0 63.0 62.0 
60.0 60.0 60.0 61.0 
85.0 59.0 74.0 76.0 
61.0 58.0 61.0 62.0 
61.0 59.0 61.0 62.0 
60.0 59.0 60.0 61.0 
85.0 60.0 74.0 76.0 
61.0 58.0 62.0 62.0 
61.0 59.0 62.0 63.0 
61.0 59.0 61.0 61.0 
84.0 59.0 75.0 76.0 
60.0 59.0 61.0 62.0 
61.0 59.0 61.0 63.0 
60.0 60.0 60.0 60.0 
85.0 58.0 75.0 77.0 
60.0 59.0 61.0 62.0 
61.0 59.0 61.0 62.0 
61.0 59.0 61.0 61.0 
84.0 59.0 75.0 76.0 
60.0 59.0 61.0 62.0 
62.0 59.0 62.0 63.0 
60.0 60.0 59.0 61.0 
83.0 59.0 74.0 76.0 
61.0 58.0 62.0 62.0 
61.0 58.0 61.0 63.0 
60.0 60.0 61.0 61.0 
84.0 59.0 74.0 76.0 
60.0 59.0 61.0 62.0 
61.0 59.0 62.0 63.0 
60.0 59.0 60.0 61.0 
83.0 59.0 74.0 76.0 
61.0 58.0 62.0 62.0 
61.0 59.0 61.0 63.0 
60.0 60.0 60.0 61.0 
84.0 58.0 75.0 76.0 
61.0 59.0 61.0 62.0 
61.0 59.0 63.0 62.0 
60.0 60.0 60.0 60.0 
84.0 60.0 75.0 76.0 
60.0 58.0 62.0 63.0 
62.0 59.0 62.0 63.0 
60.0 58.0 60.0 62.0 
83.0 59.0 74.0 77.0 
60.0 59.0 61.0 63.0 
62.0 56.0 61.0 62.0 
60.0 59.0 60.0 61.0 
83.0 59.0 74.0 76.0 
60.0 59.0 61.0 63.0 
60.0 59.0 61.0 62.0 
60.0 60.0 60.0 61.0 
83.0 59.0 74.0 76.0 
60.0 59.0 62.0 62.0 
60.0 60.0 61.0 63.0 
61.0 60.0 59.0 61.0 
83.0 59.0 74.0 76.0 
61.0 58.0 62.0 62.0 
61.0 59.0 61.0 62.0 
61.0 59.0 60.0 61.0 
83.0 59.0 74.0 76.0 
61.0 58.0 62.0 62.0 
62.0 59.0 61.0 63.0 
61.0 59.0 60.0 61.0 
83.0 59.0 75.0 75.0 
60.0 60.0 61.0 62.0 
61.0 59.0 61.0 61.0 
59.0 60.0 60.0 61.0 
84.0 60.0 74.0 76.0 
61.0 58.0 62.0 63.0 
61.0 59.0 62.0 63.0 
61.0 60.0 61.0 61.0 
83.0 59.0 75.0 76.0 
60.0 59.0 62.0 63.0 
61.0 59.0 62.0 63.0 
61.0 59.0 60.0 61.0 
84.0 59.0 75.0 76.0 
61.0 58.0 61.0 62.0 
61.0 58.0 63.0 63.0 
60.0 60.0 60.0 60.0 
83.0 59.0 73.0 76.0 
61.0 58.0 62.0 63.0 
61.0 59.0 61.0 63.0 
60.0 60.0 60.0 61.0 
83.0 59.0 74.0 76.0 
60.0 59.0 62.0 63.0 
62.0 58.0 61.0 63.0 
61.0 59.0 60.0 61.0 
83.0 60.0 74.0 76.0 
60.0 58.0 61.0 63.0 
62.0 59.0 62.0 62.0 
60.0 60.0 61.0 60.0 
83.0 60.0 74.0 76.0 
61.0 58.0 61.0 63.0 
62.0 59.0 61.0 62.0 
61.0 60.0 61.0 61.0 
83.0 60.0 74.0 76.0 
62.0 58.0 60.0 63.0 
62.0 59.0 61.0 63.0 
60.0 60.0 60.0 62.0 
83.0 59.0 73.0 76.0 
60.0 59.0 62.0 63.0 
60.0 59.0 61.0 64.0 
60.0 60.0 61.0 60.0 
83.0 59.0 74.0 75.0 
60.0 59.0 61.0 63.0 
61.0 60.0 61.0 63.0 
61.0 59.0 60.0 61.0 
83.0 59.0 75.0 77.0 
61.0 59.0 61.0 63.0 
61.0 60.0 62.0 63.0 
60.0 60.0 61.0 61.0 
83.0 59.0 75.0 77.0 
61.0 60.0 60.0 63.0 
61.0 59.0 61.0 63.0 
61.0 60.0 60.0 60.0 
83.0 59.0 75.0 76.0 
60.0 59.0 60.0 62.0 
61.0 60.0 61.0 63.0 
61.0 59.0 59.0 61.0 
82.0 58.0 74.0 76.0 
61.0 58.0 61.0 63.0 
60.0 59.0 61.0 63.0 
60.0 60.0 60.0 61.0 
84.0 60.0 74.0 77.0 
61.0 59.0 61.0 63.0 
62.0 61.0 61.0 62.0 
60.0 60.0 60.0 62.0 
83.0 59.0 74.0 76.0 
60.0 60.0 62.0 63.0 
61.0 59.0 61.0 63.0 
60.0 60.0 60.0 61.0 
82.0 60.0 74.0 76.0 
61.0 60.0 62.0 63.0 
61.0 59.0 61.0 63.0 
60.0 60.0 60.0 61.0 
84.0 59.0 75.0 77.0 
60.0 59.0 61.0 62.0 
61.0 60.0 62.0 63.0 
60.0 60.0 60.0 61.0 
82.0 60.0 74.0 77.0 
60.0 59.0 62.0 62.0 
60.0 59.0 62.0 63.0 
60.0 60.0 61.0 61.0 
82.0 59.0 74.0 77.0 
61.0 58.0 61.0 62.0 
61.0 59.0 61.0 63.0 
60.0 60.0 60.0 62.0 
82.0 60.0 74.0 76.0 
61.0 58.0 62.0 63.0 
61.0 59.0 61.0 62.0 
60.0 60.0 61.0 62.0 
83.0 60.0 74.0 76.0 
60.0 59.0 63.0 63.0 
61.0 59.0 60.0 62.0 
60.0 60.0 61.0 61.0 
82.0 61.0 75.0 77.0 
62.0 58.0 61.0 62.0 
60.0 59.0 61.0 62.0 
60.0 60.0 61.0 61.0 
83.0 59.0 75.0 77.0 
62.0 59.0 62.0 63.0 
61.0 59.0 61.0 63.0 
61.0 60.0 60.0 61.0 
81.0 60.0 75.0 77.0 
61.0 59.0 62.0 63.0 
61.0 59.0 60.0 62.0 
60.0 60.0 61.0 61.0 
81.0 59.0 74.0 77.0 
62.0 58.0 63.0 64.0 
61.0 59.0 60.0 63.0 
61.0 60.0 60.0 61.0 
83.0 60.0 74.0 76.0 
61.0 59.0 62.0 63.0 
61.0 59.0 60.0 63.0 
60.0 60.0 60.0 59.0 
81.0 59.0 73.0 76.0 
62.0 59.0 60.0 64.0 
60.0 59.0 62.0 62.0 
61.0 60.0 61.0 61.0 
83.0 59.0 74.0 75.0 
62.0 59.0 64.0 66.0 
62.0 60.0 60.0 62.0 
60.0 60.0 60.0 62.0 
82.0 60.0 74.0 75.0 
64.0 59.0 65.0 67.0 
61.0 60.0 60.0 62.0 
62.0 60.0 61.0 61.0 
81.0 60.0 73.0 75.0 
63.0 58.0 65.0 67.0 
61.0 60.0 61.0 62.0 
60.0 60.0 60.0 61.0 
83.0 60.0 73.0 74.0 
63.0 59.0 66.0 67.0 
60.0 60.0 61.0 62.0 
60.0 60.0 61.0 61.0 
83.0 60.0 73.0 74.0 
64.0 58.0 65.0 69.0 
61.0 59.0 60.0 61.0 
60.0 60.0 61.0 61.0 
82.0 59.0 73.0 75.0 
63.0 60.0 65.0 68.0 
61.0 60.0 60.0 62.0 
61.0 60.0 60.0 61.0 
84.0 60.0 73.0 74.0 
63.0 58.0 65.0 68.0 
60.0 60.0 62.0 61.0 
59.0 60.0 61.0 61.0 
82.0 59.0 73.0 75.0 
64.0 59.0 65.0 67.0 
61.0 60.0 60.0 62.0 
60.0 60.0 60.0 61.0 
81.0 60.0 73.0 76.0 
64.0 60.0 66.0 69.0 
61.0 59.0 61.0 62.0 
60.0 60.0 60.0 61.0 
83.0 59.0 72.0 74.0 
64.0 60.0 65.0 69.0 
60.0 59.0 61.0 62.0 
60.0 60.0 60.0 60.0 
82.0 58.0 73.0 75.0 
64.0 58.0 66.0 68.0 
62.0 60.0 61.0 62.0 
60.0 59.0 60.0 61.0 
84.0 59.0 73.0 75.0 
64.0 58.0 66.0 68.0 
61.0 59.0 61.0 63.0 
60.0 60.0 60.0 60.0 
83.0 60.0 72.0 75.0 
64.0 59.0 66.0 68.0 
61.0 59.0 61.0 62.0 
60.0 60.0 60.0 62.0 
82.0 60.0 72.0 74.0 
63.0 58.0 65.0 68.0 
60.0 59.0 61.0 62.0 
61.0 60.0 61.0 62.0 
82.0 59.0 73.0 73.0 
63.0 60.0 66.0 68.0 
60.0 61.0 60.0 62.0 
62.0 60.0 61.0 62.0 
84.0 59.0 74.0 73.0 
63.0 59.0 66.0 68.0 
61.0 59.0 62.0 63.0 
62.0 60.0 60.0 61.0 
82.0 60.0 73.0 75.0 
64.0 59.0 66.0 68.0 
60.0 59.0 60.0 62.0 
60.0 61.0 61.0 62.0 
83.0 59.0 73.0 73.0 
64.0 59.0 66.0 68.0 
61.0 57.0 61.0 63.0 
60.0 60.0 60.0 61.0 
83.0 60.0 74.0 74.0 
64.0 58.0 66.0 67.0 
61.0 60.0 61.0 62.0 
60.0 60.0 61.0 61.0 
85.0 59.0 74.0 74.0 
63.0 59.0 65.0 68.0 
62.0 59.0 61.0 63.0 
60.0 60.0 60.0 62.0 
83.0 59.0 73.0 74.0 
63.0 59.0 66.0 67.0 
61.0 60.0 61.0 63.0 
62.0 60.0 61.0 60.0 
83.0 59.0 74.0 75.0 
63.0 59.0 66.0 67.0 
60.0 59.0 61.0 63.0 
61.0 60.0 60.0 61.0 
82.0 60.0 73.0 75.0 
64.0 59.0 65.0 68.0 
61.0 60.0 61.0 62.0 
61.0 60.0 60.0 61.0 
83.0 59.0 73.0 75.0 
64.0 58.0 66.0 68.0 
61.0 59.0 62.0 63.0 
59.0 60.0 59.0 61.0 
83.0 60.0 73.0 75.0 
64.0 58.0 65.0 68.0 
60.0 59.0 61.0 63.0 
60.0 60.0 59.0 61.0 
82.0 60.0 73.0 73.0 
66.0 58.0 67.0 68.0 
61.0 59.0 60.0 62.0 
60.0 60.0 61.0 61.0 
82.0 61.0 73.0 74.0 
64.0 58.0 66.0 68.0 
60.0 61.0 61.0 61.0 
60.0 59.0 61.0 61.0 
83.0 60.0 73.0 74.0 
64.0 59.0 66.0 68.0 
61.0 59.0 60.0 63.0 
60.0 60.0 60.0 61.0 
84.0 60.0 75.0 74.0 
63.0 59.0 65.0 66.0 
60.0 59.0 62.0 62.0 
60.0 61.0 60.0 61.0 
83.0 59.0 74.0 75.0 
65.0 57.0 67.0 68.0 
61.0 59.0 61.0 63.0 
60.0 60.0 60.0 61.0 
80.0 59.0 75.0 74.0 
64.0 59.0 67.0 68.0 
61.0 59.0 61.0 62.0 
61.0 60.0 60.0 61.0 
78.0 60.0 74.0 73.0 
64.0 59.0 67.0 68.0 
61.0 59.0 62.0 64.0 
61.0 59.0 61.0 62.0 
78.0 60.0 72.0 75.0 
65.0 59.0 66.0 69.0 
61.0 59.0 61.0 62.0 
60.0 60.0 60.0 61.0 
78.0 59.0 73.0 74.0 
64.0 59.0 65.0 69.0 
62.0 59.0 61.0 62.0 
60.0 61.0 60.0 61.0 
79.0 59.0 73.0 75.0 
65.0 59.0 66.0 69.0 
61.0 61.0 61.0 62.0 
62.0 60.0 61.0 62.0 
78.0 60.0 72.0 76.0 
64.0 58.0 66.0 69.0 
60.0 59.0 61.0 61.0 
60.0 60.0 61.0 61.0 
79.0 59.0 73.0 75.0 
65.0 58.0 66.0 69.0 
60.0 59.0 61.0 61.0 
61.0 60.0 61.0 62.0 
79.0 60.0 73.0 76.0 
65.0 59.0 67.0 69.0 
59.0 59.0 59.0 60.0 
61.0 60.0 61.0 61.0 
79.0 60.0 73.0 75.0 
64.0 58.0 67.0 69.0 
59.0 59.0 59.0 59.0 
60.0 60.0 61.0 61.0 
80.0 59.0 74.0 76.0 
65.0 59.0 68.0 69.0 
59.0 59.0 59.0 60.0 
60.0 59.0 60.0 61.0 
76.0 60.0 71.0 76.0 
65.0 59.0 67.0 67.0 
59.0 60.0 59.0 60.0 
61.0 60.0 62.0 61.0 
72.0 60.0 73.0 75.0 
65.0 59.0 68.0 71.0 
60.0 60.0 59.0 60.0 
60.0 60.0 61.0 61.0 
66.0 59.0 74.0 73.0 
64.0 59.0 69.0 69.0 
59.0 61.0 59.0 59.0 
60.0 60.0 61.0 61.0 
65.0 60.0 73.0 72.0 
65.0 59.0 69.0 69.0 
60.0 59.0 59.0 60.0 
61.0 59.0 62.0 61.0 
68.0 58.0 73.0 73.0 
65.0 59.0 69.0 68.0 
58.0 58.0 59.0 60.0 
61.0 61.0 62.0 60.0 
89.0 60.0 74.0 75.0 
64.0 59.0 70.0 68.0 
59.0 59.0 59.0 60.0 
61.0 61.0 63.0 61.0 
77.0 59.0 75.0 73.0 
64.0 59.0 71.0 69.0 
59.0 59.0 60.0 60.0 
61.0 60.0 62.0 61.0 
80.0 59.0 76.0 75.0 
63.0 59.0 69.0 67.0 
58.0 60.0 59.0 60.0 
60.0 60.0 61.0 61.0 
72.0 60.0 75.0 76.0 
64.0 59.0 68.0 66.0 
59.0 58.0 58.0 60.0 
61.0 60.0 62.0 61.0 
67.0 59.0 75.0 77.0 
63.0 59.0 67.0 68.0 
60.0 58.0 59.0 60.0 
62.0 60.0 61.0 61.0 
71.0 59.0 74.0 79.0 
65.0 58.0 66.0 68.0 
59.0 60.0 60.0 60.0 
61.0 60.0 61.0 61.0 
68.0 60.0 75.0 78.0 
64.0 59.0 65.0 69.0 
60.0 59.0 59.0 60.0 
62.0 60.0 61.0 61.0 
76.0 59.0 73.0 78.0 
65.0 59.0 66.0 69.0 
60.0 59.0 60.0 60.0 
60.0 60.0 61.0 61.0 
66.0 60.0 70.0 74.0 
65.0 59.0 65.0 69.0 
59.0 58.0 60.0 60.0 
61.0 60.0 62.0 62.0 
76.0 59.0 71.0 75.0 
64.0 58.0 66.0 69.0 
60.0 59.0 60.0 60.0 
61.0 60.0 61.0 62.0 
70.0 59.0 70.0 75.0 
65.0 58.0 64.0 69.0 
60.0 59.0 60.0 60.0 
63.0 60.0 62.0 63.0 
66.0 60.0 69.0 75.0 
64.0 59.0 64.0 69.0 
61.0 59.0 60.0 62.0 
63.0 60.0 62.0 62.0 
66.0 59.0 69.0 75.0 
65.0 59.0 64.0 71.0 
61.0 59.0 61.0 62.0 
61.0 61.0 61.0 61.0 
65.0 61.0 68.0 75.0 
65.0 58.0 64.0 70.0 
61.0 61.0 60.0 62.0 
61.0 60.0 61.0 62.0 
69.0 60.0 69.0 74.0 
65.0 59.0 64.0 69.0 
61.0 60.0 62.0 63.0 
61.0 60.0 61.0 61.0 
65.0 60.0 69.0 73.0 
65.0 59.0 64.0 71.0 
62.0 59.0 60.0 63.0 
61.0 60.0 61.0 62.0 
67.0 59.0 68.0 74.0 
66.0 59.0 64.0 71.0 
62.0 59.0 61.0 64.0 
62.0 60.0 60.0 62.0 
65.0 60.0 69.0 73.0 
66.0 59.0 64.0 71.0 
62.0 60.0 61.0 63.0 
61.0 61.0 61.0 63.0 
68.0 60.0 66.0 78.0 
66.0 58.0 63.0 71.0 
64.0 59.0 61.0 66.0 
62.0 60.0 61.0 63.0 
74.0 59.0 66.0 78.0 
66.0 59.0 62.0 72.0 
62.0 60.0 60.0 65.0 
63.0 60.0 60.0 63.0 
75.0 60.0 65.0 77.0 
66.0 59.0 62.0 73.0 
63.0 60.0 60.0 66.0 
62.0 60.0 61.0 63.0 
76.0 60.0 63.0 80.0 
66.0 57.0 61.0 73.0 
62.0 60.0 61.0 65.0 
63.0 60.0 61.0 63.0 
72.0 62.0 61.0 80.0 
63.0 61.0 60.0 71.0 
64.0 60.0 60.0 67.0 
62.0 60.0 61.0 64.0 
72.0 66.0 60.0 77.0 
63.0 64.0 60.0 69.0 
63.0 63.0 60.0 66.0 
62.0 63.0 60.0 64.0 
71.0 68.0 61.0 77.0 
63.0 64.0 59.0 69.0 
62.0 63.0 61.0 66.0 
63.0 64.0 61.0 64.0 
72.0 68.0 61.0 77.0 
62.0 64.0 60.0 67.0 
63.0 64.0 60.0 65.0 
64.0 65.0 61.0 66.0 
72.0 68.0 61.0 77.0 
62.0 62.0 60.0 67.0 
63.0 63.0 61.0 65.0 
65.0 66.0 61.0 67.0 
71.0 68.0 60.0 77.0 
62.0 63.0 61.0 66.0 
64.0 64.0 60.0 67.0 
65.0 66.0 61.0 67.0 
65.0 68.0 60.0 80.0 
61.0 62.0 60.0 65.0 
64.0 64.0 60.0 66.0 
66.0 66.0 61.0 66.0 
71.0 70.0 61.0 81.0 
62.0 62.0 59.0 64.0 
65.0 67.0 60.0 67.0 
66.0 66.0 60.0 66.0 
69.0 71.0 60.0 81.0 
63.0 64.0 60.0 67.0 
70.0 70.0 61.0 71.0 
59.0 58.0 61.0 58.0 
84.0 59.0 61.0 86.0 
65.0 59.0 61.0 68.0 
76.0 60.0 61.0 74.0 
58.0 60.0 61.0 58.0 
87.0 60.0 61.0 86.0 
66.0 59.0 60.0 68.0 
77.0 59.0 60.0 75.0 
58.0 60.0 61.0 58.0 
90.0 60.0 60.0 87.0 
66.0 59.0 59.0 69.0 
77.0 59.0 60.0 74.0 
57.0 60.0 61.0 58.0 
88.0 59.0 69.0 87.0 
67.0 57.0 62.0 70.0 
76.0 59.0 61.0 76.0 
57.0 57.0 60.0 58.0 
82.0 59.0 67.0 88.0 
66.0 57.0 60.0 71.0 
76.0 58.0 60.0 76.0 
57.0 59.0 60.0 58.0 
84.0 59.0 71.0 92.0 
66.0 59.0 61.0 70.0 
76.0 59.0 63.0 76.0 
57.0 60.0 60.0 58.0 
80.0 60.0 87.0 87.0 
65.0 59.0 68.0 70.0 
75.0 60.0 85.0 77.0 
57.0 61.0 58.0 58.0 
80.0 61.0 94.0 89.0 
65.0 58.0 69.0 69.0 
74.0 60.0 94.0 77.0 
58.0 60.0 58.0 58.0 
90.0 60.0 106.0 89.0 
66.0 59.0 71.0 68.0 
75.0 60.0 100.0 77.0 
58.0 60.0 56.0 58.0 
83.0 59.0 111.0 87.0 
64.0 58.0 71.0 68.0 
75.0 60.0 104.0 78.0 
57.0 61.0 56.0 58.0 
81.0 59.0 117.0 86.0 
64.0 58.0 73.0 68.0 
75.0 59.0 123.0 79.0 
58.0 60.0 54.0 59.0 
86.0 61.0 126.0 89.0 
63.0 59.0 73.0 66.0 
75.0 59.0 124.0 77.0 
65.0 60.0 85.0 67.0 
81.0 60.0 131.0 89.0 
64.0 59.0 77.0 67.0 
73.0 59.0 159.0 76.0 
67.0 61.0 112.0 69.0 
81.0 60.0 144.0 88.0 
64.0 59.0 85.0 68.0 
73.0 60.0 200.0 78.0 
71.0 60.0 154.0 72.0 
82.0 60.0 203.0 94.0 
62.0 60.0 89.0 66.0 
71.0 61.0 225.0 80.0 
69.0 61.0 201.0 76.0 
86.0 60.0 271.0 99.0 
62.0 60.0 97.0 67.0 
74.0 61.0 296.0 88.0 
72.0 61.0 246.0 80.0 
86.0 61.0 308.0 100.0 
62.0 58.0 91.0 65.0 
76.0 61.0 339.0 93.0 
71.0 61.0 281.0 85.0 
91.0 60.0 320.0 103.0 
61.0 59.0 85.0 65.0 
79.0 63.0 390.0 102.0 
72.0 61.0 303.0 89.0 
89.0 64.0 379.0 114.0 
61.0 58.0 86.0 65.0 
80.0 63.0 417.0 109.0 
74.0 62.0 322.0 94.0 
92.0 64.0 403.0 120.0 
61.0 59.0 86.0 65.0 
84.0 64.0 451.0 116.0 
76.0 62.0 336.0 98.0 
95.0 65.0 414.0 127.0 
61.0 60.0 87.0 66.0 
86.0 66.0 483.0 124.0 
76.0 62.0 351.0 102.0 
97.0 64.0 428.0 138.0 
61.0 59.0 85.0 64.0 
85.0 64.0 462.0 123.0 
77.0 62.0 353.0 103.0 
103.0 67.0 515.0 162.0 
63.0 59.0 85.0 65.0 
84.0 64.0 439.0 122.0 
76.0 62.0 334.0 103.0 
103.0 67.0 523.0 170.0 
61.0 59.0 82.0 64.0 
83.0 63.0 422.0 125.0 
77.0 63.0 354.0 109.0 
105.0 68.0 536.0 180.0 
61.0 59.0 79.0 63.0 
84.0 62.0 422.0 129.0 
80.0 63.0 382.0 118.0 
99.0 63.0 452.0 166.0 
60.0 59.0 68.0 62.0 
84.0 64.0 416.0 133.0 
80.0 63.0 390.0 122.0 
101.0 64.0 431.0 180.0 
60.0 59.0 69.0 62.0 
81.0 62.0 390.0 133.0 
80.0 63.0 398.0 131.0 
106.0 65.0 467.0 227.0 
60.0 59.0 67.0 62.0 
78.0 64.0 362.0 134.0 
83.0 64.0 414.0 145.0 
106.0 66.0 473.0 249.0 
60.0 58.0 64.0 61.0 
82.0 62.0 371.0 148.0 
82.0 63.0 394.0 145.0 
109.0 65.0 452.0 301.0 
60.0 59.0 65.0 61.0 
86.0 61.0 353.0 179.0 
81.0 62.0 362.0 159.0 
110.0 65.0 398.0 354.0 
59.0 59.0 65.0 60.0 
83.0 62.0 306.0 197.0 
84.0 63.0 376.0 206.0 
108.0 64.0 355.0 372.0 
60.0 59.0 66.0 61.0 
89.0 60.0 284.0 254.0 
82.0 62.0 328.0 227.0 
113.0 65.0 337.0 418.0 
59.0 59.0 66.0 59.0 
96.0 61.0 273.0 345.0 
81.0 61.0 284.0 248.0 
121.0 66.0 317.0 475.0 
59.0 59.0 66.0 58.0 
104.0 63.0 274.0 412.0 
80.0 61.0 251.0 245.0 
119.0 65.0 287.0 471.0 
59.0 58.0 67.0 58.0 
109.0 64.0 265.0 450.0 
80.0 60.0 216.0 243.0 
118.0 64.0 253.0 447.0 
60.0 58.0 68.0 57.0 
109.0 64.0 239.0 463.0 
80.0 61.0 194.0 257.0 
125.0 66.0 242.0 488.0 
59.0 59.0 67.0 55.0 
108.0 64.0 211.0 466.0 
78.0 60.0 164.0 245.0 
126.0 66.0 229.0 497.0 
59.0 59.0 66.0 54.0 
110.0 64.0 197.0 457.0 
81.0 60.0 158.0 251.0 
128.0 65.0 219.0 522.0 
58.0 59.0 65.0 53.0 
116.0 64.0 189.0 486.0 
79.0 59.0 149.0 242.0 
120.0 64.0 183.0 471.0 
59.0 59.0 65.0 52.0 
107.0 63.0 177.0 426.0 
80.0 60.0 136.0 232.0 
125.0 65.0 185.0 495.0 
59.0 60.0 68.0 53.0 
107.0 62.0 169.0 414.0 
79.0 60.0 118.0 232.0 
145.0 67.0 194.0 572.0 
60.0 59.0 70.0 54.0 
95.0 61.0 137.0 347.0 
78.0 60.0 114.0 233.0 
143.0 67.0 169.0 519.0 
59.0 58.0 70.0 57.0 
103.0 62.0 129.0 370.0 
77.0 61.0 100.0 221.0 
150.0 67.0 175.0 541.0 
60.0 59.0 68.0 56.0 
96.0 60.0 121.0 326.0 
81.0 60.0 107.0 251.0 
156.0 66.0 167.0 535.0 
59.0 59.0 69.0 53.0 
97.0 60.0 116.0 312.0 
88.0 60.0 111.0 293.0 
158.0 66.0 151.0 515.0 
59.0 58.0 67.0 54.0 
96.0 61.0 108.0 311.0 
87.0 61.0 97.0 275.0 
157.0 63.0 141.0 464.0 
58.0 58.0 67.0 55.0 
103.0 61.0 104.0 309.0 
88.0 61.0 93.0 269.0 
157.0 63.0 130.0 421.0 
58.0 59.0 67.0 56.0 
100.0 60.0 95.0 274.0 
85.0 60.0 86.0 229.0 
161.0 63.0 125.0 415.0 
58.0 59.0 67.0 57.0 
112.0 60.0 92.0 273.0 
84.0 60.0 79.0 191.0 
166.0 62.0 120.0 402.0 
58.0 59.0 66.0 58.0 
106.0 59.0 86.0 237.0 
87.0 60.0 76.0 188.0 
176.0 62.0 116.0 383.0 
58.0 57.0 67.0 61.0 
115.0 59.0 88.0 248.0 
85.0 60.0 75.0 167.0 
191.0 62.0 111.0 356.0 
58.0 59.0 67.0 63.0 
129.0 60.0 89.0 237.0 
88.0 60.0 72.0 135.0 
191.0 61.0 109.0 337.0 
59.0 58.0 67.0 64.0 
128.0 60.0 85.0 221.0 
93.0 60.0 71.0 126.0 
191.0 61.0 106.0 324.0 
59.0 59.0 67.0 65.0 
142.0 59.0 88.0 225.0 
96.0 61.0 72.0 129.0 
195.0 61.0 102.0 302.0 
58.0 58.0 68.0 64.0 
147.0 60.0 86.0 206.0 
92.0 61.0 71.0 113.0 
204.0 513.0 104.0 278.0 
59.0 59.0 66.0 64.0 
123.0 256.0 80.0 154.0 
91.0 176.0 68.0 107.0 
208.0 602.0 102.0 260.0 
59.0 56.0 67.0 65.0 
124.0 339.0 80.0 155.0 
80.0 154.0 68.0 88.0 
217.0 620.0 99.0 245.0 
58.0 54.0 67.0 64.0 
122.0 322.0 79.0 146.0 
76.0 140.0 68.0 84.0 
223.0 619.0 96.0 226.0 
57.0 55.0 66.0 64.0 
112.0 271.0 75.0 120.0 
77.0 138.0 68.0 83.0 
235.0 627.0 93.0 215.0 
58.0 56.0 65.0 64.0 
106.0 244.0 73.0 123.0 
75.0 127.0 69.0 82.0 
277.0 674.0 89.0 214.0 
59.0 56.0 64.0 66.0 
119.0 255.0 71.0 119.0 
75.0 119.0 64.0 78.0 
295.0 636.0 89.0 196.0 
60.0 64.0 65.0 67.0 
133.0 303.0 74.0 125.0 
52.0 115.0 64.0 75.0 
305.0 577.0 91.0 186.0 
61.0 66.0 66.0 69.0 
153.0 321.0 75.0 123.0 
51.0 43.0 59.0 55.0 
340.0 509.0 90.0 164.0 
62.0 68.0 67.0 70.0 
169.0 330.0 73.0 122.0 
50.0 41.0 60.0 56.0 
376.0 472.0 89.0 157.0 
63.0 70.0 68.0 71.0 
182.0 297.0 74.0 113.0 
48.0 42.0 59.0 57.0 
395.0 415.0 88.0 136.0 
65.0 70.0 70.0 70.0 
202.0 274.0 72.0 106.0 
45.0 45.0 59.0 58.0 
433.0 363.0 86.0 130.0 
68.0 70.0 69.0 71.0 
276.0 219.0 72.0 97.0 
43.0 48.0 59.0 59.0 
513.0 341.0 87.0 126.0 
69.0 68.0 70.0 70.0 
290.0 184.0 71.0 95.0 
42.0 49.0 60.0 58.0 
562.0 329.0 89.0 123.0 
68.0 66.0 71.0 72.0 
251.0 146.0 71.0 87.0 
43.0 51.0 60.0 59.0 
572.0 302.0 89.0 119.0 
72.0 67.0 72.0 70.0 
253.0 132.0 75.0 85.0 
41.0 52.0 59.0 58.0 
609.0 282.0 87.0 113.0 
71.0 66.0 72.0 71.0 
199.0 111.0 74.0 80.0 
41.0 53.0 58.0 58.0 
546.0 234.0 89.0 108.0 
75.0 66.0 71.0 70.0 
257.0 121.0 79.0 83.0 
40.0 54.0 59.0 59.0 
611.0 216.0 94.0 104.0 
74.0 65.0 76.0 70.0 
250.0 109.0 109.0 83.0 
40.0 54.0 57.0 59.0 
568.0 199.0 94.0 104.0 
75.0 65.0 75.0 70.0 
277.0 111.0 108.0 85.0 
40.0 54.0 58.0 59.0 
560.0 186.0 98.0 102.0 
76.0 65.0 77.0 70.0 
289.0 110.0 129.0 86.0 
41.0 55.0 57.0 59.0 
522.0 172.0 99.0 100.0 
77.0 65.0 77.0 70.0 
284.0 107.0 150.0 86.0 
40.0 56.0 57.0 59.0 
532.0 154.0 101.0 98.0 
74.0 59.0 83.0 72.0 
222.0 88.0 183.0 86.0 
41.0 60.0 55.0 58.0 
583.0 157.0 108.0 99.0 
77.0 59.0 82.0 71.0 
309.0 61.0 198.0 104.0 
39.0 59.0 54.0 58.0 
532.0 139.0 113.0 99.0 
74.0 59.0 85.0 71.0 
312.0 62.0 266.0 109.0 
39.0 59.0 175.0 80.0 
478.0 118.0 99.0 96.0 
69.0 59.0 81.0 71.0 
251.0 61.0 294.0 105.0 
143.0 61.0 248.0 87.0 
383.0 63.0 87.0 102.0 
66.0 59.0 80.0 70.0 
218.0 63.0 358.0 106.0 
132.0 62.0 299.0 87.0 
348.0 62.0 80.0 96.0 
66.0 59.0 86.0 70.0 
169.0 63.0 372.0 103.0 
97.0 63.0 358.0 90.0 
305.0 61.0 88.0 94.0 
65.0 59.0 86.0 70.0 
135.0 64.0 439.0 111.0 
86.0 64.0 400.0 95.0 
284.0 61.0 68.0 90.0 
62.0 59.0 80.0 69.0 
94.0 66.0 477.0 113.0 
78.0 65.0 440.0 102.0 
196.0 59.0 72.0 83.0 
62.0 59.0 98.0 72.0 
83.0 66.0 502.0 123.0 
78.0 66.0 479.0 116.0 
175.0 60.0 60.0 79.0 
62.0 59.0 79.0 69.0 
83.0 66.0 510.0 129.0 
81.0 67.0 533.0 126.0 
145.0 60.0 69.0 79.0 
62.0 58.0 100.0 73.0 
86.0 66.0 576.0 143.0 
83.0 67.0 572.0 135.0 
138.0 60.0 68.0 78.0 
63.0 59.0 100.0 73.0 
87.0 65.0 599.0 148.0 
84.0 64.0 611.0 143.0 
139.0 60.0 67.0 78.0 
62.0 58.0 84.0 70.0 
91.0 64.0 623.0 171.0 
85.0 66.0 597.0 146.0 
123.0 60.0 64.0 75.0 
61.0 59.0 85.0 71.0 
92.0 63.0 668.0 190.0 
86.0 65.0 603.0 161.0 
120.0 59.0 63.0 74.0 
62.0 59.0 85.0 73.0 
92.0 64.0 664.0 199.0 
86.0 66.0 607.0 168.0 
119.0 58.0 64.0 75.0 
62.0 59.0 98.0 75.0 
94.0 64.0 645.0 213.0 
86.0 65.0 633.0 185.0 
117.0 59.0 66.0 75.0 
61.0 59.0 86.0 72.0 
93.0 63.0 657.0 235.0 
88.0 65.0 639.0 206.0 
114.0 60.0 64.0 73.0 
62.0 60.0 95.0 76.0 
95.0 64.0 637.0 243.0 
89.0 65.0 620.0 217.0 
112.0 60.0 54.0 69.0 
61.0 59.0 74.0 70.0 
97.0 65.0 641.0 278.0 
91.0 65.0 657.0 256.0 
111.0 60.0 54.0 68.0 
60.0 60.0 72.0 69.0 
101.0 64.0 672.0 327.0 
93.0 65.0 631.0 283.0 
106.0 59.0 54.0 67.0 
60.0 59.0 73.0 70.0 
103.0 66.0 668.0 369.0 
96.0 66.0 639.0 333.0 
100.0 60.0 52.0 62.0 
61.0 57.0 73.0 70.0 
110.0 67.0 673.0 448.0 
104.0 67.0 649.0 422.0 
99.0 60.0 54.0 61.0 
60.0 59.0 71.0 70.0 
114.0 68.0 653.0 479.0 
110.0 69.0 653.0 476.0 
94.0 60.0 55.0 60.0 
59.0 60.0 70.0 69.0 
116.0 70.0 635.0 503.0 
114.0 70.0 663.0 513.0 
93.0 60.0 55.0 59.0 
60.0 59.0 68.0 67.0 
122.0 71.0 633.0 545.0 
116.0 70.0 635.0 521.0 
91.0 60.0 55.0 59.0 
59.0 58.0 68.0 67.0 
126.0 70.0 606.0 577.0 
118.0 71.0 633.0 539.0 
92.0 60.0 55.0 57.0 
61.0 58.0 69.0 68.0 
127.0 70.0 602.0 608.0 
119.0 72.0 608.0 551.0 
88.0 61.0 56.0 56.0 
60.0 59.0 68.0 66.0 
129.0 70.0 581.0 623.0 
122.0 70.0 594.0 596.0 
86.0 60.0 58.0 55.0 
61.0 59.0 69.0 65.0 
132.0 71.0 554.0 636.0 
124.0 73.0 557.0 601.0 
73.0 59.0 58.0 54.0 
59.0 58.0 69.0 65.0 
136.0 70.0 527.0 634.0 
129.0 71.0 523.0 606.0 
72.0 60.0 59.0 53.0 
60.0 59.0 68.0 64.0 
138.0 68.0 493.0 640.0 
126.0 70.0 476.0 610.0 
71.0 59.0 60.0 54.0 
60.0 58.0 69.0 64.0 
139.0 67.0 472.0 649.0 
127.0 69.0 450.0 604.0 
71.0 59.0 61.0 52.0 
59.0 59.0 68.0 62.0 
139.0 67.0 453.0 657.0 
134.0 68.0 443.0 637.0 
61.0 59.0 61.0 51.0 
60.0 60.0 67.0 60.0 
144.0 67.0 433.0 665.0 
139.0 65.0 422.0 661.0 
66.0 60.0 61.0 52.0 
60.0 59.0 67.0 58.0 
142.0 67.0 410.0 636.0 
143.0 66.0 408.0 698.0 
72.0 60.0 63.0 51.0 
59.0 59.0 67.0 57.0 
141.0 65.0 374.0 625.0 
149.0 65.0 392.0 710.0 
71.0 59.0 63.0 51.0 
58.0 59.0 67.0 57.0 
150.0 66.0 357.0 631.0 
159.0 65.0 376.0 711.0 
70.0 59.0 64.0 51.0 
59.0 60.0 67.0 56.0 
158.0 65.0 356.0 643.0 
165.0 64.0 371.0 713.0 
70.0 60.0 65.0 51.0 
59.0 59.0 66.0 56.0 
163.0 64.0 342.0 672.0 
172.0 64.0 353.0 706.0 
70.0 60.0 64.0 52.0 
58.0 59.0 64.0 56.0 
170.0 63.0 343.0 668.0 
178.0 64.0 350.0 712.0 
69.0 60.0 65.0 52.0 
58.0 59.0 65.0 54.0 
177.0 64.0 335.0 651.0 
184.0 63.0 350.0 720.0 
69.0 60.0 66.0 52.0 
59.0 59.0 64.0 53.0 
178.0 65.0 312.0 634.0 
187.0 63.0 330.0 710.0 
69.0 60.0 67.0 51.0 
58.0 59.0 65.0 54.0 
183.0 64.0 302.0 637.0 
191.0 63.0 316.0 700.0 
70.0 60.0 67.0 52.0 
56.0 60.0 65.0 53.0 
192.0 64.0 283.0 638.0 
195.0 64.0 290.0 692.0 
69.0 59.0 67.0 52.0 
58.0 59.0 64.0 51.0 
195.0 64.0 254.0 627.0 
199.0 63.0 264.0 667.0 
68.0 59.0 68.0 52.0 
58.0 59.0 65.0 53.0 
200.0 64.0 242.0 615.0 
204.0 64.0 248.0 636.0 
68.0 61.0 68.0 53.0 
58.0 59.0 65.0 53.0 
207.0 64.0 231.0 594.0 
212.0 65.0 238.0 611.0 
68.0 60.0 67.0 54.0 
58.0 59.0 66.0 53.0 
220.0 68.0 212.0 564.0 
228.0 65.0 223.0 587.0 
68.0 59.0 68.0 54.0 
57.0 59.0 65.0 55.0 
223.0 66.0 201.0 540.0 
234.0 68.0 213.0 559.0 
68.0 60.0 68.0 56.0 
57.0 59.0 67.0 57.0 
226.0 66.0 187.0 500.0 
234.0 66.0 198.0 519.0 
68.0 59.0 71.0 57.0 
56.0 59.0 68.0 57.0 
235.0 65.0 168.0 483.0 
230.0 65.0 162.0 475.0 
67.0 60.0 70.0 57.0 
56.0 58.0 68.0 58.0 
252.0 65.0 149.0 473.0 
244.0 65.0 151.0 451.0 
66.0 60.0 71.0 58.0 
55.0 59.0 67.0 57.0 
264.0 64.0 138.0 450.0 
266.0 64.0 143.0 440.0 
65.0 61.0 71.0 59.0 
55.0 58.0 68.0 58.0 
274.0 65.0 138.0 425.0 
280.0 65.0 145.0 412.0 
66.0 59.0 71.0 61.0 
54.0 58.0 67.0 59.0 
290.0 64.0 125.0 414.0 
291.0 64.0 132.0 400.0 
64.0 60.0 71.0 62.0 
54.0 59.0 67.0 62.0 
309.0 64.0 121.0 390.0 
303.0 63.0 121.0 371.0 
63.0 60.0 72.0 65.0 
55.0 58.0 68.0 64.0 
334.0 64.0 117.0 372.0 
332.0 64.0 115.0 360.0 
62.0 59.0 72.0 65.0 
54.0 59.0 69.0 64.0 
368.0 63.0 112.0 353.0 
376.0 64.0 110.0 339.0 
60.0 60.0 71.0 67.0 
52.0 60.0 68.0 65.0 
417.0 65.0 108.0 336.0 
420.0 65.0 107.0 320.0 
59.0 60.0 72.0 67.0 
51.0 59.0 67.0 66.0 
433.0 65.0 104.0 323.0 
456.0 66.0 103.0 306.0 
58.0 59.0 71.0 69.0 
50.0 60.0 68.0 67.0 
466.0 66.0 103.0 305.0 
484.0 66.0 101.0 282.0 
56.0 60.0 71.0 71.0 
50.0 59.0 67.0 67.0 
513.0 67.0 98.0 301.0 
504.0 68.0 94.0 271.0 
54.0 60.0 69.0 72.0 
48.0 59.0 65.0 67.0 
562.0 67.0 93.0 296.0 
530.0 67.0 90.0 258.0 
53.0 60.0 72.0 70.0 
47.0 59.0 67.0 67.0 
562.0 67.0 95.0 281.0 
542.0 68.0 91.0 242.0 
53.0 60.0 72.0 72.0 
48.0 59.0 66.0 67.0 
574.0 66.0 94.0 274.0 
555.0 67.0 86.0 234.0 
54.0 59.0 72.0 73.0 
48.0 59.0 64.0 67.0 
582.0 66.0 86.0 264.0 
556.0 66.0 81.0 220.0 
53.0 60.0 74.0 74.0 
48.0 58.0 66.0 67.0 
611.0 65.0 93.0 252.0 
571.0 68.0 85.0 204.0 
54.0 60.0 76.0 75.0 
49.0 60.0 67.0 68.0 
643.0 64.0 93.0 240.0 
557.0 67.0 87.0 192.0 
65.0 60.0 75.0 78.0 
59.0 59.0 65.0 70.0 
728.0 62.0 80.0 246.0 
42.0 60.0 59.0 55.0 
65.0 59.0 76.0 79.0 
59.0 59.0 65.0 70.0 
757.0 62.0 89.0 234.0 
41.0 59.0 59.0 54.0 
66.0 60.0 76.0 81.0 
59.0 59.0 64.0 68.0 
766.0 62.0 86.0 226.0 
41.0 60.0 59.0 56.0 
68.0 60.0 81.0 81.0 
59.0 58.0 65.0 68.0 
775.0 61.0 85.0 220.0 
41.0 60.0 60.0 55.0 
68.0 60.0 83.0 82.0 
60.0 59.0 64.0 67.0 
779.0 62.0 83.0 217.0 
42.0 60.0 59.0 56.0 
71.0 59.0 85.0 83.0 
63.0 59.0 63.0 67.0 
764.0 62.0 81.0 219.0 
40.0 61.0 59.0 55.0 
70.0 59.0 87.0 83.0 
64.0 59.0 63.0 66.0 
769.0 62.0 78.0 204.0 
41.0 60.0 58.0 55.0 
71.0 61.0 88.0 84.0 
64.0 57.0 64.0 67.0 
747.0 63.0 82.0 180.0 
41.0 60.0 59.0 56.0 
70.0 60.0 91.0 84.0 
64.0 59.0 63.0 67.0 
739.0 62.0 80.0 169.0 
288.0 62.0 68.0 105.0 
72.0 60.0 94.0 83.0 
65.0 59.0 63.0 66.0 
668.0 64.0 78.0 162.0 
441.0 64.0 73.0 121.0 
72.0 60.0 102.0 83.0 
65.0 59.0 64.0 65.0 
652.0 65.0 79.0 157.0 
483.0 65.0 78.0 128.0 
60.0 59.0 101.0 83.0 
52.0 59.0 64.0 63.0 
630.0 64.0 79.0 153.0 
487.0 66.0 76.0 127.0 
61.0 60.0 106.0 82.0 
52.0 59.0 63.0 63.0 
621.0 64.0 80.0 147.0 
455.0 64.0 76.0 118.0 
64.0 59.0 113.0 82.0 
52.0 59.0 64.0 62.0 
580.0 67.0 80.0 138.0 
416.0 63.0 74.0 108.0 
65.0 60.0 118.0 82.0 
52.0 58.0 63.0 62.0 
570.0 67.0 81.0 134.0 
373.0 63.0 76.0 104.0 
59.0 60.0 106.0 76.0 
54.0 59.0 66.0 63.0 
530.0 67.0 86.0 132.0 
367.0 63.0 77.0 103.0 
59.0 59.0 111.0 74.0 
52.0 59.0 66.0 63.0 
499.0 65.0 86.0 127.0 
328.0 62.0 78.0 99.0 
61.0 70.0 138.0 83.0 
52.0 60.0 63.0 61.0 
460.0 64.0 99.0 123.0 
289.0 61.0 85.0 95.0 
72.0 59.0 146.0 86.0 
52.0 59.0 60.0 61.0 
416.0 64.0 115.0 118.0 
261.0 60.0 89.0 90.0 
76.0 59.0 163.0 87.0 
52.0 59.0 61.0 60.0 
377.0 62.0 141.0 108.0 
241.0 61.0 107.0 85.0 
79.0 60.0 185.0 89.0 
52.0 59.0 59.0 60.0 
355.0 61.0 167.0 106.0 
228.0 63.0 116.0 82.0 
79.0 60.0 200.0 92.0 
51.0 59.0 59.0 60.0 
317.0 61.0 147.0 101.0 
200.0 60.0 123.0 83.0 
82.0 59.0 229.0 95.0 
53.0 59.0 58.0 60.0 
256.0 61.0 140.0 91.0 
172.0 61.0 125.0 80.0 
84.0 59.0 265.0 99.0 
53.0 59.0 56.0 59.0 
244.0 60.0 170.0 95.0 
156.0 59.0 118.0 77.0 
85.0 61.0 306.0 103.0 
54.0 59.0 56.0 59.0 
221.0 60.0 161.0 92.0 
142.0 60.0 105.0 74.0 
92.0 62.0 369.0 114.0 
56.0 59.0 55.0 60.0 
216.0 60.0 177.0 93.0 
127.0 61.0 105.0 74.0 
92.0 62.0 367.0 116.0 
56.0 59.0 60.0 60.0 
202.0 60.0 175.0 90.0 
117.0 60.0 108.0 72.0 
79.0 62.0 307.0 132.0 
56.0 58.0 56.0 59.0 
205.0 60.0 214.0 98.0 
114.0 61.0 121.0 73.0 
96.0 63.0 407.0 130.0 
56.0 59.0 59.0 60.0 
195.0 61.0 176.0 90.0 
103.0 60.0 126.0 74.0 
97.0 63.0 383.0 131.0 
58.0 60.0 59.0 59.0 
166.0 60.0 240.0 97.0 
82.0 61.0 116.0 71.0 
98.0 63.0 391.0 140.0 
58.0 59.0 59.0 59.0 
161.0 61.0 235.0 97.0 
82.0 59.0 108.0 68.0 
104.0 65.0 431.0 153.0 
58.0 59.0 59.0 60.0 
149.0 60.0 221.0 97.0 
69.0 60.0 105.0 68.0 
106.0 64.0 449.0 165.0 
59.0 58.0 59.0 59.0 
142.0 60.0 224.0 99.0 
66.0 60.0 88.0 66.0 
105.0 65.0 454.0 169.0 
60.0 59.0 58.0 60.0 
97.0 60.0 187.0 89.0 
66.0 60.0 87.0 65.0 
103.0 64.0 432.0 171.0 
59.0 59.0 60.0 60.0 
94.0 59.0 160.0 90.0 
67.0 60.0 88.0 67.0 
103.0 63.0 409.0 192.0 
60.0 57.0 61.0 59.0 
83.0 59.0 162.0 91.0 
65.0 60.0 82.0 64.0 
106.0 63.0 422.0 216.0 
60.0 60.0 62.0 59.0 
78.0 58.0 163.0 93.0 
63.0 61.0 70.0 62.0 
106.0 65.0 448.0 238.0 
60.0 59.0 63.0 60.0 
72.0 60.0 121.0 94.0 
63.0 60.0 71.0 67.0 
102.0 65.0 429.0 255.0 
60.0 59.0 63.0 60.0 
76.0 61.0 130.0 121.0 
64.0 61.0 69.0 68.0 
95.0 64.0 399.0 269.0 
60.0 59.0 62.0 59.0 
80.0 59.0 126.0 155.0 
63.0 60.0 68.0 71.0 
96.0 63.0 366.0 303.0 
59.0 60.0 63.0 58.0 
84.0 59.0 133.0 193.0 
61.0 61.0 64.0 69.0 
96.0 62.0 319.0 333.0 
60.0 59.0 65.0 58.0 
82.0 59.0 122.0 196.0 
60.0 60.0 65.0 69.0 
96.0 62.0 282.0 345.0 
59.0 59.0 64.0 57.0 
87.0 59.0 119.0 239.0 
63.0 60.0 70.0 89.0 
100.0 62.0 258.0 370.0 
60.0 58.0 65.0 54.0 
88.0 59.0 121.0 254.0 
64.0 61.0 71.0 95.0 
100.0 63.0 242.0 385.0 
60.0 59.0 64.0 54.0 
91.0 60.0 122.0 286.0 
63.0 60.0 70.0 89.0 
104.0 63.0 226.0 434.0 
58.0 59.0 65.0 53.0 
95.0 61.0 125.0 317.0 
63.0 60.0 70.0 90.0 
106.0 64.0 206.0 448.0 
59.0 59.0 64.0 54.0 
95.0 61.0 115.0 319.0 
63.0 60.0 67.0 87.0 
108.0 63.0 192.0 428.0 
59.0 60.0 63.0 53.0 
96.0 60.0 113.0 320.0 
63.0 60.0 70.0 97.0 
115.0 64.0 195.0 470.0 
58.0 59.0 63.0 53.0 
91.0 60.0 115.0 315.0 
64.0 60.0 70.0 98.0 
116.0 65.0 165.0 491.0 
59.0 59.0 63.0 54.0 
88.0 60.0 95.0 247.0 
65.0 61.0 68.0 99.0 
110.0 63.0 150.0 430.0 
59.0 58.0 64.0 54.0 
92.0 61.0 103.0 289.0 
62.0 61.0 66.0 75.0 
113.0 63.0 154.0 442.0 
58.0 58.0 65.0 53.0 
91.0 60.0 98.0 274.0 
62.0 60.0 64.0 67.0 
115.0 63.0 154.0 452.0 
59.0 60.0 65.0 54.0 
93.0 59.0 100.0 275.0 
61.0 60.0 66.0 65.0 
114.0 63.0 139.0 430.0 
58.0 60.0 64.0 54.0 
99.0 60.0 100.0 315.0 
59.0 60.0 63.0 58.0 
129.0 65.0 142.0 489.0 
59.0 59.0 63.0 53.0 
90.0 60.0 90.0 267.0 
59.0 60.0 62.0 59.0 
125.0 64.0 136.0 460.0 
60.0 60.0 64.0 56.0 
89.0 60.0 89.0 253.0 
59.0 60.0 62.0 59.0 
124.0 63.0 132.0 438.0 
59.0 59.0 64.0 56.0 
96.0 60.0 91.0 286.0 
59.0 60.0 63.0 58.0 
126.0 63.0 124.0 402.0 
59.0 58.0 64.0 56.0 
97.0 59.0 88.0 300.0 
57.0 60.0 62.0 59.0 
127.0 62.0 119.0 380.0 
59.0 59.0 64.0 55.0 
109.0 60.0 98.0 329.0 
58.0 61.0 61.0 55.0 
122.0 62.0 109.0 343.0 
59.0 59.0 63.0 54.0 
119.0 61.0 95.0 313.0 
59.0 61.0 63.0 57.0 
120.0 60.0 106.0 334.0 
58.0 59.0 63.0 55.0 
120.0 61.0 90.0 272.0 
58.0 61.0 62.0 56.0 
119.0 61.0 101.0 310.0 
57.0 58.0 64.0 55.0 
121.0 60.0 86.0 234.0 
58.0 60.0 62.0 57.0 
121.0 60.0 99.0 283.0 
59.0 58.0 64.0 58.0 
113.0 60.0 81.0 208.0 
60.0 60.0 62.0 59.0 
121.0 60.0 96.0 251.0 
58.0 59.0 63.0 59.0 
123.0 59.0 83.0 215.0 
59.0 60.0 62.0 64.0 
116.0 59.0 93.0 226.0 
58.0 58.0 63.0 59.0 
136.0 60.0 84.0 211.0 
60.0 60.0 61.0 60.0 
119.0 60.0 93.0 233.0 
58.0 59.0 63.0 59.0 
142.0 60.0 83.0 200.0 
61.0 61.0 62.0 61.0 
118.0 60.0 91.0 218.0 
58.0 59.0 64.0 60.0 
136.0 61.0 81.0 187.0 
66.0 61.0 63.0 66.0 
127.0 61.0 93.0 230.0 
57.0 59.0 64.0 59.0 
139.0 60.0 81.0 178.0 
66.0 61.0 62.0 67.0 
130.0 60.0 92.0 219.0 
58.0 59.0 64.0 60.0 
133.0 58.0 79.0 163.0 
66.0 60.0 64.0 66.0 
132.0 60.0 89.0 198.0 
57.0 59.0 63.0 60.0 
138.0 59.0 79.0 167.0 
65.0 61.0 64.0 67.0 
130.0 60.0 88.0 187.0 
58.0 59.0 63.0 60.0 
145.0 61.0 79.0 169.0 
65.0 60.0 63.0 66.0 
141.0 60.0 87.0 180.0 
58.0 59.0 63.0 61.0 
130.0 58.0 77.0 155.0 
67.0 60.0 63.0 69.0 
120.0 61.0 81.0 134.0 
58.0 59.0 63.0 62.0 
131.0 59.0 76.0 148.0 
71.0 61.0 63.0 71.0 
121.0 60.0 80.0 123.0 
57.0 59.0 63.0 60.0 
139.0 60.0 75.0 146.0 
72.0 61.0 62.0 71.0 
146.0 60.0 81.0 138.0 
56.0 59.0 63.0 61.0 
136.0 60.0 77.0 148.0 
72.0 60.0 63.0 70.0 
146.0 60.0 81.0 128.0 
55.0 59.0 63.0 60.0 
162.0 59.0 78.0 160.0 
68.0 61.0 62.0 67.0 
159.0 60.0 81.0 130.0 
56.0 59.0 64.0 62.0 
153.0 60.0 74.0 141.0 
67.0 60.0 62.0 68.0 
172.0 60.0 81.0 131.0 
55.0 59.0 64.0 61.0 
163.0 60.0 76.0 137.0 
64.0 60.0 61.0 64.0 
189.0 60.0 83.0 137.0 
56.0 59.0 63.0 62.0 
146.0 60.0 73.0 124.0 
61.0 61.0 61.0 60.0 
201.0 59.0 81.0 137.0 
55.0 59.0 63.0 62.0 
164.0 60.0 72.0 121.0 
59.0 60.0 61.0 61.0 
197.0 60.0 81.0 130.0 
55.0 58.0 64.0 61.0 
199.0 60.0 73.0 125.0 
54.0 60.0 60.0 58.0 
196.0 59.0 80.0 127.0 
53.0 58.0 63.0 62.0 
254.0 60.0 75.0 127.0 
51.0 59.0 60.0 57.0 
212.0 60.0 80.0 129.0 
54.0 58.0 64.0 63.0 
230.0 60.0 71.0 106.0 
54.0 60.0 60.0 58.0 
205.0 60.0 81.0 129.0 
52.0 58.0 64.0 63.0 
288.0 61.0 71.0 101.0 
54.0 60.0 60.0 59.0 
210.0 60.0 79.0 118.0 
54.0 59.0 62.0 62.0 
230.0 59.0 66.0 90.0 
60.0 61.0 60.0 60.0 
185.0 61.0 77.0 107.0 
55.0 58.0 64.0 64.0 
252.0 61.0 66.0 91.0 
54.0 60.0 60.0 59.0 
198.0 60.0 76.0 105.0 
56.0 59.0 64.0 65.0 
233.0 61.0 67.0 87.0 
59.0 60.0 61.0 60.0 
204.0 60.0 76.0 104.0 
60.0 58.0 65.0 65.0 
219.0 60.0 67.0 89.0 
59.0 60.0 61.0 61.0 
233.0 61.0 77.0 103.0 
55.0 59.0 64.0 65.0 
281.0 61.0 69.0 97.0 
54.0 60.0 61.0 60.0 
252.0 60.0 76.0 99.0 
56.0 59.0 63.0 63.0 
249.0 60.0 66.0 87.0 
60.0 60.0 61.0 61.0 
226.0 60.0 76.0 94.0 
54.0 59.0 64.0 63.0 
288.0 61.0 65.0 93.0 
59.0 60.0 61.0 60.0 
238.0 60.0 75.0 93.0 
50.0 59.0 64.0 64.0 
385.0 63.0 72.0 103.0 
60.0 60.0 61.0 61.0 
243.0 60.0 76.0 95.0 
51.0 59.0 64.0 64.0 
350.0 62.0 72.0 102.0 
66.0 60.0 61.0 61.0 
244.0 61.0 76.0 92.0 
54.0 59.0 64.0 64.0 
281.0 61.0 67.0 88.0 
74.0 60.0 62.0 63.0 
258.0 60.0 76.0 93.0 
50.0 58.0 64.0 63.0 
306.0 62.0 67.0 91.0 
71.0 60.0 61.0 61.0 
292.0 60.0 78.0 98.0 
52.0 59.0 63.0 62.0 
223.0 60.0 65.0 78.0 
78.0 60.0 61.0 63.0 
269.0 61.0 76.0 95.0 
50.0 60.0 64.0 64.0 
354.0 62.0 71.0 95.0 
70.0 60.0 61.0 62.0 
271.0 61.0 75.0 94.0 
53.0 59.0 64.0 64.0 
344.0 62.0 70.0 93.0 
74.0 60.0 62.0 62.0 
183.0 60.0 74.0 83.0 
55.0 59.0 64.0 65.0 
338.0 62.0 70.0 91.0 
56.0 60.0 61.0 60.0 
192.0 60.0 76.0 85.0 
57.0 59.0 67.0 64.0 
211.0 60.0 65.0 86.0 
53.0 60.0 60.0 60.0 
199.0 59.0 76.0 83.0 
57.0 60.0 64.0 64.0 
192.0 60.0 66.0 82.0 
55.0 60.0 60.0 61.0 
175.0 60.0 75.0 79.0 
57.0 58.0 64.0 64.0 
173.0 60.0 65.0 77.0 
55.0 60.0 61.0 61.0 
157.0 60.0 74.0 78.0 
57.0 59.0 66.0 64.0 
222.0 60.0 66.0 80.0 
54.0 59.0 61.0 60.0 
161.0 60.0 74.0 79.0 
58.0 59.0 66.0 65.0 
173.0 59.0 65.0 79.0 
53.0 60.0 60.0 59.0 
166.0 59.0 75.0 79.0 
58.0 60.0 66.0 65.0 
164.0 59.0 65.0 79.0 
54.0 60.0 60.0 60.0 
153.0 58.0 75.0 78.0 
61.0 59.0 65.0 65.0 
90.0 59.0 62.0 66.0 
59.0 60.0 60.0 61.0 
148.0 59.0 74.0 78.0 
63.0 59.0 65.0 66.0 
75.0 60.0 62.0 64.0 
58.0 60.0 61.0 61.0 
140.0 60.0 75.0 77.0 
63.0 59.0 65.0 66.0 
65.0 61.0 61.0 62.0 
60.0 60.0 60.0 62.0 
140.0 61.0 75.0 79.0 
62.0 59.0 65.0 65.0 
63.0 60.0 61.0 61.0 
60.0 60.0 62.0 62.0 
124.0 60.0 75.0 77.0 
63.0 59.0 65.0 65.0 
64.0 60.0 61.0 62.0 
60.0 59.0 62.0 61.0 
110.0 60.0 75.0 75.0 
63.0 58.0 66.0 66.0 
64.0 60.0 60.0 62.0 
60.0 60.0 61.0 61.0 
103.0 60.0 74.0 74.0 
63.0 59.0 65.0 66.0 
61.0 60.0 60.0 61.0 
61.0 60.0 61.0 61.0 
103.0 59.0 74.0 74.0 
64.0 59.0 65.0 66.0 
61.0 59.0 61.0 60.0 
61.0 60.0 60.0 62.0 
96.0 59.0 75.0 73.0 
64.0 59.0 66.0 66.0 
61.0 59.0 59.0 61.0 
62.0 60.0 61.0 62.0 
90.0 60.0 74.0 73.0 
64.0 59.0 66.0 66.0 
61.0 60.0 60.0 60.0 
61.0 60.0 61.0 61.0 
88.0 61.0 74.0 72.0 
64.0 59.0 65.0 66.0 
60.0 59.0 60.0 61.0 
62.0 60.0 61.0 61.0 
88.0 60.0 75.0 73.0 
64.0 58.0 65.0 66.0 
61.0 59.0 59.0 62.0 
61.0 60.0 60.0 62.0 
88.0 60.0 75.0 73.0 
64.0 58.0 65.0 66.0 
61.0 59.0 58.0 61.0 
62.0 60.0 61.0 61.0 
86.0 61.0 74.0 72.0 
63.0 60.0 65.0 65.0 
60.0 60.0 61.0 60.0 
61.0 61.0 61.0 62.0 
90.0 59.0 76.0 73.0 
63.0 58.0 65.0 67.0 
59.0 60.0 59.0 60.0 
62.0 60.0 60.0 62.0 
89.0 59.0 74.0 73.0 
63.0 59.0 66.0 66.0 
60.0 59.0 60.0 60.0 
60.0 60.0 61.0 61.0 
87.0 60.0 74.0 72.0 
64.0 58.0 65.0 66.0 
60.0 59.0 60.0 61.0 
62.0 60.0 61.0 61.0 
87.0 59.0 74.0 73.0 
63.0 60.0 65.0 66.0 
59.0 59.0 60.0 60.0 
60.0 61.0 60.0 62.0 
82.0 60.0 73.0 73.0 
63.0 59.0 65.0 67.0 
60.0 58.0 59.0 60.0 
61.0 60.0 61.0 63.0 
80.0 60.0 73.0 72.0 
64.0 59.0 64.0 67.0 
59.0 59.0 59.0 61.0 
62.0 60.0 61.0 62.0 
82.0 59.0 74.0 72.0 
63.0 60.0 65.0 67.0 
60.0 59.0 59.0 60.0 
61.0 59.0 63.0 62.0 
82.0 60.0 73.0 72.0 
63.0 59.0 64.0 67.0 
59.0 60.0 59.0 60.0 
61.0 60.0 61.0 62.0 
80.0 61.0 74.0 72.0 
65.0 58.0 66.0 66.0 
59.0 60.0 59.0 62.0 
61.0 60.0 61.0 62.0 
84.0 60.0 73.0 72.0 
64.0 59.0 65.0 67.0 
60.0 58.0 61.0 61.0 
61.0 60.0 61.0 63.0 
80.0 61.0 72.0 72.0 
63.0 60.0 65.0 67.0 
60.0 60.0 61.0 62.0 
62.0 60.0 61.0 62.0 
82.0 60.0 75.0 72.0 
64.0 60.0 65.0 67.0 
61.0 58.0 60.0 62.0 
61.0 60.0 61.0 62.0 
80.0 60.0 74.0 72.0 
63.0 58.0 65.0 67.0 
61.0 59.0 60.0 61.0 
62.0 59.0 61.0 62.0 
79.0 59.0 73.0 72.0 
63.0 60.0 66.0 66.0 
61.0 60.0 61.0 62.0 
61.0 59.0 61.0 61.0 
77.0 60.0 73.0 72.0 
63.0 58.0 65.0 67.0 
62.0 60.0 62.0 63.0 
62.0 60.0 61.0 62.0 
83.0 60.0 73.0 72.0 
63.0 58.0 65.0 66.0 
60.0 61.0 61.0 62.0 
60.0 60.0 60.0 61.0 
80.0 60.0 73.0 73.0 
63.0 58.0 65.0 67.0 
61.0 58.0 60.0 62.0 
61.0 60.0 62.0 62.0 
85.0 60.0 73.0 73.0 
63.0 59.0 65.0 66.0 
60.0 60.0 61.0 62.0 
61.0 60.0 61.0 61.0 
83.0 59.0 73.0 73.0 
64.0 59.0 65.0 66.0 
61.0 58.0 61.0 62.0 
60.0 61.0 60.0 62.0 
79.0 60.0 73.0 72.0 
63.0 59.0 65.0 67.0 
61.0 59.0 62.0 62.0 
61.0 59.0 62.0 61.0 
78.0 59.0 73.0 72.0 
63.0 60.0 65.0 67.0 
61.0 59.0 61.0 62.0 
61.0 59.0 61.0 62.0 
78.0 60.0 73.0 72.0 
63.0 59.0 65.0 67.0 
62.0 59.0 61.0 62.0 
60.0 60.0 61.0 62.0 
77.0 60.0 75.0 70.0 
63.0 60.0 65.0 66.0 
62.0 59.0 62.0 62.0 
61.0 60.0 61.0 61.0 
80.0 59.0 74.0 72.0 
62.0 58.0 64.0 66.0 
61.0 60.0 61.0 63.0 
62.0 61.0 61.0 63.0 
74.0 59.0 74.0 70.0 
62.0 59.0 63.0 64.0 
62.0 60.0 61.0 63.0 
63.0 59.0 60.0 62.0 
64.0 59.0 74.0 70.0 
62.0 59.0 64.0 64.0 
62.0 61.0 61.0 64.0 
62.0 60.0 61.0 62.0 
65.0 60.0 74.0 69.0 
62.0 59.0 64.0 66.0 
61.0 59.0 61.0 63.0 
62.0 60.0 62.0 62.0 
68.0 60.0 73.0 71.0 
63.0 59.0 65.0 65.0 
61.0 60.0 62.0 63.0 
61.0 60.0 61.0 62.0 
71.0 61.0 73.0 71.0 
61.0 59.0 64.0 64.0 
62.0 59.0 62.0 63.0 
61.0 61.0 61.0 61.0 
76.0 60.0 74.0 71.0 
62.0 59.0 63.0 65.0 
61.0 60.0 62.0 64.0 
61.0 60.0 61.0 61.0 
76.0 60.0 74.0 71.0 
62.0 60.0 64.0 63.0 
62.0 59.0 62.0 64.0 
61.0 60.0 61.0 61.0 
75.0 60.0 75.0 72.0 
62.0 58.0 64.0 64.0 
61.0 60.0 62.0 64.0 
61.0 60.0 61.0 62.0 
76.0 59.0 74.0 71.0 
62.0 59.0 64.0 65.0 
62.0 60.0 62.0 63.0 
61.0 61.0 60.0 61.0 
76.0 60.0 74.0 71.0 
61.0 59.0 64.0 64.0 
62.0 60.0 62.0 63.0 
61.0 60.0 61.0 61.0 
76.0 59.0 74.0 70.0 
62.0 59.0 64.0 65.0 
62.0 59.0 63.0 63.0 
61.0 60.0 61.0 62.0 
75.0 60.0 75.0 71.0 
62.0 59.0 64.0 66.0 
61.0 59.0 61.0 64.0 
61.0 60.0 60.0 61.0 
78.0 60.0 74.0 70.0 
62.0 58.0 64.0 65.0 
61.0 59.0 61.0 64.0 
61.0 60.0 60.0 62.0 
76.0 60.0 74.0 71.0 
62.0 59.0 65.0 64.0 
62.0 60.0 62.0 64.0 
61.0 60.0 61.0 60.0 
76.0 59.0 73.0 71.0 
62.0 58.0 64.0 64.0 
62.0 59.0 62.0 63.0 
61.0 60.0 60.0 61.0 
81.0 60.0 74.0 71.0 
62.0 58.0 63.0 65.0 
61.0 61.0 61.0 63.0 
61.0 61.0 62.0 62.0 
76.0 61.0 74.0 71.0 
62.0 60.0 63.0 64.0 
61.0 59.0 62.0 63.0 
61.0 61.0 61.0 63.0 
76.0 60.0 74.0 71.0 
62.0 59.0 64.0 65.0 
62.0 59.0 61.0 64.0 
61.0 60.0 61.0 62.0 
76.0 60.0 75.0 71.0 
62.0 59.0 64.0 65.0 
61.0 61.0 62.0 63.0 
60.0 60.0 61.0 61.0 
73.0 60.0 74.0 70.0 
62.0 58.0 64.0 64.0 
62.0 59.0 61.0 63.0 
61.0 60.0 61.0 61.0 
75.0 59.0 74.0 70.0 
63.0 59.0 63.0 64.0 
61.0 59.0 61.0 64.0 
61.0 61.0 60.0 60.0 
78.0 59.0 75.0 71.0 
62.0 59.0 64.0 64.0 
62.0 60.0 62.0 63.0 
59.0 60.0 60.0 61.0 
78.0 60.0 75.0 71.0 
62.0 60.0 63.0 64.0 
61.0 60.0 63.0 63.0 
61.0 60.0 61.0 62.0 
77.0 59.0 74.0 71.0 
62.0 58.0 64.0 64.0 
62.0 60.0 62.0 64.0 
61.0 60.0 60.0 62.0 
78.0 60.0 74.0 72.0 
62.0 58.0 64.0 65.0 
62.0 59.0 63.0 63.0 
60.0 60.0 61.0 62.0 
79.0 60.0 73.0 72.0 
62.0 59.0 64.0 64.0 
61.0 59.0 62.0 64.0 
60.0 60.0 60.0 60.0 
77.0 60.0 75.0 72.0 
63.0 59.0 64.0 65.0 
62.0 59.0 62.0 63.0 
60.0 60.0 60.0 61.0 
73.0 61.0 74.0 71.0 
63.0 58.0 65.0 66.0 
62.0 60.0 62.0 63.0 
61.0 60.0 61.0 60.0 
75.0 59.0 74.0 71.0 
63.0 59.0 65.0 65.0 
62.0 60.0 62.0 63.0 
61.0 61.0 60.0 61.0 
77.0 59.0 75.0 72.0 
62.0 59.0 65.0 66.0 
61.0 58.0 63.0 64.0 
59.0 60.0 60.0 61.0 
76.0 59.0 73.0 71.0 
62.0 59.0 65.0 65.0 
63.0 60.0 63.0 63.0 
61.0 59.0 60.0 62.0 
76.0 60.0 74.0 72.0 
63.0 59.0 64.0 65.0 
62.0 60.0 61.0 63.0 
60.0 60.0 61.0 61.0 
75.0 59.0 74.0 71.0 
63.0 59.0 65.0 65.0 
62.0 59.0 62.0 64.0 
61.0 60.0 60.0 61.0 
76.0 60.0 75.0 72.0 
62.0 58.0 64.0 64.0 
62.0 59.0 62.0 63.0 
60.0 60.0 60.0 62.0 
76.0 60.0 75.0 70.0 
61.0 58.0 64.0 64.0 
62.0 60.0 62.0 63.0 
61.0 61.0 61.0 62.0 
76.0 59.0 74.0 72.0 
62.0 58.0 64.0 64.0 
62.0 60.0 62.0 64.0 
61.0 60.0 60.0 61.0 
75.0 60.0 75.0 71.0 
62.0 59.0 63.0 64.0 
62.0 60.0 62.0 62.0 
60.0 61.0 60.0 60.0 
76.0 60.0 74.0 72.0 
61.0 59.0 65.0 65.0 
62.0 60.0 62.0 64.0 
60.0 60.0 61.0 61.0 
76.0 60.0 75.0 72.0 
62.0 61.0 64.0 64.0 
63.0 59.0 62.0 63.0 
60.0 60.0 61.0 61.0 
76.0 60.0 75.0 72.0 
63.0 59.0 65.0 65.0 
61.0 61.0 62.0 64.0 
60.0 60.0 61.0 62.0 
76.0 60.0 75.0 72.0 
61.0 59.0 63.0 65.0 
61.0 60.0 62.0 62.0 
60.0 60.0 61.0 61.0 
78.0 60.0 75.0 72.0 
63.0 59.0 64.0 62.0 
62.0 59.0 61.0 63.0 
60.0 60.0 61.0 61.0 
76.0 61.0 74.0 72.0 
63.0 59.0 65.0 64.0 
61.0 60.0 62.0 63.0 
61.0 61.0 61.0 61.0 
76.0 60.0 74.0 72.0 
62.0 59.0 64.0 64.0 
61.0 60.0 63.0 64.0 
61.0 60.0 61.0 62.0 
77.0 59.0 74.0 71.0 
62.0 59.0 65.0 65.0 
62.0 60.0 62.0 63.0 
60.0 61.0 61.0 62.0 
79.0 59.0 75.0 71.0 
63.0 59.0 65.0 65.0 
61.0 59.0 61.0 63.0 
61.0 60.0 60.0 61.0 
77.0 60.0 75.0 72.0 
61.0 59.0 64.0 64.0 
62.0 60.0 62.0 63.0 
61.0 60.0 62.0 62.0 
78.0 59.0 74.0 72.0 
60.0 59.0 64.0 64.0 
61.0 60.0 62.0 63.0 
62.0 59.0 60.0 61.0 
81.0 60.0 74.0 72.0 
61.0 59.0 65.0 67.0 
62.0 60.0 62.0 63.0 
61.0 61.0 61.0 61.0 
81.0 59.0 74.0 73.0 
62.0 58.0 65.0 65.0 
62.0 59.0 61.0 62.0 
61.0 60.0 61.0 60.0 
81.0 59.0 75.0 73.0 
63.0 58.0 65.0 65.0 
61.0 59.0 61.0 63.0 
61.0 60.0 60.0 62.0 
81.0 61.0 74.0 72.0 
62.0 59.0 64.0 65.0 
62.0 59.0 61.0 63.0 
61.0 60.0 61.0 62.0 
77.0 59.0 74.0 73.0 
62.0 59.0 64.0 65.0 
62.0 60.0 62.0 63.0 
61.0 60.0 60.0 62.0 
78.0 59.0 75.0 72.0 
62.0 59.0 64.0 65.0 
62.0 60.0 63.0 63.0 
62.0 60.0 61.0 61.0 
80.0 61.0 75.0 72.0 
61.0 58.0 63.0 64.0 
62.0 59.0 62.0 63.0 
62.0 60.0 61.0 61.0 
81.0 60.0 74.0 73.0 
61.0 60.0 63.0 63.0 
62.0 60.0 61.0 63.0 
61.0 60.0 62.0 61.0 
80.0 60.0 75.0 72.0 
61.0 59.0 62.0 62.0 
62.0 59.0 61.0 63.0 
61.0 60.0 61.0 62.0 
83.0 61.0 75.0 73.0 
60.0 59.0 62.0 63.0 
62.0 61.0 61.0 63.0 
62.0 60.0 61.0 62.0 
86.0 60.0 75.0 72.0 
61.0 59.0 63.0 61.0 
62.0 59.0 62.0 63.0 
61.0 60.0 61.0 60.0 
84.0 60.0 74.0 73.0 
62.0 59.0 65.0 64.0 
62.0 59.0 62.0 63.0 
61.0 60.0 62.0 62.0 
86.0 59.0 74.0 73.0 
63.0 59.0 64.0 65.0 
62.0 60.0 62.0 63.0 
61.0 60.0 60.0 62.0 
86.0 59.0 74.0 72.0 
63.0 59.0 65.0 65.0 
60.0 59.0 62.0 62.0 
60.0 60.0 61.0 60.0 
85.0 60.0 74.0 72.0 
63.0 58.0 65.0 66.0 
61.0 59.0 62.0 63.0 
61.0 60.0 60.0 61.0 
85.0 60.0 74.0 72.0 
63.0 59.0 64.0 66.0 
61.0 59.0 62.0 63.0 
61.0 60.0 61.0 62.0 
86.0 59.0 74.0 72.0 
62.0 59.0 64.0 64.0 
61.0 60.0 62.0 63.0 
61.0 59.0 60.0 61.0 
85.0 60.0 75.0 72.0 
63.0 59.0 63.0 65.0 
61.0 59.0 62.0 63.0 
61.0 61.0 61.0 62.0 
85.0 60.0 74.0 73.0 
63.0 59.0 66.0 65.0 
61.0 60.0 62.0 63.0 
61.0 61.0 61.0 62.0 
86.0 60.0 74.0 73.0 
62.0 59.0 64.0 66.0 
61.0 60.0 62.0 63.0 
61.0 59.0 62.0 62.0 
86.0 60.0 75.0 73.0 
63.0 59.0 64.0 65.0 
61.0 59.0 62.0 64.0 
61.0 60.0 61.0 62.0 
87.0 60.0 74.0 73.0 
62.0 59.0 65.0 65.0 
61.0 59.0 62.0 63.0 
61.0 60.0 61.0 62.0 
88.0 60.0 74.0 72.0 
62.0 58.0 64.0 65.0 
62.0 59.0 62.0 63.0 
61.0 60.0 60.0 61.0 
83.0 60.0 74.0 73.0 
64.0 59.0 64.0 64.0 
62.0 61.0 61.0 62.0 
61.0 60.0 61.0 61.0 
85.0 60.0 74.0 73.0 
62.0 59.0 64.0 65.0 
62.0 60.0 62.0 63.0 
61.0 61.0 61.0 62.0 
85.0 59.0 74.0 72.0 
62.0 59.0 64.0 65.0 
61.0 59.0 62.0 63.0 
61.0 60.0 61.0 62.0 
85.0 60.0 75.0 73.0 
60.0 59.0 62.0 64.0 
61.0 59.0 62.0 63.0 
61.0 60.0 61.0 62.0 
86.0 59.0 75.0 73.0 
62.0 60.0 64.0 65.0 
61.0 60.0 62.0 63.0 
62.0 60.0 61.0 62.0 
86.0 60.0 74.0 73.0 
60.0 61.0 64.0 64.0 
60.0 59.0 62.0 63.0 
60.0 60.0 61.0 62.0 
87.0 60.0 75.0 72.0 
62.0 58.0 65.0 65.0 
62.0 59.0 62.0 62.0 
61.0 60.0 61.0 60.0 
86.0 59.0 75.0 73.0 
62.0 59.0 63.0 65.0 
61.0 60.0 61.0 63.0 
61.0 60.0 61.0 61.0 
86.0 59.0 76.0 73.0 
61.0 59.0 64.0 64.0 
60.0 60.0 62.0 63.0 
61.0 60.0 62.0 62.0 
83.0 59.0 75.0 73.0 
61.0 59.0 63.0 64.0 
63.0 59.0 61.0 63.0 
60.0 61.0 61.0 62.0 
80.0 60.0 74.0 71.0 
62.0 57.0 65.0 64.0 
61.0 58.0 62.0 63.0 
60.0 60.0 61.0 61.0 
77.0 58.0 74.0 72.0 
63.0 59.0 64.0 65.0 
62.0 59.0 62.0 63.0 
61.0 60.0 60.0 61.0 
76.0 60.0 73.0 71.0 
62.0 59.0 63.0 65.0 
62.0 59.0 62.0 63.0 
61.0 60.0 61.0 62.0 
76.0 60.0 74.0 71.0 
62.0 58.0 64.0 66.0 
63.0 59.0 62.0 63.0 
61.0 60.0 61.0 61.0 
76.0 59.0 75.0 71.0 
63.0 59.0 64.0 65.0 
61.0 61.0 62.0 63.0 
61.0 61.0 61.0 62.0 
79.0 59.0 74.0 71.0 
63.0 59.0 65.0 65.0 
61.0 59.0 62.0 64.0 
61.0 60.0 61.0 61.0 
77.0 60.0 73.0 72.0 
64.0 58.0 65.0 65.0 
61.0 61.0 61.0 63.0 
61.0 60.0 61.0 61.0 
76.0 59.0 73.0 71.0 
63.0 58.0 66.0 66.0 
62.0 59.0 62.0 63.0 
60.0 60.0 60.0 62.0 
76.0 60.0 73.0 70.0 
64.0 57.0 64.0 64.0 
61.0 59.0 62.0 64.0 
62.0 61.0 60.0 61.0 
77.0 59.0 74.0 72.0 
63.0 59.0 64.0 64.0 
62.0 60.0 62.0 63.0 
60.0 60.0 61.0 62.0 
76.0 60.0 75.0 71.0 
62.0 59.0 63.0 64.0 
61.0 60.0 62.0 64.0 
61.0 61.0 61.0 61.0 
78.0 60.0 74.0 71.0 
61.0 59.0 63.0 64.0 
61.0 59.0 63.0 63.0 
61.0 60.0 61.0 61.0 
76.0 60.0 73.0 71.0 
62.0 58.0 63.0 63.0 
63.0 59.0 62.0 63.0 
60.0 59.0 61.0 61.0 
77.0 59.0 75.0 71.0 
63.0 59.0 65.0 67.0 
62.0 60.0 62.0 64.0 
61.0 60.0 61.0 61.0 
76.0 61.0 73.0 71.0 
64.0 58.0 66.0 66.0 
62.0 60.0 61.0 64.0 
61.0 61.0 61.0 61.0 
72.0 61.0 73.0 70.0 
63.0 59.0 65.0 67.0 
62.0 59.0 61.0 63.0 
61.0 60.0 61.0 61.0 
72.0 60.0 74.0 70.0 
64.0 59.0 65.0 66.0 
62.0 59.0 62.0 63.0 
61.0 60.0 61.0 61.0 
73.0 60.0 73.0 71.0 
63.0 58.0 67.0 67.0 
61.0 59.0 61.0 63.0 
60.0 61.0 60.0 61.0 
74.0 60.0 73.0 70.0 
65.0 59.0 66.0 66.0 
62.0 58.0 62.0 63.0 
62.0 60.0 61.0 61.0 
74.0 60.0 74.0 70.0 
64.0 59.0 66.0 67.0 
62.0 59.0 61.0 63.0 
61.0 60.0 60.0 62.0 
74.0 60.0 73.0 71.0 
63.0 59.0 66.0 67.0 
61.0 60.0 61.0 63.0 
61.0 61.0 61.0 61.0 
72.0 60.0 73.0 72.0 
64.0 59.0 67.0 67.0 
62.0 59.0 62.0 63.0 
61.0 60.0 61.0 61.0 
75.0 59.0 72.0 68.0 
64.0 59.0 66.0 66.0 
62.0 61.0 61.0 63.0 
61.0 60.0 61.0 62.0 
75.0 60.0 73.0 71.0 
64.0 58.0 66.0 68.0 
62.0 59.0 62.0 63.0 
61.0 60.0 61.0 60.0 
75.0 60.0 73.0 70.0 
64.0 59.0 66.0 67.0 
62.0 59.0 62.0 63.0 
61.0 61.0 61.0 62.0 
74.0 59.0 73.0 71.0 
63.0 58.0 66.0 66.0 
61.0 59.0 61.0 62.0 
61.0 60.0 60.0 61.0 
74.0 60.0 73.0 70.0 
63.0 59.0 66.0 67.0 
62.0 59.0 62.0 62.0 
60.0 60.0 61.0 61.0 
74.0 60.0 74.0 71.0 
64.0 59.0 66.0 67.0 
62.0 60.0 61.0 64.0 
62.0 60.0 60.0 61.0 
74.0 59.0 73.0 70.0 
64.0 58.0 66.0 66.0 
62.0 59.0 61.0 63.0 
61.0 60.0 59.0 61.0 
74.0 61.0 73.0 70.0 
64.0 59.0 65.0 67.0 
61.0 59.0 61.0 64.0 
60.0 60.0 60.0 61.0 
74.0 60.0 73.0 70.0 
63.0 59.0 66.0 66.0 
62.0 59.0 63.0 64.0 
60.0 61.0 61.0 61.0 
74.0 59.0 74.0 70.0 
63.0 59.0 66.0 67.0 
63.0 59.0 62.0 63.0 
60.0 59.0 60.0 61.0 
75.0 59.0 73.0 71.0 
63.0 57.0 66.0 67.0 
61.0 60.0 61.0 64.0 
61.0 60.0 60.0 62.0 
74.0 60.0 73.0 70.0 
63.0 59.0 66.0 66.0 
62.0 59.0 61.0 63.0 
61.0 60.0 61.0 61.0 
74.0 60.0 73.0 71.0 
64.0 59.0 66.0 67.0 
62.0 58.0 62.0 64.0 
60.0 60.0 60.0 61.0 
74.0 59.0 72.0 70.0 
63.0 59.0 66.0 68.0 
61.0 60.0 62.0 64.0 
61.0 61.0 60.0 61.0 
73.0 60.0 71.0 71.0 
64.0 58.0 66.0 66.0 
61.0 60.0 61.0 63.0 
60.0 60.0 61.0 61.0 
74.0 59.0 72.0 71.0 
63.0 58.0 65.0 66.0 
61.0 59.0 62.0 63.0 
60.0 60.0 60.0 62.0 
74.0 60.0 72.0 71.0 
63.0 59.0 66.0 67.0 
62.0 59.0 61.0 63.0 
61.0 60.0 60.0 63.0 
73.0 60.0 73.0 71.0 
63.0 60.0 65.0 66.0 
62.0 59.0 62.0 63.0 
61.0 60.0 61.0 61.0 
74.0 59.0 74.0 71.0 
63.0 59.0 65.0 66.0 
62.0 60.0 62.0 63.0 
61.0 60.0 60.0 61.0 
74.0 60.0 74.0 70.0 
62.0 60.0 65.0 65.0 
62.0 60.0 62.0 63.0 
62.0 60.0 61.0 61.0 
74.0 59.0 73.0 71.0 
63.0 59.0 65.0 65.0 
62.0 59.0 61.0 64.0 
61.0 60.0 61.0 61.0 
74.0 60.0 74.0 70.0 
64.0 59.0 65.0 66.0 
62.0 60.0 62.0 63.0 
61.0 60.0 61.0 61.0 
74.0 60.0 73.0 71.0 
63.0 59.0 66.0 65.0 
62.0 58.0 62.0 63.0 
61.0 61.0 60.0 62.0 
73.0 60.0 73.0 72.0 
61.0 59.0 64.0 65.0 
63.0 60.0 62.0 63.0 
61.0 60.0 60.0 61.0 
74.0 60.0 72.0 71.0 
61.0 58.0 64.0 65.0 
62.0 59.0 62.0 63.0 
61.0 59.0 61.0 61.0 
76.0 60.0 72.0 72.0 
63.0 59.0 64.0 66.0 
63.0 58.0 62.0 63.0 
61.0 60.0 61.0 61.0 
74.0 60.0 73.0 70.0 
63.0 59.0 65.0 66.0 
62.0 59.0 61.0 63.0 
60.0 61.0 61.0 61.0 
74.0 59.0 72.0 70.0 
63.0 59.0 64.0 66.0 
62.0 59.0 61.0 63.0 
60.0 61.0 60.0 62.0 
74.0 59.0 72.0 71.0 
63.0 58.0 65.0 66.0 
62.0 60.0 61.0 63.0 
61.0 60.0 61.0 61.0 
74.0 60.0 73.0 70.0 
64.0 59.0 65.0 66.0 
62.0 60.0 61.0 64.0 
62.0 60.0 62.0 62.0 
74.0 60.0 72.0 70.0 
63.0 59.0 65.0 67.0 
62.0 59.0 61.0 63.0 
61.0 60.0 61.0 61.0 
74.0 60.0 73.0 71.0 
63.0 58.0 65.0 67.0 
62.0 60.0 62.0 63.0 
61.0 60.0 61.0 62.0 
74.0 58.0 73.0 71.0 
63.0 58.0 65.0 65.0 
62.0 61.0 61.0 63.0 
61.0 60.0 61.0 61.0 
74.0 60.0 73.0 70.0 
64.0 58.0 66.0 65.0 
62.0 60.0 62.0 63.0 
61.0 60.0 60.0 62.0 
75.0 60.0 74.0 71.0 
62.0 59.0 64.0 64.0 
61.0 60.0 61.0 63.0 
61.0 61.0 61.0 61.0 
73.0 60.0 73.0 71.0 
62.0 58.0 63.0 64.0 
62.0 58.0 62.0 63.0 
61.0 61.0 61.0 62.0 
74.0 61.0 73.0 71.0 
62.0 58.0 64.0 64.0 
61.0 60.0 61.0 63.0 
61.0 60.0 61.0 62.0 
74.0 60.0 74.0 71.0 
62.0 58.0 64.0 64.0 
62.0 61.0 61.0 63.0 
61.0 60.0 61.0 62.0 
74.0 60.0 74.0 71.0 
61.0 59.0 64.0 64.0 
62.0 61.0 62.0 63.0 
61.0 60.0 61.0 62.0 
75.0 59.0 74.0 71.0 
62.0 58.0 64.0 65.0 
62.0 59.0 61.0 63.0 
61.0 61.0 60.0 62.0 
74.0 60.0 73.0 70.0 
63.0 58.0 66.0 65.0 
61.0 61.0 61.0 63.0 
61.0 60.0 61.0 61.0 
76.0 60.0 73.0 70.0 
62.0 60.0 65.0 66.0 
61.0 59.0 62.0 63.0 
61.0 59.0 61.0 62.0 
74.0 60.0 73.0 70.0 
63.0 58.0 66.0 66.0 
62.0 60.0 62.0 63.0 
61.0 60.0 61.0 62.0 
74.0 59.0 73.0 71.0 
63.0 59.0 65.0 66.0 
61.0 59.0 61.0 63.0 
62.0 60.0 60.0 61.0 
74.0 60.0 73.0 70.0 
63.0 59.0 65.0 66.0 
62.0 59.0 61.0 63.0 
62.0 60.0 61.0 61.0 
74.0 58.0 72.0 71.0 
63.0 59.0 67.0 66.0 
61.0 60.0 62.0 63.0 
61.0 60.0 60.0 61.0 
73.0 59.0 73.0 71.0 
63.0 60.0 66.0 67.0 
61.0 60.0 61.0 62.0 
61.0 62.0 61.0 60.0 
74.0 59.0 73.0 70.0 
63.0 59.0 65.0 66.0 
61.0 60.0 61.0 63.0 
61.0 59.0 61.0 62.0 
74.0 60.0 73.0 70.0 
64.0 58.0 66.0 66.0 
61.0 59.0 61.0 62.0 
61.0 61.0 61.0 61.0 
74.0 59.0 72.0 70.0 
63.0 59.0 65.0 67.0 
62.0 59.0 61.0 62.0 
61.0 60.0 60.0 61.0 
74.0 61.0 72.0 70.0 
63.0 58.0 66.0 66.0 
61.0 59.0 61.0 63.0 
60.0 60.0 61.0 60.0 
73.0 60.0 72.0 69.0 
63.0 60.0 66.0 67.0 
62.0 59.0 61.0 63.0 
62.0 60.0 61.0 63.0 
73.0 59.0 73.0 70.0 
63.0 59.0 65.0 67.0 
61.0 59.0 62.0 63.0 
61.0 59.0 61.0 61.0 
73.0 60.0 72.0 70.0 
63.0 58.0 66.0 67.0 
61.0 58.0 60.0 63.0 
61.0 61.0 60.0 62.0 
74.0 59.0 73.0 70.0 
64.0 59.0 66.0 68.0 
62.0 59.0 61.0 63.0 
61.0 60.0 60.0 61.0 
73.0 60.0 72.0 70.0 
64.0 59.0 66.0 66.0 
61.0 59.0 61.0 63.0 
61.0 60.0 60.0 61.0 
73.0 60.0 72.0 70.0 
64.0 59.0 67.0 67.0 
61.0 61.0 61.0 62.0 
61.0 61.0 61.0 61.0 
74.0 61.0 72.0 70.0 
64.0 59.0 65.0 67.0 
61.0 60.0 61.0 63.0 
61.0 60.0 61.0 61.0 
74.0 61.0 73.0 71.0 
64.0 59.0 66.0 67.0 
62.0 58.0 62.0 63.0 
61.0 60.0 60.0 61.0 
75.0 60.0 73.0 71.0 
64.0 59.0 66.0 67.0 
61.0 59.0 61.0 63.0 
61.0 60.0 61.0 61.0 
75.0 61.0 73.0 71.0 
64.0 58.0 66.0 66.0 
62.0 58.0 62.0 63.0 
61.0 60.0 61.0 60.0 
75.0 60.0 73.0 71.0 
63.0 59.0 66.0 67.0 
62.0 59.0 61.0 62.0 
61.0 60.0 60.0 62.0 
75.0 60.0 72.0 71.0 
63.0 58.0 65.0 67.0 
62.0 59.0 61.0 63.0 
61.0 61.0 61.0 61.0 
75.0 59.0 74.0 70.0 
63.0 59.0 65.0 66.0 
61.0 59.0 61.0 63.0 
61.0 59.0 60.0 61.0 
75.0 59.0 73.0 71.0 
65.0 59.0 65.0 66.0 
62.0 59.0 61.0 63.0 
60.0 59.0 61.0 61.0 
75.0 59.0 73.0 71.0 
63.0 59.0 65.0 66.0 
62.0 59.0 61.0 63.0 
61.0 60.0 60.0 61.0 
74.0 59.0 73.0 70.0 
63.0 59.0 66.0 67.0 
62.0 59.0 62.0 63.0 
61.0 61.0 61.0 61.0 
75.0 59.0 73.0 69.0 
63.0 59.0 66.0 67.0 
61.0 60.0 61.0 63.0 
61.0 60.0 60.0 61.0 
76.0 59.0 72.0 70.0 
62.0 59.0 66.0 66.0 
62.0 59.0 62.0 63.0 
60.0 59.0 60.0 62.0 
74.0 60.0 73.0 70.0 
64.0 59.0 67.0 66.0 
61.0 59.0 62.0 63.0 
61.0 61.0 60.0 61.0 
74.0 59.0 74.0 70.0 
63.0 60.0 65.0 66.0 
62.0 60.0 60.0 63.0 
61.0 61.0 59.0 62.0 
73.0 59.0 73.0 70.0 
63.0 59.0 65.0 66.0 
61.0 60.0 61.0 63.0 
61.0 60.0 61.0 62.0 
73.0 60.0 74.0 70.0 
63.0 60.0 65.0 67.0 
61.0 60.0 61.0 63.0 
62.0 59.0 61.0 61.0 
74.0 60.0 73.0 70.0 
63.0 59.0 66.0 67.0 
61.0 60.0 61.0 63.0 
61.0 59.0 61.0 61.0 
74.0 60.0 72.0 69.0 
64.0 59.0 64.0 67.0 
60.0 59.0 61.0 63.0 
61.0 60.0 61.0 62.0 
73.0 60.0 73.0 71.0 
63.0 59.0 66.0 66.0 
61.0 59.0 61.0 63.0 
61.0 59.0 60.0 61.0 
74.0 60.0 73.0 70.0 
64.0 59.0 65.0 66.0 
62.0 59.0 61.0 63.0 
60.0 59.0 61.0 61.0 
74.0 59.0 74.0 70.0 
64.0 59.0 65.0 66.0 
60.0 60.0 62.0 63.0 
60.0 61.0 60.0 62.0 
74.0 60.0 74.0 70.0 
63.0 59.0 65.0 66.0 
62.0 59.0 61.0 62.0 
61.0 60.0 61.0 62.0 
74.0 60.0 73.0 71.0 
62.0 59.0 65.0 66.0 
62.0 58.0 61.0 63.0 
60.0 61.0 61.0 60.0 
74.0 59.0 73.0 71.0 
64.0 59.0 66.0 67.0 
62.0 60.0 62.0 63.0 
61.0 60.0 62.0 61.0 
75.0 60.0 73.0 70.0 
63.0 60.0 66.0 66.0 
62.0 59.0 61.0 63.0 
61.0 60.0 61.0 61.0 
74.0 60.0 74.0 71.0 
64.0 59.0 65.0 66.0 
61.0 59.0 61.0 63.0 
60.0 61.0 61.0 61.0 
75.0 59.0 73.0 71.0 
63.0 59.0 65.0 67.0 
62.0 58.0 61.0 64.0 
62.0 59.0 62.0 60.0 
74.0 59.0 71.0 70.0 
63.0 59.0 65.0 67.0 
62.0 59.0 61.0 63.0 
61.0 60.0 60.0 61.0 
74.0 60.0 73.0 71.0 
64.0 59.0 66.0 66.0 
62.0 59.0 61.0 63.0 
61.0 61.0 60.0 61.0 
80.0 59.0 73.0 70.0 
64.0 59.0 65.0 67.0 
60.0 60.0 61.0 63.0 
62.0 60.0 60.0 61.0 
77.0 59.0 73.0 71.0 
63.0 58.0 65.0 66.0 
62.0 59.0 63.0 62.0 
61.0 60.0 60.0 62.0 
74.0 60.0 73.0 71.0 
63.0 58.0 65.0 67.0 
62.0 61.0 61.0 63.0 
61.0 59.0 60.0 61.0 
75.0 59.0 73.0 71.0 
63.0 60.0 65.0 66.0 
62.0 59.0 61.0 63.0 
62.0 60.0 60.0 62.0 
74.0 59.0 73.0 71.0 
63.0 59.0 65.0 66.0 
61.0 60.0 61.0 63.0 
61.0 60.0 60.0 62.0 
75.0 59.0 73.0 71.0 
63.0 59.0 65.0 67.0 
61.0 60.0 60.0 63.0 
62.0 60.0 61.0 62.0 
75.0 60.0 73.0 72.0 
64.0 58.0 65.0 66.0 
61.0 60.0 61.0 64.0 
61.0 61.0 60.0 63.0 
75.0 59.0 73.0 71.0 
62.0 59.0 65.0 67.0 
61.0 60.0 60.0 63.0 
60.0 60.0 61.0 61.0 
74.0 59.0 73.0 70.0 
63.0 58.0 65.0 66.0 
62.0 60.0 61.0 63.0 
61.0 61.0 61.0 61.0 
75.0 59.0 73.0 71.0 
63.0 59.0 65.0 66.0 
62.0 60.0 61.0 63.0 
61.0 60.0 60.0 62.0 
75.0 60.0 73.0 71.0 
63.0 59.0 65.0 65.0 
61.0 61.0 61.0 63.0 
60.0 60.0 60.0 61.0 
75.0 59.0 73.0 71.0 
63.0 59.0 64.0 67.0 
62.0 59.0 62.0 62.0 
60.0 61.0 60.0 63.0 
74.0 61.0 73.0 71.0 
63.0 58.0 66.0 66.0 
61.0 59.0 61.0 63.0 
61.0 60.0 61.0 62.0 
74.0 60.0 73.0 71.0 
64.0 59.0 66.0 66.0 
61.0 59.0 62.0 62.0 
60.0 60.0 61.0 62.0 
75.0 60.0 74.0 70.0 
62.0 59.0 65.0 66.0 
62.0 59.0 61.0 62.0 
61.0 61.0 60.0 62.0 
74.0 60.0 73.0 71.0 
63.0 59.0 66.0 67.0 
60.0 59.0 61.0 63.0 
61.0 60.0 61.0 62.0 
75.0 59.0 74.0 70.0 
62.0 59.0 65.0 66.0 
62.0 59.0 63.0 63.0 
61.0 60.0 61.0 61.0 
74.0 59.0 74.0 71.0 
63.0 59.0 65.0 66.0 
61.0 59.0 61.0 64.0 
61.0 60.0 60.0 62.0 
75.0 59.0 74.0 71.0 
63.0 59.0 66.0 66.0 
61.0 59.0 62.0 63.0 
61.0 61.0 61.0 62.0 
74.0 59.0 74.0 70.0 
62.0 59.0 64.0 66.0 
62.0 59.0 61.0 63.0 
62.0 60.0 61.0 62.0 
75.0 60.0 73.0 71.0 
63.0 59.0 65.0 68.0 
62.0 59.0 60.0 63.0 
62.0 60.0 61.0 62.0 
75.0 59.0 74.0 70.0 
63.0 59.0 65.0 65.0 
62.0 58.0 60.0 64.0 
61.0 60.0 61.0 61.0 
74.0 59.0 74.0 70.0 
63.0 59.0 65.0 66.0 
62.0 60.0 61.0 63.0 
62.0 60.0 61.0 61.0 
76.0 59.0 74.0 71.0 
63.0 58.0 66.0 66.0 
61.0 60.0 61.0 63.0 
61.0 60.0 60.0 62.0 
76.0 60.0 74.0 70.0 
63.0 58.0 65.0 66.0 
61.0 60.0 61.0 63.0 
61.0 60.0 61.0 61.0 
77.0 61.0 74.0 71.0 
63.0 59.0 65.0 66.0 
61.0 60.0 62.0 63.0 
61.0 60.0 60.0 62.0 
77.0 59.0 74.0 71.0 
65.0 59.0 65.0 66.0 
62.0 61.0 62.0 63.0 
61.0 59.0 61.0 62.0 
77.0 59.0 74.0 70.0 
63.0 59.0 65.0 66.0 
61.0 59.0 62.0 63.0 
62.0 60.0 60.0 62.0 
77.0 60.0 73.0 71.0 
63.0 59.0 64.0 65.0 
61.0 59.0 61.0 63.0 
61.0 60.0 61.0 61.0 
80.0 61.0 74.0 72.0 
64.0 60.0 65.0 66.0 
62.0 59.0 61.0 62.0 
61.0 60.0 62.0 61.0 
78.0 61.0 74.0 70.0 
63.0 58.0 66.0 66.0 
62.0 59.0 62.0 63.0 
61.0 60.0 60.0 62.0 
78.0 60.0 74.0 71.0 
63.0 59.0 65.0 66.0 
62.0 59.0 61.0 64.0 
61.0 60.0 61.0 62.0 
78.0 59.0 74.0 71.0 
63.0 58.0 65.0 65.0 
61.0 59.0 62.0 63.0 
61.0 60.0 60.0 61.0 
77.0 60.0 73.0 71.0 
64.0 58.0 66.0 67.0 
62.0 60.0 61.0 63.0 
61.0 60.0 61.0 61.0 
77.0 59.0 74.0 71.0 
63.0 59.0 65.0 66.0 
61.0 60.0 62.0 63.0 
60.0 60.0 61.0 62.0 
78.0 60.0 74.0 71.0 
62.0 59.0 65.0 66.0 
61.0 59.0 62.0 63.0 
62.0 60.0 61.0 62.0 
78.0 60.0 74.0 71.0 
62.0 59.0 65.0 65.0 
62.0 59.0 62.0 63.0 
61.0 60.0 61.0 61.0 
78.0 59.0 74.0 72.0 
62.0 59.0 64.0 66.0 
61.0 59.0 62.0 64.0 
61.0 59.0 60.0 61.0 
78.0 59.0 74.0 72.0 
63.0 59.0 65.0 66.0 
62.0 59.0 62.0 63.0 
62.0 60.0 61.0 61.0 
79.0 59.0 74.0 72.0 
64.0 59.0 64.0 66.0 
62.0 59.0 61.0 63.0 
61.0 60.0 61.0 61.0 
78.0 58.0 74.0 72.0 
63.0 59.0 65.0 66.0 
61.0 60.0 62.0 62.0 
61.0 60.0 61.0 61.0 
77.0 59.0 75.0 72.0 
62.0 59.0 65.0 66.0 
61.0 59.0 62.0 63.0 
61.0 60.0 61.0 62.0 
78.0 60.0 74.0 71.0 
63.0 59.0 65.0 66.0 
61.0 61.0 61.0 63.0 
61.0 61.0 61.0 61.0 
77.0 59.0 75.0 72.0 
63.0 60.0 65.0 66.0 
62.0 59.0 61.0 63.0 
61.0 60.0 61.0 62.0 
77.0 59.0 73.0 72.0 
63.0 60.0 65.0 65.0 
61.0 60.0 62.0 63.0 
61.0 60.0 60.0 62.0 
77.0 60.0 74.0 72.0 
63.0 58.0 65.0 66.0 
62.0 59.0 62.0 62.0 
61.0 61.0 60.0 61.0 
78.0 59.0 74.0 71.0 
64.0 58.0 65.0 66.0 
61.0 60.0 61.0 63.0 
61.0 60.0 61.0 62.0 
78.0 59.0 74.0 72.0 
63.0 58.0 65.0 66.0 
61.0 59.0 62.0 63.0 
61.0 59.0 61.0 62.0 
76.0 60.0 75.0 71.0 
63.0 59.0 65.0 66.0 
62.0 59.0 62.0 64.0 
61.0 59.0 62.0 61.0 
76.0 60.0 73.0 73.0 
62.0 58.0 65.0 66.0 
61.0 59.0 62.0 63.0 
61.0 60.0 61.0 61.0 
74.0 59.0 74.0 73.0 
63.0 59.0 64.0 66.0 
61.0 61.0 62.0 63.0 
61.0 61.0 62.0 62.0 
76.0 60.0 74.0 72.0 
63.0 60.0 65.0 66.0 
61.0 59.0 61.0 63.0 
61.0 60.0 61.0 62.0 
75.0 60.0 73.0 71.0 
63.0 58.0 65.0 67.0 
61.0 60.0 61.0 64.0 
61.0 61.0 61.0 61.0 
78.0 59.0 75.0 72.0 
63.0 58.0 65.0 65.0 
61.0 59.0 61.0 62.0 
61.0 60.0 60.0 61.0 
78.0 60.0 74.0 72.0 
63.0 58.0 65.0 67.0 
61.0 60.0 62.0 62.0 
61.0 59.0 61.0 62.0 
77.0 60.0 74.0 71.0 
63.0 58.0 65.0 66.0 
62.0 59.0 63.0 63.0 
62.0 60.0 61.0 62.0 
76.0 59.0 74.0 72.0 
63.0 59.0 65.0 66.0 
61.0 58.0 62.0 62.0 
61.0 59.0 60.0 62.0 
76.0 60.0 74.0 72.0 
63.0 59.0 65.0 66.0 
61.0 60.0 62.0 63.0 
62.0 60.0 61.0 62.0 
76.0 59.0 74.0 71.0 
63.0 59.0 66.0 67.0 
62.0 60.0 62.0 63.0 
61.0 60.0 60.0 62.0 
78.0 60.0 74.0 72.0 
63.0 58.0 65.0 66.0 
62.0 58.0 62.0 63.0 
61.0 61.0 61.0 62.0 
77.0 60.0 74.0 73.0 
63.0 59.0 65.0 66.0 
61.0 59.0 63.0 64.0 
62.0 60.0 61.0 61.0 
77.0 59.0 74.0 71.0 
63.0 59.0 65.0 66.0 
62.0 59.0 62.0 63.0 
60.0 59.0 61.0 61.0 
78.0 59.0 74.0 71.0 
64.0 59.0 65.0 66.0 
62.0 59.0 61.0 62.0 
62.0 60.0 61.0 62.0 
78.0 59.0 74.0 72.0 
63.0 59.0 65.0 67.0 
61.0 60.0 61.0 63.0 
61.0 60.0 61.0 61.0 
78.0 60.0 74.0 72.0 
63.0 59.0 65.0 66.0 
62.0 59.0 62.0 63.0 
61.0 61.0 61.0 62.0 
78.0 59.0 74.0 72.0 
63.0 59.0 64.0 66.0 
63.0 59.0 61.0 63.0 
60.0 60.0 61.0 61.0 
78.0 60.0 74.0 72.0 
63.0 57.0 65.0 65.0 
61.0 59.0 62.0 62.0 
61.0 59.0 61.0 62.0 
78.0 61.0 73.0 73.0 
63.0 59.0 65.0 67.0 
62.0 60.0 61.0 62.0 
62.0 60.0 61.0 60.0 
79.0 60.0 73.0 71.0 
63.0 59.0 65.0 66.0 
62.0 59.0 62.0 63.0 
61.0 60.0 61.0 61.0 
79.0 60.0 73.0 72.0 
63.0 59.0 66.0 66.0 
62.0 60.0 62.0 63.0 
61.0 60.0 60.0 62.0 
76.0 60.0 74.0 72.0 
64.0 57.0 65.0 67.0 
62.0 59.0 62.0 63.0 
60.0 60.0 61.0 61.0 
81.0 58.0 73.0 71.0 
63.0 59.0 66.0 66.0 
61.0 59.0 61.0 63.0 
62.0 60.0 60.0 61.0 
78.0 60.0 74.0 72.0 
63.0 58.0 65.0 67.0 
61.0 60.0 61.0 62.0 
61.0 61.0 61.0 61.0 
77.0 60.0 73.0 71.0 
63.0 59.0 65.0 66.0 
62.0 59.0 62.0 63.0 
62.0 60.0 61.0 61.0 
79.0 60.0 73.0 71.0 
63.0 59.0 65.0 67.0 
61.0 61.0 61.0 63.0 
60.0 60.0 61.0 62.0 
78.0 59.0 74.0 73.0 
63.0 59.0 65.0 66.0 
62.0 59.0 61.0 63.0 
61.0 60.0 60.0 61.0 
80.0 60.0 73.0 72.0 
63.0 58.0 65.0 67.0 
62.0 59.0 61.0 63.0 
61.0 61.0 61.0 61.0 
79.0 59.0 73.0 72.0 
64.0 59.0 65.0 66.0 
61.0 60.0 62.0 63.0 
61.0 61.0 60.0 61.0 
80.0 60.0 73.0 71.0 
63.0 59.0 67.0 66.0 
61.0 60.0 61.0 63.0 
61.0 60.0 61.0 62.0 
78.0 61.0 73.0 71.0 
63.0 60.0 64.0 66.0 
62.0 60.0 61.0 63.0 
61.0 61.0 60.0 61.0 
78.0 60.0 74.0 71.0 
62.0 59.0 66.0 66.0 
61.0 60.0 61.0 63.0 
61.0 60.0 61.0 62.0 
79.0 59.0 73.0 72.0 
62.0 58.0 64.0 66.0 
62.0 59.0 62.0 63.0 
61.0 60.0 61.0 62.0 
77.0 59.0 73.0 71.0 
63.0 59.0 66.0 66.0 
62.0 59.0 62.0 62.0 
61.0 60.0 60.0 62.0 
75.0 61.0 74.0 72.0 
63.0 58.0 65.0 65.0 
63.0 59.0 61.0 63.0 
61.0 61.0 61.0 62.0 
75.0 60.0 73.0 72.0 
64.0 59.0 65.0 66.0 
61.0 60.0 62.0 62.0 
60.0 60.0 60.0 62.0 
75.0 60.0 72.0 72.0 
63.0 58.0 65.0 66.0 
62.0 60.0 60.0 63.0 
61.0 59.0 61.0 62.0 
74.0 61.0 73.0 70.0 
63.0 58.0 65.0 66.0 
61.0 59.0 62.0 63.0 
61.0 61.0 61.0 62.0 
74.0 60.0 73.0 72.0 
63.0 58.0 66.0 66.0 
61.0 59.0 61.0 63.0 
62.0 60.0 61.0 61.0 
75.0 60.0 74.0 71.0 
63.0 58.0 64.0 67.0 
62.0 58.0 61.0 62.0 
61.0 60.0 60.0 61.0 
75.0 60.0 73.0 71.0 
63.0 59.0 65.0 66.0 
62.0 59.0 62.0 63.0 
61.0 59.0 61.0 61.0 
73.0 60.0 74.0 71.0 
63.0 59.0 65.0 65.0 
61.0 60.0 62.0 63.0 
61.0 60.0 60.0 62.0 
74.0 60.0 73.0 70.0 
63.0 58.0 65.0 67.0 
61.0 59.0 61.0 63.0 
62.0 60.0 61.0 62.0 
73.0 59.0 73.0 71.0 
63.0 59.0 65.0 66.0 
62.0 58.0 61.0 63.0 
62.0 60.0 59.0 62.0 
74.0 60.0 74.0 70.0 
63.0 59.0 65.0 67.0 
61.0 58.0 61.0 62.0 
61.0 60.0 61.0 62.0 
75.0 59.0 73.0 71.0 
64.0 58.0 65.0 66.0 
62.0 59.0 61.0 63.0 
62.0 60.0 60.0 61.0 
75.0 59.0 72.0 71.0 
62.0 59.0 65.0 66.0 
62.0 59.0 61.0 63.0 
61.0 60.0 60.0 61.0 
74.0 60.0 74.0 71.0 
63.0 59.0 65.0 66.0 
61.0 59.0 61.0 63.0 
61.0 60.0 61.0 62.0 
73.0 60.0 73.0 71.0 
63.0 59.0 64.0 66.0 
62.0 60.0 61.0 63.0 
61.0 60.0 61.0 62.0 
73.0 60.0 73.0 71.0 
62.0 60.0 64.0 66.0 
61.0 60.0 62.0 63.0 
62.0 60.0 62.0 61.0 
73.0 60.0 73.0 71.0 
62.0 58.0 64.0 67.0 
62.0 60.0 61.0 63.0 
61.0 60.0 61.0 62.0 
73.0 60.0 74.0 71.0 
63.0 59.0 64.0 66.0 
62.0 60.0 60.0 63.0 
61.0 60.0 61.0 62.0 
72.0 60.0 73.0 71.0 
63.0 59.0 65.0 66.0 
61.0 59.0 60.0 63.0 
61.0 60.0 62.0 61.0 
73.0 60.0 73.0 71.0 
63.0 59.0 64.0 66.0 
61.0 58.0 61.0 62.0 
61.0 60.0 61.0 61.0 
72.0 58.0 74.0 71.0 
64.0 59.0 65.0 65.0 
61.0 59.0 61.0 63.0 
61.0 61.0 60.0 62.0 
73.0 60.0 74.0 71.0 
63.0 59.0 65.0 67.0 
61.0 59.0 60.0 63.0 
61.0 60.0 61.0 60.0 
72.0 59.0 74.0 71.0 
63.0 59.0 64.0 66.0 
61.0 60.0 60.0 63.0 
61.0 60.0 61.0 61.0 
73.0 59.0 74.0 71.0 
62.0 59.0 65.0 66.0 
62.0 59.0 61.0 63.0 
61.0 60.0 60.0 62.0 
73.0 60.0 73.0 70.0 
63.0 59.0 65.0 67.0 
62.0 59.0 61.0 63.0 
61.0 61.0 62.0 62.0 
73.0 61.0 73.0 72.0 
63.0 59.0 65.0 66.0 
61.0 59.0 61.0 63.0 
60.0 59.0 61.0 61.0 
72.0 59.0 73.0 71.0 
63.0 59.0 65.0 66.0 
61.0 60.0 62.0 62.0 
61.0 61.0 60.0 62.0 
73.0 59.0 73.0 71.0 
63.0 59.0 64.0 65.0 
61.0 60.0 61.0 63.0 
61.0 59.0 62.0 61.0 
73.0 59.0 73.0 70.0 
62.0 59.0 63.0 65.0 
62.0 60.0 62.0 63.0 
61.0 61.0 61.0 63.0 
72.0 60.0 73.0 71.0 
62.0 59.0 64.0 65.0 
62.0 59.0 61.0 63.0 
62.0 60.0 61.0 62.0 
73.0 59.0 74.0 70.0 
63.0 59.0 64.0 65.0 
62.0 59.0 62.0 63.0 
61.0 61.0 60.0 62.0 
72.0 60.0 73.0 71.0 
63.0 59.0 64.0 65.0 
61.0 60.0 61.0 63.0 
61.0 60.0 60.0 62.0 
72.0 59.0 74.0 71.0 
63.0 58.0 65.0 66.0 
62.0 59.0 61.0 63.0 
61.0 60.0 60.0 62.0 
72.0 60.0 73.0 71.0 
63.0 59.0 65.0 66.0 
62.0 59.0 61.0 63.0 
61.0 59.0 61.0 61.0 
72.0 60.0 73.0 72.0 
63.0 59.0 64.0 66.0 
61.0 59.0 60.0 63.0 
61.0 59.0 61.0 62.0 
73.0 58.0 74.0 70.0 
63.0 60.0 64.0 65.0 
62.0 59.0 62.0 62.0 
61.0 60.0 61.0 62.0 
72.0 61.0 73.0 71.0 
63.0 59.0 65.0 66.0 
62.0 60.0 61.0 63.0 
62.0 60.0 61.0 62.0 
72.0 60.0 73.0 71.0 
62.0 58.0 65.0 66.0 
62.0 59.0 62.0 63.0 
61.0 60.0 61.0 62.0 
72.0 59.0 74.0 71.0 
63.0 60.0 65.0 66.0 
62.0 59.0 61.0 63.0 
62.0 59.0 61.0 61.0 
72.0 60.0 74.0 70.0 
63.0 59.0 65.0 66.0 
61.0 60.0 62.0 62.0 
62.0 59.0 61.0 61.0 
72.0 60.0 73.0 71.0 
63.0 59.0 65.0 65.0 
62.0 59.0 62.0 62.0 
61.0 61.0 61.0 62.0 
72.0 59.0 73.0 71.0 
63.0 59.0 64.0 65.0 
62.0 59.0 61.0 63.0 
61.0 60.0 61.0 61.0 
72.0 60.0 74.0 71.0 
62.0 59.0 64.0 65.0 
62.0 60.0 61.0 64.0 
61.0 60.0 60.0 62.0 
72.0 58.0 73.0 71.0 
62.0 59.0 65.0 64.0 
61.0 60.0 61.0 64.0 
61.0 60.0 60.0 61.0 
72.0 60.0 73.0 72.0 
63.0 58.0 65.0 66.0 
62.0 60.0 61.0 63.0 
61.0 60.0 60.0 61.0 
73.0 59.0 74.0 71.0 
63.0 59.0 65.0 66.0 
61.0 59.0 61.0 63.0 
61.0 61.0 60.0 62.0 
72.0 60.0 74.0 71.0 
63.0 60.0 65.0 65.0 
62.0 59.0 60.0 63.0 
61.0 60.0 61.0 62.0 
73.0 60.0 72.0 71.0 
63.0 59.0 63.0 66.0 
61.0 60.0 61.0 63.0 
61.0 61.0 61.0 62.0 
73.0 59.0 73.0 71.0 
64.0 59.0 65.0 66.0 
62.0 60.0 61.0 63.0 
61.0 61.0 60.0 62.0 
74.0 60.0 74.0 71.0 
63.0 59.0 65.0 66.0 
62.0 59.0 61.0 63.0 
61.0 60.0 61.0 62.0 
72.0 59.0 73.0 71.0 
63.0 58.0 65.0 66.0 
62.0 60.0 62.0 63.0 
61.0 60.0 61.0 62.0 
72.0 60.0 73.0 71.0 
63.0 58.0 65.0 67.0 
61.0 60.0 61.0 63.0 
62.0 60.0 60.0 61.0 
71.0 60.0 74.0 71.0 
62.0 58.0 64.0 65.0 
62.0 58.0 61.0 63.0 
62.0 60.0 61.0 61.0 
71.0 60.0 73.0 71.0 
63.0 58.0 64.0 65.0 
62.0 60.0 61.0 63.0 
62.0 60.0 61.0 62.0 
69.0 59.0 74.0 71.0 
63.0 58.0 63.0 63.0 
62.0 59.0 63.0 64.0 
62.0 60.0 61.0 61.0 
70.0 59.0 73.0 70.0 
62.0 60.0 63.0 64.0 
62.0 60.0 62.0 62.0 
61.0 61.0 61.0 62.0 
68.0 60.0 74.0 71.0 
62.0 59.0 65.0 67.0 
61.0 60.0 62.0 63.0 
62.0 61.0 62.0 61.0 
67.0 58.0 73.0 70.0 
63.0 58.0 65.0 67.0 
61.0 60.0 60.0 63.0 
61.0 59.0 60.0 62.0 
66.0 61.0 73.0 70.0 
64.0 59.0 65.0 67.0 
61.0 59.0 61.0 63.0 
62.0 60.0 61.0 61.0 
64.0 60.0 72.0 70.0 
64.0 58.0 66.0 67.0 
62.0 59.0 61.0 63.0 
62.0 59.0 61.0 61.0 
64.0 60.0 73.0 70.0 
63.0 59.0 66.0 66.0 
62.0 59.0 61.0 62.0 
61.0 61.0 60.0 62.0 
64.0 60.0 73.0 70.0 
64.0 59.0 65.0 66.0 
62.0 60.0 61.0 62.0 
61.0 60.0 61.0 62.0 
64.0 59.0 73.0 69.0 
64.0 59.0 66.0 66.0 
60.0 59.0 60.0 63.0 
62.0 60.0 60.0 62.0 
63.0 59.0 73.0 71.0 
63.0 59.0 66.0 67.0 
61.0 61.0 61.0 63.0 
62.0 60.0 61.0 61.0 
64.0 60.0 73.0 70.0 
64.0 59.0 65.0 67.0 
62.0 58.0 61.0 62.0 
61.0 61.0 61.0 62.0 
64.0 60.0 73.0 70.0 
64.0 59.0 65.0 66.0 
61.0 59.0 61.0 62.0 
62.0 60.0 61.0 62.0 
64.0 60.0 73.0 69.0 
64.0 59.0 66.0 66.0 
62.0 59.0 60.0 63.0 
63.0 59.0 62.0 61.0 
65.0 59.0 74.0 70.0 
64.0 58.0 65.0 67.0 
62.0 59.0 61.0 63.0 
62.0 59.0 61.0 61.0 
63.0 60.0 73.0 69.0 
63.0 59.0 65.0 67.0 
62.0 59.0 62.0 62.0 
61.0 60.0 61.0 61.0 
64.0 60.0 74.0 70.0 
63.0 58.0 65.0 66.0 
61.0 59.0 60.0 63.0 
61.0 60.0 61.0 62.0 
64.0 58.0 73.0 70.0 
63.0 58.0 65.0 67.0 
62.0 59.0 61.0 63.0 
61.0 61.0 61.0 62.0 
65.0 59.0 73.0 69.0 
65.0 59.0 65.0 67.0 
61.0 59.0 60.0 63.0 
61.0 61.0 62.0 61.0 
64.0 59.0 73.0 70.0 
63.0 59.0 66.0 66.0 
62.0 59.0 61.0 63.0 
62.0 61.0 60.0 63.0 
64.0 60.0 73.0 70.0 
64.0 58.0 66.0 67.0 
62.0 60.0 61.0 63.0 
62.0 59.0 60.0 61.0 
64.0 59.0 73.0 70.0 
64.0 59.0 65.0 68.0 
61.0 59.0 61.0 63.0 
62.0 60.0 61.0 62.0 
65.0 59.0 73.0 69.0 
64.0 59.0 65.0 67.0 
62.0 59.0 61.0 62.0 
62.0 60.0 60.0 61.0 
65.0 60.0 72.0 70.0 
64.0 59.0 66.0 67.0 
62.0 59.0 61.0 63.0 
61.0 60.0 61.0 62.0 
66.0 59.0 73.0 70.0 
64.0 59.0 65.0 67.0 
62.0 59.0 61.0 63.0 
61.0 61.0 60.0 62.0 
65.0 60.0 73.0 70.0 
64.0 59.0 65.0 66.0 
62.0 59.0 61.0 63.0 
62.0 60.0 60.0 62.0 
66.0 59.0 73.0 70.0 
64.0 59.0 64.0 66.0 
61.0 59.0 61.0 61.0 
61.0 58.0 60.0 62.0 
67.0 60.0 73.0 70.0 
64.0 59.0 66.0 66.0 
61.0 60.0 61.0 62.0 
63.0 60.0 60.0 62.0 
67.0 62.0 72.0 70.0 
63.0 58.0 65.0 67.0 
61.0 59.0 62.0 62.0 
61.0 60.0 61.0 62.0 
67.0 59.0 72.0 70.0 
63.0 59.0 65.0 67.0 
61.0 59.0 61.0 63.0 
61.0 60.0 60.0 61.0 
67.0 59.0 73.0 70.0 
64.0 58.0 66.0 68.0 
61.0 60.0 61.0 63.0 
62.0 60.0 61.0 61.0 
65.0 60.0 73.0 70.0 
64.0 59.0 65.0 67.0 
62.0 59.0 60.0 62.0 
60.0 61.0 61.0 62.0 
66.0 59.0 72.0 69.0 
64.0 59.0 66.0 66.0 
62.0 59.0 61.0 63.0 
62.0 59.0 59.0 62.0 
65.0 60.0 73.0 70.0 
64.0 58.0 66.0 67.0 
63.0 60.0 60.0 63.0 
62.0 60.0 62.0 62.0 
65.0 59.0 73.0 69.0 
64.0 59.0 65.0 67.0 
62.0 61.0 61.0 63.0 
61.0 60.0 61.0 62.0 
64.0 59.0 73.0 70.0 
64.0 58.0 66.0 66.0 
61.0 59.0 60.0 62.0 
62.0 60.0 61.0 61.0 
65.0 60.0 72.0 70.0 
64.0 60.0 66.0 67.0 
61.0 59.0 60.0 63.0 
61.0 60.0 61.0 61.0 
65.0 61.0 73.0 70.0 
64.0 59.0 65.0 66.0 
61.0 59.0 62.0 63.0 
61.0 59.0 62.0 62.0 
65.0 59.0 74.0 70.0 
64.0 60.0 65.0 67.0 
61.0 59.0 61.0 63.0 
62.0 60.0 61.0 61.0 
66.0 59.0 73.0 70.0 
64.0 59.0 66.0 66.0 
61.0 58.0 61.0 63.0 
61.0 60.0 60.0 62.0 
64.0 60.0 74.0 70.0 
65.0 58.0 66.0 67.0 
61.0 59.0 61.0 63.0 
61.0 60.0 61.0 61.0 
66.0 62.0 72.0 70.0 
63.0 59.0 66.0 67.0 
62.0 59.0 61.0 63.0 
62.0 60.0 61.0 61.0 
65.0 59.0 73.0 70.0 
63.0 58.0 66.0 67.0 
61.0 60.0 61.0 62.0 
62.0 60.0 61.0 61.0 
65.0 60.0 73.0 70.0 
64.0 59.0 65.0 67.0 
62.0 59.0 61.0 62.0 
61.0 61.0 61.0 62.0 
65.0 59.0 73.0 70.0 
63.0 58.0 66.0 68.0 
62.0 60.0 61.0 63.0 
61.0 60.0 60.0 61.0 
65.0 58.0 74.0 70.0 
64.0 58.0 65.0 67.0 
62.0 60.0 61.0 63.0 
61.0 60.0 61.0 61.0 
65.0 58.0 73.0 70.0 
64.0 58.0 66.0 67.0 
62.0 60.0 60.0 63.0 
61.0 61.0 61.0 61.0 
65.0 60.0 73.0 69.0 
63.0 58.0 65.0 66.0 
62.0 59.0 62.0 63.0 
61.0 60.0 61.0 62.0 
64.0 59.0 73.0 70.0 
63.0 59.0 66.0 66.0 
62.0 59.0 61.0 63.0 
62.0 60.0 61.0 61.0 
69.0 60.0 73.0 70.0 
63.0 59.0 65.0 66.0 
62.0 59.0 62.0 63.0 
61.0 60.0 60.0 62.0 
70.0 59.0 74.0 71.0 
64.0 59.0 65.0 66.0 
61.0 58.0 62.0 63.0 
60.0 59.0 61.0 62.0 
70.0 60.0 73.0 71.0 
62.0 59.0 65.0 66.0 
61.0 58.0 62.0 63.0 
62.0 59.0 61.0 62.0 
65.0 60.0 73.0 69.0 
64.0 59.0 66.0 66.0 
62.0 59.0 60.0 63.0 
62.0 60.0 61.0 61.0 
64.0 60.0 73.0 70.0 
63.0 59.0 65.0 66.0 
62.0 60.0 61.0 62.0 
62.0 60.0 61.0 62.0 
65.0 59.0 74.0 70.0 
64.0 59.0 65.0 66.0 
62.0 59.0 61.0 63.0 
62.0 60.0 61.0 61.0 
65.0 60.0 73.0 71.0 
63.0 59.0 65.0 66.0 
61.0 60.0 61.0 63.0 
61.0 61.0 61.0 62.0 
66.0 58.0 74.0 70.0 
63.0 58.0 66.0 66.0 
62.0 58.0 61.0 63.0 
61.0 60.0 61.0 61.0 
64.0 60.0 73.0 70.0 
63.0 58.0 65.0 66.0 
61.0 60.0 61.0 64.0 
62.0 60.0 62.0 62.0 
65.0 60.0 74.0 70.0 
63.0 59.0 65.0 65.0 
62.0 59.0 61.0 63.0 
61.0 60.0 61.0 62.0 
66.0 59.0 71.0 69.0 
63.0 58.0 65.0 66.0 
62.0 60.0 61.0 63.0 
61.0 60.0 60.0 61.0 
65.0 60.0 73.0 70.0 
64.0 59.0 65.0 66.0 
61.0 59.0 61.0 62.0 
61.0 59.0 62.0 61.0 
65.0 60.0 74.0 70.0 
63.0 58.0 65.0 66.0 
62.0 59.0 61.0 63.0 
61.0 60.0 62.0 61.0 
65.0 59.0 73.0 70.0 
63.0 58.0 66.0 68.0 
62.0 59.0 61.0 63.0 
62.0 61.0 61.0 62.0 
65.0 59.0 74.0 70.0 
65.0 59.0 65.0 67.0 
61.0 59.0 60.0 62.0 
61.0 60.0 59.0 61.0 
65.0 59.0 73.0 70.0 
65.0 59.0 66.0 67.0 
61.0 61.0 60.0 63.0 
62.0 60.0 61.0 61.0 
65.0 60.0 74.0 70.0 
64.0 58.0 66.0 66.0 
62.0 60.0 61.0 63.0 
62.0 61.0 61.0 62.0 
65.0 59.0 73.0 69.0 
63.0 59.0 64.0 67.0 
62.0 60.0 60.0 63.0 
62.0 60.0 61.0 61.0 
65.0 59.0 73.0 70.0 
64.0 59.0 65.0 66.0 
63.0 60.0 61.0 64.0 
62.0 60.0 60.0 60.0 
64.0 60.0 73.0 70.0 
63.0 58.0 66.0 66.0 
61.0 58.0 62.0 63.0 
61.0 60.0 61.0 61.0 
65.0 59.0 73.0 70.0 
64.0 58.0 66.0 67.0 
62.0 59.0 61.0 63.0 
62.0 61.0 59.0 62.0 
64.0 60.0 73.0 70.0 
64.0 59.0 65.0 67.0 
63.0 59.0 61.0 62.0 
60.0 61.0 61.0 61.0 
66.0 60.0 73.0 70.0 
64.0 59.0 65.0 67.0 
62.0 59.0 61.0 62.0 
62.0 60.0 61.0 61.0 
64.0 60.0 73.0 70.0 
63.0 59.0 65.0 65.0 
62.0 59.0 60.0 63.0 
63.0 60.0 61.0 61.0 
65.0 59.0 73.0 69.0 
62.0 59.0 65.0 66.0 
62.0 59.0 61.0 63.0 
61.0 60.0 61.0 61.0 
64.0 60.0 73.0 70.0 
64.0 59.0 65.0 66.0 
62.0 60.0 60.0 62.0 
61.0 60.0 61.0 62.0 
65.0 59.0 73.0 70.0 
63.0 60.0 65.0 66.0 
61.0 59.0 61.0 63.0 
61.0 59.0 60.0 62.0 
65.0 59.0 74.0 69.0 
63.0 59.0 63.0 67.0 
61.0 60.0 61.0 63.0 
61.0 59.0 61.0 61.0 
65.0 59.0 74.0 69.0 
63.0 59.0 65.0 68.0 
62.0 59.0 60.0 62.0 
61.0 60.0 60.0 61.0 
65.0 61.0 74.0 69.0 
64.0 58.0 66.0 67.0 
62.0 59.0 60.0 62.0 
62.0 59.0 61.0 61.0 
65.0 60.0 73.0 70.0 
64.0 59.0 65.0 67.0 
62.0 59.0 61.0 62.0 
61.0 60.0 60.0 61.0 
65.0 59.0 73.0 69.0 
63.0 60.0 64.0 66.0 
62.0 58.0 61.0 63.0 
61.0 60.0 61.0 62.0 
64.0 59.0 73.0 69.0 
63.0 59.0 66.0 66.0 
61.0 60.0 60.0 63.0 
62.0 60.0 60.0 61.0 
65.0 59.0 73.0 69.0 
63.0 59.0 64.0 66.0 
61.0 60.0 61.0 64.0 
61.0 61.0 61.0 62.0 
65.0 59.0 73.0 70.0 
63.0 58.0 64.0 66.0 
62.0 59.0 61.0 63.0 
62.0 60.0 61.0 61.0 
65.0 59.0 73.0 70.0 
63.0 60.0 65.0 66.0 
62.0 60.0 61.0 63.0 
62.0 60.0 61.0 61.0 
66.0 59.0 73.0 71.0 
64.0 58.0 65.0 66.0 
62.0 60.0 61.0 63.0 
62.0 60.0 60.0 62.0 
66.0 60.0 74.0 70.0 
63.0 59.0 65.0 66.0 
62.0 59.0 61.0 62.0 
61.0 60.0 61.0 61.0 
65.0 59.0 73.0 69.0 
63.0 60.0 65.0 66.0 
62.0 59.0 60.0 62.0 
60.0 60.0 60.0 61.0 
65.0 60.0 73.0 70.0 
64.0 58.0 65.0 67.0 
61.0 59.0 61.0 63.0 
61.0 59.0 61.0 61.0 
65.0 59.0 74.0 70.0 
63.0 59.0 64.0 66.0 
62.0 59.0 62.0 63.0 
61.0 60.0 59.0 61.0 
66.0 59.0 73.0 69.0 
63.0 59.0 64.0 67.0 
61.0 60.0 61.0 63.0 
61.0 59.0 62.0 62.0 
66.0 60.0 73.0 70.0 
63.0 59.0 65.0 66.0 
62.0 58.0 60.0 63.0 
62.0 59.0 61.0 60.0 
65.0 60.0 73.0 70.0 
64.0 58.0 65.0 67.0 
62.0 59.0 61.0 63.0 
61.0 60.0 60.0 62.0 
66.0 60.0 72.0 70.0 
64.0 59.0 66.0 67.0 
61.0 59.0 60.0 63.0 
61.0 60.0 61.0 61.0 
65.0 58.0 73.0 70.0 
64.0 59.0 66.0 67.0 
62.0 57.0 61.0 63.0 
61.0 61.0 60.0 62.0 
64.0 60.0 72.0 69.0 
64.0 58.0 66.0 67.0 
62.0 60.0 61.0 64.0 
61.0 60.0 60.0 61.0 
65.0 60.0 72.0 70.0 
64.0 59.0 65.0 68.0 
62.0 59.0 61.0 62.0 
61.0 60.0 61.0 62.0 
65.0 60.0 73.0 70.0 
63.0 59.0 66.0 67.0 
62.0 59.0 60.0 63.0 
61.0 60.0 61.0 61.0 
66.0 59.0 72.0 70.0 
65.0 59.0 66.0 67.0 
61.0 61.0 60.0 63.0 
61.0 60.0 60.0 62.0 
66.0 60.0 73.0 70.0 
64.0 60.0 66.0 67.0 
62.0 59.0 61.0 62.0 
61.0 60.0 60.0 61.0 
66.0 60.0 73.0 70.0 
64.0 58.0 65.0 67.0 
62.0 59.0 60.0 63.0 
61.0 61.0 62.0 62.0 
66.0 59.0 73.0 70.0 
64.0 59.0 66.0 66.0 
61.0 59.0 61.0 63.0 
61.0 61.0 60.0 62.0 
66.0 59.0 73.0 70.0 
63.0 59.0 66.0 66.0 
62.0 59.0 61.0 62.0 
61.0 60.0 60.0 62.0 
66.0 60.0 73.0 70.0 
64.0 58.0 66.0 67.0 
62.0 60.0 61.0 62.0 
61.0 60.0 59.0 61.0 
66.0 58.0 72.0 70.0 
64.0 59.0 66.0 66.0 
61.0 60.0 61.0 62.0 
62.0 60.0 60.0 61.0 
67.0 59.0 73.0 69.0 
62.0 59.0 65.0 66.0 
62.0 59.0 61.0 62.0 
61.0 60.0 60.0 62.0 
66.0 59.0 73.0 70.0 
64.0 59.0 65.0 67.0 
61.0 60.0 60.0 63.0 
61.0 61.0 60.0 62.0 
66.0 59.0 73.0 70.0 
63.0 59.0 65.0 67.0 
62.0 58.0 61.0 62.0 
61.0 60.0 60.0 61.0 
66.0 59.0 73.0 69.0 
64.0 59.0 65.0 67.0 
61.0 59.0 61.0 63.0 
61.0 61.0 60.0 62.0 
67.0 60.0 75.0 70.0 
64.0 59.0 65.0 67.0 
61.0 59.0 62.0 63.0 
62.0 60.0 62.0 61.0 
66.0 59.0 73.0 69.0 
64.0 59.0 65.0 67.0 
62.0 60.0 61.0 62.0 
61.0 60.0 60.0 62.0 
66.0 61.0 73.0 70.0 
63.0 59.0 65.0 66.0 
63.0 59.0 61.0 63.0 
61.0 60.0 61.0 61.0 
65.0 60.0 72.0 69.0 
64.0 58.0 66.0 67.0 
62.0 59.0 61.0 62.0 
61.0 60.0 60.0 62.0 
65.0 59.0 73.0 69.0 
64.0 58.0 66.0 67.0 
62.0 60.0 61.0 62.0 
60.0 59.0 60.0 62.0 
66.0 60.0 73.0 70.0 
64.0 58.0 65.0 68.0 
60.0 61.0 61.0 63.0 
61.0 61.0 60.0 62.0 
68.0 59.0 73.0 70.0 
64.0 58.0 65.0 67.0 
62.0 58.0 61.0 62.0 
61.0 59.0 60.0 60.0 
68.0 59.0 73.0 70.0 
64.0 59.0 66.0 67.0 
61.0 60.0 61.0 63.0 
62.0 59.0 61.0 60.0 
68.0 60.0 73.0 70.0 
64.0 58.0 66.0 66.0 
63.0 59.0 63.0 63.0 
61.0 61.0 61.0 62.0 
66.0 60.0 73.0 70.0 
64.0 58.0 65.0 66.0 
62.0 60.0 60.0 63.0 
61.0 60.0 61.0 61.0 
67.0 59.0 73.0 69.0 
64.0 58.0 65.0 66.0 
61.0 59.0 61.0 63.0 
61.0 61.0 61.0 62.0 
67.0 60.0 73.0 70.0 
64.0 59.0 65.0 66.0 
61.0 59.0 60.0 63.0 
63.0 60.0 60.0 62.0 
67.0 58.0 73.0 70.0 
63.0 60.0 65.0 67.0 
62.0 60.0 60.0 62.0 
62.0 60.0 61.0 61.0 
68.0 59.0 73.0 70.0 
63.0 59.0 64.0 66.0 
63.0 60.0 61.0 63.0 
61.0 59.0 61.0 61.0 
68.0 60.0 73.0 70.0 
63.0 60.0 65.0 66.0 
62.0 61.0 61.0 63.0 
61.0 60.0 61.0 61.0 
69.0 59.0 73.0 70.0 
63.0 59.0 65.0 66.0 
62.0 59.0 61.0 63.0 
61.0 60.0 61.0 61.0 
69.0 60.0 73.0 71.0 
64.0 59.0 65.0 67.0 
62.0 60.0 61.0 63.0 
61.0 61.0 61.0 61.0 
69.0 59.0 73.0 70.0 
63.0 59.0 64.0 66.0 
61.0 59.0 62.0 63.0 
61.0 60.0 61.0 62.0 
69.0 60.0 73.0 70.0 
62.0 59.0 65.0 67.0 
62.0 59.0 62.0 62.0 
60.0 60.0 61.0 61.0 
69.0 60.0 72.0 71.0 
62.0 59.0 65.0 66.0 
62.0 60.0 62.0 63.0 
61.0 60.0 60.0 61.0 
71.0 59.0 74.0 71.0 
64.0 59.0 65.0 66.0 
61.0 59.0 61.0 63.0 
62.0 60.0 61.0 62.0 
71.0 59.0 74.0 71.0 
63.0 58.0 65.0 65.0 
62.0 59.0 61.0 63.0 
62.0 60.0 60.0 61.0 
71.0 59.0 74.0 70.0 
63.0 59.0 64.0 67.0 
61.0 59.0 61.0 63.0 
62.0 59.0 61.0 61.0 
71.0 60.0 72.0 71.0 
63.0 60.0 65.0 67.0 
62.0 59.0 61.0 62.0 
61.0 60.0 61.0 62.0 
72.0 59.0 73.0 71.0 
63.0 58.0 65.0 66.0 
62.0 59.0 61.0 63.0 
62.0 60.0 60.0 61.0 
73.0 60.0 73.0 71.0 
63.0 59.0 65.0 65.0 
62.0 59.0 61.0 63.0 
61.0 59.0 62.0 61.0 
72.0 59.0 73.0 71.0 
63.0 59.0 65.0 66.0 
61.0 60.0 61.0 63.0 
61.0 59.0 60.0 62.0 
71.0 59.0 73.0 70.0 
64.0 59.0 64.0 66.0 
62.0 60.0 61.0 63.0 
61.0 60.0 60.0 62.0 
71.0 60.0 73.0 72.0 
63.0 58.0 65.0 66.0 
61.0 60.0 61.0 62.0 
61.0 60.0 60.0 61.0 
71.0 59.0 73.0 71.0 
63.0 59.0 65.0 65.0 
62.0 60.0 62.0 63.0 
62.0 60.0 61.0 62.0 
72.0 60.0 73.0 71.0 
63.0 59.0 65.0 66.0 
62.0 59.0 61.0 62.0 
61.0 58.0 61.0 62.0 
71.0 59.0 74.0 71.0 
63.0 59.0 65.0 66.0 
61.0 59.0 62.0 63.0 
61.0 60.0 61.0 62.0 
72.0 59.0 73.0 70.0 
63.0 59.0 65.0 66.0 
61.0 59.0 60.0 63.0 
61.0 61.0 60.0 62.0 
73.0 59.0 74.0 71.0 
63.0 58.0 65.0 66.0 
61.0 60.0 61.0 63.0 
61.0 59.0 61.0 61.0 
72.0 59.0 73.0 72.0 
62.0 59.0 64.0 66.0 
62.0 59.0 61.0 65.0 
61.0 59.0 60.0 62.0 
72.0 59.0 74.0 71.0 
63.0 59.0 64.0 65.0 
61.0 59.0 61.0 63.0 
61.0 60.0 59.0 61.0 
71.0 60.0 73.0 71.0 
63.0 59.0 65.0 66.0 
62.0 59.0 61.0 63.0 
61.0 59.0 61.0 62.0 
71.0 60.0 73.0 71.0 
64.0 59.0 65.0 67.0 
60.0 60.0 61.0 63.0 
60.0 60.0 60.0 62.0 
72.0 60.0 73.0 70.0 
62.0 59.0 65.0 66.0 
62.0 60.0 60.0 63.0 
61.0 60.0 60.0 62.0 
73.0 59.0 73.0 71.0 
64.0 59.0 64.0 66.0 
62.0 59.0 61.0 63.0 
61.0 60.0 60.0 62.0 
73.0 60.0 73.0 71.0 
62.0 58.0 65.0 67.0 
62.0 59.0 61.0 63.0 
62.0 60.0 61.0 61.0 
73.0 60.0 73.0 71.0 
63.0 59.0 64.0 65.0 
63.0 59.0 61.0 62.0 
60.0 60.0 61.0 62.0 
73.0 59.0 74.0 72.0 
62.0 58.0 64.0 65.0 
62.0 57.0 61.0 62.0 
61.0 59.0 60.0 61.0 
73.0 60.0 73.0 71.0 
63.0 59.0 65.0 66.0 
61.0 59.0 61.0 63.0 
61.0 61.0 61.0 61.0 
73.0 59.0 73.0 71.0 
62.0 58.0 65.0 66.0 
61.0 59.0 62.0 63.0 
61.0 59.0 60.0 62.0 
73.0 59.0 73.0 71.0 
63.0 59.0 65.0 66.0 
63.0 59.0 61.0 63.0 
60.0 61.0 60.0 62.0 
73.0 59.0 73.0 72.0 
63.0 59.0 65.0 65.0 
62.0 60.0 60.0 63.0 
60.0 60.0 60.0 62.0 
74.0 59.0 72.0 71.0 
63.0 59.0 64.0 66.0 
61.0 60.0 61.0 62.0 
60.0 60.0 61.0 62.0 
73.0 59.0 74.0 71.0 
63.0 59.0 65.0 65.0 
61.0 58.0 61.0 63.0 
61.0 61.0 60.0 61.0 
73.0 60.0 73.0 71.0 
63.0 58.0 65.0 65.0 
61.0 60.0 61.0 63.0 
61.0 60.0 61.0 61.0 
73.0 60.0 73.0 72.0 
63.0 59.0 65.0 65.0 
61.0 60.0 61.0 63.0 
61.0 59.0 62.0 61.0 
73.0 59.0 73.0 69.0 
64.0 59.0 66.0 66.0 
62.0 59.0 61.0 62.0 
62.0 60.0 60.0 62.0 
73.0 59.0 73.0 71.0 
63.0 59.0 65.0 66.0 
63.0 58.0 61.0 62.0 
61.0 60.0 61.0 62.0 
72.0 59.0 73.0 72.0 
62.0 59.0 65.0 66.0 
62.0 60.0 61.0 63.0 
62.0 59.0 60.0 61.0 
73.0 59.0 74.0 71.0 
64.0 59.0 64.0 67.0 
62.0 59.0 61.0 63.0 
61.0 60.0 61.0 61.0 
73.0 59.0 73.0 71.0 
63.0 59.0 64.0 66.0 
62.0 59.0 61.0 63.0 
61.0 60.0 60.0 61.0 
73.0 59.0 73.0 71.0 
64.0 60.0 65.0 66.0 
61.0 59.0 61.0 63.0 
61.0 61.0 60.0 62.0 
73.0 59.0 73.0 71.0 
63.0 59.0 65.0 66.0 
62.0 59.0 60.0 63.0 
61.0 59.0 60.0 61.0 
73.0 60.0 73.0 71.0 
63.0 58.0 64.0 65.0 
61.0 59.0 60.0 63.0 
61.0 61.0 60.0 62.0 
74.0 59.0 74.0 71.0 
63.0 59.0 64.0 66.0 
60.0 58.0 62.0 63.0 
61.0 59.0 61.0 61.0 
73.0 60.0 73.0 71.0 
64.0 59.0 65.0 66.0 
62.0 59.0 61.0 62.0 
61.0 60.0 61.0 59.0 
74.0 60.0 73.0 71.0 
63.0 58.0 65.0 66.0 
62.0 60.0 61.0 63.0 
62.0 59.0 62.0 61.0 
75.0 60.0 73.0 72.0 
64.0 58.0 64.0 66.0 
61.0 60.0 60.0 63.0 
60.0 60.0 60.0 62.0 
73.0 59.0 73.0 71.0 
63.0 59.0 64.0 66.0 
61.0 58.0 61.0 63.0 
60.0 59.0 60.0 61.0 
73.0 60.0 72.0 71.0 
63.0 59.0 65.0 66.0 
62.0 59.0 61.0 63.0 
61.0 60.0 61.0 62.0 
74.0 59.0 72.0 72.0 
62.0 58.0 66.0 66.0 
61.0 60.0 61.0 62.0 
60.0 60.0 62.0 61.0 
76.0 60.0 72.0 72.0 
64.0 59.0 65.0 66.0 
61.0 59.0 61.0 63.0 
62.0 60.0 60.0 62.0 
74.0 60.0 72.0 71.0 
63.0 59.0 64.0 66.0 
60.0 59.0 61.0 62.0 
61.0 60.0 62.0 62.0 
74.0 59.0 72.0 71.0 
64.0 58.0 65.0 66.0 
62.0 58.0 61.0 62.0 
61.0 60.0 60.0 61.0 
74.0 60.0 72.0 71.0 
63.0 57.0 64.0 65.0 
61.0 59.0 61.0 63.0 
61.0 60.0 60.0 62.0 
74.0 59.0 72.0 71.0 
63.0 59.0 65.0 66.0 
60.0 59.0 61.0 63.0 
62.0 60.0 61.0 62.0 
73.0 60.0 72.0 72.0 
62.0 59.0 65.0 66.0 
61.0 58.0 61.0 62.0 
61.0 60.0 61.0 62.0 
74.0 60.0 72.0 71.0 
61.0 59.0 64.0 67.0 
61.0 60.0 60.0 63.0 
61.0 60.0 61.0 62.0 
73.0 59.0 72.0 73.0 
62.0 60.0 64.0 68.0 
62.0 59.0 61.0 63.0 
61.0 60.0 61.0 62.0 
74.0 59.0 72.0 72.0 
63.0 59.0 64.0 66.0 
61.0 59.0 61.0 63.0 
61.0 60.0 60.0 62.0 
73.0 59.0 73.0 72.0 
63.0 58.0 64.0 66.0 
62.0 59.0 60.0 63.0 
62.0 61.0 60.0 62.0 
72.0 60.0 72.0 73.0 
63.0 58.0 64.0 66.0 
61.0 59.0 61.0 62.0 
61.0 60.0 62.0 62.0 
72.0 59.0 71.0 73.0 
63.0 59.0 64.0 66.0 
62.0 60.0 61.0 63.0 
61.0 60.0 60.0 61.0 
73.0 60.0 73.0 72.0 
63.0 59.0 64.0 65.0 
62.0 58.0 62.0 62.0 
62.0 59.0 61.0 62.0 
73.0 59.0 72.0 72.0 
64.0 59.0 64.0 66.0 
61.0 59.0 61.0 63.0 
60.0 59.0 61.0 61.0 
73.0 59.0 72.0 72.0 
64.0 58.0 65.0 67.0 
61.0 59.0 61.0 63.0 
61.0 60.0 61.0 61.0 
73.0 59.0 72.0 72.0 
63.0 58.0 64.0 67.0 
62.0 60.0 60.0 63.0 
60.0 59.0 60.0 61.0 
73.0 60.0 72.0 72.0 
64.0 59.0 65.0 67.0 
62.0 60.0 60.0 63.0 
61.0 60.0 61.0 61.0 
72.0 59.0 72.0 71.0 
64.0 59.0 64.0 66.0 
61.0 59.0 60.0 63.0 
61.0 60.0 61.0 62.0 
72.0 60.0 73.0 71.0 
63.0 58.0 65.0 67.0 
61.0 59.0 60.0 63.0 
60.0 60.0 61.0 61.0 
73.0 59.0 73.0 73.0 
63.0 59.0 65.0 67.0 
62.0 60.0 61.0 63.0 
