63.0 61.0 62.0 64.0 
58.0 57.0 58.0 58.0 
58.0 58.0 59.0 58.0 
58.0 59.0 59.0 59.0 
63.0 61.0 62.0 64.0 
57.0 58.0 58.0 58.0 
58.0 58.0 59.0 58.0 
59.0 59.0 59.0 58.0 
64.0 61.0 63.0 64.0 
58.0 57.0 57.0 58.0 
57.0 58.0 58.0 59.0 
59.0 59.0 59.0 59.0 
63.0 62.0 62.0 65.0 
58.0 58.0 58.0 58.0 
58.0 58.0 59.0 58.0 
59.0 58.0 59.0 59.0 
64.0 61.0 63.0 64.0 
58.0 58.0 58.0 58.0 
58.0 58.0 58.0 59.0 
59.0 59.0 59.0 60.0 
64.0 62.0 62.0 64.0 
57.0 57.0 58.0 58.0 
59.0 58.0 58.0 59.0 
58.0 59.0 58.0 59.0 
63.0 61.0 62.0 64.0 
58.0 57.0 58.0 58.0 
59.0 58.0 59.0 60.0 
59.0 59.0 59.0 59.0 
64.0 60.0 62.0 65.0 
59.0 58.0 58.0 58.0 
58.0 58.0 57.0 59.0 
60.0 59.0 59.0 59.0 
63.0 61.0 62.0 65.0 
59.0 57.0 58.0 59.0 
58.0 59.0 59.0 58.0 
58.0 59.0 59.0 58.0 
63.0 62.0 63.0 64.0 
58.0 58.0 58.0 58.0 
59.0 58.0 59.0 59.0 
59.0 58.0 59.0 59.0 
64.0 61.0 63.0 64.0 
59.0 58.0 58.0 59.0 
58.0 59.0 58.0 59.0 
59.0 59.0 59.0 59.0 
64.0 61.0 62.0 64.0 
58.0 57.0 58.0 59.0 
58.0 58.0 58.0 59.0 
59.0 59.0 59.0 59.0 
63.0 62.0 62.0 64.0 
59.0 57.0 59.0 58.0 
58.0 58.0 60.0 58.0 
59.0 58.0 59.0 59.0 
64.0 62.0 62.0 64.0 
58.0 58.0 58.0 58.0 
58.0 58.0 58.0 59.0 
59.0 59.0 59.0 58.0 
64.0 61.0 63.0 62.0 
57.0 58.0 58.0 58.0 
59.0 58.0 58.0 59.0 
58.0 59.0 59.0 59.0 
63.0 61.0 63.0 65.0 
58.0 58.0 58.0 58.0 
58.0 58.0 58.0 59.0 
60.0 59.0 59.0 59.0 
63.0 63.0 63.0 64.0 
59.0 57.0 58.0 58.0 
58.0 58.0 59.0 58.0 
59.0 59.0 60.0 59.0 
64.0 61.0 63.0 64.0 
58.0 57.0 58.0 59.0 
58.0 58.0 58.0 59.0 
60.0 59.0 59.0 59.0 
64.0 61.0 63.0 64.0 
58.0 58.0 58.0 59.0 
58.0 59.0 59.0 58.0 
59.0 59.0 59.0 59.0 
64.0 62.0 63.0 65.0 
58.0 58.0 58.0 59.0 
59.0 58.0 59.0 59.0 
59.0 58.0 60.0 59.0 
64.0 61.0 63.0 65.0 
59.0 57.0 58.0 58.0 
58.0 57.0 59.0 58.0 
58.0 58.0 59.0 59.0 
62.0 61.0 63.0 64.0 
58.0 57.0 58.0 58.0 
58.0 59.0 58.0 59.0 
59.0 59.0 60.0 59.0 
64.0 62.0 63.0 64.0 
57.0 58.0 58.0 58.0 
58.0 58.0 59.0 59.0 
58.0 59.0 60.0 59.0 
63.0 62.0 62.0 64.0 
58.0 58.0 58.0 58.0 
59.0 58.0 59.0 58.0 
58.0 59.0 58.0 59.0 
64.0 61.0 63.0 65.0 
59.0 58.0 58.0 58.0 
58.0 58.0 59.0 59.0 
58.0 59.0 60.0 59.0 
63.0 61.0 62.0 64.0 
58.0 57.0 59.0 58.0 
58.0 59.0 59.0 59.0 
60.0 59.0 60.0 59.0 
64.0 61.0 62.0 65.0 
58.0 58.0 59.0 58.0 
59.0 58.0 58.0 59.0 
59.0 59.0 59.0 59.0 
63.0 62.0 62.0 64.0 
58.0 58.0 58.0 58.0 
58.0 58.0 59.0 58.0 
58.0 59.0 60.0 58.0 
64.0 62.0 63.0 64.0 
58.0 58.0 59.0 58.0 
58.0 58.0 58.0 59.0 
59.0 58.0 59.0 59.0 
64.0 62.0 62.0 64.0 
59.0 57.0 58.0 58.0 
59.0 58.0 59.0 59.0 
60.0 58.0 59.0 59.0 
63.0 62.0 63.0 65.0 
58.0 58.0 58.0 59.0 
58.0 59.0 59.0 59.0 
59.0 59.0 59.0 60.0 
64.0 61.0 62.0 64.0 
59.0 58.0 58.0 58.0 
57.0 58.0 59.0 60.0 
59.0 59.0 60.0 59.0 
64.0 61.0 62.0 64.0 
58.0 57.0 59.0 58.0 
59.0 58.0 59.0 60.0 
59.0 59.0 59.0 59.0 
64.0 62.0 62.0 64.0 
58.0 58.0 59.0 58.0 
58.0 58.0 59.0 60.0 
60.0 58.0 59.0 60.0 
64.0 61.0 63.0 64.0 
58.0 58.0 58.0 58.0 
58.0 59.0 59.0 59.0 
59.0 59.0 59.0 59.0 
64.0 61.0 63.0 64.0 
57.0 58.0 58.0 59.0 
58.0 58.0 59.0 59.0 
60.0 59.0 59.0 59.0 
64.0 62.0 63.0 64.0 
58.0 58.0 58.0 58.0 
59.0 58.0 59.0 59.0 
58.0 59.0 59.0 59.0 
64.0 62.0 63.0 64.0 
59.0 58.0 58.0 58.0 
58.0 58.0 59.0 60.0 
60.0 60.0 60.0 58.0 
64.0 62.0 63.0 65.0 
58.0 57.0 58.0 59.0 
59.0 58.0 59.0 59.0 
59.0 59.0 60.0 59.0 
64.0 61.0 63.0 64.0 
59.0 57.0 58.0 58.0 
58.0 58.0 58.0 59.0 
59.0 59.0 59.0 59.0 
64.0 62.0 63.0 65.0 
58.0 58.0 58.0 58.0 
58.0 58.0 59.0 59.0 
60.0 59.0 59.0 59.0 
64.0 61.0 62.0 64.0 
58.0 57.0 58.0 59.0 
58.0 58.0 58.0 60.0 
60.0 59.0 59.0 59.0 
64.0 62.0 63.0 64.0 
58.0 58.0 58.0 58.0 
59.0 59.0 59.0 59.0 
59.0 59.0 60.0 59.0 
64.0 61.0 62.0 64.0 
59.0 57.0 59.0 58.0 
59.0 58.0 59.0 59.0 
59.0 59.0 60.0 59.0 
64.0 61.0 63.0 64.0 
59.0 58.0 59.0 58.0 
59.0 58.0 59.0 60.0 
59.0 58.0 59.0 59.0 
63.0 61.0 63.0 64.0 
58.0 58.0 58.0 59.0 
58.0 59.0 59.0 59.0 
59.0 59.0 59.0 59.0 
63.0 62.0 63.0 64.0 
58.0 57.0 58.0 58.0 
59.0 58.0 59.0 59.0 
59.0 59.0 59.0 59.0 
63.0 62.0 62.0 65.0 
59.0 57.0 58.0 58.0 
58.0 58.0 59.0 60.0 
59.0 58.0 60.0 59.0 
64.0 62.0 63.0 64.0 
58.0 57.0 58.0 58.0 
59.0 58.0 59.0 59.0 
59.0 59.0 59.0 59.0 
64.0 61.0 62.0 64.0 
58.0 57.0 58.0 59.0 
60.0 58.0 59.0 60.0 
59.0 59.0 60.0 59.0 
64.0 62.0 64.0 65.0 
59.0 58.0 60.0 59.0 
58.0 59.0 58.0 60.0 
60.0 59.0 59.0 59.0 
64.0 62.0 63.0 65.0 
58.0 57.0 58.0 58.0 
59.0 58.0 59.0 59.0 
59.0 59.0 59.0 59.0 
64.0 61.0 63.0 65.0 
59.0 57.0 59.0 59.0 
58.0 57.0 59.0 60.0 
59.0 59.0 59.0 60.0 
64.0 61.0 63.0 64.0 
58.0 58.0 58.0 59.0 
58.0 59.0 59.0 59.0 
59.0 59.0 60.0 59.0 
64.0 61.0 63.0 64.0 
58.0 58.0 58.0 58.0 
58.0 59.0 59.0 59.0 
59.0 58.0 59.0 59.0 
64.0 61.0 63.0 64.0 
59.0 58.0 59.0 59.0 
58.0 59.0 60.0 59.0 
59.0 59.0 60.0 59.0 
64.0 62.0 63.0 64.0 
59.0 57.0 58.0 58.0 
59.0 58.0 59.0 59.0 
59.0 59.0 59.0 59.0 
65.0 62.0 63.0 65.0 
59.0 58.0 58.0 59.0 
58.0 58.0 59.0 59.0 
59.0 59.0 60.0 58.0 
64.0 62.0 63.0 64.0 
59.0 58.0 59.0 59.0 
58.0 58.0 59.0 59.0 
59.0 60.0 60.0 59.0 
65.0 62.0 62.0 65.0 
58.0 57.0 58.0 59.0 
58.0 58.0 59.0 60.0 
59.0 58.0 60.0 60.0 
64.0 62.0 63.0 65.0 
58.0 58.0 58.0 58.0 
59.0 58.0 58.0 59.0 
60.0 59.0 59.0 59.0 
64.0 62.0 63.0 64.0 
58.0 59.0 58.0 59.0 
59.0 58.0 59.0 59.0 
59.0 59.0 59.0 59.0 
64.0 62.0 63.0 64.0 
59.0 57.0 58.0 58.0 
58.0 59.0 58.0 60.0 
59.0 59.0 60.0 59.0 
64.0 61.0 63.0 64.0 
59.0 58.0 58.0 60.0 
58.0 59.0 59.0 60.0 
59.0 60.0 59.0 60.0 
64.0 61.0 63.0 65.0 
58.0 58.0 58.0 59.0 
58.0 57.0 59.0 59.0 
59.0 59.0 59.0 58.0 
63.0 62.0 63.0 65.0 
58.0 58.0 59.0 58.0 
58.0 58.0 60.0 59.0 
60.0 58.0 59.0 59.0 
64.0 62.0 63.0 65.0 
59.0 58.0 58.0 59.0 
59.0 58.0 60.0 60.0 
59.0 59.0 59.0 59.0 
64.0 62.0 63.0 64.0 
59.0 58.0 58.0 59.0 
59.0 58.0 58.0 59.0 
60.0 59.0 59.0 59.0 
64.0 62.0 63.0 64.0 
59.0 58.0 58.0 58.0 
59.0 58.0 58.0 59.0 
60.0 58.0 60.0 60.0 
65.0 62.0 64.0 64.0 
58.0 58.0 59.0 58.0 
58.0 58.0 60.0 59.0 
60.0 59.0 60.0 59.0 
64.0 61.0 63.0 65.0 
59.0 58.0 59.0 58.0 
59.0 59.0 59.0 59.0 
60.0 59.0 60.0 60.0 
64.0 62.0 63.0 64.0 
59.0 57.0 59.0 59.0 
59.0 58.0 59.0 60.0 
59.0 60.0 59.0 59.0 
64.0 62.0 63.0 65.0 
58.0 59.0 59.0 59.0 
59.0 58.0 59.0 60.0 
60.0 58.0 60.0 59.0 
64.0 62.0 64.0 64.0 
59.0 58.0 59.0 59.0 
59.0 58.0 59.0 59.0 
59.0 60.0 60.0 60.0 
64.0 62.0 63.0 64.0 
58.0 58.0 59.0 58.0 
59.0 59.0 59.0 60.0 
60.0 59.0 60.0 60.0 
64.0 62.0 63.0 65.0 
58.0 58.0 59.0 58.0 
59.0 59.0 59.0 60.0 
59.0 59.0 59.0 60.0 
63.0 62.0 63.0 64.0 
59.0 57.0 58.0 59.0 
58.0 59.0 60.0 59.0 
60.0 59.0 60.0 61.0 
64.0 61.0 64.0 64.0 
59.0 58.0 58.0 59.0 
58.0 58.0 59.0 60.0 
60.0 59.0 60.0 60.0 
63.0 62.0 63.0 64.0 
59.0 57.0 59.0 58.0 
58.0 58.0 60.0 59.0 
59.0 59.0 60.0 59.0 
64.0 61.0 63.0 64.0 
58.0 58.0 58.0 59.0 
58.0 59.0 59.0 60.0 
59.0 59.0 60.0 59.0 
64.0 61.0 64.0 64.0 
59.0 58.0 58.0 59.0 
59.0 59.0 59.0 59.0 
59.0 60.0 60.0 60.0 
65.0 62.0 62.0 64.0 
59.0 58.0 59.0 59.0 
59.0 58.0 59.0 59.0 
60.0 58.0 60.0 60.0 
64.0 62.0 63.0 64.0 
59.0 58.0 59.0 59.0 
60.0 60.0 59.0 59.0 
59.0 59.0 60.0 59.0 
65.0 62.0 63.0 64.0 
59.0 58.0 58.0 59.0 
60.0 58.0 59.0 60.0 
59.0 59.0 60.0 59.0 
64.0 62.0 63.0 64.0 
59.0 58.0 59.0 59.0 
59.0 59.0 59.0 60.0 
60.0 59.0 60.0 60.0 
63.0 62.0 63.0 64.0 
58.0 59.0 59.0 59.0 
59.0 59.0 60.0 59.0 
60.0 59.0 60.0 60.0 
64.0 62.0 63.0 64.0 
59.0 59.0 58.0 58.0 
58.0 58.0 60.0 59.0 
59.0 59.0 61.0 60.0 
64.0 62.0 62.0 64.0 
59.0 58.0 60.0 58.0 
59.0 59.0 59.0 60.0 
60.0 59.0 60.0 59.0 
65.0 62.0 62.0 64.0 
59.0 58.0 58.0 59.0 
58.0 59.0 59.0 60.0 
60.0 59.0 60.0 60.0 
64.0 61.0 63.0 64.0 
59.0 58.0 59.0 59.0 
59.0 58.0 59.0 60.0 
59.0 59.0 60.0 60.0 
63.0 62.0 62.0 64.0 
58.0 58.0 59.0 59.0 
58.0 59.0 59.0 59.0 
60.0 59.0 60.0 60.0 
64.0 61.0 63.0 65.0 
58.0 58.0 59.0 59.0 
59.0 58.0 59.0 60.0 
60.0 60.0 60.0 59.0 
64.0 62.0 63.0 64.0 
59.0 58.0 58.0 59.0 
59.0 59.0 59.0 59.0 
59.0 59.0 60.0 61.0 
65.0 62.0 63.0 64.0 
59.0 58.0 58.0 59.0 
58.0 59.0 59.0 60.0 
60.0 59.0 60.0 59.0 
64.0 62.0 63.0 65.0 
59.0 59.0 59.0 59.0 
59.0 59.0 59.0 59.0 
59.0 60.0 60.0 59.0 
64.0 61.0 63.0 65.0 
59.0 58.0 59.0 59.0 
59.0 58.0 59.0 60.0 
60.0 59.0 60.0 60.0 
65.0 62.0 63.0 64.0 
59.0 58.0 59.0 59.0 
59.0 59.0 59.0 60.0 
60.0 59.0 60.0 60.0 
64.0 61.0 63.0 64.0 
59.0 58.0 59.0 59.0 
58.0 59.0 59.0 59.0 
60.0 58.0 60.0 60.0 
64.0 62.0 63.0 64.0 
59.0 58.0 59.0 59.0 
59.0 60.0 59.0 60.0 
60.0 60.0 60.0 59.0 
64.0 61.0 63.0 65.0 
59.0 59.0 59.0 59.0 
59.0 59.0 59.0 60.0 
59.0 59.0 60.0 60.0 
64.0 62.0 63.0 64.0 
59.0 58.0 59.0 59.0 
59.0 58.0 59.0 61.0 
59.0 59.0 60.0 59.0 
65.0 62.0 63.0 65.0 
58.0 58.0 59.0 59.0 
58.0 59.0 59.0 60.0 
60.0 59.0 60.0 60.0 
64.0 62.0 63.0 64.0 
59.0 57.0 59.0 59.0 
59.0 59.0 60.0 59.0 
59.0 60.0 60.0 61.0 
64.0 62.0 64.0 64.0 
59.0 58.0 58.0 59.0 
58.0 59.0 59.0 60.0 
60.0 60.0 61.0 59.0 
64.0 61.0 63.0 64.0 
59.0 58.0 59.0 60.0 
59.0 59.0 59.0 60.0 
60.0 59.0 60.0 60.0 
64.0 62.0 63.0 65.0 
58.0 58.0 59.0 58.0 
60.0 59.0 59.0 60.0 
59.0 59.0 60.0 60.0 
64.0 62.0 63.0 65.0 
59.0 59.0 59.0 59.0 
59.0 60.0 58.0 60.0 
60.0 59.0 60.0 59.0 
64.0 62.0 63.0 64.0 
59.0 58.0 58.0 59.0 
59.0 58.0 60.0 60.0 
59.0 60.0 60.0 60.0 
64.0 62.0 63.0 64.0 
59.0 58.0 59.0 59.0 
59.0 59.0 59.0 60.0 
59.0 60.0 60.0 60.0 
64.0 62.0 64.0 64.0 
59.0 58.0 59.0 59.0 
59.0 59.0 59.0 60.0 
60.0 60.0 61.0 60.0 
64.0 62.0 63.0 64.0 
59.0 59.0 58.0 59.0 
59.0 59.0 59.0 59.0 
60.0 59.0 60.0 60.0 
64.0 61.0 64.0 64.0 
59.0 58.0 59.0 59.0 
59.0 58.0 59.0 60.0 
60.0 60.0 60.0 60.0 
65.0 62.0 63.0 64.0 
60.0 58.0 59.0 59.0 
58.0 59.0 59.0 60.0 
60.0 59.0 60.0 60.0 
64.0 62.0 62.0 64.0 
58.0 58.0 59.0 59.0 
59.0 59.0 59.0 60.0 
60.0 60.0 60.0 59.0 
65.0 62.0 63.0 64.0 
59.0 59.0 59.0 59.0 
59.0 59.0 60.0 60.0 
60.0 59.0 60.0 60.0 
64.0 62.0 62.0 65.0 
59.0 58.0 60.0 59.0 
59.0 59.0 59.0 59.0 
59.0 59.0 59.0 60.0 
64.0 61.0 62.0 64.0 
59.0 58.0 58.0 59.0 
59.0 60.0 59.0 60.0 
59.0 59.0 60.0 60.0 
64.0 62.0 63.0 65.0 
59.0 58.0 59.0 58.0 
59.0 59.0 60.0 59.0 
60.0 60.0 60.0 60.0 
64.0 62.0 63.0 65.0 
59.0 58.0 59.0 59.0 
59.0 59.0 59.0 60.0 
60.0 59.0 60.0 60.0 
64.0 62.0 63.0 65.0 
59.0 58.0 59.0 59.0 
60.0 59.0 59.0 60.0 
60.0 59.0 60.0 60.0 
64.0 63.0 63.0 64.0 
60.0 58.0 59.0 59.0 
59.0 59.0 59.0 60.0 
60.0 59.0 60.0 59.0 
64.0 61.0 63.0 64.0 
58.0 58.0 59.0 59.0 
60.0 59.0 59.0 60.0 
60.0 60.0 60.0 60.0 
64.0 62.0 63.0 65.0 
59.0 58.0 59.0 59.0 
59.0 60.0 59.0 60.0 
60.0 59.0 60.0 60.0 
65.0 61.0 63.0 65.0 
59.0 58.0 59.0 59.0 
59.0 59.0 59.0 60.0 
59.0 60.0 60.0 60.0 
64.0 62.0 64.0 65.0 
58.0 58.0 59.0 59.0 
59.0 59.0 59.0 60.0 
61.0 60.0 60.0 60.0 
64.0 62.0 63.0 65.0 
59.0 58.0 59.0 59.0 
59.0 59.0 59.0 60.0 
60.0 60.0 60.0 60.0 
64.0 62.0 63.0 65.0 
59.0 58.0 59.0 59.0 
60.0 58.0 59.0 60.0 
59.0 60.0 60.0 60.0 
64.0 62.0 63.0 65.0 
59.0 58.0 59.0 59.0 
59.0 59.0 59.0 60.0 
60.0 60.0 61.0 60.0 
65.0 62.0 63.0 65.0 
59.0 59.0 59.0 59.0 
59.0 59.0 60.0 59.0 
59.0 59.0 60.0 59.0 
65.0 62.0 63.0 65.0 
59.0 58.0 59.0 59.0 
59.0 58.0 59.0 61.0 
60.0 59.0 60.0 60.0 
64.0 62.0 63.0 65.0 
59.0 58.0 59.0 59.0 
59.0 60.0 59.0 60.0 
61.0 60.0 60.0 60.0 
64.0 63.0 63.0 65.0 
59.0 59.0 59.0 59.0 
59.0 59.0 60.0 60.0 
59.0 60.0 60.0 59.0 
64.0 62.0 64.0 65.0 
59.0 59.0 59.0 59.0 
59.0 59.0 60.0 60.0 
60.0 60.0 61.0 60.0 
64.0 62.0 64.0 64.0 
59.0 59.0 59.0 59.0 
60.0 59.0 59.0 59.0 
60.0 58.0 59.0 60.0 
64.0 61.0 63.0 64.0 
59.0 58.0 59.0 59.0 
59.0 59.0 59.0 60.0 
59.0 60.0 61.0 60.0 
64.0 62.0 63.0 64.0 
59.0 58.0 59.0 59.0 
60.0 59.0 59.0 60.0 
60.0 60.0 60.0 59.0 
64.0 62.0 63.0 64.0 
59.0 59.0 59.0 60.0 
59.0 59.0 59.0 60.0 
60.0 59.0 60.0 60.0 
64.0 62.0 63.0 64.0 
59.0 58.0 60.0 60.0 
59.0 59.0 59.0 60.0 
60.0 60.0 60.0 60.0 
64.0 62.0 63.0 64.0 
59.0 58.0 60.0 59.0 
59.0 59.0 60.0 60.0 
60.0 60.0 61.0 60.0 
64.0 61.0 63.0 63.0 
59.0 58.0 59.0 59.0 
58.0 59.0 59.0 61.0 
60.0 60.0 61.0 60.0 
63.0 61.0 62.0 63.0 
59.0 58.0 59.0 59.0 
59.0 58.0 60.0 60.0 
60.0 60.0 60.0 60.0 
63.0 61.0 62.0 63.0 
59.0 59.0 60.0 59.0 
59.0 59.0 60.0 60.0 
60.0 60.0 60.0 60.0 
63.0 61.0 61.0 63.0 
59.0 59.0 59.0 59.0 
60.0 59.0 60.0 60.0 
60.0 60.0 60.0 60.0 
61.0 61.0 63.0 63.0 
59.0 58.0 59.0 59.0 
59.0 59.0 60.0 60.0 
60.0 60.0 60.0 61.0 
62.0 61.0 62.0 64.0 
59.0 58.0 59.0 59.0 
59.0 59.0 60.0 60.0 
60.0 59.0 60.0 60.0 
61.0 61.0 63.0 63.0 
59.0 59.0 59.0 59.0 
60.0 58.0 61.0 60.0 
60.0 60.0 60.0 60.0 
61.0 61.0 63.0 63.0 
59.0 59.0 58.0 60.0 
60.0 60.0 60.0 60.0 
60.0 60.0 60.0 60.0 
62.0 61.0 62.0 63.0 
60.0 58.0 58.0 59.0 
60.0 59.0 60.0 60.0 
61.0 60.0 60.0 60.0 
63.0 61.0 63.0 62.0 
59.0 59.0 59.0 59.0 
60.0 60.0 61.0 62.0 
60.0 60.0 60.0 60.0 
63.0 61.0 61.0 62.0 
59.0 59.0 59.0 59.0 
61.0 61.0 62.0 63.0 
60.0 60.0 60.0 60.0 
60.0 60.0 62.0 63.0 
59.0 57.0 59.0 59.0 
61.0 61.0 63.0 64.0 
60.0 60.0 60.0 59.0 
61.0 61.0 62.0 62.0 
59.0 58.0 59.0 59.0 
60.0 61.0 62.0 64.0 
60.0 60.0 61.0 60.0 
62.0 60.0 61.0 61.0 
59.0 59.0 58.0 59.0 
61.0 61.0 63.0 63.0 
60.0 60.0 60.0 60.0 
60.0 60.0 61.0 62.0 
59.0 58.0 59.0 59.0 
62.0 61.0 63.0 63.0 
59.0 60.0 60.0 60.0 
60.0 61.0 62.0 62.0 
59.0 58.0 58.0 59.0 
61.0 62.0 62.0 63.0 
60.0 60.0 61.0 60.0 
61.0 61.0 63.0 62.0 
59.0 58.0 59.0 60.0 
62.0 61.0 62.0 63.0 
60.0 60.0 60.0 60.0 
62.0 61.0 63.0 64.0 
59.0 58.0 59.0 59.0 
62.0 61.0 62.0 63.0 
60.0 60.0 60.0 60.0 
63.0 62.0 64.0 65.0 
59.0 59.0 59.0 59.0 
61.0 61.0 62.0 63.0 
60.0 60.0 60.0 60.0 
61.0 61.0 64.0 65.0 
59.0 59.0 59.0 60.0 
61.0 62.0 63.0 63.0 
59.0 59.0 60.0 60.0 
61.0 61.0 64.0 64.0 
58.0 59.0 60.0 59.0 
62.0 62.0 62.0 63.0 
60.0 60.0 60.0 60.0 
61.0 61.0 64.0 64.0 
59.0 58.0 60.0 59.0 
62.0 62.0 63.0 64.0 
60.0 60.0 60.0 60.0 
61.0 61.0 63.0 64.0 
59.0 60.0 59.0 60.0 
62.0 63.0 63.0 64.0 
60.0 59.0 60.0 60.0 
62.0 62.0 64.0 64.0 
59.0 59.0 60.0 60.0 
62.0 63.0 64.0 64.0 
60.0 60.0 60.0 59.0 
62.0 61.0 62.0 63.0 
59.0 59.0 59.0 61.0 
62.0 63.0 63.0 65.0 
60.0 60.0 60.0 60.0 
64.0 61.0 62.0 63.0 
59.0 60.0 60.0 61.0 
63.0 63.0 63.0 66.0 
59.0 60.0 60.0 60.0 
62.0 61.0 62.0 64.0 
60.0 59.0 60.0 60.0 
62.0 63.0 63.0 65.0 
58.0 60.0 60.0 60.0 
66.0 61.0 63.0 63.0 
60.0 59.0 61.0 61.0 
62.0 63.0 63.0 66.0 
60.0 59.0 60.0 60.0 
67.0 62.0 63.0 63.0 
59.0 59.0 60.0 61.0 
63.0 62.0 63.0 66.0 
60.0 60.0 60.0 61.0 
66.0 62.0 64.0 64.0 
60.0 59.0 60.0 60.0 
62.0 63.0 62.0 65.0 
60.0 60.0 60.0 60.0 
66.0 62.0 63.0 64.0 
60.0 60.0 60.0 61.0 
62.0 63.0 63.0 65.0 
59.0 60.0 60.0 61.0 
62.0 61.0 63.0 63.0 
60.0 59.0 60.0 61.0 
62.0 63.0 63.0 65.0 
60.0 59.0 60.0 60.0 
67.0 63.0 63.0 64.0 
59.0 60.0 60.0 61.0 
62.0 63.0 63.0 65.0 
60.0 60.0 61.0 61.0 
67.0 62.0 63.0 64.0 
60.0 59.0 60.0 61.0 
63.0 63.0 63.0 65.0 
59.0 60.0 61.0 61.0 
61.0 61.0 62.0 63.0 
59.0 59.0 60.0 61.0 
63.0 59.0 64.0 67.0 
60.0 60.0 61.0 61.0 
64.0 59.0 63.0 64.0 
60.0 58.0 60.0 61.0 
64.0 59.0 62.0 67.0 
61.0 61.0 60.0 61.0 
61.0 60.0 63.0 62.0 
60.0 59.0 60.0 61.0 
64.0 59.0 64.0 66.0 
62.0 60.0 61.0 63.0 
62.0 60.0 62.0 62.0 
60.0 58.0 60.0 61.0 
64.0 59.0 64.0 67.0 
62.0 60.0 61.0 62.0 
62.0 59.0 64.0 65.0 
60.0 59.0 60.0 61.0 
64.0 58.0 64.0 66.0 
62.0 59.0 61.0 62.0 
63.0 59.0 65.0 66.0 
59.0 59.0 60.0 61.0 
64.0 60.0 63.0 66.0 
61.0 59.0 60.0 62.0 
64.0 58.0 65.0 67.0 
60.0 58.0 59.0 61.0 
64.0 59.0 62.0 67.0 
61.0 60.0 61.0 62.0 
63.0 59.0 66.0 66.0 
60.0 59.0 59.0 62.0 
64.0 59.0 63.0 66.0 
61.0 60.0 60.0 62.0 
63.0 60.0 62.0 64.0 
60.0 58.0 61.0 61.0 
64.0 59.0 64.0 67.0 
62.0 60.0 61.0 62.0 
65.0 60.0 66.0 67.0 
60.0 59.0 61.0 61.0 
65.0 59.0 63.0 66.0 
61.0 60.0 61.0 61.0 
63.0 59.0 64.0 67.0 
60.0 59.0 60.0 61.0 
64.0 59.0 63.0 67.0 
61.0 60.0 60.0 61.0 
67.0 59.0 66.0 67.0 
61.0 58.0 61.0 62.0 
65.0 59.0 63.0 66.0 
61.0 60.0 60.0 61.0 
65.0 59.0 65.0 66.0 
61.0 59.0 60.0 61.0 
64.0 59.0 63.0 67.0 
61.0 60.0 60.0 61.0 
64.0 58.0 64.0 65.0 
61.0 59.0 61.0 63.0 
64.0 60.0 63.0 67.0 
60.0 60.0 60.0 61.0 
65.0 59.0 65.0 66.0 
63.0 58.0 63.0 65.0 
63.0 59.0 63.0 66.0 
60.0 60.0 60.0 60.0 
63.0 60.0 64.0 65.0 
63.0 59.0 63.0 66.0 
63.0 59.0 62.0 65.0 
60.0 59.0 61.0 61.0 
65.0 59.0 67.0 70.0 
63.0 59.0 63.0 66.0 
62.0 59.0 61.0 66.0 
61.0 60.0 59.0 62.0 
65.0 59.0 68.0 70.0 
63.0 59.0 63.0 66.0 
62.0 59.0 60.0 63.0 
62.0 59.0 60.0 61.0 
65.0 59.0 68.0 71.0 
63.0 58.0 63.0 66.0 
61.0 59.0 61.0 63.0 
61.0 59.0 60.0 61.0 
66.0 59.0 69.0 71.0 
63.0 59.0 62.0 65.0 
61.0 59.0 60.0 62.0 
60.0 60.0 61.0 60.0 
66.0 59.0 68.0 72.0 
63.0 59.0 62.0 67.0 
58.0 59.0 59.0 60.0 
61.0 60.0 60.0 61.0 
67.0 59.0 69.0 72.0 
64.0 59.0 63.0 66.0 
60.0 60.0 61.0 62.0 
61.0 60.0 61.0 61.0 
71.0 59.0 68.0 73.0 
64.0 59.0 62.0 67.0 
60.0 59.0 60.0 61.0 
60.0 60.0 59.0 60.0 
70.0 58.0 70.0 73.0 
63.0 59.0 62.0 66.0 
59.0 59.0 59.0 60.0 
61.0 60.0 59.0 60.0 
68.0 59.0 70.0 72.0 
64.0 59.0 63.0 66.0 
59.0 59.0 60.0 59.0 
60.0 59.0 61.0 60.0 
69.0 58.0 70.0 73.0 
64.0 59.0 62.0 67.0 
59.0 58.0 60.0 59.0 
60.0 60.0 60.0 60.0 
71.0 59.0 70.0 73.0 
64.0 58.0 62.0 66.0 
58.0 59.0 60.0 60.0 
60.0 59.0 60.0 61.0 
71.0 59.0 69.0 74.0 
64.0 59.0 62.0 66.0 
59.0 59.0 60.0 60.0 
60.0 59.0 59.0 60.0 
70.0 60.0 69.0 74.0 
64.0 58.0 62.0 66.0 
59.0 59.0 59.0 61.0 
60.0 60.0 60.0 60.0 
70.0 60.0 67.0 75.0 
64.0 59.0 62.0 66.0 
60.0 59.0 61.0 64.0 
61.0 60.0 60.0 61.0 
71.0 60.0 64.0 76.0 
64.0 58.0 61.0 68.0 
59.0 59.0 61.0 62.0 
61.0 60.0 60.0 60.0 
65.0 65.0 62.0 76.0 
62.0 59.0 60.0 67.0 
63.0 59.0 60.0 66.0 
60.0 60.0 61.0 60.0 
64.0 60.0 61.0 76.0 
64.0 59.0 60.0 65.0 
64.0 59.0 60.0 66.0 
60.0 60.0 61.0 60.0 
66.0 60.0 65.0 73.0 
64.0 58.0 61.0 66.0 
64.0 59.0 61.0 66.0 
60.0 59.0 59.0 60.0 
66.0 59.0 66.0 73.0 
64.0 59.0 62.0 67.0 
63.0 60.0 61.0 65.0 
60.0 59.0 60.0 59.0 
66.0 60.0 66.0 72.0 
64.0 59.0 61.0 67.0 
64.0 59.0 61.0 65.0 
61.0 60.0 61.0 60.0 
66.0 59.0 65.0 73.0 
65.0 58.0 60.0 68.0 
64.0 59.0 60.0 65.0 
61.0 60.0 59.0 61.0 
66.0 59.0 62.0 74.0 
64.0 59.0 60.0 69.0 
64.0 60.0 60.0 65.0 
61.0 60.0 60.0 61.0 
68.0 59.0 63.0 74.0 
65.0 59.0 60.0 69.0 
64.0 59.0 61.0 65.0 
61.0 60.0 60.0 61.0 
71.0 60.0 63.0 73.0 
66.0 59.0 60.0 69.0 
64.0 59.0 61.0 66.0 
61.0 60.0 61.0 61.0 
69.0 59.0 63.0 73.0 
66.0 58.0 60.0 69.0 
64.0 59.0 61.0 65.0 
61.0 60.0 60.0 61.0 
66.0 60.0 61.0 74.0 
66.0 59.0 60.0 69.0 
64.0 59.0 60.0 66.0 
61.0 60.0 61.0 62.0 
67.0 66.0 60.0 71.0 
63.0 64.0 60.0 67.0 
63.0 63.0 59.0 64.0 
61.0 61.0 60.0 61.0 
70.0 67.0 61.0 72.0 
63.0 65.0 59.0 67.0 
63.0 64.0 60.0 65.0 
60.0 60.0 60.0 61.0 
69.0 67.0 63.0 71.0 
63.0 64.0 60.0 67.0 
62.0 63.0 61.0 64.0 
62.0 63.0 60.0 63.0 
69.0 66.0 61.0 72.0 
63.0 64.0 60.0 67.0 
63.0 64.0 60.0 65.0 
62.0 63.0 60.0 63.0 
69.0 66.0 61.0 71.0 
63.0 64.0 59.0 67.0 
64.0 65.0 61.0 67.0 
62.0 62.0 60.0 63.0 
69.0 65.0 60.0 70.0 
62.0 63.0 60.0 67.0 
64.0 66.0 60.0 68.0 
62.0 63.0 60.0 63.0 
68.0 65.0 61.0 70.0 
62.0 64.0 60.0 67.0 
64.0 66.0 61.0 67.0 
62.0 63.0 61.0 63.0 
68.0 66.0 60.0 70.0 
61.0 64.0 59.0 67.0 
64.0 66.0 60.0 67.0 
63.0 65.0 60.0 64.0 
69.0 66.0 61.0 69.0 
63.0 64.0 59.0 66.0 
65.0 67.0 61.0 68.0 
64.0 65.0 60.0 64.0 
69.0 67.0 60.0 71.0 
63.0 64.0 59.0 66.0 
69.0 71.0 60.0 70.0 
58.0 59.0 60.0 60.0 
69.0 68.0 59.0 73.0 
62.0 64.0 59.0 65.0 
69.0 72.0 61.0 70.0 
58.0 58.0 60.0 59.0 
70.0 68.0 60.0 72.0 
62.0 64.0 59.0 65.0 
69.0 74.0 60.0 69.0 
58.0 58.0 61.0 60.0 
69.0 67.0 60.0 70.0 
62.0 64.0 59.0 65.0 
70.0 73.0 61.0 70.0 
58.0 58.0 60.0 59.0 
68.0 67.0 61.0 72.0 
63.0 64.0 60.0 66.0 
70.0 73.0 60.0 71.0 
58.0 59.0 60.0 60.0 
70.0 68.0 60.0 75.0 
63.0 64.0 60.0 66.0 
70.0 73.0 60.0 70.0 
58.0 58.0 60.0 59.0 
71.0 69.0 61.0 76.0 
62.0 64.0 59.0 66.0 
69.0 72.0 61.0 71.0 
59.0 58.0 61.0 58.0 
71.0 69.0 61.0 74.0 
62.0 64.0 59.0 67.0 
70.0 72.0 60.0 70.0 
58.0 59.0 60.0 59.0 
71.0 69.0 65.0 75.0 
63.0 64.0 60.0 67.0 
69.0 73.0 61.0 70.0 
59.0 58.0 61.0 59.0 
72.0 70.0 64.0 74.0 
63.0 64.0 60.0 67.0 
70.0 72.0 60.0 69.0 
58.0 58.0 60.0 59.0 
71.0 70.0 62.0 75.0 
64.0 65.0 59.0 66.0 
70.0 73.0 60.0 69.0 
58.0 58.0 60.0 60.0 
72.0 69.0 69.0 74.0 
63.0 65.0 61.0 65.0 
71.0 73.0 60.0 70.0 
58.0 59.0 60.0 59.0 
70.0 69.0 68.0 76.0 
63.0 64.0 61.0 65.0 
71.0 73.0 62.0 71.0 
58.0 59.0 60.0 59.0 
70.0 69.0 71.0 76.0 
63.0 64.0 62.0 66.0 
68.0 70.0 62.0 69.0 
64.0 65.0 60.0 62.0 
68.0 68.0 72.0 77.0 
62.0 64.0 64.0 66.0 
67.0 69.0 78.0 68.0 
64.0 65.0 67.0 64.0 
73.0 68.0 73.0 78.0 
62.0 63.0 64.0 66.0 
67.0 69.0 80.0 69.0 
64.0 66.0 69.0 64.0 
73.0 68.0 80.0 80.0 
63.0 63.0 65.0 66.0 
66.0 68.0 85.0 69.0 
65.0 66.0 71.0 64.0 
73.0 68.0 91.0 78.0 
63.0 63.0 70.0 66.0 
62.0 63.0 90.0 69.0 
64.0 66.0 76.0 65.0 
73.0 68.0 92.0 79.0 
64.0 64.0 72.0 66.0 
62.0 63.0 74.0 64.0 
66.0 68.0 83.0 67.0 
73.0 69.0 105.0 78.0 
62.0 63.0 72.0 65.0 
69.0 70.0 120.0 70.0 
64.0 66.0 87.0 65.0 
74.0 60.0 106.0 80.0 
63.0 59.0 70.0 65.0 
72.0 59.0 127.0 74.0 
68.0 60.0 92.0 68.0 
70.0 59.0 122.0 79.0 
62.0 59.0 73.0 65.0 
72.0 59.0 157.0 75.0 
67.0 60.0 99.0 68.0 
67.0 59.0 144.0 77.0 
62.0 59.0 75.0 64.0 
74.0 60.0 204.0 78.0 
68.0 60.0 113.0 67.0 
65.0 61.0 164.0 79.0 
61.0 59.0 78.0 63.0 
75.0 60.0 277.0 82.0 
67.0 60.0 139.0 68.0 
65.0 68.0 187.0 80.0 
60.0 61.0 82.0 63.0 
71.0 73.0 347.0 84.0 
64.0 65.0 160.0 68.0 
74.0 68.0 216.0 81.0 
60.0 60.0 83.0 63.0 
73.0 77.0 402.0 90.0 
64.0 65.0 165.0 68.0 
71.0 68.0 246.0 82.0 
60.0 60.0 85.0 63.0 
74.0 77.0 423.0 94.0 
64.0 65.0 162.0 69.0 
71.0 68.0 232.0 80.0 
60.0 61.0 84.0 63.0 
74.0 78.0 435.0 98.0 
63.0 65.0 160.0 69.0 
73.0 70.0 268.0 86.0 
60.0 60.0 85.0 63.0 
74.0 79.0 454.0 102.0 
64.0 64.0 156.0 70.0 
75.0 72.0 323.0 97.0 
60.0 60.0 83.0 63.0 
75.0 78.0 450.0 106.0 
62.0 64.0 149.0 69.0 
74.0 72.0 296.0 95.0 
60.0 60.0 85.0 63.0 
76.0 74.0 464.0 112.0 
65.0 59.0 152.0 72.0 
79.0 60.0 277.0 97.0 
61.0 58.0 86.0 64.0 
81.0 65.0 470.0 118.0 
64.0 60.0 141.0 71.0 
80.0 62.0 343.0 117.0 
60.0 58.0 83.0 64.0 
83.0 64.0 462.0 119.0 
63.0 60.0 133.0 69.0 
80.0 62.0 358.0 128.0 
60.0 59.0 84.0 64.0 
85.0 65.0 475.0 127.0 
63.0 59.0 130.0 70.0 
76.0 61.0 289.0 117.0 
60.0 58.0 82.0 64.0 
84.0 64.0 447.0 129.0 
63.0 60.0 123.0 70.0 
81.0 61.0 332.0 134.0 
60.0 59.0 73.0 63.0 
84.0 64.0 448.0 142.0 
62.0 60.0 110.0 69.0 
79.0 61.0 334.0 162.0 
60.0 59.0 74.0 62.0 
88.0 63.0 437.0 154.0 
63.0 59.0 107.0 69.0 
77.0 61.0 326.0 177.0 
60.0 58.0 72.0 62.0 
88.0 63.0 423.0 165.0 
62.0 60.0 100.0 68.0 
77.0 61.0 321.0 178.0 
60.0 59.0 70.0 63.0 
91.0 62.0 385.0 241.0 
64.0 60.0 94.0 73.0 
78.0 62.0 287.0 203.0 
60.0 58.0 73.0 63.0 
91.0 62.0 337.0 274.0 
61.0 60.0 84.0 69.0 
85.0 60.0 274.0 214.0 
59.0 59.0 72.0 64.0 
80.0 61.0 287.0 314.0 
60.0 60.0 79.0 71.0 
86.0 60.0 262.0 250.0 
59.0 59.0 70.0 62.0 
96.0 63.0 286.0 371.0 
60.0 60.0 76.0 67.0 
88.0 61.0 258.0 332.0 
60.0 58.0 70.0 59.0 
98.0 63.0 272.0 413.0 
61.0 60.0 75.0 65.0 
91.0 61.0 246.0 355.0 
59.0 58.0 69.0 58.0 
100.0 63.0 236.0 436.0 
60.0 60.0 72.0 67.0 
94.0 62.0 226.0 385.0 
59.0 59.0 66.0 56.0 
101.0 63.0 205.0 433.0 
61.0 60.0 72.0 69.0 
98.0 63.0 201.0 417.0 
59.0 60.0 67.0 57.0 
98.0 63.0 168.0 426.0 
61.0 60.0 72.0 67.0 
96.0 62.0 187.0 382.0 
59.0 59.0 66.0 56.0 
101.0 62.0 155.0 452.0 
60.0 59.0 69.0 64.0 
104.0 63.0 188.0 435.0 
59.0 58.0 65.0 54.0 
106.0 64.0 155.0 479.0 
59.0 60.0 64.0 56.0 
100.0 62.0 166.0 392.0 
59.0 59.0 65.0 54.0 
100.0 63.0 139.0 422.0 
58.0 60.0 62.0 52.0 
99.0 62.0 152.0 381.0 
59.0 59.0 64.0 54.0 
106.0 64.0 134.0 461.0 
59.0 60.0 62.0 50.0 
102.0 62.0 125.0 399.0 
59.0 58.0 65.0 56.0 
103.0 62.0 114.0 421.0 
59.0 60.0 60.0 50.0 
102.0 62.0 118.0 375.0 
59.0 59.0 65.0 57.0 
99.0 62.0 106.0 390.0 
59.0 60.0 60.0 52.0 
106.0 62.0 113.0 378.0 
59.0 59.0 65.0 56.0 
111.0 62.0 104.0 413.0 
57.0 60.0 60.0 51.0 
104.0 61.0 108.0 365.0 
61.0 59.0 66.0 60.0 
107.0 61.0 100.0 406.0 
58.0 60.0 60.0 51.0 
108.0 61.0 109.0 379.0 
60.0 59.0 66.0 59.0 
113.0 61.0 96.0 383.0 
58.0 59.0 60.0 50.0 
122.0 63.0 112.0 421.0 
58.0 59.0 65.0 58.0 
108.0 61.0 91.0 337.0 
57.0 60.0 60.0 49.0 
128.0 224.0 105.0 379.0 
59.0 59.0 66.0 59.0 
121.0 212.0 90.0 336.0 
57.0 60.0 59.0 49.0 
113.0 237.0 95.0 317.0 
59.0 59.0 65.0 60.0 
118.0 245.0 88.0 335.0 
56.0 60.0 61.0 51.0 
130.0 61.0 94.0 312.0 
59.0 59.0 65.0 61.0 
132.0 62.0 89.0 358.0 
56.0 60.0 59.0 48.0 
130.0 307.0 90.0 264.0 
59.0 58.0 65.0 63.0 
117.0 278.0 83.0 289.0 
55.0 60.0 59.0 49.0 
135.0 343.0 88.0 241.0 
58.0 59.0 65.0 64.0 
120.0 305.0 79.0 259.0 
55.0 60.0 60.0 51.0 
139.0 377.0 89.0 256.0 
59.0 58.0 64.0 64.0 
127.0 340.0 79.0 238.0 
55.0 60.0 59.0 51.0 
151.0 492.0 91.0 241.0 
59.0 59.0 64.0 65.0 
90.0 233.0 71.0 168.0 
58.0 46.0 60.0 54.0 
150.0 452.0 89.0 233.0 
59.0 59.0 65.0 65.0 
131.0 394.0 79.0 204.0 
54.0 60.0 60.0 52.0 
143.0 406.0 85.0 202.0 
59.0 59.0 65.0 66.0 
128.0 418.0 77.0 162.0 
55.0 43.0 60.0 56.0 
163.0 476.0 90.0 203.0 
59.0 60.0 64.0 65.0 
129.0 410.0 75.0 151.0 
57.0 48.0 61.0 58.0 
159.0 464.0 87.0 188.0 
59.0 60.0 64.0 65.0 
108.0 370.0 73.0 144.0 
56.0 48.0 59.0 58.0 
176.0 499.0 85.0 195.0 
60.0 62.0 64.0 67.0 
104.0 323.0 70.0 132.0 
56.0 48.0 60.0 58.0 
179.0 463.0 82.0 171.0 
60.0 64.0 64.0 69.0 
109.0 317.0 68.0 130.0 
56.0 48.0 60.0 59.0 
198.0 517.0 78.0 183.0 
61.0 68.0 62.0 70.0 
112.0 322.0 66.0 124.0 
57.0 49.0 61.0 59.0 
226.0 546.0 79.0 182.0 
62.0 68.0 62.0 70.0 
120.0 294.0 64.0 115.0 
58.0 55.0 60.0 62.0 
268.0 551.0 79.0 179.0 
64.0 72.0 61.0 70.0 
135.0 307.0 66.0 114.0 
52.0 41.0 60.0 57.0 
285.0 553.0 80.0 181.0 
64.0 71.0 61.0 70.0 
158.0 327.0 65.0 117.0 
51.0 40.0 61.0 55.0 
305.0 474.0 78.0 163.0 
67.0 73.0 61.0 70.0 
263.0 402.0 68.0 129.0 
48.0 41.0 60.0 56.0 
329.0 418.0 77.0 152.0 
70.0 75.0 61.0 70.0 
218.0 323.0 65.0 113.0 
48.0 45.0 59.0 56.0 
354.0 394.0 76.0 142.0 
73.0 77.0 62.0 71.0 
197.0 256.0 63.0 103.0 
48.0 45.0 59.0 58.0 
399.0 411.0 79.0 142.0 
76.0 76.0 62.0 70.0 
221.0 228.0 64.0 96.0 
47.0 46.0 59.0 57.0 
406.0 349.0 78.0 126.0 
77.0 75.0 62.0 69.0 
161.0 164.0 63.0 84.0 
46.0 49.0 60.0 58.0 
409.0 306.0 78.0 120.0 
79.0 75.0 62.0 70.0 
232.0 185.0 65.0 90.0 
45.0 50.0 59.0 58.0 
382.0 248.0 77.0 111.0 
87.0 74.0 62.0 69.0 
327.0 163.0 66.0 90.0 
41.0 51.0 58.0 58.0 
378.0 209.0 82.0 104.0 
89.0 72.0 63.0 70.0 
317.0 144.0 65.0 87.0 
42.0 52.0 60.0 59.0 
424.0 192.0 85.0 102.0 
89.0 70.0 64.0 68.0 
404.0 143.0 71.0 89.0 
40.0 55.0 59.0 58.0 
411.0 166.0 90.0 99.0 
99.0 71.0 65.0 70.0 
486.0 150.0 73.0 93.0 
88.0 66.0 60.0 64.0 
342.0 139.0 90.0 92.0 
92.0 68.0 65.0 68.0 
420.0 140.0 73.0 91.0 
88.0 66.0 61.0 64.0 
415.0 146.0 105.0 93.0 
91.0 68.0 70.0 68.0 
273.0 101.0 85.0 77.0 
82.0 64.0 65.0 63.0 
454.0 143.0 114.0 94.0 
88.0 67.0 71.0 67.0 
374.0 116.0 98.0 84.0 
69.0 63.0 69.0 63.0 
415.0 137.0 125.0 91.0 
90.0 66.0 74.0 66.0 
373.0 114.0 107.0 85.0 
86.0 65.0 72.0 64.0 
452.0 139.0 155.0 92.0 
84.0 66.0 77.0 66.0 
238.0 90.0 104.0 76.0 
79.0 64.0 74.0 64.0 
417.0 133.0 168.0 91.0 
93.0 66.0 82.0 67.0 
81.0 81.0 97.0 73.0 
108.0 70.0 80.0 66.0 
343.0 121.0 179.0 88.0 
91.0 66.0 79.0 66.0 
321.0 101.0 124.0 82.0 
87.0 66.0 78.0 65.0 
342.0 119.0 207.0 91.0 
102.0 67.0 89.0 68.0 
157.0 75.0 102.0 70.0 
113.0 70.0 95.0 67.0 
330.0 112.0 218.0 88.0 
82.0 64.0 88.0 66.0 
218.0 90.0 177.0 84.0 
84.0 66.0 100.0 68.0 
306.0 103.0 231.0 88.0 
78.0 64.0 91.0 66.0 
167.0 85.0 240.0 86.0 
76.0 66.0 132.0 70.0 
270.0 95.0 222.0 86.0 
72.0 63.0 97.0 66.0 
151.0 88.0 364.0 98.0 
72.0 66.0 169.0 74.0 
247.0 91.0 230.0 86.0 
69.0 62.0 100.0 66.0 
129.0 89.0 452.0 108.0 
71.0 66.0 195.0 74.0 
233.0 89.0 230.0 86.0 
67.0 62.0 100.0 66.0 
113.0 90.0 498.0 114.0 
69.0 67.0 208.0 77.0 
221.0 88.0 247.0 90.0 
67.0 62.0 104.0 66.0 
112.0 92.0 547.0 125.0 
68.0 67.0 216.0 78.0 
185.0 87.0 285.0 99.0 
65.0 62.0 113.0 67.0 
99.0 86.0 581.0 130.0 
67.0 65.0 211.0 78.0 
180.0 88.0 289.0 104.0 
65.0 60.0 105.0 67.0 
99.0 87.0 598.0 135.0 
67.0 67.0 206.0 79.0 
100.0 78.0 328.0 110.0 
62.0 61.0 106.0 68.0 
85.0 86.0 599.0 143.0 
65.0 66.0 208.0 81.0 
100.0 78.0 335.0 119.0 
61.0 60.0 95.0 66.0 
86.0 86.0 626.0 150.0 
66.0 67.0 214.0 84.0 
98.0 80.0 352.0 128.0 
61.0 60.0 95.0 67.0 
87.0 89.0 623.0 158.0 
66.0 66.0 203.0 83.0 
97.0 82.0 387.0 141.0 
61.0 60.0 93.0 67.0 
88.0 90.0 609.0 167.0 
65.0 66.0 194.0 84.0 
98.0 85.0 426.0 155.0 
61.0 60.0 93.0 67.0 
88.0 92.0 616.0 179.0 
65.0 66.0 187.0 84.0 
98.0 88.0 419.0 171.0 
61.0 61.0 97.0 68.0 
88.0 93.0 639.0 193.0 
64.0 66.0 195.0 89.0 
97.0 89.0 379.0 197.0 
60.0 60.0 88.0 67.0 
87.0 93.0 611.0 203.0 
65.0 67.0 202.0 95.0 
95.0 91.0 385.0 220.0 
60.0 61.0 84.0 68.0 
89.0 98.0 620.0 246.0 
66.0 68.0 203.0 104.0 
96.0 97.0 373.0 238.0 
60.0 60.0 76.0 65.0 
88.0 100.0 602.0 263.0 
65.0 68.0 203.0 108.0 
96.0 103.0 368.0 280.0 
60.0 60.0 75.0 65.0 
90.0 113.0 616.0 345.0 
65.0 70.0 194.0 116.0 
91.0 107.0 400.0 305.0 
59.0 60.0 73.0 66.0 
95.0 127.0 573.0 425.0 
65.0 70.0 172.0 123.0 
86.0 107.0 373.0 322.0 
60.0 59.0 71.0 66.0 
96.0 134.0 560.0 479.0 
64.0 71.0 162.0 131.0 
80.0 113.0 386.0 365.0 
59.0 60.0 69.0 64.0 
98.0 140.0 527.0 534.0 
63.0 72.0 157.0 137.0 
82.0 118.0 375.0 386.0 
60.0 59.0 68.0 62.0 
98.0 148.0 514.0 587.0 
62.0 71.0 139.0 133.0 
83.0 123.0 336.0 389.0 
60.0 59.0 69.0 62.0 
98.0 160.0 473.0 625.0 
63.0 73.0 126.0 134.0 
84.0 129.0 319.0 433.0 
60.0 61.0 69.0 62.0 
98.0 159.0 452.0 620.0 
63.0 72.0 129.0 133.0 
90.0 144.0 331.0 498.0 
60.0 61.0 69.0 62.0 
98.0 164.0 417.0 623.0 
62.0 72.0 124.0 131.0 
94.0 156.0 320.0 522.0 
60.0 61.0 67.0 59.0 
98.0 171.0 405.0 638.0 
62.0 71.0 116.0 116.0 
92.0 158.0 295.0 518.0 
60.0 61.0 67.0 59.0 
98.0 178.0 370.0 629.0 
63.0 70.0 109.0 108.0 
89.0 153.0 266.0 461.0 
60.0 60.0 67.0 59.0 
100.0 187.0 364.0 648.0 
62.0 70.0 106.0 103.0 
93.0 181.0 248.0 470.0 
60.0 61.0 67.0 58.0 
99.0 210.0 331.0 612.0 
62.0 71.0 102.0 101.0 
96.0 189.0 234.0 468.0 
61.0 60.0 68.0 58.0 
102.0 214.0 327.0 618.0 
62.0 60.0 101.0 99.0 
105.0 182.0 221.0 445.0 
60.0 59.0 67.0 57.0 
110.0 235.0 328.0 648.0 
63.0 59.0 98.0 101.0 
132.0 206.0 221.0 462.0 
60.0 59.0 66.0 58.0 
110.0 259.0 324.0 655.0 
63.0 60.0 95.0 98.0 
134.0 64.0 212.0 450.0 
60.0 59.0 67.0 58.0 
142.0 271.0 310.0 639.0 
66.0 60.0 100.0 116.0 
139.0 64.0 220.0 482.0 
59.0 59.0 65.0 56.0 
118.0 284.0 292.0 624.0 
67.0 60.0 101.0 124.0 
149.0 64.0 186.0 472.0 
59.0 59.0 65.0 55.0 
122.0 316.0 267.0 614.0 
67.0 60.0 100.0 119.0 
131.0 345.0 182.0 478.0 
58.0 55.0 62.0 51.0 
127.0 339.0 245.0 590.0 
66.0 60.0 93.0 116.0 
134.0 362.0 166.0 450.0 
59.0 54.0 61.0 52.0 
135.0 406.0 231.0 596.0 
67.0 60.0 91.0 123.0 
139.0 400.0 165.0 461.0 
58.0 59.0 60.0 49.0 
141.0 442.0 217.0 594.0 
66.0 60.0 88.0 115.0 
151.0 457.0 150.0 474.0 
58.0 49.0 57.0 47.0 
150.0 486.0 180.0 565.0 
65.0 59.0 74.0 107.0 
168.0 505.0 151.0 500.0 
57.0 49.0 58.0 48.0 
163.0 526.0 175.0 577.0 
65.0 85.0 72.0 95.0 
171.0 510.0 147.0 479.0 
57.0 49.0 59.0 49.0 
169.0 545.0 167.0 544.0 
64.0 83.0 70.0 92.0 
167.0 505.0 133.0 442.0 
56.0 47.0 58.0 49.0 
169.0 592.0 149.0 528.0 
63.0 78.0 67.0 85.0 
170.0 513.0 127.0 410.0 
58.0 49.0 59.0 52.0 
169.0 585.0 143.0 488.0 
64.0 85.0 68.0 85.0 
183.0 559.0 118.0 409.0 
57.0 47.0 58.0 53.0 
179.0 623.0 126.0 490.0 
64.0 86.0 65.0 83.0 
194.0 565.0 112.0 375.0 
58.0 48.0 59.0 53.0 
182.0 591.0 117.0 442.0 
68.0 99.0 65.0 86.0 
209.0 544.0 104.0 335.0 
56.0 46.0 59.0 53.0 
194.0 593.0 110.0 406.0 
68.0 95.0 64.0 82.0 
275.0 574.0 101.0 326.0 
55.0 47.0 59.0 54.0 
207.0 590.0 103.0 380.0 
63.0 60.0 63.0 76.0 
294.0 616.0 99.0 320.0 
55.0 46.0 59.0 55.0 
223.0 633.0 100.0 359.0 
64.0 80.0 62.0 72.0 
313.0 633.0 99.0 311.0 
55.0 47.0 60.0 56.0 
223.0 605.0 98.0 338.0 
64.0 78.0 62.0 72.0 
351.0 637.0 95.0 298.0 
54.0 46.0 60.0 56.0 
258.0 604.0 94.0 311.0 
64.0 77.0 62.0 71.0 
372.0 633.0 93.0 278.0 
54.0 48.0 59.0 55.0 
272.0 561.0 94.0 289.0 
64.0 78.0 62.0 70.0 
396.0 618.0 93.0 266.0 
53.0 45.0 58.0 55.0 
315.0 591.0 93.0 281.0 
66.0 79.0 62.0 72.0 
401.0 593.0 93.0 255.0 
57.0 53.0 59.0 58.0 
344.0 613.0 91.0 269.0 
61.0 67.0 63.0 65.0 
425.0 575.0 92.0 240.0 
55.0 48.0 59.0 58.0 
408.0 621.0 91.0 267.0 
58.0 60.0 61.0 64.0 
468.0 605.0 91.0 238.0 
55.0 51.0 59.0 58.0 
426.0 591.0 91.0 244.0 
64.0 72.0 62.0 67.0 
498.0 613.0 91.0 233.0 
56.0 53.0 59.0 59.0 
493.0 575.0 92.0 235.0 
66.0 70.0 62.0 65.0 
495.0 575.0 91.0 214.0 
56.0 55.0 59.0 60.0 
566.0 571.0 91.0 225.0 
68.0 72.0 62.0 66.0 
486.0 532.0 89.0 190.0 
55.0 54.0 60.0 59.0 
577.0 545.0 91.0 204.0 
68.0 70.0 63.0 64.0 
492.0 508.0 87.0 184.0 
54.0 54.0 59.0 60.0 
595.0 511.0 89.0 189.0 
68.0 70.0 62.0 66.0 
478.0 503.0 86.0 173.0 
54.0 55.0 59.0 60.0 
630.0 507.0 90.0 178.0 
68.0 69.0 62.0 65.0 
540.0 503.0 89.0 171.0 
54.0 55.0 59.0 60.0 
636.0 481.0 87.0 171.0 
82.0 76.0 62.0 65.0 
529.0 475.0 88.0 163.0 
57.0 58.0 60.0 61.0 
665.0 452.0 85.0 165.0 
82.0 73.0 61.0 66.0 
555.0 453.0 87.0 158.0 
66.0 64.0 60.0 62.0 
668.0 432.0 85.0 161.0 
78.0 69.0 61.0 62.0 
565.0 401.0 85.0 147.0 
66.0 66.0 60.0 64.0 
654.0 383.0 83.0 148.0 
82.0 72.0 60.0 63.0 
564.0 336.0 79.0 128.0 
64.0 63.0 60.0 63.0 
653.0 345.0 82.0 139.0 
81.0 67.0 61.0 62.0 
595.0 308.0 78.0 121.0 
56.0 60.0 59.0 62.0 
670.0 337.0 80.0 139.0 
75.0 65.0 60.0 62.0 
611.0 287.0 76.0 116.0 
60.0 63.0 60.0 61.0 
677.0 316.0 79.0 128.0 
73.0 62.0 61.0 60.0 
575.0 264.0 76.0 110.0 
43.0 57.0 59.0 60.0 
665.0 294.0 78.0 123.0 
76.0 64.0 60.0 61.0 
587.0 241.0 76.0 105.0 
46.0 57.0 58.0 60.0 
665.0 276.0 77.0 114.0 
79.0 64.0 60.0 61.0 
528.0 206.0 77.0 104.0 
42.0 54.0 59.0 58.0 
629.0 242.0 77.0 108.0 
84.0 60.0 60.0 63.0 
550.0 210.0 74.0 98.0 
42.0 55.0 59.0 59.0 
597.0 213.0 76.0 102.0 
85.0 64.0 60.0 62.0 
565.0 205.0 77.0 100.0 
41.0 55.0 59.0 58.0 
568.0 200.0 76.0 100.0 
88.0 64.0 61.0 64.0 
575.0 66.0 77.0 128.0 
39.0 59.0 59.0 57.0 
577.0 65.0 79.0 129.0 
88.0 60.0 61.0 63.0 
545.0 66.0 74.0 94.0 
39.0 54.0 59.0 58.0 
544.0 182.0 75.0 100.0 
86.0 60.0 60.0 63.0 
514.0 67.0 77.0 119.0 
39.0 59.0 59.0 57.0 
529.0 66.0 79.0 124.0 
87.0 60.0 61.0 62.0 
451.0 64.0 72.0 110.0 
39.0 58.0 59.0 57.0 
500.0 66.0 78.0 119.0 
81.0 60.0 61.0 63.0 
409.0 63.0 71.0 105.0 
40.0 58.0 59.0 56.0 
481.0 65.0 76.0 112.0 
77.0 60.0 61.0 61.0 
350.0 62.0 68.0 99.0 
43.0 59.0 59.0 58.0 
430.0 63.0 74.0 107.0 
64.0 60.0 61.0 60.0 
344.0 62.0 69.0 97.0 
43.0 59.0 59.0 58.0 
360.0 62.0 71.0 99.0 
61.0 60.0 60.0 61.0 
328.0 62.0 68.0 95.0 
45.0 58.0 59.0 57.0 
326.0 62.0 70.0 95.0 
59.0 60.0 60.0 60.0 
298.0 60.0 68.0 90.0 
46.0 59.0 59.0 58.0 
282.0 61.0 68.0 91.0 
55.0 60.0 61.0 60.0 
279.0 60.0 67.0 87.0 
46.0 59.0 59.0 58.0 
255.0 60.0 68.0 88.0 
55.0 60.0 61.0 59.0 
271.0 60.0 67.0 86.0 
48.0 59.0 58.0 58.0 
210.0 59.0 67.0 82.0 
50.0 60.0 60.0 59.0 
257.0 61.0 66.0 84.0 
49.0 58.0 59.0 58.0 
177.0 59.0 65.0 80.0 
49.0 60.0 60.0 59.0 
245.0 60.0 66.0 82.0 
51.0 59.0 59.0 58.0 
143.0 59.0 65.0 76.0 
50.0 60.0 60.0 59.0 
221.0 60.0 65.0 79.0 
52.0 58.0 59.0 58.0 
124.0 58.0 64.0 73.0 
52.0 60.0 60.0 60.0 
217.0 60.0 65.0 78.0 
52.0 59.0 59.0 58.0 
110.0 60.0 64.0 72.0 
52.0 60.0 61.0 59.0 
217.0 60.0 65.0 78.0 
53.0 58.0 59.0 59.0 
96.0 60.0 62.0 70.0 
52.0 60.0 60.0 59.0 
216.0 60.0 65.0 78.0 
53.0 59.0 59.0 59.0 
92.0 59.0 63.0 70.0 
53.0 60.0 60.0 59.0 
218.0 60.0 65.0 78.0 
53.0 58.0 58.0 59.0 
81.0 59.0 62.0 69.0 
53.0 60.0 61.0 60.0 
209.0 60.0 65.0 78.0 
54.0 59.0 59.0 59.0 
78.0 59.0 63.0 68.0 
54.0 60.0 60.0 59.0 
199.0 60.0 65.0 77.0 
55.0 59.0 58.0 59.0 
67.0 59.0 62.0 66.0 
54.0 60.0 61.0 59.0 
186.0 59.0 65.0 77.0 
56.0 58.0 59.0 59.0 
58.0 59.0 60.0 61.0 
56.0 60.0 60.0 59.0 
179.0 60.0 65.0 75.0 
56.0 59.0 59.0 59.0 
59.0 59.0 60.0 61.0 
56.0 59.0 60.0 60.0 
134.0 60.0 64.0 71.0 
58.0 58.0 59.0 60.0 
61.0 59.0 61.0 61.0 
59.0 60.0 60.0 60.0 
85.0 58.0 62.0 66.0 
59.0 59.0 59.0 60.0 
59.0 60.0 60.0 60.0 
61.0 60.0 60.0 60.0 
81.0 61.0 62.0 66.0 
60.0 59.0 59.0 59.0 
60.0 59.0 60.0 61.0 
61.0 60.0 60.0 61.0 
75.0 59.0 63.0 66.0 
59.0 59.0 59.0 60.0 
59.0 59.0 59.0 60.0 
61.0 60.0 61.0 60.0 
73.0 59.0 64.0 65.0 
59.0 58.0 59.0 59.0 
60.0 59.0 60.0 60.0 
61.0 60.0 60.0 61.0 
74.0 59.0 63.0 66.0 
59.0 60.0 59.0 58.0 
61.0 59.0 60.0 61.0 
60.0 59.0 59.0 60.0 
70.0 59.0 64.0 66.0 
60.0 59.0 59.0 59.0 
60.0 59.0 61.0 60.0 
61.0 60.0 60.0 60.0 
71.0 59.0 65.0 66.0 
59.0 59.0 59.0 59.0 
59.0 59.0 61.0 60.0 
60.0 60.0 60.0 60.0 
70.0 59.0 64.0 66.0 
59.0 59.0 59.0 60.0 
59.0 58.0 60.0 61.0 
61.0 60.0 60.0 61.0 
66.0 60.0 63.0 65.0 
60.0 58.0 59.0 59.0 
60.0 61.0 60.0 60.0 
61.0 60.0 60.0 60.0 
68.0 59.0 63.0 66.0 
59.0 58.0 59.0 59.0 
59.0 59.0 60.0 61.0 
61.0 60.0 60.0 60.0 
68.0 60.0 63.0 65.0 
58.0 58.0 59.0 60.0 
60.0 59.0 60.0 61.0 
61.0 60.0 60.0 60.0 
67.0 59.0 64.0 64.0 
59.0 59.0 60.0 59.0 
60.0 59.0 60.0 60.0 
61.0 60.0 60.0 60.0 
67.0 60.0 64.0 65.0 
60.0 58.0 59.0 60.0 
60.0 58.0 60.0 60.0 
61.0 60.0 60.0 60.0 
66.0 59.0 64.0 65.0 
60.0 58.0 59.0 59.0 
59.0 59.0 60.0 60.0 
61.0 60.0 60.0 60.0 
64.0 59.0 62.0 63.0 
59.0 59.0 59.0 59.0 
60.0 59.0 60.0 60.0 
60.0 60.0 59.0 61.0 
66.0 60.0 63.0 65.0 
59.0 59.0 59.0 59.0 
60.0 59.0 59.0 60.0 
62.0 60.0 61.0 60.0 
66.0 60.0 62.0 64.0 
60.0 58.0 59.0 59.0 
60.0 59.0 60.0 60.0 
60.0 59.0 61.0 60.0 
64.0 58.0 62.0 63.0 
59.0 59.0 59.0 60.0 
60.0 59.0 60.0 61.0 
61.0 60.0 60.0 60.0 
62.0 59.0 62.0 62.0 
60.0 58.0 60.0 60.0 
60.0 59.0 60.0 60.0 
61.0 60.0 61.0 60.0 
63.0 59.0 62.0 63.0 
60.0 59.0 59.0 60.0 
59.0 59.0 60.0 61.0 
62.0 60.0 60.0 61.0 
62.0 59.0 62.0 63.0 
60.0 59.0 59.0 60.0 
60.0 59.0 60.0 60.0 
61.0 59.0 60.0 60.0 
64.0 59.0 62.0 63.0 
60.0 59.0 59.0 59.0 
59.0 59.0 60.0 60.0 
61.0 59.0 60.0 60.0 
65.0 59.0 62.0 63.0 
60.0 58.0 59.0 60.0 
60.0 59.0 60.0 61.0 
61.0 60.0 60.0 60.0 
64.0 60.0 60.0 62.0 
59.0 59.0 59.0 60.0 
60.0 59.0 60.0 60.0 
61.0 59.0 60.0 59.0 
64.0 60.0 62.0 64.0 
60.0 59.0 60.0 59.0 
59.0 60.0 59.0 59.0 
61.0 60.0 61.0 60.0 
65.0 59.0 61.0 62.0 
59.0 59.0 59.0 60.0 
59.0 59.0 61.0 60.0 
61.0 60.0 61.0 60.0 
64.0 59.0 61.0 62.0 
59.0 59.0 59.0 60.0 
60.0 59.0 59.0 61.0 
61.0 60.0 60.0 60.0 
65.0 59.0 62.0 64.0 
60.0 58.0 59.0 59.0 
59.0 59.0 60.0 60.0 
61.0 60.0 60.0 60.0 
65.0 59.0 62.0 64.0 
60.0 58.0 59.0 60.0 
60.0 59.0 60.0 61.0 
61.0 59.0 60.0 60.0 
66.0 59.0 62.0 64.0 
59.0 58.0 59.0 59.0 
60.0 59.0 60.0 61.0 
61.0 60.0 60.0 60.0 
65.0 60.0 62.0 64.0 
60.0 58.0 59.0 59.0 
59.0 59.0 60.0 61.0 
61.0 60.0 60.0 60.0 
66.0 59.0 62.0 63.0 
60.0 58.0 59.0 59.0 
60.0 59.0 60.0 61.0 
61.0 60.0 60.0 60.0 
66.0 59.0 62.0 64.0 
59.0 59.0 59.0 59.0 
60.0 60.0 60.0 61.0 
60.0 60.0 61.0 60.0 
67.0 60.0 62.0 62.0 
59.0 59.0 60.0 60.0 
60.0 59.0 60.0 60.0 
61.0 60.0 60.0 60.0 
66.0 59.0 61.0 64.0 
60.0 58.0 59.0 60.0 
60.0 59.0 60.0 61.0 
60.0 60.0 60.0 60.0 
65.0 60.0 63.0 64.0 
60.0 59.0 59.0 60.0 
60.0 59.0 59.0 60.0 
61.0 60.0 61.0 60.0 
65.0 60.0 62.0 63.0 
59.0 59.0 59.0 61.0 
60.0 59.0 60.0 61.0 
61.0 60.0 60.0 60.0 
64.0 59.0 62.0 63.0 
59.0 59.0 59.0 59.0 
60.0 59.0 60.0 60.0 
61.0 60.0 60.0 60.0 
64.0 60.0 62.0 63.0 
60.0 58.0 59.0 59.0 
60.0 58.0 60.0 61.0 
61.0 59.0 60.0 61.0 
64.0 59.0 63.0 63.0 
59.0 58.0 60.0 59.0 
60.0 59.0 59.0 60.0 
61.0 60.0 60.0 60.0 
65.0 59.0 62.0 63.0 
60.0 59.0 59.0 60.0 
60.0 59.0 60.0 60.0 
61.0 60.0 60.0 60.0 
65.0 58.0 63.0 63.0 
60.0 58.0 59.0 60.0 
60.0 58.0 60.0 61.0 
60.0 60.0 60.0 60.0 
65.0 59.0 62.0 63.0 
60.0 58.0 60.0 60.0 
60.0 59.0 59.0 60.0 
61.0 60.0 60.0 60.0 
65.0 60.0 62.0 63.0 
59.0 58.0 59.0 59.0 
60.0 59.0 60.0 61.0 
61.0 60.0 60.0 60.0 
66.0 59.0 62.0 64.0 
59.0 59.0 60.0 60.0 
60.0 59.0 60.0 60.0 
61.0 59.0 60.0 60.0 
66.0 60.0 62.0 64.0 
60.0 58.0 58.0 59.0 
59.0 59.0 60.0 61.0 
61.0 59.0 60.0 60.0 
67.0 60.0 62.0 66.0 
60.0 58.0 59.0 59.0 
58.0 58.0 60.0 61.0 
61.0 60.0 61.0 60.0 
66.0 59.0 62.0 64.0 
60.0 59.0 58.0 59.0 
60.0 59.0 60.0 60.0 
60.0 60.0 60.0 60.0 
67.0 59.0 62.0 63.0 
60.0 58.0 59.0 59.0 
59.0 59.0 60.0 61.0 
61.0 60.0 60.0 60.0 
68.0 59.0 63.0 64.0 
59.0 58.0 59.0 58.0 
60.0 59.0 60.0 61.0 
61.0 60.0 60.0 60.0 
67.0 59.0 62.0 64.0 
60.0 59.0 60.0 59.0 
59.0 59.0 60.0 60.0 
60.0 60.0 60.0 60.0 
68.0 60.0 62.0 63.0 
59.0 59.0 59.0 59.0 
60.0 59.0 61.0 61.0 
61.0 60.0 61.0 60.0 
66.0 59.0 61.0 63.0 
60.0 59.0 60.0 59.0 
60.0 59.0 59.0 60.0 
60.0 60.0 60.0 60.0 
67.0 59.0 62.0 63.0 
59.0 58.0 59.0 59.0 
59.0 59.0 60.0 61.0 
61.0 60.0 60.0 60.0 
67.0 60.0 61.0 63.0 
59.0 59.0 59.0 60.0 
60.0 59.0 60.0 60.0 
60.0 60.0 61.0 60.0 
67.0 59.0 62.0 62.0 
59.0 59.0 58.0 59.0 
59.0 59.0 60.0 61.0 
60.0 60.0 60.0 60.0 
67.0 59.0 61.0 63.0 
59.0 58.0 59.0 60.0 
59.0 61.0 60.0 60.0 
61.0 60.0 60.0 60.0 
67.0 59.0 62.0 63.0 
59.0 59.0 59.0 59.0 
59.0 59.0 60.0 60.0 
60.0 59.0 60.0 60.0 
66.0 59.0 61.0 62.0 
59.0 59.0 59.0 59.0 
59.0 59.0 59.0 61.0 
61.0 60.0 60.0 60.0 
66.0 60.0 62.0 62.0 
60.0 59.0 59.0 60.0 
60.0 59.0 60.0 60.0 
61.0 60.0 61.0 60.0 
66.0 60.0 62.0 63.0 
59.0 58.0 58.0 59.0 
59.0 58.0 60.0 60.0 
61.0 60.0 61.0 60.0 
66.0 59.0 62.0 63.0 
59.0 59.0 59.0 59.0 
60.0 59.0 60.0 61.0 
60.0 60.0 60.0 60.0 
66.0 59.0 62.0 63.0 
60.0 59.0 60.0 59.0 
60.0 59.0 60.0 60.0 
60.0 60.0 60.0 60.0 
66.0 59.0 63.0 63.0 
59.0 59.0 60.0 59.0 
60.0 59.0 60.0 61.0 
61.0 60.0 60.0 60.0 
66.0 61.0 62.0 63.0 
59.0 59.0 59.0 60.0 
59.0 60.0 60.0 61.0 
60.0 59.0 61.0 60.0 
67.0 59.0 62.0 64.0 
59.0 58.0 60.0 59.0 
60.0 59.0 59.0 61.0 
61.0 60.0 61.0 60.0 
66.0 59.0 63.0 63.0 
60.0 59.0 59.0 59.0 
60.0 59.0 59.0 61.0 
61.0 60.0 60.0 60.0 
69.0 60.0 62.0 64.0 
60.0 59.0 59.0 60.0 
59.0 59.0 61.0 60.0 
61.0 60.0 60.0 60.0 
68.0 59.0 62.0 64.0 
60.0 58.0 59.0 60.0 
60.0 59.0 60.0 60.0 
60.0 59.0 60.0 61.0 
70.0 60.0 63.0 64.0 
59.0 59.0 59.0 59.0 
60.0 59.0 60.0 61.0 
60.0 60.0 61.0 60.0 
68.0 59.0 62.0 63.0 
59.0 58.0 59.0 60.0 
59.0 60.0 60.0 61.0 
61.0 59.0 60.0 60.0 
68.0 59.0 62.0 63.0 
59.0 59.0 60.0 59.0 
60.0 59.0 60.0 61.0 
61.0 60.0 60.0 60.0 
68.0 59.0 62.0 63.0 
60.0 59.0 59.0 60.0 
60.0 59.0 60.0 61.0 
61.0 60.0 59.0 60.0 
69.0 59.0 61.0 64.0 
60.0 58.0 59.0 60.0 
60.0 58.0 60.0 60.0 
61.0 60.0 60.0 60.0 
69.0 60.0 62.0 63.0 
60.0 58.0 60.0 59.0 
59.0 59.0 60.0 60.0 
60.0 60.0 61.0 61.0 
69.0 59.0 62.0 64.0 
59.0 58.0 60.0 59.0 
60.0 59.0 61.0 60.0 
60.0 60.0 60.0 60.0 
69.0 59.0 62.0 64.0 
60.0 59.0 59.0 59.0 
60.0 59.0 60.0 60.0 
61.0 60.0 60.0 60.0 
69.0 59.0 62.0 64.0 
60.0 58.0 59.0 59.0 
60.0 58.0 60.0 61.0 
60.0 61.0 60.0 61.0 
69.0 59.0 63.0 64.0 
60.0 59.0 60.0 59.0 
60.0 59.0 61.0 60.0 
61.0 61.0 60.0 60.0 
68.0 60.0 63.0 64.0 
59.0 59.0 59.0 59.0 
60.0 58.0 60.0 60.0 
61.0 59.0 61.0 60.0 
69.0 59.0 62.0 64.0 
60.0 58.0 59.0 59.0 
60.0 61.0 60.0 60.0 
61.0 59.0 61.0 60.0 
69.0 59.0 62.0 64.0 
60.0 59.0 58.0 60.0 
59.0 59.0 61.0 60.0 
60.0 60.0 59.0 60.0 
69.0 59.0 62.0 63.0 
59.0 58.0 59.0 60.0 
59.0 59.0 60.0 60.0 
60.0 60.0 60.0 60.0 
69.0 60.0 63.0 63.0 
59.0 59.0 59.0 60.0 
59.0 59.0 60.0 61.0 
60.0 60.0 60.0 60.0 
68.0 60.0 62.0 63.0 
59.0 59.0 59.0 59.0 
59.0 58.0 60.0 59.0 
61.0 60.0 60.0 61.0 
68.0 60.0 61.0 63.0 
60.0 58.0 59.0 59.0 
59.0 59.0 60.0 60.0 
60.0 60.0 60.0 60.0 
67.0 59.0 62.0 64.0 
60.0 59.0 59.0 59.0 
60.0 60.0 60.0 61.0 
60.0 59.0 60.0 60.0 
67.0 59.0 62.0 64.0 
59.0 58.0 59.0 59.0 
59.0 59.0 59.0 61.0 
61.0 60.0 60.0 60.0 
67.0 58.0 62.0 64.0 
59.0 59.0 59.0 60.0 
59.0 60.0 60.0 61.0 
61.0 60.0 60.0 60.0 
67.0 59.0 63.0 63.0 
60.0 59.0 59.0 59.0 
60.0 58.0 60.0 61.0 
61.0 60.0 60.0 60.0 
66.0 60.0 62.0 64.0 
60.0 58.0 59.0 60.0 
59.0 59.0 60.0 60.0 
61.0 60.0 61.0 60.0 
65.0 59.0 62.0 64.0 
60.0 59.0 59.0 59.0 
60.0 59.0 60.0 61.0 
61.0 60.0 60.0 60.0 
65.0 59.0 62.0 64.0 
60.0 58.0 59.0 59.0 
59.0 59.0 59.0 61.0 
60.0 60.0 59.0 61.0 
65.0 59.0 62.0 64.0 
59.0 59.0 59.0 60.0 
59.0 60.0 61.0 61.0 
60.0 59.0 60.0 61.0 
66.0 59.0 63.0 64.0 
59.0 58.0 59.0 59.0 
60.0 58.0 60.0 60.0 
61.0 59.0 60.0 60.0 
66.0 59.0 63.0 64.0 
59.0 59.0 59.0 60.0 
60.0 59.0 60.0 60.0 
61.0 60.0 60.0 60.0 
66.0 59.0 63.0 64.0 
59.0 58.0 59.0 59.0 
60.0 59.0 60.0 60.0 
60.0 60.0 61.0 60.0 
67.0 60.0 63.0 64.0 
60.0 59.0 59.0 59.0 
60.0 59.0 60.0 59.0 
61.0 59.0 61.0 60.0 
66.0 59.0 63.0 63.0 
60.0 59.0 59.0 60.0 
59.0 59.0 60.0 61.0 
60.0 60.0 60.0 60.0 
66.0 59.0 62.0 64.0 
59.0 59.0 59.0 60.0 
60.0 59.0 60.0 61.0 
61.0 60.0 60.0 60.0 
66.0 59.0 63.0 64.0 
59.0 58.0 59.0 59.0 
60.0 59.0 60.0 61.0 
61.0 60.0 60.0 60.0 
66.0 59.0 62.0 63.0 
59.0 59.0 59.0 60.0 
59.0 59.0 59.0 61.0 
61.0 59.0 60.0 60.0 
66.0 59.0 62.0 63.0 
60.0 58.0 59.0 59.0 
60.0 59.0 60.0 60.0 
61.0 60.0 60.0 60.0 
66.0 59.0 63.0 63.0 
60.0 58.0 59.0 59.0 
60.0 59.0 60.0 60.0 
60.0 60.0 59.0 60.0 
65.0 59.0 62.0 63.0 
60.0 58.0 59.0 60.0 
60.0 60.0 60.0 60.0 
61.0 59.0 60.0 60.0 
66.0 60.0 62.0 63.0 
59.0 58.0 60.0 59.0 
60.0 59.0 60.0 60.0 
61.0 60.0 60.0 61.0 
66.0 59.0 63.0 63.0 
59.0 59.0 59.0 60.0 
60.0 59.0 60.0 61.0 
60.0 60.0 60.0 60.0 
67.0 58.0 63.0 64.0 
60.0 59.0 59.0 60.0 
59.0 58.0 62.0 60.0 
61.0 60.0 60.0 60.0 
67.0 60.0 63.0 64.0 
59.0 59.0 59.0 59.0 
60.0 60.0 59.0 60.0 
61.0 60.0 60.0 60.0 
68.0 59.0 63.0 65.0 
59.0 59.0 59.0 60.0 
59.0 58.0 61.0 60.0 
60.0 60.0 60.0 60.0 
66.0 60.0 63.0 64.0 
60.0 59.0 59.0 60.0 
60.0 59.0 59.0 60.0 
61.0 59.0 60.0 61.0 
67.0 60.0 63.0 64.0 
59.0 59.0 60.0 60.0 
59.0 59.0 59.0 60.0 
61.0 60.0 60.0 60.0 
67.0 59.0 62.0 64.0 
60.0 59.0 59.0 59.0 
60.0 60.0 59.0 61.0 
61.0 60.0 60.0 60.0 
67.0 60.0 63.0 64.0 
60.0 58.0 59.0 60.0 
60.0 59.0 60.0 60.0 
60.0 60.0 60.0 61.0 
67.0 59.0 63.0 64.0 
59.0 58.0 59.0 59.0 
59.0 59.0 59.0 60.0 
61.0 59.0 60.0 60.0 
66.0 59.0 63.0 64.0 
60.0 59.0 59.0 59.0 
60.0 58.0 60.0 61.0 
60.0 60.0 60.0 60.0 
66.0 60.0 63.0 64.0 
60.0 58.0 59.0 60.0 
61.0 60.0 60.0 61.0 
61.0 60.0 61.0 61.0 
66.0 60.0 64.0 64.0 
60.0 58.0 60.0 59.0 
60.0 59.0 59.0 60.0 
60.0 60.0 60.0 60.0 
66.0 59.0 63.0 64.0 
59.0 59.0 59.0 59.0 
60.0 58.0 59.0 61.0 
61.0 60.0 60.0 60.0 
67.0 59.0 62.0 65.0 
59.0 59.0 60.0 59.0 
60.0 59.0 60.0 60.0 
61.0 59.0 60.0 60.0 
67.0 60.0 63.0 64.0 
60.0 59.0 59.0 59.0 
60.0 59.0 59.0 60.0 
61.0 60.0 61.0 59.0 
67.0 59.0 63.0 65.0 
59.0 59.0 59.0 59.0 
59.0 59.0 59.0 60.0 
60.0 60.0 60.0 60.0 
66.0 59.0 63.0 65.0 
59.0 58.0 59.0 59.0 
59.0 60.0 60.0 60.0 
61.0 60.0 59.0 60.0 
66.0 59.0 62.0 65.0 
60.0 58.0 59.0 59.0 
59.0 59.0 59.0 60.0 
60.0 60.0 60.0 60.0 
67.0 59.0 63.0 65.0 
60.0 59.0 59.0 59.0 
59.0 59.0 60.0 60.0 
61.0 60.0 60.0 59.0 
67.0 59.0 63.0 65.0 
60.0 59.0 59.0 59.0 
60.0 59.0 60.0 60.0 
61.0 60.0 60.0 61.0 
68.0 59.0 63.0 65.0 
60.0 59.0 59.0 59.0 
59.0 59.0 61.0 60.0 
61.0 60.0 60.0 60.0 
67.0 59.0 63.0 64.0 
59.0 58.0 60.0 59.0 
60.0 59.0 60.0 60.0 
61.0 59.0 60.0 60.0 
68.0 59.0 63.0 64.0 
60.0 59.0 59.0 60.0 
59.0 60.0 60.0 60.0 
61.0 60.0 60.0 61.0 
68.0 59.0 63.0 65.0 
60.0 58.0 59.0 59.0 
60.0 58.0 60.0 61.0 
61.0 59.0 60.0 60.0 
67.0 59.0 62.0 64.0 
59.0 59.0 59.0 59.0 
60.0 59.0 59.0 60.0 
61.0 60.0 61.0 60.0 
68.0 59.0 63.0 65.0 
59.0 58.0 59.0 59.0 
60.0 59.0 60.0 60.0 
60.0 59.0 60.0 60.0 
68.0 59.0 62.0 64.0 
59.0 58.0 59.0 59.0 
60.0 59.0 60.0 60.0 
60.0 60.0 60.0 60.0 
68.0 59.0 63.0 65.0 
59.0 59.0 59.0 60.0 
60.0 59.0 61.0 60.0 
60.0 60.0 59.0 60.0 
67.0 60.0 62.0 64.0 
59.0 58.0 59.0 59.0 
60.0 59.0 60.0 60.0 
60.0 60.0 60.0 60.0 
67.0 59.0 62.0 64.0 
59.0 60.0 59.0 59.0 
59.0 59.0 60.0 60.0 
60.0 59.0 60.0 60.0 
68.0 59.0 63.0 64.0 
60.0 58.0 60.0 59.0 
60.0 60.0 60.0 61.0 
61.0 60.0 60.0 60.0 
70.0 58.0 63.0 64.0 
59.0 60.0 59.0 59.0 
59.0 59.0 60.0 61.0 
61.0 60.0 60.0 60.0 
71.0 59.0 63.0 64.0 
60.0 59.0 59.0 59.0 
59.0 59.0 61.0 60.0 
60.0 60.0 59.0 60.0 
70.0 59.0 63.0 65.0 
59.0 59.0 59.0 59.0 
60.0 59.0 60.0 60.0 
60.0 60.0 60.0 60.0 
70.0 59.0 63.0 66.0 
59.0 59.0 59.0 59.0 
60.0 58.0 60.0 60.0 
60.0 60.0 60.0 60.0 
71.0 59.0 63.0 65.0 
59.0 58.0 59.0 60.0 
59.0 59.0 61.0 60.0 
60.0 60.0 60.0 60.0 
70.0 59.0 63.0 65.0 
59.0 58.0 59.0 59.0 
59.0 59.0 60.0 60.0 
60.0 60.0 60.0 61.0 
70.0 59.0 63.0 65.0 
59.0 59.0 60.0 59.0 
60.0 59.0 60.0 60.0 
60.0 60.0 60.0 60.0 
70.0 59.0 63.0 64.0 
59.0 59.0 59.0 60.0 
59.0 59.0 60.0 61.0 
61.0 60.0 60.0 60.0 
70.0 59.0 63.0 65.0 
59.0 58.0 59.0 59.0 
60.0 59.0 60.0 60.0 
59.0 59.0 60.0 60.0 
69.0 59.0 63.0 65.0 
59.0 59.0 59.0 59.0 
59.0 60.0 60.0 61.0 
61.0 59.0 60.0 60.0 
69.0 60.0 63.0 65.0 
60.0 58.0 59.0 59.0 
60.0 59.0 61.0 60.0 
60.0 60.0 60.0 61.0 
69.0 59.0 62.0 65.0 
59.0 58.0 59.0 59.0 
60.0 59.0 60.0 60.0 
61.0 60.0 60.0 60.0 
69.0 59.0 63.0 65.0 
60.0 58.0 59.0 59.0 
60.0 59.0 60.0 60.0 
61.0 60.0 60.0 61.0 
70.0 59.0 62.0 65.0 
60.0 58.0 59.0 59.0 
59.0 59.0 60.0 60.0 
61.0 60.0 60.0 60.0 
68.0 59.0 63.0 64.0 
59.0 59.0 59.0 59.0 
60.0 59.0 60.0 60.0 
61.0 60.0 59.0 60.0 
71.0 59.0 63.0 64.0 
59.0 59.0 59.0 60.0 
60.0 60.0 60.0 60.0 
60.0 60.0 60.0 60.0 
71.0 58.0 63.0 65.0 
59.0 59.0 59.0 60.0 
59.0 59.0 60.0 61.0 
60.0 59.0 61.0 60.0 
71.0 59.0 64.0 65.0 
60.0 59.0 59.0 59.0 
60.0 59.0 60.0 60.0 
61.0 60.0 60.0 61.0 
70.0 60.0 63.0 65.0 
59.0 59.0 60.0 59.0 
59.0 60.0 61.0 60.0 
60.0 60.0 61.0 60.0 
70.0 59.0 63.0 65.0 
58.0 59.0 60.0 59.0 
60.0 59.0 60.0 60.0 
61.0 59.0 60.0 60.0 
71.0 59.0 63.0 65.0 
59.0 59.0 59.0 59.0 
60.0 59.0 60.0 60.0 
61.0 60.0 60.0 61.0 
70.0 59.0 63.0 66.0 
59.0 59.0 60.0 59.0 
59.0 60.0 60.0 60.0 
61.0 59.0 60.0 60.0 
71.0 59.0 63.0 65.0 
60.0 59.0 59.0 59.0 
60.0 59.0 60.0 60.0 
60.0 60.0 60.0 60.0 
70.0 60.0 63.0 65.0 
60.0 59.0 59.0 59.0 
58.0 59.0 60.0 60.0 
60.0 59.0 60.0 60.0 
71.0 59.0 63.0 65.0 
58.0 59.0 59.0 59.0 
60.0 59.0 60.0 60.0 
60.0 60.0 60.0 60.0 
70.0 59.0 63.0 65.0 
59.0 59.0 59.0 59.0 
59.0 59.0 61.0 61.0 
61.0 60.0 61.0 60.0 
69.0 59.0 62.0 65.0 
59.0 58.0 59.0 59.0 
59.0 59.0 60.0 60.0 
60.0 60.0 60.0 60.0 
69.0 60.0 63.0 65.0 
59.0 58.0 59.0 59.0 
60.0 59.0 60.0 61.0 
60.0 60.0 60.0 60.0 
69.0 59.0 63.0 65.0 
59.0 59.0 59.0 60.0 
59.0 59.0 60.0 60.0 
61.0 60.0 60.0 60.0 
69.0 60.0 63.0 64.0 
59.0 59.0 59.0 60.0 
60.0 59.0 60.0 60.0 
60.0 59.0 61.0 60.0 
69.0 59.0 64.0 65.0 
59.0 59.0 59.0 59.0 
60.0 58.0 61.0 61.0 
61.0 60.0 60.0 61.0 
69.0 59.0 63.0 65.0 
60.0 58.0 59.0 60.0 
59.0 60.0 60.0 60.0 
61.0 59.0 60.0 61.0 
69.0 59.0 63.0 65.0 
60.0 59.0 59.0 60.0 
59.0 59.0 60.0 60.0 
61.0 59.0 60.0 60.0 
68.0 59.0 62.0 65.0 
59.0 59.0 59.0 59.0 
59.0 59.0 60.0 60.0 
60.0 59.0 59.0 61.0 
69.0 59.0 63.0 65.0 
59.0 59.0 58.0 60.0 
60.0 59.0 61.0 60.0 
61.0 60.0 60.0 60.0 
69.0 59.0 62.0 65.0 
59.0 59.0 59.0 60.0 
60.0 59.0 61.0 60.0 
61.0 60.0 60.0 60.0 
69.0 59.0 63.0 64.0 
59.0 59.0 59.0 58.0 
60.0 59.0 61.0 61.0 
60.0 60.0 59.0 61.0 
69.0 60.0 63.0 65.0 
60.0 58.0 60.0 59.0 
59.0 59.0 60.0 60.0 
60.0 60.0 60.0 60.0 
69.0 59.0 62.0 64.0 
59.0 59.0 59.0 60.0 
60.0 59.0 60.0 60.0 
60.0 60.0 61.0 61.0 
69.0 59.0 63.0 64.0 
60.0 58.0 59.0 59.0 
59.0 59.0 60.0 61.0 
60.0 60.0 60.0 60.0 
70.0 58.0 64.0 65.0 
60.0 58.0 60.0 59.0 
59.0 59.0 60.0 60.0 
60.0 60.0 60.0 60.0 
69.0 59.0 64.0 65.0 
59.0 59.0 59.0 59.0 
59.0 59.0 61.0 60.0 
60.0 59.0 60.0 60.0 
69.0 59.0 63.0 65.0 
60.0 58.0 59.0 59.0 
59.0 59.0 60.0 61.0 
60.0 60.0 60.0 60.0 
69.0 59.0 62.0 64.0 
59.0 58.0 59.0 59.0 
60.0 59.0 60.0 61.0 
61.0 59.0 60.0 60.0 
69.0 59.0 63.0 64.0 
59.0 59.0 59.0 59.0 
60.0 59.0 61.0 60.0 
60.0 59.0 59.0 61.0 
69.0 60.0 62.0 65.0 
60.0 58.0 60.0 59.0 
60.0 59.0 60.0 60.0 
60.0 60.0 60.0 60.0 
69.0 60.0 62.0 64.0 
59.0 58.0 59.0 59.0 
60.0 59.0 60.0 61.0 
61.0 59.0 61.0 61.0 
69.0 59.0 63.0 65.0 
60.0 59.0 59.0 59.0 
59.0 59.0 60.0 60.0 
61.0 60.0 60.0 60.0 
68.0 58.0 62.0 64.0 
59.0 58.0 59.0 59.0 
59.0 59.0 60.0 60.0 
61.0 60.0 60.0 60.0 
69.0 60.0 62.0 63.0 
59.0 59.0 59.0 59.0 
60.0 59.0 61.0 61.0 
61.0 59.0 61.0 60.0 
69.0 59.0 62.0 64.0 
59.0 59.0 59.0 59.0 
59.0 59.0 60.0 61.0 
60.0 60.0 60.0 60.0 
68.0 59.0 63.0 64.0 
59.0 59.0 59.0 59.0 
60.0 59.0 61.0 60.0 
61.0 60.0 60.0 61.0 
69.0 59.0 62.0 65.0 
59.0 58.0 60.0 60.0 
59.0 59.0 60.0 60.0 
60.0 60.0 61.0 60.0 
69.0 59.0 63.0 65.0 
60.0 59.0 59.0 59.0 
60.0 59.0 61.0 60.0 
60.0 60.0 60.0 60.0 
70.0 59.0 63.0 65.0 
59.0 58.0 59.0 59.0 
59.0 58.0 60.0 60.0 
60.0 60.0 60.0 60.0 
69.0 59.0 63.0 64.0 
60.0 58.0 59.0 59.0 
59.0 60.0 60.0 60.0 
61.0 60.0 60.0 60.0 
69.0 60.0 63.0 65.0 
59.0 59.0 59.0 59.0 
60.0 59.0 60.0 60.0 
60.0 60.0 60.0 60.0 
68.0 59.0 63.0 65.0 
59.0 59.0 59.0 60.0 
60.0 60.0 61.0 60.0 
60.0 60.0 60.0 60.0 
69.0 59.0 63.0 65.0 
60.0 58.0 59.0 59.0 
60.0 59.0 60.0 60.0 
61.0 60.0 60.0 60.0 
69.0 60.0 63.0 64.0 
59.0 59.0 59.0 59.0 
59.0 59.0 60.0 60.0 
61.0 60.0 60.0 60.0 
69.0 59.0 63.0 64.0 
59.0 59.0 59.0 60.0 
59.0 59.0 60.0 60.0 
61.0 59.0 60.0 60.0 
69.0 59.0 63.0 65.0 
60.0 58.0 59.0 59.0 
60.0 59.0 60.0 59.0 
60.0 60.0 60.0 60.0 
68.0 59.0 62.0 64.0 
60.0 58.0 59.0 59.0 
59.0 60.0 60.0 60.0 
61.0 59.0 60.0 59.0 
69.0 59.0 63.0 65.0 
59.0 59.0 59.0 59.0 
59.0 59.0 60.0 60.0 
60.0 60.0 61.0 60.0 
69.0 59.0 62.0 65.0 
59.0 59.0 59.0 59.0 
59.0 59.0 60.0 61.0 
61.0 60.0 60.0 60.0 
69.0 58.0 63.0 65.0 
60.0 59.0 59.0 59.0 
59.0 59.0 60.0 60.0 
60.0 60.0 59.0 60.0 
69.0 60.0 63.0 65.0 
59.0 59.0 60.0 59.0 
60.0 59.0 60.0 61.0 
61.0 60.0 60.0 60.0 
69.0 60.0 62.0 65.0 
59.0 59.0 59.0 59.0 
60.0 59.0 60.0 60.0 
61.0 60.0 61.0 60.0 
68.0 59.0 63.0 64.0 
59.0 59.0 59.0 59.0 
61.0 58.0 60.0 60.0 
60.0 60.0 60.0 60.0 
69.0 59.0 62.0 64.0 
59.0 59.0 59.0 59.0 
60.0 59.0 60.0 60.0 
61.0 60.0 60.0 60.0 
69.0 59.0 63.0 66.0 
59.0 58.0 59.0 59.0 
60.0 59.0 60.0 61.0 
60.0 59.0 60.0 60.0 
69.0 59.0 62.0 65.0 
59.0 59.0 59.0 59.0 
59.0 60.0 60.0 60.0 
61.0 60.0 60.0 60.0 
70.0 60.0 63.0 66.0 
60.0 59.0 59.0 59.0 
60.0 59.0 60.0 60.0 
61.0 60.0 61.0 60.0 
69.0 59.0 63.0 65.0 
59.0 58.0 59.0 59.0 
60.0 59.0 61.0 60.0 
61.0 60.0 60.0 60.0 
70.0 59.0 63.0 65.0 
59.0 59.0 59.0 60.0 
59.0 60.0 60.0 60.0 
61.0 59.0 60.0 60.0 
69.0 58.0 63.0 65.0 
60.0 58.0 60.0 59.0 
60.0 58.0 61.0 60.0 
61.0 60.0 60.0 59.0 
69.0 59.0 62.0 65.0 
60.0 58.0 59.0 59.0 
59.0 59.0 61.0 60.0 
60.0 59.0 60.0 60.0 
69.0 59.0 63.0 64.0 
60.0 59.0 59.0 59.0 
60.0 59.0 60.0 60.0 
61.0 60.0 60.0 60.0 
69.0 59.0 63.0 65.0 
59.0 59.0 59.0 59.0 
60.0 59.0 60.0 60.0 
60.0 60.0 60.0 60.0 
69.0 60.0 63.0 65.0 
59.0 58.0 59.0 60.0 
60.0 60.0 60.0 60.0 
61.0 60.0 60.0 60.0 
70.0 59.0 63.0 65.0 
59.0 59.0 59.0 60.0 
59.0 59.0 59.0 61.0 
61.0 60.0 60.0 60.0 
69.0 59.0 63.0 65.0 
59.0 58.0 59.0 59.0 
59.0 59.0 60.0 60.0 
61.0 59.0 60.0 60.0 
69.0 58.0 63.0 66.0 
59.0 58.0 59.0 59.0 
59.0 59.0 60.0 61.0 
60.0 60.0 60.0 61.0 
69.0 60.0 63.0 65.0 
59.0 59.0 59.0 59.0 
60.0 59.0 60.0 60.0 
60.0 60.0 62.0 60.0 
69.0 59.0 64.0 65.0 
59.0 59.0 58.0 59.0 
60.0 59.0 60.0 60.0 
61.0 60.0 60.0 60.0 
69.0 60.0 63.0 64.0 
59.0 59.0 60.0 59.0 
60.0 59.0 61.0 60.0 
60.0 60.0 60.0 60.0 
70.0 59.0 63.0 64.0 
59.0 59.0 59.0 59.0 
59.0 60.0 60.0 60.0 
60.0 59.0 60.0 61.0 
69.0 59.0 63.0 65.0 
59.0 59.0 59.0 60.0 
59.0 60.0 61.0 60.0 
60.0 59.0 60.0 60.0 
70.0 59.0 63.0 65.0 
59.0 58.0 59.0 60.0 
60.0 59.0 60.0 60.0 
61.0 60.0 61.0 60.0 
69.0 59.0 63.0 65.0 
60.0 59.0 59.0 60.0 
60.0 59.0 61.0 60.0 
61.0 60.0 60.0 60.0 
69.0 60.0 63.0 65.0 
60.0 58.0 58.0 59.0 
59.0 59.0 60.0 60.0 
60.0 60.0 60.0 60.0 
69.0 60.0 63.0 65.0 
59.0 58.0 58.0 59.0 
60.0 59.0 60.0 60.0 
60.0 60.0 60.0 60.0 
70.0 59.0 63.0 65.0 
59.0 59.0 60.0 59.0 
59.0 59.0 60.0 60.0 
60.0 59.0 61.0 60.0 
70.0 59.0 63.0 65.0 
59.0 59.0 59.0 59.0 
60.0 59.0 59.0 60.0 
60.0 60.0 60.0 59.0 
69.0 59.0 63.0 64.0 
59.0 59.0 59.0 59.0 
60.0 59.0 60.0 60.0 
61.0 59.0 60.0 61.0 
69.0 59.0 61.0 65.0 
60.0 58.0 59.0 59.0 
59.0 60.0 60.0 61.0 
60.0 59.0 60.0 60.0 
69.0 60.0 63.0 65.0 
60.0 59.0 59.0 59.0 
59.0 59.0 61.0 60.0 
60.0 60.0 61.0 60.0 
70.0 59.0 64.0 64.0 
59.0 58.0 59.0 59.0 
59.0 59.0 60.0 60.0 
60.0 60.0 60.0 60.0 
69.0 59.0 62.0 65.0 
60.0 58.0 59.0 59.0 
60.0 59.0 60.0 60.0 
60.0 60.0 59.0 60.0 
69.0 59.0 63.0 65.0 
59.0 58.0 59.0 59.0 
60.0 59.0 61.0 60.0 
61.0 60.0 60.0 60.0 
69.0 59.0 63.0 64.0 
59.0 59.0 59.0 59.0 
59.0 59.0 60.0 60.0 
60.0 60.0 60.0 60.0 
69.0 60.0 63.0 65.0 
60.0 59.0 59.0 59.0 
59.0 59.0 60.0 60.0 
61.0 60.0 60.0 60.0 
69.0 60.0 64.0 65.0 
59.0 58.0 59.0 59.0 
60.0 59.0 60.0 60.0 
61.0 60.0 60.0 60.0 
70.0 59.0 63.0 64.0 
59.0 58.0 59.0 59.0 
59.0 59.0 60.0 60.0 
60.0 59.0 60.0 60.0 
70.0 59.0 63.0 66.0 
59.0 59.0 59.0 59.0 
60.0 59.0 61.0 60.0 
60.0 60.0 60.0 60.0 
69.0 59.0 63.0 64.0 
59.0 58.0 59.0 59.0 
60.0 59.0 60.0 60.0 
61.0 60.0 60.0 60.0 
69.0 59.0 63.0 65.0 
59.0 59.0 59.0 59.0 
60.0 59.0 61.0 60.0 
61.0 60.0 60.0 60.0 
69.0 59.0 63.0 65.0 
59.0 59.0 58.0 59.0 
60.0 59.0 60.0 60.0 
60.0 60.0 60.0 61.0 
68.0 59.0 63.0 65.0 
59.0 58.0 58.0 60.0 
60.0 58.0 60.0 61.0 
60.0 60.0 60.0 60.0 
69.0 60.0 63.0 65.0 
59.0 58.0 59.0 61.0 
59.0 59.0 60.0 60.0 
60.0 60.0 59.0 60.0 
68.0 60.0 62.0 65.0 
60.0 58.0 58.0 59.0 
60.0 59.0 60.0 61.0 
60.0 59.0 60.0 60.0 
68.0 60.0 63.0 65.0 
60.0 58.0 59.0 59.0 
59.0 59.0 60.0 60.0 
60.0 60.0 60.0 60.0 
70.0 59.0 64.0 64.0 
59.0 59.0 59.0 60.0 
60.0 59.0 61.0 60.0 
60.0 60.0 60.0 60.0 
69.0 58.0 63.0 64.0 
60.0 57.0 59.0 59.0 
59.0 59.0 60.0 61.0 
60.0 60.0 60.0 60.0 
69.0 60.0 63.0 64.0 
59.0 59.0 59.0 59.0 
59.0 59.0 60.0 60.0 
60.0 60.0 61.0 60.0 
70.0 59.0 63.0 65.0 
60.0 58.0 59.0 60.0 
60.0 58.0 61.0 60.0 
60.0 60.0 60.0 60.0 
69.0 59.0 63.0 64.0 
59.0 59.0 59.0 59.0 
60.0 59.0 60.0 61.0 
60.0 59.0 60.0 60.0 
68.0 59.0 63.0 64.0 
60.0 58.0 58.0 59.0 
60.0 58.0 60.0 60.0 
60.0 59.0 60.0 60.0 
69.0 59.0 62.0 64.0 
60.0 58.0 59.0 60.0 
59.0 59.0 61.0 60.0 
60.0 60.0 60.0 60.0 
68.0 59.0 63.0 64.0 
59.0 59.0 59.0 60.0 
59.0 60.0 60.0 60.0 
60.0 60.0 59.0 60.0 
69.0 60.0 63.0 64.0 
59.0 58.0 59.0 59.0 
59.0 59.0 60.0 60.0 
60.0 60.0 61.0 60.0 
68.0 59.0 63.0 64.0 
60.0 59.0 59.0 59.0 
59.0 58.0 61.0 61.0 
61.0 60.0 60.0 60.0 
68.0 59.0 63.0 64.0 
59.0 58.0 59.0 61.0 
59.0 59.0 60.0 61.0 
61.0 60.0 59.0 60.0 
68.0 59.0 63.0 64.0 
59.0 59.0 59.0 59.0 
59.0 59.0 61.0 60.0 
60.0 60.0 60.0 59.0 
68.0 59.0 63.0 65.0 
59.0 58.0 59.0 59.0 
59.0 59.0 60.0 60.0 
60.0 60.0 60.0 60.0 
69.0 59.0 64.0 64.0 
59.0 58.0 60.0 59.0 
59.0 59.0 61.0 60.0 
60.0 60.0 60.0 60.0 
69.0 60.0 63.0 64.0 
59.0 58.0 59.0 59.0 
60.0 59.0 60.0 60.0 
61.0 60.0 60.0 60.0 
69.0 59.0 63.0 65.0 
59.0 58.0 59.0 59.0 
59.0 60.0 60.0 61.0 
61.0 60.0 60.0 61.0 
69.0 59.0 63.0 65.0 
59.0 59.0 59.0 59.0 
59.0 59.0 60.0 61.0 
60.0 59.0 60.0 60.0 
69.0 59.0 62.0 64.0 
59.0 59.0 59.0 59.0 
59.0 59.0 60.0 61.0 
60.0 60.0 60.0 60.0 
68.0 58.0 63.0 65.0 
60.0 58.0 59.0 59.0 
59.0 59.0 60.0 61.0 
60.0 60.0 60.0 60.0 
67.0 59.0 63.0 65.0 
60.0 58.0 59.0 59.0 
60.0 59.0 60.0 60.0 
60.0 60.0 60.0 61.0 
68.0 59.0 63.0 64.0 
59.0 57.0 60.0 59.0 
59.0 59.0 60.0 60.0 
60.0 60.0 60.0 60.0 
68.0 59.0 64.0 65.0 
59.0 59.0 59.0 60.0 
59.0 59.0 60.0 60.0 
60.0 60.0 60.0 60.0 
69.0 59.0 63.0 64.0 
59.0 58.0 59.0 59.0 
60.0 59.0 60.0 61.0 
61.0 60.0 60.0 60.0 
69.0 59.0 63.0 64.0 
59.0 60.0 60.0 60.0 
60.0 60.0 60.0 60.0 
60.0 60.0 61.0 61.0 
69.0 59.0 64.0 64.0 
59.0 58.0 61.0 59.0 
59.0 58.0 60.0 60.0 
60.0 60.0 60.0 60.0 
68.0 60.0 63.0 65.0 
60.0 58.0 59.0 59.0 
59.0 59.0 60.0 60.0 
60.0 60.0 60.0 60.0 
69.0 59.0 63.0 64.0 
59.0 59.0 59.0 59.0 
59.0 59.0 60.0 60.0 
61.0 59.0 60.0 60.0 
69.0 59.0 63.0 64.0 
60.0 59.0 59.0 59.0 
59.0 59.0 60.0 60.0 
62.0 60.0 60.0 60.0 
68.0 59.0 63.0 65.0 
59.0 58.0 59.0 60.0 
59.0 59.0 60.0 60.0 
61.0 60.0 60.0 61.0 
69.0 59.0 63.0 64.0 
59.0 58.0 59.0 59.0 
59.0 59.0 60.0 60.0 
60.0 59.0 60.0 60.0 
69.0 58.0 63.0 65.0 
59.0 58.0 59.0 59.0 
60.0 58.0 60.0 61.0 
61.0 60.0 60.0 60.0 
69.0 59.0 63.0 65.0 
59.0 58.0 59.0 59.0 
60.0 59.0 60.0 60.0 
60.0 60.0 59.0 60.0 
69.0 60.0 63.0 65.0 
60.0 58.0 59.0 59.0 
59.0 59.0 60.0 61.0 
60.0 59.0 60.0 60.0 
69.0 60.0 63.0 64.0 
59.0 60.0 59.0 59.0 
59.0 59.0 60.0 60.0 
61.0 60.0 60.0 60.0 
68.0 59.0 63.0 65.0 
60.0 59.0 59.0 60.0 
59.0 59.0 60.0 60.0 
60.0 59.0 60.0 61.0 
68.0 59.0 63.0 65.0 
60.0 58.0 60.0 59.0 
59.0 59.0 60.0 60.0 
61.0 60.0 60.0 60.0 
69.0 59.0 63.0 64.0 
59.0 58.0 59.0 60.0 
60.0 59.0 60.0 60.0 
60.0 59.0 59.0 60.0 
69.0 59.0 63.0 64.0 
60.0 58.0 59.0 60.0 
60.0 59.0 60.0 61.0 
60.0 60.0 60.0 59.0 
68.0 59.0 63.0 65.0 
59.0 58.0 58.0 60.0 
59.0 59.0 60.0 60.0 
61.0 59.0 60.0 60.0 
68.0 60.0 63.0 64.0 
59.0 59.0 58.0 59.0 
60.0 59.0 60.0 60.0 
61.0 59.0 61.0 60.0 
69.0 59.0 63.0 65.0 
59.0 58.0 59.0 59.0 
59.0 59.0 60.0 60.0 
61.0 60.0 60.0 60.0 
69.0 60.0 63.0 64.0 
60.0 59.0 58.0 59.0 
60.0 59.0 60.0 60.0 
60.0 59.0 60.0 60.0 
68.0 59.0 63.0 65.0 
60.0 58.0 59.0 59.0 
59.0 59.0 60.0 60.0 
61.0 60.0 60.0 60.0 
69.0 59.0 63.0 64.0 
59.0 58.0 60.0 59.0 
60.0 59.0 61.0 60.0 
60.0 61.0 60.0 60.0 
68.0 60.0 63.0 65.0 
59.0 59.0 59.0 60.0 
59.0 59.0 60.0 60.0 
60.0 60.0 60.0 60.0 
68.0 59.0 63.0 64.0 
59.0 58.0 58.0 60.0 
59.0 59.0 60.0 60.0 
61.0 59.0 59.0 60.0 
68.0 60.0 63.0 64.0 
59.0 58.0 59.0 60.0 
60.0 59.0 60.0 60.0 
60.0 59.0 60.0 60.0 
68.0 60.0 63.0 64.0 
59.0 58.0 59.0 59.0 
60.0 59.0 60.0 60.0 
60.0 60.0 60.0 60.0 
69.0 59.0 63.0 64.0 
59.0 59.0 59.0 59.0 
59.0 58.0 60.0 59.0 
61.0 60.0 60.0 60.0 
68.0 60.0 64.0 64.0 
59.0 59.0 59.0 59.0 
59.0 59.0 60.0 60.0 
60.0 59.0 60.0 60.0 
68.0 59.0 63.0 65.0 
60.0 58.0 59.0 60.0 
60.0 59.0 60.0 60.0 
61.0 60.0 60.0 60.0 
68.0 59.0 63.0 64.0 
60.0 58.0 59.0 59.0 
60.0 59.0 60.0 61.0 
60.0 60.0 60.0 60.0 
69.0 59.0 63.0 64.0 
59.0 59.0 59.0 59.0 
59.0 59.0 61.0 60.0 
60.0 60.0 60.0 60.0 
68.0 59.0 63.0 64.0 
59.0 58.0 59.0 59.0 
59.0 58.0 61.0 60.0 
60.0 60.0 60.0 60.0 
69.0 59.0 63.0 64.0 
60.0 59.0 59.0 59.0 
60.0 59.0 60.0 60.0 
60.0 60.0 60.0 61.0 
68.0 59.0 63.0 64.0 
60.0 58.0 60.0 59.0 
59.0 60.0 60.0 60.0 
61.0 60.0 61.0 60.0 
68.0 60.0 63.0 64.0 
59.0 58.0 59.0 59.0 
59.0 59.0 60.0 60.0 
60.0 60.0 60.0 60.0 
69.0 59.0 63.0 65.0 
59.0 58.0 59.0 59.0 
60.0 59.0 60.0 60.0 
60.0 60.0 60.0 60.0 
68.0 59.0 63.0 64.0 
59.0 59.0 59.0 60.0 
60.0 59.0 61.0 60.0 
61.0 60.0 60.0 60.0 
69.0 60.0 63.0 65.0 
60.0 59.0 59.0 60.0 
59.0 59.0 60.0 61.0 
60.0 60.0 60.0 60.0 
68.0 60.0 64.0 64.0 
60.0 58.0 60.0 59.0 
60.0 59.0 60.0 60.0 
61.0 60.0 60.0 60.0 
68.0 59.0 64.0 64.0 
59.0 58.0 58.0 59.0 
60.0 58.0 60.0 60.0 
60.0 60.0 59.0 60.0 
69.0 58.0 63.0 64.0 
60.0 58.0 59.0 59.0 
59.0 59.0 60.0 60.0 
60.0 60.0 60.0 60.0 
69.0 59.0 63.0 65.0 
59.0 59.0 59.0 59.0 
60.0 59.0 60.0 60.0 
61.0 60.0 60.0 60.0 
70.0 59.0 63.0 64.0 
59.0 58.0 59.0 60.0 
59.0 59.0 60.0 61.0 
61.0 60.0 60.0 61.0 
68.0 60.0 64.0 64.0 
59.0 58.0 60.0 59.0 
59.0 59.0 60.0 60.0 
61.0 60.0 61.0 60.0 
69.0 59.0 63.0 64.0 
60.0 59.0 59.0 59.0 
59.0 59.0 60.0 61.0 
61.0 60.0 60.0 60.0 
69.0 59.0 63.0 64.0 
59.0 59.0 59.0 59.0 
60.0 59.0 61.0 60.0 
60.0 60.0 60.0 60.0 
68.0 60.0 63.0 64.0 
59.0 58.0 59.0 59.0 
59.0 60.0 60.0 60.0 
60.0 59.0 60.0 60.0 
68.0 59.0 64.0 64.0 
60.0 58.0 59.0 58.0 
60.0 58.0 60.0 61.0 
61.0 59.0 61.0 59.0 
68.0 60.0 63.0 64.0 
59.0 59.0 58.0 59.0 
61.0 59.0 60.0 60.0 
60.0 59.0 60.0 60.0 
69.0 60.0 63.0 64.0 
59.0 58.0 59.0 59.0 
59.0 60.0 61.0 60.0 
60.0 60.0 60.0 60.0 
69.0 59.0 63.0 65.0 
59.0 58.0 59.0 60.0 
60.0 59.0 60.0 60.0 
61.0 60.0 60.0 60.0 
69.0 59.0 63.0 65.0 
59.0 58.0 59.0 59.0 
60.0 58.0 60.0 61.0 
60.0 60.0 60.0 60.0 
68.0 59.0 63.0 64.0 
59.0 58.0 59.0 59.0 
59.0 59.0 60.0 61.0 
61.0 60.0 59.0 60.0 
69.0 59.0 63.0 65.0 
60.0 59.0 59.0 59.0 
59.0 59.0 60.0 60.0 
60.0 60.0 60.0 60.0 
69.0 59.0 63.0 64.0 
59.0 59.0 59.0 59.0 
59.0 59.0 60.0 60.0 
61.0 60.0 60.0 60.0 
69.0 59.0 63.0 65.0 
60.0 58.0 59.0 59.0 
59.0 59.0 60.0 60.0 
60.0 60.0 59.0 60.0 
68.0 59.0 63.0 64.0 
60.0 58.0 59.0 59.0 
60.0 59.0 60.0 60.0 
61.0 59.0 60.0 60.0 
68.0 59.0 63.0 65.0 
59.0 59.0 59.0 59.0 
60.0 60.0 60.0 60.0 
62.0 59.0 60.0 60.0 
69.0 59.0 63.0 64.0 
59.0 58.0 59.0 60.0 
59.0 59.0 61.0 61.0 
60.0 60.0 60.0 60.0 
69.0 59.0 63.0 64.0 
60.0 59.0 59.0 59.0 
60.0 59.0 60.0 60.0 
61.0 60.0 60.0 60.0 
68.0 59.0 63.0 64.0 
59.0 59.0 59.0 59.0 
59.0 59.0 60.0 60.0 
61.0 60.0 59.0 60.0 
69.0 59.0 63.0 64.0 
59.0 59.0 59.0 59.0 
60.0 59.0 60.0 60.0 
60.0 59.0 59.0 60.0 
69.0 59.0 63.0 64.0 
59.0 58.0 59.0 59.0 
59.0 58.0 60.0 60.0 
60.0 59.0 60.0 60.0 
68.0 59.0 63.0 64.0 
59.0 58.0 59.0 59.0 
59.0 59.0 60.0 60.0 
60.0 60.0 59.0 60.0 
69.0 60.0 63.0 65.0 
60.0 58.0 59.0 59.0 
60.0 59.0 60.0 60.0 
61.0 59.0 60.0 61.0 
68.0 59.0 63.0 65.0 
60.0 58.0 59.0 59.0 
59.0 60.0 60.0 60.0 
60.0 59.0 60.0 60.0 
69.0 59.0 63.0 65.0 
60.0 59.0 59.0 60.0 
60.0 59.0 60.0 59.0 
60.0 60.0 60.0 60.0 
67.0 59.0 63.0 65.0 
59.0 58.0 59.0 59.0 
59.0 59.0 60.0 60.0 
60.0 60.0 60.0 60.0 
68.0 60.0 63.0 64.0 
60.0 59.0 59.0 59.0 
59.0 59.0 61.0 60.0 
60.0 60.0 60.0 60.0 
69.0 59.0 63.0 65.0 
59.0 59.0 59.0 59.0 
60.0 59.0 60.0 60.0 
61.0 60.0 60.0 60.0 
68.0 59.0 63.0 64.0 
59.0 59.0 58.0 60.0 
59.0 58.0 60.0 61.0 
60.0 60.0 60.0 60.0 
69.0 59.0 63.0 64.0 
59.0 58.0 59.0 59.0 
59.0 58.0 61.0 61.0 
60.0 60.0 60.0 61.0 
68.0 59.0 63.0 65.0 
59.0 58.0 59.0 60.0 
60.0 60.0 60.0 60.0 
61.0 60.0 60.0 60.0 
69.0 59.0 63.0 64.0 
59.0 58.0 59.0 59.0 
59.0 60.0 59.0 60.0 
60.0 60.0 60.0 60.0 
68.0 59.0 63.0 64.0 
59.0 58.0 59.0 59.0 
59.0 59.0 60.0 60.0 
60.0 59.0 60.0 60.0 
68.0 59.0 63.0 64.0 
59.0 59.0 60.0 60.0 
59.0 58.0 60.0 60.0 
60.0 61.0 60.0 60.0 
69.0 59.0 63.0 64.0 
60.0 57.0 59.0 60.0 
60.0 59.0 61.0 60.0 
60.0 59.0 60.0 60.0 
68.0 59.0 63.0 64.0 
59.0 59.0 59.0 59.0 
60.0 60.0 60.0 60.0 
60.0 60.0 60.0 60.0 
68.0 59.0 63.0 64.0 
59.0 59.0 59.0 59.0 
60.0 59.0 61.0 60.0 
61.0 60.0 60.0 60.0 
68.0 59.0 63.0 64.0 
60.0 58.0 59.0 59.0 
59.0 59.0 60.0 60.0 
60.0 59.0 59.0 60.0 
67.0 61.0 63.0 64.0 
59.0 59.0 59.0 58.0 
59.0 59.0 59.0 61.0 
61.0 60.0 60.0 60.0 
68.0 59.0 63.0 64.0 
59.0 59.0 60.0 59.0 
58.0 60.0 60.0 60.0 
60.0 60.0 61.0 60.0 
68.0 59.0 64.0 64.0 
59.0 58.0 59.0 59.0 
59.0 59.0 60.0 60.0 
60.0 60.0 60.0 61.0 
68.0 59.0 63.0 64.0 
59.0 58.0 59.0 59.0 
59.0 59.0 61.0 60.0 
61.0 60.0 60.0 60.0 
68.0 59.0 64.0 64.0 
59.0 59.0 60.0 59.0 
60.0 60.0 60.0 60.0 
60.0 60.0 60.0 60.0 
68.0 59.0 63.0 64.0 
59.0 59.0 60.0 60.0 
60.0 59.0 60.0 60.0 
60.0 59.0 60.0 60.0 
68.0 59.0 63.0 65.0 
59.0 59.0 58.0 60.0 
59.0 59.0 61.0 61.0 
60.0 60.0 60.0 60.0 
67.0 59.0 63.0 64.0 
60.0 58.0 59.0 59.0 
59.0 59.0 59.0 60.0 
60.0 59.0 60.0 60.0 
68.0 59.0 63.0 64.0 
59.0 58.0 59.0 59.0 
60.0 59.0 62.0 60.0 
60.0 60.0 60.0 60.0 
68.0 59.0 63.0 64.0 
59.0 59.0 59.0 59.0 
59.0 60.0 61.0 60.0 
61.0 60.0 59.0 60.0 
68.0 59.0 63.0 64.0 
59.0 59.0 59.0 60.0 
60.0 59.0 61.0 60.0 
60.0 60.0 60.0 60.0 
68.0 60.0 63.0 64.0 
59.0 59.0 59.0 59.0 
59.0 59.0 60.0 60.0 
60.0 60.0 60.0 60.0 
68.0 59.0 62.0 64.0 
60.0 58.0 59.0 60.0 
59.0 59.0 60.0 60.0 
61.0 59.0 60.0 60.0 
68.0 59.0 63.0 64.0 
59.0 58.0 59.0 58.0 
60.0 59.0 60.0 60.0 
60.0 60.0 60.0 60.0 
68.0 59.0 63.0 64.0 
59.0 59.0 59.0 60.0 
59.0 58.0 60.0 60.0 
61.0 59.0 60.0 60.0 
68.0 59.0 63.0 64.0 
60.0 59.0 59.0 59.0 
60.0 59.0 60.0 60.0 
60.0 60.0 60.0 60.0 
68.0 60.0 63.0 65.0 
60.0 58.0 59.0 59.0 
59.0 58.0 60.0 60.0 
60.0 60.0 60.0 59.0 
68.0 58.0 63.0 64.0 
59.0 58.0 59.0 59.0 
60.0 59.0 60.0 60.0 
60.0 60.0 60.0 60.0 
69.0 59.0 63.0 64.0 
60.0 59.0 59.0 59.0 
59.0 59.0 60.0 60.0 
60.0 59.0 60.0 60.0 
68.0 59.0 62.0 64.0 
59.0 59.0 59.0 59.0 
59.0 58.0 61.0 60.0 
61.0 60.0 60.0 60.0 
68.0 59.0 62.0 64.0 
59.0 58.0 59.0 59.0 
59.0 59.0 60.0 60.0 
60.0 60.0 59.0 60.0 
67.0 59.0 62.0 64.0 
59.0 59.0 59.0 59.0 
60.0 59.0 59.0 60.0 
61.0 60.0 60.0 60.0 
67.0 59.0 63.0 63.0 
59.0 58.0 59.0 60.0 
60.0 59.0 59.0 60.0 
60.0 60.0 59.0 60.0 
68.0 59.0 63.0 64.0 
60.0 57.0 59.0 59.0 
59.0 59.0 61.0 60.0 
60.0 60.0 60.0 60.0 
67.0 59.0 63.0 64.0 
59.0 59.0 59.0 60.0 
60.0 58.0 59.0 60.0 
61.0 59.0 59.0 60.0 
68.0 59.0 63.0 64.0 
60.0 58.0 59.0 59.0 
59.0 60.0 60.0 60.0 
61.0 59.0 60.0 60.0 
68.0 59.0 63.0 64.0 
59.0 59.0 59.0 59.0 
60.0 59.0 60.0 60.0 
60.0 60.0 59.0 60.0 
67.0 60.0 63.0 65.0 
59.0 58.0 59.0 59.0 
60.0 59.0 59.0 60.0 
61.0 59.0 61.0 60.0 
67.0 59.0 62.0 64.0 
59.0 59.0 59.0 60.0 
60.0 59.0 60.0 60.0 
60.0 60.0 60.0 60.0 
68.0 59.0 63.0 64.0 
59.0 59.0 59.0 59.0 
60.0 59.0 60.0 61.0 
61.0 60.0 60.0 60.0 
67.0 59.0 63.0 64.0 
60.0 58.0 59.0 59.0 
59.0 59.0 60.0 60.0 
61.0 59.0 59.0 60.0 
68.0 59.0 64.0 64.0 
59.0 58.0 60.0 59.0 
60.0 59.0 60.0 60.0 
60.0 60.0 59.0 61.0 
67.0 59.0 63.0 64.0 
59.0 58.0 59.0 60.0 
60.0 59.0 59.0 60.0 
61.0 60.0 59.0 59.0 
68.0 59.0 63.0 64.0 
60.0 59.0 59.0 59.0 
60.0 59.0 60.0 60.0 
60.0 60.0 60.0 60.0 
68.0 59.0 62.0 64.0 
59.0 59.0 59.0 59.0 
59.0 59.0 61.0 60.0 
61.0 60.0 60.0 60.0 
67.0 59.0 63.0 64.0 
59.0 58.0 60.0 60.0 
59.0 60.0 60.0 60.0 
60.0 60.0 60.0 60.0 
68.0 59.0 63.0 64.0 
59.0 59.0 59.0 59.0 
60.0 59.0 60.0 60.0 
60.0 60.0 60.0 60.0 
68.0 59.0 63.0 64.0 
59.0 59.0 59.0 59.0 
60.0 59.0 60.0 60.0 
60.0 60.0 60.0 60.0 
67.0 60.0 63.0 64.0 
60.0 59.0 59.0 59.0 
59.0 59.0 60.0 60.0 
61.0 59.0 60.0 60.0 
67.0 59.0 63.0 64.0 
59.0 58.0 59.0 59.0 
59.0 59.0 60.0 60.0 
60.0 60.0 60.0 60.0 
68.0 59.0 62.0 64.0 
59.0 59.0 59.0 59.0 
59.0 59.0 60.0 60.0 
60.0 60.0 61.0 60.0 
68.0 59.0 63.0 64.0 
60.0 58.0 59.0 59.0 
60.0 60.0 60.0 60.0 
61.0 59.0 60.0 60.0 
68.0 59.0 63.0 64.0 
59.0 58.0 58.0 59.0 
60.0 59.0 61.0 60.0 
61.0 59.0 59.0 60.0 
68.0 59.0 63.0 64.0 
59.0 58.0 59.0 59.0 
59.0 60.0 60.0 61.0 
60.0 60.0 60.0 60.0 
68.0 60.0 63.0 64.0 
59.0 59.0 59.0 60.0 
59.0 58.0 60.0 60.0 
60.0 60.0 60.0 59.0 
68.0 58.0 63.0 64.0 
59.0 58.0 59.0 59.0 
60.0 59.0 61.0 60.0 
60.0 60.0 59.0 60.0 
67.0 59.0 63.0 64.0 
60.0 58.0 60.0 59.0 
59.0 59.0 59.0 60.0 
60.0 60.0 60.0 60.0 
67.0 59.0 63.0 64.0 
60.0 58.0 59.0 59.0 
59.0 59.0 60.0 60.0 
60.0 60.0 60.0 60.0 
68.0 59.0 63.0 64.0 
59.0 58.0 59.0 59.0 
60.0 58.0 60.0 60.0 
61.0 60.0 60.0 60.0 
68.0 60.0 63.0 64.0 
59.0 58.0 59.0 60.0 
59.0 60.0 60.0 60.0 
61.0 60.0 60.0 60.0 
68.0 59.0 63.0 64.0 
59.0 58.0 59.0 59.0 
59.0 59.0 60.0 60.0 
61.0 60.0 59.0 60.0 
67.0 59.0 63.0 65.0 
59.0 58.0 60.0 59.0 
60.0 59.0 60.0 60.0 
60.0 60.0 59.0 60.0 
68.0 59.0 64.0 64.0 
59.0 58.0 59.0 59.0 
60.0 59.0 60.0 60.0 
60.0 60.0 60.0 60.0 
68.0 59.0 63.0 64.0 
59.0 59.0 59.0 59.0 
60.0 58.0 60.0 60.0 
60.0 59.0 60.0 60.0 
67.0 59.0 64.0 65.0 
60.0 58.0 59.0 59.0 
60.0 59.0 60.0 60.0 
60.0 60.0 60.0 60.0 
68.0 59.0 63.0 65.0 
59.0 57.0 60.0 59.0 
59.0 59.0 60.0 60.0 
60.0 60.0 60.0 60.0 
68.0 58.0 64.0 64.0 
59.0 59.0 59.0 59.0 
59.0 58.0 62.0 60.0 
61.0 60.0 60.0 60.0 
68.0 59.0 63.0 64.0 
59.0 58.0 59.0 59.0 
59.0 58.0 61.0 61.0 
60.0 59.0 61.0 60.0 
68.0 59.0 63.0 65.0 
59.0 59.0 59.0 59.0 
59.0 59.0 61.0 60.0 
61.0 60.0 59.0 60.0 
67.0 59.0 64.0 65.0 
59.0 58.0 58.0 59.0 
59.0 59.0 60.0 60.0 
60.0 60.0 60.0 60.0 
68.0 59.0 63.0 65.0 
59.0 58.0 58.0 59.0 
60.0 59.0 60.0 59.0 
61.0 59.0 61.0 60.0 
67.0 59.0 63.0 65.0 
59.0 59.0 59.0 59.0 
59.0 59.0 59.0 60.0 
61.0 60.0 60.0 60.0 
67.0 59.0 64.0 65.0 
59.0 58.0 59.0 59.0 
59.0 59.0 60.0 60.0 
60.0 59.0 60.0 60.0 
68.0 60.0 63.0 65.0 
60.0 58.0 59.0 59.0 
60.0 59.0 60.0 60.0 
60.0 60.0 60.0 60.0 
68.0 59.0 63.0 65.0 
60.0 59.0 60.0 59.0 
59.0 59.0 60.0 60.0 
60.0 59.0 60.0 60.0 
69.0 59.0 64.0 64.0 
60.0 59.0 59.0 59.0 
59.0 60.0 61.0 60.0 
62.0 60.0 59.0 60.0 
68.0 59.0 63.0 64.0 
60.0 59.0 59.0 60.0 
59.0 58.0 61.0 60.0 
61.0 60.0 60.0 59.0 
68.0 59.0 62.0 64.0 
60.0 58.0 59.0 59.0 
60.0 59.0 60.0 60.0 
60.0 60.0 60.0 61.0 
68.0 59.0 63.0 65.0 
59.0 58.0 59.0 59.0 
59.0 59.0 60.0 60.0 
60.0 59.0 60.0 60.0 
68.0 59.0 63.0 64.0 
59.0 59.0 59.0 59.0 
60.0 59.0 60.0 60.0 
61.0 59.0 60.0 60.0 
68.0 58.0 63.0 64.0 
58.0 59.0 59.0 59.0 
60.0 59.0 60.0 60.0 
60.0 60.0 60.0 60.0 
67.0 60.0 63.0 64.0 
59.0 58.0 59.0 59.0 
59.0 59.0 59.0 60.0 
61.0 59.0 61.0 60.0 
68.0 59.0 63.0 64.0 
59.0 58.0 59.0 59.0 
60.0 59.0 60.0 60.0 
60.0 60.0 60.0 60.0 
68.0 59.0 64.0 64.0 
59.0 58.0 59.0 59.0 
59.0 59.0 60.0 60.0 
60.0 60.0 60.0 60.0 
69.0 59.0 63.0 64.0 
59.0 58.0 59.0 59.0 
59.0 59.0 59.0 60.0 
61.0 60.0 59.0 60.0 
68.0 59.0 63.0 64.0 
60.0 58.0 59.0 59.0 
60.0 59.0 60.0 60.0 
60.0 60.0 60.0 59.0 
68.0 60.0 63.0 64.0 
59.0 58.0 59.0 59.0 
60.0 58.0 60.0 60.0 
60.0 60.0 60.0 60.0 
68.0 59.0 63.0 64.0 
60.0 59.0 59.0 59.0 
60.0 59.0 60.0 60.0 
60.0 59.0 60.0 59.0 
67.0 59.0 63.0 64.0 
60.0 58.0 59.0 59.0 
59.0 59.0 59.0 60.0 
60.0 59.0 59.0 60.0 
68.0 59.0 63.0 64.0 
59.0 58.0 59.0 59.0 
60.0 59.0 60.0 60.0 
60.0 59.0 60.0 60.0 
67.0 60.0 63.0 64.0 
59.0 59.0 59.0 59.0 
60.0 59.0 59.0 60.0 
61.0 59.0 60.0 61.0 
68.0 59.0 63.0 64.0 
59.0 59.0 59.0 59.0 
59.0 59.0 60.0 60.0 
61.0 59.0 61.0 60.0 
67.0 60.0 63.0 65.0 
59.0 58.0 59.0 59.0 
59.0 58.0 60.0 60.0 
60.0 60.0 60.0 60.0 
68.0 59.0 63.0 65.0 
60.0 59.0 59.0 60.0 
60.0 59.0 60.0 60.0 
60.0 59.0 60.0 60.0 
68.0 59.0 63.0 65.0 
59.0 59.0 59.0 59.0 
59.0 59.0 61.0 60.0 
60.0 60.0 60.0 60.0 
68.0 59.0 63.0 65.0 
58.0 58.0 61.0 59.0 
59.0 59.0 60.0 60.0 
61.0 59.0 60.0 60.0 
68.0 59.0 64.0 65.0 
59.0 58.0 59.0 59.0 
60.0 59.0 60.0 60.0 
60.0 60.0 60.0 60.0 
68.0 59.0 63.0 65.0 
59.0 58.0 59.0 59.0 
60.0 59.0 60.0 60.0 
60.0 60.0 60.0 60.0 
68.0 59.0 63.0 65.0 
59.0 58.0 59.0 59.0 
58.0 59.0 61.0 60.0 
60.0 60.0 60.0 60.0 
67.0 60.0 63.0 65.0 
59.0 58.0 60.0 59.0 
60.0 59.0 59.0 60.0 
60.0 59.0 60.0 60.0 
68.0 59.0 64.0 64.0 
59.0 59.0 59.0 59.0 
59.0 59.0 60.0 60.0 
60.0 60.0 60.0 59.0 
67.0 59.0 64.0 64.0 
59.0 59.0 59.0 59.0 
59.0 59.0 59.0 60.0 
61.0 60.0 60.0 60.0 
67.0 59.0 63.0 65.0 
59.0 58.0 59.0 59.0 
60.0 59.0 59.0 60.0 
61.0 60.0 60.0 60.0 
67.0 59.0 63.0 65.0 
60.0 58.0 58.0 59.0 
59.0 59.0 59.0 60.0 
60.0 59.0 60.0 60.0 
67.0 59.0 63.0 65.0 
59.0 59.0 59.0 59.0 
60.0 59.0 59.0 60.0 
60.0 59.0 60.0 60.0 
67.0 59.0 63.0 65.0 
60.0 58.0 59.0 59.0 
60.0 59.0 59.0 60.0 
60.0 60.0 60.0 60.0 
67.0 59.0 63.0 64.0 
59.0 58.0 59.0 59.0 
60.0 59.0 60.0 60.0 
61.0 60.0 60.0 59.0 
67.0 59.0 63.0 64.0 
59.0 59.0 59.0 60.0 
59.0 60.0 59.0 60.0 
60.0 60.0 60.0 60.0 
68.0 59.0 63.0 65.0 
59.0 58.0 59.0 59.0 
59.0 59.0 60.0 60.0 
60.0 59.0 60.0 59.0 
67.0 58.0 63.0 65.0 
59.0 58.0 59.0 59.0 
59.0 59.0 59.0 60.0 
60.0 60.0 60.0 60.0 
67.0 59.0 63.0 64.0 
59.0 59.0 59.0 59.0 
59.0 59.0 60.0 60.0 
60.0 59.0 59.0 60.0 
67.0 60.0 63.0 65.0 
59.0 58.0 59.0 59.0 
59.0 58.0 60.0 60.0 
60.0 60.0 60.0 61.0 
68.0 59.0 63.0 65.0 
59.0 58.0 59.0 60.0 
60.0 59.0 60.0 60.0 
60.0 60.0 60.0 60.0 
67.0 59.0 63.0 64.0 
59.0 58.0 58.0 60.0 
60.0 59.0 59.0 61.0 
60.0 60.0 60.0 60.0 
67.0 59.0 63.0 65.0 
59.0 58.0 58.0 59.0 
61.0 59.0 59.0 61.0 
60.0 60.0 60.0 60.0 
67.0 60.0 63.0 63.0 
59.0 58.0 59.0 59.0 
58.0 59.0 59.0 60.0 
60.0 59.0 60.0 60.0 
67.0 59.0 63.0 64.0 
60.0 59.0 59.0 59.0 
60.0 58.0 59.0 60.0 
61.0 60.0 60.0 60.0 
67.0 59.0 63.0 65.0 
60.0 59.0 60.0 59.0 
59.0 59.0 59.0 61.0 
60.0 60.0 61.0 60.0 
67.0 59.0 62.0 64.0 
59.0 58.0 59.0 59.0 
59.0 59.0 60.0 60.0 
60.0 60.0 60.0 60.0 
66.0 59.0 63.0 64.0 
59.0 58.0 59.0 59.0 
60.0 59.0 60.0 60.0 
60.0 60.0 60.0 60.0 
66.0 59.0 63.0 64.0 
59.0 58.0 58.0 59.0 
59.0 59.0 59.0 61.0 
60.0 60.0 60.0 60.0 
67.0 59.0 63.0 64.0 
59.0 58.0 59.0 59.0 
59.0 59.0 59.0 60.0 
61.0 60.0 60.0 59.0 
68.0 59.0 63.0 64.0 
60.0 58.0 59.0 59.0 
59.0 60.0 60.0 60.0 
60.0 60.0 59.0 60.0 
66.0 60.0 63.0 64.0 
59.0 58.0 59.0 59.0 
59.0 59.0 59.0 60.0 
61.0 60.0 60.0 60.0 
67.0 59.0 64.0 64.0 
59.0 59.0 59.0 59.0 
59.0 59.0 59.0 60.0 
60.0 60.0 60.0 60.0 
66.0 60.0 62.0 64.0 
59.0 58.0 59.0 59.0 
60.0 59.0 60.0 60.0 
62.0 59.0 60.0 59.0 
67.0 59.0 63.0 64.0 
60.0 59.0 59.0 59.0 
59.0 59.0 60.0 60.0 
60.0 59.0 60.0 60.0 
67.0 59.0 62.0 64.0 
59.0 58.0 59.0 59.0 
60.0 59.0 60.0 60.0 
60.0 60.0 60.0 60.0 
66.0 58.0 63.0 65.0 
60.0 59.0 59.0 60.0 
59.0 59.0 59.0 60.0 
61.0 60.0 59.0 60.0 
66.0 59.0 63.0 64.0 
59.0 58.0 59.0 59.0 
60.0 59.0 59.0 60.0 
60.0 60.0 60.0 61.0 
66.0 60.0 63.0 65.0 
58.0 58.0 59.0 59.0 
60.0 59.0 59.0 60.0 
60.0 60.0 60.0 60.0 
66.0 59.0 63.0 64.0 
59.0 58.0 58.0 58.0 
59.0 59.0 59.0 60.0 
60.0 60.0 60.0 60.0 
67.0 59.0 63.0 64.0 
60.0 58.0 58.0 59.0 
59.0 59.0 59.0 60.0 
60.0 59.0 60.0 60.0 
67.0 59.0 63.0 64.0 
59.0 58.0 59.0 59.0 
59.0 58.0 59.0 60.0 
61.0 59.0 60.0 60.0 
66.0 59.0 63.0 64.0 
60.0 58.0 59.0 59.0 
59.0 59.0 60.0 60.0 
60.0 60.0 60.0 60.0 
67.0 59.0 63.0 64.0 
59.0 58.0 59.0 59.0 
60.0 59.0 60.0 60.0 
60.0 59.0 59.0 60.0 
66.0 60.0 63.0 64.0 
59.0 58.0 59.0 59.0 
59.0 59.0 59.0 60.0 
61.0 59.0 60.0 60.0 
66.0 59.0 62.0 64.0 
59.0 58.0 59.0 59.0 
60.0 59.0 60.0 60.0 
60.0 60.0 59.0 60.0 
67.0 58.0 64.0 66.0 
59.0 58.0 59.0 59.0 
60.0 59.0 59.0 60.0 
61.0 60.0 59.0 59.0 
66.0 60.0 64.0 64.0 
60.0 58.0 59.0 60.0 
59.0 59.0 60.0 60.0 
61.0 60.0 60.0 60.0 
67.0 59.0 63.0 64.0 
60.0 59.0 59.0 60.0 
60.0 59.0 60.0 60.0 
61.0 60.0 59.0 60.0 
67.0 59.0 63.0 64.0 
59.0 59.0 59.0 59.0 
60.0 59.0 59.0 61.0 
60.0 59.0 60.0 60.0 
67.0 59.0 63.0 64.0 
59.0 58.0 59.0 60.0 
59.0 58.0 60.0 60.0 
60.0 60.0 60.0 61.0 
67.0 59.0 63.0 64.0 
59.0 58.0 59.0 59.0 
59.0 59.0 59.0 60.0 
60.0 59.0 61.0 60.0 
67.0 59.0 63.0 64.0 
59.0 58.0 60.0 59.0 
60.0 59.0 60.0 60.0 
60.0 59.0 60.0 60.0 
67.0 59.0 63.0 65.0 
59.0 58.0 59.0 59.0 
59.0 59.0 59.0 61.0 
61.0 60.0 59.0 61.0 
67.0 59.0 62.0 64.0 
60.0 58.0 59.0 59.0 
59.0 59.0 59.0 60.0 
60.0 60.0 60.0 60.0 
66.0 59.0 63.0 65.0 
60.0 58.0 58.0 59.0 
59.0 60.0 60.0 60.0 
61.0 59.0 61.0 60.0 
67.0 60.0 64.0 65.0 
59.0 58.0 59.0 60.0 
59.0 59.0 59.0 60.0 
61.0 60.0 59.0 60.0 
67.0 58.0 63.0 64.0 
59.0 58.0 59.0 60.0 
59.0 59.0 60.0 60.0 
60.0 60.0 60.0 60.0 
67.0 59.0 63.0 64.0 
59.0 59.0 59.0 59.0 
60.0 59.0 60.0 60.0 
61.0 59.0 60.0 59.0 
66.0 59.0 64.0 64.0 
60.0 58.0 59.0 59.0 
59.0 59.0 59.0 60.0 
60.0 60.0 59.0 60.0 
68.0 59.0 64.0 64.0 
59.0 59.0 59.0 59.0 
59.0 59.0 61.0 60.0 
61.0 60.0 59.0 60.0 
67.0 59.0 64.0 65.0 
59.0 58.0 59.0 59.0 
59.0 59.0 60.0 60.0 
60.0 59.0 59.0 60.0 
67.0 59.0 64.0 65.0 
59.0 60.0 59.0 59.0 
59.0 59.0 59.0 60.0 
60.0 59.0 61.0 59.0 
67.0 60.0 63.0 65.0 
59.0 58.0 59.0 59.0 
59.0 60.0 60.0 60.0 
60.0 60.0 60.0 60.0 
66.0 59.0 63.0 65.0 
59.0 59.0 59.0 59.0 
59.0 59.0 59.0 59.0 
60.0 60.0 59.0 60.0 
67.0 59.0 65.0 65.0 
59.0 59.0 59.0 59.0 
59.0 59.0 59.0 60.0 
60.0 59.0 60.0 60.0 
67.0 59.0 64.0 64.0 
58.0 59.0 59.0 59.0 
59.0 58.0 59.0 61.0 
61.0 59.0 60.0 60.0 
68.0 60.0 64.0 65.0 
59.0 58.0 59.0 59.0 
59.0 59.0 61.0 60.0 
60.0 60.0 60.0 60.0 
67.0 60.0 64.0 65.0 
60.0 58.0 59.0 59.0 
59.0 59.0 59.0 60.0 
61.0 60.0 60.0 60.0 
68.0 59.0 64.0 65.0 
60.0 58.0 59.0 59.0 
59.0 59.0 60.0 61.0 
61.0 59.0 60.0 60.0 
67.0 59.0 63.0 65.0 
59.0 59.0 59.0 59.0 
59.0 59.0 59.0 59.0 
60.0 60.0 60.0 60.0 
67.0 59.0 64.0 65.0 
59.0 58.0 59.0 59.0 
59.0 60.0 59.0 60.0 
60.0 59.0 60.0 60.0 
67.0 59.0 64.0 65.0 
60.0 57.0 59.0 59.0 
59.0 59.0 59.0 60.0 
61.0 60.0 60.0 60.0 
66.0 59.0 63.0 65.0 
59.0 59.0 59.0 59.0 
60.0 59.0 60.0 60.0 
60.0 59.0 60.0 60.0 
66.0 59.0 64.0 65.0 
59.0 59.0 58.0 59.0 
59.0 59.0 59.0 60.0 
60.0 60.0 60.0 60.0 
66.0 58.0 64.0 65.0 
59.0 58.0 60.0 59.0 
59.0 59.0 59.0 60.0 
61.0 59.0 60.0 60.0 
66.0 59.0 64.0 65.0 
59.0 59.0 58.0 60.0 
59.0 59.0 60.0 60.0 
61.0 59.0 60.0 60.0 
66.0 59.0 64.0 66.0 
59.0 58.0 59.0 59.0 
59.0 58.0 60.0 60.0 
61.0 60.0 60.0 60.0 
66.0 59.0 64.0 65.0 
60.0 58.0 59.0 59.0 
60.0 59.0 60.0 60.0 
61.0 60.0 59.0 60.0 
66.0 58.0 64.0 65.0 
59.0 58.0 58.0 59.0 
59.0 60.0 60.0 61.0 
61.0 59.0 60.0 60.0 
66.0 59.0 64.0 65.0 
59.0 58.0 58.0 59.0 
59.0 59.0 59.0 60.0 
60.0 60.0 60.0 60.0 
67.0 60.0 64.0 65.0 
59.0 59.0 58.0 59.0 
59.0 59.0 60.0 60.0 
60.0 59.0 60.0 59.0 
66.0 58.0 64.0 65.0 
59.0 58.0 59.0 59.0 
59.0 58.0 59.0 61.0 
61.0 59.0 60.0 60.0 
66.0 59.0 64.0 64.0 
59.0 59.0 59.0 59.0 
60.0 59.0 60.0 60.0 
60.0 59.0 59.0 59.0 
66.0 59.0 64.0 65.0 
59.0 58.0 59.0 59.0 
59.0 58.0 59.0 59.0 
61.0 60.0 60.0 60.0 
68.0 58.0 64.0 65.0 
59.0 59.0 59.0 58.0 
59.0 59.0 60.0 60.0 
61.0 59.0 60.0 61.0 
67.0 59.0 64.0 65.0 
59.0 58.0 59.0 59.0 
59.0 59.0 60.0 60.0 
60.0 60.0 60.0 60.0 
67.0 60.0 64.0 65.0 
59.0 58.0 59.0 59.0 
59.0 60.0 60.0 60.0 
60.0 59.0 60.0 60.0 
67.0 59.0 65.0 65.0 
59.0 58.0 59.0 60.0 
59.0 59.0 59.0 60.0 
60.0 60.0 60.0 60.0 
67.0 59.0 64.0 65.0 
60.0 59.0 59.0 58.0 
59.0 59.0 59.0 61.0 
61.0 59.0 60.0 60.0 
66.0 59.0 64.0 65.0 
59.0 59.0 59.0 59.0 
59.0 59.0 59.0 60.0 
60.0 59.0 59.0 59.0 
66.0 59.0 64.0 65.0 
59.0 58.0 59.0 59.0 
59.0 59.0 59.0 60.0 
61.0 60.0 60.0 59.0 
66.0 59.0 64.0 65.0 
59.0 58.0 60.0 59.0 
59.0 60.0 59.0 60.0 
61.0 60.0 60.0 60.0 
66.0 59.0 63.0 64.0 
59.0 59.0 59.0 59.0 
60.0 58.0 59.0 60.0 
60.0 58.0 60.0 60.0 
66.0 59.0 64.0 65.0 
59.0 58.0 59.0 59.0 
59.0 59.0 60.0 60.0 
61.0 60.0 60.0 60.0 
66.0 59.0 64.0 65.0 
59.0 58.0 59.0 59.0 
59.0 59.0 60.0 60.0 
60.0 60.0 60.0 59.0 
66.0 59.0 64.0 65.0 
59.0 58.0 59.0 59.0 
60.0 60.0 60.0 60.0 
60.0 59.0 60.0 59.0 
65.0 59.0 64.0 65.0 
60.0 59.0 59.0 60.0 
59.0 59.0 59.0 60.0 
61.0 59.0 60.0 60.0 
66.0 60.0 64.0 66.0 
59.0 59.0 59.0 58.0 
59.0 59.0 60.0 60.0 
60.0 59.0 60.0 60.0 
66.0 60.0 64.0 64.0 
59.0 58.0 59.0 59.0 
59.0 59.0 59.0 60.0 
60.0 59.0 60.0 60.0 
66.0 60.0 64.0 65.0 
59.0 59.0 59.0 59.0 
59.0 59.0 59.0 60.0 
61.0 59.0 60.0 60.0 
66.0 60.0 64.0 65.0 
60.0 58.0 58.0 59.0 
59.0 59.0 59.0 61.0 
60.0 60.0 60.0 60.0 
66.0 60.0 63.0 65.0 
60.0 58.0 59.0 59.0 
59.0 59.0 60.0 60.0 
61.0 60.0 60.0 60.0 
65.0 59.0 64.0 64.0 
59.0 58.0 59.0 59.0 
59.0 60.0 59.0 60.0 
61.0 59.0 60.0 60.0 
66.0 59.0 63.0 65.0 
59.0 58.0 59.0 60.0 
60.0 59.0 59.0 60.0 
61.0 59.0 60.0 60.0 
65.0 59.0 64.0 65.0 
59.0 58.0 59.0 59.0 
59.0 59.0 60.0 60.0 
60.0 59.0 60.0 60.0 
65.0 59.0 64.0 65.0 
60.0 58.0 60.0 59.0 
59.0 59.0 60.0 60.0 
60.0 60.0 60.0 60.0 
66.0 59.0 64.0 65.0 
60.0 58.0 59.0 59.0 
59.0 59.0 59.0 60.0 
60.0 60.0 59.0 60.0 
64.0 59.0 64.0 65.0 
59.0 58.0 58.0 59.0 
59.0 58.0 59.0 60.0 
60.0 59.0 59.0 60.0 
65.0 59.0 64.0 65.0 
59.0 58.0 59.0 59.0 
59.0 59.0 60.0 60.0 
60.0 59.0 60.0 60.0 
65.0 60.0 64.0 64.0 
59.0 58.0 58.0 59.0 
59.0 58.0 59.0 60.0 
61.0 59.0 60.0 60.0 
66.0 59.0 64.0 65.0 
59.0 58.0 59.0 59.0 
60.0 60.0 60.0 60.0 
61.0 59.0 60.0 60.0 
66.0 59.0 64.0 64.0 
60.0 59.0 59.0 58.0 
59.0 59.0 59.0 60.0 
60.0 59.0 60.0 60.0 
65.0 60.0 64.0 65.0 
59.0 58.0 59.0 59.0 
59.0 58.0 59.0 60.0 
61.0 60.0 60.0 60.0 
65.0 59.0 63.0 65.0 
59.0 59.0 59.0 58.0 
59.0 59.0 59.0 60.0 
60.0 59.0 60.0 59.0 
65.0 60.0 63.0 64.0 
60.0 58.0 59.0 59.0 
59.0 59.0 60.0 60.0 
60.0 59.0 60.0 60.0 
66.0 59.0 64.0 65.0 
59.0 58.0 59.0 59.0 
59.0 59.0 59.0 60.0 
61.0 60.0 59.0 60.0 
66.0 59.0 64.0 64.0 
60.0 58.0 58.0 59.0 
60.0 59.0 59.0 60.0 
60.0 59.0 60.0 60.0 
65.0 59.0 64.0 64.0 
59.0 58.0 58.0 59.0 
59.0 58.0 60.0 60.0 
61.0 60.0 60.0 59.0 
64.0 59.0 63.0 65.0 
59.0 58.0 59.0 59.0 
59.0 59.0 59.0 60.0 
60.0 60.0 60.0 60.0 
66.0 59.0 63.0 65.0 
59.0 58.0 59.0 59.0 
59.0 58.0 59.0 60.0 
61.0 59.0 60.0 60.0 
65.0 58.0 64.0 65.0 
59.0 58.0 59.0 60.0 
60.0 59.0 59.0 60.0 
60.0 60.0 59.0 60.0 
66.0 59.0 64.0 65.0 
59.0 58.0 59.0 59.0 
59.0 59.0 59.0 60.0 
60.0 59.0 60.0 60.0 
65.0 59.0 63.0 65.0 
60.0 58.0 59.0 59.0 
59.0 59.0 60.0 60.0 
61.0 59.0 60.0 60.0 
65.0 59.0 64.0 64.0 
60.0 59.0 59.0 59.0 
60.0 59.0 59.0 60.0 
61.0 59.0 60.0 60.0 
65.0 59.0 63.0 64.0 
59.0 58.0 59.0 59.0 
59.0 58.0 60.0 60.0 
60.0 60.0 59.0 60.0 
65.0 59.0 63.0 64.0 
60.0 59.0 59.0 59.0 
60.0 58.0 59.0 60.0 
60.0 60.0 59.0 60.0 
65.0 60.0 63.0 64.0 
59.0 58.0 59.0 59.0 
59.0 60.0 59.0 60.0 
60.0 59.0 60.0 59.0 
65.0 59.0 63.0 64.0 
59.0 58.0 59.0 60.0 
59.0 59.0 59.0 60.0 
61.0 59.0 59.0 60.0 
65.0 59.0 63.0 64.0 
59.0 58.0 59.0 59.0 
59.0 58.0 59.0 60.0 
60.0 59.0 59.0 60.0 
64.0 59.0 63.0 64.0 
59.0 58.0 59.0 60.0 
60.0 58.0 60.0 60.0 
60.0 60.0 60.0 59.0 
65.0 59.0 63.0 64.0 
58.0 58.0 59.0 59.0 
59.0 59.0 60.0 60.0 
60.0 59.0 60.0 60.0 
65.0 60.0 62.0 64.0 
59.0 58.0 59.0 59.0 
59.0 59.0 59.0 60.0 
60.0 60.0 60.0 60.0 
66.0 59.0 63.0 64.0 
60.0 58.0 59.0 59.0 
59.0 59.0 59.0 59.0 
60.0 59.0 60.0 60.0 
65.0 60.0 64.0 64.0 
60.0 59.0 59.0 59.0 
60.0 59.0 60.0 60.0 
61.0 60.0 60.0 60.0 
66.0 59.0 63.0 65.0 
60.0 58.0 59.0 60.0 
59.0 59.0 59.0 60.0 
61.0 60.0 59.0 60.0 
65.0 59.0 64.0 64.0 
59.0 58.0 58.0 60.0 
59.0 59.0 59.0 60.0 
60.0 59.0 60.0 60.0 
64.0 59.0 63.0 64.0 
59.0 58.0 59.0 59.0 
60.0 59.0 59.0 60.0 
60.0 60.0 59.0 60.0 
65.0 59.0 63.0 65.0 
59.0 58.0 59.0 59.0 
60.0 59.0 60.0 60.0 
60.0 59.0 59.0 60.0 
65.0 59.0 64.0 64.0 
59.0 58.0 59.0 59.0 
59.0 59.0 59.0 60.0 
60.0 59.0 59.0 60.0 
