66.0 59.0 76.0 70.0 
60.0 57.0 59.0 60.0 
60.0 58.0 60.0 62.0 
59.0 59.0 59.0 59.0 
65.0 58.0 76.0 69.0 
59.0 57.0 59.0 60.0 
62.0 58.0 60.0 61.0 
59.0 59.0 59.0 60.0 
65.0 59.0 75.0 70.0 
59.0 57.0 60.0 60.0 
61.0 58.0 60.0 61.0 
59.0 59.0 59.0 60.0 
65.0 58.0 76.0 70.0 
59.0 57.0 59.0 59.0 
60.0 58.0 59.0 62.0 
59.0 58.0 59.0 61.0 
65.0 58.0 77.0 70.0 
58.0 58.0 59.0 60.0 
60.0 58.0 59.0 62.0 
59.0 59.0 60.0 60.0 
66.0 59.0 77.0 70.0 
59.0 57.0 59.0 60.0 
60.0 57.0 60.0 62.0 
58.0 59.0 59.0 60.0 
66.0 57.0 77.0 70.0 
59.0 57.0 60.0 59.0 
60.0 57.0 60.0 62.0 
59.0 59.0 59.0 60.0 
66.0 58.0 78.0 70.0 
59.0 57.0 59.0 60.0 
60.0 58.0 60.0 62.0 
59.0 58.0 59.0 60.0 
65.0 58.0 77.0 71.0 
59.0 57.0 59.0 59.0 
60.0 58.0 60.0 61.0 
59.0 59.0 60.0 60.0 
65.0 58.0 77.0 70.0 
58.0 58.0 58.0 60.0 
60.0 58.0 60.0 61.0 
59.0 59.0 59.0 60.0 
66.0 58.0 76.0 70.0 
59.0 58.0 59.0 59.0 
60.0 60.0 60.0 62.0 
59.0 59.0 60.0 61.0 
66.0 59.0 76.0 70.0 
59.0 57.0 60.0 59.0 
61.0 58.0 61.0 62.0 
59.0 59.0 59.0 60.0 
66.0 58.0 76.0 71.0 
59.0 57.0 59.0 59.0 
62.0 57.0 60.0 62.0 
59.0 58.0 60.0 60.0 
64.0 58.0 76.0 70.0 
60.0 58.0 59.0 59.0 
60.0 58.0 60.0 62.0 
59.0 59.0 59.0 60.0 
66.0 58.0 77.0 71.0 
59.0 57.0 61.0 59.0 
61.0 57.0 61.0 60.0 
59.0 58.0 60.0 60.0 
67.0 58.0 77.0 70.0 
60.0 57.0 59.0 60.0 
61.0 58.0 60.0 62.0 
59.0 58.0 59.0 60.0 
65.0 59.0 76.0 70.0 
59.0 58.0 59.0 60.0 
61.0 57.0 60.0 62.0 
60.0 58.0 58.0 60.0 
65.0 58.0 77.0 70.0 
59.0 57.0 59.0 60.0 
60.0 58.0 59.0 64.0 
59.0 59.0 59.0 60.0 
67.0 58.0 77.0 70.0 
59.0 58.0 60.0 60.0 
60.0 57.0 61.0 61.0 
60.0 59.0 59.0 60.0 
66.0 58.0 76.0 70.0 
59.0 57.0 59.0 60.0 
61.0 58.0 60.0 61.0 
59.0 58.0 60.0 60.0 
66.0 58.0 77.0 70.0 
59.0 58.0 59.0 60.0 
60.0 59.0 60.0 61.0 
60.0 58.0 59.0 59.0 
66.0 58.0 78.0 70.0 
59.0 58.0 59.0 60.0 
61.0 58.0 61.0 62.0 
59.0 58.0 59.0 60.0 
66.0 58.0 76.0 71.0 
60.0 58.0 59.0 59.0 
61.0 58.0 61.0 62.0 
59.0 58.0 60.0 59.0 
65.0 58.0 76.0 70.0 
59.0 57.0 61.0 60.0 
60.0 58.0 59.0 62.0 
59.0 59.0 59.0 59.0 
66.0 58.0 77.0 70.0 
60.0 57.0 59.0 59.0 
61.0 58.0 60.0 62.0 
59.0 58.0 58.0 60.0 
66.0 59.0 77.0 70.0 
60.0 58.0 59.0 60.0 
61.0 57.0 60.0 62.0 
59.0 59.0 59.0 59.0 
66.0 58.0 76.0 70.0 
59.0 58.0 59.0 60.0 
61.0 59.0 60.0 61.0 
59.0 60.0 58.0 60.0 
65.0 58.0 76.0 70.0 
59.0 58.0 59.0 60.0 
60.0 58.0 60.0 61.0 
60.0 58.0 59.0 60.0 
66.0 59.0 76.0 70.0 
60.0 57.0 60.0 59.0 
61.0 57.0 61.0 62.0 
60.0 58.0 59.0 61.0 
66.0 59.0 76.0 70.0 
60.0 57.0 60.0 60.0 
60.0 58.0 61.0 62.0 
59.0 58.0 59.0 60.0 
66.0 58.0 77.0 70.0 
59.0 57.0 60.0 60.0 
61.0 59.0 60.0 62.0 
60.0 59.0 59.0 60.0 
65.0 58.0 76.0 70.0 
59.0 58.0 60.0 61.0 
60.0 58.0 61.0 62.0 
60.0 59.0 59.0 60.0 
66.0 59.0 77.0 70.0 
60.0 58.0 60.0 60.0 
60.0 58.0 61.0 62.0 
60.0 59.0 59.0 60.0 
67.0 59.0 76.0 70.0 
60.0 57.0 59.0 60.0 
61.0 58.0 60.0 61.0 
60.0 59.0 59.0 60.0 
66.0 58.0 76.0 71.0 
59.0 58.0 59.0 60.0 
61.0 58.0 60.0 62.0 
59.0 59.0 60.0 59.0 
66.0 59.0 76.0 71.0 
60.0 58.0 59.0 60.0 
60.0 58.0 60.0 62.0 
60.0 59.0 58.0 60.0 
65.0 58.0 77.0 70.0 
60.0 58.0 60.0 60.0 
61.0 57.0 60.0 62.0 
60.0 59.0 59.0 60.0 
66.0 59.0 76.0 70.0 
59.0 58.0 59.0 60.0 
61.0 58.0 60.0 62.0 
59.0 59.0 59.0 60.0 
66.0 59.0 76.0 71.0 
59.0 56.0 60.0 60.0 
61.0 58.0 60.0 62.0 
59.0 58.0 59.0 59.0 
66.0 58.0 77.0 70.0 
59.0 58.0 60.0 60.0 
60.0 59.0 60.0 62.0 
60.0 59.0 59.0 60.0 
65.0 57.0 76.0 70.0 
59.0 59.0 60.0 60.0 
61.0 58.0 60.0 62.0 
60.0 59.0 59.0 60.0 
66.0 58.0 77.0 70.0 
59.0 58.0 59.0 60.0 
62.0 58.0 60.0 62.0 
60.0 58.0 61.0 60.0 
65.0 58.0 76.0 73.0 
59.0 58.0 58.0 60.0 
61.0 59.0 60.0 61.0 
60.0 58.0 60.0 61.0 
66.0 58.0 76.0 70.0 
59.0 57.0 59.0 61.0 
60.0 59.0 60.0 62.0 
60.0 58.0 58.0 60.0 
66.0 59.0 76.0 71.0 
59.0 57.0 59.0 59.0 
60.0 58.0 60.0 62.0 
61.0 59.0 59.0 59.0 
66.0 59.0 76.0 71.0 
59.0 58.0 59.0 60.0 
60.0 57.0 61.0 61.0 
60.0 57.0 59.0 60.0 
65.0 59.0 77.0 70.0 
58.0 58.0 60.0 60.0 
61.0 58.0 61.0 62.0 
60.0 59.0 60.0 60.0 
66.0 58.0 76.0 69.0 
59.0 58.0 59.0 60.0 
61.0 58.0 60.0 61.0 
59.0 58.0 60.0 60.0 
66.0 59.0 76.0 70.0 
60.0 57.0 59.0 60.0 
61.0 58.0 61.0 62.0 
59.0 59.0 59.0 59.0 
66.0 59.0 77.0 70.0 
59.0 57.0 60.0 60.0 
60.0 58.0 61.0 61.0 
60.0 59.0 60.0 60.0 
66.0 59.0 77.0 70.0 
59.0 57.0 60.0 60.0 
60.0 59.0 60.0 62.0 
60.0 59.0 61.0 60.0 
66.0 57.0 76.0 70.0 
59.0 57.0 59.0 60.0 
60.0 58.0 60.0 62.0 
60.0 59.0 59.0 61.0 
66.0 58.0 76.0 70.0 
59.0 58.0 59.0 61.0 
61.0 58.0 59.0 62.0 
60.0 59.0 60.0 60.0 
65.0 58.0 77.0 70.0 
60.0 57.0 59.0 60.0 
60.0 59.0 61.0 62.0 
60.0 59.0 58.0 60.0 
66.0 58.0 76.0 70.0 
59.0 57.0 61.0 60.0 
61.0 59.0 60.0 62.0 
60.0 58.0 59.0 60.0 
65.0 60.0 77.0 72.0 
59.0 58.0 59.0 60.0 
61.0 58.0 61.0 62.0 
60.0 59.0 60.0 61.0 
66.0 58.0 76.0 70.0 
60.0 57.0 60.0 60.0 
60.0 58.0 61.0 62.0 
60.0 59.0 60.0 61.0 
66.0 59.0 76.0 71.0 
60.0 57.0 59.0 60.0 
61.0 58.0 60.0 62.0 
60.0 59.0 59.0 60.0 
66.0 59.0 77.0 70.0 
59.0 58.0 59.0 60.0 
61.0 58.0 61.0 62.0 
60.0 59.0 59.0 61.0 
67.0 58.0 77.0 70.0 
59.0 58.0 59.0 60.0 
61.0 57.0 61.0 61.0 
60.0 59.0 60.0 60.0 
67.0 58.0 77.0 70.0 
59.0 59.0 59.0 61.0 
61.0 58.0 60.0 62.0 
60.0 59.0 59.0 60.0 
68.0 59.0 77.0 71.0 
60.0 58.0 60.0 60.0 
61.0 59.0 61.0 63.0 
60.0 58.0 60.0 60.0 
67.0 58.0 77.0 71.0 
59.0 58.0 60.0 60.0 
61.0 58.0 60.0 61.0 
60.0 59.0 59.0 60.0 
67.0 58.0 77.0 70.0 
59.0 58.0 59.0 60.0 
60.0 59.0 60.0 62.0 
60.0 58.0 60.0 60.0 
67.0 57.0 77.0 70.0 
59.0 58.0 60.0 60.0 
61.0 60.0 60.0 63.0 
60.0 59.0 59.0 60.0 
66.0 60.0 77.0 70.0 
59.0 57.0 60.0 60.0 
61.0 58.0 61.0 61.0 
60.0 59.0 60.0 60.0 
68.0 59.0 77.0 70.0 
59.0 59.0 59.0 60.0 
61.0 59.0 61.0 62.0 
60.0 59.0 59.0 60.0 
68.0 59.0 77.0 70.0 
59.0 59.0 59.0 60.0 
60.0 58.0 60.0 62.0 
60.0 59.0 60.0 60.0 
67.0 58.0 76.0 70.0 
60.0 58.0 59.0 60.0 
61.0 58.0 61.0 62.0 
61.0 59.0 60.0 61.0 
66.0 59.0 78.0 68.0 
59.0 58.0 60.0 60.0 
61.0 58.0 60.0 62.0 
60.0 60.0 57.0 61.0 
67.0 58.0 76.0 71.0 
59.0 59.0 60.0 60.0 
60.0 58.0 61.0 62.0 
61.0 58.0 60.0 60.0 
66.0 58.0 77.0 70.0 
59.0 59.0 60.0 60.0 
61.0 58.0 61.0 62.0 
60.0 59.0 58.0 61.0 
68.0 59.0 77.0 71.0 
59.0 57.0 60.0 60.0 
61.0 58.0 61.0 62.0 
60.0 59.0 58.0 61.0 
67.0 58.0 78.0 71.0 
59.0 58.0 60.0 60.0 
61.0 58.0 61.0 62.0 
60.0 60.0 59.0 60.0 
68.0 56.0 77.0 70.0 
59.0 58.0 58.0 60.0 
61.0 59.0 62.0 62.0 
59.0 60.0 60.0 61.0 
67.0 58.0 76.0 70.0 
59.0 58.0 60.0 60.0 
60.0 58.0 60.0 63.0 
60.0 58.0 60.0 61.0 
68.0 58.0 77.0 71.0 
59.0 58.0 60.0 60.0 
61.0 59.0 61.0 63.0 
59.0 58.0 60.0 61.0 
68.0 58.0 77.0 68.0 
59.0 58.0 60.0 60.0 
61.0 58.0 61.0 62.0 
60.0 59.0 60.0 61.0 
68.0 58.0 76.0 72.0 
59.0 57.0 62.0 59.0 
61.0 58.0 62.0 62.0 
59.0 60.0 59.0 61.0 
66.0 58.0 78.0 70.0 
60.0 58.0 60.0 60.0 
61.0 59.0 60.0 62.0 
60.0 60.0 59.0 61.0 
67.0 59.0 77.0 71.0 
59.0 58.0 60.0 60.0 
61.0 58.0 61.0 62.0 
59.0 59.0 60.0 61.0 
67.0 59.0 77.0 70.0 
60.0 58.0 60.0 60.0 
61.0 58.0 60.0 62.0 
60.0 59.0 60.0 61.0 
68.0 59.0 77.0 71.0 
59.0 59.0 59.0 61.0 
60.0 60.0 61.0 63.0 
60.0 59.0 60.0 61.0 
68.0 59.0 76.0 71.0 
60.0 58.0 60.0 61.0 
61.0 59.0 61.0 63.0 
60.0 58.0 60.0 61.0 
67.0 58.0 76.0 70.0 
60.0 58.0 59.0 60.0 
60.0 59.0 60.0 62.0 
59.0 59.0 59.0 61.0 
68.0 59.0 77.0 71.0 
59.0 58.0 61.0 60.0 
61.0 58.0 61.0 61.0 
60.0 60.0 60.0 61.0 
67.0 59.0 77.0 71.0 
60.0 58.0 59.0 60.0 
61.0 59.0 60.0 62.0 
60.0 59.0 59.0 61.0 
68.0 59.0 76.0 71.0 
59.0 58.0 59.0 60.0 
61.0 58.0 61.0 62.0 
60.0 59.0 60.0 61.0 
68.0 59.0 77.0 70.0 
60.0 58.0 60.0 60.0 
60.0 58.0 61.0 62.0 
60.0 59.0 60.0 60.0 
67.0 59.0 76.0 71.0 
60.0 58.0 60.0 60.0 
61.0 57.0 61.0 62.0 
59.0 60.0 60.0 61.0 
66.0 60.0 76.0 70.0 
60.0 58.0 60.0 60.0 
61.0 60.0 61.0 63.0 
61.0 58.0 61.0 60.0 
68.0 59.0 77.0 72.0 
59.0 58.0 60.0 62.0 
61.0 58.0 62.0 61.0 
60.0 59.0 60.0 61.0 
68.0 59.0 78.0 70.0 
60.0 58.0 60.0 60.0 
61.0 58.0 61.0 62.0 
59.0 59.0 60.0 61.0 
68.0 59.0 76.0 70.0 
60.0 58.0 60.0 61.0 
61.0 60.0 61.0 62.0 
61.0 59.0 59.0 61.0 
68.0 58.0 76.0 71.0 
60.0 58.0 60.0 60.0 
61.0 59.0 62.0 62.0 
60.0 59.0 60.0 60.0 
67.0 59.0 76.0 70.0 
60.0 58.0 59.0 60.0 
61.0 59.0 60.0 62.0 
61.0 59.0 60.0 60.0 
67.0 58.0 75.0 71.0 
60.0 59.0 60.0 59.0 
61.0 59.0 60.0 62.0 
61.0 59.0 60.0 61.0 
67.0 59.0 76.0 70.0 
59.0 58.0 60.0 61.0 
61.0 58.0 60.0 62.0 
61.0 59.0 60.0 62.0 
67.0 59.0 77.0 70.0 
59.0 57.0 61.0 60.0 
61.0 59.0 61.0 62.0 
61.0 59.0 60.0 61.0 
67.0 59.0 76.0 71.0 
60.0 58.0 60.0 60.0 
60.0 58.0 60.0 63.0 
60.0 59.0 60.0 60.0 
67.0 59.0 76.0 71.0 
61.0 58.0 60.0 60.0 
61.0 59.0 60.0 63.0 
60.0 60.0 60.0 61.0 
66.0 59.0 77.0 71.0 
59.0 59.0 60.0 61.0 
61.0 58.0 60.0 62.0 
60.0 59.0 59.0 61.0 
68.0 59.0 77.0 71.0 
59.0 58.0 59.0 61.0 
61.0 58.0 62.0 62.0 
61.0 59.0 60.0 61.0 
67.0 59.0 77.0 70.0 
61.0 58.0 60.0 60.0 
61.0 58.0 61.0 63.0 
61.0 59.0 60.0 61.0 
67.0 60.0 76.0 70.0 
58.0 59.0 60.0 60.0 
61.0 59.0 61.0 61.0 
61.0 59.0 61.0 61.0 
67.0 59.0 76.0 70.0 
60.0 56.0 60.0 61.0 
61.0 59.0 61.0 62.0 
61.0 60.0 59.0 61.0 
67.0 60.0 77.0 70.0 
60.0 58.0 60.0 60.0 
61.0 59.0 61.0 62.0 
60.0 60.0 61.0 61.0 
67.0 59.0 78.0 71.0 
60.0 58.0 60.0 60.0 
60.0 58.0 60.0 63.0 
60.0 59.0 60.0 61.0 
67.0 59.0 77.0 71.0 
59.0 58.0 61.0 60.0 
60.0 59.0 61.0 63.0 
59.0 59.0 59.0 60.0 
68.0 59.0 77.0 71.0 
60.0 57.0 60.0 61.0 
61.0 58.0 61.0 62.0 
61.0 59.0 60.0 62.0 
67.0 59.0 77.0 70.0 
60.0 58.0 59.0 60.0 
61.0 58.0 61.0 62.0 
61.0 59.0 60.0 61.0 
68.0 58.0 78.0 70.0 
59.0 59.0 59.0 60.0 
61.0 59.0 61.0 62.0 
61.0 59.0 60.0 61.0 
67.0 59.0 77.0 70.0 
59.0 58.0 60.0 61.0 
59.0 59.0 60.0 62.0 
60.0 58.0 60.0 60.0 
67.0 59.0 77.0 71.0 
60.0 58.0 61.0 61.0 
62.0 59.0 61.0 62.0 
60.0 59.0 60.0 61.0 
68.0 59.0 78.0 71.0 
60.0 58.0 60.0 60.0 
60.0 60.0 61.0 62.0 
60.0 60.0 61.0 61.0 
67.0 59.0 77.0 71.0 
60.0 59.0 59.0 61.0 
61.0 59.0 61.0 62.0 
60.0 59.0 60.0 61.0 
68.0 59.0 76.0 70.0 
60.0 59.0 60.0 61.0 
61.0 59.0 61.0 62.0 
61.0 59.0 59.0 61.0 
67.0 59.0 77.0 70.0 
60.0 58.0 60.0 61.0 
61.0 59.0 61.0 62.0 
61.0 59.0 60.0 61.0 
68.0 59.0 78.0 70.0 
60.0 59.0 61.0 61.0 
61.0 60.0 62.0 63.0 
60.0 59.0 60.0 61.0 
67.0 60.0 77.0 70.0 
58.0 58.0 60.0 61.0 
61.0 58.0 61.0 62.0 
61.0 59.0 61.0 62.0 
67.0 59.0 77.0 71.0 
60.0 58.0 61.0 60.0 
60.0 59.0 60.0 62.0 
61.0 59.0 61.0 61.0 
67.0 59.0 76.0 71.0 
59.0 58.0 60.0 61.0 
61.0 60.0 60.0 62.0 
61.0 57.0 60.0 61.0 
68.0 59.0 77.0 70.0 
59.0 59.0 59.0 61.0 
61.0 59.0 61.0 62.0 
61.0 59.0 59.0 61.0 
68.0 60.0 77.0 70.0 
61.0 59.0 60.0 60.0 
61.0 59.0 61.0 62.0 
61.0 59.0 61.0 60.0 
67.0 59.0 78.0 71.0 
59.0 59.0 60.0 61.0 
61.0 58.0 62.0 62.0 
60.0 60.0 59.0 61.0 
68.0 58.0 77.0 71.0 
60.0 58.0 59.0 60.0 
60.0 58.0 62.0 62.0 
60.0 60.0 60.0 60.0 
68.0 59.0 77.0 71.0 
59.0 59.0 61.0 60.0 
61.0 58.0 61.0 62.0 
61.0 59.0 60.0 61.0 
68.0 59.0 77.0 71.0 
60.0 58.0 60.0 61.0 
61.0 60.0 62.0 62.0 
61.0 59.0 60.0 61.0 
68.0 58.0 78.0 70.0 
59.0 59.0 60.0 60.0 
62.0 59.0 62.0 62.0 
61.0 58.0 60.0 61.0 
68.0 58.0 78.0 70.0 
60.0 58.0 60.0 60.0 
61.0 59.0 60.0 63.0 
61.0 57.0 61.0 62.0 
68.0 59.0 77.0 71.0 
60.0 58.0 60.0 61.0 
60.0 60.0 62.0 62.0 
61.0 60.0 60.0 61.0 
67.0 60.0 77.0 71.0 
60.0 58.0 60.0 61.0 
61.0 59.0 60.0 62.0 
61.0 59.0 60.0 62.0 
67.0 59.0 77.0 71.0 
60.0 58.0 60.0 61.0 
61.0 58.0 61.0 62.0 
60.0 59.0 61.0 61.0 
68.0 59.0 77.0 71.0 
60.0 58.0 61.0 60.0 
60.0 59.0 61.0 62.0 
61.0 59.0 59.0 61.0 
67.0 61.0 77.0 71.0 
60.0 59.0 61.0 60.0 
61.0 59.0 60.0 62.0 
61.0 60.0 60.0 61.0 
67.0 59.0 77.0 71.0 
60.0 58.0 60.0 60.0 
61.0 58.0 61.0 62.0 
61.0 59.0 60.0 60.0 
68.0 59.0 77.0 71.0 
60.0 58.0 60.0 60.0 
61.0 59.0 62.0 63.0 
61.0 59.0 60.0 61.0 
68.0 60.0 78.0 71.0 
60.0 58.0 60.0 60.0 
61.0 59.0 62.0 62.0 
61.0 61.0 60.0 61.0 
66.0 59.0 77.0 72.0 
60.0 59.0 60.0 60.0 
61.0 60.0 61.0 62.0 
61.0 58.0 61.0 61.0 
67.0 59.0 77.0 70.0 
59.0 58.0 60.0 61.0 
62.0 58.0 61.0 63.0 
60.0 59.0 60.0 61.0 
67.0 60.0 77.0 71.0 
60.0 58.0 60.0 60.0 
61.0 59.0 61.0 62.0 
60.0 60.0 60.0 62.0 
67.0 59.0 77.0 70.0 
59.0 58.0 61.0 60.0 
61.0 58.0 61.0 62.0 
59.0 60.0 60.0 61.0 
67.0 59.0 77.0 71.0 
60.0 58.0 60.0 61.0 
62.0 58.0 61.0 63.0 
61.0 59.0 60.0 61.0 
67.0 60.0 76.0 71.0 
60.0 58.0 61.0 60.0 
62.0 58.0 61.0 62.0 
61.0 60.0 60.0 61.0 
67.0 59.0 78.0 70.0 
59.0 59.0 60.0 60.0 
61.0 59.0 61.0 64.0 
61.0 59.0 60.0 61.0 
67.0 59.0 77.0 71.0 
59.0 58.0 60.0 61.0 
62.0 59.0 60.0 62.0 
61.0 59.0 60.0 60.0 
67.0 60.0 77.0 72.0 
60.0 59.0 60.0 61.0 
62.0 60.0 61.0 63.0 
61.0 59.0 62.0 62.0 
66.0 59.0 77.0 71.0 
59.0 58.0 59.0 60.0 
60.0 59.0 61.0 62.0 
60.0 59.0 59.0 61.0 
67.0 59.0 78.0 71.0 
59.0 58.0 60.0 61.0 
61.0 59.0 61.0 63.0 
62.0 60.0 60.0 61.0 
67.0 59.0 77.0 71.0 
60.0 58.0 61.0 61.0 
61.0 59.0 61.0 63.0 
61.0 59.0 61.0 60.0 
68.0 59.0 77.0 71.0 
60.0 58.0 61.0 60.0 
61.0 59.0 62.0 62.0 
61.0 60.0 60.0 61.0 
68.0 60.0 77.0 71.0 
60.0 59.0 60.0 60.0 
61.0 58.0 61.0 62.0 
61.0 59.0 61.0 61.0 
68.0 59.0 77.0 72.0 
60.0 58.0 60.0 60.0 
62.0 59.0 61.0 63.0 
61.0 59.0 60.0 61.0 
67.0 58.0 77.0 71.0 
59.0 58.0 60.0 61.0 
61.0 59.0 61.0 62.0 
60.0 59.0 60.0 61.0 
68.0 59.0 78.0 71.0 
60.0 59.0 61.0 61.0 
61.0 60.0 61.0 63.0 
60.0 59.0 60.0 60.0 
67.0 59.0 77.0 71.0 
60.0 58.0 60.0 61.0 
62.0 58.0 61.0 62.0 
60.0 60.0 59.0 60.0 
67.0 60.0 78.0 71.0 
59.0 59.0 59.0 61.0 
61.0 59.0 62.0 62.0 
60.0 58.0 60.0 60.0 
67.0 59.0 77.0 71.0 
60.0 58.0 60.0 60.0 
61.0 59.0 62.0 62.0 
60.0 59.0 60.0 60.0 
68.0 59.0 77.0 72.0 
60.0 59.0 60.0 61.0 
62.0 59.0 61.0 62.0 
60.0 60.0 59.0 61.0 
68.0 59.0 77.0 71.0 
60.0 59.0 60.0 62.0 
60.0 59.0 62.0 62.0 
61.0 59.0 60.0 60.0 
68.0 59.0 78.0 71.0 
60.0 58.0 61.0 61.0 
61.0 59.0 62.0 63.0 
62.0 59.0 60.0 62.0 
67.0 59.0 77.0 71.0 
61.0 58.0 61.0 60.0 
61.0 57.0 61.0 63.0 
61.0 59.0 60.0 60.0 
68.0 60.0 78.0 72.0 
60.0 59.0 61.0 61.0 
62.0 59.0 62.0 63.0 
61.0 61.0 60.0 60.0 
67.0 60.0 77.0 71.0 
61.0 59.0 60.0 61.0 
62.0 58.0 61.0 63.0 
61.0 59.0 59.0 61.0 
67.0 59.0 78.0 72.0 
61.0 59.0 60.0 61.0 
61.0 59.0 61.0 64.0 
63.0 59.0 60.0 60.0 
68.0 59.0 77.0 72.0 
60.0 58.0 60.0 61.0 
61.0 59.0 61.0 62.0 
61.0 59.0 60.0 60.0 
68.0 60.0 78.0 72.0 
59.0 58.0 60.0 61.0 
61.0 59.0 62.0 62.0 
60.0 60.0 62.0 60.0 
67.0 60.0 77.0 71.0 
60.0 58.0 60.0 61.0 
62.0 59.0 61.0 63.0 
60.0 60.0 60.0 61.0 
68.0 59.0 78.0 71.0 
60.0 58.0 61.0 61.0 
61.0 59.0 62.0 63.0 
61.0 59.0 60.0 61.0 
68.0 60.0 76.0 71.0 
60.0 58.0 61.0 61.0 
61.0 59.0 61.0 62.0 
61.0 59.0 61.0 61.0 
68.0 58.0 78.0 72.0 
59.0 58.0 60.0 61.0 
61.0 59.0 61.0 62.0 
60.0 60.0 59.0 61.0 
69.0 59.0 78.0 72.0 
60.0 58.0 61.0 60.0 
61.0 58.0 62.0 63.0 
61.0 59.0 61.0 62.0 
68.0 60.0 77.0 71.0 
60.0 58.0 60.0 62.0 
61.0 59.0 62.0 63.0 
61.0 60.0 61.0 61.0 
68.0 60.0 78.0 71.0 
61.0 58.0 62.0 63.0 
61.0 59.0 62.0 62.0 
61.0 60.0 60.0 60.0 
68.0 58.0 77.0 71.0 
61.0 59.0 62.0 63.0 
61.0 59.0 61.0 62.0 
61.0 59.0 60.0 61.0 
68.0 59.0 77.0 71.0 
62.0 57.0 64.0 64.0 
61.0 58.0 62.0 63.0 
61.0 59.0 60.0 61.0 
68.0 60.0 77.0 70.0 
61.0 58.0 64.0 64.0 
61.0 58.0 62.0 62.0 
61.0 60.0 61.0 61.0 
68.0 60.0 76.0 71.0 
62.0 58.0 63.0 63.0 
62.0 59.0 62.0 62.0 
60.0 61.0 60.0 61.0 
68.0 59.0 78.0 71.0 
61.0 58.0 64.0 64.0 
60.0 61.0 62.0 62.0 
61.0 60.0 60.0 61.0 
68.0 60.0 77.0 71.0 
62.0 59.0 64.0 63.0 
61.0 60.0 61.0 62.0 
61.0 59.0 61.0 61.0 
69.0 60.0 77.0 70.0 
62.0 58.0 63.0 64.0 
60.0 59.0 62.0 63.0 
61.0 59.0 60.0 61.0 
68.0 59.0 76.0 71.0 
62.0 58.0 64.0 65.0 
61.0 60.0 60.0 62.0 
61.0 60.0 60.0 62.0 
67.0 60.0 76.0 71.0 
62.0 58.0 64.0 64.0 
61.0 59.0 61.0 63.0 
63.0 59.0 62.0 63.0 
66.0 59.0 76.0 71.0 
62.0 59.0 64.0 65.0 
61.0 59.0 61.0 63.0 
61.0 60.0 60.0 62.0 
68.0 60.0 76.0 71.0 
62.0 58.0 64.0 64.0 
61.0 59.0 64.0 63.0 
62.0 60.0 60.0 62.0 
68.0 59.0 77.0 70.0 
62.0 58.0 64.0 65.0 
62.0 59.0 63.0 62.0 
62.0 60.0 61.0 62.0 
68.0 59.0 76.0 71.0 
63.0 57.0 64.0 64.0 
61.0 59.0 61.0 63.0 
62.0 59.0 61.0 62.0 
68.0 59.0 76.0 71.0 
62.0 58.0 64.0 65.0 
61.0 59.0 61.0 63.0 
61.0 60.0 60.0 61.0 
68.0 59.0 76.0 70.0 
62.0 58.0 62.0 65.0 
61.0 59.0 62.0 63.0 
62.0 59.0 61.0 62.0 
68.0 58.0 76.0 71.0 
61.0 57.0 64.0 65.0 
61.0 60.0 62.0 62.0 
60.0 60.0 61.0 60.0 
68.0 59.0 77.0 70.0 
62.0 58.0 64.0 65.0 
61.0 59.0 61.0 63.0 
62.0 60.0 61.0 62.0 
68.0 59.0 76.0 70.0 
62.0 59.0 64.0 65.0 
61.0 60.0 60.0 63.0 
62.0 60.0 60.0 63.0 
68.0 59.0 76.0 70.0 
61.0 59.0 64.0 65.0 
61.0 58.0 62.0 62.0 
62.0 60.0 61.0 62.0 
69.0 59.0 76.0 69.0 
61.0 59.0 64.0 64.0 
62.0 59.0 62.0 63.0 
62.0 59.0 61.0 63.0 
68.0 59.0 77.0 70.0 
62.0 58.0 65.0 64.0 
61.0 59.0 62.0 64.0 
62.0 60.0 61.0 62.0 
68.0 59.0 76.0 71.0 
63.0 58.0 64.0 65.0 
62.0 59.0 61.0 63.0 
62.0 59.0 61.0 62.0 
67.0 60.0 76.0 70.0 
62.0 58.0 64.0 65.0 
61.0 59.0 61.0 64.0 
61.0 59.0 61.0 61.0 
68.0 59.0 76.0 71.0 
63.0 59.0 64.0 64.0 
60.0 59.0 62.0 63.0 
61.0 60.0 60.0 61.0 
68.0 59.0 76.0 71.0 
62.0 58.0 65.0 64.0 
61.0 59.0 62.0 62.0 
60.0 60.0 60.0 60.0 
69.0 59.0 76.0 71.0 
63.0 59.0 64.0 66.0 
60.0 58.0 62.0 63.0 
61.0 59.0 60.0 61.0 
68.0 59.0 76.0 71.0 
63.0 59.0 64.0 66.0 
61.0 58.0 62.0 63.0 
61.0 59.0 61.0 61.0 
69.0 60.0 76.0 70.0 
63.0 58.0 66.0 68.0 
61.0 59.0 61.0 62.0 
61.0 59.0 61.0 61.0 
67.0 60.0 75.0 70.0 
63.0 59.0 66.0 67.0 
61.0 60.0 60.0 62.0 
61.0 61.0 61.0 61.0 
68.0 60.0 75.0 71.0 
63.0 58.0 66.0 67.0 
61.0 58.0 62.0 62.0 
60.0 59.0 61.0 61.0 
68.0 59.0 76.0 70.0 
63.0 58.0 66.0 67.0 
61.0 59.0 61.0 62.0 
61.0 60.0 59.0 61.0 
67.0 59.0 76.0 71.0 
63.0 57.0 67.0 67.0 
61.0 59.0 60.0 62.0 
61.0 59.0 61.0 61.0 
69.0 59.0 76.0 71.0 
64.0 59.0 66.0 67.0 
60.0 59.0 61.0 62.0 
61.0 60.0 60.0 61.0 
71.0 59.0 75.0 70.0 
64.0 59.0 67.0 67.0 
60.0 58.0 60.0 62.0 
61.0 59.0 60.0 61.0 
67.0 60.0 75.0 70.0 
64.0 59.0 66.0 68.0 
60.0 58.0 61.0 62.0 
60.0 60.0 60.0 61.0 
69.0 59.0 74.0 71.0 
65.0 58.0 67.0 69.0 
61.0 59.0 60.0 62.0 
61.0 60.0 60.0 61.0 
68.0 59.0 75.0 71.0 
65.0 58.0 68.0 68.0 
61.0 60.0 60.0 63.0 
62.0 59.0 61.0 61.0 
70.0 59.0 76.0 70.0 
64.0 58.0 68.0 69.0 
60.0 59.0 61.0 62.0 
61.0 59.0 60.0 61.0 
69.0 60.0 75.0 72.0 
65.0 58.0 68.0 68.0 
60.0 59.0 60.0 61.0 
62.0 59.0 60.0 61.0 
75.0 61.0 77.0 71.0 
64.0 58.0 68.0 68.0 
60.0 58.0 59.0 60.0 
61.0 60.0 60.0 61.0 
75.0 60.0 77.0 72.0 
64.0 58.0 69.0 68.0 
60.0 59.0 59.0 60.0 
61.0 60.0 61.0 61.0 
70.0 59.0 76.0 72.0 
64.0 59.0 70.0 68.0 
59.0 59.0 58.0 60.0 
61.0 60.0 61.0 61.0 
69.0 59.0 78.0 70.0 
63.0 60.0 70.0 67.0 
59.0 59.0 60.0 60.0 
61.0 60.0 61.0 61.0 
70.0 60.0 79.0 71.0 
63.0 58.0 70.0 66.0 
59.0 59.0 60.0 59.0 
60.0 59.0 61.0 61.0 
71.0 59.0 80.0 71.0 
63.0 59.0 68.0 67.0 
59.0 60.0 59.0 60.0 
60.0 59.0 62.0 61.0 
69.0 59.0 78.0 72.0 
63.0 59.0 69.0 66.0 
59.0 59.0 60.0 60.0 
60.0 60.0 61.0 61.0 
83.0 60.0 79.0 74.0 
62.0 59.0 67.0 67.0 
59.0 59.0 60.0 60.0 
61.0 60.0 62.0 61.0 
85.0 58.0 79.0 73.0 
63.0 59.0 68.0 67.0 
58.0 60.0 60.0 60.0 
59.0 61.0 61.0 62.0 
82.0 60.0 78.0 75.0 
62.0 59.0 68.0 66.0 
59.0 60.0 59.0 60.0 
60.0 59.0 62.0 62.0 
82.0 59.0 76.0 74.0 
63.0 59.0 67.0 66.0 
59.0 60.0 59.0 59.0 
61.0 60.0 62.0 62.0 
78.0 60.0 75.0 74.0 
63.0 59.0 66.0 67.0 
58.0 59.0 59.0 59.0 
61.0 60.0 63.0 63.0 
75.0 60.0 75.0 74.0 
63.0 58.0 66.0 67.0 
58.0 58.0 59.0 59.0 
61.0 60.0 62.0 64.0 
67.0 59.0 77.0 72.0 
63.0 58.0 68.0 66.0 
59.0 60.0 58.0 60.0 
62.0 60.0 64.0 62.0 
71.0 59.0 75.0 73.0 
64.0 59.0 66.0 67.0 
58.0 60.0 59.0 60.0 
62.0 60.0 62.0 63.0 
73.0 60.0 74.0 74.0 
63.0 59.0 66.0 67.0 
60.0 58.0 59.0 60.0 
62.0 60.0 62.0 64.0 
65.0 59.0 73.0 72.0 
64.0 59.0 64.0 67.0 
60.0 58.0 60.0 59.0 
63.0 59.0 60.0 63.0 
64.0 60.0 74.0 72.0 
65.0 58.0 65.0 68.0 
59.0 60.0 59.0 60.0 
64.0 60.0 62.0 65.0 
73.0 59.0 73.0 74.0 
64.0 59.0 64.0 68.0 
60.0 59.0 60.0 62.0 
61.0 60.0 60.0 64.0 
70.0 60.0 73.0 73.0 
64.0 59.0 64.0 67.0 
61.0 59.0 61.0 64.0 
63.0 60.0 61.0 63.0 
69.0 60.0 71.0 73.0 
64.0 58.0 63.0 68.0 
61.0 59.0 61.0 63.0 
62.0 59.0 62.0 63.0 
77.0 59.0 71.0 74.0 
63.0 59.0 64.0 68.0 
62.0 60.0 61.0 65.0 
62.0 60.0 61.0 63.0 
79.0 60.0 71.0 75.0 
63.0 59.0 65.0 68.0 
63.0 59.0 62.0 63.0 
62.0 60.0 61.0 62.0 
78.0 59.0 71.0 74.0 
64.0 59.0 64.0 70.0 
62.0 59.0 62.0 64.0 
61.0 60.0 60.0 63.0 
80.0 59.0 70.0 73.0 
65.0 59.0 65.0 70.0 
62.0 59.0 61.0 65.0 
61.0 60.0 61.0 62.0 
79.0 60.0 70.0 74.0 
65.0 59.0 65.0 69.0 
63.0 59.0 62.0 65.0 
61.0 60.0 60.0 63.0 
77.0 59.0 69.0 74.0 
65.0 59.0 65.0 70.0 
63.0 59.0 62.0 66.0 
62.0 60.0 60.0 62.0 
75.0 59.0 65.0 78.0 
65.0 60.0 60.0 72.0 
63.0 59.0 60.0 66.0 
63.0 60.0 60.0 64.0 
75.0 60.0 64.0 79.0 
65.0 58.0 60.0 71.0 
64.0 59.0 60.0 68.0 
62.0 60.0 61.0 63.0 
76.0 67.0 60.0 77.0 
62.0 64.0 59.0 69.0 
61.0 63.0 61.0 64.0 
62.0 63.0 60.0 64.0 
77.0 68.0 61.0 79.0 
61.0 63.0 59.0 67.0 
62.0 63.0 62.0 66.0 
63.0 63.0 60.0 66.0 
75.0 68.0 60.0 77.0 
60.0 62.0 59.0 67.0 
62.0 63.0 59.0 66.0 
65.0 65.0 60.0 67.0 
79.0 69.0 60.0 80.0 
61.0 61.0 59.0 65.0 
63.0 63.0 60.0 66.0 
64.0 66.0 61.0 67.0 
75.0 70.0 61.0 80.0 
61.0 61.0 59.0 65.0 
63.0 64.0 59.0 65.0 
65.0 66.0 61.0 66.0 
77.0 69.0 61.0 81.0 
60.0 62.0 59.0 64.0 
63.0 65.0 60.0 66.0 
64.0 65.0 61.0 65.0 
76.0 70.0 61.0 80.0 
63.0 63.0 59.0 66.0 
68.0 69.0 61.0 70.0 
58.0 58.0 61.0 58.0 
70.0 69.0 60.0 81.0 
62.0 63.0 60.0 67.0 
70.0 71.0 60.0 71.0 
58.0 58.0 60.0 59.0 
72.0 70.0 62.0 82.0 
63.0 64.0 59.0 68.0 
69.0 71.0 59.0 70.0 
58.0 58.0 60.0 59.0 
76.0 59.0 65.0 86.0 
65.0 58.0 60.0 69.0 
75.0 59.0 62.0 76.0 
57.0 60.0 59.0 58.0 
68.0 60.0 70.0 85.0 
65.0 60.0 61.0 70.0 
76.0 59.0 61.0 76.0 
58.0 60.0 59.0 58.0 
68.0 60.0 78.0 84.0 
65.0 58.0 63.0 70.0 
75.0 61.0 62.0 76.0 
57.0 59.0 60.0 58.0 
66.0 60.0 85.0 83.0 
65.0 58.0 64.0 69.0 
75.0 59.0 63.0 76.0 
58.0 60.0 60.0 59.0 
66.0 60.0 92.0 82.0 
65.0 58.0 65.0 69.0 
76.0 60.0 63.0 77.0 
58.0 60.0 59.0 58.0 
68.0 59.0 96.0 84.0 
65.0 59.0 70.0 69.0 
74.0 59.0 86.0 76.0 
58.0 59.0 58.0 58.0 
71.0 60.0 112.0 83.0 
65.0 59.0 72.0 68.0 
75.0 59.0 95.0 78.0 
58.0 60.0 56.0 58.0 
66.0 59.0 115.0 83.0 
64.0 59.0 72.0 68.0 
71.0 60.0 92.0 74.0 
69.0 59.0 80.0 70.0 
66.0 60.0 114.0 84.0 
63.0 60.0 71.0 68.0 
70.0 59.0 96.0 74.0 
70.0 60.0 84.0 71.0 
76.0 59.0 126.0 87.0 
63.0 58.0 70.0 66.0 
70.0 59.0 110.0 75.0 
69.0 59.0 93.0 70.0 
86.0 59.0 130.0 87.0 
63.0 58.0 72.0 66.0 
71.0 59.0 149.0 77.0 
69.0 60.0 124.0 72.0 
85.0 59.0 142.0 89.0 
62.0 59.0 72.0 65.0 
71.0 60.0 167.0 78.0 
71.0 59.0 148.0 74.0 
82.0 59.0 165.0 91.0 
61.0 58.0 72.0 64.0 
70.0 59.0 189.0 80.0 
71.0 60.0 190.0 77.0 
82.0 60.0 215.0 94.0 
61.0 59.0 74.0 64.0 
71.0 59.0 244.0 83.0 
70.0 61.0 237.0 81.0 
85.0 59.0 276.0 100.0 
61.0 59.0 77.0 64.0 
73.0 60.0 324.0 92.0 
71.0 61.0 278.0 86.0 
88.0 61.0 325.0 104.0 
61.0 58.0 74.0 62.0 
78.0 63.0 388.0 103.0 
73.0 61.0 316.0 91.0 
90.0 62.0 379.0 114.0 
60.0 59.0 74.0 63.0 
79.0 63.0 406.0 106.0 
75.0 61.0 338.0 95.0 
92.0 63.0 379.0 116.0 
61.0 59.0 86.0 64.0 
81.0 64.0 431.0 111.0 
73.0 62.0 347.0 98.0 
95.0 62.0 408.0 129.0 
60.0 59.0 77.0 63.0 
87.0 65.0 511.0 126.0 
75.0 61.0 342.0 97.0 
94.0 63.0 392.0 129.0 
60.0 58.0 75.0 63.0 
84.0 65.0 466.0 121.0 
78.0 62.0 383.0 107.0 
97.0 64.0 450.0 142.0 
60.0 59.0 75.0 63.0 
82.0 63.0 425.0 120.0 
75.0 59.0 331.0 101.0 
104.0 67.0 523.0 168.0 
61.0 59.0 73.0 63.0 
80.0 63.0 410.0 118.0 
75.0 61.0 331.0 103.0 
104.0 66.0 499.0 175.0 
60.0 59.0 72.0 62.0 
83.0 64.0 420.0 124.0 
77.0 62.0 348.0 107.0 
107.0 65.0 507.0 182.0 
59.0 59.0 69.0 62.0 
81.0 62.0 379.0 120.0 
81.0 62.0 386.0 117.0 
104.0 65.0 463.0 178.0 
60.0 59.0 70.0 62.0 
78.0 61.0 357.0 120.0 
82.0 62.0 401.0 124.0 
104.0 64.0 444.0 200.0 
59.0 59.0 70.0 62.0 
79.0 61.0 355.0 124.0 
81.0 63.0 396.0 129.0 
108.0 65.0 460.0 235.0 
61.0 59.0 69.0 62.0 
82.0 61.0 372.0 137.0 
81.0 63.0 381.0 135.0 
108.0 65.0 454.0 260.0 
60.0 58.0 67.0 62.0 
84.0 61.0 351.0 155.0 
81.0 62.0 380.0 152.0 
112.0 64.0 444.0 321.0 
59.0 58.0 67.0 63.0 
84.0 60.0 318.0 182.0 
80.0 62.0 359.0 174.0 
114.0 64.0 389.0 360.0 
59.0 59.0 66.0 61.0 
84.0 60.0 293.0 209.0 
81.0 61.0 335.0 206.0 
108.0 63.0 353.0 378.0 
59.0 59.0 66.0 61.0 
89.0 60.0 288.0 299.0 
80.0 61.0 290.0 231.0 
105.0 64.0 319.0 403.0 
60.0 59.0 66.0 60.0 
98.0 63.0 280.0 383.0 
78.0 60.0 254.0 221.0 
114.0 65.0 300.0 474.0 
59.0 58.0 68.0 60.0 
106.0 63.0 269.0 441.0 
78.0 61.0 223.0 242.0 
117.0 66.0 279.0 495.0 
60.0 59.0 69.0 58.0 
105.0 63.0 249.0 458.0 
78.0 60.0 199.0 237.0 
115.0 64.0 253.0 474.0 
59.0 59.0 67.0 56.0 
106.0 64.0 229.0 463.0 
75.0 61.0 165.0 223.0 
115.0 62.0 231.0 452.0 
58.0 59.0 68.0 54.0 
108.0 63.0 214.0 478.0 
76.0 60.0 144.0 224.0 
123.0 66.0 240.0 546.0 
58.0 58.0 68.0 53.0 
110.0 63.0 204.0 471.0 
74.0 60.0 139.0 208.0 
126.0 66.0 231.0 531.0 
59.0 58.0 70.0 54.0 
106.0 62.0 188.0 446.0 
75.0 60.0 126.0 203.0 
114.0 63.0 180.0 429.0 
57.0 61.0 69.0 54.0 
106.0 62.0 177.0 426.0 
78.0 59.0 124.0 228.0 
131.0 66.0 196.0 532.0 
59.0 59.0 70.0 54.0 
97.0 63.0 155.0 374.0 
79.0 60.0 126.0 245.0 
135.0 65.0 189.0 530.0 
59.0 58.0 71.0 54.0 
100.0 61.0 139.0 381.0 
77.0 60.0 104.0 210.0 
140.0 66.0 184.0 537.0 
60.0 59.0 68.0 53.0 
105.0 61.0 142.0 392.0 
73.0 60.0 100.0 207.0 
140.0 66.0 162.0 517.0 
59.0 59.0 65.0 54.0 
98.0 61.0 120.0 349.0 
74.0 59.0 88.0 196.0 
148.0 66.0 155.0 511.0 
59.0 60.0 66.0 54.0 
99.0 60.0 117.0 357.0 
80.0 60.0 93.0 236.0 
152.0 66.0 152.0 508.0 
60.0 58.0 66.0 54.0 
102.0 61.0 113.0 341.0 
80.0 60.0 91.0 227.0 
152.0 65.0 148.0 476.0 
58.0 59.0 66.0 54.0 
115.0 61.0 113.0 341.0 
80.0 59.0 86.0 203.0 
148.0 62.0 133.0 414.0 
58.0 59.0 67.0 55.0 
115.0 60.0 104.0 314.0 
84.0 60.0 83.0 207.0 
156.0 63.0 128.0 403.0 
57.0 58.0 67.0 57.0 
116.0 60.0 98.0 290.0 
84.0 61.0 81.0 196.0 
167.0 61.0 124.0 388.0 
58.0 58.0 66.0 59.0 
117.0 59.0 94.0 265.0 
77.0 60.0 73.0 144.0 
174.0 63.0 122.0 379.0 
58.0 59.0 67.0 61.0 
126.0 59.0 93.0 254.0 
72.0 60.0 68.0 103.0 
181.0 61.0 116.0 347.0 
59.0 58.0 68.0 64.0 
121.0 59.0 88.0 220.0 
76.0 60.0 68.0 101.0 
191.0 62.0 113.0 342.0 
58.0 59.0 67.0 65.0 
123.0 59.0 87.0 228.0 
78.0 59.0 69.0 104.0 
200.0 61.0 115.0 331.0 
58.0 59.0 68.0 63.0 
141.0 59.0 91.0 231.0 
90.0 59.0 72.0 117.0 
188.0 516.0 115.0 285.0 
58.0 59.0 67.0 63.0 
135.0 59.0 88.0 198.0 
93.0 60.0 73.0 113.0 
199.0 547.0 112.0 267.0 
59.0 58.0 67.0 63.0 
116.0 266.0 80.0 149.0 
82.0 141.0 69.0 95.0 
203.0 607.0 106.0 252.0 
59.0 57.0 66.0 66.0 
116.0 310.0 79.0 148.0 
73.0 127.0 67.0 81.0 
218.0 628.0 102.0 237.0 
59.0 57.0 66.0 66.0 
110.0 283.0 76.0 140.0 
71.0 122.0 67.0 78.0 
239.0 654.0 100.0 229.0 
58.0 57.0 66.0 65.0 
115.0 275.0 75.0 120.0 
73.0 115.0 70.0 77.0 
263.0 649.0 99.0 215.0 
59.0 59.0 64.0 65.0 
115.0 253.0 76.0 123.0 
71.0 106.0 69.0 75.0 
280.0 639.0 95.0 203.0 
59.0 59.0 65.0 65.0 
136.0 314.0 75.0 127.0 
74.0 111.0 65.0 75.0 
288.0 567.0 95.0 185.0 
62.0 67.0 68.0 68.0 
128.0 270.0 72.0 108.0 
74.0 109.0 65.0 71.0 
328.0 521.0 96.0 171.0 
62.0 66.0 68.0 68.0 
156.0 325.0 75.0 124.0 
50.0 42.0 59.0 56.0 
354.0 534.0 97.0 168.0 
62.0 67.0 69.0 69.0 
162.0 317.0 73.0 117.0 
49.0 42.0 59.0 56.0 
425.0 469.0 95.0 149.0 
63.0 69.0 69.0 68.0 
187.0 299.0 74.0 110.0 
46.0 44.0 58.0 57.0 
487.0 425.0 96.0 140.0 
66.0 69.0 70.0 69.0 
229.0 228.0 73.0 98.0 
44.0 46.0 59.0 58.0 
476.0 371.0 97.0 131.0 
71.0 70.0 70.0 68.0 
321.0 236.0 77.0 103.0 
41.0 47.0 59.0 58.0 
530.0 342.0 97.0 127.0 
72.0 69.0 71.0 68.0 
247.0 158.0 71.0 87.0 
43.0 50.0 59.0 59.0 
540.0 313.0 97.0 123.0 
73.0 67.0 71.0 68.0 
264.0 158.0 74.0 90.0 
41.0 50.0 59.0 58.0 
575.0 300.0 96.0 117.0 
74.0 67.0 72.0 69.0 
266.0 134.0 72.0 84.0 
41.0 51.0 59.0 58.0 
604.0 277.0 94.0 114.0 
74.0 66.0 71.0 69.0 
256.0 131.0 76.0 85.0 
39.0 52.0 59.0 59.0 
548.0 234.0 98.0 111.0 
77.0 66.0 72.0 69.0 
296.0 122.0 82.0 85.0 
40.0 54.0 58.0 58.0 
586.0 224.0 102.0 107.0 
80.0 66.0 77.0 69.0 
284.0 116.0 106.0 84.0 
40.0 54.0 57.0 59.0 
581.0 205.0 105.0 104.0 
78.0 66.0 77.0 69.0 
322.0 119.0 124.0 88.0 
40.0 55.0 57.0 58.0 
539.0 183.0 108.0 101.0 
76.0 64.0 79.0 68.0 
275.0 109.0 140.0 86.0 
41.0 55.0 56.0 59.0 
551.0 171.0 111.0 98.0 
77.0 64.0 81.0 69.0 
273.0 104.0 161.0 85.0 
41.0 56.0 55.0 58.0 
535.0 159.0 107.0 97.0 
73.0 64.0 83.0 68.0 
239.0 98.0 199.0 86.0 
41.0 57.0 53.0 60.0 
547.0 157.0 109.0 97.0 
74.0 64.0 83.0 68.0 
237.0 98.0 218.0 88.0 
41.0 56.0 53.0 58.0 
508.0 138.0 102.0 94.0 
69.0 58.0 81.0 69.0 
267.0 90.0 257.0 93.0 
136.0 60.0 207.0 82.0 
460.0 65.0 103.0 112.0 
69.0 58.0 81.0 69.0 
235.0 61.0 340.0 106.0 
117.0 62.0 266.0 85.0 
398.0 63.0 89.0 101.0 
66.0 59.0 82.0 68.0 
188.0 64.0 411.0 110.0 
108.0 60.0 315.0 89.0 
309.0 62.0 80.0 91.0 
66.0 59.0 83.0 68.0 
175.0 64.0 434.0 111.0 
98.0 62.0 374.0 93.0 
278.0 61.0 75.0 88.0 
64.0 60.0 85.0 68.0 
138.0 64.0 486.0 116.0 
91.0 63.0 417.0 98.0 
236.0 60.0 68.0 85.0 
63.0 60.0 85.0 68.0 
91.0 67.0 529.0 113.0 
80.0 64.0 465.0 101.0 
184.0 60.0 65.0 81.0 
63.0 59.0 81.0 68.0 
87.0 67.0 563.0 118.0 
80.0 65.0 514.0 111.0 
165.0 59.0 63.0 80.0 
62.0 58.0 80.0 69.0 
86.0 68.0 568.0 132.0 
83.0 69.0 558.0 128.0 
139.0 59.0 58.0 76.0 
60.0 58.0 80.0 69.0 
85.0 64.0 608.0 141.0 
82.0 65.0 594.0 135.0 
139.0 60.0 56.0 74.0 
61.0 58.0 80.0 69.0 
90.0 64.0 643.0 154.0 
83.0 65.0 620.0 142.0 
135.0 59.0 56.0 75.0 
61.0 58.0 81.0 70.0 
92.0 64.0 656.0 165.0 
85.0 65.0 630.0 149.0 
129.0 60.0 56.0 74.0 
61.0 58.0 80.0 69.0 
91.0 63.0 677.0 175.0 
86.0 63.0 655.0 163.0 
128.0 59.0 56.0 73.0 
61.0 59.0 79.0 69.0 
90.0 63.0 679.0 186.0 
87.0 64.0 650.0 167.0 
126.0 59.0 55.0 73.0 
61.0 58.0 79.0 71.0 
92.0 63.0 673.0 199.0 
87.0 64.0 638.0 177.0 
124.0 60.0 56.0 72.0 
60.0 59.0 78.0 70.0 
93.0 63.0 662.0 226.0 
87.0 65.0 634.0 202.0 
121.0 60.0 56.0 72.0 
60.0 58.0 77.0 69.0 
95.0 64.0 661.0 251.0 
89.0 64.0 650.0 223.0 
120.0 59.0 56.0 73.0 
60.0 58.0 72.0 69.0 
98.0 65.0 656.0 305.0 
91.0 64.0 664.0 272.0 
117.0 60.0 56.0 68.0 
60.0 59.0 74.0 70.0 
101.0 64.0 681.0 357.0 
94.0 64.0 661.0 319.0 
113.0 59.0 56.0 67.0 
60.0 59.0 72.0 69.0 
104.0 66.0 676.0 390.0 
100.0 65.0 670.0 378.0 
112.0 59.0 57.0 65.0 
59.0 59.0 70.0 69.0 
111.0 67.0 673.0 476.0 
106.0 68.0 655.0 450.0 
107.0 60.0 57.0 64.0 
60.0 59.0 68.0 67.0 
113.0 69.0 641.0 501.0 
109.0 70.0 661.0 491.0 
113.0 61.0 59.0 63.0 
59.0 58.0 70.0 69.0 
116.0 69.0 631.0 519.0 
109.0 70.0 630.0 503.0 
100.0 59.0 58.0 60.0 
60.0 59.0 69.0 69.0 
121.0 69.0 633.0 584.0 
113.0 70.0 643.0 525.0 
97.0 60.0 58.0 59.0 
60.0 59.0 71.0 69.0 
123.0 69.0 624.0 613.0 
116.0 72.0 618.0 546.0 
95.0 60.0 59.0 58.0 
60.0 59.0 71.0 68.0 
127.0 68.0 608.0 640.0 
117.0 72.0 583.0 545.0 
93.0 60.0 60.0 58.0 
60.0 59.0 70.0 67.0 
129.0 71.0 567.0 648.0 
122.0 73.0 552.0 579.0 
79.0 60.0 60.0 56.0 
61.0 59.0 69.0 66.0 
139.0 69.0 546.0 675.0 
127.0 72.0 541.0 601.0 
74.0 60.0 60.0 55.0 
60.0 59.0 70.0 63.0 
137.0 69.0 512.0 652.0 
128.0 70.0 507.0 610.0 
73.0 59.0 62.0 54.0 
60.0 59.0 68.0 63.0 
138.0 68.0 490.0 662.0 
127.0 69.0 473.0 614.0 
64.0 59.0 61.0 53.0 
60.0 58.0 65.0 60.0 
140.0 67.0 470.0 662.0 
129.0 68.0 455.0 614.0 
60.0 59.0 63.0 53.0 
58.0 58.0 63.0 56.0 
145.0 66.0 448.0 679.0 
130.0 67.0 439.0 631.0 
60.0 60.0 64.0 53.0 
58.0 59.0 64.0 56.0 
145.0 66.0 437.0 685.0 
139.0 66.0 439.0 683.0 
61.0 59.0 64.0 53.0 
59.0 58.0 64.0 55.0 
145.0 66.0 416.0 656.0 
142.0 66.0 423.0 707.0 
60.0 59.0 65.0 52.0 
59.0 59.0 65.0 55.0 
148.0 65.0 392.0 667.0 
147.0 64.0 397.0 708.0 
61.0 59.0 66.0 52.0 
59.0 60.0 63.0 54.0 
156.0 66.0 376.0 655.0 
154.0 65.0 383.0 700.0 
70.0 60.0 66.0 54.0 
58.0 58.0 61.0 53.0 
157.0 65.0 363.0 652.0 
157.0 64.0 369.0 693.0 
68.0 58.0 67.0 54.0 
59.0 58.0 63.0 52.0 
158.0 65.0 364.0 660.0 
165.0 64.0 364.0 688.0 
70.0 59.0 69.0 55.0 
58.0 59.0 62.0 53.0 
165.0 65.0 355.0 665.0 
172.0 63.0 354.0 711.0 
69.0 60.0 67.0 53.0 
58.0 59.0 64.0 53.0 
171.0 64.0 345.0 661.0 
176.0 63.0 342.0 711.0 
70.0 60.0 68.0 53.0 
58.0 59.0 62.0 51.0 
174.0 64.0 313.0 627.0 
184.0 64.0 327.0 712.0 
70.0 59.0 70.0 54.0 
57.0 58.0 59.0 49.0 
183.0 63.0 294.0 640.0 
192.0 64.0 301.0 699.0 
69.0 59.0 71.0 53.0 
57.0 59.0 61.0 48.0 
189.0 63.0 271.0 637.0 
191.0 64.0 274.0 668.0 
70.0 60.0 72.0 54.0 
57.0 59.0 61.0 49.0 
192.0 65.0 249.0 611.0 
193.0 64.0 251.0 627.0 
69.0 60.0 71.0 54.0 
56.0 58.0 62.0 49.0 
202.0 62.0 232.0 606.0 
203.0 65.0 232.0 607.0 
68.0 59.0 72.0 56.0 
57.0 58.0 63.0 51.0 
209.0 65.0 229.0 577.0 
211.0 68.0 227.0 569.0 
67.0 60.0 73.0 57.0 
56.0 59.0 63.0 52.0 
213.0 66.0 206.0 549.0 
218.0 67.0 192.0 536.0 
67.0 60.0 74.0 58.0 
56.0 58.0 63.0 53.0 
230.0 66.0 194.0 523.0 
225.0 66.0 179.0 501.0 
67.0 58.0 74.0 59.0 
55.0 59.0 64.0 53.0 
235.0 66.0 162.0 496.0 
227.0 64.0 160.0 467.0 
66.0 60.0 74.0 60.0 
55.0 59.0 66.0 54.0 
250.0 64.0 154.0 481.0 
237.0 65.0 158.0 451.0 
65.0 60.0 75.0 62.0 
55.0 59.0 65.0 55.0 
255.0 64.0 148.0 456.0 
246.0 64.0 146.0 431.0 
66.0 58.0 75.0 62.0 
55.0 59.0 65.0 56.0 
268.0 63.0 131.0 436.0 
263.0 64.0 137.0 418.0 
66.0 59.0 77.0 64.0 
55.0 59.0 65.0 57.0 
286.0 63.0 131.0 426.0 
271.0 64.0 131.0 391.0 
64.0 59.0 77.0 66.0 
54.0 59.0 67.0 57.0 
301.0 65.0 133.0 399.0 
281.0 62.0 126.0 356.0 
63.0 60.0 76.0 66.0 
52.0 59.0 65.0 59.0 
333.0 63.0 127.0 383.0 
310.0 63.0 119.0 342.0 
62.0 61.0 78.0 67.0 
53.0 58.0 65.0 59.0 
365.0 64.0 119.0 367.0 
351.0 63.0 113.0 332.0 
60.0 60.0 78.0 70.0 
51.0 58.0 64.0 60.0 
412.0 64.0 114.0 349.0 
388.0 63.0 114.0 307.0 
58.0 59.0 80.0 71.0 
49.0 58.0 65.0 60.0 
435.0 65.0 111.0 308.0 
423.0 64.0 107.0 277.0 
58.0 58.0 79.0 73.0 
48.0 59.0 65.0 63.0 
458.0 65.0 104.0 288.0 
456.0 65.0 96.0 253.0 
57.0 59.0 80.0 73.0 
48.0 58.0 64.0 62.0 
492.0 67.0 99.0 277.0 
478.0 66.0 95.0 238.0 
56.0 60.0 79.0 74.0 
47.0 60.0 64.0 63.0 
543.0 68.0 97.0 272.0 
502.0 66.0 91.0 230.0 
55.0 59.0 80.0 74.0 
47.0 59.0 64.0 63.0 
585.0 66.0 100.0 264.0 
510.0 68.0 93.0 221.0 
55.0 59.0 78.0 73.0 
49.0 59.0 67.0 65.0 
614.0 65.0 97.0 255.0 
508.0 67.0 90.0 206.0 
53.0 59.0 78.0 74.0 
48.0 59.0 65.0 67.0 
635.0 64.0 83.0 246.0 
536.0 68.0 83.0 199.0 
53.0 61.0 78.0 73.0 
49.0 59.0 64.0 66.0 
621.0 65.0 83.0 239.0 
534.0 67.0 82.0 191.0 
52.0 60.0 80.0 74.0 
48.0 59.0 68.0 67.0 
653.0 64.0 95.0 238.0 
508.0 68.0 87.0 172.0 
64.0 60.0 80.0 77.0 
59.0 59.0 65.0 68.0 
730.0 63.0 85.0 243.0 
463.0 65.0 77.0 159.0 
63.0 60.0 82.0 77.0 
58.0 58.0 67.0 68.0 
751.0 62.0 94.0 228.0 
40.0 60.0 59.0 55.0 
65.0 59.0 82.0 79.0 
58.0 59.0 68.0 68.0 
769.0 62.0 96.0 220.0 
41.0 60.0 58.0 55.0 
65.0 59.0 86.0 79.0 
59.0 58.0 65.0 68.0 
790.0 61.0 87.0 216.0 
41.0 60.0 58.0 55.0 
66.0 59.0 89.0 79.0 
60.0 59.0 65.0 67.0 
798.0 61.0 89.0 212.0 
41.0 60.0 58.0 55.0 
67.0 60.0 89.0 78.0 
62.0 59.0 66.0 68.0 
790.0 60.0 92.0 206.0 
41.0 60.0 58.0 56.0 
68.0 59.0 92.0 80.0 
63.0 59.0 66.0 67.0 
763.0 62.0 93.0 197.0 
41.0 61.0 58.0 54.0 
69.0 59.0 94.0 80.0 
63.0 60.0 66.0 66.0 
766.0 62.0 87.0 195.0 
42.0 60.0 57.0 55.0 
68.0 59.0 95.0 82.0 
65.0 58.0 66.0 68.0 
769.0 61.0 85.0 175.0 
40.0 60.0 58.0 54.0 
70.0 59.0 102.0 82.0 
66.0 58.0 66.0 68.0 
643.0 64.0 81.0 155.0 
458.0 65.0 78.0 126.0 
58.0 60.0 102.0 80.0 
53.0 59.0 65.0 64.0 
643.0 63.0 86.0 152.0 
485.0 65.0 83.0 127.0 
59.0 58.0 108.0 79.0 
53.0 59.0 65.0 64.0 
648.0 63.0 86.0 148.0 
489.0 65.0 85.0 125.0 
60.0 59.0 112.0 80.0 
54.0 59.0 65.0 63.0 
635.0 64.0 86.0 145.0 
477.0 66.0 84.0 120.0 
62.0 59.0 113.0 80.0 
53.0 58.0 64.0 63.0 
593.0 65.0 86.0 136.0 
427.0 64.0 81.0 109.0 
63.0 60.0 114.0 81.0 
54.0 58.0 64.0 64.0 
574.0 66.0 86.0 132.0 
396.0 64.0 81.0 104.0 
54.0 59.0 93.0 71.0 
55.0 59.0 72.0 65.0 
527.0 67.0 90.0 130.0 
339.0 61.0 82.0 99.0 
59.0 60.0 108.0 76.0 
55.0 60.0 69.0 65.0 
515.0 66.0 88.0 130.0 
315.0 61.0 81.0 95.0 
62.0 60.0 109.0 76.0 
57.0 59.0 69.0 64.0 
497.0 67.0 105.0 126.0 
269.0 62.0 90.0 92.0 
73.0 59.0 143.0 84.0 
54.0 58.0 64.0 61.0 
454.0 64.0 107.0 118.0 
258.0 61.0 90.0 88.0 
75.0 59.0 157.0 85.0 
53.0 59.0 61.0 60.0 
402.0 63.0 113.0 112.0 
237.0 61.0 91.0 84.0 
76.0 60.0 171.0 86.0 
51.0 59.0 59.0 60.0 
348.0 62.0 138.0 112.0 
214.0 61.0 107.0 84.0 
80.0 60.0 194.0 90.0 
53.0 59.0 58.0 59.0 
345.0 61.0 161.0 109.0 
172.0 61.0 126.0 80.0 
80.0 60.0 213.0 91.0 
54.0 59.0 58.0 59.0 
302.0 60.0 151.0 102.0 
155.0 60.0 132.0 79.0 
83.0 60.0 223.0 93.0 
53.0 60.0 58.0 60.0 
285.0 60.0 183.0 104.0 
136.0 59.0 129.0 77.0 
83.0 59.0 242.0 95.0 
54.0 58.0 56.0 58.0 
262.0 61.0 160.0 99.0 
124.0 60.0 122.0 76.0 
88.0 61.0 300.0 105.0 
55.0 59.0 59.0 59.0 
237.0 61.0 179.0 97.0 
117.0 60.0 116.0 73.0 
92.0 62.0 349.0 111.0 
55.0 58.0 55.0 59.0 
218.0 60.0 185.0 96.0 
105.0 60.0 112.0 72.0 
92.0 62.0 363.0 118.0 
55.0 59.0 57.0 59.0 
202.0 59.0 150.0 87.0 
101.0 60.0 130.0 74.0 
93.0 63.0 402.0 128.0 
56.0 59.0 58.0 59.0 
191.0 60.0 151.0 85.0 
97.0 60.0 121.0 71.0 
93.0 63.0 395.0 129.0 
56.0 59.0 59.0 59.0 
182.0 60.0 174.0 86.0 
100.0 60.0 138.0 74.0 
84.0 62.0 364.0 129.0 
57.0 59.0 59.0 59.0 
149.0 60.0 176.0 87.0 
94.0 59.0 131.0 74.0 
85.0 62.0 367.0 136.0 
58.0 58.0 55.0 58.0 
142.0 59.0 212.0 93.0 
93.0 60.0 123.0 72.0 
92.0 64.0 435.0 157.0 
59.0 59.0 55.0 59.0 
104.0 60.0 168.0 84.0 
69.0 59.0 118.0 70.0 
93.0 64.0 445.0 165.0 
59.0 58.0 55.0 59.0 
96.0 60.0 171.0 86.0 
66.0 60.0 102.0 67.0 
90.0 63.0 424.0 164.0 
59.0 59.0 59.0 58.0 
103.0 59.0 158.0 86.0 
67.0 60.0 102.0 67.0 
92.0 63.0 419.0 174.0 
60.0 58.0 60.0 59.0 
80.0 59.0 178.0 91.0 
65.0 59.0 93.0 67.0 
97.0 64.0 448.0 207.0 
59.0 59.0 58.0 58.0 
73.0 59.0 151.0 84.0 
65.0 60.0 90.0 66.0 
95.0 64.0 429.0 223.0 
59.0 59.0 60.0 59.0 
75.0 59.0 161.0 93.0 
65.0 60.0 95.0 70.0 
91.0 63.0 403.0 227.0 
59.0 58.0 61.0 59.0 
73.0 58.0 127.0 98.0 
65.0 60.0 91.0 74.0 
91.0 63.0 398.0 266.0 
59.0 59.0 59.0 57.0 
75.0 59.0 129.0 129.0 
64.0 60.0 89.0 81.0 
93.0 63.0 370.0 293.0 
59.0 58.0 61.0 55.0 
78.0 59.0 129.0 162.0 
65.0 59.0 85.0 84.0 
91.0 62.0 324.0 298.0 
58.0 59.0 61.0 55.0 
82.0 60.0 126.0 199.0 
63.0 60.0 83.0 90.0 
96.0 63.0 302.0 328.0 
60.0 59.0 63.0 55.0 
80.0 59.0 105.0 200.0 
64.0 61.0 84.0 96.0 
96.0 62.0 261.0 335.0 
57.0 59.0 62.0 52.0 
83.0 59.0 115.0 221.0 
67.0 60.0 84.0 112.0 
101.0 62.0 261.0 387.0 
59.0 59.0 63.0 52.0 
86.0 59.0 113.0 254.0 
64.0 60.0 78.0 101.0 
102.0 63.0 235.0 412.0 
58.0 59.0 62.0 51.0 
93.0 60.0 121.0 295.0 
65.0 60.0 76.0 95.0 
107.0 63.0 215.0 443.0 
59.0 58.0 63.0 52.0 
94.0 60.0 122.0 300.0 
63.0 60.0 76.0 96.0 
107.0 63.0 202.0 421.0 
58.0 59.0 60.0 52.0 
93.0 59.0 115.0 290.0 
64.0 60.0 74.0 90.0 
110.0 64.0 194.0 445.0 
58.0 58.0 62.0 50.0 
90.0 60.0 106.0 282.0 
63.0 61.0 71.0 89.0 
116.0 65.0 194.0 486.0 
58.0 59.0 62.0 52.0 
89.0 60.0 101.0 266.0 
63.0 59.0 71.0 92.0 
115.0 64.0 179.0 473.0 
58.0 59.0 63.0 53.0 
88.0 59.0 99.0 258.0 
63.0 60.0 71.0 90.0 
111.0 64.0 155.0 432.0 
58.0 59.0 64.0 54.0 
93.0 60.0 110.0 313.0 
62.0 60.0 68.0 77.0 
111.0 63.0 154.0 427.0 
58.0 58.0 64.0 52.0 
91.0 60.0 103.0 275.0 
61.0 60.0 68.0 68.0 
114.0 63.0 151.0 426.0 
59.0 59.0 65.0 55.0 
92.0 59.0 101.0 278.0 
61.0 60.0 66.0 69.0 
120.0 64.0 144.0 451.0 
59.0 59.0 63.0 54.0 
91.0 59.0 97.0 276.0 
61.0 60.0 64.0 71.0 
126.0 65.0 139.0 473.0 
60.0 59.0 64.0 54.0 
91.0 59.0 93.0 274.0 
60.0 60.0 63.0 66.0 
122.0 62.0 131.0 429.0 
59.0 59.0 64.0 53.0 
101.0 61.0 101.0 333.0 
59.0 59.0 63.0 61.0 
122.0 63.0 129.0 411.0 
59.0 60.0 63.0 55.0 
104.0 61.0 101.0 324.0 
60.0 60.0 63.0 58.0 
125.0 62.0 123.0 396.0 
58.0 59.0 64.0 55.0 
103.0 60.0 97.0 321.0 
58.0 60.0 61.0 57.0 
124.0 61.0 118.0 375.0 
59.0 59.0 64.0 56.0 
110.0 60.0 96.0 311.0 
59.0 60.0 62.0 57.0 
119.0 61.0 112.0 332.0 
57.0 58.0 64.0 56.0 
118.0 61.0 93.0 299.0 
58.0 60.0 61.0 55.0 
117.0 60.0 108.0 319.0 
60.0 58.0 65.0 57.0 
116.0 60.0 86.0 250.0 
59.0 59.0 61.0 56.0 
120.0 59.0 104.0 294.0 
59.0 60.0 65.0 58.0 
109.0 60.0 85.0 230.0 
59.0 59.0 61.0 56.0 
115.0 59.0 100.0 257.0 
59.0 58.0 64.0 60.0 
126.0 60.0 84.0 220.0 
57.0 60.0 60.0 55.0 
116.0 60.0 97.0 239.0 
58.0 58.0 66.0 61.0 
131.0 58.0 85.0 215.0 
57.0 60.0 60.0 53.0 
121.0 60.0 98.0 245.0 
57.0 59.0 65.0 61.0 
135.0 60.0 84.0 208.0 
58.0 59.0 61.0 55.0 
123.0 59.0 96.0 231.0 
57.0 59.0 65.0 60.0 
134.0 59.0 83.0 189.0 
60.0 59.0 60.0 59.0 
127.0 60.0 97.0 230.0 
57.0 59.0 64.0 59.0 
137.0 60.0 83.0 185.0 
58.0 60.0 60.0 56.0 
135.0 60.0 96.0 227.0 
58.0 59.0 64.0 58.0 
125.0 59.0 82.0 166.0 
58.0 60.0 60.0 56.0 
134.0 58.0 95.0 220.0 
57.0 59.0 63.0 59.0 
133.0 59.0 81.0 165.0 
64.0 60.0 60.0 62.0 
131.0 59.0 92.0 199.0 
57.0 59.0 64.0 59.0 
138.0 59.0 81.0 171.0 
66.0 59.0 62.0 64.0 
144.0 60.0 93.0 199.0 
57.0 59.0 63.0 59.0 
137.0 60.0 78.0 148.0 
66.0 60.0 61.0 64.0 
142.0 60.0 88.0 166.0 
58.0 59.0 64.0 62.0 
120.0 59.0 75.0 136.0 
69.0 60.0 62.0 68.0 
137.0 60.0 87.0 158.0 
56.0 59.0 64.0 61.0 
135.0 60.0 76.0 141.0 
67.0 59.0 62.0 66.0 
151.0 58.0 87.0 157.0 
57.0 59.0 64.0 61.0 
142.0 59.0 78.0 150.0 
70.0 59.0 61.0 68.0 
162.0 60.0 86.0 153.0 
55.0 58.0 62.0 59.0 
156.0 59.0 78.0 163.0 
67.0 60.0 61.0 66.0 
173.0 60.0 87.0 157.0 
56.0 59.0 62.0 59.0 
150.0 60.0 78.0 147.0 
66.0 60.0 61.0 65.0 
188.0 59.0 87.0 149.0 
56.0 59.0 62.0 58.0 
153.0 60.0 79.0 145.0 
63.0 61.0 60.0 61.0 
205.0 60.0 87.0 147.0 
53.0 59.0 62.0 58.0 
156.0 59.0 75.0 128.0 
56.0 60.0 60.0 57.0 
223.0 60.0 86.0 146.0 
53.0 59.0 61.0 59.0 
183.0 59.0 75.0 129.0 
52.0 60.0 59.0 56.0 
198.0 60.0 86.0 136.0 
53.0 59.0 62.0 59.0 
222.0 59.0 77.0 133.0 
52.0 59.0 59.0 56.0 
223.0 61.0 85.0 136.0 
52.0 58.0 62.0 58.0 
259.0 62.0 76.0 128.0 
50.0 61.0 59.0 56.0 
251.0 60.0 86.0 144.0 
52.0 58.0 61.0 59.0 
274.0 62.0 74.0 120.0 
50.0 59.0 60.0 56.0 
236.0 60.0 86.0 140.0 
51.0 60.0 62.0 59.0 
304.0 61.0 73.0 110.0 
53.0 60.0 60.0 57.0 
245.0 61.0 85.0 130.0 
52.0 58.0 62.0 60.0 
263.0 59.0 70.0 96.0 
54.0 60.0 60.0 58.0 
284.0 61.0 85.0 127.0 
52.0 58.0 63.0 61.0 
249.0 59.0 68.0 93.0 
52.0 60.0 60.0 58.0 
328.0 61.0 86.0 130.0 
52.0 59.0 62.0 60.0 
221.0 59.0 65.0 83.0 
53.0 60.0 61.0 58.0 
328.0 61.0 89.0 128.0 
50.0 59.0 62.0 59.0 
289.0 60.0 69.0 93.0 
48.0 60.0 60.0 59.0 
328.0 61.0 88.0 122.0 
48.0 60.0 61.0 60.0 
354.0 62.0 71.0 99.0 
55.0 60.0 62.0 60.0 
337.0 61.0 87.0 119.0 
49.0 59.0 62.0 60.0 
253.0 60.0 66.0 84.0 
64.0 60.0 62.0 60.0 
323.0 61.0 88.0 117.0 
47.0 59.0 61.0 61.0 
303.0 61.0 69.0 91.0 
69.0 60.0 60.0 61.0 
313.0 61.0 86.0 113.0 
46.0 59.0 62.0 60.0 
400.0 63.0 73.0 101.0 
71.0 60.0 60.0 61.0 
303.0 61.0 87.0 111.0 
46.0 59.0 62.0 61.0 
404.0 64.0 73.0 100.0 
71.0 59.0 61.0 60.0 
328.0 62.0 88.0 110.0 
49.0 58.0 63.0 61.0 
268.0 61.0 68.0 88.0 
84.0 60.0 62.0 63.0 
349.0 61.0 87.0 110.0 
49.0 59.0 61.0 61.0 
236.0 60.0 68.0 84.0 
84.0 61.0 61.0 63.0 
349.0 62.0 86.0 109.0 
49.0 59.0 61.0 61.0 
200.0 59.0 66.0 78.0 
88.0 59.0 62.0 63.0 
324.0 61.0 87.0 105.0 
48.0 59.0 62.0 61.0 
322.0 60.0 71.0 90.0 
78.0 60.0 62.0 63.0 
314.0 62.0 84.0 103.0 
47.0 59.0 62.0 60.0 
335.0 62.0 70.0 91.0 
78.0 62.0 61.0 63.0 
292.0 61.0 85.0 100.0 
47.0 59.0 62.0 60.0 
315.0 61.0 70.0 92.0 
78.0 60.0 62.0 62.0 
294.0 61.0 87.0 99.0 
48.0 58.0 62.0 61.0 
241.0 60.0 67.0 86.0 
80.0 60.0 61.0 62.0 
317.0 60.0 84.0 100.0 
50.0 59.0 63.0 61.0 
199.0 60.0 65.0 78.0 
67.0 59.0 61.0 62.0 
234.0 60.0 81.0 92.0 
52.0 59.0 62.0 62.0 
220.0 60.0 67.0 82.0 
68.0 60.0 60.0 62.0 
188.0 60.0 81.0 86.0 
52.0 59.0 63.0 61.0 
221.0 59.0 66.0 81.0 
61.0 60.0 61.0 61.0 
165.0 60.0 83.0 86.0 
55.0 59.0 62.0 61.0 
192.0 59.0 66.0 80.0 
56.0 60.0 60.0 60.0 
203.0 60.0 83.0 86.0 
55.0 59.0 62.0 61.0 
160.0 59.0 65.0 77.0 
53.0 61.0 59.0 61.0 
183.0 60.0 83.0 86.0 
56.0 58.0 62.0 62.0 
112.0 60.0 64.0 72.0 
55.0 60.0 60.0 60.0 
168.0 60.0 83.0 84.0 
58.0 59.0 62.0 61.0 
86.0 59.0 62.0 65.0 
59.0 60.0 60.0 61.0 
162.0 60.0 83.0 83.0 
58.0 58.0 61.0 61.0 
74.0 59.0 60.0 63.0 
61.0 60.0 61.0 61.0 
159.0 59.0 85.0 84.0 
58.0 59.0 60.0 60.0 
71.0 60.0 61.0 64.0 
59.0 61.0 60.0 61.0 
150.0 60.0 83.0 83.0 
59.0 58.0 62.0 62.0 
71.0 59.0 61.0 63.0 
59.0 60.0 61.0 61.0 
139.0 60.0 82.0 82.0 
60.0 59.0 63.0 63.0 
68.0 59.0 60.0 63.0 
59.0 60.0 61.0 61.0 
123.0 60.0 84.0 80.0 
61.0 59.0 63.0 63.0 
63.0 59.0 60.0 62.0 
60.0 59.0 61.0 61.0 
111.0 59.0 83.0 79.0 
61.0 59.0 62.0 62.0 
64.0 60.0 60.0 61.0 
61.0 60.0 61.0 61.0 
110.0 60.0 84.0 81.0 
61.0 58.0 62.0 63.0 
61.0 60.0 60.0 61.0 
62.0 60.0 61.0 61.0 
102.0 60.0 82.0 78.0 
62.0 59.0 62.0 63.0 
64.0 59.0 60.0 61.0 
61.0 60.0 61.0 62.0 
98.0 60.0 80.0 78.0 
60.0 59.0 63.0 63.0 
62.0 59.0 60.0 62.0 
63.0 60.0 61.0 62.0 
90.0 60.0 83.0 76.0 
61.0 58.0 62.0 64.0 
61.0 60.0 60.0 61.0 
62.0 61.0 61.0 61.0 
91.0 60.0 83.0 76.0 
62.0 59.0 62.0 63.0 
62.0 59.0 60.0 61.0 
62.0 60.0 61.0 63.0 
88.0 60.0 83.0 77.0 
61.0 59.0 63.0 63.0 
60.0 60.0 60.0 61.0 
61.0 62.0 61.0 62.0 
89.0 60.0 84.0 77.0 
61.0 58.0 63.0 63.0 
60.0 60.0 59.0 61.0 
62.0 60.0 61.0 62.0 
89.0 60.0 83.0 77.0 
61.0 59.0 62.0 63.0 
61.0 59.0 60.0 61.0 
61.0 61.0 61.0 61.0 
90.0 58.0 84.0 77.0 
61.0 59.0 63.0 62.0 
59.0 61.0 59.0 61.0 
61.0 59.0 61.0 62.0 
89.0 60.0 83.0 78.0 
61.0 58.0 62.0 63.0 
60.0 59.0 60.0 61.0 
60.0 60.0 61.0 61.0 
88.0 60.0 83.0 77.0 
61.0 58.0 62.0 63.0 
60.0 59.0 60.0 61.0 
62.0 60.0 61.0 61.0 
89.0 60.0 85.0 76.0 
62.0 58.0 62.0 62.0 
60.0 59.0 59.0 61.0 
61.0 59.0 61.0 61.0 
90.0 60.0 83.0 77.0 
61.0 59.0 62.0 63.0 
61.0 59.0 60.0 61.0 
61.0 60.0 60.0 61.0 
90.0 59.0 83.0 78.0 
60.0 58.0 63.0 64.0 
60.0 59.0 60.0 60.0 
61.0 60.0 60.0 62.0 
90.0 60.0 83.0 78.0 
61.0 59.0 62.0 63.0 
61.0 60.0 60.0 62.0 
60.0 60.0 60.0 61.0 
91.0 59.0 83.0 78.0 
61.0 59.0 63.0 63.0 
61.0 59.0 61.0 62.0 
61.0 60.0 60.0 61.0 
90.0 60.0 83.0 78.0 
61.0 58.0 63.0 63.0 
60.0 60.0 60.0 62.0 
60.0 60.0 60.0 62.0 
86.0 60.0 83.0 77.0 
61.0 58.0 63.0 64.0 
61.0 59.0 61.0 61.0 
61.0 60.0 60.0 61.0 
84.0 62.0 83.0 77.0 
62.0 60.0 63.0 63.0 
61.0 60.0 61.0 62.0 
60.0 61.0 60.0 61.0 
90.0 59.0 84.0 77.0 
59.0 58.0 62.0 63.0 
61.0 59.0 60.0 62.0 
60.0 60.0 60.0 61.0 
93.0 59.0 83.0 78.0 
61.0 59.0 62.0 63.0 
61.0 59.0 61.0 62.0 
61.0 60.0 60.0 61.0 
92.0 60.0 83.0 78.0 
61.0 59.0 62.0 63.0 
60.0 60.0 61.0 62.0 
60.0 59.0 60.0 61.0 
95.0 58.0 84.0 78.0 
61.0 58.0 63.0 63.0 
60.0 60.0 61.0 62.0 
60.0 59.0 60.0 60.0 
88.0 60.0 81.0 77.0 
60.0 60.0 62.0 62.0 
60.0 59.0 60.0 62.0 
60.0 60.0 60.0 61.0 
86.0 60.0 84.0 76.0 
61.0 59.0 62.0 63.0 
62.0 60.0 61.0 62.0 
60.0 60.0 61.0 61.0 
80.0 60.0 83.0 77.0 
62.0 59.0 63.0 63.0 
61.0 60.0 60.0 61.0 
62.0 60.0 60.0 61.0 
78.0 60.0 83.0 75.0 
63.0 59.0 62.0 64.0 
62.0 59.0 60.0 62.0 
61.0 60.0 60.0 61.0 
73.0 59.0 82.0 76.0 
63.0 59.0 63.0 64.0 
61.0 59.0 60.0 62.0 
62.0 59.0 59.0 61.0 
71.0 60.0 83.0 76.0 
61.0 59.0 63.0 63.0 
61.0 59.0 60.0 62.0 
61.0 60.0 60.0 61.0 
76.0 61.0 83.0 77.0 
61.0 59.0 63.0 64.0 
61.0 59.0 61.0 61.0 
62.0 59.0 61.0 61.0 
75.0 60.0 83.0 78.0 
61.0 59.0 62.0 62.0 
61.0 59.0 60.0 61.0 
61.0 61.0 60.0 62.0 
73.0 61.0 83.0 76.0 
61.0 59.0 62.0 63.0 
61.0 59.0 60.0 62.0 
61.0 59.0 61.0 62.0 
71.0 59.0 81.0 76.0 
60.0 58.0 61.0 63.0 
61.0 60.0 60.0 61.0 
62.0 58.0 60.0 61.0 
68.0 61.0 82.0 77.0 
61.0 59.0 62.0 63.0 
61.0 59.0 61.0 62.0 
61.0 60.0 60.0 62.0 
76.0 59.0 82.0 78.0 
61.0 58.0 61.0 61.0 
60.0 60.0 61.0 61.0 
62.0 60.0 60.0 61.0 
76.0 60.0 81.0 77.0 
60.0 59.0 60.0 62.0 
60.0 59.0 60.0 61.0 
61.0 60.0 61.0 61.0 
74.0 60.0 82.0 77.0 
61.0 59.0 61.0 61.0 
61.0 60.0 60.0 62.0 
61.0 60.0 60.0 63.0 
72.0 59.0 82.0 76.0 
61.0 58.0 59.0 61.0 
61.0 59.0 60.0 61.0 
61.0 60.0 60.0 61.0 
87.0 60.0 83.0 80.0 
60.0 58.0 61.0 61.0 
61.0 58.0 60.0 61.0 
60.0 61.0 60.0 61.0 
72.0 59.0 82.0 77.0 
60.0 59.0 60.0 61.0 
62.0 59.0 61.0 62.0 
61.0 61.0 60.0 61.0 
73.0 60.0 83.0 78.0 
61.0 59.0 60.0 60.0 
61.0 59.0 60.0 61.0 
61.0 60.0 61.0 61.0 
73.0 60.0 82.0 77.0 
60.0 59.0 61.0 61.0 
61.0 59.0 60.0 61.0 
61.0 60.0 61.0 61.0 
72.0 59.0 83.0 76.0 
61.0 58.0 61.0 61.0 
62.0 61.0 61.0 63.0 
61.0 60.0 60.0 62.0 
72.0 59.0 82.0 77.0 
60.0 59.0 60.0 61.0 
61.0 58.0 60.0 61.0 
61.0 61.0 60.0 61.0 
73.0 60.0 82.0 76.0 
61.0 59.0 62.0 61.0 
61.0 59.0 61.0 63.0 
61.0 61.0 61.0 61.0 
74.0 59.0 83.0 76.0 
61.0 59.0 60.0 62.0 
61.0 59.0 60.0 62.0 
61.0 60.0 60.0 61.0 
72.0 60.0 82.0 77.0 
61.0 59.0 62.0 63.0 
60.0 59.0 60.0 62.0 
61.0 61.0 61.0 60.0 
73.0 60.0 82.0 76.0 
61.0 59.0 62.0 62.0 
61.0 59.0 61.0 62.0 
62.0 61.0 61.0 61.0 
73.0 61.0 82.0 77.0 
61.0 59.0 62.0 62.0 
61.0 60.0 61.0 62.0 
61.0 60.0 61.0 61.0 
72.0 60.0 83.0 77.0 
61.0 58.0 60.0 62.0 
61.0 59.0 61.0 62.0 
61.0 60.0 60.0 61.0 
71.0 58.0 83.0 77.0 
60.0 58.0 60.0 61.0 
62.0 59.0 61.0 62.0 
62.0 59.0 60.0 61.0 
70.0 59.0 83.0 77.0 
61.0 58.0 60.0 61.0 
61.0 58.0 59.0 62.0 
62.0 60.0 60.0 61.0 
71.0 60.0 83.0 77.0 
61.0 59.0 61.0 61.0 
61.0 60.0 60.0 61.0 
62.0 60.0 60.0 61.0 
71.0 60.0 83.0 77.0 
61.0 58.0 61.0 61.0 
61.0 59.0 61.0 61.0 
61.0 61.0 60.0 61.0 
69.0 60.0 83.0 78.0 
60.0 59.0 60.0 61.0 
61.0 59.0 61.0 62.0 
61.0 60.0 61.0 61.0 
71.0 60.0 83.0 77.0 
60.0 59.0 60.0 61.0 
61.0 59.0 61.0 62.0 
62.0 60.0 61.0 61.0 
73.0 60.0 83.0 78.0 
60.0 59.0 60.0 61.0 
62.0 59.0 60.0 62.0 
61.0 59.0 61.0 60.0 
76.0 60.0 82.0 77.0 
60.0 59.0 61.0 61.0 
61.0 59.0 60.0 62.0 
61.0 60.0 61.0 61.0 
76.0 60.0 82.0 77.0 
61.0 58.0 60.0 61.0 
61.0 59.0 62.0 62.0 
62.0 61.0 60.0 61.0 
73.0 60.0 82.0 78.0 
60.0 59.0 60.0 61.0 
61.0 59.0 61.0 62.0 
61.0 60.0 61.0 61.0 
72.0 60.0 79.0 77.0 
60.0 58.0 60.0 61.0 
61.0 59.0 60.0 61.0 
60.0 59.0 61.0 61.0 
77.0 60.0 83.0 77.0 
60.0 59.0 61.0 61.0 
61.0 59.0 62.0 61.0 
61.0 60.0 61.0 62.0 
77.0 59.0 82.0 77.0 
60.0 59.0 60.0 61.0 
61.0 59.0 61.0 62.0 
62.0 61.0 59.0 61.0 
74.0 59.0 82.0 76.0 
60.0 59.0 60.0 61.0 
61.0 58.0 60.0 61.0 
61.0 60.0 60.0 62.0 
72.0 60.0 82.0 76.0 
63.0 58.0 60.0 61.0 
61.0 61.0 59.0 61.0 
61.0 59.0 61.0 61.0 
77.0 59.0 82.0 77.0 
60.0 59.0 60.0 61.0 
61.0 59.0 61.0 62.0 
61.0 59.0 61.0 60.0 
72.0 60.0 81.0 76.0 
61.0 59.0 60.0 61.0 
61.0 58.0 60.0 62.0 
62.0 59.0 60.0 61.0 
72.0 59.0 82.0 77.0 
61.0 59.0 60.0 61.0 
61.0 60.0 60.0 61.0 
61.0 60.0 60.0 61.0 
72.0 59.0 82.0 77.0 
59.0 59.0 60.0 61.0 
61.0 58.0 59.0 62.0 
61.0 61.0 60.0 62.0 
72.0 59.0 82.0 76.0 
60.0 58.0 60.0 61.0 
60.0 59.0 61.0 61.0 
61.0 59.0 60.0 60.0 
72.0 58.0 82.0 77.0 
60.0 58.0 60.0 61.0 
60.0 59.0 60.0 62.0 
61.0 59.0 61.0 61.0 
71.0 60.0 81.0 78.0 
61.0 59.0 61.0 60.0 
60.0 59.0 61.0 62.0 
62.0 60.0 61.0 62.0 
73.0 60.0 82.0 77.0 
60.0 59.0 61.0 61.0 
58.0 60.0 60.0 62.0 
61.0 60.0 60.0 62.0 
72.0 60.0 81.0 77.0 
60.0 59.0 60.0 61.0 
61.0 59.0 61.0 61.0 
61.0 60.0 61.0 61.0 
72.0 60.0 82.0 77.0 
61.0 59.0 60.0 60.0 
60.0 59.0 60.0 61.0 
60.0 60.0 61.0 61.0 
75.0 59.0 82.0 77.0 
60.0 59.0 60.0 61.0 
61.0 59.0 59.0 62.0 
62.0 59.0 60.0 61.0 
74.0 59.0 81.0 77.0 
60.0 59.0 60.0 61.0 
61.0 59.0 60.0 61.0 
61.0 60.0 61.0 61.0 
79.0 59.0 82.0 77.0 
60.0 58.0 61.0 61.0 
61.0 59.0 61.0 61.0 
62.0 60.0 60.0 61.0 
75.0 60.0 81.0 77.0 
60.0 58.0 61.0 61.0 
60.0 59.0 60.0 62.0 
62.0 60.0 61.0 62.0 
71.0 60.0 81.0 76.0 
60.0 59.0 61.0 61.0 
61.0 59.0 60.0 61.0 
61.0 61.0 60.0 62.0 
76.0 58.0 82.0 78.0 
60.0 59.0 60.0 61.0 
61.0 59.0 61.0 62.0 
62.0 60.0 60.0 61.0 
71.0 60.0 82.0 77.0 
61.0 59.0 60.0 63.0 
60.0 59.0 61.0 61.0 
62.0 60.0 61.0 61.0 
71.0 60.0 82.0 78.0 
60.0 59.0 60.0 61.0 
61.0 59.0 61.0 61.0 
62.0 58.0 62.0 61.0 
79.0 60.0 82.0 77.0 
60.0 58.0 61.0 61.0 
60.0 59.0 61.0 61.0 
60.0 60.0 61.0 61.0 
82.0 59.0 82.0 78.0 
60.0 58.0 60.0 61.0 
60.0 60.0 60.0 61.0 
61.0 60.0 60.0 61.0 
80.0 59.0 82.0 77.0 
61.0 59.0 60.0 61.0 
61.0 60.0 60.0 62.0 
61.0 59.0 60.0 62.0 
81.0 59.0 82.0 77.0 
59.0 60.0 60.0 61.0 
60.0 59.0 60.0 62.0 
61.0 60.0 59.0 61.0 
80.0 58.0 83.0 77.0 
59.0 59.0 60.0 61.0 
61.0 59.0 61.0 62.0 
61.0 60.0 60.0 61.0 
82.0 60.0 82.0 78.0 
60.0 58.0 60.0 61.0 
59.0 60.0 60.0 60.0 
60.0 59.0 60.0 61.0 
82.0 60.0 82.0 79.0 
60.0 59.0 61.0 61.0 
61.0 59.0 60.0 61.0 
61.0 59.0 61.0 61.0 
80.0 59.0 83.0 78.0 
60.0 58.0 60.0 62.0 
60.0 59.0 61.0 62.0 
61.0 60.0 60.0 61.0 
83.0 60.0 82.0 79.0 
60.0 59.0 61.0 61.0 
60.0 59.0 60.0 62.0 
61.0 61.0 60.0 62.0 
79.0 60.0 82.0 78.0 
60.0 58.0 60.0 61.0 
61.0 60.0 62.0 61.0 
60.0 61.0 61.0 62.0 
83.0 60.0 82.0 78.0 
60.0 59.0 60.0 61.0 
60.0 59.0 60.0 62.0 
61.0 60.0 61.0 61.0 
80.0 59.0 83.0 78.0 
60.0 59.0 60.0 61.0 
60.0 59.0 60.0 61.0 
62.0 60.0 59.0 61.0 
83.0 59.0 83.0 79.0 
60.0 59.0 60.0 60.0 
60.0 58.0 59.0 62.0 
60.0 60.0 60.0 61.0 
86.0 59.0 83.0 78.0 
60.0 59.0 60.0 60.0 
61.0 60.0 61.0 62.0 
60.0 60.0 60.0 62.0 
85.0 60.0 81.0 79.0 
60.0 59.0 60.0 61.0 
59.0 59.0 61.0 62.0 
61.0 59.0 60.0 63.0 
85.0 60.0 82.0 79.0 
60.0 59.0 60.0 61.0 
60.0 59.0 62.0 62.0 
60.0 60.0 61.0 61.0 
86.0 59.0 83.0 79.0 
59.0 60.0 61.0 61.0 
60.0 59.0 61.0 62.0 
61.0 60.0 59.0 61.0 
86.0 60.0 83.0 79.0 
60.0 59.0 60.0 60.0 
60.0 58.0 61.0 61.0 
61.0 60.0 60.0 61.0 
86.0 60.0 84.0 78.0 
60.0 59.0 60.0 61.0 
60.0 59.0 62.0 62.0 
60.0 59.0 60.0 61.0 
86.0 59.0 83.0 79.0 
60.0 59.0 61.0 60.0 
61.0 59.0 61.0 62.0 
61.0 59.0 60.0 61.0 
87.0 60.0 82.0 80.0 
60.0 59.0 60.0 61.0 
60.0 59.0 61.0 62.0 
60.0 60.0 61.0 61.0 
85.0 59.0 83.0 79.0 
61.0 59.0 60.0 61.0 
59.0 60.0 61.0 61.0 
61.0 60.0 62.0 61.0 
85.0 59.0 84.0 80.0 
60.0 58.0 60.0 61.0 
60.0 59.0 60.0 62.0 
62.0 59.0 61.0 61.0 
84.0 60.0 83.0 79.0 
60.0 59.0 60.0 61.0 
59.0 58.0 61.0 62.0 
61.0 60.0 61.0 62.0 
82.0 59.0 83.0 79.0 
60.0 59.0 60.0 61.0 
60.0 59.0 60.0 62.0 
61.0 59.0 61.0 62.0 
84.0 60.0 82.0 79.0 
59.0 59.0 60.0 61.0 
60.0 59.0 60.0 61.0 
62.0 60.0 61.0 62.0 
82.0 60.0 83.0 79.0 
61.0 58.0 61.0 61.0 
61.0 59.0 60.0 62.0 
62.0 60.0 61.0 61.0 
83.0 60.0 84.0 79.0 
60.0 59.0 61.0 61.0 
60.0 58.0 60.0 61.0 
61.0 60.0 61.0 62.0 
82.0 59.0 83.0 78.0 
60.0 59.0 60.0 61.0 
61.0 59.0 60.0 61.0 
61.0 60.0 60.0 61.0 
80.0 60.0 83.0 79.0 
60.0 59.0 60.0 61.0 
60.0 61.0 59.0 60.0 
61.0 60.0 61.0 62.0 
82.0 60.0 84.0 78.0 
60.0 59.0 60.0 61.0 
60.0 59.0 60.0 61.0 
60.0 59.0 59.0 61.0 
75.0 59.0 84.0 77.0 
62.0 58.0 61.0 62.0 
60.0 60.0 58.0 61.0 
61.0 58.0 61.0 61.0 
76.0 60.0 82.0 76.0 
60.0 59.0 60.0 61.0 
61.0 59.0 60.0 61.0 
62.0 59.0 61.0 61.0 
69.0 59.0 81.0 74.0 
61.0 59.0 60.0 62.0 
60.0 59.0 61.0 61.0 
61.0 60.0 60.0 61.0 
69.0 60.0 81.0 75.0 
60.0 58.0 61.0 61.0 
61.0 59.0 60.0 61.0 
61.0 60.0 61.0 62.0 
68.0 60.0 83.0 75.0 
61.0 58.0 62.0 60.0 
60.0 60.0 60.0 61.0 
62.0 60.0 61.0 62.0 
68.0 59.0 82.0 75.0 
60.0 58.0 61.0 61.0 
61.0 60.0 60.0 61.0 
62.0 59.0 60.0 61.0 
76.0 60.0 81.0 76.0 
61.0 59.0 60.0 61.0 
61.0 59.0 60.0 62.0 
62.0 60.0 61.0 62.0 
71.0 59.0 81.0 75.0 
61.0 58.0 60.0 62.0 
60.0 59.0 60.0 61.0 
61.0 60.0 60.0 61.0 
77.0 59.0 82.0 76.0 
60.0 60.0 61.0 61.0 
61.0 59.0 61.0 60.0 
60.0 60.0 60.0 62.0 
75.0 60.0 82.0 76.0 
61.0 59.0 61.0 61.0 
60.0 59.0 59.0 60.0 
61.0 60.0 61.0 62.0 
78.0 59.0 82.0 76.0 
60.0 60.0 61.0 62.0 
60.0 59.0 60.0 60.0 
62.0 60.0 60.0 61.0 
69.0 60.0 81.0 75.0 
60.0 59.0 60.0 61.0 
61.0 59.0 59.0 60.0 
62.0 60.0 61.0 62.0 
68.0 60.0 81.0 75.0 
60.0 59.0 60.0 61.0 
59.0 59.0 61.0 61.0 
62.0 60.0 61.0 62.0 
69.0 60.0 81.0 75.0 
61.0 59.0 60.0 61.0 
60.0 59.0 61.0 60.0 
61.0 61.0 61.0 62.0 
67.0 60.0 81.0 74.0 
60.0 59.0 60.0 61.0 
60.0 61.0 59.0 61.0 
60.0 60.0 61.0 62.0 
74.0 59.0 81.0 75.0 
60.0 59.0 60.0 62.0 
61.0 59.0 60.0 61.0 
62.0 60.0 60.0 62.0 
72.0 59.0 81.0 76.0 
60.0 59.0 61.0 61.0 
60.0 59.0 60.0 61.0 
62.0 60.0 61.0 62.0 
75.0 59.0 81.0 76.0 
60.0 59.0 61.0 61.0 
61.0 59.0 59.0 61.0 
62.0 59.0 61.0 62.0 
68.0 60.0 81.0 75.0 
61.0 59.0 61.0 61.0 
60.0 59.0 60.0 60.0 
60.0 60.0 60.0 62.0 
68.0 60.0 80.0 74.0 
61.0 58.0 60.0 61.0 
60.0 59.0 60.0 61.0 
62.0 59.0 61.0 61.0 
70.0 60.0 81.0 74.0 
60.0 59.0 61.0 61.0 
60.0 59.0 60.0 61.0 
61.0 60.0 61.0 61.0 
67.0 61.0 80.0 74.0 
61.0 59.0 61.0 61.0 
60.0 59.0 60.0 61.0 
62.0 60.0 61.0 62.0 
70.0 60.0 80.0 74.0 
60.0 59.0 61.0 61.0 
60.0 59.0 61.0 61.0 
62.0 60.0 61.0 62.0 
71.0 59.0 81.0 74.0 
61.0 59.0 60.0 60.0 
60.0 59.0 60.0 60.0 
61.0 61.0 60.0 62.0 
69.0 60.0 80.0 74.0 
60.0 59.0 61.0 61.0 
61.0 58.0 60.0 61.0 
62.0 60.0 61.0 61.0 
68.0 60.0 81.0 75.0 
60.0 59.0 61.0 61.0 
60.0 60.0 59.0 61.0 
62.0 60.0 62.0 61.0 
69.0 61.0 80.0 75.0 
61.0 58.0 61.0 62.0 
60.0 59.0 60.0 61.0 
61.0 61.0 61.0 61.0 
69.0 60.0 80.0 75.0 
61.0 58.0 61.0 61.0 
59.0 61.0 61.0 61.0 
61.0 60.0 61.0 61.0 
66.0 59.0 80.0 74.0 
61.0 59.0 61.0 61.0 
60.0 59.0 59.0 61.0 
62.0 59.0 61.0 61.0 
69.0 59.0 80.0 74.0 
60.0 59.0 61.0 62.0 
61.0 59.0 60.0 61.0 
61.0 60.0 61.0 62.0 
67.0 59.0 80.0 75.0 
60.0 58.0 61.0 61.0 
60.0 61.0 60.0 61.0 
62.0 60.0 61.0 61.0 
67.0 60.0 80.0 74.0 
60.0 58.0 60.0 62.0 
61.0 59.0 59.0 61.0 
62.0 60.0 61.0 62.0 
67.0 60.0 81.0 74.0 
61.0 58.0 61.0 61.0 
60.0 58.0 59.0 61.0 
62.0 60.0 60.0 62.0 
67.0 60.0 81.0 75.0 
60.0 60.0 60.0 62.0 
61.0 59.0 60.0 61.0 
60.0 59.0 61.0 62.0 
67.0 59.0 82.0 76.0 
61.0 58.0 61.0 61.0 
60.0 59.0 60.0 61.0 
61.0 60.0 61.0 61.0 
67.0 60.0 82.0 75.0 
61.0 58.0 61.0 61.0 
61.0 59.0 60.0 61.0 
61.0 61.0 61.0 62.0 
67.0 60.0 82.0 75.0 
61.0 59.0 60.0 61.0 
61.0 59.0 59.0 62.0 
62.0 59.0 61.0 61.0 
68.0 60.0 83.0 76.0 
61.0 59.0 61.0 61.0 
60.0 59.0 60.0 61.0 
61.0 60.0 61.0 62.0 
69.0 60.0 83.0 76.0 
60.0 59.0 60.0 60.0 
60.0 60.0 59.0 61.0 
61.0 59.0 61.0 62.0 
68.0 60.0 83.0 76.0 
61.0 58.0 60.0 61.0 
60.0 59.0 61.0 60.0 
62.0 60.0 60.0 62.0 
69.0 59.0 83.0 75.0 
61.0 59.0 60.0 61.0 
60.0 60.0 60.0 61.0 
61.0 59.0 61.0 61.0 
69.0 60.0 83.0 75.0 
61.0 58.0 61.0 61.0 
60.0 59.0 61.0 61.0 
61.0 60.0 60.0 61.0 
68.0 60.0 84.0 75.0 
60.0 59.0 59.0 62.0 
62.0 59.0 60.0 60.0 
61.0 60.0 60.0 62.0 
68.0 60.0 82.0 74.0 
60.0 59.0 60.0 60.0 
60.0 59.0 60.0 61.0 
61.0 60.0 61.0 62.0 
72.0 59.0 81.0 75.0 
60.0 58.0 61.0 61.0 
60.0 59.0 59.0 61.0 
61.0 61.0 60.0 62.0 
69.0 60.0 81.0 75.0 
60.0 59.0 61.0 61.0 
61.0 60.0 61.0 61.0 
61.0 61.0 61.0 62.0 
67.0 60.0 82.0 74.0 
60.0 58.0 61.0 61.0 
59.0 60.0 59.0 61.0 
62.0 60.0 61.0 62.0 
67.0 61.0 81.0 75.0 
61.0 59.0 61.0 60.0 
60.0 60.0 60.0 61.0 
61.0 61.0 61.0 62.0 
67.0 59.0 81.0 75.0 
60.0 59.0 60.0 61.0 
60.0 59.0 60.0 61.0 
62.0 61.0 60.0 61.0 
67.0 59.0 81.0 74.0 
60.0 59.0 61.0 61.0 
60.0 60.0 59.0 61.0 
62.0 59.0 60.0 62.0 
72.0 60.0 81.0 74.0 
60.0 59.0 60.0 62.0 
61.0 60.0 60.0 61.0 
62.0 59.0 62.0 61.0 
75.0 59.0 82.0 76.0 
60.0 58.0 61.0 61.0 
60.0 59.0 59.0 61.0 
62.0 59.0 61.0 62.0 
76.0 59.0 83.0 76.0 
60.0 59.0 61.0 61.0 
61.0 60.0 60.0 61.0 
61.0 60.0 61.0 62.0 
76.0 60.0 82.0 77.0 
61.0 58.0 60.0 61.0 
60.0 59.0 61.0 61.0 
60.0 60.0 60.0 62.0 
71.0 60.0 82.0 76.0 
61.0 59.0 61.0 61.0 
60.0 61.0 60.0 61.0 
62.0 60.0 61.0 61.0 
70.0 60.0 82.0 77.0 
60.0 59.0 61.0 61.0 
60.0 59.0 60.0 60.0 
61.0 59.0 60.0 61.0 
72.0 59.0 82.0 77.0 
61.0 59.0 62.0 62.0 
60.0 59.0 60.0 61.0 
61.0 60.0 60.0 62.0 
69.0 59.0 83.0 77.0 
60.0 58.0 61.0 61.0 
60.0 58.0 60.0 62.0 
62.0 60.0 60.0 61.0 
67.0 59.0 83.0 77.0 
61.0 58.0 60.0 61.0 
61.0 59.0 59.0 62.0 
62.0 59.0 60.0 61.0 
67.0 59.0 83.0 77.0 
60.0 59.0 61.0 60.0 
60.0 60.0 60.0 62.0 
61.0 60.0 61.0 62.0 
67.0 60.0 82.0 77.0 
60.0 60.0 60.0 61.0 
61.0 59.0 59.0 61.0 
62.0 59.0 61.0 61.0 
68.0 59.0 81.0 76.0 
60.0 60.0 60.0 61.0 
60.0 59.0 60.0 60.0 
62.0 60.0 61.0 62.0 
68.0 60.0 83.0 77.0 
60.0 59.0 61.0 61.0 
59.0 60.0 61.0 61.0 
62.0 60.0 60.0 63.0 
69.0 59.0 83.0 75.0 
61.0 59.0 60.0 62.0 
61.0 59.0 61.0 61.0 
62.0 60.0 60.0 62.0 
68.0 60.0 83.0 76.0 
60.0 59.0 62.0 61.0 
60.0 59.0 60.0 61.0 
61.0 61.0 61.0 62.0 
68.0 60.0 83.0 77.0 
61.0 60.0 60.0 61.0 
61.0 60.0 60.0 61.0 
62.0 60.0 61.0 61.0 
74.0 59.0 83.0 77.0 
60.0 59.0 60.0 61.0 
61.0 59.0 60.0 61.0 
62.0 60.0 61.0 60.0 
69.0 61.0 83.0 77.0 
60.0 59.0 61.0 60.0 
60.0 59.0 60.0 61.0 
61.0 60.0 61.0 61.0 
69.0 60.0 83.0 77.0 
60.0 59.0 61.0 60.0 
60.0 59.0 60.0 61.0 
60.0 60.0 60.0 61.0 
67.0 61.0 82.0 77.0 
61.0 58.0 61.0 61.0 
60.0 60.0 59.0 60.0 
61.0 60.0 60.0 62.0 
74.0 60.0 83.0 78.0 
60.0 59.0 61.0 61.0 
62.0 58.0 60.0 61.0 
61.0 60.0 60.0 62.0 
70.0 62.0 83.0 77.0 
61.0 59.0 61.0 62.0 
60.0 61.0 60.0 61.0 
62.0 61.0 61.0 61.0 
75.0 60.0 84.0 77.0 
60.0 59.0 61.0 61.0 
60.0 59.0 60.0 61.0 
62.0 60.0 61.0 61.0 
67.0 60.0 83.0 77.0 
60.0 59.0 60.0 60.0 
60.0 59.0 61.0 61.0 
62.0 59.0 62.0 60.0 
68.0 59.0 84.0 77.0 
61.0 59.0 60.0 61.0 
61.0 58.0 60.0 59.0 
61.0 60.0 60.0 62.0 
67.0 58.0 84.0 77.0 
61.0 59.0 60.0 61.0 
60.0 59.0 60.0 60.0 
61.0 60.0 60.0 61.0 
67.0 60.0 83.0 76.0 
61.0 57.0 61.0 61.0 
60.0 59.0 59.0 60.0 
62.0 60.0 61.0 61.0 
66.0 60.0 83.0 77.0 
61.0 59.0 61.0 60.0 
59.0 59.0 59.0 61.0 
61.0 60.0 61.0 62.0 
67.0 60.0 83.0 77.0 
61.0 59.0 61.0 61.0 
60.0 59.0 59.0 61.0 
61.0 60.0 60.0 61.0 
69.0 60.0 83.0 77.0 
61.0 57.0 60.0 60.0 
60.0 59.0 61.0 60.0 
63.0 60.0 60.0 61.0 
68.0 59.0 83.0 77.0 
61.0 60.0 61.0 61.0 
60.0 59.0 60.0 60.0 
60.0 60.0 60.0 61.0 
67.0 59.0 83.0 77.0 
60.0 59.0 60.0 61.0 
59.0 60.0 59.0 61.0 
61.0 60.0 60.0 60.0 
67.0 59.0 83.0 77.0 
60.0 59.0 60.0 61.0 
61.0 59.0 60.0 61.0 
61.0 61.0 60.0 62.0 
68.0 59.0 84.0 77.0 
60.0 58.0 61.0 61.0 
60.0 58.0 60.0 61.0 
61.0 60.0 60.0 61.0 
68.0 60.0 83.0 77.0 
61.0 58.0 61.0 61.0 
60.0 57.0 60.0 61.0 
62.0 61.0 61.0 61.0 
68.0 60.0 82.0 77.0 
60.0 59.0 61.0 61.0 
60.0 59.0 60.0 60.0 
61.0 60.0 60.0 61.0 
68.0 59.0 83.0 77.0 
60.0 60.0 60.0 61.0 
61.0 60.0 59.0 60.0 
62.0 60.0 60.0 61.0 
67.0 59.0 84.0 76.0 
61.0 59.0 60.0 60.0 
60.0 59.0 60.0 60.0 
60.0 60.0 60.0 61.0 
68.0 60.0 82.0 77.0 
60.0 59.0 60.0 61.0 
60.0 58.0 59.0 60.0 
61.0 60.0 61.0 61.0 
68.0 60.0 83.0 79.0 
60.0 60.0 61.0 61.0 
61.0 59.0 60.0 61.0 
61.0 60.0 61.0 61.0 
67.0 60.0 84.0 76.0 
61.0 59.0 61.0 61.0 
61.0 58.0 59.0 61.0 
61.0 60.0 61.0 62.0 
67.0 59.0 84.0 77.0 
60.0 60.0 60.0 61.0 
61.0 59.0 60.0 61.0 
61.0 59.0 61.0 61.0 
67.0 58.0 84.0 76.0 
61.0 60.0 60.0 61.0 
60.0 59.0 60.0 62.0 
63.0 60.0 60.0 61.0 
67.0 59.0 83.0 76.0 
60.0 59.0 60.0 61.0 
60.0 59.0 60.0 61.0 
61.0 60.0 60.0 62.0 
67.0 60.0 84.0 76.0 
60.0 59.0 61.0 61.0 
60.0 59.0 60.0 61.0 
61.0 61.0 61.0 61.0 
67.0 60.0 83.0 76.0 
61.0 59.0 61.0 61.0 
60.0 59.0 60.0 60.0 
62.0 60.0 62.0 62.0 
67.0 59.0 83.0 76.0 
60.0 59.0 60.0 61.0 
59.0 59.0 59.0 61.0 
61.0 61.0 60.0 62.0 
68.0 59.0 84.0 77.0 
60.0 59.0 61.0 61.0 
59.0 60.0 59.0 61.0 
61.0 60.0 61.0 61.0 
68.0 59.0 84.0 76.0 
61.0 59.0 60.0 62.0 
60.0 59.0 60.0 60.0 
62.0 59.0 61.0 61.0 
67.0 60.0 84.0 77.0 
60.0 59.0 61.0 61.0 
61.0 59.0 59.0 61.0 
62.0 60.0 62.0 61.0 
67.0 60.0 84.0 76.0 
61.0 59.0 61.0 61.0 
61.0 59.0 60.0 60.0 
61.0 61.0 61.0 62.0 
67.0 60.0 84.0 77.0 
60.0 59.0 61.0 62.0 
60.0 59.0 60.0 61.0 
61.0 60.0 61.0 62.0 
67.0 60.0 83.0 76.0 
61.0 58.0 61.0 61.0 
59.0 60.0 60.0 61.0 
61.0 59.0 61.0 62.0 
68.0 59.0 83.0 76.0 
60.0 59.0 60.0 61.0 
59.0 59.0 60.0 60.0 
61.0 60.0 60.0 61.0 
67.0 59.0 84.0 76.0 
60.0 59.0 61.0 61.0 
60.0 59.0 59.0 61.0 
62.0 60.0 61.0 61.0 
68.0 60.0 84.0 77.0 
60.0 59.0 61.0 61.0 
60.0 58.0 60.0 60.0 
62.0 60.0 60.0 63.0 
67.0 59.0 83.0 77.0 
61.0 59.0 61.0 61.0 
60.0 59.0 59.0 61.0 
61.0 60.0 60.0 63.0 
67.0 60.0 84.0 78.0 
61.0 58.0 60.0 61.0 
58.0 60.0 60.0 60.0 
61.0 61.0 61.0 62.0 
67.0 59.0 84.0 76.0 
61.0 59.0 60.0 61.0 
60.0 59.0 59.0 61.0 
61.0 60.0 60.0 62.0 
66.0 60.0 83.0 76.0 
61.0 59.0 61.0 61.0 
60.0 59.0 59.0 61.0 
62.0 61.0 61.0 62.0 
67.0 60.0 84.0 76.0 
60.0 58.0 60.0 61.0 
60.0 60.0 60.0 60.0 
61.0 60.0 61.0 62.0 
67.0 59.0 84.0 76.0 
60.0 59.0 61.0 61.0 
59.0 59.0 60.0 60.0 
61.0 60.0 60.0 62.0 
67.0 60.0 83.0 76.0 
61.0 59.0 60.0 61.0 
60.0 60.0 60.0 59.0 
61.0 60.0 61.0 61.0 
68.0 60.0 84.0 77.0 
61.0 59.0 61.0 61.0 
60.0 60.0 60.0 61.0 
62.0 60.0 61.0 61.0 
66.0 60.0 84.0 77.0 
60.0 58.0 60.0 61.0 
60.0 59.0 59.0 60.0 
61.0 60.0 60.0 62.0 
68.0 59.0 84.0 77.0 
60.0 58.0 61.0 61.0 
60.0 59.0 59.0 61.0 
61.0 59.0 61.0 62.0 
68.0 59.0 84.0 77.0 
60.0 60.0 60.0 61.0 
59.0 60.0 60.0 60.0 
61.0 59.0 61.0 61.0 
68.0 59.0 84.0 77.0 
60.0 59.0 60.0 60.0 
59.0 59.0 60.0 61.0 
63.0 60.0 60.0 62.0 
68.0 59.0 84.0 78.0 
61.0 59.0 62.0 61.0 
60.0 60.0 60.0 60.0 
61.0 60.0 60.0 61.0 
67.0 59.0 83.0 77.0 
60.0 59.0 60.0 61.0 
60.0 59.0 60.0 60.0 
62.0 59.0 61.0 61.0 
67.0 59.0 84.0 77.0 
60.0 59.0 60.0 60.0 
60.0 59.0 59.0 61.0 
62.0 59.0 60.0 61.0 
67.0 60.0 84.0 78.0 
61.0 58.0 61.0 61.0 
61.0 59.0 60.0 61.0 
62.0 60.0 61.0 61.0 
67.0 60.0 84.0 77.0 
60.0 60.0 60.0 61.0 
60.0 59.0 60.0 60.0 
60.0 61.0 61.0 62.0 
68.0 59.0 83.0 77.0 
59.0 58.0 61.0 61.0 
60.0 59.0 61.0 60.0 
61.0 60.0 60.0 61.0 
67.0 60.0 84.0 79.0 
60.0 59.0 60.0 61.0 
61.0 59.0 61.0 60.0 
60.0 60.0 61.0 62.0 
68.0 59.0 85.0 77.0 
61.0 59.0 61.0 61.0 
60.0 59.0 61.0 60.0 
61.0 60.0 60.0 61.0 
68.0 59.0 85.0 78.0 
60.0 58.0 61.0 61.0 
60.0 61.0 60.0 60.0 
61.0 60.0 60.0 61.0 
68.0 60.0 84.0 76.0 
61.0 58.0 61.0 62.0 
60.0 59.0 60.0 60.0 
61.0 59.0 61.0 62.0 
67.0 60.0 84.0 77.0 
60.0 59.0 61.0 61.0 
61.0 59.0 60.0 60.0 
61.0 61.0 61.0 62.0 
68.0 59.0 85.0 77.0 
60.0 59.0 61.0 61.0 
61.0 60.0 60.0 61.0 
62.0 61.0 61.0 61.0 
68.0 59.0 84.0 77.0 
61.0 59.0 60.0 63.0 
60.0 59.0 60.0 60.0 
61.0 60.0 60.0 61.0 
68.0 60.0 84.0 77.0 
60.0 59.0 61.0 61.0 
60.0 60.0 60.0 60.0 
60.0 60.0 61.0 61.0 
69.0 59.0 84.0 77.0 
60.0 59.0 60.0 62.0 
60.0 59.0 60.0 60.0 
62.0 60.0 60.0 61.0 
68.0 60.0 84.0 77.0 
60.0 58.0 61.0 61.0 
60.0 59.0 60.0 60.0 
61.0 60.0 61.0 61.0 
67.0 59.0 84.0 76.0 
60.0 59.0 61.0 62.0 
59.0 61.0 59.0 61.0 
61.0 61.0 60.0 61.0 
67.0 59.0 84.0 77.0 
60.0 59.0 61.0 61.0 
60.0 59.0 60.0 61.0 
63.0 58.0 61.0 61.0 
68.0 58.0 84.0 77.0 
60.0 59.0 61.0 62.0 
60.0 59.0 61.0 61.0 
63.0 60.0 60.0 62.0 
67.0 59.0 84.0 77.0 
59.0 59.0 60.0 61.0 
60.0 59.0 59.0 60.0 
61.0 61.0 60.0 61.0 
67.0 59.0 84.0 77.0 
61.0 60.0 59.0 61.0 
60.0 58.0 60.0 60.0 
62.0 60.0 61.0 61.0 
67.0 60.0 83.0 77.0 
60.0 59.0 60.0 61.0 
62.0 59.0 60.0 62.0 
62.0 60.0 61.0 62.0 
67.0 60.0 84.0 76.0 
60.0 59.0 61.0 60.0 
60.0 60.0 59.0 61.0 
61.0 59.0 61.0 61.0 
67.0 59.0 84.0 76.0 
60.0 59.0 60.0 61.0 
61.0 59.0 60.0 61.0 
62.0 59.0 61.0 61.0 
67.0 61.0 84.0 78.0 
60.0 59.0 60.0 60.0 
60.0 59.0 60.0 61.0 
62.0 59.0 61.0 61.0 
68.0 60.0 84.0 78.0 
61.0 58.0 62.0 61.0 
60.0 59.0 59.0 60.0 
62.0 60.0 61.0 62.0 
67.0 59.0 84.0 77.0 
60.0 59.0 61.0 62.0 
60.0 59.0 59.0 60.0 
61.0 60.0 60.0 62.0 
67.0 60.0 84.0 77.0 
61.0 59.0 61.0 61.0 
60.0 59.0 60.0 60.0 
61.0 60.0 61.0 61.0 
68.0 60.0 84.0 77.0 
60.0 59.0 61.0 61.0 
60.0 59.0 60.0 61.0 
62.0 60.0 60.0 61.0 
67.0 60.0 84.0 77.0 
60.0 59.0 61.0 61.0 
61.0 59.0 59.0 61.0 
61.0 60.0 61.0 61.0 
68.0 59.0 83.0 78.0 
60.0 60.0 60.0 61.0 
60.0 60.0 60.0 61.0 
62.0 62.0 60.0 61.0 
67.0 60.0 84.0 77.0 
60.0 59.0 61.0 61.0 
61.0 59.0 60.0 61.0 
61.0 60.0 60.0 61.0 
67.0 60.0 84.0 78.0 
61.0 59.0 60.0 61.0 
60.0 60.0 59.0 61.0 
61.0 60.0 61.0 61.0 
67.0 60.0 83.0 76.0 
59.0 59.0 61.0 60.0 
60.0 59.0 60.0 60.0 
62.0 60.0 60.0 61.0 
69.0 61.0 84.0 77.0 
61.0 58.0 61.0 61.0 
60.0 59.0 60.0 60.0 
61.0 60.0 61.0 61.0 
68.0 59.0 85.0 78.0 
60.0 59.0 60.0 61.0 
60.0 59.0 60.0 61.0 
61.0 60.0 60.0 62.0 
67.0 59.0 83.0 77.0 
60.0 59.0 60.0 59.0 
59.0 60.0 59.0 61.0 
61.0 60.0 61.0 61.0 
67.0 60.0 84.0 77.0 
61.0 58.0 60.0 61.0 
59.0 61.0 59.0 61.0 
62.0 60.0 61.0 61.0 
67.0 59.0 83.0 77.0 
60.0 60.0 60.0 61.0 
61.0 59.0 60.0 60.0 
61.0 60.0 60.0 62.0 
67.0 58.0 83.0 77.0 
61.0 58.0 60.0 61.0 
59.0 58.0 59.0 62.0 
61.0 61.0 60.0 62.0 
67.0 59.0 83.0 77.0 
60.0 59.0 60.0 60.0 
60.0 60.0 60.0 61.0 
61.0 60.0 61.0 60.0 
68.0 61.0 83.0 78.0 
60.0 59.0 60.0 61.0 
61.0 60.0 60.0 61.0 
62.0 60.0 61.0 62.0 
69.0 60.0 84.0 77.0 
60.0 59.0 61.0 62.0 
61.0 59.0 61.0 60.0 
62.0 61.0 60.0 61.0 
67.0 60.0 84.0 77.0 
59.0 60.0 61.0 61.0 
60.0 60.0 60.0 61.0 
61.0 60.0 59.0 61.0 
68.0 59.0 84.0 76.0 
61.0 59.0 60.0 61.0 
60.0 59.0 61.0 61.0 
61.0 60.0 60.0 61.0 
67.0 59.0 83.0 77.0 
60.0 58.0 61.0 61.0 
60.0 59.0 60.0 60.0 
62.0 59.0 60.0 62.0 
67.0 59.0 84.0 78.0 
61.0 59.0 60.0 60.0 
60.0 58.0 60.0 60.0 
60.0 60.0 60.0 62.0 
68.0 60.0 83.0 78.0 
61.0 59.0 60.0 60.0 
59.0 59.0 61.0 62.0 
62.0 60.0 61.0 62.0 
67.0 60.0 85.0 77.0 
60.0 59.0 61.0 60.0 
61.0 60.0 60.0 60.0 
61.0 60.0 60.0 61.0 
67.0 60.0 84.0 77.0 
60.0 58.0 59.0 61.0 
60.0 59.0 59.0 61.0 
61.0 60.0 61.0 61.0 
68.0 60.0 83.0 78.0 
60.0 59.0 61.0 60.0 
60.0 60.0 60.0 61.0 
60.0 59.0 61.0 61.0 
67.0 59.0 84.0 77.0 
61.0 58.0 60.0 61.0 
60.0 58.0 60.0 60.0 
61.0 60.0 60.0 61.0 
67.0 60.0 82.0 77.0 
61.0 59.0 60.0 60.0 
60.0 59.0 60.0 61.0 
61.0 60.0 61.0 61.0 
67.0 61.0 83.0 78.0 
60.0 58.0 61.0 61.0 
60.0 59.0 60.0 59.0 
61.0 60.0 61.0 61.0 
68.0 59.0 84.0 77.0 
60.0 59.0 60.0 61.0 
60.0 59.0 61.0 61.0 
61.0 60.0 60.0 62.0 
68.0 59.0 84.0 77.0 
61.0 59.0 61.0 61.0 
60.0 59.0 60.0 60.0 
62.0 59.0 60.0 60.0 
68.0 59.0 83.0 77.0 
60.0 59.0 60.0 61.0 
60.0 59.0 60.0 60.0 
61.0 60.0 60.0 61.0 
68.0 59.0 84.0 77.0 
60.0 58.0 60.0 60.0 
59.0 59.0 60.0 60.0 
61.0 60.0 61.0 60.0 
68.0 59.0 84.0 77.0 
60.0 59.0 61.0 61.0 
60.0 58.0 61.0 61.0 
61.0 59.0 60.0 61.0 
68.0 59.0 84.0 77.0 
61.0 59.0 60.0 61.0 
60.0 59.0 61.0 60.0 
61.0 61.0 60.0 62.0 
67.0 60.0 83.0 77.0 
60.0 59.0 60.0 61.0 
60.0 59.0 59.0 61.0 
61.0 60.0 61.0 62.0 
71.0 59.0 83.0 77.0 
60.0 58.0 60.0 61.0 
60.0 60.0 60.0 61.0 
61.0 61.0 59.0 61.0 
74.0 60.0 84.0 78.0 
60.0 59.0 60.0 62.0 
60.0 58.0 59.0 60.0 
62.0 61.0 61.0 61.0 
72.0 60.0 83.0 77.0 
60.0 59.0 60.0 61.0 
60.0 59.0 60.0 60.0 
61.0 60.0 61.0 62.0 
74.0 60.0 84.0 77.0 
60.0 59.0 61.0 61.0 
60.0 60.0 59.0 61.0 
62.0 59.0 61.0 60.0 
74.0 60.0 82.0 77.0 
60.0 59.0 60.0 61.0 
60.0 59.0 60.0 61.0 
61.0 59.0 61.0 62.0 
75.0 60.0 83.0 77.0 
60.0 59.0 60.0 60.0 
61.0 59.0 60.0 61.0 
62.0 59.0 61.0 62.0 
74.0 59.0 84.0 77.0 
60.0 59.0 61.0 61.0 
60.0 59.0 60.0 61.0 
61.0 60.0 61.0 61.0 
74.0 59.0 83.0 78.0 
60.0 58.0 60.0 60.0 
60.0 59.0 60.0 61.0 
62.0 60.0 60.0 61.0 
74.0 59.0 84.0 77.0 
60.0 59.0 60.0 61.0 
60.0 59.0 59.0 60.0 
62.0 60.0 60.0 62.0 
75.0 59.0 84.0 77.0 
60.0 60.0 60.0 61.0 
62.0 61.0 60.0 61.0 
61.0 59.0 59.0 61.0 
74.0 60.0 82.0 77.0 
60.0 59.0 61.0 61.0 
60.0 58.0 60.0 61.0 
61.0 61.0 61.0 61.0 
75.0 59.0 84.0 76.0 
60.0 59.0 61.0 60.0 
59.0 60.0 60.0 61.0 
62.0 60.0 61.0 62.0 
73.0 60.0 83.0 77.0 
60.0 58.0 60.0 60.0 
61.0 59.0 59.0 60.0 
61.0 60.0 60.0 61.0 
74.0 59.0 83.0 78.0 
61.0 59.0 61.0 61.0 
60.0 60.0 60.0 60.0 
61.0 60.0 60.0 61.0 
74.0 59.0 83.0 78.0 
59.0 61.0 60.0 61.0 
61.0 58.0 60.0 60.0 
61.0 60.0 60.0 59.0 
74.0 59.0 83.0 77.0 
60.0 59.0 61.0 61.0 
60.0 60.0 59.0 61.0 
61.0 60.0 60.0 61.0 
74.0 59.0 83.0 77.0 
60.0 59.0 60.0 61.0 
60.0 60.0 59.0 61.0 
61.0 61.0 60.0 62.0 
74.0 59.0 83.0 77.0 
60.0 59.0 60.0 60.0 
60.0 59.0 60.0 60.0 
61.0 60.0 60.0 61.0 
74.0 59.0 83.0 77.0 
61.0 59.0 60.0 61.0 
60.0 59.0 60.0 61.0 
60.0 60.0 60.0 61.0 
71.0 60.0 83.0 78.0 
60.0 59.0 60.0 61.0 
59.0 60.0 58.0 61.0 
62.0 60.0 61.0 61.0 
67.0 60.0 83.0 77.0 
60.0 59.0 60.0 61.0 
60.0 59.0 59.0 61.0 
61.0 59.0 62.0 61.0 
69.0 59.0 83.0 77.0 
60.0 59.0 60.0 62.0 
60.0 60.0 60.0 61.0 
62.0 60.0 60.0 61.0 
67.0 60.0 83.0 76.0 
60.0 59.0 60.0 61.0 
60.0 58.0 59.0 61.0 
62.0 60.0 60.0 61.0 
69.0 61.0 82.0 77.0 
59.0 58.0 60.0 61.0 
60.0 60.0 60.0 61.0 
62.0 60.0 61.0 61.0 
72.0 60.0 84.0 77.0 
61.0 59.0 60.0 61.0 
61.0 59.0 59.0 60.0 
61.0 60.0 61.0 61.0 
72.0 59.0 83.0 77.0 
60.0 59.0 60.0 60.0 
60.0 59.0 58.0 61.0 
61.0 60.0 60.0 61.0 
72.0 59.0 84.0 77.0 
60.0 60.0 60.0 61.0 
59.0 59.0 60.0 61.0 
61.0 59.0 59.0 61.0 
71.0 60.0 83.0 78.0 
61.0 58.0 60.0 61.0 
60.0 60.0 60.0 60.0 
62.0 60.0 61.0 61.0 
72.0 60.0 84.0 78.0 
61.0 60.0 60.0 61.0 
60.0 59.0 59.0 60.0 
61.0 59.0 60.0 62.0 
73.0 60.0 83.0 78.0 
61.0 59.0 62.0 60.0 
61.0 59.0 59.0 61.0 
61.0 60.0 60.0 62.0 
74.0 60.0 82.0 78.0 
60.0 58.0 61.0 61.0 
59.0 59.0 60.0 61.0 
61.0 60.0 61.0 62.0 
73.0 60.0 83.0 78.0 
60.0 59.0 60.0 61.0 
61.0 59.0 60.0 61.0 
62.0 60.0 61.0 60.0 
74.0 60.0 83.0 78.0 
60.0 59.0 60.0 61.0 
60.0 58.0 61.0 61.0 
61.0 60.0 61.0 62.0 
74.0 60.0 82.0 78.0 
60.0 58.0 61.0 61.0 
60.0 60.0 59.0 61.0 
62.0 60.0 60.0 62.0 
74.0 59.0 83.0 78.0 
60.0 59.0 60.0 60.0 
60.0 59.0 60.0 61.0 
62.0 60.0 60.0 61.0 
74.0 59.0 82.0 77.0 
60.0 58.0 61.0 61.0 
60.0 60.0 59.0 60.0 
61.0 60.0 61.0 61.0 
74.0 59.0 82.0 78.0 
60.0 58.0 60.0 61.0 
60.0 59.0 59.0 61.0 
61.0 60.0 60.0 61.0 
75.0 60.0 83.0 78.0 
60.0 58.0 61.0 61.0 
60.0 59.0 59.0 61.0 
61.0 61.0 61.0 61.0 
74.0 59.0 81.0 77.0 
60.0 58.0 60.0 61.0 
60.0 59.0 59.0 61.0 
61.0 59.0 61.0 62.0 
74.0 58.0 83.0 78.0 
60.0 58.0 60.0 61.0 
61.0 59.0 60.0 61.0 
61.0 60.0 60.0 61.0 
74.0 60.0 82.0 77.0 
60.0 59.0 60.0 61.0 
60.0 59.0 59.0 61.0 
62.0 60.0 61.0 61.0 
73.0 59.0 83.0 78.0 
60.0 58.0 60.0 61.0 
60.0 59.0 60.0 60.0 
62.0 60.0 60.0 62.0 
67.0 60.0 82.0 76.0 
61.0 59.0 60.0 61.0 
61.0 59.0 59.0 61.0 
61.0 60.0 60.0 62.0 
67.0 60.0 82.0 77.0 
59.0 59.0 60.0 61.0 
60.0 59.0 59.0 61.0 
62.0 61.0 61.0 61.0 
66.0 60.0 82.0 77.0 
61.0 59.0 60.0 61.0 
61.0 60.0 60.0 61.0 
61.0 60.0 60.0 62.0 
66.0 60.0 82.0 76.0 
60.0 59.0 60.0 61.0 
60.0 58.0 60.0 60.0 
61.0 60.0 60.0 62.0 
67.0 59.0 82.0 77.0 
60.0 58.0 60.0 61.0 
60.0 58.0 59.0 61.0 
62.0 60.0 61.0 61.0 
68.0 59.0 83.0 76.0 
60.0 59.0 60.0 61.0 
61.0 59.0 59.0 61.0 
62.0 60.0 64.0 61.0 
67.0 59.0 82.0 77.0 
61.0 58.0 61.0 60.0 
61.0 59.0 60.0 61.0 
62.0 61.0 59.0 62.0 
68.0 59.0 81.0 76.0 
60.0 59.0 60.0 62.0 
61.0 59.0 60.0 60.0 
61.0 60.0 60.0 62.0 
68.0 59.0 82.0 76.0 
60.0 59.0 60.0 61.0 
61.0 58.0 60.0 61.0 
61.0 60.0 60.0 62.0 
67.0 60.0 83.0 76.0 
61.0 59.0 60.0 62.0 
60.0 59.0 59.0 61.0 
63.0 61.0 61.0 62.0 
67.0 60.0 82.0 76.0 
60.0 58.0 61.0 60.0 
60.0 57.0 60.0 60.0 
62.0 60.0 61.0 61.0 
68.0 58.0 82.0 77.0 
60.0 58.0 60.0 61.0 
61.0 59.0 59.0 61.0 
62.0 59.0 61.0 61.0 
67.0 59.0 83.0 75.0 
60.0 58.0 60.0 60.0 
60.0 60.0 60.0 60.0 
61.0 60.0 61.0 62.0 
67.0 59.0 81.0 76.0 
60.0 58.0 61.0 61.0 
60.0 58.0 60.0 60.0 
61.0 61.0 60.0 61.0 
67.0 60.0 82.0 77.0 
60.0 59.0 60.0 60.0 
60.0 59.0 60.0 61.0 
62.0 60.0 61.0 62.0 
66.0 60.0 82.0 76.0 
60.0 57.0 60.0 61.0 
60.0 59.0 59.0 61.0 
61.0 60.0 61.0 61.0 
68.0 60.0 83.0 76.0 
60.0 58.0 60.0 61.0 
60.0 59.0 60.0 61.0 
62.0 60.0 61.0 61.0 
67.0 60.0 82.0 77.0 
60.0 58.0 60.0 62.0 
60.0 60.0 60.0 60.0 
61.0 61.0 61.0 62.0 
68.0 60.0 82.0 77.0 
61.0 58.0 61.0 61.0 
60.0 59.0 60.0 60.0 
62.0 60.0 61.0 61.0 
67.0 60.0 82.0 77.0 
61.0 59.0 61.0 61.0 
61.0 59.0 60.0 61.0 
62.0 59.0 61.0 61.0 
67.0 60.0 81.0 77.0 
60.0 59.0 60.0 60.0 
60.0 59.0 59.0 60.0 
61.0 60.0 61.0 61.0 
67.0 60.0 81.0 77.0 
60.0 59.0 61.0 60.0 
59.0 59.0 59.0 61.0 
62.0 60.0 61.0 61.0 
67.0 59.0 80.0 76.0 
60.0 59.0 60.0 61.0 
60.0 60.0 59.0 61.0 
61.0 60.0 60.0 61.0 
67.0 59.0 81.0 76.0 
60.0 57.0 60.0 61.0 
61.0 59.0 59.0 62.0 
61.0 60.0 60.0 61.0 
65.0 59.0 82.0 76.0 
59.0 57.0 60.0 61.0 
61.0 59.0 59.0 61.0 
62.0 59.0 61.0 61.0 
67.0 60.0 81.0 76.0 
60.0 59.0 60.0 61.0 
60.0 60.0 60.0 60.0 
61.0 60.0 61.0 61.0 
68.0 60.0 82.0 76.0 
60.0 58.0 60.0 61.0 
60.0 59.0 60.0 61.0 
62.0 60.0 61.0 61.0 
66.0 60.0 80.0 76.0 
60.0 59.0 60.0 61.0 
59.0 59.0 59.0 61.0 
62.0 60.0 61.0 61.0 
67.0 60.0 81.0 77.0 
59.0 59.0 61.0 61.0 
59.0 60.0 60.0 61.0 
62.0 59.0 61.0 61.0 
66.0 59.0 80.0 75.0 
60.0 58.0 61.0 61.0 
60.0 60.0 59.0 61.0 
62.0 60.0 60.0 61.0 
67.0 60.0 80.0 75.0 
60.0 58.0 60.0 61.0 
60.0 59.0 61.0 61.0 
61.0 61.0 61.0 62.0 
66.0 59.0 79.0 75.0 
60.0 58.0 61.0 61.0 
60.0 58.0 59.0 62.0 
62.0 60.0 60.0 61.0 
67.0 59.0 80.0 75.0 
60.0 58.0 60.0 61.0 
61.0 59.0 59.0 61.0 
62.0 60.0 61.0 62.0 
66.0 59.0 79.0 75.0 
59.0 58.0 61.0 61.0 
61.0 59.0 60.0 61.0 
62.0 60.0 60.0 62.0 
66.0 59.0 79.0 75.0 
61.0 58.0 61.0 61.0 
61.0 58.0 59.0 61.0 
61.0 60.0 60.0 62.0 
68.0 60.0 79.0 75.0 
60.0 58.0 61.0 62.0 
60.0 59.0 61.0 61.0 
60.0 59.0 62.0 61.0 
66.0 59.0 79.0 75.0 
60.0 59.0 60.0 61.0 
60.0 60.0 60.0 60.0 
62.0 60.0 60.0 63.0 
65.0 59.0 79.0 75.0 
60.0 58.0 61.0 61.0 
60.0 60.0 60.0 59.0 
62.0 60.0 61.0 63.0 
67.0 59.0 79.0 75.0 
60.0 59.0 61.0 61.0 
60.0 60.0 60.0 61.0 
62.0 59.0 60.0 61.0 
67.0 59.0 80.0 75.0 
60.0 59.0 60.0 61.0 
59.0 59.0 60.0 60.0 
62.0 60.0 61.0 62.0 
67.0 60.0 79.0 75.0 
60.0 59.0 61.0 61.0 
61.0 59.0 60.0 61.0 
61.0 61.0 60.0 61.0 
67.0 60.0 80.0 75.0 
60.0 58.0 61.0 62.0 
60.0 61.0 60.0 61.0 
62.0 60.0 61.0 62.0 
67.0 59.0 80.0 75.0 
59.0 60.0 60.0 61.0 
60.0 59.0 60.0 61.0 
61.0 59.0 61.0 61.0 
68.0 59.0 79.0 75.0 
61.0 58.0 61.0 62.0 
61.0 59.0 61.0 62.0 
61.0 59.0 61.0 62.0 
67.0 59.0 79.0 75.0 
60.0 59.0 60.0 61.0 
60.0 59.0 60.0 61.0 
61.0 59.0 61.0 62.0 
66.0 59.0 78.0 75.0 
61.0 58.0 61.0 60.0 
60.0 59.0 60.0 61.0 
63.0 60.0 60.0 62.0 
67.0 59.0 81.0 75.0 
60.0 59.0 61.0 61.0 
60.0 58.0 59.0 61.0 
62.0 59.0 61.0 62.0 
67.0 60.0 79.0 75.0 
61.0 58.0 61.0 61.0 
61.0 59.0 59.0 61.0 
61.0 60.0 60.0 62.0 
66.0 61.0 79.0 76.0 
60.0 60.0 60.0 61.0 
60.0 60.0 60.0 61.0 
61.0 60.0 61.0 62.0 
66.0 60.0 78.0 76.0 
61.0 58.0 61.0 60.0 
61.0 59.0 59.0 61.0 
62.0 60.0 61.0 62.0 
67.0 59.0 79.0 76.0 
60.0 58.0 61.0 62.0 
60.0 60.0 61.0 61.0 
62.0 60.0 60.0 62.0 
66.0 59.0 79.0 76.0 
60.0 59.0 60.0 60.0 
61.0 59.0 60.0 60.0 
62.0 60.0 61.0 60.0 
67.0 59.0 79.0 76.0 
61.0 58.0 61.0 60.0 
61.0 59.0 60.0 61.0 
60.0 60.0 61.0 63.0 
67.0 59.0 79.0 75.0 
61.0 59.0 61.0 61.0 
61.0 59.0 60.0 61.0 
62.0 60.0 60.0 61.0 
66.0 60.0 78.0 76.0 
61.0 58.0 61.0 60.0 
60.0 60.0 59.0 61.0 
61.0 60.0 61.0 61.0 
66.0 59.0 78.0 75.0 
60.0 60.0 61.0 61.0 
60.0 60.0 60.0 61.0 
62.0 59.0 61.0 62.0 
66.0 60.0 79.0 75.0 
62.0 59.0 61.0 62.0 
60.0 60.0 60.0 61.0 
60.0 60.0 61.0 62.0 
67.0 59.0 79.0 75.0 
60.0 60.0 60.0 61.0 
60.0 60.0 59.0 61.0 
62.0 60.0 62.0 62.0 
66.0 60.0 79.0 76.0 
61.0 58.0 61.0 61.0 
60.0 59.0 60.0 61.0 
62.0 60.0 61.0 62.0 
67.0 60.0 79.0 75.0 
60.0 58.0 60.0 61.0 
60.0 60.0 59.0 61.0 
60.0 61.0 62.0 62.0 
67.0 60.0 79.0 75.0 
61.0 59.0 61.0 61.0 
60.0 59.0 60.0 61.0 
61.0 59.0 61.0 62.0 
67.0 60.0 79.0 74.0 
61.0 58.0 61.0 61.0 
61.0 59.0 60.0 61.0 
61.0 60.0 61.0 61.0 
66.0 59.0 79.0 75.0 
60.0 59.0 60.0 61.0 
60.0 59.0 60.0 61.0 
60.0 60.0 61.0 62.0 
67.0 59.0 79.0 75.0 
60.0 58.0 60.0 62.0 
60.0 60.0 59.0 61.0 
62.0 60.0 60.0 62.0 
66.0 60.0 80.0 75.0 
60.0 59.0 61.0 61.0 
60.0 59.0 59.0 61.0 
61.0 60.0 61.0 61.0 
66.0 60.0 79.0 75.0 
60.0 60.0 61.0 61.0 
60.0 59.0 60.0 61.0 
62.0 60.0 61.0 62.0 
67.0 58.0 79.0 76.0 
60.0 59.0 60.0 61.0 
59.0 59.0 60.0 61.0 
62.0 60.0 60.0 61.0 
67.0 60.0 79.0 74.0 
60.0 59.0 60.0 61.0 
60.0 60.0 60.0 61.0 
62.0 60.0 61.0 61.0 
66.0 60.0 78.0 76.0 
60.0 59.0 62.0 61.0 
60.0 60.0 60.0 61.0 
61.0 60.0 62.0 61.0 
65.0 59.0 79.0 75.0 
61.0 59.0 61.0 61.0 
60.0 59.0 60.0 60.0 
62.0 60.0 61.0 62.0 
66.0 59.0 79.0 75.0 
60.0 58.0 60.0 61.0 
60.0 59.0 60.0 60.0 
61.0 61.0 61.0 62.0 
67.0 60.0 79.0 76.0 
60.0 59.0 61.0 61.0 
61.0 58.0 60.0 61.0 
61.0 60.0 61.0 62.0 
67.0 60.0 79.0 76.0 
61.0 58.0 61.0 61.0 
60.0 59.0 60.0 61.0 
62.0 61.0 61.0 62.0 
66.0 60.0 78.0 76.0 
59.0 58.0 61.0 61.0 
59.0 60.0 59.0 61.0 
61.0 60.0 60.0 62.0 
67.0 59.0 80.0 76.0 
61.0 57.0 60.0 61.0 
60.0 59.0 60.0 60.0 
61.0 61.0 61.0 62.0 
67.0 59.0 78.0 76.0 
61.0 59.0 61.0 61.0 
60.0 59.0 60.0 61.0 
61.0 59.0 61.0 62.0 
67.0 59.0 80.0 75.0 
60.0 59.0 60.0 61.0 
60.0 59.0 60.0 61.0 
61.0 60.0 60.0 62.0 
67.0 59.0 79.0 75.0 
61.0 59.0 61.0 61.0 
60.0 59.0 59.0 61.0 
62.0 59.0 61.0 62.0 
67.0 59.0 80.0 75.0 
60.0 59.0 61.0 62.0 
61.0 59.0 60.0 61.0 
62.0 60.0 61.0 61.0 
67.0 60.0 79.0 75.0 
61.0 59.0 61.0 61.0 
61.0 59.0 60.0 61.0 
62.0 60.0 61.0 62.0 
68.0 58.0 79.0 76.0 
60.0 58.0 61.0 61.0 
60.0 60.0 60.0 61.0 
62.0 60.0 61.0 62.0 
68.0 60.0 80.0 76.0 
60.0 59.0 61.0 61.0 
60.0 60.0 60.0 61.0 
62.0 59.0 61.0 62.0 
68.0 58.0 80.0 75.0 
60.0 59.0 60.0 61.0 
61.0 59.0 62.0 60.0 
62.0 61.0 60.0 62.0 
68.0 59.0 81.0 75.0 
60.0 59.0 59.0 61.0 
60.0 60.0 60.0 60.0 
61.0 61.0 61.0 62.0 
68.0 60.0 78.0 75.0 
59.0 58.0 61.0 61.0 
61.0 59.0 61.0 61.0 
62.0 60.0 61.0 62.0 
68.0 60.0 80.0 75.0 
60.0 58.0 61.0 60.0 
60.0 59.0 60.0 61.0 
61.0 60.0 61.0 62.0 
67.0 60.0 80.0 75.0 
60.0 60.0 60.0 61.0 
60.0 59.0 60.0 61.0 
62.0 59.0 61.0 62.0 
69.0 59.0 79.0 76.0 
60.0 59.0 61.0 60.0 
59.0 60.0 60.0 61.0 
62.0 60.0 61.0 61.0 
70.0 60.0 80.0 76.0 
60.0 59.0 61.0 61.0 
61.0 59.0 60.0 61.0 
61.0 60.0 62.0 62.0 
70.0 60.0 79.0 76.0 
60.0 58.0 60.0 61.0 
59.0 60.0 60.0 61.0 
61.0 59.0 61.0 61.0 
70.0 59.0 81.0 76.0 
60.0 59.0 60.0 61.0 
60.0 60.0 60.0 61.0 
61.0 60.0 61.0 62.0 
69.0 59.0 80.0 76.0 
60.0 58.0 61.0 61.0 
60.0 59.0 61.0 61.0 
61.0 60.0 61.0 61.0 
69.0 60.0 80.0 75.0 
60.0 59.0 60.0 61.0 
60.0 58.0 60.0 60.0 
62.0 59.0 61.0 62.0 
68.0 59.0 81.0 76.0 
61.0 59.0 61.0 61.0 
60.0 60.0 60.0 61.0 
61.0 60.0 60.0 61.0 
66.0 59.0 80.0 75.0 
60.0 58.0 61.0 61.0 
60.0 59.0 60.0 62.0 
61.0 60.0 61.0 61.0 
67.0 59.0 80.0 75.0 
60.0 59.0 60.0 61.0 
60.0 59.0 59.0 62.0 
61.0 60.0 61.0 61.0 
67.0 60.0 81.0 76.0 
61.0 57.0 60.0 61.0 
61.0 59.0 59.0 61.0 
61.0 59.0 61.0 61.0 
67.0 59.0 80.0 75.0 
61.0 59.0 61.0 61.0 
60.0 60.0 59.0 61.0 
62.0 59.0 61.0 62.0 
67.0 60.0 80.0 75.0 
60.0 60.0 61.0 61.0 
60.0 59.0 60.0 61.0 
61.0 60.0 61.0 62.0 
68.0 59.0 80.0 75.0 
61.0 59.0 61.0 62.0 
60.0 60.0 60.0 61.0 
61.0 60.0 61.0 62.0 
67.0 59.0 80.0 75.0 
60.0 59.0 61.0 61.0 
61.0 59.0 60.0 60.0 
62.0 60.0 61.0 62.0 
68.0 59.0 80.0 76.0 
61.0 59.0 60.0 61.0 
61.0 59.0 60.0 60.0 
62.0 60.0 61.0 61.0 
68.0 59.0 80.0 75.0 
60.0 59.0 61.0 61.0 
60.0 59.0 60.0 61.0 
62.0 60.0 60.0 62.0 
68.0 59.0 80.0 75.0 
60.0 59.0 61.0 61.0 
60.0 60.0 60.0 61.0 
62.0 59.0 61.0 62.0 
67.0 60.0 79.0 76.0 
60.0 59.0 60.0 61.0 
60.0 59.0 60.0 61.0 
61.0 60.0 61.0 61.0 
67.0 60.0 80.0 77.0 
60.0 59.0 60.0 61.0 
60.0 60.0 59.0 61.0 
59.0 60.0 62.0 61.0 
71.0 60.0 80.0 76.0 
61.0 60.0 60.0 61.0 
60.0 59.0 60.0 61.0 
62.0 59.0 61.0 61.0 
70.0 60.0 80.0 76.0 
60.0 58.0 61.0 61.0 
60.0 60.0 60.0 60.0 
61.0 60.0 60.0 62.0 
69.0 60.0 80.0 77.0 
61.0 58.0 60.0 61.0 
60.0 60.0 60.0 61.0 
62.0 60.0 61.0 61.0 
69.0 59.0 80.0 75.0 
60.0 59.0 60.0 61.0 
60.0 60.0 60.0 61.0 
62.0 60.0 61.0 62.0 
68.0 60.0 80.0 75.0 
60.0 58.0 60.0 61.0 
60.0 59.0 61.0 61.0 
61.0 60.0 61.0 62.0 
69.0 59.0 81.0 75.0 
60.0 59.0 60.0 61.0 
60.0 59.0 58.0 60.0 
61.0 60.0 61.0 62.0 
69.0 59.0 80.0 75.0 
60.0 59.0 61.0 61.0 
60.0 58.0 60.0 61.0 
62.0 60.0 61.0 62.0 
67.0 60.0 80.0 75.0 
60.0 58.0 61.0 61.0 
60.0 60.0 59.0 61.0 
62.0 59.0 61.0 62.0 
67.0 60.0 79.0 76.0 
61.0 58.0 61.0 61.0 
60.0 59.0 60.0 61.0 
62.0 59.0 61.0 62.0 
66.0 60.0 80.0 76.0 
60.0 58.0 61.0 61.0 
60.0 60.0 60.0 61.0 
62.0 61.0 62.0 61.0 
66.0 59.0 80.0 75.0 
60.0 59.0 61.0 61.0 
60.0 59.0 59.0 61.0 
62.0 60.0 61.0 61.0 
67.0 59.0 79.0 74.0 
61.0 58.0 60.0 61.0 
60.0 59.0 60.0 61.0 
62.0 60.0 60.0 61.0 
66.0 59.0 79.0 76.0 
60.0 58.0 61.0 60.0 
59.0 60.0 60.0 61.0 
62.0 59.0 61.0 61.0 
66.0 60.0 79.0 76.0 
61.0 58.0 61.0 60.0 
60.0 60.0 60.0 61.0 
62.0 60.0 61.0 61.0 
66.0 60.0 80.0 75.0 
60.0 58.0 61.0 62.0 
61.0 59.0 60.0 61.0 
62.0 60.0 61.0 61.0 
66.0 60.0 80.0 75.0 
60.0 59.0 60.0 61.0 
60.0 61.0 60.0 61.0 
61.0 59.0 61.0 61.0 
66.0 60.0 80.0 75.0 
60.0 59.0 61.0 61.0 
60.0 59.0 60.0 61.0 
61.0 61.0 61.0 61.0 
67.0 59.0 80.0 75.0 
60.0 57.0 61.0 60.0 
61.0 59.0 60.0 61.0 
62.0 60.0 61.0 62.0 
66.0 59.0 79.0 74.0 
61.0 58.0 61.0 61.0 
59.0 59.0 60.0 61.0 
61.0 60.0 60.0 61.0 
67.0 59.0 79.0 75.0 
61.0 59.0 60.0 61.0 
60.0 59.0 60.0 61.0 
63.0 59.0 60.0 61.0 
67.0 59.0 80.0 76.0 
60.0 59.0 60.0 61.0 
60.0 59.0 59.0 61.0 
62.0 60.0 61.0 61.0 
67.0 58.0 80.0 75.0 
60.0 59.0 60.0 61.0 
59.0 59.0 59.0 61.0 
61.0 60.0 60.0 63.0 
66.0 60.0 80.0 75.0 
61.0 58.0 60.0 61.0 
60.0 59.0 60.0 61.0 
63.0 60.0 61.0 62.0 
66.0 60.0 80.0 75.0 
59.0 58.0 60.0 61.0 
60.0 60.0 59.0 61.0 
62.0 60.0 61.0 62.0 
66.0 60.0 81.0 76.0 
59.0 59.0 61.0 61.0 
61.0 59.0 59.0 61.0 
62.0 60.0 61.0 62.0 
66.0 59.0 79.0 75.0 
60.0 59.0 60.0 61.0 
60.0 59.0 60.0 61.0 
62.0 60.0 61.0 61.0 
67.0 59.0 80.0 76.0 
60.0 58.0 60.0 62.0 
60.0 59.0 60.0 60.0 
61.0 60.0 60.0 62.0 
67.0 59.0 80.0 75.0 
60.0 59.0 60.0 61.0 
60.0 59.0 59.0 61.0 
61.0 60.0 61.0 62.0 
66.0 60.0 80.0 76.0 
61.0 58.0 61.0 60.0 
60.0 60.0 60.0 60.0 
61.0 60.0 61.0 61.0 
67.0 60.0 79.0 76.0 
61.0 59.0 61.0 61.0 
60.0 59.0 60.0 61.0 
61.0 60.0 61.0 62.0 
67.0 60.0 80.0 75.0 
60.0 58.0 61.0 62.0 
60.0 59.0 60.0 61.0 
61.0 60.0 61.0 62.0 
67.0 59.0 81.0 76.0 
60.0 59.0 61.0 61.0 
58.0 60.0 60.0 60.0 
62.0 59.0 60.0 62.0 
67.0 59.0 80.0 76.0 
61.0 59.0 61.0 61.0 
61.0 60.0 59.0 61.0 
61.0 60.0 61.0 61.0 
67.0 59.0 80.0 77.0 
59.0 58.0 60.0 61.0 
59.0 60.0 59.0 61.0 
62.0 59.0 61.0 62.0 
66.0 60.0 80.0 75.0 
60.0 59.0 60.0 61.0 
60.0 59.0 60.0 61.0 
62.0 60.0 61.0 63.0 
66.0 60.0 79.0 75.0 
61.0 58.0 60.0 61.0 
60.0 58.0 60.0 61.0 
62.0 60.0 61.0 61.0 
66.0 60.0 81.0 75.0 
60.0 59.0 60.0 62.0 
60.0 59.0 59.0 61.0 
61.0 60.0 61.0 62.0 
66.0 59.0 80.0 75.0 
60.0 59.0 61.0 62.0 
60.0 59.0 60.0 61.0 
62.0 59.0 60.0 62.0 
67.0 59.0 81.0 76.0 
60.0 58.0 60.0 61.0 
60.0 59.0 59.0 61.0 
61.0 60.0 61.0 62.0 
67.0 59.0 81.0 75.0 
60.0 59.0 61.0 61.0 
60.0 61.0 60.0 61.0 
61.0 61.0 61.0 62.0 
67.0 59.0 80.0 75.0 
59.0 62.0 60.0 61.0 
59.0 59.0 60.0 61.0 
62.0 60.0 60.0 62.0 
67.0 59.0 80.0 76.0 
60.0 58.0 61.0 61.0 
60.0 59.0 59.0 60.0 
62.0 61.0 61.0 62.0 
66.0 59.0 80.0 75.0 
60.0 58.0 60.0 60.0 
60.0 59.0 60.0 60.0 
61.0 59.0 61.0 62.0 
66.0 60.0 80.0 75.0 
61.0 58.0 61.0 61.0 
60.0 60.0 60.0 61.0 
61.0 60.0 60.0 61.0 
67.0 59.0 80.0 75.0 
61.0 59.0 61.0 61.0 
60.0 58.0 61.0 61.0 
