114.0 58.0 91.0 78.0 
57.0 59.0 59.0 59.0 
59.0 58.0 61.0 62.0 
57.0 58.0 59.0 59.0 
115.0 58.0 90.0 78.0 
58.0 57.0 58.0 59.0 
59.0 58.0 61.0 62.0 
58.0 58.0 58.0 59.0 
114.0 57.0 91.0 78.0 
57.0 56.0 59.0 59.0 
60.0 58.0 61.0 62.0 
57.0 59.0 58.0 59.0 
114.0 58.0 91.0 78.0 
57.0 58.0 58.0 60.0 
60.0 58.0 61.0 62.0 
57.0 58.0 58.0 59.0 
114.0 59.0 90.0 79.0 
58.0 58.0 59.0 59.0 
59.0 58.0 61.0 62.0 
57.0 58.0 58.0 60.0 
114.0 59.0 91.0 79.0 
58.0 58.0 58.0 59.0 
60.0 58.0 61.0 63.0 
57.0 59.0 58.0 60.0 
114.0 59.0 92.0 78.0 
58.0 58.0 59.0 59.0 
60.0 58.0 61.0 63.0 
57.0 59.0 58.0 59.0 
114.0 59.0 92.0 78.0 
57.0 58.0 58.0 59.0 
60.0 58.0 61.0 63.0 
57.0 58.0 59.0 59.0 
115.0 58.0 91.0 79.0 
57.0 57.0 59.0 59.0 
59.0 58.0 62.0 62.0 
57.0 59.0 59.0 59.0 
114.0 58.0 92.0 78.0 
57.0 58.0 58.0 59.0 
60.0 58.0 61.0 62.0 
58.0 59.0 59.0 59.0 
114.0 59.0 90.0 78.0 
58.0 57.0 59.0 59.0 
60.0 58.0 61.0 63.0 
58.0 60.0 58.0 59.0 
115.0 59.0 90.0 78.0 
57.0 58.0 59.0 59.0 
59.0 58.0 61.0 64.0 
57.0 59.0 58.0 59.0 
116.0 58.0 91.0 78.0 
58.0 57.0 59.0 59.0 
60.0 59.0 62.0 63.0 
58.0 58.0 58.0 59.0 
114.0 58.0 91.0 78.0 
58.0 58.0 59.0 58.0 
59.0 57.0 62.0 62.0 
58.0 59.0 58.0 59.0 
115.0 58.0 92.0 78.0 
57.0 57.0 58.0 60.0 
59.0 57.0 61.0 63.0 
58.0 59.0 59.0 59.0 
114.0 58.0 91.0 78.0 
58.0 57.0 58.0 59.0 
60.0 58.0 61.0 63.0 
58.0 58.0 59.0 59.0 
114.0 59.0 91.0 78.0 
57.0 58.0 59.0 60.0 
59.0 59.0 61.0 62.0 
58.0 59.0 58.0 60.0 
114.0 59.0 92.0 78.0 
57.0 58.0 59.0 59.0 
59.0 58.0 61.0 63.0 
58.0 59.0 59.0 59.0 
115.0 58.0 91.0 79.0 
58.0 58.0 58.0 59.0 
60.0 59.0 61.0 62.0 
59.0 59.0 59.0 59.0 
114.0 60.0 91.0 77.0 
58.0 59.0 59.0 60.0 
59.0 59.0 61.0 64.0 
57.0 59.0 59.0 59.0 
115.0 59.0 92.0 78.0 
58.0 57.0 59.0 59.0 
60.0 58.0 62.0 63.0 
59.0 59.0 58.0 59.0 
114.0 59.0 92.0 78.0 
57.0 58.0 58.0 59.0 
59.0 58.0 61.0 63.0 
58.0 59.0 58.0 59.0 
114.0 59.0 91.0 79.0 
57.0 58.0 59.0 59.0 
61.0 58.0 61.0 63.0 
58.0 59.0 60.0 59.0 
113.0 59.0 92.0 79.0 
57.0 57.0 59.0 59.0 
59.0 60.0 61.0 62.0 
58.0 59.0 58.0 59.0 
115.0 58.0 91.0 78.0 
56.0 57.0 60.0 59.0 
60.0 58.0 61.0 62.0 
58.0 58.0 58.0 60.0 
114.0 58.0 90.0 78.0 
58.0 58.0 59.0 58.0 
59.0 58.0 62.0 63.0 
57.0 59.0 58.0 59.0 
114.0 57.0 91.0 78.0 
57.0 58.0 58.0 60.0 
60.0 58.0 61.0 62.0 
58.0 59.0 58.0 59.0 
115.0 59.0 92.0 78.0 
57.0 58.0 58.0 60.0 
60.0 58.0 61.0 63.0 
57.0 60.0 58.0 59.0 
114.0 58.0 91.0 79.0 
58.0 57.0 60.0 59.0 
59.0 59.0 61.0 62.0 
58.0 58.0 59.0 60.0 
114.0 59.0 92.0 79.0 
56.0 58.0 59.0 59.0 
60.0 58.0 60.0 63.0 
57.0 59.0 58.0 60.0 
114.0 59.0 91.0 78.0 
57.0 58.0 58.0 59.0 
60.0 58.0 61.0 63.0 
58.0 59.0 58.0 60.0 
114.0 59.0 91.0 78.0 
58.0 58.0 59.0 59.0 
60.0 58.0 60.0 63.0 
58.0 59.0 59.0 59.0 
114.0 59.0 91.0 79.0 
58.0 58.0 59.0 59.0 
60.0 57.0 61.0 63.0 
58.0 59.0 57.0 60.0 
114.0 59.0 90.0 78.0 
58.0 58.0 59.0 59.0 
60.0 59.0 61.0 63.0 
60.0 59.0 58.0 59.0 
114.0 58.0 90.0 77.0 
58.0 58.0 59.0 59.0 
59.0 59.0 61.0 63.0 
58.0 59.0 60.0 59.0 
114.0 58.0 89.0 78.0 
58.0 57.0 59.0 59.0 
59.0 59.0 62.0 63.0 
58.0 58.0 58.0 59.0 
114.0 59.0 89.0 77.0 
58.0 57.0 59.0 59.0 
59.0 58.0 61.0 63.0 
59.0 59.0 58.0 60.0 
114.0 59.0 89.0 78.0 
58.0 58.0 59.0 59.0 
60.0 58.0 61.0 63.0 
58.0 59.0 59.0 60.0 
114.0 58.0 90.0 78.0 
58.0 58.0 59.0 60.0 
60.0 58.0 61.0 63.0 
58.0 59.0 58.0 60.0 
114.0 59.0 89.0 78.0 
58.0 58.0 59.0 59.0 
60.0 58.0 61.0 62.0 
57.0 60.0 58.0 60.0 
114.0 59.0 90.0 78.0 
58.0 58.0 59.0 59.0 
60.0 58.0 61.0 63.0 
57.0 59.0 59.0 59.0 
114.0 58.0 90.0 77.0 
59.0 58.0 59.0 60.0 
60.0 58.0 61.0 64.0 
59.0 59.0 59.0 60.0 
113.0 59.0 88.0 78.0 
57.0 58.0 59.0 60.0 
60.0 60.0 61.0 63.0 
58.0 59.0 60.0 59.0 
113.0 59.0 89.0 77.0 
58.0 57.0 60.0 59.0 
59.0 58.0 61.0 63.0 
58.0 59.0 58.0 59.0 
113.0 59.0 89.0 78.0 
59.0 58.0 59.0 59.0 
60.0 58.0 61.0 63.0 
57.0 59.0 59.0 60.0 
114.0 58.0 90.0 78.0 
58.0 59.0 59.0 60.0 
59.0 59.0 61.0 63.0 
58.0 59.0 58.0 59.0 
114.0 58.0 88.0 78.0 
57.0 58.0 59.0 59.0 
59.0 58.0 61.0 63.0 
59.0 59.0 59.0 59.0 
113.0 60.0 88.0 78.0 
58.0 58.0 59.0 60.0 
59.0 58.0 61.0 63.0 
58.0 59.0 59.0 60.0 
114.0 58.0 89.0 78.0 
58.0 58.0 59.0 60.0 
60.0 58.0 61.0 63.0 
58.0 59.0 59.0 60.0 
114.0 59.0 89.0 78.0 
57.0 58.0 59.0 59.0 
59.0 59.0 61.0 63.0 
58.0 59.0 59.0 59.0 
115.0 60.0 89.0 77.0 
58.0 56.0 58.0 59.0 
60.0 59.0 63.0 62.0 
58.0 59.0 60.0 60.0 
114.0 60.0 88.0 78.0 
58.0 58.0 59.0 60.0 
60.0 60.0 62.0 63.0 
57.0 59.0 59.0 59.0 
115.0 59.0 88.0 77.0 
58.0 59.0 59.0 59.0 
60.0 58.0 61.0 63.0 
58.0 59.0 59.0 60.0 
113.0 58.0 89.0 78.0 
58.0 58.0 60.0 60.0 
60.0 59.0 62.0 63.0 
58.0 59.0 59.0 60.0 
113.0 59.0 88.0 78.0 
58.0 58.0 59.0 59.0 
59.0 58.0 62.0 63.0 
58.0 59.0 59.0 60.0 
114.0 60.0 89.0 78.0 
57.0 58.0 59.0 60.0 
58.0 59.0 61.0 63.0 
58.0 59.0 60.0 60.0 
114.0 59.0 89.0 77.0 
58.0 58.0 58.0 60.0 
60.0 58.0 61.0 63.0 
58.0 60.0 58.0 60.0 
114.0 59.0 89.0 78.0 
58.0 58.0 59.0 59.0 
61.0 58.0 62.0 63.0 
58.0 59.0 59.0 60.0 
114.0 59.0 89.0 78.0 
58.0 58.0 60.0 60.0 
60.0 59.0 61.0 63.0 
58.0 59.0 60.0 59.0 
114.0 59.0 90.0 78.0 
58.0 58.0 58.0 60.0 
60.0 58.0 63.0 63.0 
57.0 60.0 59.0 60.0 
114.0 59.0 90.0 77.0 
58.0 58.0 59.0 60.0 
60.0 58.0 61.0 63.0 
58.0 59.0 59.0 60.0 
112.0 59.0 91.0 77.0 
58.0 59.0 60.0 59.0 
60.0 59.0 62.0 64.0 
58.0 59.0 58.0 60.0 
114.0 59.0 89.0 78.0 
57.0 58.0 60.0 59.0 
59.0 59.0 61.0 62.0 
59.0 59.0 59.0 60.0 
113.0 58.0 89.0 78.0 
57.0 59.0 59.0 60.0 
60.0 57.0 62.0 63.0 
58.0 58.0 59.0 60.0 
113.0 59.0 90.0 78.0 
57.0 59.0 59.0 59.0 
61.0 58.0 61.0 63.0 
57.0 60.0 60.0 61.0 
114.0 59.0 89.0 78.0 
59.0 58.0 60.0 59.0 
58.0 59.0 61.0 62.0 
58.0 59.0 59.0 60.0 
114.0 59.0 89.0 77.0 
58.0 57.0 60.0 60.0 
60.0 59.0 62.0 63.0 
58.0 60.0 59.0 60.0 
113.0 59.0 89.0 78.0 
58.0 58.0 59.0 60.0 
59.0 59.0 62.0 64.0 
58.0 59.0 59.0 60.0 
114.0 59.0 89.0 77.0 
58.0 58.0 59.0 60.0 
59.0 59.0 62.0 63.0 
59.0 59.0 58.0 60.0 
113.0 59.0 89.0 79.0 
60.0 57.0 61.0 60.0 
59.0 58.0 60.0 63.0 
58.0 58.0 59.0 61.0 
114.0 60.0 89.0 78.0 
58.0 58.0 60.0 59.0 
60.0 59.0 62.0 63.0 
58.0 60.0 60.0 60.0 
114.0 59.0 89.0 77.0 
58.0 58.0 60.0 60.0 
60.0 58.0 63.0 63.0 
58.0 60.0 59.0 60.0 
114.0 59.0 89.0 78.0 
58.0 58.0 60.0 60.0 
60.0 59.0 62.0 63.0 
59.0 59.0 59.0 59.0 
113.0 59.0 89.0 78.0 
58.0 59.0 59.0 60.0 
60.0 59.0 62.0 63.0 
59.0 58.0 58.0 60.0 
114.0 58.0 89.0 79.0 
59.0 58.0 60.0 60.0 
60.0 59.0 62.0 64.0 
58.0 59.0 60.0 60.0 
113.0 59.0 88.0 78.0 
57.0 58.0 60.0 60.0 
60.0 58.0 62.0 63.0 
58.0 59.0 60.0 60.0 
115.0 59.0 89.0 78.0 
58.0 58.0 60.0 59.0 
60.0 58.0 62.0 63.0 
58.0 60.0 59.0 60.0 
114.0 59.0 88.0 78.0 
58.0 58.0 59.0 60.0 
60.0 58.0 62.0 64.0 
58.0 60.0 59.0 60.0 
115.0 58.0 89.0 77.0 
56.0 58.0 59.0 60.0 
60.0 59.0 61.0 63.0 
58.0 59.0 59.0 60.0 
113.0 60.0 89.0 77.0 
59.0 58.0 59.0 59.0 
59.0 58.0 63.0 63.0 
59.0 60.0 58.0 60.0 
114.0 59.0 88.0 78.0 
59.0 58.0 59.0 59.0 
60.0 58.0 62.0 63.0 
58.0 60.0 58.0 60.0 
114.0 59.0 89.0 77.0 
58.0 60.0 59.0 59.0 
61.0 60.0 62.0 63.0 
59.0 59.0 60.0 60.0 
113.0 59.0 89.0 78.0 
59.0 58.0 59.0 60.0 
61.0 58.0 62.0 64.0 
59.0 60.0 60.0 61.0 
113.0 59.0 89.0 78.0 
58.0 59.0 59.0 60.0 
61.0 59.0 63.0 64.0 
59.0 59.0 60.0 60.0 
113.0 59.0 89.0 76.0 
57.0 59.0 59.0 60.0 
62.0 59.0 64.0 65.0 
59.0 60.0 60.0 61.0 
113.0 59.0 89.0 77.0 
58.0 58.0 59.0 59.0 
61.0 58.0 64.0 65.0 
59.0 59.0 59.0 61.0 
113.0 60.0 88.0 78.0 
58.0 58.0 59.0 60.0 
62.0 58.0 63.0 65.0 
59.0 60.0 60.0 61.0 
113.0 60.0 89.0 77.0 
58.0 58.0 59.0 59.0 
61.0 59.0 64.0 64.0 
59.0 59.0 60.0 61.0 
113.0 59.0 88.0 77.0 
60.0 59.0 63.0 62.0 
61.0 59.0 63.0 66.0 
59.0 59.0 60.0 60.0 
112.0 59.0 89.0 77.0 
58.0 58.0 61.0 61.0 
61.0 59.0 64.0 65.0 
60.0 59.0 59.0 61.0 
113.0 59.0 89.0 77.0 
58.0 59.0 60.0 61.0 
61.0 60.0 64.0 65.0 
59.0 59.0 61.0 61.0 
113.0 58.0 89.0 78.0 
58.0 58.0 59.0 60.0 
61.0 59.0 64.0 65.0 
59.0 59.0 61.0 62.0 
112.0 58.0 89.0 76.0 
58.0 58.0 61.0 59.0 
61.0 59.0 63.0 65.0 
59.0 60.0 60.0 62.0 
110.0 60.0 88.0 76.0 
59.0 59.0 61.0 61.0 
61.0 59.0 64.0 65.0 
59.0 60.0 60.0 61.0 
111.0 59.0 88.0 76.0 
59.0 58.0 62.0 61.0 
61.0 58.0 63.0 65.0 
59.0 59.0 61.0 60.0 
111.0 60.0 89.0 76.0 
58.0 59.0 61.0 61.0 
62.0 59.0 64.0 65.0 
59.0 59.0 60.0 60.0 
111.0 59.0 88.0 76.0 
59.0 58.0 61.0 60.0 
61.0 58.0 63.0 66.0 
60.0 58.0 60.0 61.0 
110.0 58.0 89.0 76.0 
59.0 58.0 61.0 61.0 
63.0 59.0 64.0 65.0 
60.0 58.0 61.0 60.0 
111.0 60.0 89.0 76.0 
58.0 59.0 60.0 60.0 
61.0 60.0 65.0 65.0 
59.0 60.0 60.0 60.0 
110.0 59.0 89.0 77.0 
57.0 58.0 60.0 60.0 
60.0 58.0 64.0 65.0 
60.0 60.0 60.0 61.0 
110.0 59.0 89.0 76.0 
59.0 58.0 60.0 60.0 
62.0 58.0 64.0 65.0 
59.0 61.0 60.0 61.0 
110.0 60.0 89.0 76.0 
59.0 58.0 60.0 61.0 
62.0 59.0 64.0 65.0 
60.0 60.0 60.0 61.0 
111.0 59.0 89.0 76.0 
58.0 59.0 61.0 60.0 
62.0 59.0 64.0 64.0 
59.0 59.0 60.0 61.0 
110.0 60.0 89.0 77.0 
58.0 58.0 60.0 60.0 
62.0 59.0 64.0 65.0 
60.0 60.0 60.0 62.0 
110.0 59.0 88.0 76.0 
58.0 59.0 60.0 60.0 
62.0 59.0 64.0 66.0 
60.0 59.0 61.0 60.0 
110.0 60.0 89.0 76.0 
58.0 58.0 59.0 60.0 
61.0 59.0 64.0 66.0 
59.0 60.0 60.0 61.0 
110.0 60.0 88.0 76.0 
57.0 58.0 60.0 60.0 
61.0 60.0 64.0 65.0 
59.0 60.0 60.0 61.0 
110.0 60.0 88.0 75.0 
58.0 58.0 60.0 61.0 
62.0 58.0 63.0 65.0 
58.0 60.0 61.0 61.0 
111.0 59.0 88.0 77.0 
59.0 58.0 60.0 61.0 
62.0 58.0 63.0 66.0 
60.0 59.0 60.0 61.0 
110.0 59.0 89.0 75.0 
58.0 59.0 60.0 61.0 
61.0 59.0 64.0 65.0 
60.0 59.0 60.0 61.0 
110.0 59.0 88.0 77.0 
57.0 58.0 62.0 63.0 
61.0 59.0 64.0 66.0 
60.0 59.0 60.0 61.0 
110.0 59.0 88.0 76.0 
59.0 58.0 63.0 62.0 
61.0 59.0 63.0 65.0 
60.0 58.0 60.0 61.0 
110.0 59.0 88.0 76.0 
60.0 59.0 63.0 62.0 
61.0 58.0 64.0 65.0 
60.0 59.0 61.0 61.0 
110.0 59.0 88.0 76.0 
59.0 58.0 64.0 63.0 
61.0 59.0 65.0 65.0 
59.0 59.0 61.0 61.0 
109.0 60.0 88.0 76.0 
60.0 58.0 64.0 62.0 
61.0 60.0 64.0 64.0 
59.0 59.0 61.0 61.0 
111.0 60.0 89.0 76.0 
60.0 58.0 64.0 63.0 
62.0 58.0 65.0 64.0 
60.0 59.0 61.0 61.0 
111.0 59.0 91.0 76.0 
61.0 58.0 65.0 64.0 
61.0 58.0 66.0 64.0 
59.0 59.0 61.0 61.0 
113.0 59.0 88.0 77.0 
60.0 58.0 65.0 63.0 
62.0 58.0 65.0 65.0 
59.0 60.0 59.0 61.0 
113.0 59.0 88.0 77.0 
60.0 58.0 65.0 63.0 
61.0 58.0 65.0 65.0 
59.0 60.0 61.0 60.0 
113.0 60.0 89.0 77.0 
59.0 59.0 65.0 64.0 
62.0 59.0 65.0 64.0 
59.0 61.0 61.0 60.0 
113.0 60.0 89.0 77.0 
60.0 59.0 64.0 63.0 
61.0 59.0 64.0 64.0 
58.0 59.0 61.0 61.0 
112.0 60.0 88.0 76.0 
61.0 58.0 65.0 64.0 
60.0 59.0 66.0 64.0 
59.0 60.0 61.0 61.0 
112.0 59.0 88.0 77.0 
60.0 58.0 65.0 64.0 
61.0 60.0 64.0 64.0 
58.0 60.0 60.0 61.0 
112.0 59.0 88.0 76.0 
60.0 59.0 65.0 64.0 
61.0 59.0 65.0 65.0 
59.0 59.0 61.0 60.0 
113.0 60.0 87.0 79.0 
60.0 59.0 65.0 63.0 
61.0 58.0 65.0 64.0 
59.0 60.0 61.0 61.0 
113.0 59.0 86.0 78.0 
60.0 59.0 64.0 64.0 
61.0 59.0 64.0 65.0 
60.0 59.0 61.0 60.0 
124.0 59.0 86.0 80.0 
59.0 58.0 64.0 64.0 
61.0 59.0 64.0 65.0 
60.0 59.0 60.0 61.0 
112.0 59.0 85.0 78.0 
61.0 59.0 65.0 64.0 
61.0 59.0 63.0 65.0 
59.0 61.0 60.0 61.0 
108.0 59.0 85.0 77.0 
60.0 58.0 64.0 64.0 
61.0 58.0 64.0 65.0 
59.0 59.0 61.0 61.0 
107.0 60.0 89.0 78.0 
60.0 58.0 66.0 63.0 
61.0 58.0 66.0 65.0 
57.0 60.0 63.0 61.0 
118.0 60.0 90.0 82.0 
60.0 59.0 65.0 63.0 
59.0 59.0 66.0 63.0 
58.0 60.0 62.0 60.0 
122.0 59.0 95.0 84.0 
60.0 58.0 64.0 63.0 
58.0 59.0 62.0 62.0 
59.0 59.0 62.0 60.0 
120.0 60.0 92.0 86.0 
60.0 59.0 64.0 62.0 
59.0 60.0 61.0 62.0 
59.0 59.0 61.0 60.0 
121.0 59.0 88.0 86.0 
60.0 59.0 63.0 65.0 
59.0 59.0 60.0 62.0 
60.0 59.0 59.0 60.0 
113.0 59.0 88.0 84.0 
61.0 59.0 63.0 65.0 
59.0 59.0 60.0 63.0 
60.0 59.0 60.0 61.0 
109.0 59.0 88.0 84.0 
61.0 59.0 62.0 64.0 
59.0 59.0 60.0 61.0 
60.0 60.0 60.0 61.0 
97.0 60.0 89.0 83.0 
61.0 59.0 63.0 64.0 
59.0 59.0 58.0 60.0 
60.0 60.0 61.0 61.0 
97.0 60.0 89.0 84.0 
62.0 58.0 62.0 63.0 
58.0 59.0 59.0 60.0 
62.0 59.0 61.0 61.0 
99.0 60.0 86.0 85.0 
61.0 59.0 61.0 63.0 
58.0 59.0 58.0 60.0 
60.0 58.0 60.0 62.0 
103.0 60.0 88.0 86.0 
61.0 58.0 62.0 63.0 
58.0 59.0 59.0 59.0 
60.0 59.0 61.0 61.0 
107.0 60.0 88.0 87.0 
61.0 59.0 61.0 64.0 
58.0 59.0 58.0 60.0 
60.0 60.0 59.0 61.0 
105.0 60.0 87.0 88.0 
61.0 59.0 61.0 64.0 
58.0 59.0 59.0 60.0 
60.0 59.0 60.0 61.0 
107.0 59.0 85.0 88.0 
61.0 59.0 62.0 64.0 
58.0 59.0 59.0 58.0 
60.0 60.0 60.0 62.0 
108.0 59.0 84.0 89.0 
62.0 59.0 61.0 65.0 
58.0 59.0 60.0 59.0 
59.0 59.0 59.0 61.0 
110.0 58.0 85.0 90.0 
62.0 59.0 61.0 64.0 
58.0 58.0 58.0 60.0 
60.0 60.0 59.0 61.0 
109.0 59.0 85.0 90.0 
61.0 59.0 61.0 65.0 
58.0 59.0 59.0 60.0 
60.0 59.0 59.0 61.0 
109.0 60.0 86.0 90.0 
62.0 58.0 61.0 66.0 
58.0 60.0 59.0 59.0 
60.0 60.0 60.0 61.0 
109.0 58.0 87.0 90.0 
63.0 59.0 61.0 65.0 
59.0 58.0 60.0 58.0 
60.0 60.0 58.0 61.0 
108.0 60.0 92.0 89.0 
62.0 59.0 61.0 63.0 
61.0 59.0 60.0 64.0 
60.0 60.0 59.0 60.0 
118.0 59.0 100.0 92.0 
62.0 58.0 62.0 64.0 
62.0 60.0 60.0 64.0 
60.0 60.0 59.0 60.0 
127.0 60.0 118.0 91.0 
61.0 59.0 61.0 64.0 
62.0 59.0 60.0 63.0 
59.0 60.0 58.0 60.0 
127.0 60.0 121.0 90.0 
64.0 59.0 63.0 65.0 
61.0 59.0 60.0 63.0 
59.0 60.0 58.0 60.0 
130.0 59.0 134.0 89.0 
65.0 59.0 66.0 66.0 
61.0 60.0 58.0 63.0 
58.0 60.0 56.0 60.0 
130.0 60.0 132.0 90.0 
66.0 59.0 66.0 68.0 
61.0 59.0 59.0 64.0 
59.0 59.0 58.0 60.0 
132.0 60.0 134.0 90.0 
67.0 58.0 68.0 68.0 
62.0 61.0 60.0 63.0 
58.0 60.0 57.0 59.0 
132.0 59.0 138.0 89.0 
65.0 59.0 66.0 67.0 
61.0 59.0 59.0 63.0 
59.0 59.0 57.0 60.0 
113.0 60.0 144.0 85.0 
66.0 58.0 68.0 68.0 
60.0 58.0 57.0 62.0 
60.0 61.0 58.0 61.0 
114.0 60.0 149.0 88.0 
67.0 59.0 67.0 67.0 
60.0 59.0 58.0 62.0 
60.0 60.0 56.0 60.0 
114.0 59.0 157.0 88.0 
67.0 58.0 67.0 67.0 
60.0 58.0 57.0 63.0 
59.0 60.0 56.0 60.0 
113.0 60.0 164.0 89.0 
66.0 58.0 67.0 67.0 
60.0 59.0 57.0 62.0 
60.0 60.0 56.0 60.0 
113.0 59.0 179.0 90.0 
65.0 59.0 66.0 66.0 
60.0 60.0 57.0 62.0 
60.0 59.0 57.0 61.0 
110.0 59.0 186.0 91.0 
64.0 58.0 68.0 66.0 
61.0 59.0 57.0 63.0 
61.0 60.0 55.0 60.0 
99.0 59.0 190.0 89.0 
65.0 58.0 68.0 64.0 
61.0 60.0 57.0 63.0 
61.0 59.0 56.0 59.0 
98.0 60.0 200.0 92.0 
62.0 60.0 62.0 63.0 
60.0 58.0 57.0 62.0 
59.0 60.0 55.0 60.0 
101.0 60.0 216.0 95.0 
61.0 58.0 62.0 64.0 
60.0 59.0 58.0 62.0 
60.0 60.0 55.0 60.0 
99.0 60.0 224.0 95.0 
62.0 59.0 61.0 63.0 
59.0 60.0 55.0 62.0 
60.0 61.0 54.0 60.0 
99.0 60.0 237.0 96.0 
62.0 59.0 63.0 64.0 
60.0 57.0 56.0 62.0 
60.0 60.0 55.0 60.0 
97.0 60.0 251.0 97.0 
63.0 59.0 61.0 63.0 
60.0 58.0 56.0 60.0 
59.0 59.0 54.0 60.0 
95.0 60.0 285.0 101.0 
62.0 58.0 63.0 63.0 
60.0 59.0 56.0 62.0 
59.0 60.0 54.0 60.0 
94.0 61.0 286.0 100.0 
61.0 59.0 63.0 63.0 
60.0 59.0 55.0 61.0 
60.0 60.0 54.0 60.0 
93.0 61.0 278.0 100.0 
61.0 59.0 61.0 63.0 
61.0 59.0 55.0 62.0 
62.0 60.0 54.0 60.0 
92.0 63.0 290.0 103.0 
62.0 58.0 62.0 62.0 
60.0 59.0 55.0 61.0 
60.0 60.0 54.0 60.0 
102.0 62.0 343.0 116.0 
61.0 59.0 60.0 62.0 
60.0 58.0 55.0 61.0 
60.0 59.0 53.0 59.0 
115.0 62.0 377.0 135.0 
61.0 58.0 59.0 61.0 
60.0 59.0 53.0 60.0 
60.0 60.0 51.0 59.0 
106.0 63.0 390.0 141.0 
61.0 59.0 59.0 61.0 
60.0 59.0 53.0 60.0 
60.0 60.0 51.0 58.0 
114.0 63.0 406.0 147.0 
60.0 59.0 59.0 61.0 
61.0 58.0 53.0 60.0 
60.0 60.0 51.0 59.0 
112.0 64.0 403.0 152.0 
61.0 59.0 60.0 61.0 
61.0 60.0 53.0 60.0 
60.0 60.0 50.0 59.0 
109.0 62.0 370.0 146.0 
60.0 59.0 59.0 61.0 
59.0 60.0 53.0 59.0 
60.0 60.0 52.0 59.0 
111.0 62.0 330.0 146.0 
61.0 58.0 61.0 60.0 
60.0 60.0 54.0 59.0 
59.0 60.0 51.0 58.0 
116.0 63.0 388.0 193.0 
61.0 58.0 62.0 61.0 
60.0 59.0 54.0 58.0 
59.0 59.0 52.0 57.0 
120.0 63.0 408.0 222.0 
62.0 58.0 61.0 60.0 
58.0 59.0 52.0 59.0 
59.0 59.0 51.0 56.0 
117.0 62.0 363.0 225.0 
61.0 58.0 60.0 60.0 
58.0 60.0 54.0 58.0 
59.0 60.0 51.0 55.0 
123.0 63.0 383.0 280.0 
62.0 58.0 60.0 59.0 
59.0 59.0 54.0 57.0 
60.0 59.0 51.0 54.0 
121.0 63.0 320.0 282.0 
61.0 58.0 64.0 60.0 
60.0 59.0 55.0 56.0 
59.0 60.0 54.0 54.0 
124.0 63.0 316.0 348.0 
61.0 59.0 63.0 58.0 
58.0 61.0 55.0 54.0 
59.0 61.0 54.0 53.0 
124.0 62.0 273.0 367.0 
61.0 58.0 64.0 56.0 
59.0 60.0 56.0 53.0 
58.0 60.0 56.0 52.0 
124.0 61.0 251.0 367.0 
61.0 58.0 65.0 58.0 
60.0 60.0 56.0 54.0 
59.0 60.0 56.0 53.0 
116.0 61.0 218.0 323.0 
61.0 59.0 64.0 60.0 
59.0 59.0 57.0 55.0 
60.0 60.0 58.0 56.0 
117.0 60.0 212.0 315.0 
61.0 59.0 65.0 61.0 
59.0 60.0 59.0 55.0 
60.0 60.0 59.0 56.0 
124.0 61.0 196.0 347.0 
61.0 59.0 68.0 59.0 
58.0 59.0 58.0 52.0 
60.0 59.0 57.0 53.0 
136.0 62.0 195.0 366.0 
61.0 59.0 66.0 58.0 
58.0 59.0 57.0 52.0 
59.0 60.0 58.0 52.0 
126.0 63.0 194.0 398.0 
62.0 59.0 67.0 58.0 
58.0 59.0 57.0 51.0 
58.0 60.0 58.0 52.0 
154.0 64.0 200.0 439.0 
60.0 59.0 67.0 58.0 
57.0 59.0 56.0 51.0 
59.0 60.0 57.0 51.0 
147.0 62.0 193.0 408.0 
61.0 58.0 69.0 60.0 
59.0 59.0 58.0 54.0 
59.0 60.0 58.0 52.0 
136.0 63.0 194.0 423.0 
61.0 60.0 67.0 59.0 
60.0 60.0 59.0 52.0 
57.0 60.0 56.0 50.0 
142.0 63.0 193.0 417.0 
61.0 60.0 67.0 58.0 
59.0 59.0 59.0 52.0 
56.0 60.0 56.0 48.0 
149.0 63.0 185.0 399.0 
62.0 58.0 67.0 59.0 
59.0 59.0 58.0 53.0 
56.0 60.0 56.0 50.0 
150.0 62.0 181.0 374.0 
62.0 59.0 68.0 60.0 
59.0 59.0 59.0 54.0 
56.0 60.0 57.0 52.0 
162.0 61.0 173.0 353.0 
60.0 59.0 68.0 60.0 
58.0 58.0 59.0 54.0 
56.0 59.0 58.0 51.0 
152.0 61.0 166.0 311.0 
60.0 58.0 70.0 61.0 
58.0 60.0 60.0 57.0 
56.0 61.0 57.0 51.0 
171.0 61.0 164.0 323.0 
60.0 59.0 69.0 61.0 
58.0 60.0 61.0 57.0 
55.0 60.0 57.0 52.0 
189.0 61.0 138.0 322.0 
59.0 59.0 69.0 60.0 
59.0 60.0 63.0 57.0 
56.0 60.0 57.0 51.0 
197.0 61.0 133.0 281.0 
60.0 55.0 69.0 60.0 
59.0 59.0 63.0 59.0 
55.0 60.0 58.0 52.0 
199.0 61.0 134.0 307.0 
60.0 59.0 70.0 62.0 
59.0 59.0 63.0 58.0 
55.0 60.0 58.0 52.0 
202.0 60.0 131.0 296.0 
60.0 59.0 72.0 62.0 
58.0 59.0 61.0 57.0 
54.0 60.0 58.0 52.0 
204.0 60.0 126.0 266.0 
61.0 59.0 72.0 63.0 
58.0 59.0 63.0 58.0 
54.0 60.0 58.0 53.0 
208.0 61.0 125.0 266.0 
60.0 59.0 72.0 64.0 
59.0 59.0 62.0 60.0 
54.0 60.0 58.0 53.0 
210.0 61.0 122.0 210.0 
61.0 60.0 71.0 64.0 
59.0 61.0 63.0 60.0 
54.0 60.0 57.0 53.0 
211.0 406.0 122.0 220.0 
60.0 59.0 73.0 65.0 
58.0 59.0 62.0 60.0 
54.0 60.0 58.0 54.0 
222.0 475.0 121.0 212.0 
60.0 59.0 73.0 66.0 
59.0 59.0 63.0 60.0 
52.0 61.0 57.0 54.0 
234.0 538.0 121.0 209.0 
62.0 60.0 76.0 66.0 
59.0 53.0 62.0 61.0 
55.0 49.0 58.0 56.0 
237.0 517.0 119.0 214.0 
63.0 59.0 78.0 68.0 
57.0 60.0 63.0 60.0 
52.0 60.0 59.0 54.0 
263.0 577.0 118.0 210.0 
63.0 61.0 80.0 70.0 
59.0 53.0 63.0 62.0 
55.0 47.0 58.0 57.0 
274.0 588.0 114.0 209.0 
62.0 60.0 80.0 68.0 
60.0 56.0 66.0 64.0 
54.0 47.0 58.0 57.0 
279.0 584.0 116.0 204.0 
62.0 60.0 80.0 69.0 
61.0 56.0 67.0 66.0 
53.0 46.0 58.0 56.0 
291.0 579.0 113.0 197.0 
62.0 62.0 81.0 69.0 
61.0 58.0 67.0 66.0 
54.0 48.0 58.0 55.0 
285.0 507.0 111.0 180.0 
62.0 63.0 81.0 69.0 
61.0 59.0 68.0 67.0 
54.0 49.0 58.0 58.0 
295.0 446.0 108.0 167.0 
63.0 64.0 82.0 70.0 
62.0 59.0 67.0 65.0 
53.0 50.0 58.0 57.0 
334.0 464.0 112.0 173.0 
64.0 65.0 82.0 70.0 
62.0 61.0 68.0 67.0 
52.0 51.0 57.0 57.0 
395.0 472.0 114.0 174.0 
65.0 66.0 81.0 70.0 
62.0 61.0 68.0 67.0 
51.0 49.0 58.0 57.0 
411.0 445.0 115.0 169.0 
66.0 67.0 81.0 71.0 
63.0 61.0 67.0 68.0 
50.0 49.0 60.0 61.0 
401.0 408.0 115.0 160.0 
65.0 69.0 80.0 70.0 
61.0 60.0 67.0 65.0 
53.0 54.0 60.0 60.0 
373.0 301.0 109.0 123.0 
72.0 72.0 85.0 75.0 
52.0 53.0 59.0 58.0 
56.0 60.0 64.0 64.0 
416.0 296.0 117.0 124.0 
75.0 72.0 82.0 74.0 
50.0 54.0 57.0 58.0 
56.0 60.0 63.0 65.0 
415.0 281.0 118.0 118.0 
76.0 74.0 82.0 75.0 
50.0 53.0 58.0 58.0 
56.0 61.0 62.0 65.0 
312.0 258.0 117.0 111.0 
75.0 76.0 84.0 74.0 
53.0 54.0 58.0 58.0 
59.0 60.0 62.0 64.0 
424.0 284.0 120.0 118.0 
76.0 74.0 84.0 75.0 
50.0 54.0 57.0 59.0 
56.0 61.0 63.0 64.0 
431.0 269.0 126.0 115.0 
81.0 76.0 83.0 75.0 
50.0 54.0 57.0 58.0 
57.0 60.0 63.0 65.0 
429.0 258.0 128.0 115.0 
82.0 75.0 84.0 76.0 
49.0 54.0 58.0 58.0 
57.0 60.0 63.0 65.0 
412.0 239.0 129.0 109.0 
81.0 74.0 93.0 76.0 
51.0 55.0 58.0 58.0 
55.0 62.0 69.0 66.0 
385.0 206.0 130.0 101.0 
81.0 75.0 93.0 76.0 
51.0 55.0 58.0 58.0 
56.0 62.0 69.0 65.0 
336.0 192.0 133.0 98.0 
77.0 73.0 99.0 75.0 
53.0 56.0 55.0 59.0 
61.0 63.0 71.0 67.0 
329.0 145.0 136.0 94.0 
74.0 70.0 105.0 77.0 
53.0 57.0 55.0 59.0 
60.0 65.0 77.0 68.0 
258.0 139.0 136.0 89.0 
73.0 69.0 121.0 77.0 
54.0 57.0 55.0 59.0 
60.0 65.0 84.0 69.0 
272.0 106.0 139.0 83.0 
73.0 70.0 131.0 78.0 
55.0 59.0 54.0 58.0 
62.0 64.0 89.0 67.0 
217.0 97.0 143.0 80.0 
72.0 70.0 156.0 80.0 
59.0 60.0 83.0 64.0 
61.0 65.0 100.0 67.0 
228.0 102.0 139.0 80.0 
71.0 68.0 177.0 80.0 
62.0 66.0 153.0 74.0 
60.0 64.0 107.0 67.0 
220.0 94.0 126.0 77.0 
67.0 67.0 191.0 80.0 
64.0 69.0 274.0 88.0 
60.0 63.0 113.0 67.0 
187.0 88.0 125.0 76.0 
68.0 67.0 202.0 81.0 
68.0 72.0 326.0 94.0 
60.0 62.0 111.0 67.0 
220.0 92.0 122.0 76.0 
68.0 67.0 211.0 82.0 
70.0 73.0 377.0 103.0 
58.0 63.0 110.0 67.0 
204.0 91.0 119.0 76.0 
69.0 66.0 216.0 83.0 
75.0 79.0 456.0 114.0 
61.0 63.0 115.0 67.0 
178.0 87.0 120.0 77.0 
66.0 67.0 220.0 84.0 
76.0 82.0 480.0 119.0 
61.0 63.0 116.0 69.0 
168.0 75.0 119.0 77.0 
70.0 60.0 219.0 87.0 
85.0 66.0 503.0 130.0 
60.0 60.0 120.0 69.0 
189.0 60.0 111.0 84.0 
70.0 58.0 218.0 87.0 
85.0 66.0 503.0 141.0 
63.0 59.0 118.0 70.0 
170.0 60.0 104.0 82.0 
68.0 59.0 213.0 87.0 
84.0 66.0 508.0 137.0 
63.0 60.0 120.0 71.0 
168.0 76.0 100.0 74.0 
64.0 63.0 209.0 87.0 
83.0 78.0 536.0 142.0 
62.0 61.0 118.0 71.0 
188.0 60.0 108.0 83.0 
66.0 59.0 196.0 86.0 
87.0 67.0 527.0 148.0 
65.0 59.0 127.0 72.0 
148.0 60.0 105.0 79.0 
66.0 59.0 180.0 84.0 
85.0 65.0 506.0 149.0 
63.0 60.0 127.0 73.0 
141.0 60.0 128.0 96.0 
67.0 58.0 182.0 93.0 
86.0 65.0 498.0 170.0 
64.0 60.0 122.0 76.0 
144.0 60.0 131.0 97.0 
67.0 59.0 173.0 97.0 
84.0 64.0 452.0 175.0 
64.0 61.0 118.0 79.0 
137.0 60.0 129.0 103.0 
68.0 59.0 185.0 106.0 
83.0 64.0 443.0 189.0 
64.0 60.0 116.0 82.0 
130.0 60.0 129.0 111.0 
69.0 58.0 178.0 110.0 
88.0 65.0 549.0 304.0 
63.0 61.0 113.0 84.0 
137.0 60.0 127.0 114.0 
69.0 59.0 177.0 123.0 
81.0 65.0 514.0 386.0 
64.0 60.0 106.0 88.0 
114.0 60.0 128.0 117.0 
71.0 59.0 180.0 136.0 
91.0 65.0 442.0 280.0 
64.0 60.0 102.0 90.0 
114.0 60.0 133.0 128.0 
70.0 59.0 179.0 143.0 
87.0 63.0 421.0 289.0 
63.0 60.0 98.0 89.0 
147.0 59.0 144.0 149.0 
71.0 58.0 185.0 151.0 
84.0 62.0 390.0 276.0 
62.0 59.0 94.0 89.0 
160.0 60.0 147.0 156.0 
69.0 59.0 163.0 141.0 
82.0 61.0 367.0 281.0 
60.0 60.0 94.0 88.0 
159.0 60.0 145.0 157.0 
70.0 59.0 157.0 143.0 
88.0 63.0 424.0 327.0 
61.0 61.0 93.0 88.0 
163.0 60.0 145.0 163.0 
69.0 58.0 134.0 127.0 
89.0 65.0 410.0 329.0 
60.0 60.0 91.0 89.0 
169.0 60.0 146.0 168.0 
69.0 59.0 130.0 128.0 
92.0 64.0 395.0 371.0 
61.0 60.0 90.0 88.0 
137.0 58.0 144.0 172.0 
67.0 58.0 117.0 119.0 
96.0 64.0 360.0 403.0 
61.0 60.0 85.0 85.0 
134.0 60.0 147.0 180.0 
68.0 59.0 113.0 117.0 
100.0 64.0 346.0 418.0 
61.0 60.0 83.0 83.0 
106.0 60.0 147.0 174.0 
68.0 59.0 113.0 116.0 
105.0 65.0 351.0 537.0 
63.0 61.0 83.0 83.0 
107.0 61.0 141.0 156.0 
68.0 60.0 109.0 114.0 
113.0 66.0 317.0 559.0 
62.0 60.0 83.0 85.0 
117.0 59.0 145.0 171.0 
68.0 58.0 106.0 108.0 
127.0 68.0 319.0 585.0 
61.0 60.0 82.0 85.0 
117.0 60.0 146.0 172.0 
67.0 58.0 102.0 105.0 
130.0 68.0 296.0 565.0 
61.0 60.0 78.0 78.0 
116.0 60.0 139.0 156.0 
67.0 59.0 95.0 97.0 
120.0 67.0 275.0 503.0 
60.0 60.0 80.0 76.0 
123.0 60.0 136.0 161.0 
67.0 59.0 98.0 104.0 
117.0 65.0 269.0 503.0 
59.0 59.0 76.0 67.0 
123.0 59.0 134.0 140.0 
72.0 59.0 103.0 126.0 
130.0 67.0 264.0 579.0 
57.0 60.0 66.0 57.0 
121.0 59.0 132.0 152.0 
74.0 59.0 104.0 131.0 
136.0 68.0 264.0 567.0 
57.0 60.0 65.0 58.0 
126.0 60.0 131.0 156.0 
72.0 59.0 98.0 134.0 
129.0 66.0 248.0 526.0 
58.0 60.0 66.0 57.0 
137.0 60.0 138.0 182.0 
76.0 59.0 99.0 143.0 
130.0 67.0 226.0 528.0 
57.0 60.0 64.0 55.0 
129.0 60.0 133.0 162.0 
82.0 58.0 98.0 179.0 
129.0 65.0 209.0 511.0 
57.0 60.0 61.0 54.0 
138.0 60.0 137.0 179.0 
86.0 59.0 97.0 165.0 
118.0 63.0 189.0 471.0 
57.0 60.0 63.0 55.0 
239.0 60.0 146.0 237.0 
84.0 59.0 98.0 173.0 
113.0 62.0 174.0 397.0 
57.0 59.0 63.0 55.0 
219.0 61.0 145.0 238.0 
86.0 59.0 94.0 164.0 
110.0 61.0 163.0 395.0 
57.0 59.0 63.0 54.0 
226.0 60.0 149.0 248.0 
89.0 58.0 94.0 174.0 
114.0 61.0 150.0 432.0 
57.0 61.0 62.0 54.0 
242.0 60.0 120.0 229.0 
90.0 59.0 88.0 158.0 
120.0 61.0 129.0 366.0 
57.0 59.0 61.0 54.0 
239.0 61.0 122.0 224.0 
92.0 59.0 85.0 153.0 
125.0 61.0 127.0 356.0 
58.0 60.0 62.0 60.0 
223.0 60.0 122.0 238.0 
94.0 58.0 85.0 145.0 
124.0 60.0 122.0 323.0 
59.0 60.0 62.0 60.0 
227.0 61.0 119.0 229.0 
89.0 59.0 81.0 125.0 
146.0 61.0 123.0 356.0 
58.0 60.0 62.0 58.0 
242.0 60.0 122.0 232.0 
84.0 58.0 76.0 107.0 
163.0 60.0 123.0 347.0 
58.0 60.0 63.0 59.0 
240.0 59.0 121.0 228.0 
88.0 59.0 76.0 106.0 
183.0 63.0 122.0 334.0 
57.0 59.0 62.0 59.0 
241.0 60.0 120.0 227.0 
94.0 59.0 76.0 107.0 
185.0 61.0 118.0 312.0 
57.0 60.0 61.0 58.0 
244.0 60.0 116.0 219.0 
97.0 58.0 74.0 105.0 
184.0 59.0 104.0 267.0 
57.0 61.0 60.0 58.0 
260.0 60.0 117.0 212.0 
98.0 59.0 71.0 100.0 
202.0 59.0 103.0 250.0 
57.0 60.0 60.0 56.0 
292.0 62.0 116.0 207.0 
96.0 58.0 71.0 95.0 
198.0 59.0 100.0 229.0 
55.0 59.0 62.0 58.0 
314.0 61.0 115.0 206.0 
101.0 58.0 69.0 94.0 
220.0 60.0 98.0 223.0 
54.0 60.0 59.0 54.0 
319.0 61.0 113.0 197.0 
95.0 59.0 69.0 87.0 
273.0 61.0 102.0 236.0 
48.0 59.0 58.0 52.0 
324.0 61.0 112.0 186.0 
95.0 58.0 67.0 82.0 
333.0 62.0 104.0 255.0 
46.0 60.0 58.0 52.0 
359.0 63.0 112.0 190.0 
96.0 59.0 69.0 82.0 
345.0 67.0 110.0 247.0 
45.0 61.0 58.0 52.0 
362.0 63.0 111.0 177.0 
100.0 58.0 68.0 81.0 
369.0 62.0 100.0 217.0 
45.0 60.0 58.0 53.0 
322.0 61.0 107.0 156.0 
97.0 59.0 68.0 80.0 
374.0 63.0 97.0 205.0 
45.0 60.0 58.0 53.0 
313.0 61.0 107.0 157.0 
104.0 58.0 67.0 72.0 
376.0 63.0 94.0 194.0 
46.0 60.0 58.0 54.0 
281.0 60.0 106.0 144.0 
82.0 59.0 65.0 70.0 
381.0 62.0 94.0 187.0 
46.0 60.0 58.0 55.0 
300.0 61.0 108.0 149.0 
88.0 59.0 67.0 71.0 
571.0 67.0 99.0 198.0 
42.0 61.0 58.0 54.0 
285.0 61.0 106.0 139.0 
81.0 59.0 66.0 69.0 
614.0 65.0 99.0 197.0 
42.0 60.0 59.0 55.0 
287.0 61.0 108.0 144.0 
95.0 58.0 66.0 71.0 
600.0 65.0 98.0 186.0 
42.0 60.0 59.0 55.0 
286.0 61.0 108.0 139.0 
117.0 59.0 66.0 74.0 
603.0 66.0 97.0 170.0 
43.0 61.0 58.0 56.0 
306.0 61.0 109.0 140.0 
129.0 59.0 69.0 76.0 
649.0 63.0 96.0 169.0 
41.0 60.0 58.0 55.0 
329.0 61.0 108.0 141.0 
122.0 60.0 66.0 72.0 
620.0 65.0 96.0 162.0 
43.0 61.0 58.0 56.0 
307.0 61.0 107.0 138.0 
123.0 59.0 64.0 71.0 
638.0 65.0 96.0 161.0 
39.0 60.0 58.0 56.0 
308.0 62.0 110.0 141.0 
112.0 59.0 63.0 68.0 
545.0 66.0 93.0 146.0 
41.0 60.0 59.0 56.0 
315.0 61.0 114.0 143.0 
108.0 59.0 63.0 67.0 
524.0 66.0 92.0 139.0 
43.0 60.0 58.0 56.0 
320.0 61.0 116.0 143.0 
94.0 59.0 63.0 64.0 
509.0 65.0 91.0 137.0 
46.0 59.0 59.0 56.0 
328.0 61.0 114.0 138.0 
89.0 59.0 62.0 64.0 
534.0 68.0 90.0 138.0 
46.0 60.0 58.0 56.0 
313.0 62.0 115.0 138.0 
90.0 58.0 62.0 64.0 
579.0 66.0 91.0 136.0 
45.0 60.0 59.0 56.0 
303.0 62.0 115.0 138.0 
83.0 59.0 63.0 65.0 
557.0 66.0 91.0 130.0 
40.0 60.0 58.0 56.0 
296.0 62.0 118.0 134.0 
72.0 59.0 62.0 63.0 
486.0 66.0 89.0 124.0 
42.0 60.0 57.0 56.0 
285.0 61.0 118.0 132.0 
61.0 59.0 63.0 60.0 
532.0 68.0 91.0 125.0 
42.0 61.0 59.0 56.0 
288.0 62.0 119.0 133.0 
45.0 58.0 61.0 58.0 
546.0 67.0 89.0 121.0 
42.0 60.0 58.0 57.0 
283.0 60.0 120.0 132.0 
45.0 59.0 60.0 59.0 
527.0 67.0 89.0 118.0 
42.0 59.0 59.0 57.0 
277.0 60.0 121.0 132.0 
45.0 59.0 61.0 58.0 
515.0 66.0 89.0 114.0 
41.0 60.0 58.0 57.0 
287.0 61.0 120.0 131.0 
46.0 58.0 60.0 58.0 
451.0 65.0 84.0 108.0 
42.0 60.0 58.0 57.0 
292.0 62.0 121.0 132.0 
47.0 59.0 61.0 59.0 
393.0 65.0 81.0 102.0 
44.0 60.0 58.0 58.0 
284.0 61.0 123.0 130.0 
47.0 58.0 61.0 58.0 
353.0 62.0 81.0 98.0 
44.0 60.0 58.0 57.0 
288.0 60.0 121.0 130.0 
48.0 59.0 62.0 59.0 
312.0 60.0 77.0 94.0 
45.0 60.0 58.0 58.0 
288.0 61.0 115.0 126.0 
48.0 59.0 63.0 59.0 
278.0 61.0 77.0 92.0 
47.0 59.0 59.0 57.0 
297.0 61.0 109.0 126.0 
50.0 59.0 62.0 60.0 
239.0 61.0 75.0 87.0 
46.0 60.0 58.0 58.0 
292.0 61.0 108.0 124.0 
50.0 59.0 62.0 59.0 
198.0 59.0 73.0 82.0 
48.0 60.0 59.0 57.0 
285.0 61.0 107.0 121.0 
50.0 58.0 62.0 60.0 
181.0 60.0 71.0 79.0 
48.0 61.0 59.0 58.0 
272.0 61.0 98.0 99.0 
52.0 58.0 64.0 60.0 
150.0 59.0 70.0 78.0 
49.0 60.0 60.0 58.0 
271.0 61.0 97.0 97.0 
52.0 59.0 64.0 62.0 
127.0 60.0 68.0 76.0 
50.0 60.0 59.0 59.0 
265.0 59.0 95.0 90.0 
54.0 58.0 65.0 61.0 
104.0 60.0 67.0 72.0 
52.0 59.0 61.0 61.0 
257.0 61.0 95.0 91.0 
55.0 59.0 66.0 62.0 
104.0 59.0 66.0 72.0 
52.0 60.0 61.0 60.0 
260.0 60.0 96.0 91.0 
55.0 60.0 66.0 62.0 
89.0 60.0 66.0 71.0 
53.0 60.0 61.0 60.0 
254.0 61.0 95.0 89.0 
55.0 59.0 65.0 62.0 
80.0 59.0 65.0 69.0 
52.0 60.0 61.0 61.0 
253.0 60.0 96.0 90.0 
56.0 59.0 67.0 63.0 
71.0 59.0 64.0 67.0 
53.0 60.0 61.0 61.0 
245.0 60.0 98.0 90.0 
56.0 59.0 67.0 63.0 
72.0 59.0 66.0 68.0 
53.0 60.0 61.0 61.0 
232.0 61.0 129.0 100.0 
57.0 59.0 67.0 63.0 
72.0 60.0 64.0 68.0 
54.0 60.0 61.0 60.0 
184.0 60.0 133.0 96.0 
60.0 59.0 67.0 64.0 
70.0 61.0 62.0 66.0 
58.0 59.0 61.0 61.0 
206.0 61.0 134.0 96.0 
59.0 59.0 67.0 64.0 
62.0 60.0 61.0 62.0 
60.0 60.0 61.0 61.0 
200.0 60.0 135.0 113.0 
59.0 58.0 67.0 64.0 
56.0 59.0 58.0 61.0 
56.0 61.0 60.0 62.0 
176.0 59.0 137.0 115.0 
60.0 59.0 67.0 64.0 
59.0 60.0 60.0 60.0 
60.0 60.0 61.0 61.0 
178.0 60.0 132.0 117.0 
62.0 59.0 67.0 65.0 
59.0 60.0 59.0 60.0 
60.0 60.0 61.0 61.0 
148.0 60.0 136.0 117.0 
61.0 59.0 66.0 65.0 
59.0 60.0 62.0 61.0 
59.0 59.0 60.0 61.0 
158.0 60.0 135.0 117.0 
61.0 58.0 66.0 64.0 
59.0 59.0 61.0 61.0 
61.0 59.0 60.0 60.0 
150.0 60.0 119.0 114.0 
61.0 59.0 67.0 65.0 
59.0 60.0 62.0 60.0 
60.0 61.0 60.0 61.0 
122.0 60.0 134.0 117.0 
63.0 58.0 68.0 64.0 
60.0 60.0 60.0 62.0 
60.0 60.0 59.0 61.0 
98.0 60.0 99.0 99.0 
62.0 59.0 67.0 65.0 
61.0 59.0 62.0 62.0 
61.0 60.0 60.0 61.0 
114.0 60.0 101.0 108.0 
61.0 59.0 66.0 65.0 
60.0 60.0 60.0 62.0 
60.0 60.0 61.0 61.0 
100.0 60.0 100.0 105.0 
62.0 59.0 67.0 65.0 
61.0 59.0 61.0 62.0 
61.0 59.0 60.0 60.0 
96.0 60.0 100.0 99.0 
63.0 59.0 67.0 65.0 
61.0 60.0 60.0 62.0 
59.0 61.0 60.0 61.0 
104.0 60.0 100.0 99.0 
62.0 59.0 66.0 65.0 
60.0 59.0 60.0 61.0 
61.0 61.0 60.0 61.0 
120.0 60.0 104.0 118.0 
61.0 60.0 65.0 65.0 
60.0 60.0 60.0 62.0 
60.0 60.0 60.0 59.0 
151.0 61.0 105.0 124.0 
62.0 59.0 66.0 65.0 
59.0 59.0 61.0 61.0 
60.0 60.0 60.0 61.0 
160.0 60.0 112.0 148.0 
58.0 59.0 60.0 59.0 
58.0 60.0 61.0 61.0 
58.0 60.0 60.0 59.0 
178.0 59.0 110.0 152.0 
57.0 59.0 60.0 59.0 
60.0 59.0 62.0 60.0 
57.0 61.0 60.0 58.0 
177.0 60.0 105.0 150.0 
57.0 60.0 61.0 59.0 
58.0 60.0 61.0 61.0 
57.0 60.0 60.0 59.0 
199.0 61.0 102.0 152.0 
57.0 59.0 60.0 57.0 
57.0 59.0 62.0 61.0 
55.0 61.0 59.0 57.0 
206.0 60.0 104.0 166.0 
56.0 59.0 60.0 58.0 
56.0 60.0 61.0 61.0 
55.0 61.0 59.0 57.0 
206.0 60.0 104.0 164.0 
56.0 60.0 60.0 59.0 
57.0 61.0 63.0 60.0 
57.0 60.0 61.0 58.0 
217.0 60.0 107.0 198.0 
55.0 58.0 60.0 58.0 
57.0 59.0 61.0 58.0 
54.0 60.0 59.0 55.0 
219.0 60.0 106.0 193.0 
57.0 59.0 60.0 58.0 
57.0 59.0 62.0 59.0 
55.0 60.0 59.0 56.0 
225.0 61.0 106.0 197.0 
56.0 60.0 60.0 58.0 
56.0 60.0 62.0 59.0 
55.0 60.0 58.0 56.0 
220.0 60.0 105.0 191.0 
57.0 59.0 60.0 58.0 
57.0 60.0 63.0 60.0 
54.0 60.0 59.0 56.0 
206.0 60.0 105.0 186.0 
56.0 59.0 60.0 57.0 
57.0 60.0 63.0 60.0 
56.0 60.0 59.0 56.0 
213.0 60.0 98.0 144.0 
56.0 59.0 61.0 60.0 
58.0 59.0 64.0 62.0 
56.0 60.0 61.0 58.0 
170.0 59.0 98.0 153.0 
57.0 59.0 60.0 58.0 
57.0 59.0 63.0 62.0 
58.0 59.0 60.0 60.0 
184.0 60.0 100.0 157.0 
59.0 59.0 61.0 56.0 
58.0 60.0 61.0 60.0 
58.0 60.0 60.0 59.0 
181.0 60.0 100.0 165.0 
57.0 59.0 61.0 58.0 
57.0 59.0 62.0 60.0 
57.0 60.0 62.0 58.0 
195.0 60.0 101.0 170.0 
57.0 59.0 61.0 58.0 
57.0 60.0 61.0 60.0 
56.0 60.0 60.0 58.0 
200.0 59.0 101.0 176.0 
56.0 60.0 61.0 58.0 
58.0 60.0 62.0 60.0 
56.0 59.0 61.0 56.0 
202.0 60.0 102.0 177.0 
56.0 59.0 62.0 59.0 
57.0 60.0 63.0 60.0 
57.0 60.0 62.0 57.0 
228.0 60.0 101.0 176.0 
57.0 59.0 65.0 60.0 
57.0 60.0 63.0 60.0 
56.0 60.0 61.0 57.0 
227.0 61.0 102.0 185.0 
56.0 58.0 65.0 60.0 
56.0 60.0 63.0 59.0 
55.0 60.0 61.0 57.0 
210.0 60.0 102.0 186.0 
58.0 58.0 66.0 59.0 
56.0 59.0 62.0 59.0 
56.0 61.0 60.0 57.0 
215.0 61.0 101.0 182.0 
58.0 59.0 65.0 60.0 
56.0 58.0 62.0 59.0 
56.0 60.0 61.0 58.0 
222.0 60.0 102.0 180.0 
57.0 58.0 67.0 61.0 
56.0 59.0 63.0 59.0 
56.0 60.0 60.0 57.0 
230.0 61.0 101.0 180.0 
57.0 60.0 65.0 60.0 
57.0 59.0 63.0 59.0 
56.0 60.0 61.0 57.0 
228.0 61.0 100.0 169.0 
58.0 59.0 66.0 62.0 
56.0 60.0 62.0 60.0 
56.0 59.0 61.0 58.0 
243.0 61.0 100.0 166.0 
57.0 59.0 66.0 61.0 
56.0 59.0 62.0 60.0 
56.0 60.0 60.0 59.0 
247.0 62.0 97.0 151.0 
58.0 58.0 66.0 61.0 
56.0 59.0 63.0 59.0 
56.0 60.0 61.0 58.0 
240.0 59.0 97.0 149.0 
59.0 59.0 65.0 61.0 
57.0 58.0 63.0 61.0 
56.0 60.0 60.0 59.0 
263.0 60.0 97.0 147.0 
58.0 59.0 66.0 62.0 
57.0 60.0 62.0 60.0 
55.0 61.0 60.0 59.0 
265.0 61.0 96.0 140.0 
58.0 59.0 67.0 63.0 
57.0 60.0 62.0 61.0 
56.0 60.0 61.0 59.0 
239.0 60.0 94.0 138.0 
58.0 59.0 67.0 62.0 
57.0 59.0 62.0 61.0 
57.0 60.0 60.0 59.0 
264.0 62.0 96.0 139.0 
57.0 59.0 67.0 62.0 
56.0 59.0 62.0 60.0 
55.0 60.0 61.0 59.0 
279.0 60.0 96.0 139.0 
57.0 59.0 67.0 63.0 
55.0 60.0 62.0 60.0 
54.0 60.0 61.0 59.0 
294.0 61.0 96.0 139.0 
57.0 60.0 67.0 63.0 
56.0 59.0 63.0 61.0 
53.0 60.0 61.0 59.0 
294.0 60.0 96.0 133.0 
57.0 59.0 67.0 63.0 
54.0 60.0 62.0 61.0 
54.0 60.0 61.0 59.0 
292.0 61.0 95.0 133.0 
57.0 58.0 68.0 63.0 
55.0 60.0 63.0 60.0 
53.0 60.0 61.0 60.0 
313.0 62.0 96.0 133.0 
57.0 60.0 67.0 63.0 
54.0 59.0 64.0 61.0 
53.0 60.0 61.0 59.0 
302.0 61.0 95.0 131.0 
57.0 58.0 67.0 64.0 
55.0 60.0 62.0 62.0 
53.0 61.0 61.0 60.0 
298.0 60.0 95.0 130.0 
57.0 59.0 67.0 63.0 
55.0 59.0 62.0 60.0 
53.0 60.0 60.0 60.0 
314.0 62.0 96.0 134.0 
57.0 59.0 67.0 63.0 
55.0 58.0 62.0 61.0 
53.0 60.0 60.0 60.0 
297.0 61.0 95.0 129.0 
57.0 59.0 67.0 63.0 
56.0 60.0 62.0 60.0 
54.0 61.0 60.0 60.0 
298.0 61.0 94.0 128.0 
58.0 58.0 68.0 63.0 
57.0 58.0 61.0 61.0 
56.0 61.0 61.0 60.0 
302.0 62.0 94.0 131.0 
57.0 59.0 68.0 64.0 
53.0 59.0 62.0 60.0 
51.0 60.0 61.0 59.0 
312.0 61.0 96.0 131.0 
57.0 58.0 67.0 63.0 
55.0 59.0 62.0 60.0 
55.0 61.0 61.0 60.0 
314.0 62.0 95.0 131.0 
58.0 60.0 68.0 63.0 
54.0 59.0 61.0 62.0 
53.0 61.0 60.0 60.0 
258.0 60.0 93.0 128.0 
58.0 59.0 69.0 64.0 
56.0 59.0 62.0 61.0 
56.0 60.0 61.0 60.0 
255.0 61.0 93.0 129.0 
57.0 60.0 66.0 63.0 
55.0 58.0 63.0 60.0 
55.0 61.0 61.0 60.0 
242.0 60.0 94.0 131.0 
58.0 58.0 68.0 63.0 
54.0 60.0 63.0 61.0 
53.0 61.0 60.0 59.0 
284.0 62.0 94.0 129.0 
59.0 59.0 68.0 64.0 
55.0 61.0 62.0 61.0 
56.0 60.0 61.0 59.0 
283.0 62.0 94.0 129.0 
59.0 58.0 67.0 64.0 
57.0 59.0 62.0 60.0 
57.0 61.0 61.0 59.0 
285.0 62.0 94.0 127.0 
57.0 59.0 68.0 63.0 
55.0 59.0 62.0 61.0 
54.0 60.0 61.0 60.0 
276.0 61.0 93.0 126.0 
59.0 58.0 68.0 63.0 
56.0 59.0 62.0 61.0 
57.0 60.0 60.0 59.0 
272.0 60.0 94.0 125.0 
58.0 58.0 68.0 64.0 
54.0 59.0 62.0 61.0 
53.0 59.0 61.0 60.0 
287.0 61.0 92.0 119.0 
57.0 60.0 68.0 64.0 
55.0 60.0 62.0 61.0 
53.0 61.0 61.0 60.0 
250.0 61.0 91.0 108.0 
60.0 59.0 68.0 65.0 
57.0 59.0 62.0 64.0 
57.0 59.0 61.0 62.0 
265.0 61.0 91.0 109.0 
58.0 59.0 68.0 65.0 
56.0 60.0 61.0 62.0 
56.0 60.0 61.0 60.0 
233.0 60.0 89.0 98.0 
59.0 59.0 68.0 64.0 
57.0 60.0 62.0 63.0 
56.0 60.0 61.0 61.0 
221.0 61.0 87.0 87.0 
60.0 59.0 66.0 64.0 
57.0 59.0 62.0 63.0 
56.0 60.0 61.0 61.0 
230.0 60.0 87.0 87.0 
59.0 59.0 68.0 65.0 
56.0 59.0 64.0 62.0 
56.0 61.0 61.0 61.0 
220.0 61.0 87.0 86.0 
58.0 59.0 69.0 65.0 
57.0 59.0 62.0 62.0 
57.0 60.0 61.0 61.0 
236.0 60.0 87.0 87.0 
60.0 59.0 67.0 65.0 
57.0 58.0 62.0 62.0 
56.0 60.0 61.0 61.0 
233.0 60.0 87.0 88.0 
59.0 59.0 68.0 65.0 
56.0 59.0 62.0 63.0 
56.0 61.0 61.0 61.0 
230.0 60.0 87.0 87.0 
58.0 59.0 67.0 64.0 
56.0 58.0 63.0 63.0 
56.0 60.0 61.0 61.0 
230.0 60.0 87.0 87.0 
58.0 60.0 67.0 64.0 
56.0 60.0 63.0 62.0 
56.0 60.0 61.0 61.0 
226.0 60.0 87.0 86.0 
59.0 59.0 67.0 65.0 
56.0 59.0 61.0 62.0 
55.0 61.0 60.0 61.0 
228.0 60.0 87.0 87.0 
58.0 59.0 68.0 65.0 
56.0 58.0 62.0 62.0 
55.0 60.0 61.0 61.0 
215.0 61.0 87.0 85.0 
59.0 59.0 66.0 66.0 
57.0 59.0 62.0 62.0 
56.0 59.0 62.0 61.0 
225.0 60.0 88.0 88.0 
58.0 59.0 67.0 64.0 
56.0 60.0 61.0 62.0 
55.0 60.0 61.0 61.0 
217.0 61.0 87.0 86.0 
59.0 58.0 67.0 64.0 
57.0 60.0 61.0 63.0 
56.0 60.0 61.0 61.0 
215.0 60.0 88.0 85.0 
60.0 58.0 67.0 65.0 
57.0 59.0 63.0 63.0 
56.0 60.0 61.0 61.0 
219.0 59.0 89.0 85.0 
58.0 59.0 66.0 65.0 
57.0 58.0 62.0 63.0 
56.0 59.0 61.0 61.0 
221.0 60.0 87.0 86.0 
59.0 59.0 67.0 64.0 
57.0 60.0 62.0 63.0 
56.0 60.0 61.0 62.0 
209.0 60.0 87.0 84.0 
59.0 59.0 66.0 65.0 
57.0 61.0 61.0 62.0 
56.0 60.0 60.0 62.0 
204.0 62.0 87.0 84.0 
59.0 60.0 66.0 65.0 
57.0 59.0 62.0 62.0 
56.0 60.0 61.0 62.0 
194.0 63.0 87.0 83.0 
60.0 58.0 68.0 64.0 
60.0 59.0 61.0 63.0 
59.0 60.0 61.0 62.0 
169.0 60.0 87.0 82.0 
60.0 58.0 66.0 64.0 
58.0 59.0 62.0 62.0 
58.0 60.0 61.0 62.0 
174.0 61.0 87.0 81.0 
59.0 59.0 67.0 65.0 
59.0 60.0 62.0 62.0 
59.0 60.0 61.0 61.0 
176.0 60.0 87.0 82.0 
61.0 59.0 67.0 65.0 
58.0 60.0 61.0 62.0 
57.0 61.0 62.0 62.0 
179.0 60.0 89.0 83.0 
59.0 59.0 67.0 64.0 
57.0 60.0 62.0 62.0 
57.0 60.0 61.0 61.0 
176.0 60.0 87.0 82.0 
60.0 58.0 67.0 65.0 
59.0 59.0 62.0 63.0 
58.0 61.0 61.0 61.0 
180.0 61.0 87.0 83.0 
59.0 59.0 66.0 65.0 
59.0 59.0 62.0 62.0 
57.0 60.0 60.0 62.0 
189.0 60.0 87.0 82.0 
59.0 58.0 67.0 64.0 
58.0 59.0 62.0 63.0 
59.0 60.0 60.0 62.0 
176.0 60.0 88.0 82.0 
60.0 59.0 67.0 64.0 
58.0 59.0 61.0 62.0 
58.0 60.0 61.0 62.0 
174.0 59.0 87.0 81.0 
60.0 59.0 67.0 65.0 
59.0 60.0 62.0 62.0 
59.0 61.0 60.0 62.0 
171.0 60.0 87.0 82.0 
59.0 59.0 66.0 64.0 
58.0 59.0 61.0 62.0 
59.0 59.0 62.0 62.0 
175.0 60.0 87.0 82.0 
60.0 58.0 66.0 63.0 
60.0 58.0 63.0 63.0 
59.0 60.0 60.0 61.0 
132.0 61.0 88.0 82.0 
59.0 60.0 66.0 64.0 
58.0 60.0 62.0 62.0 
59.0 61.0 61.0 61.0 
160.0 60.0 88.0 81.0 
63.0 58.0 67.0 64.0 
61.0 60.0 61.0 62.0 
58.0 60.0 61.0 61.0 
158.0 60.0 88.0 81.0 
61.0 58.0 66.0 64.0 
59.0 61.0 63.0 62.0 
58.0 59.0 61.0 61.0 
168.0 60.0 88.0 81.0 
60.0 58.0 66.0 64.0 
59.0 58.0 62.0 62.0 
59.0 60.0 61.0 62.0 
165.0 60.0 87.0 82.0 
59.0 59.0 66.0 63.0 
58.0 58.0 63.0 63.0 
57.0 60.0 61.0 61.0 
169.0 61.0 88.0 82.0 
59.0 59.0 65.0 63.0 
58.0 59.0 62.0 63.0 
57.0 60.0 61.0 62.0 
158.0 61.0 89.0 80.0 
59.0 59.0 65.0 63.0 
59.0 60.0 62.0 62.0 
58.0 59.0 61.0 61.0 
158.0 59.0 87.0 80.0 
61.0 59.0 66.0 63.0 
60.0 59.0 62.0 62.0 
59.0 60.0 61.0 61.0 
155.0 60.0 88.0 80.0 
61.0 59.0 66.0 64.0 
59.0 60.0 62.0 62.0 
60.0 60.0 61.0 61.0 
158.0 59.0 88.0 80.0 
59.0 60.0 64.0 63.0 
59.0 60.0 62.0 62.0 
59.0 61.0 61.0 62.0 
156.0 60.0 87.0 80.0 
61.0 59.0 65.0 65.0 
60.0 60.0 62.0 63.0 
59.0 60.0 61.0 62.0 
156.0 60.0 87.0 80.0 
61.0 59.0 65.0 63.0 
60.0 60.0 62.0 62.0 
59.0 60.0 61.0 62.0 
152.0 60.0 87.0 80.0 
61.0 58.0 64.0 64.0 
60.0 60.0 62.0 63.0 
59.0 60.0 61.0 61.0 
152.0 60.0 90.0 80.0 
61.0 59.0 65.0 65.0 
60.0 59.0 62.0 63.0 
58.0 61.0 61.0 61.0 
155.0 60.0 90.0 80.0 
60.0 59.0 65.0 63.0 
60.0 59.0 63.0 63.0 
59.0 60.0 61.0 61.0 
154.0 60.0 91.0 81.0 
61.0 59.0 66.0 64.0 
61.0 60.0 60.0 63.0 
60.0 60.0 61.0 62.0 
152.0 60.0 91.0 80.0 
61.0 59.0 65.0 64.0 
60.0 59.0 61.0 63.0 
61.0 60.0 61.0 62.0 
155.0 59.0 93.0 81.0 
60.0 59.0 66.0 64.0 
59.0 60.0 62.0 63.0 
59.0 61.0 60.0 62.0 
151.0 60.0 92.0 81.0 
60.0 59.0 65.0 64.0 
60.0 60.0 61.0 62.0 
60.0 60.0 61.0 61.0 
153.0 60.0 86.0 79.0 
60.0 60.0 66.0 65.0 
59.0 59.0 62.0 62.0 
59.0 61.0 61.0 62.0 
157.0 60.0 86.0 80.0 
59.0 59.0 66.0 64.0 
59.0 59.0 62.0 63.0 
57.0 60.0 61.0 61.0 
159.0 60.0 86.0 80.0 
59.0 60.0 66.0 65.0 
60.0 59.0 62.0 63.0 
59.0 60.0 61.0 62.0 
157.0 60.0 86.0 80.0 
61.0 59.0 66.0 64.0 
59.0 59.0 63.0 62.0 
58.0 60.0 61.0 61.0 
158.0 59.0 86.0 80.0 
61.0 59.0 67.0 64.0 
59.0 60.0 62.0 63.0 
59.0 60.0 60.0 60.0 
161.0 59.0 86.0 79.0 
62.0 59.0 66.0 64.0 
59.0 58.0 62.0 63.0 
58.0 59.0 60.0 61.0 
168.0 60.0 90.0 82.0 
60.0 58.0 66.0 64.0 
59.0 59.0 61.0 62.0 
58.0 60.0 61.0 62.0 
167.0 60.0 90.0 81.0 
61.0 59.0 66.0 65.0 
59.0 59.0 62.0 62.0 
58.0 61.0 60.0 62.0 
172.0 60.0 90.0 81.0 
60.0 59.0 66.0 65.0 
58.0 60.0 63.0 63.0 
58.0 61.0 61.0 61.0 
172.0 59.0 88.0 81.0 
58.0 59.0 66.0 64.0 
58.0 60.0 62.0 61.0 
56.0 60.0 60.0 62.0 
173.0 60.0 89.0 81.0 
60.0 60.0 66.0 63.0 
59.0 59.0 63.0 62.0 
58.0 60.0 61.0 61.0 
171.0 60.0 86.0 81.0 
60.0 59.0 67.0 64.0 
58.0 63.0 61.0 63.0 
58.0 60.0 61.0 62.0 
170.0 60.0 87.0 81.0 
60.0 59.0 66.0 64.0 
59.0 59.0 61.0 62.0 
58.0 60.0 60.0 61.0 
172.0 60.0 88.0 83.0 
60.0 58.0 67.0 64.0 
58.0 59.0 63.0 63.0 
60.0 59.0 61.0 61.0 
169.0 59.0 88.0 81.0 
61.0 59.0 66.0 65.0 
59.0 60.0 63.0 63.0 
58.0 61.0 60.0 62.0 
169.0 60.0 89.0 81.0 
59.0 59.0 66.0 64.0 
59.0 59.0 62.0 61.0 
58.0 59.0 61.0 61.0 
170.0 60.0 90.0 82.0 
60.0 59.0 66.0 64.0 
59.0 59.0 62.0 62.0 
58.0 60.0 60.0 62.0 
167.0 60.0 89.0 83.0 
59.0 58.0 66.0 65.0 
58.0 59.0 63.0 62.0 
57.0 61.0 61.0 61.0 
168.0 60.0 89.0 82.0 
60.0 58.0 67.0 64.0 
59.0 59.0 62.0 62.0 
59.0 61.0 60.0 61.0 
171.0 60.0 90.0 82.0 
59.0 59.0 65.0 64.0 
58.0 59.0 62.0 62.0 
58.0 60.0 60.0 61.0 
168.0 60.0 92.0 83.0 
60.0 59.0 66.0 65.0 
58.0 59.0 62.0 62.0 
57.0 60.0 62.0 61.0 
174.0 60.0 92.0 83.0 
59.0 59.0 65.0 65.0 
57.0 59.0 62.0 62.0 
56.0 60.0 60.0 62.0 
175.0 59.0 90.0 83.0 
60.0 59.0 67.0 65.0 
58.0 60.0 63.0 62.0 
58.0 60.0 60.0 61.0 
174.0 60.0 87.0 83.0 
59.0 60.0 66.0 65.0 
59.0 60.0 62.0 63.0 
58.0 59.0 60.0 61.0 
173.0 60.0 87.0 80.0 
60.0 59.0 66.0 64.0 
57.0 59.0 61.0 64.0 
57.0 60.0 63.0 61.0 
173.0 60.0 88.0 82.0 
60.0 59.0 66.0 65.0 
58.0 59.0 62.0 62.0 
58.0 60.0 61.0 61.0 
174.0 60.0 88.0 82.0 
60.0 59.0 67.0 65.0 
58.0 59.0 62.0 62.0 
57.0 60.0 61.0 61.0 
175.0 59.0 89.0 82.0 
60.0 58.0 66.0 64.0 
58.0 59.0 63.0 62.0 
57.0 60.0 60.0 61.0 
173.0 60.0 87.0 81.0 
60.0 59.0 66.0 65.0 
59.0 60.0 63.0 62.0 
58.0 60.0 61.0 61.0 
158.0 60.0 88.0 81.0 
60.0 58.0 66.0 64.0 
59.0 59.0 62.0 63.0 
57.0 60.0 61.0 61.0 
174.0 60.0 87.0 82.0 
60.0 59.0 67.0 65.0 
58.0 60.0 62.0 62.0 
57.0 61.0 61.0 61.0 
173.0 60.0 87.0 80.0 
60.0 60.0 67.0 64.0 
59.0 59.0 62.0 62.0 
58.0 61.0 61.0 61.0 
172.0 60.0 88.0 82.0 
60.0 59.0 66.0 64.0 
58.0 60.0 62.0 64.0 
58.0 60.0 61.0 61.0 
170.0 59.0 87.0 81.0 
60.0 59.0 67.0 64.0 
61.0 59.0 62.0 62.0 
59.0 60.0 61.0 61.0 
147.0 60.0 88.0 79.0 
61.0 59.0 66.0 64.0 
61.0 59.0 61.0 64.0 
60.0 60.0 60.0 61.0 
152.0 60.0 89.0 80.0 
61.0 59.0 67.0 64.0 
60.0 59.0 62.0 62.0 
59.0 60.0 60.0 61.0 
150.0 59.0 87.0 80.0 
61.0 60.0 66.0 64.0 
59.0 60.0 62.0 63.0 
60.0 60.0 60.0 61.0 
144.0 60.0 86.0 79.0 
60.0 58.0 67.0 64.0 
60.0 60.0 62.0 62.0 
58.0 61.0 61.0 61.0 
146.0 60.0 86.0 79.0 
61.0 58.0 66.0 65.0 
61.0 59.0 62.0 62.0 
60.0 61.0 59.0 61.0 
144.0 60.0 87.0 78.0 
61.0 59.0 67.0 64.0 
59.0 60.0 62.0 62.0 
60.0 61.0 60.0 61.0 
143.0 59.0 86.0 78.0 
60.0 59.0 67.0 65.0 
60.0 60.0 62.0 63.0 
60.0 59.0 60.0 62.0 
142.0 60.0 87.0 79.0 
61.0 59.0 67.0 64.0 
59.0 59.0 63.0 63.0 
59.0 60.0 60.0 61.0 
141.0 61.0 88.0 79.0 
61.0 59.0 66.0 65.0 
60.0 61.0 62.0 62.0 
59.0 62.0 61.0 62.0 
138.0 60.0 88.0 80.0 
60.0 57.0 66.0 65.0 
60.0 59.0 62.0 62.0 
59.0 60.0 61.0 61.0 
144.0 61.0 88.0 79.0 
61.0 59.0 67.0 64.0 
60.0 59.0 61.0 62.0 
60.0 60.0 61.0 61.0 
152.0 60.0 88.0 80.0 
60.0 59.0 67.0 64.0 
60.0 59.0 62.0 61.0 
59.0 61.0 60.0 61.0 
154.0 60.0 88.0 80.0 
61.0 59.0 66.0 64.0 
59.0 59.0 62.0 61.0 
58.0 60.0 61.0 62.0 
158.0 61.0 89.0 81.0 
61.0 59.0 66.0 64.0 
59.0 59.0 62.0 63.0 
59.0 60.0 61.0 62.0 
158.0 60.0 89.0 81.0 
60.0 59.0 66.0 64.0 
59.0 59.0 62.0 62.0 
58.0 61.0 60.0 62.0 
158.0 60.0 89.0 80.0 
61.0 59.0 66.0 65.0 
59.0 59.0 62.0 62.0 
58.0 60.0 60.0 61.0 
159.0 60.0 88.0 79.0 
61.0 60.0 66.0 64.0 
60.0 59.0 62.0 62.0 
59.0 60.0 60.0 63.0 
152.0 61.0 89.0 81.0 
62.0 59.0 66.0 65.0 
61.0 59.0 62.0 62.0 
60.0 60.0 61.0 61.0 
151.0 59.0 88.0 80.0 
61.0 58.0 66.0 64.0 
60.0 59.0 63.0 62.0 
60.0 61.0 60.0 61.0 
145.0 60.0 88.0 80.0 
61.0 59.0 66.0 64.0 
59.0 59.0 62.0 62.0 
59.0 60.0 61.0 61.0 
144.0 60.0 86.0 79.0 
60.0 59.0 66.0 65.0 
60.0 60.0 62.0 63.0 
59.0 60.0 61.0 61.0 
152.0 59.0 86.0 80.0 
62.0 59.0 66.0 64.0 
60.0 62.0 62.0 63.0 
61.0 60.0 61.0 61.0 
151.0 61.0 87.0 80.0 
61.0 59.0 67.0 65.0 
60.0 59.0 62.0 62.0 
60.0 60.0 61.0 61.0 
152.0 61.0 86.0 79.0 
60.0 59.0 66.0 64.0 
59.0 59.0 62.0 62.0 
58.0 61.0 61.0 62.0 
154.0 60.0 87.0 80.0 
62.0 59.0 67.0 64.0 
59.0 59.0 62.0 63.0 
59.0 60.0 61.0 61.0 
155.0 60.0 86.0 80.0 
61.0 59.0 66.0 64.0 
59.0 60.0 62.0 62.0 
59.0 60.0 62.0 62.0 
159.0 60.0 87.0 81.0 
60.0 59.0 66.0 65.0 
59.0 59.0 62.0 62.0 
59.0 61.0 62.0 61.0 
156.0 59.0 86.0 80.0 
61.0 59.0 65.0 66.0 
58.0 59.0 62.0 63.0 
60.0 61.0 59.0 62.0 
156.0 59.0 88.0 80.0 
60.0 59.0 66.0 64.0 
58.0 59.0 63.0 62.0 
59.0 59.0 60.0 61.0 
154.0 60.0 87.0 80.0 
61.0 58.0 66.0 65.0 
61.0 59.0 62.0 63.0 
58.0 60.0 61.0 61.0 
152.0 60.0 87.0 79.0 
60.0 58.0 66.0 64.0 
60.0 60.0 62.0 62.0 
59.0 59.0 61.0 61.0 
152.0 61.0 89.0 80.0 
60.0 59.0 67.0 64.0 
60.0 60.0 62.0 62.0 
59.0 60.0 61.0 61.0 
154.0 60.0 86.0 80.0 
62.0 59.0 67.0 63.0 
60.0 60.0 61.0 62.0 
60.0 60.0 61.0 62.0 
152.0 61.0 87.0 80.0 
62.0 58.0 67.0 65.0 
59.0 60.0 62.0 62.0 
58.0 61.0 61.0 62.0 
151.0 61.0 87.0 80.0 
61.0 57.0 67.0 64.0 
58.0 60.0 63.0 62.0 
58.0 59.0 61.0 61.0 
154.0 60.0 88.0 79.0 
61.0 59.0 66.0 64.0 
59.0 59.0 62.0 62.0 
59.0 60.0 61.0 61.0 
154.0 59.0 87.0 80.0 
61.0 59.0 66.0 64.0 
59.0 60.0 62.0 62.0 
60.0 61.0 61.0 62.0 
151.0 60.0 88.0 80.0 
61.0 58.0 66.0 65.0 
59.0 60.0 62.0 62.0 
59.0 60.0 60.0 62.0 
149.0 60.0 87.0 79.0 
61.0 59.0 66.0 64.0 
59.0 59.0 63.0 63.0 
59.0 61.0 61.0 61.0 
149.0 60.0 88.0 79.0 
61.0 59.0 66.0 64.0 
60.0 60.0 62.0 63.0 
60.0 60.0 61.0 62.0 
146.0 60.0 88.0 80.0 
61.0 59.0 67.0 64.0 
60.0 62.0 62.0 62.0 
59.0 61.0 61.0 61.0 
148.0 61.0 88.0 80.0 
61.0 59.0 66.0 63.0 
60.0 60.0 61.0 62.0 
59.0 61.0 61.0 62.0 
150.0 60.0 88.0 80.0 
60.0 58.0 67.0 64.0 
59.0 59.0 62.0 62.0 
59.0 60.0 61.0 61.0 
146.0 59.0 87.0 79.0 
61.0 58.0 66.0 65.0 
60.0 59.0 61.0 62.0 
59.0 59.0 59.0 61.0 
149.0 60.0 88.0 79.0 
61.0 60.0 66.0 63.0 
60.0 59.0 62.0 60.0 
58.0 60.0 61.0 62.0 
147.0 60.0 88.0 79.0 
61.0 59.0 65.0 65.0 
59.0 60.0 61.0 63.0 
59.0 60.0 61.0 61.0 
148.0 60.0 88.0 79.0 
61.0 59.0 66.0 64.0 
60.0 59.0 62.0 63.0 
61.0 60.0 62.0 61.0 
142.0 61.0 88.0 78.0 
61.0 58.0 66.0 64.0 
61.0 59.0 62.0 62.0 
60.0 60.0 61.0 61.0 
141.0 60.0 88.0 78.0 
61.0 59.0 66.0 65.0 
60.0 59.0 62.0 62.0 
59.0 60.0 61.0 62.0 
144.0 60.0 86.0 79.0 
63.0 58.0 66.0 64.0 
59.0 60.0 61.0 62.0 
59.0 60.0 61.0 62.0 
146.0 58.0 87.0 78.0 
62.0 59.0 66.0 64.0 
60.0 61.0 62.0 63.0 
60.0 61.0 61.0 62.0 
143.0 60.0 87.0 78.0 
62.0 59.0 66.0 64.0 
61.0 60.0 62.0 63.0 
61.0 60.0 61.0 61.0 
144.0 60.0 86.0 79.0 
60.0 59.0 66.0 64.0 
60.0 60.0 61.0 62.0 
60.0 60.0 61.0 62.0 
144.0 60.0 87.0 79.0 
60.0 59.0 66.0 64.0 
59.0 60.0 61.0 62.0 
59.0 59.0 61.0 61.0 
146.0 60.0 85.0 79.0 
60.0 57.0 66.0 65.0 
58.0 59.0 62.0 62.0 
58.0 59.0 60.0 61.0 
148.0 60.0 86.0 78.0 
60.0 59.0 66.0 64.0 
59.0 59.0 63.0 63.0 
58.0 60.0 62.0 62.0 
147.0 59.0 85.0 78.0 
60.0 60.0 66.0 64.0 
58.0 60.0 61.0 62.0 
58.0 60.0 61.0 62.0 
145.0 60.0 86.0 77.0 
61.0 59.0 66.0 65.0 
60.0 60.0 62.0 62.0 
60.0 59.0 61.0 62.0 
148.0 59.0 85.0 78.0 
62.0 58.0 67.0 64.0 
59.0 60.0 62.0 63.0 
59.0 60.0 61.0 62.0 
145.0 61.0 87.0 78.0 
60.0 59.0 66.0 64.0 
59.0 59.0 62.0 61.0 
59.0 59.0 61.0 61.0 
146.0 59.0 83.0 79.0 
61.0 59.0 67.0 65.0 
60.0 60.0 62.0 62.0 
60.0 60.0 63.0 61.0 
147.0 60.0 84.0 78.0 
60.0 59.0 67.0 65.0 
59.0 60.0 62.0 62.0 
58.0 60.0 60.0 62.0 
143.0 59.0 84.0 77.0 
61.0 59.0 66.0 65.0 
59.0 60.0 62.0 62.0 
59.0 61.0 61.0 61.0 
144.0 60.0 86.0 78.0 
61.0 58.0 67.0 64.0 
59.0 59.0 61.0 63.0 
58.0 60.0 61.0 62.0 
142.0 60.0 87.0 78.0 
61.0 59.0 67.0 65.0 
59.0 60.0 63.0 62.0 
59.0 60.0 61.0 62.0 
143.0 60.0 86.0 78.0 
61.0 59.0 67.0 65.0 
60.0 59.0 62.0 62.0 
58.0 60.0 60.0 62.0 
142.0 61.0 85.0 78.0 
61.0 59.0 67.0 64.0 
59.0 59.0 62.0 62.0 
59.0 60.0 61.0 62.0 
145.0 60.0 85.0 78.0 
61.0 58.0 66.0 65.0 
60.0 59.0 61.0 63.0 
59.0 60.0 62.0 61.0 
144.0 60.0 85.0 78.0 
61.0 58.0 67.0 64.0 
60.0 60.0 62.0 62.0 
58.0 60.0 61.0 61.0 
146.0 61.0 85.0 78.0 
61.0 59.0 66.0 65.0 
59.0 60.0 61.0 62.0 
59.0 61.0 61.0 62.0 
144.0 60.0 85.0 79.0 
62.0 58.0 67.0 64.0 
60.0 59.0 62.0 62.0 
60.0 60.0 60.0 62.0 
145.0 59.0 84.0 78.0 
60.0 59.0 68.0 65.0 
59.0 59.0 62.0 62.0 
59.0 61.0 61.0 62.0 
150.0 59.0 84.0 79.0 
61.0 59.0 67.0 64.0 
60.0 59.0 62.0 63.0 
58.0 61.0 61.0 61.0 
151.0 60.0 86.0 79.0 
60.0 59.0 67.0 65.0 
59.0 60.0 62.0 62.0 
58.0 60.0 62.0 62.0 
150.0 60.0 86.0 79.0 
61.0 60.0 66.0 65.0 
59.0 60.0 62.0 63.0 
59.0 62.0 62.0 62.0 
149.0 59.0 86.0 79.0 
61.0 59.0 66.0 65.0 
59.0 59.0 62.0 62.0 
59.0 60.0 61.0 61.0 
149.0 59.0 85.0 79.0 
61.0 59.0 66.0 64.0 
60.0 59.0 62.0 62.0 
59.0 59.0 60.0 62.0 
148.0 60.0 86.0 79.0 
61.0 59.0 66.0 64.0 
60.0 60.0 62.0 61.0 
59.0 60.0 61.0 62.0 
147.0 60.0 86.0 79.0 
61.0 60.0 66.0 64.0 
60.0 59.0 62.0 63.0 
60.0 61.0 62.0 62.0 
147.0 59.0 86.0 79.0 
61.0 59.0 67.0 64.0 
59.0 60.0 62.0 62.0 
60.0 60.0 61.0 61.0 
147.0 60.0 84.0 79.0 
62.0 59.0 67.0 65.0 
60.0 59.0 64.0 62.0 
59.0 60.0 61.0 62.0 
146.0 60.0 84.0 79.0 
62.0 59.0 65.0 64.0 
59.0 61.0 59.0 62.0 
59.0 61.0 61.0 62.0 
145.0 62.0 84.0 79.0 
60.0 58.0 67.0 65.0 
59.0 60.0 62.0 62.0 
59.0 60.0 60.0 63.0 
147.0 60.0 83.0 78.0 
61.0 60.0 66.0 65.0 
59.0 59.0 62.0 62.0 
60.0 60.0 61.0 61.0 
146.0 60.0 83.0 78.0 
61.0 59.0 67.0 64.0 
59.0 59.0 63.0 63.0 
60.0 59.0 62.0 62.0 
146.0 60.0 83.0 78.0 
60.0 59.0 66.0 64.0 
59.0 61.0 63.0 62.0 
59.0 60.0 61.0 62.0 
146.0 60.0 82.0 77.0 
61.0 59.0 67.0 64.0 
58.0 59.0 62.0 63.0 
58.0 61.0 62.0 61.0 
146.0 60.0 82.0 77.0 
60.0 59.0 67.0 65.0 
59.0 59.0 62.0 62.0 
59.0 59.0 62.0 62.0 
147.0 61.0 82.0 78.0 
60.0 59.0 67.0 65.0 
59.0 59.0 62.0 62.0 
59.0 59.0 61.0 61.0 
147.0 60.0 82.0 78.0 
60.0 59.0 67.0 65.0 
60.0 59.0 63.0 62.0 
59.0 59.0 61.0 61.0 
143.0 60.0 82.0 78.0 
61.0 59.0 67.0 64.0 
59.0 60.0 63.0 61.0 
59.0 60.0 62.0 61.0 
145.0 60.0 83.0 78.0 
61.0 59.0 66.0 64.0 
60.0 60.0 62.0 63.0 
60.0 59.0 61.0 61.0 
144.0 60.0 83.0 77.0 
60.0 58.0 66.0 64.0 
60.0 59.0 62.0 63.0 
59.0 61.0 61.0 62.0 
144.0 59.0 83.0 78.0 
60.0 59.0 66.0 64.0 
59.0 60.0 62.0 62.0 
59.0 60.0 60.0 62.0 
144.0 59.0 83.0 77.0 
61.0 59.0 67.0 65.0 
60.0 59.0 62.0 62.0 
59.0 61.0 60.0 62.0 
143.0 60.0 83.0 77.0 
62.0 59.0 67.0 65.0 
60.0 60.0 62.0 62.0 
60.0 60.0 61.0 62.0 
142.0 60.0 83.0 78.0 
61.0 59.0 67.0 65.0 
59.0 59.0 62.0 62.0 
59.0 60.0 60.0 60.0 
148.0 60.0 83.0 78.0 
61.0 59.0 66.0 65.0 
60.0 59.0 63.0 62.0 
59.0 60.0 61.0 61.0 
148.0 59.0 83.0 78.0 
61.0 60.0 67.0 64.0 
60.0 59.0 63.0 63.0 
58.0 60.0 60.0 63.0 
148.0 60.0 83.0 77.0 
61.0 59.0 66.0 67.0 
61.0 59.0 62.0 62.0 
60.0 60.0 61.0 62.0 
142.0 59.0 84.0 77.0 
61.0 59.0 67.0 65.0 
60.0 59.0 62.0 62.0 
59.0 61.0 61.0 62.0 
148.0 60.0 83.0 78.0 
61.0 60.0 67.0 64.0 
60.0 58.0 62.0 62.0 
60.0 61.0 61.0 62.0 
146.0 60.0 83.0 78.0 
61.0 58.0 67.0 64.0 
60.0 60.0 62.0 62.0 
60.0 61.0 61.0 62.0 
139.0 59.0 83.0 76.0 
62.0 60.0 66.0 65.0 
60.0 60.0 62.0 63.0 
60.0 60.0 61.0 61.0 
137.0 60.0 82.0 77.0 
61.0 57.0 67.0 65.0 
60.0 59.0 62.0 62.0 
59.0 60.0 62.0 62.0 
140.0 59.0 83.0 77.0 
61.0 59.0 66.0 65.0 
60.0 60.0 62.0 62.0 
59.0 60.0 60.0 61.0 
144.0 60.0 82.0 77.0 
60.0 59.0 66.0 65.0 
60.0 60.0 61.0 62.0 
59.0 60.0 61.0 62.0 
144.0 60.0 83.0 78.0 
61.0 59.0 67.0 64.0 
60.0 59.0 62.0 63.0 
60.0 59.0 61.0 61.0 
145.0 60.0 83.0 78.0 
61.0 59.0 66.0 66.0 
60.0 60.0 62.0 61.0 
59.0 59.0 62.0 63.0 
143.0 60.0 83.0 77.0 
61.0 60.0 65.0 65.0 
60.0 61.0 62.0 62.0 
60.0 60.0 61.0 62.0 
143.0 60.0 83.0 78.0 
60.0 59.0 67.0 64.0 
60.0 58.0 62.0 63.0 
60.0 58.0 61.0 62.0 
144.0 61.0 83.0 77.0 
62.0 59.0 67.0 65.0 
60.0 60.0 62.0 62.0 
60.0 60.0 61.0 62.0 
140.0 60.0 81.0 78.0 
61.0 59.0 67.0 64.0 
59.0 60.0 62.0 62.0 
60.0 60.0 61.0 62.0 
144.0 60.0 82.0 78.0 
61.0 59.0 66.0 65.0 
60.0 60.0 62.0 62.0 
60.0 59.0 62.0 62.0 
138.0 60.0 82.0 77.0 
61.0 59.0 66.0 66.0 
60.0 60.0 62.0 62.0 
59.0 60.0 62.0 62.0 
137.0 60.0 82.0 77.0 
61.0 59.0 66.0 65.0 
60.0 60.0 61.0 63.0 
60.0 61.0 61.0 62.0 
136.0 60.0 83.0 76.0 
61.0 59.0 66.0 65.0 
60.0 60.0 61.0 62.0 
60.0 60.0 61.0 62.0 
137.0 60.0 82.0 77.0 
62.0 58.0 68.0 65.0 
61.0 60.0 62.0 62.0 
59.0 62.0 60.0 62.0 
139.0 60.0 81.0 77.0 
61.0 59.0 67.0 66.0 
60.0 59.0 63.0 63.0 
60.0 60.0 61.0 62.0 
143.0 59.0 83.0 78.0 
61.0 59.0 67.0 64.0 
59.0 60.0 62.0 62.0 
59.0 60.0 61.0 61.0 
140.0 60.0 83.0 77.0 
62.0 59.0 67.0 64.0 
60.0 59.0 63.0 62.0 
59.0 61.0 61.0 62.0 
140.0 60.0 84.0 78.0 
62.0 59.0 67.0 65.0 
59.0 60.0 62.0 63.0 
61.0 59.0 62.0 62.0 
137.0 60.0 83.0 76.0 
61.0 60.0 66.0 65.0 
60.0 59.0 62.0 62.0 
59.0 60.0 62.0 62.0 
139.0 60.0 83.0 77.0 
61.0 58.0 66.0 65.0 
60.0 60.0 61.0 63.0 
60.0 59.0 61.0 62.0 
134.0 60.0 83.0 78.0 
62.0 58.0 67.0 64.0 
60.0 59.0 62.0 62.0 
60.0 61.0 61.0 62.0 
135.0 60.0 83.0 77.0 
62.0 59.0 67.0 65.0 
60.0 61.0 62.0 63.0 
61.0 60.0 61.0 62.0 
136.0 60.0 84.0 78.0 
62.0 59.0 66.0 65.0 
61.0 60.0 62.0 63.0 
61.0 58.0 61.0 61.0 
138.0 60.0 84.0 77.0 
63.0 59.0 67.0 64.0 
60.0 60.0 61.0 62.0 
61.0 61.0 61.0 63.0 
133.0 60.0 83.0 77.0 
62.0 59.0 68.0 65.0 
61.0 60.0 63.0 62.0 
62.0 61.0 61.0 62.0 
133.0 59.0 84.0 77.0 
63.0 58.0 67.0 65.0 
61.0 59.0 63.0 62.0 
61.0 60.0 61.0 62.0 
132.0 61.0 84.0 77.0 
61.0 59.0 66.0 65.0 
60.0 60.0 62.0 62.0 
61.0 60.0 61.0 62.0 
134.0 59.0 83.0 76.0 
63.0 59.0 67.0 65.0 
60.0 60.0 61.0 64.0 
61.0 60.0 61.0 62.0 
134.0 61.0 83.0 77.0 
62.0 59.0 67.0 65.0 
61.0 60.0 63.0 63.0 
59.0 60.0 61.0 62.0 
135.0 60.0 83.0 77.0 
62.0 59.0 67.0 64.0 
60.0 61.0 62.0 62.0 
60.0 60.0 61.0 62.0 
132.0 60.0 83.0 76.0 
60.0 59.0 66.0 65.0 
60.0 60.0 62.0 62.0 
61.0 61.0 61.0 62.0 
136.0 59.0 84.0 78.0 
61.0 58.0 67.0 65.0 
61.0 59.0 61.0 62.0 
60.0 60.0 60.0 62.0 
140.0 60.0 83.0 78.0 
62.0 59.0 67.0 65.0 
60.0 59.0 62.0 63.0 
61.0 59.0 62.0 62.0 
137.0 60.0 84.0 78.0 
61.0 59.0 66.0 66.0 
60.0 59.0 61.0 62.0 
60.0 60.0 62.0 62.0 
136.0 60.0 83.0 77.0 
62.0 59.0 67.0 65.0 
60.0 60.0 61.0 62.0 
60.0 60.0 62.0 62.0 
135.0 60.0 82.0 77.0 
62.0 59.0 67.0 65.0 
61.0 59.0 62.0 62.0 
61.0 61.0 60.0 61.0 
135.0 60.0 81.0 77.0 
63.0 58.0 67.0 64.0 
61.0 59.0 62.0 62.0 
61.0 60.0 61.0 61.0 
129.0 60.0 82.0 77.0 
62.0 59.0 66.0 65.0 
61.0 60.0 62.0 62.0 
61.0 61.0 61.0 63.0 
130.0 60.0 82.0 76.0 
62.0 59.0 67.0 64.0 
61.0 60.0 62.0 62.0 
60.0 60.0 61.0 61.0 
118.0 61.0 82.0 75.0 
63.0 59.0 67.0 64.0 
61.0 59.0 63.0 63.0 
61.0 60.0 61.0 61.0 
131.0 60.0 83.0 76.0 
62.0 59.0 66.0 64.0 
61.0 60.0 61.0 62.0 
61.0 61.0 60.0 62.0 
120.0 60.0 84.0 76.0 
61.0 59.0 66.0 65.0 
60.0 60.0 61.0 63.0 
60.0 61.0 61.0 62.0 
122.0 60.0 83.0 77.0 
62.0 59.0 67.0 65.0 
60.0 59.0 62.0 64.0 
61.0 62.0 61.0 62.0 
124.0 60.0 84.0 76.0 
61.0 59.0 67.0 64.0 
61.0 60.0 61.0 63.0 
60.0 60.0 61.0 62.0 
126.0 60.0 84.0 77.0 
61.0 59.0 67.0 65.0 
59.0 59.0 62.0 63.0 
60.0 60.0 62.0 61.0 
120.0 60.0 83.0 77.0 
62.0 58.0 67.0 65.0 
60.0 60.0 62.0 63.0 
60.0 60.0 61.0 62.0 
124.0 60.0 83.0 76.0 
60.0 59.0 66.0 64.0 
60.0 58.0 61.0 64.0 
61.0 60.0 61.0 61.0 
108.0 60.0 81.0 74.0 
62.0 58.0 67.0 65.0 
60.0 59.0 62.0 62.0 
60.0 61.0 60.0 61.0 
109.0 59.0 82.0 74.0 
63.0 58.0 66.0 65.0 
61.0 59.0 63.0 63.0 
62.0 60.0 61.0 62.0 
99.0 60.0 82.0 73.0 
63.0 60.0 67.0 65.0 
61.0 60.0 62.0 63.0 
61.0 60.0 61.0 62.0 
109.0 60.0 83.0 74.0 
62.0 58.0 67.0 65.0 
60.0 59.0 61.0 62.0 
60.0 60.0 61.0 62.0 
101.0 60.0 84.0 73.0 
62.0 59.0 66.0 65.0 
61.0 59.0 63.0 63.0 
60.0 60.0 61.0 61.0 
99.0 59.0 81.0 73.0 
62.0 59.0 67.0 65.0 
61.0 60.0 61.0 63.0 
60.0 61.0 61.0 61.0 
98.0 60.0 82.0 73.0 
61.0 59.0 66.0 65.0 
61.0 59.0 62.0 63.0 
61.0 60.0 60.0 61.0 
101.0 60.0 83.0 74.0 
62.0 59.0 67.0 64.0 
61.0 59.0 63.0 63.0 
59.0 60.0 62.0 62.0 
103.0 61.0 82.0 74.0 
62.0 58.0 67.0 65.0 
60.0 59.0 63.0 63.0 
60.0 61.0 61.0 62.0 
102.0 58.0 83.0 73.0 
61.0 59.0 67.0 63.0 
60.0 59.0 62.0 63.0 
60.0 60.0 61.0 61.0 
101.0 60.0 82.0 73.0 
61.0 59.0 67.0 65.0 
60.0 60.0 63.0 63.0 
60.0 60.0 61.0 62.0 
99.0 60.0 83.0 74.0 
62.0 59.0 67.0 65.0 
60.0 60.0 62.0 63.0 
60.0 60.0 61.0 61.0 
103.0 61.0 82.0 74.0 
63.0 59.0 67.0 65.0 
61.0 59.0 63.0 63.0 
60.0 60.0 61.0 61.0 
104.0 58.0 83.0 74.0 
61.0 59.0 67.0 65.0 
61.0 59.0 62.0 63.0 
61.0 59.0 59.0 62.0 
101.0 60.0 83.0 73.0 
62.0 59.0 67.0 65.0 
61.0 58.0 63.0 64.0 
61.0 60.0 61.0 62.0 
100.0 59.0 83.0 73.0 
62.0 59.0 67.0 65.0 
61.0 60.0 62.0 65.0 
61.0 60.0 61.0 61.0 
97.0 60.0 83.0 73.0 
62.0 59.0 67.0 65.0 
62.0 59.0 62.0 62.0 
61.0 60.0 61.0 62.0 
97.0 61.0 82.0 73.0 
62.0 59.0 67.0 65.0 
61.0 60.0 63.0 63.0 
60.0 61.0 62.0 62.0 
96.0 60.0 83.0 74.0 
62.0 58.0 67.0 65.0 
61.0 60.0 62.0 63.0 
61.0 60.0 61.0 62.0 
97.0 59.0 82.0 73.0 
62.0 59.0 67.0 65.0 
61.0 59.0 62.0 63.0 
60.0 60.0 61.0 61.0 
95.0 60.0 82.0 73.0 
63.0 59.0 67.0 65.0 
61.0 60.0 63.0 63.0 
61.0 61.0 61.0 62.0 
97.0 60.0 82.0 73.0 
62.0 59.0 66.0 64.0 
61.0 59.0 61.0 62.0 
60.0 60.0 61.0 62.0 
96.0 60.0 83.0 72.0 
63.0 58.0 67.0 64.0 
62.0 60.0 62.0 62.0 
61.0 60.0 62.0 61.0 
98.0 60.0 82.0 73.0 
62.0 58.0 67.0 64.0 
61.0 59.0 62.0 62.0 
60.0 61.0 60.0 62.0 
99.0 59.0 82.0 73.0 
62.0 59.0 67.0 65.0 
61.0 58.0 62.0 62.0 
61.0 60.0 60.0 61.0 
97.0 60.0 82.0 73.0 
61.0 59.0 67.0 65.0 
61.0 59.0 62.0 63.0 
61.0 60.0 61.0 61.0 
94.0 60.0 81.0 73.0 
62.0 59.0 67.0 66.0 
61.0 59.0 61.0 63.0 
61.0 59.0 61.0 61.0 
92.0 60.0 81.0 73.0 
62.0 60.0 67.0 64.0 
61.0 58.0 63.0 63.0 
61.0 60.0 61.0 61.0 
93.0 60.0 82.0 73.0 
63.0 58.0 67.0 65.0 
62.0 59.0 63.0 64.0 
61.0 60.0 61.0 61.0 
95.0 60.0 81.0 72.0 
62.0 60.0 67.0 65.0 
61.0 59.0 62.0 63.0 
60.0 59.0 61.0 61.0 
97.0 60.0 81.0 73.0 
62.0 60.0 66.0 65.0 
61.0 60.0 62.0 63.0 
60.0 60.0 61.0 62.0 
100.0 59.0 81.0 73.0 
61.0 59.0 67.0 66.0 
60.0 59.0 63.0 63.0 
59.0 60.0 61.0 63.0 
97.0 58.0 81.0 72.0 
62.0 59.0 67.0 65.0 
61.0 59.0 61.0 63.0 
60.0 61.0 61.0 62.0 
96.0 59.0 81.0 73.0 
62.0 59.0 67.0 64.0 
61.0 59.0 63.0 63.0 
61.0 59.0 61.0 61.0 
98.0 60.0 81.0 73.0 
62.0 58.0 67.0 65.0 
61.0 59.0 62.0 63.0 
60.0 60.0 60.0 62.0 
95.0 60.0 81.0 73.0 
62.0 58.0 67.0 64.0 
61.0 59.0 62.0 63.0 
61.0 60.0 61.0 61.0 
98.0 61.0 83.0 73.0 
61.0 58.0 68.0 65.0 
60.0 59.0 62.0 63.0 
60.0 60.0 61.0 61.0 
99.0 58.0 82.0 73.0 
62.0 59.0 66.0 65.0 
61.0 60.0 61.0 63.0 
61.0 61.0 60.0 62.0 
98.0 60.0 83.0 73.0 
62.0 59.0 67.0 65.0 
61.0 59.0 62.0 62.0 
60.0 60.0 61.0 62.0 
99.0 61.0 81.0 73.0 
61.0 59.0 67.0 65.0 
61.0 59.0 62.0 62.0 
60.0 61.0 62.0 62.0 
99.0 59.0 81.0 73.0 
61.0 59.0 67.0 65.0 
61.0 59.0 61.0 63.0 
61.0 60.0 61.0 62.0 
99.0 61.0 81.0 73.0 
61.0 59.0 67.0 65.0 
61.0 59.0 62.0 62.0 
60.0 60.0 62.0 62.0 
100.0 60.0 81.0 73.0 
63.0 58.0 67.0 65.0 
60.0 59.0 61.0 63.0 
60.0 60.0 62.0 62.0 
100.0 60.0 82.0 74.0 
62.0 59.0 68.0 64.0 
60.0 59.0 63.0 62.0 
60.0 61.0 61.0 62.0 
98.0 61.0 81.0 72.0 
62.0 60.0 66.0 66.0 
60.0 59.0 62.0 63.0 
61.0 60.0 62.0 61.0 
98.0 59.0 81.0 73.0 
62.0 58.0 67.0 66.0 
59.0 60.0 63.0 63.0 
61.0 60.0 60.0 62.0 
99.0 59.0 82.0 73.0 
62.0 58.0 66.0 65.0 
61.0 60.0 61.0 63.0 
61.0 60.0 62.0 62.0 
100.0 60.0 82.0 74.0 
61.0 58.0 67.0 65.0 
61.0 59.0 63.0 64.0 
60.0 61.0 61.0 61.0 
98.0 59.0 82.0 74.0 
61.0 59.0 68.0 65.0 
60.0 60.0 62.0 63.0 
61.0 59.0 61.0 62.0 
100.0 60.0 81.0 72.0 
61.0 59.0 66.0 66.0 
60.0 59.0 62.0 63.0 
60.0 59.0 61.0 62.0 
98.0 60.0 82.0 73.0 
61.0 59.0 66.0 65.0 
60.0 60.0 60.0 63.0 
61.0 60.0 61.0 63.0 
99.0 60.0 81.0 73.0 
62.0 58.0 67.0 65.0 
61.0 59.0 61.0 62.0 
61.0 59.0 62.0 62.0 
98.0 60.0 81.0 73.0 
62.0 58.0 67.0 65.0 
60.0 59.0 62.0 63.0 
60.0 60.0 61.0 61.0 
97.0 59.0 80.0 72.0 
61.0 59.0 67.0 64.0 
61.0 60.0 62.0 64.0 
61.0 59.0 61.0 62.0 
96.0 60.0 80.0 72.0 
62.0 58.0 67.0 65.0 
61.0 59.0 62.0 65.0 
61.0 60.0 60.0 62.0 
97.0 59.0 81.0 73.0 
62.0 59.0 68.0 65.0 
61.0 59.0 62.0 63.0 
60.0 59.0 61.0 62.0 
97.0 59.0 81.0 73.0 
62.0 58.0 67.0 65.0 
60.0 58.0 62.0 63.0 
60.0 60.0 61.0 63.0 
97.0 60.0 80.0 73.0 
61.0 58.0 67.0 65.0 
61.0 59.0 62.0 62.0 
60.0 60.0 61.0 62.0 
98.0 60.0 79.0 72.0 
62.0 59.0 67.0 64.0 
60.0 59.0 61.0 63.0 
60.0 61.0 62.0 62.0 
98.0 60.0 80.0 72.0 
62.0 58.0 67.0 65.0 
61.0 58.0 62.0 63.0 
61.0 60.0 61.0 62.0 
99.0 59.0 80.0 73.0 
62.0 59.0 68.0 65.0 
60.0 60.0 62.0 64.0 
60.0 60.0 61.0 62.0 
97.0 59.0 80.0 73.0 
62.0 60.0 68.0 64.0 
61.0 60.0 62.0 63.0 
61.0 60.0 61.0 62.0 
97.0 59.0 81.0 72.0 
61.0 60.0 67.0 65.0 
60.0 62.0 61.0 63.0 
60.0 60.0 60.0 63.0 
97.0 59.0 81.0 73.0 
62.0 59.0 67.0 65.0 
60.0 59.0 63.0 63.0 
61.0 61.0 62.0 61.0 
97.0 60.0 81.0 73.0 
62.0 58.0 67.0 65.0 
61.0 60.0 62.0 63.0 
60.0 61.0 61.0 62.0 
99.0 59.0 81.0 73.0 
62.0 58.0 67.0 65.0 
60.0 59.0 62.0 63.0 
60.0 60.0 60.0 62.0 
96.0 60.0 80.0 72.0 
61.0 59.0 67.0 65.0 
60.0 60.0 61.0 64.0 
62.0 60.0 61.0 61.0 
96.0 60.0 81.0 72.0 
62.0 59.0 66.0 65.0 
60.0 60.0 62.0 63.0 
61.0 59.0 61.0 62.0 
95.0 59.0 81.0 72.0 
63.0 58.0 67.0 64.0 
61.0 58.0 62.0 63.0 
59.0 62.0 60.0 62.0 
97.0 60.0 81.0 72.0 
63.0 58.0 67.0 65.0 
61.0 59.0 62.0 62.0 
60.0 60.0 61.0 61.0 
92.0 60.0 81.0 72.0 
62.0 59.0 67.0 64.0 
61.0 60.0 62.0 64.0 
60.0 61.0 60.0 62.0 
94.0 60.0 81.0 73.0 
62.0 59.0 66.0 65.0 
61.0 59.0 62.0 63.0 
60.0 60.0 61.0 62.0 
94.0 59.0 81.0 73.0 
61.0 59.0 67.0 65.0 
61.0 59.0 62.0 63.0 
60.0 61.0 60.0 62.0 
99.0 60.0 81.0 73.0 
62.0 58.0 67.0 65.0 
59.0 60.0 61.0 63.0 
60.0 62.0 61.0 63.0 
95.0 60.0 81.0 73.0 
62.0 58.0 66.0 64.0 
61.0 59.0 62.0 63.0 
61.0 60.0 61.0 62.0 
98.0 60.0 81.0 72.0 
61.0 59.0 67.0 64.0 
61.0 59.0 61.0 63.0 
60.0 59.0 61.0 61.0 
99.0 60.0 81.0 73.0 
61.0 59.0 67.0 65.0 
61.0 59.0 61.0 63.0 
61.0 60.0 61.0 62.0 
98.0 60.0 80.0 73.0 
62.0 58.0 68.0 64.0 
61.0 59.0 63.0 62.0 
60.0 60.0 61.0 62.0 
95.0 59.0 81.0 72.0 
62.0 59.0 67.0 65.0 
60.0 60.0 63.0 63.0 
60.0 60.0 62.0 61.0 
90.0 59.0 81.0 73.0 
62.0 59.0 67.0 65.0 
62.0 58.0 62.0 64.0 
60.0 60.0 60.0 61.0 
92.0 60.0 82.0 72.0 
62.0 60.0 67.0 64.0 
61.0 59.0 62.0 63.0 
61.0 59.0 62.0 62.0 
93.0 60.0 81.0 72.0 
62.0 60.0 66.0 65.0 
60.0 59.0 63.0 62.0 
60.0 60.0 61.0 62.0 
96.0 59.0 81.0 72.0 
62.0 58.0 67.0 65.0 
61.0 60.0 62.0 63.0 
60.0 61.0 61.0 61.0 
96.0 60.0 81.0 73.0 
62.0 60.0 67.0 65.0 
61.0 60.0 62.0 63.0 
60.0 60.0 61.0 61.0 
96.0 59.0 81.0 73.0 
63.0 58.0 68.0 64.0 
60.0 60.0 62.0 63.0 
60.0 61.0 60.0 61.0 
94.0 60.0 81.0 72.0 
62.0 59.0 67.0 65.0 
62.0 59.0 63.0 63.0 
60.0 60.0 61.0 63.0 
92.0 59.0 81.0 73.0 
62.0 59.0 67.0 65.0 
61.0 61.0 62.0 63.0 
60.0 61.0 61.0 62.0 
96.0 59.0 81.0 72.0 
62.0 59.0 68.0 65.0 
60.0 59.0 62.0 63.0 
61.0 60.0 60.0 61.0 
100.0 59.0 82.0 73.0 
62.0 59.0 67.0 66.0 
60.0 59.0 63.0 63.0 
60.0 60.0 60.0 62.0 
95.0 60.0 80.0 73.0 
62.0 59.0 67.0 65.0 
60.0 59.0 62.0 63.0 
61.0 60.0 62.0 62.0 
96.0 60.0 81.0 73.0 
61.0 58.0 66.0 65.0 
62.0 59.0 62.0 63.0 
60.0 61.0 60.0 62.0 
97.0 60.0 81.0 73.0 
62.0 58.0 66.0 65.0 
61.0 60.0 62.0 63.0 
61.0 58.0 61.0 62.0 
97.0 59.0 82.0 73.0 
62.0 59.0 67.0 64.0 
61.0 60.0 63.0 65.0 
61.0 60.0 61.0 62.0 
96.0 59.0 81.0 73.0 
62.0 59.0 66.0 65.0 
61.0 59.0 63.0 63.0 
60.0 59.0 62.0 62.0 
95.0 60.0 82.0 74.0 
63.0 58.0 67.0 64.0 
61.0 61.0 62.0 63.0 
61.0 60.0 62.0 61.0 
97.0 60.0 80.0 73.0 
62.0 59.0 66.0 64.0 
61.0 59.0 61.0 62.0 
60.0 60.0 61.0 62.0 
99.0 60.0 82.0 74.0 
62.0 57.0 67.0 66.0 
60.0 59.0 61.0 63.0 
60.0 61.0 60.0 63.0 
100.0 59.0 81.0 74.0 
62.0 59.0 67.0 64.0 
60.0 59.0 62.0 63.0 
60.0 60.0 60.0 62.0 
96.0 60.0 81.0 73.0 
61.0 58.0 67.0 64.0 
61.0 60.0 62.0 63.0 
60.0 60.0 61.0 61.0 
99.0 60.0 82.0 73.0 
62.0 58.0 67.0 65.0 
60.0 59.0 62.0 63.0 
60.0 61.0 61.0 62.0 
98.0 59.0 82.0 74.0 
62.0 59.0 66.0 65.0 
61.0 60.0 62.0 63.0 
60.0 60.0 60.0 61.0 
97.0 61.0 82.0 74.0 
62.0 59.0 66.0 65.0 
61.0 59.0 63.0 62.0 
60.0 60.0 61.0 62.0 
101.0 60.0 82.0 73.0 
62.0 59.0 66.0 65.0 
61.0 60.0 62.0 63.0 
60.0 60.0 61.0 61.0 
99.0 60.0 82.0 74.0 
62.0 59.0 67.0 65.0 
61.0 58.0 61.0 63.0 
61.0 60.0 61.0 61.0 
99.0 59.0 82.0 73.0 
62.0 59.0 66.0 64.0 
61.0 59.0 62.0 63.0 
61.0 59.0 60.0 61.0 
97.0 60.0 82.0 73.0 
62.0 59.0 66.0 65.0 
61.0 59.0 61.0 63.0 
61.0 60.0 61.0 61.0 
100.0 59.0 82.0 73.0 
61.0 59.0 66.0 65.0 
61.0 59.0 61.0 63.0 
61.0 60.0 60.0 61.0 
99.0 60.0 82.0 74.0 
62.0 61.0 66.0 65.0 
61.0 60.0 61.0 63.0 
60.0 60.0 62.0 61.0 
100.0 60.0 82.0 74.0 
62.0 58.0 66.0 64.0 
60.0 59.0 61.0 64.0 
60.0 60.0 61.0 61.0 
102.0 59.0 83.0 74.0 
62.0 59.0 66.0 65.0 
60.0 59.0 63.0 63.0 
60.0 61.0 60.0 62.0 
102.0 60.0 83.0 75.0 
62.0 59.0 66.0 64.0 
60.0 61.0 62.0 63.0 
60.0 59.0 61.0 62.0 
102.0 59.0 82.0 75.0 
60.0 60.0 66.0 64.0 
60.0 59.0 62.0 63.0 
61.0 60.0 61.0 62.0 
103.0 60.0 83.0 76.0 
62.0 58.0 67.0 64.0 
61.0 59.0 62.0 63.0 
59.0 60.0 61.0 61.0 
103.0 60.0 83.0 76.0 
62.0 58.0 67.0 64.0 
60.0 58.0 62.0 63.0 
60.0 60.0 61.0 62.0 
107.0 61.0 83.0 77.0 
62.0 59.0 66.0 65.0 
60.0 60.0 61.0 63.0 
60.0 60.0 60.0 62.0 
105.0 59.0 84.0 76.0 
61.0 59.0 64.0 64.0 
60.0 60.0 61.0 63.0 
59.0 60.0 61.0 61.0 
106.0 60.0 83.0 77.0 
60.0 59.0 66.0 64.0 
60.0 59.0 62.0 63.0 
59.0 60.0 61.0 61.0 
107.0 60.0 83.0 77.0 
61.0 59.0 66.0 65.0 
60.0 59.0 61.0 63.0 
61.0 60.0 61.0 61.0 
108.0 60.0 82.0 76.0 
60.0 59.0 65.0 65.0 
61.0 61.0 61.0 64.0 
59.0 61.0 62.0 62.0 
107.0 61.0 82.0 77.0 
61.0 58.0 66.0 64.0 
61.0 59.0 62.0 62.0 
59.0 61.0 61.0 62.0 
106.0 60.0 83.0 75.0 
62.0 59.0 67.0 64.0 
60.0 59.0 62.0 63.0 
60.0 60.0 61.0 61.0 
107.0 60.0 83.0 76.0 
61.0 59.0 66.0 64.0 
60.0 59.0 62.0 62.0 
60.0 60.0 60.0 61.0 
106.0 60.0 83.0 77.0 
61.0 59.0 66.0 65.0 
60.0 59.0 61.0 63.0 
60.0 60.0 61.0 61.0 
104.0 61.0 84.0 76.0 
61.0 58.0 65.0 64.0 
60.0 60.0 62.0 63.0 
60.0 60.0 60.0 61.0 
107.0 59.0 85.0 77.0 
61.0 57.0 67.0 64.0 
60.0 59.0 62.0 63.0 
59.0 60.0 60.0 62.0 
108.0 60.0 84.0 77.0 
61.0 59.0 66.0 65.0 
60.0 59.0 62.0 62.0 
59.0 60.0 61.0 61.0 
108.0 60.0 84.0 76.0 
62.0 59.0 66.0 64.0 
60.0 60.0 62.0 62.0 
60.0 60.0 61.0 62.0 
104.0 60.0 82.0 76.0 
61.0 58.0 66.0 64.0 
59.0 59.0 61.0 63.0 
60.0 60.0 61.0 62.0 
108.0 60.0 84.0 76.0 
60.0 58.0 67.0 64.0 
59.0 59.0 62.0 63.0 
59.0 61.0 61.0 62.0 
105.0 59.0 84.0 76.0 
61.0 59.0 66.0 65.0 
61.0 59.0 61.0 62.0 
60.0 60.0 60.0 61.0 
106.0 60.0 83.0 77.0 
61.0 59.0 66.0 64.0 
60.0 59.0 62.0 62.0 
60.0 60.0 61.0 62.0 
109.0 60.0 84.0 76.0 
60.0 59.0 67.0 65.0 
60.0 59.0 62.0 63.0 
60.0 61.0 61.0 62.0 
107.0 60.0 83.0 77.0 
61.0 59.0 66.0 64.0 
59.0 58.0 61.0 64.0 
58.0 61.0 61.0 61.0 
108.0 59.0 83.0 77.0 
61.0 58.0 66.0 64.0 
60.0 59.0 62.0 62.0 
60.0 60.0 60.0 61.0 
110.0 59.0 84.0 77.0 
61.0 59.0 67.0 64.0 
59.0 61.0 61.0 63.0 
59.0 60.0 59.0 62.0 
109.0 60.0 84.0 78.0 
61.0 59.0 66.0 65.0 
60.0 60.0 62.0 62.0 
60.0 59.0 61.0 61.0 
109.0 60.0 84.0 77.0 
61.0 59.0 66.0 65.0 
60.0 59.0 62.0 63.0 
60.0 60.0 61.0 61.0 
109.0 60.0 83.0 78.0 
62.0 59.0 65.0 65.0 
60.0 58.0 63.0 62.0 
60.0 60.0 61.0 61.0 
108.0 61.0 82.0 77.0 
61.0 58.0 67.0 65.0 
60.0 60.0 61.0 62.0 
60.0 60.0 60.0 61.0 
107.0 59.0 84.0 77.0 
62.0 58.0 66.0 65.0 
60.0 60.0 62.0 62.0 
59.0 60.0 58.0 62.0 
108.0 60.0 84.0 76.0 
61.0 59.0 66.0 64.0 
59.0 59.0 62.0 62.0 
60.0 60.0 61.0 61.0 
108.0 60.0 84.0 78.0 
61.0 59.0 66.0 65.0 
60.0 59.0 62.0 63.0 
60.0 59.0 62.0 61.0 
108.0 60.0 85.0 77.0 
61.0 58.0 66.0 64.0 
59.0 60.0 62.0 63.0 
60.0 60.0 61.0 61.0 
107.0 60.0 84.0 79.0 
61.0 58.0 67.0 64.0 
61.0 60.0 61.0 62.0 
60.0 59.0 62.0 62.0 
109.0 60.0 84.0 77.0 
61.0 59.0 65.0 64.0 
59.0 59.0 61.0 63.0 
59.0 60.0 61.0 61.0 
107.0 60.0 84.0 77.0 
60.0 58.0 65.0 64.0 
59.0 59.0 62.0 62.0 
60.0 60.0 61.0 60.0 
109.0 59.0 84.0 77.0 
60.0 61.0 66.0 65.0 
60.0 59.0 62.0 63.0 
59.0 59.0 61.0 61.0 
108.0 60.0 86.0 76.0 
60.0 60.0 66.0 64.0 
60.0 59.0 61.0 63.0 
60.0 60.0 61.0 61.0 
109.0 59.0 86.0 77.0 
61.0 59.0 66.0 64.0 
59.0 60.0 61.0 64.0 
60.0 60.0 60.0 61.0 
106.0 60.0 86.0 76.0 
61.0 59.0 66.0 64.0 
60.0 59.0 61.0 63.0 
58.0 60.0 61.0 61.0 
103.0 61.0 84.0 77.0 
62.0 59.0 66.0 64.0 
60.0 60.0 62.0 62.0 
60.0 60.0 62.0 61.0 
104.0 60.0 86.0 77.0 
62.0 58.0 66.0 64.0 
60.0 61.0 60.0 62.0 
60.0 60.0 61.0 61.0 
105.0 60.0 85.0 76.0 
62.0 59.0 66.0 64.0 
61.0 59.0 61.0 64.0 
60.0 59.0 61.0 62.0 
105.0 60.0 84.0 77.0 
61.0 58.0 66.0 64.0 
60.0 60.0 61.0 63.0 
59.0 60.0 61.0 60.0 
105.0 60.0 85.0 77.0 
61.0 59.0 67.0 64.0 
60.0 60.0 61.0 63.0 
59.0 60.0 60.0 61.0 
101.0 61.0 84.0 77.0 
62.0 58.0 66.0 63.0 
61.0 58.0 62.0 63.0 
60.0 60.0 61.0 61.0 
100.0 59.0 85.0 76.0 
61.0 58.0 67.0 65.0 
60.0 60.0 62.0 62.0 
60.0 60.0 61.0 62.0 
100.0 60.0 85.0 76.0 
61.0 59.0 66.0 63.0 
61.0 58.0 61.0 61.0 
60.0 59.0 61.0 61.0 
100.0 59.0 85.0 77.0 
61.0 59.0 66.0 65.0 
60.0 59.0 62.0 62.0 
61.0 60.0 60.0 61.0 
104.0 60.0 85.0 77.0 
61.0 59.0 67.0 64.0 
60.0 59.0 62.0 63.0 
60.0 61.0 60.0 61.0 
105.0 60.0 85.0 76.0 
61.0 59.0 66.0 64.0 
60.0 58.0 61.0 63.0 
60.0 60.0 61.0 61.0 
101.0 60.0 84.0 77.0 
62.0 59.0 66.0 65.0 
60.0 59.0 62.0 63.0 
60.0 59.0 61.0 62.0 
101.0 60.0 85.0 77.0 
62.0 58.0 67.0 65.0 
60.0 59.0 62.0 64.0 
60.0 59.0 61.0 61.0 
100.0 59.0 84.0 76.0 
61.0 59.0 66.0 64.0 
61.0 59.0 63.0 62.0 
60.0 60.0 60.0 61.0 
100.0 59.0 83.0 76.0 
62.0 59.0 67.0 64.0 
61.0 59.0 62.0 62.0 
60.0 60.0 60.0 62.0 
98.0 60.0 84.0 76.0 
61.0 59.0 66.0 65.0 
60.0 59.0 62.0 63.0 
61.0 60.0 61.0 60.0 
98.0 60.0 84.0 75.0 
62.0 59.0 66.0 66.0 
60.0 59.0 62.0 63.0 
60.0 60.0 60.0 61.0 
99.0 60.0 85.0 76.0 
62.0 58.0 65.0 65.0 
60.0 59.0 62.0 63.0 
60.0 59.0 61.0 61.0 
98.0 60.0 82.0 74.0 
62.0 59.0 66.0 64.0 
60.0 58.0 61.0 63.0 
60.0 60.0 60.0 61.0 
98.0 60.0 83.0 74.0 
62.0 58.0 66.0 64.0 
60.0 58.0 60.0 63.0 
60.0 59.0 58.0 61.0 
99.0 59.0 83.0 74.0 
61.0 59.0 67.0 65.0 
61.0 59.0 61.0 61.0 
61.0 61.0 60.0 62.0 
97.0 60.0 83.0 75.0 
62.0 59.0 66.0 65.0 
60.0 59.0 62.0 63.0 
60.0 60.0 60.0 62.0 
96.0 60.0 84.0 74.0 
61.0 59.0 65.0 64.0 
61.0 59.0 62.0 63.0 
60.0 60.0 61.0 61.0 
98.0 59.0 84.0 74.0 
62.0 60.0 66.0 65.0 
60.0 60.0 61.0 62.0 
60.0 60.0 60.0 61.0 
98.0 59.0 83.0 75.0 
61.0 59.0 66.0 66.0 
60.0 60.0 61.0 63.0 
60.0 60.0 61.0 61.0 
98.0 59.0 84.0 74.0 
62.0 59.0 66.0 64.0 
60.0 59.0 61.0 63.0 
60.0 59.0 60.0 61.0 
98.0 60.0 84.0 74.0 
62.0 59.0 67.0 64.0 
60.0 59.0 61.0 64.0 
59.0 60.0 61.0 61.0 
97.0 60.0 84.0 73.0 
61.0 59.0 66.0 65.0 
60.0 59.0 61.0 61.0 
59.0 61.0 61.0 62.0 
97.0 60.0 84.0 73.0 
62.0 59.0 66.0 64.0 
59.0 59.0 61.0 63.0 
60.0 60.0 60.0 62.0 
96.0 61.0 84.0 74.0 
61.0 59.0 66.0 65.0 
61.0 59.0 61.0 63.0 
60.0 60.0 61.0 61.0 
97.0 59.0 83.0 74.0 
62.0 58.0 66.0 64.0 
60.0 59.0 61.0 63.0 
60.0 60.0 61.0 61.0 
99.0 59.0 83.0 75.0 
61.0 59.0 66.0 64.0 
60.0 59.0 61.0 62.0 
60.0 60.0 60.0 61.0 
98.0 59.0 84.0 74.0 
61.0 59.0 66.0 64.0 
60.0 60.0 61.0 63.0 
61.0 59.0 61.0 61.0 
99.0 60.0 83.0 75.0 
61.0 56.0 66.0 65.0 
60.0 59.0 62.0 62.0 
60.0 60.0 60.0 61.0 
100.0 59.0 83.0 75.0 
62.0 59.0 66.0 64.0 
60.0 58.0 62.0 63.0 
60.0 60.0 60.0 61.0 
100.0 59.0 85.0 75.0 
62.0 59.0 66.0 65.0 
61.0 59.0 63.0 63.0 
60.0 60.0 61.0 61.0 
101.0 60.0 84.0 75.0 
61.0 60.0 66.0 64.0 
60.0 58.0 61.0 63.0 
60.0 60.0 61.0 61.0 
101.0 60.0 83.0 74.0 
63.0 59.0 66.0 64.0 
61.0 59.0 63.0 62.0 
61.0 60.0 61.0 62.0 
102.0 59.0 84.0 74.0 
62.0 59.0 67.0 64.0 
59.0 60.0 62.0 62.0 
59.0 61.0 59.0 61.0 
102.0 60.0 84.0 74.0 
62.0 59.0 65.0 64.0 
60.0 59.0 62.0 63.0 
60.0 60.0 61.0 61.0 
101.0 59.0 83.0 74.0 
62.0 59.0 66.0 64.0 
61.0 61.0 62.0 63.0 
59.0 60.0 60.0 61.0 
101.0 60.0 83.0 73.0 
60.0 60.0 66.0 65.0 
60.0 60.0 62.0 63.0 
60.0 60.0 60.0 61.0 
101.0 60.0 83.0 74.0 
62.0 58.0 66.0 65.0 
60.0 59.0 63.0 63.0 
60.0 59.0 60.0 61.0 
105.0 59.0 84.0 76.0 
62.0 58.0 67.0 64.0 
59.0 60.0 61.0 63.0 
60.0 60.0 60.0 61.0 
107.0 60.0 85.0 77.0 
63.0 59.0 65.0 64.0 
60.0 59.0 61.0 62.0 
61.0 60.0 60.0 61.0 
112.0 59.0 85.0 77.0 
62.0 60.0 67.0 65.0 
60.0 60.0 61.0 63.0 
60.0 59.0 61.0 61.0 
111.0 60.0 85.0 77.0 
61.0 59.0 66.0 65.0 
61.0 60.0 62.0 63.0 
60.0 61.0 62.0 61.0 
114.0 59.0 85.0 77.0 
61.0 58.0 66.0 64.0 
60.0 58.0 62.0 62.0 
60.0 60.0 59.0 62.0 
111.0 60.0 85.0 78.0 
62.0 59.0 66.0 64.0 
61.0 60.0 62.0 62.0 
59.0 60.0 60.0 61.0 
112.0 59.0 85.0 78.0 
62.0 59.0 66.0 64.0 
61.0 59.0 61.0 63.0 
59.0 61.0 60.0 61.0 
113.0 60.0 85.0 77.0 
62.0 59.0 66.0 63.0 
61.0 59.0 62.0 63.0 
60.0 60.0 60.0 60.0 
112.0 59.0 85.0 77.0 
62.0 59.0 66.0 65.0 
60.0 58.0 61.0 63.0 
60.0 61.0 60.0 62.0 
112.0 60.0 85.0 77.0 
62.0 58.0 67.0 64.0 
60.0 59.0 62.0 62.0 
60.0 60.0 60.0 61.0 
112.0 60.0 85.0 78.0 
62.0 58.0 66.0 64.0 
61.0 60.0 61.0 63.0 
60.0 60.0 60.0 61.0 
113.0 60.0 85.0 77.0 
62.0 59.0 66.0 64.0 
61.0 59.0 62.0 63.0 
59.0 60.0 61.0 61.0 
114.0 59.0 85.0 76.0 
62.0 59.0 66.0 65.0 
61.0 59.0 61.0 63.0 
59.0 60.0 60.0 62.0 
111.0 60.0 85.0 76.0 
62.0 60.0 66.0 64.0 
61.0 61.0 62.0 63.0 
60.0 60.0 61.0 61.0 
113.0 59.0 85.0 76.0 
63.0 60.0 66.0 65.0 
59.0 59.0 61.0 63.0 
61.0 59.0 60.0 61.0 
115.0 60.0 84.0 77.0 
62.0 59.0 66.0 65.0 
60.0 60.0 61.0 62.0 
60.0 61.0 62.0 62.0 
113.0 60.0 84.0 76.0 
61.0 59.0 66.0 66.0 
60.0 59.0 61.0 63.0 
60.0 60.0 60.0 61.0 
114.0 59.0 85.0 77.0 
62.0 58.0 66.0 65.0 
61.0 60.0 61.0 63.0 
61.0 60.0 60.0 61.0 
112.0 60.0 84.0 77.0 
62.0 59.0 66.0 65.0 
60.0 59.0 62.0 62.0 
60.0 60.0 61.0 61.0 
114.0 60.0 84.0 77.0 
62.0 59.0 66.0 64.0 
60.0 59.0 62.0 62.0 
60.0 60.0 61.0 61.0 
112.0 60.0 84.0 75.0 
62.0 60.0 65.0 64.0 
61.0 59.0 62.0 62.0 
60.0 60.0 61.0 61.0 
114.0 60.0 84.0 76.0 
61.0 58.0 66.0 65.0 
60.0 61.0 61.0 63.0 
60.0 60.0 60.0 62.0 
114.0 60.0 84.0 75.0 
62.0 59.0 67.0 64.0 
61.0 60.0 62.0 62.0 
60.0 60.0 60.0 61.0 
113.0 60.0 84.0 76.0 
61.0 59.0 66.0 66.0 
60.0 59.0 62.0 63.0 
59.0 61.0 61.0 62.0 
114.0 59.0 84.0 76.0 
62.0 58.0 66.0 65.0 
61.0 59.0 62.0 63.0 
61.0 60.0 60.0 62.0 
113.0 60.0 84.0 76.0 
62.0 59.0 66.0 65.0 
61.0 59.0 62.0 62.0 
60.0 60.0 60.0 62.0 
114.0 60.0 83.0 75.0 
62.0 59.0 66.0 65.0 
60.0 60.0 61.0 63.0 
60.0 60.0 60.0 62.0 
111.0 59.0 83.0 76.0 
62.0 59.0 66.0 64.0 
59.0 59.0 61.0 62.0 
59.0 60.0 60.0 62.0 
110.0 60.0 83.0 74.0 
62.0 59.0 66.0 64.0 
61.0 59.0 62.0 62.0 
59.0 60.0 60.0 61.0 
112.0 59.0 85.0 76.0 
61.0 60.0 67.0 64.0 
61.0 60.0 61.0 62.0 
60.0 60.0 60.0 61.0 
112.0 60.0 83.0 75.0 
62.0 58.0 66.0 64.0 
60.0 59.0 61.0 62.0 
59.0 60.0 60.0 61.0 
112.0 60.0 84.0 76.0 
62.0 59.0 66.0 65.0 
61.0 60.0 62.0 63.0 
62.0 59.0 61.0 61.0 
112.0 59.0 83.0 75.0 
62.0 59.0 66.0 65.0 
61.0 58.0 61.0 63.0 
61.0 60.0 60.0 61.0 
113.0 62.0 84.0 76.0 
61.0 59.0 66.0 64.0 
60.0 59.0 61.0 63.0 
60.0 60.0 61.0 61.0 
112.0 61.0 84.0 75.0 
62.0 58.0 65.0 65.0 
61.0 59.0 62.0 63.0 
60.0 60.0 61.0 60.0 
111.0 60.0 84.0 76.0 
62.0 58.0 66.0 64.0 
62.0 58.0 62.0 62.0 
60.0 60.0 60.0 61.0 
111.0 59.0 85.0 75.0 
62.0 59.0 67.0 65.0 
60.0 61.0 61.0 62.0 
60.0 60.0 61.0 62.0 
112.0 60.0 84.0 76.0 
62.0 58.0 66.0 64.0 
60.0 60.0 61.0 62.0 
60.0 60.0 60.0 62.0 
111.0 60.0 84.0 76.0 
62.0 59.0 66.0 65.0 
61.0 59.0 63.0 63.0 
60.0 60.0 61.0 61.0 
112.0 60.0 85.0 77.0 
62.0 59.0 66.0 64.0 
61.0 59.0 61.0 63.0 
60.0 60.0 60.0 62.0 
112.0 59.0 85.0 77.0 
61.0 59.0 66.0 64.0 
60.0 59.0 61.0 62.0 
61.0 61.0 61.0 62.0 
111.0 59.0 86.0 76.0 
62.0 59.0 66.0 65.0 
61.0 59.0 61.0 63.0 
61.0 61.0 60.0 60.0 
109.0 59.0 85.0 77.0 
62.0 58.0 66.0 65.0 
61.0 59.0 62.0 63.0 
60.0 59.0 60.0 62.0 
110.0 60.0 84.0 76.0 
62.0 59.0 66.0 65.0 
59.0 60.0 62.0 64.0 
60.0 60.0 62.0 61.0 
110.0 59.0 84.0 76.0 
62.0 58.0 66.0 65.0 
60.0 60.0 62.0 62.0 
60.0 60.0 60.0 61.0 
110.0 60.0 84.0 75.0 
62.0 58.0 66.0 65.0 
60.0 58.0 62.0 63.0 
60.0 61.0 61.0 62.0 
112.0 60.0 84.0 75.0 
63.0 59.0 66.0 65.0 
60.0 60.0 61.0 62.0 
60.0 59.0 62.0 60.0 
111.0 59.0 84.0 75.0 
62.0 59.0 66.0 64.0 
60.0 60.0 62.0 63.0 
60.0 60.0 60.0 61.0 
111.0 59.0 85.0 75.0 
61.0 59.0 65.0 64.0 
60.0 60.0 61.0 63.0 
60.0 60.0 60.0 61.0 
112.0 58.0 84.0 75.0 
61.0 59.0 67.0 65.0 
61.0 59.0 61.0 63.0 
60.0 60.0 61.0 61.0 
110.0 59.0 85.0 75.0 
63.0 58.0 67.0 63.0 
61.0 59.0 62.0 63.0 
59.0 60.0 61.0 63.0 
111.0 59.0 84.0 75.0 
62.0 59.0 66.0 64.0 
61.0 59.0 62.0 63.0 
59.0 60.0 61.0 62.0 
112.0 60.0 84.0 76.0 
61.0 58.0 66.0 65.0 
60.0 60.0 61.0 63.0 
61.0 60.0 61.0 61.0 
114.0 60.0 82.0 76.0 
61.0 59.0 65.0 64.0 
61.0 59.0 62.0 63.0 
60.0 61.0 61.0 61.0 
113.0 61.0 83.0 76.0 
63.0 58.0 67.0 64.0 
62.0 59.0 62.0 62.0 
60.0 60.0 61.0 61.0 
112.0 60.0 84.0 75.0 
60.0 58.0 66.0 65.0 
60.0 60.0 61.0 63.0 
59.0 60.0 61.0 60.0 
112.0 60.0 83.0 76.0 
62.0 58.0 67.0 65.0 
60.0 60.0 61.0 63.0 
60.0 60.0 61.0 62.0 
114.0 60.0 83.0 75.0 
62.0 58.0 66.0 64.0 
61.0 59.0 61.0 63.0 
60.0 60.0 61.0 61.0 
113.0 60.0 84.0 76.0 
62.0 59.0 66.0 64.0 
59.0 60.0 61.0 63.0 
60.0 59.0 61.0 61.0 
112.0 60.0 83.0 76.0 
63.0 58.0 66.0 65.0 
61.0 60.0 62.0 62.0 
60.0 60.0 60.0 62.0 
113.0 59.0 83.0 76.0 
62.0 60.0 65.0 64.0 
60.0 59.0 61.0 62.0 
60.0 60.0 61.0 61.0 
112.0 60.0 84.0 76.0 
61.0 59.0 66.0 64.0 
60.0 60.0 61.0 62.0 
60.0 60.0 61.0 61.0 
113.0 60.0 83.0 75.0 
62.0 59.0 67.0 64.0 
61.0 59.0 62.0 62.0 
60.0 60.0 60.0 62.0 
112.0 60.0 82.0 77.0 
61.0 59.0 66.0 64.0 
60.0 59.0 61.0 62.0 
60.0 60.0 60.0 61.0 
113.0 60.0 82.0 76.0 
62.0 59.0 66.0 65.0 
61.0 59.0 62.0 62.0 
61.0 60.0 60.0 61.0 
113.0 60.0 82.0 75.0 
62.0 59.0 65.0 65.0 
60.0 59.0 61.0 63.0 
60.0 60.0 61.0 62.0 
112.0 61.0 83.0 75.0 
62.0 59.0 66.0 65.0 
61.0 60.0 61.0 64.0 
60.0 60.0 60.0 61.0 
112.0 60.0 83.0 76.0 
62.0 58.0 66.0 65.0 
60.0 60.0 62.0 62.0 
58.0 59.0 61.0 62.0 
112.0 60.0 83.0 76.0 
62.0 59.0 66.0 66.0 
61.0 59.0 62.0 63.0 
60.0 60.0 61.0 61.0 
112.0 60.0 84.0 75.0 
60.0 58.0 66.0 64.0 
61.0 60.0 61.0 62.0 
60.0 61.0 60.0 61.0 
111.0 60.0 83.0 75.0 
62.0 59.0 66.0 65.0 
61.0 59.0 62.0 63.0 
60.0 59.0 61.0 61.0 
112.0 59.0 83.0 75.0 
62.0 59.0 66.0 64.0 
60.0 59.0 61.0 63.0 
62.0 59.0 60.0 62.0 
111.0 59.0 83.0 75.0 
62.0 59.0 66.0 64.0 
60.0 59.0 61.0 64.0 
60.0 60.0 60.0 61.0 
110.0 60.0 83.0 76.0 
62.0 59.0 66.0 65.0 
60.0 60.0 61.0 63.0 
59.0 60.0 61.0 61.0 
111.0 59.0 84.0 76.0 
62.0 57.0 66.0 64.0 
61.0 59.0 62.0 63.0 
60.0 59.0 61.0 61.0 
111.0 60.0 83.0 76.0 
62.0 59.0 66.0 65.0 
60.0 59.0 61.0 63.0 
60.0 59.0 61.0 60.0 
111.0 60.0 83.0 76.0 
62.0 59.0 67.0 64.0 
60.0 60.0 61.0 63.0 
60.0 60.0 61.0 61.0 
110.0 59.0 84.0 75.0 
62.0 59.0 65.0 65.0 
61.0 59.0 62.0 63.0 
60.0 60.0 61.0 61.0 
110.0 60.0 82.0 76.0 
62.0 58.0 66.0 65.0 
60.0 59.0 62.0 62.0 
60.0 60.0 61.0 61.0 
111.0 60.0 84.0 74.0 
62.0 59.0 66.0 65.0 
60.0 59.0 62.0 63.0 
60.0 60.0 61.0 61.0 
110.0 60.0 84.0 76.0 
62.0 59.0 66.0 65.0 
60.0 59.0 62.0 63.0 
59.0 60.0 61.0 61.0 
111.0 58.0 83.0 76.0 
62.0 58.0 66.0 65.0 
60.0 59.0 62.0 62.0 
60.0 60.0 60.0 62.0 
111.0 60.0 84.0 76.0 
62.0 59.0 66.0 65.0 
61.0 58.0 63.0 62.0 
60.0 60.0 61.0 62.0 
111.0 59.0 83.0 75.0 
62.0 57.0 66.0 64.0 
61.0 59.0 63.0 63.0 
61.0 59.0 60.0 62.0 
110.0 59.0 84.0 76.0 
61.0 59.0 66.0 65.0 
60.0 59.0 61.0 63.0 
61.0 60.0 60.0 61.0 
111.0 59.0 84.0 76.0 
61.0 59.0 66.0 64.0 
60.0 60.0 62.0 63.0 
60.0 60.0 61.0 62.0 
112.0 60.0 83.0 76.0 
62.0 59.0 66.0 64.0 
61.0 59.0 61.0 63.0 
60.0 60.0 61.0 62.0 
113.0 60.0 83.0 76.0 
62.0 59.0 66.0 65.0 
60.0 61.0 62.0 62.0 
60.0 60.0 61.0 61.0 
113.0 59.0 83.0 76.0 
61.0 58.0 66.0 65.0 
60.0 59.0 61.0 63.0 
60.0 60.0 60.0 62.0 
112.0 60.0 82.0 75.0 
62.0 58.0 66.0 64.0 
61.0 59.0 62.0 62.0 
60.0 60.0 61.0 62.0 
110.0 60.0 83.0 76.0 
61.0 59.0 66.0 65.0 
61.0 59.0 61.0 63.0 
60.0 60.0 61.0 62.0 
113.0 59.0 84.0 75.0 
61.0 59.0 66.0 64.0 
61.0 59.0 62.0 62.0 
61.0 60.0 61.0 61.0 
111.0 60.0 83.0 75.0 
62.0 59.0 65.0 64.0 
61.0 60.0 62.0 62.0 
61.0 59.0 61.0 62.0 
111.0 60.0 83.0 76.0 
62.0 58.0 66.0 65.0 
61.0 60.0 63.0 63.0 
61.0 60.0 61.0 62.0 
112.0 60.0 84.0 76.0 
61.0 58.0 66.0 64.0 
60.0 59.0 62.0 62.0 
61.0 60.0 61.0 61.0 
113.0 59.0 83.0 75.0 
61.0 60.0 66.0 64.0 
60.0 59.0 61.0 64.0 
60.0 60.0 60.0 63.0 
112.0 59.0 84.0 76.0 
62.0 58.0 66.0 64.0 
59.0 60.0 61.0 63.0 
60.0 60.0 61.0 62.0 
112.0 60.0 83.0 76.0 
62.0 59.0 66.0 65.0 
61.0 58.0 61.0 63.0 
60.0 59.0 61.0 62.0 
114.0 59.0 84.0 76.0 
62.0 58.0 66.0 65.0 
60.0 59.0 61.0 63.0 
60.0 60.0 61.0 62.0 
112.0 59.0 84.0 76.0 
62.0 59.0 66.0 64.0 
61.0 60.0 61.0 63.0 
60.0 59.0 60.0 62.0 
113.0 60.0 84.0 76.0 
61.0 59.0 66.0 64.0 
59.0 59.0 61.0 64.0 
61.0 60.0 61.0 61.0 
114.0 60.0 83.0 76.0 
62.0 60.0 66.0 64.0 
60.0 61.0 62.0 65.0 
60.0 60.0 61.0 62.0 
117.0 59.0 84.0 75.0 
62.0 58.0 66.0 64.0 
61.0 59.0 61.0 63.0 
61.0 60.0 60.0 62.0 
118.0 60.0 84.0 76.0 
62.0 60.0 66.0 64.0 
60.0 59.0 62.0 63.0 
60.0 60.0 61.0 62.0 
117.0 60.0 84.0 77.0 
63.0 58.0 66.0 65.0 
61.0 59.0 62.0 62.0 
59.0 59.0 62.0 61.0 
116.0 60.0 84.0 76.0 
62.0 58.0 66.0 65.0 
61.0 59.0 63.0 62.0 
60.0 60.0 60.0 63.0 
117.0 60.0 83.0 77.0 
62.0 59.0 66.0 64.0 
60.0 59.0 62.0 63.0 
60.0 61.0 60.0 62.0 
117.0 59.0 83.0 76.0 
62.0 59.0 66.0 65.0 
