104.0 58.0 82.0 73.0 
58.0 57.0 60.0 60.0 
59.0 58.0 62.0 63.0 
57.0 59.0 58.0 59.0 
103.0 59.0 81.0 73.0 
58.0 58.0 60.0 60.0 
59.0 58.0 63.0 62.0 
58.0 59.0 60.0 59.0 
104.0 58.0 82.0 72.0 
58.0 58.0 60.0 60.0 
60.0 58.0 61.0 63.0 
59.0 59.0 58.0 59.0 
104.0 58.0 82.0 73.0 
58.0 58.0 60.0 60.0 
59.0 58.0 62.0 63.0 
58.0 58.0 60.0 59.0 
105.0 59.0 82.0 73.0 
58.0 57.0 60.0 60.0 
59.0 57.0 62.0 63.0 
57.0 59.0 59.0 60.0 
104.0 58.0 82.0 72.0 
57.0 58.0 60.0 60.0 
60.0 58.0 62.0 63.0 
58.0 59.0 59.0 59.0 
104.0 58.0 81.0 73.0 
59.0 57.0 61.0 61.0 
60.0 59.0 62.0 62.0 
58.0 59.0 59.0 59.0 
105.0 59.0 82.0 72.0 
59.0 57.0 60.0 59.0 
60.0 58.0 62.0 63.0 
58.0 58.0 59.0 59.0 
105.0 59.0 82.0 72.0 
59.0 57.0 61.0 60.0 
59.0 59.0 62.0 63.0 
59.0 59.0 59.0 59.0 
103.0 59.0 81.0 72.0 
59.0 57.0 60.0 59.0 
59.0 59.0 63.0 62.0 
58.0 59.0 58.0 60.0 
103.0 59.0 82.0 73.0 
58.0 57.0 61.0 60.0 
59.0 60.0 63.0 62.0 
58.0 59.0 59.0 60.0 
104.0 59.0 82.0 73.0 
58.0 58.0 61.0 59.0 
60.0 58.0 62.0 63.0 
59.0 59.0 59.0 60.0 
104.0 60.0 82.0 72.0 
58.0 57.0 60.0 60.0 
59.0 58.0 62.0 62.0 
58.0 59.0 59.0 60.0 
103.0 59.0 82.0 73.0 
58.0 58.0 60.0 61.0 
59.0 58.0 64.0 64.0 
59.0 59.0 59.0 59.0 
104.0 59.0 82.0 73.0 
58.0 57.0 60.0 60.0 
60.0 58.0 62.0 63.0 
59.0 58.0 60.0 59.0 
103.0 59.0 80.0 72.0 
59.0 58.0 60.0 60.0 
60.0 58.0 62.0 63.0 
58.0 59.0 60.0 59.0 
104.0 58.0 81.0 73.0 
58.0 57.0 61.0 60.0 
60.0 58.0 62.0 63.0 
58.0 58.0 59.0 60.0 
104.0 59.0 81.0 74.0 
58.0 58.0 60.0 60.0 
60.0 58.0 63.0 62.0 
58.0 59.0 58.0 59.0 
104.0 59.0 82.0 72.0 
59.0 57.0 61.0 60.0 
60.0 58.0 63.0 63.0 
59.0 59.0 61.0 60.0 
104.0 59.0 82.0 72.0 
58.0 58.0 60.0 60.0 
59.0 58.0 62.0 63.0 
57.0 59.0 59.0 61.0 
103.0 59.0 81.0 73.0 
58.0 58.0 60.0 60.0 
60.0 58.0 63.0 62.0 
58.0 59.0 59.0 61.0 
104.0 60.0 82.0 73.0 
59.0 58.0 61.0 60.0 
60.0 58.0 62.0 62.0 
59.0 59.0 59.0 59.0 
104.0 59.0 81.0 73.0 
58.0 58.0 62.0 59.0 
59.0 57.0 63.0 63.0 
59.0 59.0 60.0 59.0 
104.0 59.0 81.0 72.0 
58.0 59.0 61.0 60.0 
61.0 58.0 62.0 62.0 
59.0 59.0 59.0 60.0 
104.0 58.0 81.0 73.0 
59.0 58.0 60.0 60.0 
60.0 57.0 62.0 63.0 
58.0 59.0 58.0 59.0 
104.0 59.0 82.0 73.0 
58.0 58.0 60.0 60.0 
60.0 59.0 61.0 63.0 
59.0 59.0 59.0 58.0 
104.0 59.0 82.0 73.0 
58.0 58.0 61.0 60.0 
60.0 59.0 62.0 63.0 
59.0 59.0 58.0 60.0 
104.0 58.0 81.0 72.0 
58.0 58.0 59.0 60.0 
60.0 57.0 63.0 63.0 
59.0 59.0 59.0 60.0 
104.0 59.0 82.0 72.0 
59.0 58.0 61.0 60.0 
60.0 58.0 62.0 63.0 
59.0 59.0 59.0 60.0 
104.0 58.0 82.0 73.0 
59.0 59.0 61.0 61.0 
60.0 58.0 61.0 64.0 
59.0 59.0 60.0 59.0 
104.0 59.0 82.0 72.0 
59.0 58.0 61.0 60.0 
60.0 58.0 63.0 62.0 
58.0 59.0 59.0 59.0 
105.0 59.0 81.0 73.0 
58.0 58.0 61.0 61.0 
60.0 58.0 62.0 64.0 
58.0 59.0 58.0 60.0 
104.0 58.0 82.0 73.0 
58.0 58.0 61.0 60.0 
59.0 59.0 62.0 62.0 
59.0 59.0 59.0 59.0 
105.0 58.0 81.0 72.0 
58.0 58.0 60.0 60.0 
60.0 58.0 63.0 63.0 
59.0 59.0 58.0 60.0 
104.0 59.0 81.0 73.0 
58.0 58.0 61.0 61.0 
60.0 59.0 62.0 63.0 
59.0 57.0 59.0 60.0 
105.0 59.0 82.0 73.0 
58.0 58.0 60.0 60.0 
59.0 58.0 62.0 63.0 
59.0 59.0 59.0 59.0 
104.0 58.0 81.0 73.0 
59.0 58.0 60.0 61.0 
60.0 57.0 63.0 62.0 
58.0 59.0 59.0 60.0 
105.0 59.0 81.0 73.0 
59.0 58.0 61.0 60.0 
59.0 58.0 62.0 63.0 
59.0 59.0 59.0 59.0 
103.0 58.0 82.0 72.0 
59.0 58.0 61.0 59.0 
59.0 59.0 61.0 63.0 
57.0 59.0 60.0 60.0 
104.0 58.0 81.0 72.0 
58.0 58.0 61.0 60.0 
60.0 58.0 62.0 63.0 
59.0 59.0 59.0 59.0 
104.0 59.0 81.0 72.0 
59.0 58.0 60.0 61.0 
60.0 58.0 62.0 63.0 
59.0 60.0 59.0 60.0 
104.0 60.0 81.0 72.0 
58.0 58.0 60.0 60.0 
61.0 58.0 62.0 64.0 
57.0 58.0 59.0 60.0 
104.0 60.0 79.0 72.0 
59.0 57.0 60.0 60.0 
60.0 59.0 62.0 62.0 
58.0 59.0 60.0 60.0 
104.0 59.0 82.0 72.0 
58.0 59.0 61.0 60.0 
59.0 59.0 62.0 63.0 
59.0 59.0 59.0 60.0 
103.0 59.0 81.0 72.0 
58.0 58.0 61.0 60.0 
61.0 58.0 61.0 63.0 
59.0 59.0 59.0 59.0 
104.0 59.0 81.0 73.0 
58.0 58.0 61.0 61.0 
61.0 58.0 61.0 62.0 
58.0 60.0 59.0 59.0 
104.0 58.0 82.0 72.0 
58.0 59.0 61.0 60.0 
61.0 58.0 63.0 62.0 
59.0 59.0 58.0 59.0 
104.0 59.0 81.0 72.0 
58.0 57.0 61.0 61.0 
60.0 58.0 63.0 64.0 
59.0 60.0 59.0 60.0 
104.0 59.0 80.0 73.0 
58.0 58.0 62.0 60.0 
60.0 58.0 63.0 63.0 
59.0 59.0 59.0 61.0 
104.0 59.0 81.0 73.0 
58.0 59.0 61.0 61.0 
59.0 59.0 63.0 63.0 
58.0 58.0 60.0 60.0 
104.0 59.0 80.0 73.0 
58.0 59.0 61.0 60.0 
60.0 59.0 62.0 63.0 
59.0 59.0 60.0 60.0 
106.0 59.0 81.0 73.0 
59.0 59.0 61.0 60.0 
60.0 59.0 62.0 63.0 
59.0 58.0 59.0 60.0 
104.0 59.0 81.0 73.0 
59.0 57.0 61.0 61.0 
60.0 59.0 62.0 63.0 
58.0 59.0 59.0 60.0 
104.0 59.0 81.0 73.0 
58.0 58.0 61.0 60.0 
60.0 58.0 62.0 63.0 
59.0 59.0 59.0 60.0 
105.0 58.0 82.0 72.0 
58.0 58.0 61.0 59.0 
60.0 58.0 63.0 64.0 
58.0 59.0 61.0 60.0 
104.0 59.0 81.0 74.0 
59.0 58.0 61.0 60.0 
60.0 58.0 63.0 63.0 
58.0 59.0 59.0 60.0 
104.0 58.0 81.0 73.0 
58.0 58.0 61.0 61.0 
60.0 59.0 62.0 64.0 
59.0 58.0 60.0 60.0 
105.0 59.0 80.0 73.0 
59.0 59.0 61.0 60.0 
60.0 59.0 63.0 63.0 
59.0 59.0 59.0 60.0 
105.0 58.0 81.0 73.0 
58.0 59.0 60.0 61.0 
60.0 59.0 63.0 63.0 
59.0 59.0 60.0 60.0 
106.0 60.0 80.0 72.0 
58.0 58.0 61.0 60.0 
60.0 59.0 62.0 63.0 
57.0 60.0 59.0 60.0 
105.0 59.0 81.0 72.0 
59.0 58.0 60.0 60.0 
60.0 58.0 62.0 64.0 
58.0 60.0 59.0 60.0 
105.0 59.0 81.0 73.0 
58.0 58.0 61.0 60.0 
60.0 59.0 62.0 63.0 
58.0 59.0 59.0 60.0 
104.0 59.0 81.0 73.0 
58.0 58.0 60.0 60.0 
61.0 58.0 63.0 63.0 
58.0 60.0 60.0 61.0 
106.0 59.0 81.0 73.0 
58.0 58.0 61.0 60.0 
60.0 59.0 62.0 63.0 
61.0 59.0 59.0 60.0 
105.0 59.0 81.0 72.0 
58.0 58.0 60.0 60.0 
60.0 58.0 63.0 63.0 
58.0 60.0 60.0 61.0 
106.0 59.0 81.0 73.0 
58.0 59.0 61.0 60.0 
59.0 59.0 62.0 63.0 
59.0 60.0 60.0 60.0 
107.0 59.0 81.0 72.0 
58.0 58.0 61.0 60.0 
60.0 58.0 63.0 63.0 
59.0 59.0 60.0 60.0 
104.0 60.0 82.0 71.0 
58.0 58.0 61.0 60.0 
60.0 59.0 63.0 63.0 
59.0 59.0 60.0 61.0 
105.0 60.0 81.0 73.0 
58.0 58.0 60.0 60.0 
60.0 59.0 63.0 64.0 
59.0 60.0 60.0 60.0 
105.0 59.0 81.0 73.0 
58.0 58.0 59.0 61.0 
60.0 59.0 63.0 63.0 
57.0 59.0 60.0 60.0 
105.0 58.0 81.0 73.0 
58.0 58.0 60.0 60.0 
60.0 59.0 62.0 63.0 
58.0 59.0 60.0 60.0 
105.0 59.0 82.0 73.0 
58.0 58.0 61.0 61.0 
59.0 59.0 62.0 62.0 
59.0 60.0 60.0 61.0 
104.0 59.0 81.0 73.0 
59.0 58.0 61.0 60.0 
60.0 58.0 62.0 64.0 
58.0 59.0 59.0 60.0 
104.0 59.0 82.0 72.0 
58.0 58.0 61.0 60.0 
60.0 59.0 62.0 63.0 
59.0 59.0 58.0 61.0 
105.0 60.0 82.0 73.0 
59.0 59.0 60.0 60.0 
61.0 60.0 62.0 63.0 
59.0 60.0 60.0 60.0 
104.0 59.0 82.0 74.0 
58.0 58.0 61.0 60.0 
61.0 58.0 62.0 64.0 
58.0 59.0 59.0 60.0 
105.0 59.0 83.0 73.0 
59.0 58.0 61.0 60.0 
60.0 59.0 63.0 63.0 
58.0 60.0 59.0 60.0 
105.0 59.0 82.0 73.0 
58.0 58.0 60.0 61.0 
61.0 60.0 62.0 64.0 
59.0 59.0 59.0 61.0 
104.0 59.0 81.0 73.0 
58.0 58.0 61.0 60.0 
59.0 58.0 63.0 63.0 
59.0 60.0 60.0 59.0 
105.0 59.0 81.0 73.0 
58.0 58.0 61.0 61.0 
60.0 60.0 62.0 64.0 
59.0 60.0 59.0 60.0 
106.0 59.0 82.0 73.0 
59.0 57.0 61.0 61.0 
60.0 58.0 63.0 63.0 
59.0 59.0 59.0 61.0 
105.0 59.0 82.0 72.0 
58.0 59.0 61.0 60.0 
59.0 58.0 62.0 64.0 
59.0 59.0 59.0 61.0 
105.0 60.0 82.0 73.0 
58.0 59.0 62.0 60.0 
60.0 59.0 63.0 63.0 
58.0 59.0 61.0 60.0 
104.0 59.0 82.0 73.0 
59.0 58.0 61.0 60.0 
60.0 58.0 63.0 64.0 
59.0 60.0 59.0 60.0 
105.0 60.0 81.0 73.0 
58.0 59.0 61.0 60.0 
60.0 58.0 63.0 62.0 
58.0 59.0 60.0 60.0 
105.0 59.0 82.0 74.0 
59.0 58.0 61.0 61.0 
60.0 59.0 62.0 63.0 
60.0 60.0 59.0 60.0 
106.0 59.0 81.0 73.0 
58.0 58.0 61.0 60.0 
60.0 58.0 63.0 63.0 
59.0 59.0 60.0 61.0 
106.0 59.0 82.0 74.0 
58.0 58.0 61.0 60.0 
60.0 59.0 62.0 64.0 
59.0 59.0 60.0 59.0 
105.0 59.0 83.0 74.0 
59.0 59.0 59.0 60.0 
60.0 59.0 62.0 63.0 
59.0 59.0 60.0 61.0 
105.0 59.0 82.0 73.0 
59.0 59.0 60.0 59.0 
61.0 60.0 62.0 64.0 
59.0 58.0 60.0 60.0 
105.0 59.0 82.0 72.0 
58.0 59.0 61.0 61.0 
60.0 59.0 62.0 63.0 
59.0 59.0 60.0 61.0 
105.0 59.0 82.0 73.0 
59.0 58.0 61.0 61.0 
60.0 58.0 62.0 63.0 
58.0 59.0 59.0 61.0 
105.0 59.0 82.0 73.0 
59.0 58.0 61.0 60.0 
60.0 59.0 62.0 64.0 
59.0 59.0 60.0 60.0 
106.0 58.0 82.0 73.0 
59.0 59.0 61.0 61.0 
60.0 59.0 62.0 64.0 
59.0 59.0 60.0 60.0 
105.0 59.0 81.0 73.0 
58.0 57.0 61.0 59.0 
60.0 59.0 63.0 63.0 
59.0 59.0 59.0 61.0 
105.0 59.0 81.0 74.0 
59.0 58.0 61.0 60.0 
61.0 58.0 63.0 63.0 
59.0 59.0 60.0 60.0 
106.0 59.0 82.0 73.0 
58.0 58.0 61.0 61.0 
60.0 58.0 63.0 63.0 
57.0 59.0 60.0 62.0 
104.0 59.0 82.0 74.0 
59.0 58.0 61.0 61.0 
61.0 59.0 63.0 63.0 
60.0 59.0 60.0 60.0 
104.0 59.0 81.0 73.0 
58.0 58.0 61.0 60.0 
60.0 60.0 62.0 63.0 
59.0 59.0 60.0 61.0 
106.0 60.0 82.0 73.0 
59.0 58.0 61.0 60.0 
60.0 59.0 63.0 64.0 
59.0 60.0 60.0 61.0 
106.0 58.0 82.0 73.0 
57.0 58.0 62.0 60.0 
60.0 59.0 63.0 64.0 
59.0 59.0 60.0 60.0 
105.0 59.0 82.0 73.0 
59.0 58.0 60.0 61.0 
60.0 58.0 62.0 64.0 
58.0 59.0 62.0 60.0 
106.0 59.0 81.0 74.0 
59.0 58.0 62.0 61.0 
60.0 59.0 63.0 65.0 
59.0 60.0 59.0 60.0 
105.0 60.0 82.0 73.0 
58.0 59.0 61.0 60.0 
61.0 59.0 63.0 63.0 
59.0 59.0 60.0 60.0 
106.0 60.0 81.0 74.0 
59.0 58.0 61.0 60.0 
60.0 59.0 63.0 64.0 
59.0 59.0 60.0 60.0 
106.0 60.0 82.0 74.0 
60.0 57.0 61.0 60.0 
60.0 59.0 63.0 64.0 
60.0 58.0 61.0 60.0 
106.0 60.0 80.0 73.0 
59.0 58.0 61.0 61.0 
60.0 59.0 63.0 63.0 
58.0 60.0 60.0 61.0 
106.0 59.0 83.0 73.0 
58.0 58.0 61.0 60.0 
61.0 58.0 63.0 64.0 
59.0 59.0 60.0 60.0 
105.0 60.0 83.0 73.0 
59.0 59.0 61.0 61.0 
60.0 59.0 63.0 64.0 
59.0 60.0 60.0 61.0 
107.0 58.0 83.0 73.0 
58.0 58.0 62.0 61.0 
60.0 59.0 63.0 64.0 
59.0 59.0 60.0 60.0 
106.0 59.0 82.0 74.0 
58.0 58.0 61.0 59.0 
61.0 58.0 62.0 63.0 
60.0 60.0 60.0 60.0 
106.0 59.0 83.0 73.0 
58.0 58.0 61.0 62.0 
61.0 59.0 63.0 63.0 
59.0 59.0 59.0 60.0 
105.0 59.0 83.0 73.0 
59.0 59.0 61.0 61.0 
60.0 58.0 63.0 63.0 
59.0 59.0 59.0 60.0 
106.0 59.0 83.0 72.0 
59.0 59.0 60.0 60.0 
60.0 58.0 63.0 64.0 
59.0 60.0 60.0 60.0 
106.0 60.0 82.0 74.0 
59.0 57.0 61.0 61.0 
61.0 60.0 63.0 63.0 
59.0 59.0 60.0 60.0 
105.0 59.0 83.0 74.0 
59.0 59.0 60.0 60.0 
60.0 59.0 63.0 63.0 
59.0 59.0 59.0 61.0 
105.0 60.0 83.0 74.0 
59.0 58.0 60.0 61.0 
61.0 59.0 62.0 63.0 
58.0 60.0 60.0 59.0 
105.0 60.0 83.0 74.0 
58.0 59.0 62.0 60.0 
61.0 59.0 63.0 63.0 
58.0 60.0 60.0 60.0 
106.0 59.0 83.0 73.0 
58.0 58.0 61.0 60.0 
60.0 59.0 63.0 64.0 
59.0 59.0 60.0 60.0 
105.0 59.0 83.0 73.0 
58.0 58.0 61.0 60.0 
60.0 59.0 63.0 64.0 
59.0 59.0 60.0 61.0 
106.0 60.0 82.0 74.0 
59.0 59.0 60.0 60.0 
60.0 60.0 62.0 64.0 
59.0 59.0 61.0 61.0 
105.0 59.0 83.0 74.0 
59.0 58.0 60.0 60.0 
61.0 59.0 63.0 63.0 
59.0 60.0 60.0 60.0 
106.0 58.0 83.0 74.0 
58.0 59.0 61.0 60.0 
61.0 59.0 63.0 63.0 
59.0 60.0 59.0 61.0 
106.0 59.0 84.0 74.0 
58.0 59.0 60.0 61.0 
62.0 59.0 63.0 64.0 
59.0 60.0 59.0 61.0 
105.0 59.0 81.0 74.0 
59.0 59.0 61.0 60.0 
60.0 60.0 63.0 64.0 
59.0 61.0 59.0 61.0 
105.0 59.0 82.0 74.0 
59.0 59.0 60.0 60.0 
60.0 59.0 63.0 63.0 
60.0 60.0 60.0 61.0 
105.0 59.0 82.0 73.0 
59.0 58.0 61.0 60.0 
58.0 59.0 63.0 64.0 
58.0 60.0 60.0 60.0 
105.0 59.0 82.0 74.0 
59.0 58.0 61.0 61.0 
60.0 58.0 63.0 65.0 
59.0 60.0 60.0 61.0 
105.0 59.0 83.0 73.0 
58.0 58.0 61.0 61.0 
61.0 60.0 63.0 64.0 
59.0 61.0 60.0 61.0 
106.0 59.0 83.0 73.0 
59.0 59.0 61.0 61.0 
61.0 60.0 64.0 65.0 
59.0 60.0 60.0 60.0 
106.0 59.0 82.0 74.0 
59.0 58.0 61.0 61.0 
60.0 59.0 63.0 63.0 
59.0 59.0 61.0 61.0 
106.0 59.0 83.0 73.0 
58.0 59.0 61.0 61.0 
60.0 59.0 63.0 64.0 
59.0 60.0 61.0 60.0 
106.0 60.0 83.0 73.0 
59.0 59.0 61.0 61.0 
61.0 59.0 63.0 63.0 
60.0 61.0 60.0 60.0 
106.0 60.0 82.0 74.0 
59.0 58.0 62.0 60.0 
60.0 59.0 63.0 64.0 
59.0 60.0 60.0 61.0 
106.0 59.0 83.0 74.0 
58.0 59.0 61.0 61.0 
61.0 60.0 63.0 64.0 
59.0 59.0 59.0 60.0 
106.0 59.0 83.0 74.0 
59.0 59.0 61.0 61.0 
61.0 59.0 63.0 65.0 
59.0 60.0 60.0 60.0 
105.0 59.0 82.0 73.0 
59.0 59.0 61.0 61.0 
61.0 59.0 63.0 63.0 
59.0 61.0 59.0 60.0 
106.0 60.0 81.0 73.0 
58.0 58.0 61.0 61.0 
61.0 59.0 63.0 63.0 
59.0 59.0 60.0 60.0 
106.0 60.0 83.0 74.0 
59.0 58.0 61.0 59.0 
61.0 58.0 64.0 63.0 
59.0 59.0 61.0 60.0 
105.0 59.0 83.0 74.0 
58.0 58.0 62.0 61.0 
61.0 59.0 63.0 64.0 
59.0 59.0 60.0 61.0 
106.0 59.0 83.0 73.0 
58.0 59.0 61.0 61.0 
60.0 60.0 63.0 64.0 
60.0 59.0 60.0 60.0 
106.0 60.0 82.0 74.0 
59.0 58.0 62.0 60.0 
61.0 59.0 63.0 64.0 
59.0 60.0 60.0 60.0 
105.0 59.0 83.0 74.0 
59.0 58.0 61.0 60.0 
63.0 59.0 63.0 64.0 
60.0 59.0 60.0 60.0 
104.0 59.0 82.0 74.0 
59.0 59.0 61.0 61.0 
61.0 58.0 64.0 64.0 
59.0 60.0 60.0 61.0 
106.0 59.0 82.0 74.0 
59.0 58.0 61.0 61.0 
60.0 59.0 63.0 64.0 
59.0 60.0 60.0 61.0 
107.0 59.0 83.0 73.0 
59.0 60.0 60.0 61.0 
61.0 59.0 63.0 62.0 
59.0 58.0 60.0 61.0 
106.0 59.0 82.0 74.0 
58.0 59.0 62.0 60.0 
62.0 59.0 63.0 65.0 
59.0 59.0 59.0 60.0 
107.0 58.0 83.0 73.0 
60.0 60.0 61.0 61.0 
61.0 59.0 63.0 63.0 
59.0 60.0 60.0 61.0 
106.0 59.0 83.0 74.0 
59.0 60.0 62.0 61.0 
61.0 59.0 63.0 64.0 
59.0 59.0 60.0 61.0 
105.0 59.0 83.0 73.0 
58.0 60.0 60.0 61.0 
60.0 59.0 63.0 64.0 
59.0 60.0 60.0 61.0 
106.0 60.0 82.0 73.0 
59.0 58.0 61.0 60.0 
60.0 59.0 63.0 64.0 
59.0 60.0 61.0 61.0 
106.0 59.0 82.0 73.0 
58.0 59.0 61.0 61.0 
60.0 59.0 63.0 63.0 
58.0 60.0 60.0 60.0 
106.0 60.0 82.0 74.0 
58.0 59.0 61.0 61.0 
61.0 59.0 63.0 63.0 
59.0 59.0 59.0 61.0 
106.0 60.0 82.0 72.0 
59.0 59.0 61.0 61.0 
60.0 59.0 63.0 63.0 
58.0 60.0 61.0 61.0 
106.0 60.0 82.0 74.0 
59.0 59.0 61.0 60.0 
60.0 61.0 63.0 64.0 
60.0 60.0 60.0 60.0 
105.0 60.0 82.0 74.0 
59.0 59.0 61.0 60.0 
60.0 59.0 64.0 64.0 
59.0 59.0 61.0 60.0 
105.0 59.0 82.0 73.0 
58.0 59.0 60.0 60.0 
60.0 61.0 63.0 64.0 
59.0 60.0 60.0 60.0 
105.0 60.0 81.0 74.0 
60.0 59.0 60.0 61.0 
60.0 60.0 63.0 64.0 
59.0 60.0 60.0 61.0 
105.0 59.0 82.0 74.0 
59.0 59.0 62.0 60.0 
60.0 60.0 62.0 64.0 
60.0 59.0 60.0 60.0 
106.0 60.0 82.0 73.0 
59.0 59.0 61.0 61.0 
61.0 59.0 63.0 64.0 
59.0 60.0 60.0 61.0 
106.0 60.0 82.0 73.0 
58.0 60.0 61.0 61.0 
61.0 59.0 63.0 63.0 
59.0 60.0 61.0 60.0 
105.0 60.0 82.0 74.0 
59.0 59.0 61.0 61.0 
60.0 60.0 63.0 64.0 
59.0 61.0 61.0 62.0 
106.0 59.0 82.0 74.0 
58.0 59.0 61.0 61.0 
60.0 59.0 62.0 64.0 
59.0 59.0 60.0 61.0 
106.0 59.0 83.0 74.0 
59.0 59.0 61.0 61.0 
60.0 59.0 63.0 64.0 
59.0 60.0 59.0 60.0 
105.0 59.0 82.0 73.0 
59.0 59.0 62.0 60.0 
61.0 59.0 63.0 63.0 
60.0 59.0 60.0 61.0 
105.0 59.0 82.0 74.0 
59.0 59.0 61.0 61.0 
61.0 58.0 63.0 64.0 
59.0 59.0 61.0 61.0 
105.0 59.0 82.0 74.0 
59.0 59.0 61.0 61.0 
60.0 59.0 62.0 65.0 
59.0 61.0 60.0 61.0 
106.0 61.0 82.0 73.0 
59.0 59.0 61.0 60.0 
61.0 59.0 63.0 65.0 
59.0 60.0 60.0 60.0 
105.0 59.0 83.0 73.0 
59.0 58.0 61.0 61.0 
60.0 60.0 63.0 64.0 
59.0 60.0 61.0 60.0 
106.0 59.0 82.0 74.0 
59.0 58.0 61.0 61.0 
60.0 59.0 62.0 64.0 
59.0 60.0 60.0 62.0 
105.0 60.0 82.0 73.0 
60.0 59.0 65.0 64.0 
61.0 60.0 62.0 64.0 
59.0 60.0 61.0 60.0 
105.0 60.0 81.0 73.0 
61.0 58.0 67.0 64.0 
60.0 59.0 63.0 63.0 
59.0 60.0 61.0 60.0 
105.0 60.0 81.0 73.0 
61.0 58.0 68.0 64.0 
61.0 59.0 63.0 63.0 
59.0 60.0 60.0 62.0 
105.0 59.0 81.0 72.0 
61.0 59.0 67.0 65.0 
60.0 59.0 62.0 64.0 
61.0 60.0 60.0 61.0 
104.0 60.0 82.0 73.0 
61.0 59.0 67.0 65.0 
61.0 59.0 63.0 63.0 
60.0 60.0 62.0 62.0 
105.0 60.0 82.0 73.0 
61.0 59.0 68.0 65.0 
60.0 59.0 62.0 63.0 
60.0 62.0 60.0 62.0 
104.0 59.0 82.0 72.0 
61.0 59.0 68.0 65.0 
61.0 60.0 63.0 64.0 
60.0 59.0 61.0 61.0 
104.0 59.0 82.0 73.0 
61.0 59.0 66.0 64.0 
60.0 60.0 62.0 64.0 
60.0 59.0 61.0 61.0 
104.0 60.0 82.0 73.0 
61.0 59.0 67.0 64.0 
60.0 60.0 62.0 63.0 
60.0 59.0 61.0 62.0 
105.0 59.0 83.0 74.0 
61.0 59.0 69.0 64.0 
60.0 60.0 62.0 64.0 
60.0 60.0 60.0 62.0 
105.0 60.0 82.0 73.0 
62.0 59.0 68.0 66.0 
60.0 59.0 63.0 64.0 
60.0 60.0 61.0 61.0 
104.0 59.0 84.0 73.0 
62.0 58.0 68.0 65.0 
60.0 60.0 63.0 64.0 
60.0 60.0 61.0 62.0 
104.0 60.0 82.0 73.0 
61.0 59.0 67.0 65.0 
60.0 59.0 62.0 63.0 
60.0 59.0 61.0 63.0 
104.0 59.0 81.0 73.0 
60.0 59.0 68.0 64.0 
60.0 59.0 62.0 63.0 
61.0 60.0 62.0 61.0 
106.0 60.0 83.0 73.0 
61.0 59.0 66.0 64.0 
60.0 60.0 63.0 63.0 
60.0 60.0 60.0 62.0 
104.0 59.0 81.0 74.0 
61.0 59.0 68.0 65.0 
60.0 59.0 62.0 63.0 
60.0 59.0 61.0 62.0 
105.0 59.0 83.0 73.0 
61.0 59.0 66.0 65.0 
60.0 60.0 62.0 64.0 
60.0 60.0 61.0 61.0 
105.0 60.0 82.0 73.0 
60.0 59.0 67.0 65.0 
61.0 59.0 62.0 64.0 
60.0 61.0 61.0 62.0 
105.0 60.0 82.0 74.0 
62.0 59.0 67.0 64.0 
61.0 59.0 62.0 64.0 
59.0 60.0 62.0 63.0 
105.0 59.0 82.0 73.0 
61.0 59.0 67.0 64.0 
61.0 59.0 63.0 63.0 
59.0 60.0 61.0 62.0 
105.0 60.0 82.0 73.0 
61.0 58.0 67.0 64.0 
61.0 59.0 64.0 64.0 
59.0 60.0 61.0 61.0 
105.0 59.0 82.0 74.0 
61.0 59.0 66.0 65.0 
60.0 60.0 63.0 64.0 
59.0 60.0 60.0 62.0 
105.0 59.0 83.0 73.0 
61.0 60.0 66.0 65.0 
61.0 60.0 63.0 64.0 
59.0 60.0 61.0 62.0 
105.0 60.0 83.0 73.0 
62.0 59.0 67.0 64.0 
63.0 59.0 63.0 64.0 
61.0 59.0 60.0 62.0 
105.0 59.0 82.0 73.0 
61.0 59.0 68.0 64.0 
60.0 60.0 63.0 65.0 
59.0 61.0 62.0 62.0 
105.0 60.0 83.0 73.0 
61.0 59.0 67.0 64.0 
61.0 59.0 63.0 64.0 
60.0 59.0 61.0 61.0 
105.0 60.0 81.0 74.0 
61.0 58.0 67.0 64.0 
62.0 59.0 63.0 64.0 
58.0 60.0 61.0 62.0 
104.0 60.0 80.0 73.0 
61.0 59.0 67.0 64.0 
62.0 59.0 62.0 64.0 
60.0 61.0 61.0 62.0 
104.0 59.0 82.0 73.0 
61.0 59.0 67.0 65.0 
62.0 59.0 62.0 64.0 
60.0 60.0 61.0 62.0 
104.0 60.0 81.0 72.0 
61.0 59.0 68.0 65.0 
61.0 60.0 63.0 63.0 
60.0 60.0 62.0 61.0 
103.0 59.0 81.0 72.0 
62.0 59.0 68.0 66.0 
62.0 59.0 63.0 65.0 
60.0 59.0 60.0 61.0 
104.0 60.0 81.0 73.0 
62.0 58.0 69.0 65.0 
61.0 59.0 63.0 64.0 
60.0 60.0 61.0 62.0 
104.0 60.0 80.0 72.0 
61.0 59.0 69.0 65.0 
62.0 59.0 64.0 64.0 
59.0 61.0 64.0 61.0 
104.0 59.0 80.0 72.0 
60.0 58.0 70.0 65.0 
59.0 59.0 65.0 64.0 
60.0 59.0 62.0 62.0 
104.0 60.0 82.0 72.0 
61.0 59.0 69.0 65.0 
60.0 60.0 66.0 64.0 
60.0 60.0 63.0 62.0 
104.0 58.0 82.0 73.0 
61.0 60.0 70.0 64.0 
61.0 57.0 66.0 64.0 
60.0 60.0 61.0 63.0 
104.0 61.0 82.0 73.0 
61.0 59.0 69.0 65.0 
61.0 58.0 66.0 64.0 
59.0 61.0 63.0 62.0 
105.0 60.0 81.0 73.0 
60.0 58.0 71.0 64.0 
61.0 60.0 65.0 64.0 
59.0 60.0 61.0 61.0 
104.0 59.0 82.0 73.0 
61.0 59.0 69.0 65.0 
60.0 58.0 65.0 64.0 
59.0 61.0 62.0 61.0 
103.0 59.0 83.0 74.0 
61.0 59.0 69.0 64.0 
61.0 60.0 66.0 65.0 
59.0 60.0 62.0 62.0 
104.0 59.0 84.0 72.0 
61.0 60.0 69.0 65.0 
61.0 60.0 66.0 64.0 
59.0 61.0 62.0 62.0 
105.0 60.0 86.0 74.0 
61.0 59.0 69.0 65.0 
60.0 60.0 65.0 64.0 
60.0 61.0 62.0 61.0 
105.0 58.0 88.0 77.0 
61.0 57.0 67.0 64.0 
61.0 59.0 64.0 64.0 
58.0 60.0 61.0 61.0 
106.0 60.0 90.0 76.0 
60.0 60.0 68.0 64.0 
60.0 60.0 63.0 64.0 
59.0 60.0 61.0 61.0 
106.0 60.0 89.0 76.0 
61.0 58.0 67.0 65.0 
61.0 60.0 64.0 64.0 
59.0 61.0 61.0 62.0 
107.0 60.0 89.0 78.0 
61.0 59.0 66.0 63.0 
62.0 59.0 63.0 65.0 
60.0 61.0 61.0 61.0 
105.0 60.0 91.0 76.0 
61.0 59.0 66.0 64.0 
60.0 59.0 64.0 64.0 
60.0 60.0 61.0 61.0 
103.0 59.0 89.0 77.0 
61.0 58.0 66.0 65.0 
61.0 60.0 64.0 64.0 
60.0 60.0 60.0 62.0 
97.0 60.0 88.0 76.0 
61.0 59.0 65.0 64.0 
61.0 60.0 63.0 64.0 
60.0 60.0 61.0 62.0 
100.0 60.0 86.0 78.0 
61.0 59.0 64.0 64.0 
61.0 59.0 63.0 64.0 
60.0 61.0 60.0 61.0 
99.0 60.0 87.0 79.0 
62.0 59.0 65.0 65.0 
61.0 59.0 62.0 63.0 
59.0 60.0 60.0 62.0 
97.0 60.0 87.0 79.0 
62.0 59.0 64.0 64.0 
60.0 59.0 61.0 63.0 
60.0 60.0 61.0 62.0 
88.0 59.0 86.0 80.0 
62.0 59.0 64.0 65.0 
61.0 59.0 61.0 63.0 
60.0 60.0 60.0 62.0 
87.0 60.0 88.0 79.0 
63.0 59.0 64.0 65.0 
59.0 59.0 60.0 60.0 
61.0 61.0 60.0 62.0 
89.0 60.0 87.0 80.0 
63.0 58.0 64.0 64.0 
59.0 59.0 60.0 60.0 
61.0 60.0 60.0 62.0 
101.0 60.0 94.0 85.0 
61.0 59.0 62.0 63.0 
60.0 60.0 61.0 60.0 
61.0 60.0 59.0 62.0 
101.0 60.0 93.0 86.0 
61.0 59.0 62.0 64.0 
59.0 60.0 59.0 61.0 
60.0 60.0 61.0 62.0 
102.0 60.0 95.0 86.0 
62.0 59.0 62.0 64.0 
58.0 60.0 59.0 60.0 
61.0 60.0 60.0 61.0 
103.0 59.0 94.0 86.0 
62.0 59.0 62.0 65.0 
58.0 59.0 59.0 60.0 
60.0 60.0 60.0 61.0 
102.0 60.0 96.0 88.0 
62.0 59.0 63.0 64.0 
58.0 58.0 59.0 59.0 
60.0 60.0 59.0 61.0 
106.0 59.0 100.0 88.0 
62.0 59.0 62.0 65.0 
58.0 60.0 57.0 60.0 
60.0 61.0 60.0 61.0 
106.0 60.0 97.0 89.0 
63.0 58.0 62.0 64.0 
60.0 59.0 59.0 60.0 
59.0 60.0 60.0 61.0 
113.0 59.0 99.0 88.0 
63.0 59.0 62.0 64.0 
59.0 59.0 59.0 60.0 
60.0 60.0 59.0 61.0 
111.0 59.0 99.0 88.0 
62.0 59.0 62.0 64.0 
61.0 59.0 60.0 64.0 
60.0 60.0 59.0 61.0 
113.0 59.0 100.0 87.0 
62.0 59.0 62.0 64.0 
61.0 59.0 60.0 65.0 
59.0 60.0 59.0 61.0 
112.0 60.0 102.0 88.0 
63.0 59.0 62.0 65.0 
62.0 59.0 62.0 65.0 
59.0 60.0 59.0 61.0 
112.0 61.0 114.0 87.0 
63.0 58.0 62.0 65.0 
62.0 59.0 61.0 64.0 
59.0 59.0 58.0 60.0 
112.0 59.0 125.0 86.0 
64.0 59.0 63.0 66.0 
62.0 60.0 59.0 65.0 
60.0 60.0 58.0 60.0 
112.0 60.0 132.0 87.0 
63.0 58.0 65.0 66.0 
62.0 59.0 59.0 64.0 
60.0 60.0 58.0 59.0 
112.0 60.0 136.0 85.0 
66.0 58.0 68.0 68.0 
62.0 60.0 59.0 64.0 
60.0 60.0 57.0 60.0 
114.0 63.0 138.0 85.0 
66.0 57.0 70.0 66.0 
61.0 58.0 60.0 64.0 
59.0 60.0 57.0 61.0 
113.0 59.0 139.0 85.0 
65.0 59.0 69.0 68.0 
61.0 59.0 59.0 64.0 
60.0 59.0 57.0 60.0 
113.0 59.0 139.0 86.0 
66.0 58.0 72.0 68.0 
61.0 59.0 59.0 64.0 
60.0 60.0 57.0 59.0 
111.0 61.0 143.0 87.0 
66.0 59.0 69.0 69.0 
61.0 59.0 58.0 62.0 
60.0 60.0 57.0 60.0 
110.0 60.0 149.0 87.0 
66.0 60.0 69.0 68.0 
60.0 60.0 58.0 62.0 
58.0 61.0 56.0 60.0 
111.0 61.0 153.0 88.0 
66.0 58.0 68.0 68.0 
60.0 59.0 59.0 62.0 
60.0 61.0 57.0 60.0 
113.0 59.0 165.0 89.0 
66.0 59.0 68.0 68.0 
61.0 59.0 58.0 63.0 
60.0 60.0 56.0 61.0 
112.0 60.0 176.0 90.0 
65.0 59.0 68.0 66.0 
60.0 59.0 59.0 61.0 
59.0 60.0 56.0 60.0 
113.0 61.0 181.0 91.0 
65.0 59.0 69.0 67.0 
61.0 59.0 58.0 62.0 
61.0 59.0 56.0 60.0 
112.0 61.0 186.0 91.0 
65.0 58.0 67.0 66.0 
60.0 58.0 58.0 62.0 
60.0 60.0 56.0 61.0 
112.0 59.0 188.0 91.0 
65.0 58.0 69.0 67.0 
61.0 59.0 57.0 61.0 
59.0 60.0 55.0 60.0 
115.0 60.0 210.0 96.0 
63.0 58.0 63.0 64.0 
61.0 60.0 57.0 62.0 
60.0 60.0 55.0 60.0 
116.0 60.0 223.0 98.0 
63.0 59.0 63.0 64.0 
61.0 59.0 57.0 62.0 
59.0 61.0 54.0 60.0 
114.0 61.0 233.0 99.0 
62.0 58.0 62.0 64.0 
60.0 59.0 56.0 63.0 
60.0 60.0 55.0 60.0 
114.0 60.0 253.0 100.0 
63.0 58.0 63.0 63.0 
61.0 59.0 56.0 62.0 
59.0 60.0 54.0 60.0 
113.0 60.0 273.0 103.0 
62.0 59.0 62.0 64.0 
61.0 59.0 55.0 62.0 
60.0 59.0 53.0 60.0 
114.0 61.0 292.0 106.0 
62.0 58.0 61.0 63.0 
60.0 59.0 57.0 62.0 
60.0 60.0 54.0 61.0 
110.0 61.0 286.0 104.0 
61.0 58.0 62.0 62.0 
60.0 59.0 57.0 61.0 
60.0 60.0 54.0 60.0 
106.0 62.0 308.0 111.0 
61.0 58.0 60.0 62.0 
60.0 60.0 56.0 62.0 
59.0 60.0 55.0 61.0 
104.0 62.0 330.0 162.0 
61.0 59.0 61.0 61.0 
61.0 59.0 56.0 60.0 
60.0 60.0 54.0 58.0 
114.0 62.0 331.0 167.0 
61.0 58.0 61.0 60.0 
61.0 60.0 56.0 61.0 
60.0 60.0 53.0 59.0 
110.0 62.0 366.0 181.0 
60.0 59.0 59.0 59.0 
60.0 59.0 56.0 59.0 
60.0 60.0 53.0 58.0 
118.0 63.0 407.0 194.0 
60.0 59.0 58.0 60.0 
59.0 60.0 55.0 60.0 
60.0 60.0 52.0 58.0 
108.0 63.0 403.0 198.0 
61.0 59.0 59.0 61.0 
60.0 60.0 56.0 61.0 
60.0 59.0 53.0 57.0 
104.0 61.0 346.0 182.0 
61.0 60.0 60.0 60.0 
61.0 59.0 57.0 60.0 
60.0 60.0 51.0 57.0 
104.0 61.0 335.0 189.0 
61.0 59.0 61.0 60.0 
61.0 58.0 58.0 60.0 
59.0 61.0 52.0 56.0 
111.0 63.0 391.0 229.0 
60.0 59.0 59.0 59.0 
61.0 59.0 57.0 59.0 
59.0 60.0 52.0 56.0 
113.0 65.0 423.0 268.0 
60.0 60.0 58.0 58.0 
61.0 59.0 55.0 59.0 
58.0 60.0 50.0 55.0 
109.0 62.0 351.0 243.0 
60.0 60.0 61.0 60.0 
60.0 59.0 57.0 59.0 
60.0 60.0 53.0 55.0 
110.0 63.0 334.0 264.0 
62.0 59.0 65.0 61.0 
61.0 59.0 56.0 58.0 
60.0 60.0 53.0 55.0 
113.0 62.0 316.0 299.0 
61.0 59.0 64.0 59.0 
60.0 60.0 58.0 57.0 
59.0 60.0 55.0 53.0 
115.0 63.0 290.0 334.0 
61.0 59.0 65.0 59.0 
60.0 60.0 56.0 55.0 
58.0 58.0 55.0 52.0 
117.0 64.0 274.0 390.0 
61.0 58.0 65.0 57.0 
59.0 59.0 58.0 54.0 
58.0 60.0 55.0 52.0 
116.0 62.0 245.0 376.0 
61.0 60.0 66.0 59.0 
60.0 59.0 59.0 55.0 
60.0 60.0 56.0 51.0 
117.0 63.0 234.0 386.0 
61.0 59.0 64.0 57.0 
60.0 59.0 60.0 55.0 
60.0 61.0 56.0 52.0 
108.0 61.0 207.0 336.0 
60.0 58.0 65.0 59.0 
60.0 60.0 59.0 55.0 
60.0 60.0 58.0 54.0 
112.0 62.0 197.0 336.0 
62.0 58.0 65.0 57.0 
59.0 59.0 58.0 55.0 
60.0 60.0 58.0 52.0 
114.0 62.0 190.0 351.0 
61.0 58.0 67.0 59.0 
59.0 59.0 57.0 53.0 
61.0 60.0 59.0 53.0 
120.0 63.0 197.0 389.0 
61.0 59.0 65.0 56.0 
58.0 60.0 57.0 52.0 
60.0 60.0 58.0 52.0 
129.0 63.0 200.0 428.0 
60.0 59.0 65.0 57.0 
57.0 59.0 56.0 51.0 
60.0 61.0 59.0 52.0 
136.0 62.0 188.0 394.0 
61.0 59.0 67.0 57.0 
59.0 60.0 57.0 52.0 
59.0 60.0 60.0 52.0 
144.0 62.0 193.0 414.0 
61.0 60.0 65.0 57.0 
58.0 59.0 58.0 52.0 
57.0 60.0 59.0 52.0 
149.0 63.0 192.0 408.0 
61.0 58.0 65.0 57.0 
58.0 60.0 58.0 52.0 
57.0 60.0 57.0 50.0 
156.0 63.0 186.0 387.0 
61.0 59.0 65.0 58.0 
58.0 59.0 59.0 52.0 
57.0 60.0 58.0 52.0 
149.0 62.0 169.0 345.0 
60.0 58.0 68.0 59.0 
57.0 59.0 59.0 54.0 
57.0 60.0 58.0 52.0 
151.0 60.0 157.0 306.0 
61.0 58.0 68.0 62.0 
60.0 58.0 61.0 55.0 
57.0 60.0 57.0 52.0 
160.0 59.0 156.0 314.0 
60.0 59.0 69.0 61.0 
59.0 59.0 63.0 58.0 
56.0 60.0 57.0 52.0 
158.0 60.0 129.0 279.0 
61.0 59.0 70.0 63.0 
59.0 60.0 63.0 59.0 
55.0 60.0 57.0 53.0 
189.0 60.0 135.0 314.0 
61.0 59.0 71.0 62.0 
58.0 59.0 62.0 57.0 
55.0 59.0 57.0 52.0 
195.0 62.0 136.0 320.0 
61.0 58.0 71.0 62.0 
59.0 59.0 63.0 57.0 
55.0 60.0 58.0 52.0 
195.0 61.0 130.0 296.0 
60.0 59.0 71.0 63.0 
59.0 61.0 62.0 59.0 
54.0 61.0 58.0 53.0 
199.0 60.0 129.0 294.0 
60.0 59.0 72.0 63.0 
59.0 59.0 63.0 59.0 
55.0 60.0 58.0 52.0 
195.0 59.0 124.0 261.0 
61.0 58.0 73.0 64.0 
59.0 60.0 63.0 60.0 
55.0 60.0 58.0 53.0 
200.0 60.0 124.0 257.0 
61.0 59.0 73.0 64.0 
60.0 60.0 62.0 62.0 
54.0 59.0 59.0 52.0 
209.0 60.0 123.0 248.0 
61.0 59.0 71.0 65.0 
60.0 58.0 64.0 61.0 
55.0 60.0 58.0 53.0 
215.0 61.0 120.0 208.0 
61.0 59.0 72.0 64.0 
59.0 58.0 64.0 62.0 
53.0 60.0 58.0 54.0 
210.0 465.0 123.0 217.0 
62.0 59.0 75.0 67.0 
58.0 59.0 64.0 61.0 
53.0 62.0 57.0 54.0 
202.0 485.0 123.0 195.0 
62.0 58.0 74.0 66.0 
59.0 59.0 63.0 62.0 
53.0 60.0 58.0 54.0 
227.0 487.0 124.0 202.0 
62.0 59.0 77.0 69.0 
58.0 61.0 62.0 60.0 
53.0 62.0 56.0 55.0 
283.0 530.0 125.0 201.0 
63.0 61.0 77.0 69.0 
58.0 59.0 64.0 61.0 
52.0 60.0 58.0 53.0 
256.0 528.0 123.0 197.0 
63.0 61.0 76.0 67.0 
60.0 54.0 64.0 62.0 
55.0 48.0 58.0 56.0 
253.0 551.0 125.0 197.0 
62.0 61.0 76.0 67.0 
61.0 56.0 66.0 66.0 
55.0 47.0 58.0 56.0 
247.0 487.0 121.0 182.0 
63.0 63.0 78.0 68.0 
62.0 58.0 67.0 66.0 
54.0 50.0 58.0 57.0 
250.0 461.0 117.0 175.0 
63.0 64.0 77.0 68.0 
62.0 59.0 66.0 67.0 
56.0 49.0 58.0 57.0 
249.0 413.0 113.0 162.0 
64.0 64.0 78.0 69.0 
62.0 61.0 66.0 67.0 
54.0 49.0 58.0 57.0 
312.0 416.0 115.0 164.0 
64.0 66.0 80.0 69.0 
62.0 62.0 67.0 67.0 
52.0 51.0 58.0 58.0 
362.0 407.0 119.0 161.0 
64.0 65.0 78.0 69.0 
61.0 61.0 66.0 68.0 
52.0 51.0 58.0 57.0 
397.0 403.0 117.0 156.0 
65.0 66.0 81.0 69.0 
60.0 62.0 68.0 68.0 
50.0 52.0 58.0 58.0 
384.0 360.0 114.0 140.0 
66.0 67.0 82.0 71.0 
60.0 60.0 66.0 67.0 
54.0 56.0 60.0 62.0 
347.0 303.0 117.0 126.0 
69.0 67.0 82.0 71.0 
59.0 63.0 66.0 67.0 
55.0 58.0 61.0 62.0 
374.0 294.0 121.0 126.0 
72.0 71.0 82.0 73.0 
59.0 62.0 67.0 66.0 
54.0 59.0 61.0 62.0 
407.0 292.0 123.0 123.0 
77.0 72.0 83.0 74.0 
60.0 63.0 66.0 68.0 
54.0 58.0 62.0 62.0 
300.0 257.0 122.0 110.0 
75.0 72.0 85.0 74.0 
52.0 55.0 59.0 59.0 
59.0 62.0 61.0 65.0 
398.0 267.0 128.0 113.0 
79.0 74.0 84.0 75.0 
50.0 56.0 58.0 58.0 
57.0 61.0 61.0 65.0 
391.0 249.0 130.0 110.0 
79.0 73.0 84.0 75.0 
51.0 57.0 57.0 59.0 
57.0 61.0 63.0 66.0 
378.0 210.0 130.0 103.0 
80.0 73.0 86.0 74.0 
51.0 58.0 58.0 59.0 
58.0 64.0 63.0 66.0 
365.0 192.0 130.0 98.0 
80.0 71.0 87.0 75.0 
51.0 57.0 58.0 59.0 
57.0 65.0 62.0 66.0 
351.0 187.0 131.0 97.0 
79.0 72.0 87.0 76.0 
51.0 58.0 57.0 60.0 
56.0 64.0 62.0 64.0 
301.0 177.0 132.0 95.0 
75.0 71.0 89.0 76.0 
55.0 57.0 57.0 59.0 
60.0 64.0 64.0 67.0 
257.0 165.0 133.0 93.0 
73.0 70.0 106.0 76.0 
54.0 57.0 55.0 59.0 
60.0 65.0 74.0 66.0 
213.0 101.0 130.0 81.0 
71.0 69.0 117.0 77.0 
55.0 58.0 55.0 60.0 
62.0 64.0 83.0 68.0 
188.0 94.0 132.0 79.0 
69.0 70.0 128.0 77.0 
57.0 58.0 55.0 58.0 
63.0 65.0 86.0 68.0 
192.0 95.0 128.0 78.0 
68.0 68.0 151.0 79.0 
62.0 63.0 96.0 66.0 
62.0 65.0 93.0 67.0 
169.0 89.0 127.0 77.0 
66.0 68.0 175.0 79.0 
62.0 65.0 152.0 73.0 
63.0 64.0 115.0 69.0 
157.0 86.0 118.0 75.0 
65.0 67.0 185.0 79.0 
66.0 70.0 267.0 88.0 
62.0 63.0 114.0 67.0 
182.0 88.0 115.0 75.0 
65.0 67.0 196.0 81.0 
68.0 73.0 334.0 95.0 
60.0 63.0 111.0 67.0 
147.0 83.0 108.0 74.0 
65.0 66.0 207.0 81.0 
71.0 77.0 408.0 107.0 
60.0 63.0 110.0 67.0 
136.0 81.0 120.0 75.0 
66.0 66.0 208.0 82.0 
74.0 80.0 450.0 114.0 
60.0 62.0 109.0 68.0 
147.0 84.0 123.0 76.0 
65.0 67.0 217.0 85.0 
75.0 81.0 472.0 119.0 
61.0 64.0 116.0 69.0 
143.0 82.0 119.0 74.0 
64.0 67.0 216.0 84.0 
77.0 83.0 502.0 125.0 
62.0 62.0 120.0 69.0 
146.0 80.0 113.0 73.0 
65.0 67.0 214.0 85.0 
81.0 90.0 650.0 146.0 
61.0 63.0 119.0 69.0 
145.0 80.0 109.0 73.0 
64.0 66.0 205.0 84.0 
77.0 85.0 515.0 136.0 
61.0 63.0 117.0 69.0 
132.0 76.0 103.0 70.0 
64.0 66.0 202.0 85.0 
78.0 86.0 536.0 140.0 
61.0 63.0 117.0 70.0 
137.0 76.0 103.0 72.0 
64.0 66.0 192.0 84.0 
79.0 88.0 539.0 144.0 
62.0 64.0 127.0 73.0 
128.0 60.0 114.0 114.0 
66.0 59.0 189.0 88.0 
85.0 65.0 501.0 150.0 
62.0 60.0 126.0 74.0 
115.0 60.0 113.0 124.0 
65.0 60.0 175.0 88.0 
89.0 67.0 539.0 176.0 
63.0 60.0 124.0 76.0 
106.0 59.0 143.0 142.0 
66.0 58.0 172.0 92.0 
81.0 64.0 449.0 164.0 
63.0 60.0 119.0 76.0 
109.0 60.0 141.0 143.0 
67.0 59.0 181.0 101.0 
84.0 65.0 473.0 190.0 
62.0 60.0 111.0 77.0 
104.0 60.0 144.0 143.0 
68.0 57.0 177.0 110.0 
89.0 66.0 486.0 227.0 
63.0 60.0 108.0 82.0 
105.0 60.0 150.0 146.0 
68.0 59.0 163.0 114.0 
86.0 64.0 437.0 245.0 
63.0 60.0 104.0 85.0 
107.0 58.0 152.0 150.0 
68.0 60.0 156.0 119.0 
89.0 64.0 448.0 281.0 
63.0 59.0 103.0 90.0 
107.0 59.0 147.0 151.0 
67.0 59.0 149.0 120.0 
87.0 64.0 418.0 282.0 
62.0 60.0 99.0 91.0 
127.0 61.0 147.0 158.0 
67.0 59.0 161.0 135.0 
86.0 64.0 427.0 299.0 
63.0 60.0 96.0 89.0 
109.0 60.0 145.0 150.0 
68.0 59.0 151.0 133.0 
90.0 64.0 411.0 309.0 
64.0 60.0 96.0 90.0 
98.0 59.0 139.0 150.0 
68.0 59.0 138.0 127.0 
90.0 64.0 417.0 319.0 
63.0 60.0 95.0 91.0 
132.0 59.0 146.0 171.0 
66.0 59.0 115.0 107.0 
93.0 64.0 413.0 331.0 
63.0 60.0 90.0 88.0 
115.0 60.0 144.0 162.0 
67.0 58.0 115.0 107.0 
94.0 64.0 386.0 355.0 
62.0 61.0 86.0 87.0 
116.0 61.0 149.0 184.0 
66.0 59.0 112.0 108.0 
101.0 62.0 349.0 408.0 
62.0 61.0 81.0 82.0 
117.0 60.0 152.0 180.0 
67.0 59.0 111.0 109.0 
107.0 64.0 342.0 435.0 
61.0 60.0 81.0 84.0 
116.0 59.0 138.0 178.0 
66.0 59.0 107.0 104.0 
106.0 67.0 357.0 589.0 
61.0 61.0 80.0 80.0 
118.0 60.0 140.0 179.0 
65.0 59.0 100.0 100.0 
119.0 67.0 311.0 508.0 
62.0 60.0 79.0 79.0 
116.0 60.0 141.0 174.0 
65.0 59.0 94.0 89.0 
123.0 67.0 312.0 530.0 
60.0 60.0 78.0 78.0 
114.0 60.0 140.0 141.0 
65.0 59.0 93.0 90.0 
125.0 66.0 284.0 525.0 
61.0 61.0 79.0 80.0 
118.0 59.0 139.0 158.0 
65.0 59.0 86.0 85.0 
120.0 65.0 272.0 523.0 
60.0 59.0 79.0 75.0 
123.0 60.0 145.0 172.0 
64.0 59.0 86.0 88.0 
123.0 66.0 257.0 518.0 
60.0 60.0 69.0 68.0 
132.0 61.0 151.0 196.0 
68.0 59.0 87.0 105.0 
125.0 67.0 243.0 538.0 
60.0 59.0 67.0 67.0 
134.0 60.0 154.0 204.0 
69.0 58.0 90.0 113.0 
128.0 67.0 250.0 538.0 
59.0 61.0 67.0 66.0 
137.0 59.0 153.0 207.0 
73.0 59.0 94.0 130.0 
124.0 66.0 241.0 519.0 
57.0 60.0 64.0 56.0 
135.0 61.0 151.0 204.0 
74.0 59.0 92.0 133.0 
136.0 67.0 240.0 558.0 
57.0 61.0 64.0 56.0 
154.0 60.0 155.0 232.0 
76.0 60.0 95.0 147.0 
128.0 66.0 213.0 517.0 
58.0 61.0 62.0 55.0 
160.0 60.0 155.0 239.0 
81.0 59.0 94.0 149.0 
119.0 63.0 187.0 464.0 
56.0 60.0 63.0 53.0 
169.0 60.0 143.0 250.0 
83.0 58.0 96.0 166.0 
110.0 63.0 162.0 383.0 
57.0 60.0 63.0 54.0 
177.0 60.0 144.0 249.0 
87.0 59.0 97.0 174.0 
113.0 63.0 163.0 414.0 
57.0 60.0 63.0 54.0 
171.0 60.0 130.0 252.0 
90.0 59.0 92.0 167.0 
117.0 62.0 158.0 443.0 
56.0 61.0 63.0 53.0 
176.0 59.0 127.0 243.0 
90.0 58.0 90.0 152.0 
132.0 62.0 148.0 417.0 
59.0 60.0 62.0 60.0 
190.0 60.0 126.0 242.0 
91.0 60.0 87.0 149.0 
127.0 61.0 126.0 360.0 
58.0 61.0 62.0 58.0 
189.0 59.0 124.0 233.0 
91.0 58.0 85.0 145.0 
123.0 59.0 118.0 318.0 
59.0 60.0 60.0 58.0 
207.0 60.0 126.0 240.0 
90.0 59.0 80.0 129.0 
133.0 61.0 117.0 328.0 
59.0 60.0 62.0 59.0 
267.0 60.0 126.0 235.0 
87.0 60.0 77.0 117.0 
150.0 61.0 125.0 345.0 
58.0 60.0 61.0 59.0 
254.0 58.0 126.0 240.0 
96.0 60.0 80.0 121.0 
175.0 61.0 122.0 324.0 
57.0 60.0 62.0 59.0 
254.0 61.0 124.0 222.0 
94.0 58.0 75.0 109.0 
187.0 61.0 117.0 311.0 
58.0 60.0 62.0 59.0 
273.0 62.0 121.0 213.0 
99.0 59.0 74.0 104.0 
200.0 60.0 107.0 278.0 
58.0 60.0 62.0 58.0 
290.0 60.0 122.0 214.0 
93.0 60.0 71.0 96.0 
202.0 60.0 104.0 262.0 
57.0 60.0 62.0 61.0 
295.0 62.0 120.0 209.0 
92.0 59.0 70.0 91.0 
204.0 60.0 101.0 250.0 
57.0 61.0 62.0 59.0 
336.0 63.0 118.0 203.0 
91.0 58.0 69.0 90.0 
234.0 60.0 100.0 246.0 
54.0 59.0 62.0 59.0 
339.0 61.0 116.0 196.0 
96.0 59.0 70.0 87.0 
268.0 60.0 102.0 240.0 
48.0 60.0 60.0 56.0 
339.0 61.0 115.0 185.0 
99.0 59.0 69.0 85.0 
301.0 61.0 102.0 255.0 
48.0 60.0 61.0 56.0 
353.0 62.0 117.0 183.0 
97.0 59.0 70.0 84.0 
347.0 61.0 103.0 228.0 
46.0 60.0 60.0 55.0 
362.0 63.0 117.0 181.0 
98.0 59.0 71.0 82.0 
360.0 62.0 100.0 217.0 
45.0 59.0 58.0 53.0 
366.0 63.0 114.0 176.0 
93.0 59.0 71.0 80.0 
368.0 62.0 98.0 206.0 
44.0 60.0 59.0 53.0 
371.0 62.0 115.0 170.0 
75.0 58.0 68.0 68.0 
347.0 61.0 95.0 191.0 
46.0 60.0 59.0 54.0 
359.0 62.0 114.0 162.0 
78.0 59.0 68.0 69.0 
351.0 61.0 93.0 178.0 
47.0 60.0 58.0 55.0 
318.0 61.0 114.0 158.0 
77.0 59.0 67.0 69.0 
566.0 66.0 101.0 201.0 
43.0 60.0 57.0 55.0 
321.0 62.0 113.0 155.0 
86.0 58.0 69.0 72.0 
598.0 65.0 101.0 197.0 
40.0 60.0 58.0 55.0 
315.0 61.0 113.0 152.0 
97.0 59.0 68.0 73.0 
610.0 65.0 100.0 189.0 
39.0 60.0 58.0 54.0 
315.0 62.0 114.0 151.0 
93.0 58.0 68.0 74.0 
639.0 64.0 100.0 193.0 
40.0 59.0 59.0 55.0 
309.0 61.0 113.0 143.0 
107.0 59.0 67.0 74.0 
651.0 64.0 99.0 187.0 
40.0 60.0 57.0 55.0 
312.0 61.0 115.0 143.0 
105.0 59.0 64.0 71.0 
626.0 64.0 98.0 170.0 
40.0 60.0 59.0 55.0 
304.0 62.0 115.0 147.0 
88.0 58.0 64.0 66.0 
682.0 63.0 98.0 169.0 
39.0 60.0 58.0 55.0 
321.0 62.0 115.0 141.0 
71.0 59.0 65.0 66.0 
520.0 66.0 91.0 145.0 
44.0 60.0 59.0 56.0 
314.0 62.0 114.0 133.0 
79.0 58.0 65.0 65.0 
484.0 66.0 90.0 145.0 
44.0 60.0 58.0 56.0 
298.0 59.0 114.0 127.0 
81.0 58.0 67.0 65.0 
513.0 67.0 91.0 142.0 
45.0 60.0 58.0 56.0 
302.0 61.0 114.0 126.0 
98.0 59.0 65.0 68.0 
508.0 67.0 91.0 137.0 
46.0 60.0 58.0 57.0 
280.0 61.0 117.0 124.0 
86.0 59.0 66.0 66.0 
580.0 65.0 90.0 140.0 
46.0 60.0 58.0 57.0 
279.0 61.0 117.0 125.0 
67.0 59.0 65.0 65.0 
532.0 69.0 89.0 131.0 
43.0 60.0 58.0 57.0 
283.0 61.0 117.0 126.0 
63.0 59.0 65.0 65.0 
504.0 68.0 87.0 128.0 
43.0 59.0 59.0 58.0 
275.0 60.0 113.0 125.0 
62.0 59.0 65.0 63.0 
514.0 67.0 87.0 122.0 
42.0 60.0 57.0 57.0 
259.0 61.0 113.0 122.0 
55.0 60.0 64.0 61.0 
526.0 67.0 87.0 120.0 
43.0 59.0 60.0 57.0 
212.0 61.0 108.0 113.0 
47.0 59.0 62.0 59.0 
552.0 66.0 87.0 122.0 
44.0 59.0 59.0 56.0 
211.0 60.0 106.0 112.0 
48.0 59.0 64.0 60.0 
506.0 66.0 85.0 115.0 
44.0 60.0 59.0 58.0 
226.0 61.0 102.0 109.0 
49.0 59.0 64.0 59.0 
436.0 64.0 81.0 108.0 
47.0 60.0 59.0 58.0 
247.0 60.0 98.0 108.0 
48.0 60.0 67.0 61.0 
377.0 62.0 80.0 104.0 
45.0 60.0 59.0 58.0 
247.0 61.0 91.0 108.0 
49.0 59.0 68.0 62.0 
357.0 63.0 78.0 100.0 
45.0 60.0 59.0 58.0 
241.0 60.0 84.0 107.0 
50.0 59.0 69.0 62.0 
330.0 61.0 77.0 96.0 
46.0 61.0 59.0 58.0 
222.0 60.0 85.0 105.0 
51.0 59.0 69.0 62.0 
298.0 60.0 75.0 92.0 
47.0 60.0 60.0 57.0 
246.0 60.0 83.0 103.0 
52.0 59.0 70.0 64.0 
237.0 60.0 73.0 87.0 
50.0 59.0 59.0 57.0 
226.0 60.0 82.0 103.0 
54.0 59.0 70.0 63.0 
207.0 59.0 71.0 84.0 
49.0 58.0 59.0 59.0 
218.0 60.0 77.0 84.0 
57.0 59.0 71.0 63.0 
183.0 61.0 69.0 82.0 
51.0 60.0 59.0 59.0 
233.0 60.0 77.0 85.0 
55.0 58.0 71.0 63.0 
161.0 60.0 69.0 79.0 
50.0 61.0 60.0 59.0 
239.0 61.0 77.0 86.0 
55.0 59.0 70.0 64.0 
140.0 60.0 69.0 76.0 
51.0 59.0 59.0 60.0 
233.0 61.0 76.0 84.0 
55.0 58.0 70.0 64.0 
118.0 60.0 67.0 76.0 
52.0 60.0 60.0 60.0 
218.0 60.0 80.0 84.0 
56.0 58.0 71.0 63.0 
110.0 60.0 67.0 74.0 
54.0 60.0 62.0 58.0 
214.0 61.0 82.0 83.0 
56.0 58.0 70.0 64.0 
95.0 59.0 69.0 74.0 
54.0 60.0 61.0 61.0 
207.0 60.0 81.0 82.0 
58.0 59.0 71.0 64.0 
85.0 59.0 68.0 71.0 
55.0 61.0 61.0 61.0 
205.0 60.0 82.0 82.0 
58.0 59.0 71.0 65.0 
85.0 58.0 69.0 71.0 
54.0 60.0 61.0 60.0 
199.0 60.0 85.0 81.0 
59.0 59.0 70.0 63.0 
82.0 59.0 69.0 72.0 
56.0 61.0 60.0 59.0 
192.0 60.0 128.0 94.0 
58.0 60.0 69.0 64.0 
79.0 59.0 66.0 71.0 
54.0 61.0 58.0 59.0 
194.0 60.0 119.0 93.0 
59.0 57.0 68.0 64.0 
81.0 59.0 66.0 71.0 
59.0 60.0 59.0 61.0 
207.0 60.0 127.0 96.0 
59.0 59.0 70.0 65.0 
64.0 62.0 63.0 64.0 
56.0 61.0 60.0 60.0 
148.0 61.0 128.0 94.0 
62.0 58.0 68.0 65.0 
64.0 60.0 62.0 64.0 
58.0 59.0 60.0 60.0 
147.0 61.0 126.0 97.0 
61.0 58.0 70.0 65.0 
60.0 59.0 61.0 62.0 
60.0 60.0 59.0 60.0 
132.0 60.0 130.0 104.0 
61.0 59.0 67.0 65.0 
60.0 59.0 61.0 62.0 
59.0 59.0 60.0 59.0 
112.0 60.0 135.0 111.0 
62.0 59.0 68.0 65.0 
61.0 58.0 60.0 62.0 
60.0 60.0 58.0 60.0 
109.0 59.0 134.0 111.0 
62.0 59.0 68.0 64.0 
60.0 59.0 60.0 62.0 
60.0 60.0 58.0 60.0 
101.0 59.0 129.0 108.0 
62.0 59.0 69.0 66.0 
60.0 60.0 62.0 63.0 
60.0 60.0 60.0 61.0 
101.0 59.0 125.0 106.0 
62.0 59.0 66.0 64.0 
59.0 60.0 63.0 62.0 
60.0 59.0 60.0 61.0 
96.0 60.0 101.0 99.0 
62.0 59.0 68.0 65.0 
61.0 60.0 61.0 62.0 
60.0 60.0 60.0 61.0 
92.0 60.0 101.0 108.0 
62.0 59.0 68.0 64.0 
61.0 60.0 63.0 64.0 
60.0 60.0 60.0 60.0 
93.0 60.0 108.0 108.0 
62.0 59.0 67.0 65.0 
60.0 59.0 62.0 63.0 
59.0 60.0 61.0 60.0 
90.0 59.0 104.0 109.0 
62.0 60.0 67.0 65.0 
62.0 59.0 61.0 63.0 
60.0 60.0 59.0 60.0 
93.0 61.0 104.0 111.0 
62.0 59.0 68.0 65.0 
61.0 60.0 62.0 63.0 
59.0 60.0 59.0 60.0 
101.0 59.0 106.0 116.0 
62.0 59.0 65.0 63.0 
61.0 60.0 63.0 62.0 
60.0 59.0 59.0 59.0 
102.0 60.0 107.0 123.0 
61.0 58.0 66.0 64.0 
60.0 59.0 62.0 62.0 
60.0 60.0 59.0 60.0 
117.0 60.0 109.0 143.0 
59.0 59.0 63.0 61.0 
60.0 59.0 63.0 61.0 
58.0 61.0 58.0 59.0 
185.0 59.0 112.0 149.0 
56.0 58.0 60.0 59.0 
60.0 59.0 63.0 61.0 
59.0 60.0 59.0 58.0 
164.0 61.0 109.0 147.0 
59.0 59.0 60.0 59.0 
59.0 59.0 63.0 63.0 
59.0 59.0 60.0 58.0 
171.0 60.0 103.0 157.0 
59.0 59.0 61.0 59.0 
60.0 59.0 63.0 62.0 
59.0 61.0 60.0 59.0 
170.0 60.0 103.0 166.0 
58.0 58.0 61.0 58.0 
59.0 59.0 64.0 61.0 
58.0 60.0 61.0 60.0 
185.0 59.0 110.0 187.0 
56.0 59.0 60.0 57.0 
58.0 58.0 62.0 60.0 
57.0 60.0 60.0 58.0 
195.0 60.0 112.0 201.0 
57.0 58.0 61.0 58.0 
58.0 60.0 62.0 61.0 
57.0 60.0 60.0 57.0 
198.0 60.0 111.0 201.0 
57.0 59.0 61.0 58.0 
57.0 59.0 62.0 60.0 
56.0 60.0 60.0 57.0 
211.0 61.0 113.0 205.0 
56.0 58.0 60.0 57.0 
58.0 59.0 62.0 60.0 
56.0 60.0 60.0 55.0 
212.0 60.0 111.0 199.0 
56.0 60.0 60.0 58.0 
57.0 61.0 62.0 60.0 
56.0 61.0 60.0 57.0 
194.0 62.0 107.0 185.0 
57.0 59.0 61.0 58.0 
59.0 59.0 62.0 60.0 
58.0 60.0 61.0 58.0 
208.0 60.0 107.0 182.0 
57.0 58.0 62.0 59.0 
58.0 60.0 63.0 60.0 
57.0 60.0 62.0 58.0 
193.0 60.0 106.0 183.0 
58.0 58.0 62.0 58.0 
58.0 59.0 62.0 60.0 
57.0 61.0 61.0 58.0 
191.0 61.0 109.0 195.0 
57.0 59.0 63.0 60.0 
58.0 59.0 64.0 59.0 
58.0 59.0 61.0 57.0 
181.0 60.0 101.0 185.0 
58.0 58.0 65.0 59.0 
58.0 59.0 63.0 58.0 
57.0 59.0 61.0 58.0 
200.0 60.0 100.0 184.0 
57.0 58.0 66.0 60.0 
57.0 59.0 61.0 59.0 
57.0 60.0 62.0 58.0 
208.0 60.0 101.0 183.0 
58.0 58.0 66.0 60.0 
57.0 60.0 63.0 60.0 
56.0 60.0 61.0 57.0 
241.0 60.0 100.0 187.0 
57.0 59.0 66.0 60.0 
58.0 60.0 62.0 59.0 
55.0 60.0 61.0 57.0 
219.0 60.0 97.0 172.0 
56.0 59.0 67.0 61.0 
58.0 59.0 62.0 60.0 
56.0 60.0 62.0 58.0 
228.0 60.0 99.0 176.0 
57.0 59.0 66.0 61.0 
56.0 59.0 63.0 59.0 
56.0 61.0 61.0 58.0 
226.0 61.0 98.0 175.0 
57.0 59.0 68.0 60.0 
56.0 59.0 62.0 60.0 
55.0 60.0 61.0 58.0 
241.0 61.0 99.0 180.0 
56.0 59.0 67.0 61.0 
56.0 60.0 63.0 60.0 
55.0 60.0 61.0 57.0 
254.0 59.0 98.0 180.0 
57.0 59.0 68.0 61.0 
56.0 59.0 62.0 60.0 
55.0 61.0 61.0 58.0 
248.0 59.0 98.0 170.0 
57.0 58.0 67.0 61.0 
54.0 59.0 61.0 60.0 
56.0 60.0 60.0 58.0 
257.0 61.0 98.0 170.0 
57.0 59.0 68.0 61.0 
56.0 60.0 61.0 60.0 
55.0 60.0 61.0 58.0 
227.0 60.0 96.0 152.0 
59.0 59.0 68.0 63.0 
57.0 60.0 61.0 60.0 
56.0 60.0 61.0 58.0 
260.0 60.0 95.0 156.0 
57.0 59.0 68.0 63.0 
56.0 59.0 64.0 60.0 
54.0 60.0 60.0 59.0 
261.0 60.0 99.0 158.0 
57.0 60.0 68.0 61.0 
55.0 60.0 62.0 59.0 
55.0 60.0 60.0 58.0 
272.0 61.0 96.0 149.0 
56.0 59.0 68.0 63.0 
54.0 59.0 63.0 60.0 
54.0 60.0 61.0 58.0 
260.0 60.0 95.0 139.0 
57.0 60.0 69.0 63.0 
56.0 61.0 63.0 59.0 
55.0 60.0 62.0 59.0 
264.0 61.0 94.0 133.0 
58.0 59.0 69.0 63.0 
56.0 59.0 63.0 61.0 
54.0 61.0 61.0 61.0 
299.0 61.0 94.0 135.0 
56.0 58.0 68.0 63.0 
55.0 59.0 63.0 60.0 
54.0 60.0 61.0 59.0 
328.0 62.0 96.0 137.0 
56.0 58.0 69.0 63.0 
54.0 59.0 62.0 61.0 
52.0 59.0 61.0 59.0 
340.0 62.0 97.0 140.0 
55.0 60.0 68.0 63.0 
53.0 61.0 62.0 61.0 
52.0 60.0 62.0 59.0 
324.0 61.0 97.0 140.0 
56.0 59.0 67.0 63.0 
53.0 59.0 63.0 61.0 
53.0 60.0 60.0 59.0 
278.0 61.0 90.0 134.0 
57.0 59.0 69.0 63.0 
55.0 59.0 64.0 60.0 
53.0 60.0 61.0 59.0 
297.0 61.0 92.0 136.0 
57.0 58.0 68.0 63.0 
55.0 59.0 62.0 60.0 
53.0 61.0 60.0 60.0 
302.0 61.0 91.0 134.0 
55.0 59.0 68.0 63.0 
53.0 59.0 62.0 60.0 
52.0 60.0 61.0 60.0 
337.0 62.0 93.0 136.0 
55.0 58.0 68.0 63.0 
52.0 59.0 62.0 61.0 
53.0 60.0 61.0 59.0 
344.0 63.0 93.0 136.0 
55.0 59.0 69.0 63.0 
53.0 60.0 62.0 62.0 
51.0 60.0 61.0 59.0 
334.0 62.0 91.0 131.0 
55.0 59.0 68.0 63.0 
53.0 60.0 63.0 62.0 
52.0 60.0 60.0 60.0 
335.0 62.0 93.0 131.0 
56.0 58.0 69.0 63.0 
55.0 59.0 63.0 61.0 
53.0 60.0 62.0 59.0 
316.0 62.0 90.0 128.0 
56.0 59.0 68.0 63.0 
55.0 60.0 63.0 60.0 
52.0 60.0 61.0 60.0 
328.0 62.0 93.0 128.0 
55.0 59.0 69.0 63.0 
53.0 61.0 61.0 62.0 
52.0 60.0 61.0 60.0 
294.0 61.0 92.0 125.0 
57.0 59.0 68.0 63.0 
55.0 60.0 63.0 61.0 
54.0 61.0 61.0 60.0 
300.0 62.0 90.0 124.0 
55.0 59.0 69.0 63.0 
53.0 59.0 63.0 61.0 
54.0 60.0 61.0 60.0 
258.0 60.0 89.0 120.0 
58.0 59.0 68.0 64.0 
56.0 60.0 62.0 61.0 
56.0 60.0 61.0 60.0 
268.0 60.0 88.0 120.0 
60.0 59.0 67.0 62.0 
58.0 60.0 63.0 61.0 
55.0 60.0 61.0 60.0 
315.0 62.0 90.0 127.0 
56.0 59.0 68.0 63.0 
54.0 59.0 62.0 60.0 
51.0 61.0 61.0 59.0 
305.0 61.0 89.0 123.0 
57.0 59.0 68.0 63.0 
54.0 60.0 62.0 61.0 
53.0 60.0 60.0 60.0 
300.0 62.0 87.0 121.0 
55.0 59.0 69.0 64.0 
54.0 60.0 64.0 61.0 
53.0 60.0 61.0 60.0 
299.0 61.0 88.0 123.0 
56.0 61.0 69.0 63.0 
54.0 60.0 62.0 61.0 
53.0 61.0 61.0 61.0 
297.0 62.0 87.0 119.0 
56.0 59.0 68.0 63.0 
55.0 59.0 61.0 61.0 
53.0 60.0 61.0 60.0 
277.0 61.0 84.0 106.0 
57.0 59.0 69.0 64.0 
56.0 59.0 63.0 62.0 
54.0 61.0 62.0 61.0 
280.0 60.0 87.0 108.0 
56.0 59.0 68.0 64.0 
54.0 59.0 63.0 62.0 
54.0 59.0 61.0 61.0 
269.0 61.0 85.0 104.0 
57.0 59.0 69.0 64.0 
55.0 60.0 64.0 63.0 
53.0 60.0 62.0 60.0 
264.0 60.0 82.0 89.0 
56.0 59.0 70.0 65.0 
54.0 60.0 61.0 63.0 
53.0 60.0 62.0 61.0 
253.0 61.0 79.0 88.0 
58.0 59.0 67.0 65.0 
55.0 60.0 62.0 62.0 
54.0 60.0 61.0 61.0 
259.0 60.0 81.0 88.0 
57.0 60.0 70.0 65.0 
55.0 61.0 62.0 61.0 
54.0 60.0 61.0 61.0 
252.0 61.0 78.0 88.0 
57.0 59.0 70.0 65.0 
56.0 59.0 64.0 62.0 
53.0 61.0 61.0 61.0 
243.0 60.0 78.0 87.0 
57.0 59.0 69.0 65.0 
55.0 59.0 63.0 63.0 
54.0 61.0 61.0 62.0 
242.0 61.0 80.0 86.0 
57.0 59.0 70.0 65.0 
55.0 59.0 62.0 63.0 
54.0 60.0 62.0 62.0 
244.0 61.0 81.0 87.0 
57.0 59.0 69.0 65.0 
56.0 60.0 63.0 64.0 
54.0 60.0 62.0 60.0 
246.0 60.0 80.0 87.0 
56.0 59.0 69.0 65.0 
55.0 60.0 64.0 63.0 
54.0 60.0 61.0 62.0 
241.0 61.0 79.0 86.0 
57.0 59.0 69.0 65.0 
56.0 59.0 63.0 63.0 
54.0 59.0 62.0 61.0 
233.0 61.0 80.0 87.0 
58.0 59.0 69.0 65.0 
56.0 61.0 62.0 63.0 
54.0 61.0 62.0 61.0 
237.0 61.0 83.0 87.0 
57.0 59.0 69.0 65.0 
55.0 59.0 63.0 62.0 
55.0 60.0 61.0 61.0 
231.0 60.0 81.0 86.0 
57.0 59.0 69.0 64.0 
55.0 59.0 63.0 63.0 
54.0 60.0 62.0 61.0 
230.0 61.0 80.0 85.0 
57.0 58.0 70.0 65.0 
55.0 58.0 63.0 62.0 
55.0 60.0 61.0 62.0 
233.0 60.0 79.0 87.0 
57.0 59.0 70.0 65.0 
56.0 60.0 62.0 63.0 
56.0 60.0 62.0 61.0 
229.0 59.0 82.0 86.0 
58.0 58.0 69.0 64.0 
56.0 60.0 63.0 63.0 
54.0 61.0 60.0 62.0 
223.0 59.0 82.0 85.0 
57.0 59.0 69.0 65.0 
57.0 59.0 63.0 63.0 
55.0 60.0 61.0 60.0 
215.0 61.0 78.0 84.0 
58.0 58.0 69.0 65.0 
56.0 59.0 64.0 62.0 
55.0 60.0 62.0 61.0 
175.0 60.0 77.0 81.0 
62.0 60.0 69.0 65.0 
60.0 60.0 63.0 62.0 
60.0 60.0 61.0 62.0 
178.0 59.0 79.0 80.0 
60.0 60.0 69.0 65.0 
59.0 60.0 63.0 64.0 
58.0 59.0 62.0 62.0 
179.0 60.0 78.0 82.0 
59.0 58.0 69.0 64.0 
59.0 58.0 63.0 63.0 
57.0 59.0 62.0 61.0 
172.0 60.0 79.0 80.0 
60.0 60.0 68.0 65.0 
59.0 59.0 64.0 63.0 
59.0 60.0 62.0 61.0 
167.0 61.0 75.0 79.0 
61.0 58.0 69.0 65.0 
60.0 60.0 63.0 63.0 
60.0 60.0 62.0 61.0 
183.0 60.0 76.0 79.0 
59.0 59.0 69.0 64.0 
57.0 59.0 63.0 63.0 
57.0 59.0 62.0 60.0 
177.0 61.0 78.0 80.0 
59.0 59.0 69.0 65.0 
59.0 59.0 62.0 63.0 
58.0 60.0 62.0 61.0 
175.0 61.0 77.0 80.0 
61.0 59.0 68.0 65.0 
59.0 59.0 63.0 62.0 
58.0 62.0 61.0 62.0 
169.0 60.0 80.0 80.0 
60.0 59.0 69.0 64.0 
59.0 61.0 62.0 63.0 
58.0 60.0 60.0 62.0 
178.0 60.0 80.0 83.0 
60.0 59.0 69.0 65.0 
60.0 59.0 64.0 62.0 
59.0 60.0 62.0 62.0 
182.0 58.0 77.0 81.0 
59.0 59.0 68.0 65.0 
59.0 61.0 64.0 64.0 
60.0 61.0 61.0 62.0 
141.0 59.0 76.0 79.0 
61.0 59.0 70.0 65.0 
60.0 60.0 63.0 62.0 
60.0 60.0 60.0 61.0 
138.0 58.0 77.0 81.0 
61.0 58.0 69.0 65.0 
60.0 59.0 63.0 63.0 
60.0 60.0 61.0 62.0 
171.0 60.0 79.0 80.0 
61.0 59.0 69.0 65.0 
60.0 59.0 63.0 62.0 
60.0 60.0 61.0 62.0 
172.0 60.0 78.0 81.0 
60.0 59.0 70.0 65.0 
60.0 59.0 64.0 62.0 
59.0 61.0 61.0 62.0 
168.0 60.0 79.0 80.0 
61.0 59.0 67.0 64.0 
59.0 59.0 63.0 62.0 
60.0 60.0 62.0 62.0 
172.0 60.0 80.0 80.0 
60.0 59.0 68.0 65.0 
59.0 60.0 63.0 63.0 
59.0 60.0 62.0 62.0 
174.0 60.0 77.0 80.0 
59.0 59.0 69.0 65.0 
60.0 59.0 63.0 62.0 
60.0 60.0 62.0 61.0 
172.0 59.0 76.0 77.0 
61.0 59.0 68.0 64.0 
60.0 59.0 63.0 63.0 
60.0 60.0 62.0 62.0 
168.0 60.0 74.0 79.0 
60.0 59.0 66.0 63.0 
59.0 59.0 63.0 63.0 
60.0 59.0 64.0 63.0 
168.0 60.0 72.0 78.0 
61.0 58.0 66.0 63.0 
60.0 60.0 63.0 63.0 
60.0 60.0 63.0 63.0 
167.0 60.0 74.0 77.0 
59.0 58.0 66.0 63.0 
58.0 59.0 64.0 63.0 
58.0 60.0 63.0 63.0 
172.0 60.0 75.0 78.0 
59.0 58.0 67.0 63.0 
59.0 59.0 64.0 63.0 
58.0 61.0 62.0 63.0 
168.0 60.0 74.0 77.0 
59.0 59.0 66.0 63.0 
59.0 60.0 63.0 64.0 
61.0 60.0 63.0 62.0 
172.0 60.0 73.0 77.0 
59.0 60.0 67.0 65.0 
59.0 61.0 62.0 63.0 
59.0 60.0 63.0 63.0 
167.0 59.0 74.0 77.0 
59.0 59.0 66.0 63.0 
58.0 60.0 64.0 63.0 
58.0 60.0 63.0 62.0 
173.0 60.0 74.0 77.0 
60.0 58.0 67.0 64.0 
59.0 59.0 64.0 63.0 
58.0 60.0 62.0 62.0 
172.0 60.0 75.0 78.0 
59.0 59.0 67.0 64.0 
59.0 59.0 64.0 63.0 
58.0 60.0 63.0 63.0 
171.0 61.0 76.0 79.0 
59.0 59.0 67.0 64.0 
59.0 60.0 63.0 63.0 
58.0 60.0 63.0 62.0 
173.0 59.0 74.0 76.0 
58.0 59.0 68.0 64.0 
58.0 60.0 64.0 63.0 
57.0 60.0 63.0 61.0 
177.0 60.0 76.0 77.0 
58.0 59.0 67.0 63.0 
57.0 59.0 63.0 63.0 
57.0 60.0 62.0 63.0 
179.0 60.0 75.0 78.0 
58.0 59.0 66.0 63.0 
58.0 60.0 63.0 62.0 
57.0 60.0 62.0 62.0 
176.0 60.0 75.0 78.0 
58.0 58.0 67.0 63.0 
58.0 60.0 64.0 60.0 
58.0 60.0 63.0 62.0 
176.0 60.0 77.0 78.0 
60.0 60.0 67.0 63.0 
57.0 60.0 63.0 63.0 
59.0 60.0 64.0 62.0 
175.0 59.0 77.0 77.0 
59.0 58.0 67.0 64.0 
60.0 60.0 63.0 63.0 
58.0 60.0 62.0 62.0 
172.0 60.0 76.0 78.0 
57.0 59.0 67.0 64.0 
59.0 60.0 64.0 62.0 
59.0 60.0 62.0 62.0 
177.0 60.0 76.0 78.0 
59.0 58.0 67.0 65.0 
59.0 60.0 63.0 63.0 
59.0 60.0 62.0 62.0 
173.0 61.0 76.0 78.0 
59.0 59.0 67.0 64.0 
58.0 60.0 63.0 63.0 
58.0 60.0 61.0 62.0 
174.0 60.0 76.0 77.0 
60.0 59.0 68.0 63.0 
58.0 59.0 64.0 63.0 
58.0 59.0 63.0 62.0 
173.0 61.0 79.0 77.0 
59.0 58.0 67.0 64.0 
59.0 60.0 63.0 64.0 
59.0 61.0 62.0 62.0 
171.0 60.0 77.0 79.0 
59.0 58.0 67.0 64.0 
58.0 60.0 63.0 63.0 
58.0 60.0 63.0 63.0 
173.0 59.0 77.0 77.0 
60.0 60.0 66.0 64.0 
59.0 60.0 63.0 63.0 
59.0 61.0 62.0 62.0 
171.0 61.0 79.0 80.0 
59.0 59.0 66.0 64.0 
58.0 59.0 62.0 63.0 
58.0 60.0 62.0 63.0 
175.0 60.0 82.0 79.0 
59.0 59.0 67.0 65.0 
60.0 59.0 64.0 63.0 
59.0 60.0 62.0 63.0 
178.0 60.0 78.0 78.0 
60.0 59.0 66.0 65.0 
60.0 59.0 63.0 63.0 
59.0 59.0 62.0 62.0 
176.0 60.0 77.0 78.0 
58.0 60.0 67.0 64.0 
58.0 59.0 63.0 63.0 
58.0 60.0 63.0 62.0 
176.0 61.0 76.0 78.0 
60.0 59.0 67.0 64.0 
58.0 60.0 63.0 63.0 
57.0 60.0 64.0 63.0 
173.0 60.0 76.0 79.0 
59.0 59.0 67.0 63.0 
57.0 60.0 62.0 64.0 
58.0 60.0 61.0 62.0 
167.0 60.0 76.0 79.0 
59.0 60.0 67.0 63.0 
58.0 59.0 64.0 63.0 
57.0 59.0 62.0 62.0 
176.0 60.0 78.0 79.0 
59.0 60.0 67.0 64.0 
59.0 60.0 62.0 62.0 
59.0 60.0 62.0 62.0 
178.0 60.0 77.0 78.0 
60.0 59.0 67.0 64.0 
59.0 59.0 63.0 63.0 
58.0 60.0 63.0 62.0 
172.0 60.0 74.0 78.0 
59.0 59.0 66.0 64.0 
59.0 59.0 63.0 62.0 
58.0 60.0 63.0 62.0 
173.0 60.0 74.0 77.0 
58.0 59.0 66.0 64.0 
58.0 60.0 63.0 63.0 
58.0 60.0 62.0 62.0 
174.0 60.0 74.0 76.0 
59.0 60.0 66.0 64.0 
60.0 58.0 64.0 63.0 
59.0 61.0 64.0 62.0 
164.0 60.0 74.0 77.0 
58.0 58.0 66.0 64.0 
57.0 59.0 64.0 63.0 
57.0 60.0 63.0 62.0 
172.0 60.0 74.0 77.0 
59.0 60.0 66.0 63.0 
60.0 59.0 63.0 64.0 
58.0 59.0 63.0 62.0 
172.0 60.0 74.0 78.0 
59.0 59.0 67.0 64.0 
58.0 59.0 64.0 63.0 
57.0 60.0 63.0 63.0 
172.0 61.0 72.0 77.0 
59.0 59.0 67.0 63.0 
58.0 59.0 64.0 63.0 
57.0 59.0 62.0 62.0 
166.0 60.0 74.0 76.0 
59.0 59.0 67.0 64.0 
59.0 59.0 64.0 63.0 
59.0 60.0 62.0 63.0 
169.0 60.0 74.0 77.0 
58.0 58.0 67.0 63.0 
58.0 59.0 63.0 63.0 
57.0 61.0 61.0 62.0 
173.0 60.0 75.0 78.0 
58.0 59.0 66.0 64.0 
58.0 60.0 64.0 63.0 
58.0 60.0 63.0 62.0 
171.0 59.0 75.0 76.0 
58.0 58.0 67.0 63.0 
59.0 59.0 63.0 62.0 
59.0 60.0 62.0 62.0 
170.0 61.0 75.0 77.0 
61.0 58.0 67.0 64.0 
59.0 60.0 63.0 63.0 
58.0 60.0 62.0 62.0 
171.0 60.0 74.0 78.0 
59.0 58.0 66.0 63.0 
58.0 59.0 64.0 63.0 
58.0 60.0 63.0 62.0 
170.0 60.0 77.0 78.0 
60.0 58.0 67.0 64.0 
59.0 60.0 64.0 64.0 
61.0 59.0 62.0 63.0 
166.0 60.0 77.0 78.0 
58.0 59.0 67.0 64.0 
60.0 59.0 64.0 63.0 
59.0 60.0 63.0 62.0 
170.0 61.0 77.0 79.0 
60.0 58.0 67.0 64.0 
60.0 59.0 63.0 63.0 
59.0 60.0 63.0 61.0 
166.0 60.0 77.0 78.0 
59.0 59.0 66.0 65.0 
59.0 59.0 64.0 62.0 
59.0 60.0 61.0 62.0 
162.0 60.0 76.0 77.0 
59.0 59.0 68.0 62.0 
58.0 60.0 64.0 63.0 
58.0 60.0 62.0 63.0 
168.0 61.0 77.0 78.0 
60.0 58.0 66.0 64.0 
61.0 60.0 63.0 63.0 
60.0 60.0 64.0 62.0 
161.0 59.0 76.0 79.0 
59.0 58.0 67.0 64.0 
59.0 61.0 63.0 63.0 
59.0 61.0 62.0 63.0 
164.0 60.0 79.0 77.0 
59.0 59.0 67.0 64.0 
58.0 60.0 64.0 63.0 
58.0 60.0 62.0 62.0 
162.0 60.0 77.0 77.0 
59.0 59.0 66.0 64.0 
58.0 60.0 63.0 63.0 
58.0 60.0 62.0 62.0 
161.0 60.0 78.0 78.0 
58.0 58.0 66.0 65.0 
57.0 60.0 63.0 63.0 
58.0 60.0 63.0 62.0 
155.0 60.0 77.0 77.0 
59.0 59.0 66.0 63.0 
59.0 60.0 62.0 63.0 
58.0 61.0 62.0 63.0 
159.0 60.0 77.0 77.0 
59.0 59.0 66.0 65.0 
59.0 59.0 64.0 63.0 
61.0 60.0 62.0 62.0 
161.0 60.0 76.0 76.0 
60.0 59.0 68.0 63.0 
60.0 60.0 62.0 63.0 
59.0 60.0 63.0 63.0 
158.0 61.0 76.0 77.0 
59.0 59.0 67.0 64.0 
58.0 59.0 63.0 64.0 
59.0 60.0 63.0 62.0 
158.0 60.0 77.0 77.0 
59.0 61.0 67.0 65.0 
58.0 61.0 64.0 63.0 
60.0 60.0 64.0 61.0 
156.0 60.0 76.0 76.0 
62.0 60.0 67.0 65.0 
62.0 60.0 64.0 63.0 
60.0 59.0 62.0 63.0 
153.0 60.0 75.0 75.0 
60.0 58.0 68.0 64.0 
59.0 60.0 63.0 64.0 
59.0 59.0 63.0 62.0 
149.0 59.0 75.0 75.0 
60.0 59.0 68.0 64.0 
60.0 59.0 64.0 63.0 
58.0 60.0 63.0 62.0 
149.0 59.0 75.0 75.0 
60.0 60.0 67.0 64.0 
63.0 59.0 63.0 63.0 
60.0 60.0 61.0 62.0 
146.0 59.0 74.0 75.0 
60.0 59.0 68.0 65.0 
60.0 59.0 63.0 62.0 
60.0 61.0 62.0 62.0 
147.0 61.0 75.0 75.0 
61.0 59.0 67.0 65.0 
60.0 59.0 64.0 64.0 
60.0 59.0 62.0 63.0 
147.0 60.0 76.0 75.0 
60.0 58.0 67.0 65.0 
60.0 60.0 63.0 63.0 
60.0 60.0 62.0 62.0 
142.0 60.0 76.0 74.0 
60.0 58.0 67.0 64.0 
59.0 60.0 64.0 63.0 
59.0 61.0 62.0 62.0 
144.0 60.0 74.0 75.0 
60.0 59.0 67.0 64.0 
61.0 58.0 63.0 63.0 
61.0 61.0 62.0 63.0 
147.0 60.0 75.0 75.0 
60.0 59.0 69.0 64.0 
60.0 60.0 63.0 63.0 
61.0 59.0 62.0 62.0 
145.0 59.0 74.0 75.0 
60.0 59.0 67.0 64.0 
60.0 59.0 63.0 63.0 
59.0 61.0 62.0 62.0 
143.0 60.0 74.0 74.0 
60.0 60.0 67.0 64.0 
60.0 59.0 63.0 63.0 
60.0 60.0 64.0 61.0 
145.0 60.0 74.0 74.0 
60.0 60.0 67.0 64.0 
60.0 60.0 63.0 62.0 
59.0 59.0 62.0 62.0 
142.0 60.0 73.0 75.0 
61.0 58.0 68.0 63.0 
60.0 61.0 64.0 63.0 
60.0 60.0 62.0 62.0 
143.0 60.0 73.0 74.0 
60.0 59.0 67.0 64.0 
60.0 60.0 61.0 63.0 
60.0 61.0 62.0 62.0 
140.0 60.0 73.0 75.0 
60.0 59.0 67.0 65.0 
60.0 61.0 64.0 63.0 
60.0 60.0 62.0 63.0 
140.0 60.0 73.0 74.0 
59.0 59.0 67.0 64.0 
60.0 59.0 65.0 63.0 
60.0 60.0 62.0 62.0 
144.0 60.0 73.0 74.0 
60.0 60.0 67.0 64.0 
59.0 61.0 63.0 63.0 
60.0 61.0 62.0 63.0 
134.0 60.0 73.0 75.0 
60.0 58.0 67.0 64.0 
61.0 58.0 64.0 63.0 
61.0 60.0 63.0 63.0 
137.0 60.0 74.0 75.0 
60.0 59.0 66.0 64.0 
60.0 59.0 63.0 63.0 
61.0 60.0 64.0 62.0 
140.0 60.0 73.0 74.0 
60.0 58.0 67.0 63.0 
60.0 59.0 64.0 63.0 
60.0 59.0 61.0 63.0 
123.0 60.0 74.0 73.0 
61.0 59.0 68.0 64.0 
60.0 59.0 63.0 63.0 
60.0 61.0 62.0 62.0 
138.0 59.0 73.0 74.0 
61.0 60.0 66.0 64.0 
61.0 59.0 63.0 62.0 
60.0 60.0 61.0 62.0 
143.0 59.0 74.0 74.0 
60.0 59.0 67.0 65.0 
60.0 59.0 64.0 63.0 
60.0 61.0 62.0 62.0 
140.0 60.0 73.0 75.0 
60.0 59.0 67.0 64.0 
60.0 60.0 63.0 63.0 
60.0 62.0 63.0 63.0 
143.0 59.0 73.0 74.0 
61.0 58.0 67.0 64.0 
60.0 60.0 63.0 62.0 
59.0 61.0 63.0 63.0 
136.0 60.0 72.0 74.0 
61.0 58.0 67.0 64.0 
61.0 59.0 63.0 62.0 
60.0 60.0 62.0 63.0 
141.0 60.0 73.0 74.0 
61.0 58.0 67.0 64.0 
60.0 60.0 64.0 64.0 
60.0 60.0 63.0 62.0 
140.0 60.0 73.0 74.0 
60.0 60.0 66.0 64.0 
60.0 59.0 65.0 63.0 
60.0 60.0 61.0 62.0 
133.0 61.0 74.0 73.0 
59.0 59.0 66.0 64.0 
61.0 59.0 63.0 64.0 
61.0 60.0 62.0 63.0 
128.0 59.0 75.0 72.0 
61.0 59.0 66.0 64.0 
61.0 59.0 64.0 63.0 
61.0 60.0 62.0 63.0 
125.0 60.0 73.0 72.0 
60.0 59.0 67.0 64.0 
60.0 59.0 64.0 64.0 
60.0 59.0 62.0 63.0 
123.0 61.0 71.0 73.0 
61.0 59.0 67.0 63.0 
60.0 59.0 64.0 63.0 
60.0 60.0 63.0 63.0 
119.0 60.0 71.0 72.0 
61.0 59.0 68.0 64.0 
60.0 60.0 64.0 63.0 
61.0 60.0 62.0 62.0 
117.0 59.0 73.0 73.0 
61.0 60.0 68.0 64.0 
61.0 60.0 64.0 64.0 
60.0 60.0 62.0 63.0 
114.0 59.0 72.0 71.0 
61.0 59.0 67.0 65.0 
59.0 60.0 63.0 63.0 
61.0 60.0 62.0 62.0 
118.0 60.0 72.0 72.0 
61.0 59.0 67.0 63.0 
60.0 59.0 64.0 64.0 
61.0 59.0 62.0 62.0 
119.0 58.0 73.0 70.0 
61.0 59.0 67.0 64.0 
60.0 60.0 64.0 64.0 
62.0 61.0 62.0 62.0 
118.0 60.0 73.0 72.0 
61.0 59.0 67.0 64.0 
60.0 59.0 63.0 64.0 
62.0 60.0 62.0 63.0 
115.0 60.0 73.0 71.0 
61.0 58.0 67.0 64.0 
61.0 59.0 63.0 64.0 
60.0 60.0 63.0 62.0 
116.0 61.0 76.0 72.0 
60.0 59.0 67.0 64.0 
61.0 59.0 65.0 64.0 
60.0 60.0 62.0 62.0 
115.0 59.0 76.0 71.0 
61.0 59.0 67.0 64.0 
61.0 60.0 63.0 63.0 
61.0 60.0 63.0 63.0 
114.0 59.0 76.0 71.0 
61.0 60.0 67.0 64.0 
60.0 59.0 64.0 64.0 
61.0 60.0 61.0 62.0 
115.0 60.0 75.0 71.0 
60.0 60.0 67.0 64.0 
60.0 61.0 63.0 63.0 
60.0 60.0 63.0 61.0 
114.0 60.0 75.0 72.0 
61.0 59.0 68.0 64.0 
61.0 58.0 63.0 64.0 
60.0 60.0 63.0 63.0 
114.0 60.0 74.0 72.0 
61.0 59.0 67.0 64.0 
61.0 59.0 63.0 64.0 
61.0 61.0 62.0 63.0 
113.0 59.0 73.0 72.0 
61.0 59.0 68.0 63.0 
60.0 60.0 63.0 63.0 
61.0 59.0 62.0 62.0 
114.0 60.0 75.0 72.0 
61.0 59.0 67.0 64.0 
60.0 60.0 62.0 63.0 
61.0 61.0 63.0 62.0 
117.0 60.0 74.0 72.0 
61.0 59.0 66.0 64.0 
60.0 60.0 64.0 64.0 
61.0 60.0 63.0 63.0 
117.0 60.0 74.0 72.0 
61.0 58.0 66.0 64.0 
60.0 60.0 63.0 64.0 
61.0 60.0 63.0 62.0 
116.0 59.0 74.0 72.0 
61.0 59.0 67.0 64.0 
60.0 60.0 64.0 64.0 
61.0 60.0 62.0 63.0 
115.0 60.0 75.0 72.0 
61.0 59.0 66.0 64.0 
60.0 60.0 63.0 65.0 
59.0 60.0 63.0 63.0 
116.0 60.0 74.0 70.0 
60.0 59.0 67.0 64.0 
60.0 61.0 64.0 64.0 
61.0 60.0 60.0 62.0 
116.0 59.0 74.0 72.0 
61.0 59.0 67.0 64.0 
61.0 60.0 63.0 64.0 
61.0 59.0 62.0 62.0 
116.0 60.0 75.0 72.0 
62.0 60.0 67.0 64.0 
61.0 59.0 64.0 63.0 
61.0 60.0 62.0 63.0 
115.0 59.0 75.0 72.0 
61.0 59.0 67.0 65.0 
60.0 59.0 63.0 63.0 
60.0 60.0 62.0 64.0 
115.0 60.0 73.0 71.0 
61.0 58.0 67.0 64.0 
61.0 59.0 63.0 63.0 
62.0 61.0 62.0 63.0 
113.0 59.0 75.0 72.0 
61.0 59.0 67.0 65.0 
60.0 59.0 63.0 63.0 
60.0 60.0 62.0 62.0 
114.0 60.0 74.0 72.0 
61.0 58.0 68.0 64.0 
61.0 60.0 64.0 63.0 
60.0 61.0 62.0 62.0 
117.0 60.0 77.0 72.0 
61.0 58.0 67.0 65.0 
60.0 59.0 65.0 64.0 
60.0 60.0 62.0 63.0 
115.0 60.0 74.0 72.0 
61.0 60.0 67.0 65.0 
60.0 59.0 63.0 64.0 
60.0 60.0 62.0 63.0 
115.0 60.0 76.0 72.0 
61.0 58.0 68.0 64.0 
60.0 59.0 64.0 65.0 
60.0 61.0 63.0 62.0 
110.0 60.0 75.0 71.0 
61.0 59.0 68.0 64.0 
61.0 58.0 64.0 64.0 
61.0 60.0 63.0 62.0 
111.0 59.0 75.0 71.0 
61.0 59.0 67.0 64.0 
61.0 60.0 63.0 63.0 
60.0 59.0 62.0 62.0 
112.0 60.0 75.0 72.0 
61.0 59.0 68.0 65.0 
61.0 59.0 64.0 63.0 
60.0 60.0 63.0 64.0 
113.0 61.0 74.0 71.0 
61.0 59.0 68.0 65.0 
61.0 60.0 63.0 63.0 
60.0 60.0 62.0 62.0 
114.0 60.0 75.0 72.0 
60.0 59.0 67.0 64.0 
61.0 60.0 63.0 63.0 
60.0 61.0 63.0 62.0 
114.0 60.0 76.0 73.0 
62.0 59.0 68.0 65.0 
60.0 59.0 63.0 64.0 
61.0 60.0 63.0 62.0 
112.0 59.0 75.0 71.0 
61.0 60.0 67.0 65.0 
61.0 59.0 62.0 63.0 
61.0 60.0 62.0 63.0 
113.0 60.0 75.0 70.0 
61.0 59.0 68.0 64.0 
59.0 59.0 63.0 64.0 
61.0 58.0 63.0 62.0 
114.0 59.0 75.0 72.0 
60.0 59.0 68.0 65.0 
61.0 59.0 63.0 63.0 
61.0 60.0 61.0 62.0 
113.0 59.0 73.0 71.0 
62.0 59.0 67.0 64.0 
61.0 59.0 63.0 63.0 
61.0 60.0 62.0 62.0 
111.0 59.0 73.0 71.0 
61.0 59.0 68.0 64.0 
61.0 59.0 63.0 63.0 
61.0 60.0 63.0 63.0 
109.0 60.0 72.0 71.0 
61.0 58.0 68.0 63.0 
60.0 60.0 64.0 64.0 
60.0 60.0 62.0 62.0 
110.0 60.0 73.0 70.0 
60.0 59.0 68.0 65.0 
62.0 58.0 64.0 64.0 
61.0 61.0 62.0 63.0 
110.0 59.0 72.0 71.0 
61.0 58.0 68.0 65.0 
61.0 60.0 63.0 63.0 
61.0 60.0 62.0 62.0 
112.0 60.0 72.0 71.0 
62.0 59.0 68.0 64.0 
61.0 60.0 64.0 63.0 
60.0 60.0 63.0 63.0 
110.0 60.0 72.0 71.0 
62.0 58.0 68.0 64.0 
59.0 59.0 63.0 64.0 
61.0 60.0 63.0 62.0 
111.0 58.0 71.0 70.0 
61.0 59.0 68.0 64.0 
62.0 59.0 64.0 63.0 
61.0 60.0 63.0 63.0 
109.0 59.0 70.0 71.0 
62.0 60.0 67.0 65.0 
60.0 59.0 64.0 64.0 
60.0 59.0 62.0 63.0 
109.0 60.0 72.0 71.0 
61.0 59.0 69.0 64.0 
61.0 60.0 64.0 63.0 
61.0 60.0 62.0 63.0 
111.0 60.0 72.0 70.0 
61.0 59.0 67.0 64.0 
60.0 60.0 63.0 65.0 
61.0 59.0 63.0 62.0 
109.0 60.0 70.0 70.0 
61.0 58.0 68.0 65.0 
60.0 59.0 64.0 63.0 
61.0 60.0 62.0 63.0 
111.0 60.0 70.0 71.0 
61.0 59.0 68.0 64.0 
61.0 60.0 64.0 65.0 
60.0 60.0 62.0 63.0 
111.0 60.0 71.0 71.0 
61.0 59.0 69.0 64.0 
61.0 60.0 63.0 63.0 
61.0 59.0 64.0 62.0 
113.0 58.0 71.0 71.0 
61.0 59.0 68.0 64.0 
61.0 59.0 63.0 64.0 
61.0 60.0 62.0 62.0 
113.0 61.0 72.0 71.0 
61.0 59.0 68.0 64.0 
61.0 59.0 64.0 63.0 
60.0 61.0 62.0 63.0 
114.0 59.0 71.0 71.0 
60.0 60.0 69.0 64.0 
61.0 59.0 64.0 63.0 
60.0 60.0 62.0 63.0 
115.0 61.0 71.0 71.0 
61.0 59.0 68.0 64.0 
61.0 59.0 64.0 63.0 
61.0 60.0 62.0 62.0 
114.0 59.0 72.0 71.0 
61.0 58.0 68.0 64.0 
60.0 60.0 63.0 64.0 
60.0 60.0 62.0 62.0 
115.0 60.0 73.0 71.0 
61.0 59.0 68.0 64.0 
60.0 59.0 63.0 63.0 
61.0 60.0 62.0 63.0 
118.0 59.0 73.0 71.0 
61.0 58.0 68.0 64.0 
60.0 59.0 63.0 63.0 
60.0 60.0 62.0 63.0 
117.0 60.0 72.0 71.0 
60.0 59.0 68.0 65.0 
60.0 59.0 64.0 63.0 
59.0 60.0 63.0 63.0 
115.0 60.0 73.0 72.0 
61.0 59.0 68.0 64.0 
62.0 60.0 63.0 64.0 
60.0 60.0 62.0 62.0 
116.0 60.0 72.0 71.0 
60.0 59.0 68.0 64.0 
60.0 59.0 64.0 64.0 
61.0 60.0 62.0 62.0 
116.0 60.0 73.0 72.0 
61.0 59.0 67.0 64.0 
60.0 60.0 64.0 64.0 
60.0 60.0 63.0 62.0 
115.0 60.0 72.0 71.0 
61.0 59.0 67.0 64.0 
60.0 60.0 63.0 64.0 
61.0 59.0 63.0 62.0 
113.0 60.0 72.0 72.0 
60.0 60.0 66.0 64.0 
59.0 60.0 64.0 63.0 
61.0 59.0 63.0 62.0 
116.0 60.0 72.0 71.0 
61.0 58.0 67.0 64.0 
60.0 59.0 64.0 63.0 
61.0 60.0 64.0 63.0 
113.0 60.0 72.0 70.0 
60.0 59.0 68.0 64.0 
60.0 60.0 63.0 64.0 
60.0 60.0 63.0 63.0 
113.0 60.0 74.0 71.0 
61.0 60.0 67.0 64.0 
60.0 59.0 62.0 65.0 
60.0 60.0 63.0 63.0 
110.0 59.0 73.0 70.0 
61.0 59.0 69.0 64.0 
60.0 59.0 64.0 63.0 
60.0 61.0 62.0 63.0 
112.0 59.0 73.0 71.0 
61.0 59.0 68.0 65.0 
60.0 61.0 63.0 64.0 
61.0 61.0 62.0 63.0 
113.0 60.0 73.0 71.0 
61.0 58.0 66.0 64.0 
60.0 59.0 64.0 65.0 
61.0 60.0 63.0 63.0 
111.0 60.0 72.0 71.0 
60.0 59.0 67.0 64.0 
60.0 59.0 63.0 63.0 
61.0 60.0 63.0 62.0 
111.0 61.0 73.0 71.0 
62.0 60.0 67.0 64.0 
61.0 59.0 66.0 63.0 
60.0 60.0 63.0 63.0 
113.0 61.0 72.0 71.0 
61.0 59.0 67.0 64.0 
60.0 59.0 63.0 64.0 
60.0 61.0 62.0 63.0 
110.0 60.0 73.0 70.0 
63.0 59.0 68.0 64.0 
61.0 59.0 64.0 64.0 
61.0 60.0 63.0 63.0 
109.0 59.0 73.0 70.0 
60.0 59.0 67.0 64.0 
61.0 60.0 63.0 64.0 
61.0 60.0 63.0 63.0 
112.0 60.0 72.0 71.0 
61.0 58.0 67.0 65.0 
61.0 60.0 63.0 63.0 
61.0 60.0 63.0 63.0 
110.0 60.0 73.0 70.0 
61.0 58.0 68.0 64.0 
61.0 59.0 64.0 63.0 
60.0 60.0 63.0 63.0 
109.0 60.0 72.0 70.0 
61.0 59.0 68.0 64.0 
60.0 60.0 63.0 64.0 
61.0 60.0 62.0 63.0 
108.0 60.0 71.0 71.0 
60.0 59.0 67.0 64.0 
61.0 60.0 63.0 64.0 
61.0 60.0 63.0 64.0 
110.0 60.0 71.0 70.0 
61.0 59.0 67.0 64.0 
61.0 59.0 64.0 63.0 
60.0 60.0 62.0 62.0 
115.0 60.0 71.0 70.0 
61.0 59.0 68.0 65.0 
60.0 59.0 63.0 64.0 
61.0 60.0 63.0 63.0 
113.0 60.0 72.0 71.0 
61.0 59.0 67.0 64.0 
61.0 60.0 63.0 64.0 
59.0 61.0 63.0 63.0 
113.0 60.0 71.0 70.0 
60.0 59.0 67.0 65.0 
61.0 59.0 63.0 64.0 
60.0 60.0 63.0 62.0 
113.0 59.0 72.0 71.0 
61.0 58.0 67.0 65.0 
61.0 57.0 63.0 64.0 
60.0 60.0 62.0 63.0 
112.0 60.0 71.0 70.0 
60.0 59.0 68.0 64.0 
60.0 60.0 63.0 64.0 
61.0 60.0 63.0 63.0 
113.0 59.0 72.0 71.0 
61.0 59.0 67.0 64.0 
60.0 60.0 63.0 63.0 
61.0 60.0 62.0 62.0 
113.0 60.0 72.0 70.0 
60.0 59.0 66.0 64.0 
61.0 59.0 63.0 63.0 
61.0 60.0 63.0 63.0 
112.0 60.0 72.0 70.0 
61.0 59.0 66.0 65.0 
61.0 60.0 63.0 64.0 
61.0 61.0 62.0 63.0 
110.0 61.0 72.0 70.0 
60.0 59.0 67.0 65.0 
60.0 59.0 63.0 64.0 
61.0 60.0 62.0 63.0 
110.0 60.0 71.0 71.0 
60.0 59.0 67.0 64.0 
60.0 60.0 63.0 64.0 
61.0 60.0 63.0 62.0 
110.0 59.0 71.0 71.0 
61.0 58.0 68.0 64.0 
61.0 60.0 63.0 64.0 
61.0 60.0 62.0 62.0 
111.0 60.0 72.0 71.0 
62.0 59.0 67.0 65.0 
61.0 59.0 64.0 64.0 
61.0 59.0 63.0 63.0 
110.0 60.0 71.0 70.0 
62.0 59.0 67.0 64.0 
61.0 60.0 64.0 63.0 
60.0 60.0 63.0 62.0 
111.0 59.0 72.0 70.0 
61.0 59.0 67.0 64.0 
60.0 61.0 64.0 64.0 
60.0 59.0 62.0 63.0 
111.0 60.0 72.0 72.0 
60.0 59.0 66.0 64.0 
60.0 60.0 63.0 64.0 
61.0 60.0 63.0 62.0 
113.0 59.0 72.0 71.0 
61.0 59.0 67.0 65.0 
60.0 60.0 62.0 64.0 
60.0 60.0 62.0 62.0 
111.0 59.0 72.0 71.0 
62.0 57.0 68.0 64.0 
63.0 59.0 63.0 64.0 
60.0 60.0 63.0 62.0 
109.0 60.0 72.0 71.0 
61.0 59.0 67.0 64.0 
60.0 60.0 64.0 63.0 
61.0 60.0 62.0 63.0 
107.0 60.0 72.0 70.0 
61.0 59.0 67.0 64.0 
60.0 59.0 63.0 64.0 
60.0 60.0 62.0 63.0 
107.0 60.0 71.0 71.0 
61.0 59.0 67.0 64.0 
61.0 59.0 64.0 63.0 
61.0 60.0 62.0 62.0 
108.0 61.0 72.0 70.0 
60.0 59.0 67.0 64.0 
60.0 58.0 64.0 64.0 
61.0 60.0 63.0 62.0 
108.0 61.0 72.0 71.0 
60.0 59.0 67.0 64.0 
60.0 60.0 63.0 64.0 
60.0 59.0 62.0 63.0 
108.0 60.0 72.0 71.0 
61.0 57.0 68.0 64.0 
61.0 59.0 63.0 64.0 
61.0 59.0 63.0 62.0 
108.0 60.0 70.0 71.0 
61.0 58.0 67.0 63.0 
61.0 60.0 63.0 63.0 
61.0 60.0 63.0 62.0 
113.0 60.0 71.0 70.0 
61.0 59.0 68.0 64.0 
61.0 59.0 63.0 64.0 
61.0 60.0 62.0 63.0 
110.0 60.0 72.0 69.0 
61.0 58.0 67.0 64.0 
60.0 59.0 64.0 64.0 
61.0 60.0 62.0 62.0 
110.0 59.0 71.0 71.0 
60.0 60.0 67.0 64.0 
59.0 59.0 64.0 63.0 
60.0 60.0 63.0 62.0 
106.0 60.0 70.0 70.0 
62.0 58.0 68.0 64.0 
60.0 60.0 62.0 64.0 
62.0 60.0 63.0 62.0 
105.0 60.0 70.0 71.0 
61.0 57.0 67.0 64.0 
61.0 59.0 63.0 63.0 
61.0 59.0 62.0 63.0 
106.0 60.0 70.0 70.0 
61.0 58.0 67.0 64.0 
60.0 60.0 63.0 64.0 
61.0 59.0 61.0 63.0 
113.0 60.0 71.0 70.0 
59.0 59.0 67.0 64.0 
61.0 59.0 63.0 64.0 
61.0 60.0 63.0 61.0 
106.0 59.0 72.0 70.0 
61.0 59.0 68.0 64.0 
60.0 61.0 63.0 63.0 
60.0 60.0 62.0 63.0 
109.0 59.0 71.0 70.0 
61.0 59.0 68.0 65.0 
60.0 60.0 64.0 64.0 
62.0 60.0 62.0 62.0 
112.0 60.0 72.0 70.0 
61.0 59.0 67.0 65.0 
62.0 59.0 64.0 64.0 
60.0 60.0 62.0 63.0 
100.0 60.0 71.0 70.0 
61.0 58.0 67.0 64.0 
61.0 60.0 64.0 63.0 
60.0 60.0 63.0 61.0 
106.0 60.0 73.0 70.0 
61.0 59.0 67.0 64.0 
61.0 61.0 63.0 64.0 
62.0 60.0 63.0 63.0 
111.0 60.0 73.0 71.0 
61.0 59.0 67.0 64.0 
61.0 60.0 63.0 64.0 
61.0 60.0 63.0 62.0 
111.0 59.0 72.0 70.0 
60.0 59.0 67.0 64.0 
61.0 60.0 64.0 64.0 
61.0 59.0 62.0 63.0 
110.0 59.0 73.0 71.0 
61.0 59.0 66.0 63.0 
60.0 59.0 63.0 64.0 
61.0 60.0 62.0 63.0 
109.0 59.0 74.0 70.0 
61.0 59.0 67.0 64.0 
61.0 59.0 64.0 64.0 
60.0 60.0 62.0 63.0 
107.0 60.0 74.0 71.0 
61.0 59.0 69.0 64.0 
61.0 59.0 63.0 64.0 
61.0 60.0 63.0 63.0 
112.0 59.0 73.0 71.0 
61.0 60.0 67.0 64.0 
61.0 60.0 62.0 64.0 
61.0 59.0 62.0 63.0 
110.0 60.0 74.0 71.0 
61.0 60.0 67.0 64.0 
60.0 59.0 64.0 64.0 
62.0 60.0 62.0 63.0 
107.0 60.0 74.0 71.0 
61.0 58.0 67.0 65.0 
60.0 58.0 63.0 63.0 
61.0 61.0 63.0 62.0 
106.0 60.0 73.0 71.0 
61.0 59.0 67.0 64.0 
61.0 60.0 64.0 64.0 
61.0 60.0 64.0 62.0 
101.0 61.0 74.0 70.0 
63.0 59.0 66.0 64.0 
61.0 59.0 64.0 63.0 
61.0 61.0 62.0 62.0 
104.0 59.0 75.0 69.0 
61.0 59.0 67.0 63.0 
60.0 59.0 63.0 63.0 
62.0 60.0 62.0 62.0 
104.0 60.0 74.0 71.0 
62.0 59.0 66.0 64.0 
60.0 62.0 63.0 63.0 
61.0 60.0 62.0 62.0 
107.0 60.0 73.0 70.0 
61.0 59.0 67.0 64.0 
61.0 59.0 63.0 64.0 
62.0 60.0 62.0 63.0 
106.0 60.0 74.0 70.0 
61.0 59.0 67.0 64.0 
61.0 59.0 63.0 64.0 
61.0 60.0 62.0 62.0 
102.0 60.0 73.0 70.0 
61.0 59.0 66.0 64.0 
61.0 60.0 64.0 63.0 
60.0 60.0 63.0 63.0 
99.0 60.0 73.0 70.0 
62.0 58.0 67.0 64.0 
61.0 60.0 63.0 64.0 
62.0 59.0 63.0 62.0 
98.0 59.0 73.0 68.0 
60.0 60.0 67.0 65.0 
61.0 60.0 63.0 63.0 
61.0 60.0 62.0 63.0 
97.0 60.0 74.0 68.0 
61.0 58.0 67.0 64.0 
61.0 59.0 63.0 65.0 
61.0 61.0 62.0 64.0 
97.0 60.0 75.0 69.0 
62.0 59.0 67.0 65.0 
61.0 59.0 64.0 65.0 
61.0 60.0 63.0 63.0 
101.0 60.0 73.0 70.0 
62.0 59.0 67.0 64.0 
61.0 60.0 64.0 63.0 
61.0 60.0 63.0 63.0 
98.0 60.0 73.0 69.0 
61.0 58.0 68.0 64.0 
61.0 59.0 64.0 63.0 
61.0 60.0 62.0 64.0 
96.0 60.0 73.0 68.0 
62.0 59.0 66.0 64.0 
61.0 59.0 62.0 64.0 
62.0 61.0 63.0 63.0 
97.0 59.0 73.0 69.0 
61.0 58.0 67.0 65.0 
61.0 60.0 63.0 64.0 
62.0 59.0 62.0 62.0 
97.0 61.0 73.0 69.0 
61.0 59.0 68.0 64.0 
61.0 60.0 64.0 64.0 
63.0 60.0 62.0 61.0 
96.0 60.0 73.0 69.0 
61.0 59.0 67.0 64.0 
61.0 59.0 63.0 65.0 
62.0 59.0 63.0 63.0 
98.0 59.0 72.0 69.0 
62.0 58.0 68.0 64.0 
61.0 61.0 63.0 64.0 
61.0 60.0 62.0 62.0 
95.0 62.0 74.0 69.0 
61.0 58.0 66.0 63.0 
62.0 59.0 64.0 64.0 
62.0 60.0 63.0 62.0 
97.0 60.0 73.0 69.0 
61.0 58.0 68.0 64.0 
60.0 61.0 63.0 63.0 
60.0 60.0 62.0 62.0 
97.0 60.0 72.0 70.0 
62.0 59.0 68.0 64.0 
61.0 59.0 64.0 63.0 
61.0 61.0 62.0 62.0 
98.0 60.0 73.0 69.0 
62.0 59.0 68.0 65.0 
60.0 60.0 63.0 64.0 
61.0 60.0 63.0 62.0 
98.0 60.0 72.0 69.0 
61.0 59.0 68.0 64.0 
61.0 59.0 63.0 63.0 
60.0 60.0 63.0 63.0 
100.0 60.0 73.0 69.0 
61.0 58.0 67.0 64.0 
62.0 58.0 64.0 63.0 
60.0 61.0 63.0 62.0 
100.0 60.0 72.0 69.0 
61.0 59.0 67.0 65.0 
61.0 60.0 63.0 63.0 
62.0 61.0 63.0 62.0 
100.0 60.0 73.0 69.0 
62.0 59.0 68.0 64.0 
61.0 60.0 63.0 63.0 
61.0 60.0 62.0 63.0 
101.0 59.0 73.0 70.0 
61.0 59.0 68.0 65.0 
61.0 60.0 64.0 64.0 
61.0 59.0 63.0 62.0 
101.0 60.0 72.0 69.0 
62.0 58.0 68.0 64.0 
61.0 60.0 63.0 64.0 
61.0 61.0 62.0 62.0 
100.0 60.0 72.0 69.0 
62.0 59.0 67.0 64.0 
61.0 60.0 63.0 63.0 
62.0 60.0 62.0 62.0 
101.0 59.0 72.0 68.0 
61.0 58.0 67.0 64.0 
61.0 59.0 63.0 64.0 
61.0 60.0 62.0 62.0 
108.0 61.0 72.0 70.0 
61.0 59.0 67.0 64.0 
60.0 59.0 64.0 64.0 
60.0 60.0 62.0 64.0 
111.0 59.0 73.0 70.0 
61.0 58.0 67.0 64.0 
61.0 59.0 63.0 64.0 
60.0 60.0 63.0 62.0 
113.0 60.0 73.0 71.0 
61.0 58.0 68.0 64.0 
60.0 59.0 64.0 63.0 
60.0 60.0 62.0 63.0 
113.0 59.0 73.0 71.0 
61.0 58.0 67.0 64.0 
60.0 59.0 63.0 64.0 
60.0 59.0 62.0 62.0 
112.0 60.0 73.0 71.0 
61.0 58.0 67.0 64.0 
60.0 60.0 63.0 64.0 
61.0 60.0 63.0 62.0 
114.0 60.0 72.0 70.0 
60.0 58.0 68.0 64.0 
60.0 60.0 64.0 63.0 
60.0 60.0 62.0 62.0 
115.0 59.0 72.0 71.0 
61.0 57.0 68.0 64.0 
60.0 59.0 64.0 63.0 
61.0 60.0 63.0 62.0 
113.0 60.0 73.0 70.0 
60.0 59.0 68.0 64.0 
60.0 59.0 63.0 63.0 
61.0 59.0 63.0 62.0 
113.0 60.0 73.0 70.0 
61.0 59.0 67.0 65.0 
60.0 59.0 63.0 64.0 
60.0 60.0 62.0 63.0 
111.0 59.0 73.0 70.0 
60.0 59.0 68.0 64.0 
61.0 60.0 63.0 64.0 
61.0 59.0 62.0 63.0 
110.0 60.0 73.0 71.0 
61.0 59.0 68.0 64.0 
61.0 59.0 62.0 64.0 
61.0 59.0 62.0 63.0 
106.0 60.0 73.0 70.0 
62.0 58.0 68.0 64.0 
59.0 59.0 63.0 64.0 
61.0 60.0 62.0 62.0 
110.0 62.0 73.0 71.0 
61.0 58.0 68.0 64.0 
61.0 60.0 63.0 63.0 
60.0 59.0 63.0 62.0 
111.0 60.0 74.0 71.0 
61.0 58.0 67.0 65.0 
60.0 61.0 63.0 63.0 
61.0 61.0 62.0 63.0 
111.0 60.0 74.0 70.0 
61.0 59.0 67.0 65.0 
60.0 59.0 62.0 64.0 
60.0 59.0 62.0 63.0 
111.0 59.0 73.0 70.0 
60.0 59.0 68.0 64.0 
61.0 59.0 63.0 63.0 
61.0 61.0 62.0 62.0 
111.0 60.0 74.0 71.0 
63.0 59.0 68.0 64.0 
60.0 59.0 63.0 63.0 
60.0 60.0 63.0 63.0 
111.0 60.0 73.0 70.0 
61.0 59.0 67.0 65.0 
61.0 60.0 63.0 64.0 
60.0 60.0 63.0 62.0 
108.0 59.0 73.0 70.0 
61.0 58.0 68.0 65.0 
60.0 60.0 64.0 64.0 
61.0 61.0 61.0 62.0 
108.0 61.0 72.0 71.0 
60.0 58.0 68.0 64.0 
60.0 59.0 64.0 64.0 
61.0 60.0 62.0 62.0 
107.0 58.0 72.0 70.0 
61.0 59.0 68.0 64.0 
61.0 59.0 63.0 63.0 
61.0 60.0 62.0 61.0 
111.0 60.0 72.0 71.0 
60.0 59.0 68.0 64.0 
60.0 61.0 64.0 64.0 
61.0 60.0 62.0 62.0 
111.0 60.0 72.0 71.0 
61.0 58.0 68.0 65.0 
60.0 59.0 63.0 63.0 
61.0 59.0 62.0 62.0 
109.0 60.0 73.0 70.0 
61.0 59.0 67.0 65.0 
61.0 59.0 64.0 63.0 
61.0 60.0 62.0 62.0 
107.0 60.0 72.0 70.0 
61.0 59.0 68.0 64.0 
61.0 59.0 63.0 62.0 
61.0 60.0 62.0 62.0 
107.0 60.0 71.0 70.0 
61.0 59.0 67.0 64.0 
59.0 60.0 63.0 64.0 
59.0 61.0 61.0 62.0 
111.0 60.0 73.0 71.0 
61.0 60.0 68.0 64.0 
60.0 59.0 62.0 63.0 
60.0 61.0 63.0 62.0 
108.0 60.0 73.0 71.0 
61.0 58.0 68.0 64.0 
60.0 59.0 64.0 64.0 
61.0 60.0 62.0 62.0 
110.0 60.0 73.0 71.0 
61.0 59.0 67.0 65.0 
61.0 59.0 63.0 63.0 
60.0 60.0 63.0 62.0 
108.0 61.0 73.0 70.0 
61.0 59.0 67.0 64.0 
60.0 59.0 64.0 63.0 
60.0 61.0 62.0 63.0 
109.0 59.0 75.0 68.0 
62.0 58.0 68.0 64.0 
61.0 59.0 64.0 63.0 
61.0 59.0 63.0 62.0 
108.0 60.0 73.0 70.0 
61.0 59.0 68.0 64.0 
60.0 59.0 64.0 63.0 
61.0 60.0 62.0 63.0 
110.0 60.0 73.0 71.0 
61.0 59.0 68.0 64.0 
60.0 59.0 63.0 64.0 
60.0 60.0 63.0 62.0 
106.0 60.0 72.0 70.0 
61.0 59.0 67.0 64.0 
60.0 60.0 62.0 64.0 
61.0 60.0 62.0 61.0 
103.0 59.0 73.0 69.0 
60.0 60.0 69.0 63.0 
61.0 59.0 63.0 64.0 
60.0 61.0 63.0 62.0 
106.0 59.0 72.0 70.0 
61.0 58.0 67.0 64.0 
61.0 60.0 62.0 64.0 
61.0 61.0 62.0 62.0 
106.0 59.0 73.0 70.0 
61.0 59.0 68.0 64.0 
61.0 59.0 63.0 63.0 
61.0 60.0 62.0 63.0 
109.0 60.0 73.0 69.0 
61.0 58.0 68.0 65.0 
61.0 61.0 63.0 64.0 
61.0 60.0 63.0 62.0 
109.0 59.0 73.0 71.0 
61.0 58.0 69.0 64.0 
60.0 60.0 65.0 63.0 
61.0 60.0 62.0 63.0 
107.0 61.0 73.0 70.0 
61.0 58.0 67.0 64.0 
60.0 59.0 64.0 63.0 
61.0 61.0 62.0 63.0 
109.0 59.0 73.0 70.0 
62.0 59.0 67.0 64.0 
60.0 59.0 65.0 64.0 
61.0 60.0 62.0 63.0 
108.0 59.0 74.0 70.0 
61.0 59.0 68.0 64.0 
60.0 60.0 64.0 64.0 
61.0 60.0 62.0 62.0 
109.0 59.0 73.0 70.0 
61.0 58.0 68.0 65.0 
61.0 59.0 64.0 64.0 
61.0 60.0 61.0 63.0 
108.0 60.0 73.0 70.0 
62.0 59.0 67.0 65.0 
61.0 59.0 64.0 63.0 
60.0 60.0 63.0 62.0 
104.0 60.0 72.0 71.0 
61.0 60.0 67.0 65.0 
61.0 59.0 63.0 63.0 
60.0 60.0 63.0 63.0 
106.0 59.0 73.0 70.0 
62.0 58.0 67.0 64.0 
60.0 60.0 63.0 63.0 
60.0 60.0 63.0 63.0 
107.0 59.0 73.0 70.0 
61.0 59.0 68.0 64.0 
60.0 60.0 63.0 64.0 
62.0 60.0 62.0 63.0 
103.0 60.0 72.0 70.0 
61.0 59.0 68.0 64.0 
61.0 59.0 65.0 64.0 
61.0 60.0 63.0 62.0 
103.0 59.0 73.0 69.0 
62.0 60.0 68.0 64.0 
61.0 59.0 64.0 63.0 
60.0 61.0 64.0 63.0 
103.0 59.0 71.0 68.0 
61.0 59.0 67.0 63.0 
61.0 59.0 64.0 63.0 
61.0 59.0 62.0 61.0 
102.0 60.0 71.0 69.0 
62.0 59.0 67.0 64.0 
60.0 59.0 64.0 63.0 
61.0 60.0 63.0 62.0 
102.0 59.0 70.0 68.0 
60.0 58.0 67.0 64.0 
60.0 59.0 64.0 63.0 
60.0 60.0 62.0 63.0 
105.0 60.0 70.0 69.0 
61.0 59.0 67.0 64.0 
61.0 59.0 64.0 65.0 
60.0 60.0 62.0 63.0 
100.0 60.0 71.0 69.0 
61.0 58.0 69.0 63.0 
60.0 60.0 64.0 63.0 
61.0 61.0 63.0 64.0 
100.0 60.0 69.0 69.0 
61.0 59.0 68.0 64.0 
61.0 59.0 64.0 63.0 
60.0 60.0 63.0 63.0 
102.0 60.0 70.0 69.0 
61.0 59.0 68.0 65.0 
61.0 59.0 64.0 64.0 
60.0 60.0 63.0 63.0 
105.0 60.0 70.0 69.0 
61.0 58.0 67.0 64.0 
60.0 59.0 63.0 65.0 
60.0 60.0 62.0 63.0 
107.0 59.0 71.0 69.0 
60.0 58.0 67.0 65.0 
61.0 59.0 63.0 64.0 
61.0 60.0 61.0 62.0 
105.0 60.0 70.0 69.0 
60.0 58.0 68.0 64.0 
61.0 59.0 64.0 63.0 
60.0 60.0 63.0 62.0 
105.0 59.0 71.0 69.0 
60.0 59.0 68.0 64.0 
60.0 60.0 64.0 64.0 
61.0 61.0 62.0 64.0 
104.0 59.0 71.0 69.0 
61.0 59.0 68.0 64.0 
61.0 60.0 63.0 64.0 
61.0 60.0 63.0 62.0 
104.0 59.0 71.0 69.0 
59.0 59.0 67.0 64.0 
61.0 60.0 64.0 62.0 
61.0 61.0 62.0 63.0 
106.0 60.0 70.0 69.0 
61.0 59.0 67.0 64.0 
60.0 58.0 64.0 63.0 
60.0 61.0 62.0 63.0 
106.0 59.0 71.0 69.0 
62.0 58.0 68.0 64.0 
60.0 59.0 63.0 63.0 
60.0 60.0 63.0 63.0 
108.0 60.0 70.0 70.0 
60.0 60.0 67.0 65.0 
61.0 59.0 64.0 64.0 
61.0 60.0 63.0 63.0 
104.0 60.0 70.0 70.0 
61.0 59.0 67.0 65.0 
61.0 59.0 63.0 63.0 
60.0 59.0 62.0 63.0 
103.0 59.0 71.0 68.0 
62.0 60.0 68.0 65.0 
61.0 58.0 65.0 64.0 
61.0 59.0 63.0 62.0 
102.0 60.0 71.0 69.0 
60.0 58.0 68.0 65.0 
61.0 59.0 63.0 64.0 
60.0 59.0 63.0 63.0 
103.0 60.0 71.0 69.0 
61.0 59.0 68.0 65.0 
60.0 60.0 64.0 64.0 
61.0 59.0 63.0 62.0 
101.0 60.0 71.0 70.0 
61.0 59.0 67.0 63.0 
61.0 60.0 64.0 64.0 
62.0 60.0 62.0 62.0 
100.0 60.0 71.0 71.0 
61.0 59.0 68.0 65.0 
61.0 59.0 65.0 64.0 
61.0 59.0 62.0 63.0 
99.0 61.0 71.0 70.0 
63.0 58.0 68.0 65.0 
61.0 60.0 63.0 64.0 
60.0 60.0 64.0 63.0 
100.0 60.0 71.0 68.0 
62.0 59.0 67.0 64.0 
60.0 60.0 65.0 63.0 
60.0 60.0 63.0 63.0 
101.0 59.0 71.0 69.0 
61.0 58.0 68.0 65.0 
61.0 59.0 64.0 63.0 
61.0 59.0 62.0 62.0 
99.0 60.0 71.0 69.0 
62.0 59.0 68.0 64.0 
60.0 58.0 63.0 64.0 
61.0 60.0 63.0 63.0 
98.0 57.0 71.0 68.0 
61.0 60.0 67.0 64.0 
61.0 60.0 64.0 63.0 
61.0 61.0 62.0 62.0 
103.0 60.0 70.0 69.0 
61.0 59.0 67.0 65.0 
61.0 59.0 64.0 64.0 
61.0 60.0 63.0 63.0 
96.0 60.0 70.0 68.0 
61.0 59.0 67.0 64.0 
60.0 60.0 63.0 64.0 
61.0 59.0 62.0 62.0 
97.0 60.0 71.0 68.0 
62.0 59.0 68.0 64.0 
61.0 59.0 63.0 64.0 
60.0 60.0 63.0 63.0 
103.0 60.0 71.0 69.0 
61.0 58.0 68.0 64.0 
61.0 59.0 63.0 63.0 
61.0 62.0 62.0 63.0 
96.0 60.0 70.0 68.0 
60.0 59.0 67.0 64.0 
61.0 57.0 63.0 63.0 
61.0 61.0 63.0 63.0 
97.0 60.0 71.0 69.0 
61.0 59.0 68.0 64.0 
61.0 59.0 63.0 63.0 
60.0 60.0 63.0 62.0 
98.0 59.0 72.0 68.0 
60.0 59.0 67.0 65.0 
61.0 59.0 63.0 64.0 
61.0 60.0 62.0 62.0 
97.0 59.0 72.0 68.0 
61.0 59.0 67.0 65.0 
60.0 60.0 63.0 64.0 
60.0 60.0 62.0 63.0 
98.0 60.0 71.0 69.0 
62.0 59.0 67.0 65.0 
59.0 59.0 63.0 64.0 
61.0 60.0 62.0 62.0 
97.0 59.0 72.0 68.0 
60.0 59.0 68.0 65.0 
61.0 60.0 62.0 64.0 
61.0 59.0 63.0 62.0 
97.0 59.0 71.0 69.0 
61.0 59.0 69.0 65.0 
60.0 59.0 64.0 64.0 
60.0 60.0 63.0 62.0 
96.0 59.0 71.0 69.0 
61.0 57.0 67.0 64.0 
61.0 60.0 64.0 64.0 
61.0 60.0 63.0 63.0 
96.0 59.0 73.0 69.0 
60.0 59.0 67.0 65.0 
61.0 59.0 63.0 64.0 
61.0 59.0 62.0 63.0 
95.0 60.0 71.0 69.0 
61.0 59.0 68.0 63.0 
60.0 60.0 62.0 64.0 
60.0 61.0 62.0 62.0 
94.0 60.0 72.0 69.0 
61.0 60.0 68.0 64.0 
61.0 59.0 64.0 63.0 
60.0 59.0 62.0 63.0 
96.0 60.0 73.0 69.0 
61.0 59.0 68.0 64.0 
61.0 59.0 63.0 64.0 
59.0 60.0 63.0 63.0 
96.0 59.0 73.0 69.0 
61.0 59.0 67.0 64.0 
60.0 60.0 63.0 63.0 
61.0 60.0 62.0 62.0 
95.0 61.0 72.0 68.0 
61.0 60.0 67.0 64.0 
61.0 59.0 65.0 63.0 
61.0 59.0 62.0 62.0 
96.0 61.0 72.0 68.0 
60.0 59.0 68.0 64.0 
60.0 59.0 63.0 63.0 
61.0 60.0 63.0 62.0 
96.0 60.0 72.0 68.0 
61.0 59.0 67.0 64.0 
61.0 60.0 63.0 63.0 
60.0 60.0 62.0 63.0 
95.0 60.0 72.0 68.0 
61.0 59.0 68.0 64.0 
61.0 59.0 64.0 64.0 
60.0 60.0 64.0 62.0 
95.0 59.0 72.0 68.0 
61.0 59.0 68.0 64.0 
60.0 58.0 64.0 63.0 
60.0 60.0 63.0 63.0 
94.0 60.0 71.0 68.0 
62.0 58.0 67.0 63.0 
62.0 59.0 64.0 64.0 
61.0 59.0 63.0 62.0 
96.0 60.0 71.0 68.0 
63.0 56.0 67.0 64.0 
61.0 60.0 63.0 64.0 
61.0 59.0 63.0 62.0 
96.0 60.0 71.0 69.0 
61.0 58.0 67.0 66.0 
61.0 59.0 63.0 63.0 
61.0 59.0 63.0 62.0 
96.0 60.0 73.0 68.0 
60.0 59.0 67.0 64.0 
62.0 60.0 64.0 63.0 
61.0 60.0 62.0 62.0 
96.0 59.0 73.0 69.0 
61.0 60.0 67.0 64.0 
61.0 60.0 63.0 64.0 
61.0 59.0 61.0 63.0 
96.0 60.0 74.0 68.0 
62.0 59.0 68.0 64.0 
61.0 60.0 63.0 63.0 
61.0 60.0 63.0 62.0 
95.0 60.0 73.0 69.0 
62.0 58.0 69.0 64.0 
60.0 59.0 64.0 64.0 
60.0 60.0 63.0 62.0 
96.0 60.0 73.0 69.0 
61.0 59.0 68.0 65.0 
61.0 59.0 63.0 64.0 
61.0 60.0 63.0 62.0 
93.0 60.0 74.0 69.0 
60.0 60.0 68.0 64.0 
61.0 60.0 65.0 64.0 
60.0 60.0 62.0 62.0 
96.0 58.0 74.0 69.0 
61.0 58.0 67.0 64.0 
61.0 58.0 63.0 64.0 
61.0 60.0 62.0 62.0 
94.0 60.0 74.0 70.0 
62.0 60.0 67.0 65.0 
60.0 59.0 64.0 63.0 
61.0 60.0 64.0 62.0 
96.0 60.0 73.0 69.0 
60.0 59.0 68.0 64.0 
60.0 60.0 64.0 64.0 
61.0 59.0 62.0 63.0 
96.0 60.0 74.0 69.0 
61.0 59.0 67.0 64.0 
61.0 59.0 63.0 63.0 
62.0 60.0 63.0 61.0 
95.0 60.0 72.0 68.0 
60.0 58.0 68.0 64.0 
60.0 59.0 62.0 64.0 
61.0 60.0 63.0 62.0 
95.0 59.0 73.0 70.0 
61.0 58.0 68.0 64.0 
61.0 60.0 63.0 64.0 
61.0 59.0 62.0 63.0 
94.0 60.0 72.0 69.0 
61.0 59.0 68.0 64.0 
60.0 59.0 63.0 63.0 
60.0 59.0 63.0 62.0 
94.0 60.0 73.0 69.0 
61.0 59.0 67.0 64.0 
61.0 59.0 63.0 64.0 
61.0 60.0 63.0 63.0 
95.0 60.0 74.0 69.0 
62.0 59.0 68.0 64.0 
61.0 59.0 64.0 63.0 
60.0 60.0 62.0 63.0 
96.0 60.0 74.0 69.0 
61.0 59.0 67.0 65.0 
61.0 59.0 63.0 64.0 
60.0 60.0 62.0 61.0 
96.0 60.0 74.0 70.0 
61.0 59.0 68.0 64.0 
61.0 59.0 62.0 64.0 
60.0 60.0 62.0 62.0 
96.0 58.0 73.0 70.0 
60.0 58.0 68.0 64.0 
60.0 59.0 63.0 64.0 
60.0 60.0 62.0 62.0 
94.0 60.0 73.0 69.0 
61.0 59.0 68.0 64.0 
61.0 59.0 64.0 63.0 
60.0 61.0 62.0 63.0 
96.0 59.0 74.0 69.0 
61.0 59.0 67.0 64.0 
60.0 59.0 62.0 64.0 
61.0 59.0 63.0 63.0 
96.0 59.0 74.0 68.0 
61.0 58.0 68.0 64.0 
61.0 58.0 64.0 64.0 
60.0 59.0 62.0 62.0 
97.0 60.0 73.0 69.0 
61.0 58.0 67.0 64.0 
60.0 58.0 63.0 64.0 
61.0 59.0 63.0 62.0 
99.0 59.0 73.0 69.0 
60.0 59.0 67.0 63.0 
60.0 59.0 63.0 64.0 
62.0 60.0 62.0 62.0 
98.0 60.0 73.0 69.0 
61.0 59.0 67.0 64.0 
61.0 59.0 63.0 63.0 
61.0 60.0 63.0 63.0 
98.0 60.0 73.0 69.0 
61.0 59.0 67.0 64.0 
60.0 60.0 63.0 64.0 
60.0 60.0 63.0 62.0 
99.0 59.0 74.0 69.0 
61.0 58.0 67.0 64.0 
60.0 58.0 63.0 64.0 
61.0 60.0 62.0 63.0 
98.0 61.0 73.0 69.0 
61.0 59.0 68.0 64.0 
59.0 60.0 63.0 64.0 
60.0 58.0 62.0 62.0 
99.0 61.0 74.0 70.0 
61.0 59.0 68.0 65.0 
60.0 60.0 63.0 64.0 
61.0 60.0 62.0 62.0 
100.0 59.0 74.0 70.0 
61.0 59.0 67.0 64.0 
61.0 59.0 64.0 63.0 
60.0 60.0 61.0 62.0 
98.0 60.0 75.0 69.0 
61.0 59.0 67.0 64.0 
60.0 59.0 63.0 63.0 
60.0 60.0 63.0 62.0 
98.0 59.0 74.0 69.0 
62.0 58.0 67.0 65.0 
61.0 59.0 63.0 64.0 
60.0 60.0 62.0 63.0 
97.0 61.0 73.0 68.0 
60.0 58.0 68.0 64.0 
60.0 59.0 63.0 64.0 
61.0 60.0 63.0 63.0 
96.0 60.0 73.0 69.0 
61.0 59.0 67.0 64.0 
61.0 60.0 63.0 63.0 
61.0 60.0 62.0 62.0 
97.0 60.0 73.0 69.0 
60.0 59.0 68.0 64.0 
60.0 60.0 64.0 64.0 
61.0 60.0 62.0 63.0 
98.0 60.0 72.0 70.0 
62.0 59.0 67.0 64.0 
60.0 60.0 63.0 64.0 
61.0 60.0 62.0 62.0 
97.0 59.0 72.0 69.0 
61.0 59.0 68.0 65.0 
61.0 59.0 62.0 64.0 
61.0 60.0 62.0 63.0 
98.0 60.0 73.0 68.0 
61.0 59.0 67.0 64.0 
61.0 59.0 63.0 64.0 
61.0 60.0 63.0 62.0 
98.0 59.0 73.0 69.0 
61.0 59.0 68.0 64.0 
61.0 59.0 63.0 64.0 
60.0 60.0 62.0 63.0 
98.0 60.0 72.0 69.0 
61.0 58.0 67.0 65.0 
61.0 59.0 64.0 63.0 
61.0 60.0 62.0 62.0 
98.0 60.0 72.0 68.0 
60.0 59.0 67.0 65.0 
61.0 59.0 63.0 63.0 
60.0 60.0 62.0 62.0 
100.0 60.0 72.0 69.0 
61.0 59.0 67.0 64.0 
60.0 61.0 64.0 63.0 
60.0 60.0 63.0 62.0 
98.0 60.0 73.0 69.0 
61.0 59.0 68.0 64.0 
61.0 59.0 63.0 64.0 
60.0 60.0 62.0 62.0 
100.0 60.0 76.0 69.0 
61.0 59.0 67.0 64.0 
60.0 60.0 63.0 64.0 
61.0 60.0 63.0 61.0 
99.0 58.0 76.0 70.0 
61.0 59.0 67.0 65.0 
60.0 59.0 63.0 64.0 
60.0 60.0 62.0 63.0 
98.0 60.0 76.0 70.0 
61.0 61.0 68.0 65.0 
60.0 60.0 63.0 64.0 
61.0 59.0 63.0 62.0 
97.0 60.0 76.0 69.0 
62.0 58.0 68.0 65.0 
60.0 59.0 63.0 64.0 
60.0 60.0 62.0 63.0 
98.0 59.0 75.0 70.0 
61.0 59.0 67.0 64.0 
60.0 58.0 63.0 63.0 
60.0 60.0 61.0 63.0 
98.0 59.0 76.0 71.0 
60.0 60.0 67.0 64.0 
60.0 60.0 63.0 64.0 
61.0 60.0 62.0 62.0 
98.0 60.0 76.0 69.0 
61.0 59.0 67.0 64.0 
61.0 59.0 63.0 63.0 
60.0 60.0 62.0 62.0 
100.0 61.0 77.0 71.0 
61.0 59.0 67.0 64.0 
60.0 60.0 63.0 64.0 
61.0 60.0 63.0 62.0 
99.0 59.0 76.0 69.0 
61.0 59.0 68.0 64.0 
61.0 59.0 64.0 64.0 
60.0 60.0 63.0 63.0 
99.0 59.0 76.0 71.0 
61.0 58.0 68.0 64.0 
61.0 58.0 63.0 63.0 
59.0 60.0 62.0 62.0 
99.0 60.0 76.0 70.0 
60.0 59.0 67.0 64.0 
60.0 58.0 64.0 62.0 
61.0 59.0 63.0 62.0 
100.0 59.0 75.0 70.0 
62.0 59.0 68.0 64.0 
60.0 59.0 63.0 64.0 
60.0 60.0 62.0 63.0 
98.0 60.0 76.0 70.0 
61.0 59.0 68.0 64.0 
61.0 58.0 63.0 64.0 
61.0 60.0 62.0 63.0 
98.0 60.0 76.0 69.0 
61.0 59.0 68.0 65.0 
60.0 59.0 64.0 64.0 
60.0 60.0 62.0 62.0 
98.0 60.0 76.0 70.0 
60.0 59.0 67.0 65.0 
61.0 59.0 64.0 63.0 
60.0 60.0 63.0 63.0 
97.0 60.0 77.0 70.0 
60.0 59.0 67.0 63.0 
61.0 59.0 63.0 64.0 
61.0 58.0 63.0 62.0 
96.0 60.0 75.0 70.0 
61.0 58.0 68.0 64.0 
60.0 60.0 62.0 64.0 
61.0 60.0 62.0 62.0 
97.0 60.0 77.0 70.0 
61.0 59.0 67.0 64.0 
61.0 59.0 62.0 64.0 
61.0 61.0 62.0 62.0 
98.0 60.0 76.0 70.0 
61.0 59.0 67.0 64.0 
61.0 59.0 63.0 64.0 
60.0 59.0 62.0 62.0 
98.0 60.0 75.0 69.0 
60.0 58.0 66.0 64.0 
61.0 59.0 63.0 63.0 
61.0 60.0 63.0 63.0 
98.0 60.0 77.0 70.0 
61.0 59.0 67.0 64.0 
61.0 59.0 64.0 63.0 
62.0 60.0 63.0 62.0 
98.0 60.0 76.0 70.0 
61.0 59.0 67.0 64.0 
61.0 59.0 63.0 64.0 
61.0 60.0 63.0 62.0 
98.0 60.0 76.0 70.0 
61.0 58.0 67.0 65.0 
61.0 60.0 63.0 64.0 
60.0 60.0 63.0 62.0 
99.0 59.0 76.0 70.0 
60.0 59.0 68.0 64.0 
60.0 59.0 63.0 63.0 
61.0 60.0 61.0 62.0 
97.0 59.0 76.0 71.0 
61.0 58.0 67.0 66.0 
61.0 60.0 63.0 64.0 
60.0 59.0 61.0 63.0 
96.0 59.0 75.0 68.0 
62.0 58.0 67.0 63.0 
60.0 59.0 63.0 64.0 
60.0 60.0 62.0 62.0 
96.0 60.0 73.0 69.0 
61.0 59.0 68.0 64.0 
60.0 59.0 64.0 63.0 
60.0 60.0 63.0 62.0 
97.0 59.0 73.0 69.0 
61.0 58.0 67.0 64.0 
60.0 61.0 63.0 63.0 
61.0 60.0 62.0 62.0 
96.0 59.0 73.0 68.0 
61.0 59.0 67.0 64.0 
61.0 58.0 63.0 63.0 
60.0 60.0 61.0 63.0 
98.0 58.0 73.0 68.0 
61.0 58.0 66.0 65.0 
61.0 59.0 63.0 63.0 
60.0 61.0 61.0 62.0 
97.0 59.0 73.0 69.0 
60.0 59.0 68.0 65.0 
60.0 60.0 63.0 64.0 
60.0 60.0 63.0 62.0 
97.0 60.0 73.0 69.0 
61.0 59.0 67.0 65.0 
60.0 59.0 65.0 64.0 
60.0 59.0 64.0 62.0 
97.0 60.0 72.0 69.0 
61.0 59.0 67.0 64.0 
61.0 60.0 63.0 64.0 
60.0 60.0 62.0 62.0 
97.0 60.0 73.0 69.0 
61.0 58.0 67.0 64.0 
61.0 60.0 63.0 63.0 
60.0 60.0 62.0 63.0 
97.0 60.0 73.0 69.0 
61.0 59.0 67.0 65.0 
60.0 59.0 62.0 63.0 
60.0 60.0 62.0 63.0 
97.0 59.0 74.0 68.0 
61.0 57.0 65.0 64.0 
60.0 58.0 64.0 63.0 
61.0 60.0 62.0 62.0 
97.0 59.0 74.0 69.0 
60.0 59.0 68.0 64.0 
60.0 60.0 63.0 64.0 
61.0 60.0 62.0 62.0 
98.0 60.0 74.0 70.0 
61.0 58.0 68.0 65.0 
61.0 58.0 63.0 63.0 
60.0 60.0 62.0 62.0 
98.0 60.0 74.0 69.0 
61.0 59.0 68.0 64.0 
61.0 60.0 63.0 63.0 
60.0 60.0 62.0 62.0 
97.0 59.0 75.0 70.0 
62.0 58.0 68.0 64.0 
61.0 59.0 64.0 64.0 
60.0 60.0 61.0 62.0 
97.0 59.0 75.0 70.0 
61.0 58.0 68.0 64.0 
60.0 60.0 63.0 64.0 
60.0 60.0 62.0 62.0 
97.0 59.0 76.0 71.0 
61.0 59.0 66.0 65.0 
61.0 59.0 63.0 64.0 
60.0 59.0 62.0 62.0 
96.0 60.0 75.0 70.0 
62.0 59.0 68.0 65.0 
60.0 60.0 63.0 63.0 
61.0 60.0 62.0 62.0 
97.0 60.0 75.0 70.0 
61.0 60.0 67.0 64.0 
60.0 60.0 63.0 63.0 
61.0 60.0 62.0 63.0 
98.0 60.0 76.0 70.0 
61.0 58.0 67.0 64.0 
62.0 59.0 63.0 64.0 
60.0 60.0 63.0 62.0 
98.0 59.0 75.0 70.0 
60.0 59.0 67.0 64.0 
60.0 60.0 63.0 64.0 
60.0 59.0 62.0 62.0 
96.0 60.0 74.0 70.0 
62.0 59.0 67.0 64.0 
60.0 60.0 62.0 64.0 
61.0 60.0 63.0 62.0 
97.0 59.0 75.0 70.0 
61.0 58.0 67.0 64.0 
60.0 59.0 64.0 63.0 
61.0 60.0 62.0 62.0 
98.0 60.0 75.0 70.0 
61.0 59.0 66.0 65.0 
58.0 59.0 63.0 65.0 
61.0 60.0 63.0 62.0 
99.0 60.0 75.0 71.0 
62.0 58.0 68.0 64.0 
60.0 60.0 63.0 65.0 
61.0 60.0 62.0 62.0 
99.0 60.0 75.0 70.0 
61.0 58.0 67.0 64.0 
60.0 59.0 63.0 63.0 
60.0 60.0 62.0 62.0 
99.0 60.0 76.0 70.0 
61.0 58.0 67.0 65.0 
60.0 59.0 63.0 63.0 
61.0 60.0 62.0 62.0 
99.0 59.0 77.0 70.0 
60.0 59.0 67.0 65.0 
61.0 59.0 63.0 63.0 
59.0 60.0 61.0 63.0 
98.0 60.0 76.0 70.0 
62.0 60.0 68.0 64.0 
61.0 59.0 63.0 63.0 
60.0 60.0 63.0 62.0 
99.0 60.0 77.0 69.0 
61.0 58.0 68.0 64.0 
60.0 59.0 63.0 64.0 
60.0 60.0 62.0 62.0 
98.0 61.0 76.0 70.0 
60.0 58.0 68.0 64.0 
61.0 59.0 63.0 63.0 
60.0 60.0 62.0 63.0 
99.0 60.0 77.0 71.0 
61.0 58.0 67.0 64.0 
60.0 60.0 63.0 64.0 
61.0 60.0 62.0 63.0 
100.0 60.0 77.0 71.0 
62.0 59.0 68.0 64.0 
62.0 59.0 65.0 64.0 
61.0 60.0 63.0 62.0 
100.0 60.0 77.0 71.0 
61.0 59.0 66.0 65.0 
60.0 60.0 63.0 63.0 
60.0 60.0 62.0 62.0 
100.0 60.0 75.0 70.0 
60.0 59.0 67.0 65.0 
61.0 59.0 64.0 63.0 
60.0 60.0 63.0 62.0 
100.0 59.0 74.0 70.0 
60.0 59.0 68.0 65.0 
61.0 59.0 64.0 63.0 
60.0 61.0 62.0 62.0 
99.0 60.0 73.0 71.0 
61.0 58.0 68.0 64.0 
60.0 59.0 63.0 65.0 
60.0 60.0 62.0 63.0 
101.0 59.0 75.0 71.0 
61.0 58.0 68.0 64.0 
61.0 59.0 63.0 64.0 
60.0 60.0 62.0 62.0 
100.0 60.0 76.0 71.0 
60.0 59.0 67.0 64.0 
61.0 59.0 63.0 63.0 
60.0 60.0 63.0 61.0 
100.0 60.0 74.0 71.0 
61.0 58.0 68.0 64.0 
60.0 59.0 64.0 63.0 
60.0 61.0 62.0 63.0 
100.0 59.0 75.0 70.0 
61.0 60.0 68.0 64.0 
60.0 59.0 63.0 64.0 
61.0 60.0 62.0 62.0 
100.0 60.0 75.0 71.0 
61.0 59.0 67.0 64.0 
61.0 60.0 64.0 64.0 
60.0 60.0 63.0 61.0 
100.0 59.0 77.0 71.0 
62.0 60.0 67.0 64.0 
61.0 59.0 63.0 63.0 
61.0 60.0 62.0 62.0 
100.0 60.0 77.0 71.0 
61.0 58.0 67.0 65.0 
60.0 59.0 64.0 64.0 
60.0 59.0 61.0 62.0 
99.0 59.0 78.0 71.0 
61.0 58.0 67.0 64.0 
60.0 59.0 62.0 64.0 
60.0 60.0 61.0 62.0 
99.0 59.0 78.0 71.0 
61.0 58.0 67.0 65.0 
60.0 61.0 62.0 63.0 
61.0 60.0 63.0 63.0 
100.0 59.0 79.0 71.0 
61.0 59.0 67.0 64.0 
60.0 59.0 62.0 63.0 
60.0 61.0 62.0 62.0 
99.0 59.0 77.0 71.0 
62.0 58.0 67.0 64.0 
61.0 59.0 62.0 63.0 
60.0 60.0 62.0 63.0 
100.0 60.0 77.0 71.0 
61.0 59.0 67.0 65.0 
61.0 59.0 63.0 63.0 
60.0 60.0 62.0 62.0 
100.0 59.0 78.0 70.0 
61.0 59.0 67.0 64.0 
60.0 60.0 63.0 63.0 
60.0 60.0 61.0 63.0 
100.0 61.0 79.0 71.0 
61.0 60.0 67.0 65.0 
60.0 60.0 64.0 63.0 
60.0 60.0 62.0 63.0 
100.0 59.0 78.0 71.0 
61.0 59.0 68.0 64.0 
60.0 60.0 63.0 63.0 
60.0 60.0 61.0 62.0 
100.0 59.0 78.0 71.0 
61.0 58.0 67.0 64.0 
61.0 59.0 63.0 64.0 
60.0 59.0 62.0 62.0 
100.0 60.0 78.0 71.0 
61.0 59.0 66.0 64.0 
60.0 60.0 63.0 63.0 
60.0 59.0 62.0 63.0 
99.0 60.0 78.0 71.0 
60.0 59.0 67.0 63.0 
60.0 60.0 63.0 63.0 
61.0 60.0 62.0 63.0 
99.0 59.0 78.0 71.0 
61.0 59.0 67.0 64.0 
61.0 59.0 63.0 63.0 
61.0 59.0 62.0 62.0 
99.0 60.0 78.0 71.0 
61.0 58.0 68.0 65.0 
60.0 58.0 63.0 64.0 
60.0 60.0 62.0 63.0 
99.0 60.0 78.0 71.0 
62.0 58.0 68.0 64.0 
60.0 59.0 62.0 65.0 
60.0 60.0 62.0 62.0 
99.0 60.0 77.0 71.0 
60.0 59.0 67.0 65.0 
61.0 60.0 63.0 63.0 
60.0 60.0 62.0 63.0 
99.0 60.0 78.0 71.0 
60.0 59.0 66.0 64.0 
61.0 59.0 62.0 64.0 
61.0 60.0 62.0 63.0 
100.0 58.0 78.0 72.0 
60.0 58.0 67.0 64.0 
61.0 58.0 63.0 63.0 
61.0 61.0 62.0 62.0 
99.0 60.0 79.0 71.0 
60.0 59.0 67.0 64.0 
60.0 59.0 63.0 63.0 
61.0 60.0 62.0 63.0 
100.0 60.0 79.0 70.0 
61.0 59.0 66.0 64.0 
60.0 60.0 64.0 63.0 
60.0 60.0 62.0 63.0 
101.0 59.0 78.0 71.0 
60.0 59.0 67.0 64.0 
61.0 60.0 63.0 63.0 
60.0 59.0 62.0 63.0 
100.0 59.0 78.0 72.0 
62.0 59.0 66.0 66.0 
60.0 59.0 64.0 64.0 
60.0 60.0 62.0 62.0 
101.0 60.0 78.0 71.0 
61.0 59.0 67.0 64.0 
61.0 59.0 63.0 63.0 
60.0 60.0 62.0 62.0 
101.0 60.0 78.0 71.0 
60.0 58.0 67.0 64.0 
60.0 59.0 63.0 63.0 
60.0 60.0 61.0 62.0 
102.0 59.0 79.0 73.0 
61.0 58.0 67.0 64.0 
60.0 59.0 64.0 63.0 
61.0 60.0 62.0 62.0 
102.0 59.0 78.0 71.0 
60.0 59.0 68.0 64.0 
61.0 60.0 63.0 65.0 
60.0 60.0 62.0 62.0 
102.0 58.0 79.0 72.0 
61.0 58.0 67.0 64.0 
61.0 60.0 64.0 63.0 
61.0 60.0 63.0 62.0 
103.0 58.0 79.0 71.0 
60.0 59.0 66.0 64.0 
60.0 59.0 64.0 65.0 
60.0 60.0 62.0 62.0 
102.0 59.0 78.0 71.0 
61.0 59.0 67.0 64.0 
60.0 60.0 63.0 63.0 
61.0 60.0 62.0 62.0 
