137.0 69.0 61.0 62.0 
53.0 60.0 56.0 61.0 
54.0 59.0 55.0 61.0 
57.0 59.0 59.0 58.0 
127.0 72.0 61.0 62.0 
57.0 57.0 58.0 58.0 
61.0 55.0 61.0 56.0 
57.0 60.0 56.0 62.0 
133.0 69.0 62.0 61.0 
54.0 60.0 55.0 60.0 
56.0 58.0 58.0 58.0 
55.0 60.0 59.0 62.0 
129.0 68.0 63.0 61.0 
58.0 54.0 60.0 55.0 
54.0 61.0 56.0 62.0 
56.0 61.0 58.0 61.0 
132.0 68.0 61.0 62.0 
54.0 58.0 59.0 57.0 
60.0 55.0 58.0 60.0 
58.0 57.0 61.0 56.0 
127.0 70.0 61.0 63.0 
56.0 56.0 60.0 55.0 
55.0 58.0 58.0 59.0 
59.0 57.0 59.0 60.0 
127.0 70.0 61.0 62.0 
55.0 60.0 55.0 60.0 
53.0 60.0 56.0 61.0 
53.0 61.0 57.0 61.0 
123.0 73.0 58.0 66.0 
56.0 58.0 58.0 58.0 
54.0 60.0 58.0 60.0 
53.0 62.0 56.0 61.0 
129.0 69.0 61.0 63.0 
61.0 53.0 61.0 56.0 
54.0 61.0 56.0 62.0 
61.0 55.0 57.0 62.0 
131.0 72.0 60.0 66.0 
61.0 57.0 56.0 59.0 
55.0 60.0 58.0 57.0 
56.0 62.0 58.0 60.0 
124.0 71.0 60.0 63.0 
56.0 58.0 54.0 61.0 
57.0 55.0 62.0 57.0 
53.0 62.0 55.0 61.0 
128.0 69.0 62.0 61.0 
53.0 58.0 59.0 57.0 
56.0 58.0 58.0 59.0 
58.0 58.0 59.0 60.0 
126.0 74.0 60.0 65.0 
58.0 57.0 58.0 57.0 
52.0 60.0 57.0 59.0 
55.0 62.0 57.0 61.0 
124.0 74.0 59.0 66.0 
59.0 55.0 61.0 54.0 
58.0 54.0 60.0 58.0 
56.0 54.0 59.0 58.0 
125.0 71.0 61.0 60.0 
54.0 59.0 59.0 56.0 
57.0 54.0 62.0 57.0 
61.0 56.0 60.0 57.0 
126.0 72.0 63.0 60.0 
53.0 60.0 55.0 61.0 
54.0 60.0 57.0 62.0 
57.0 58.0 61.0 56.0 
131.0 69.0 63.0 61.0 
52.0 60.0 54.0 60.0 
57.0 56.0 59.0 57.0 
56.0 59.0 59.0 60.0 
129.0 67.0 63.0 60.0 
56.0 56.0 59.0 57.0 
57.0 57.0 59.0 59.0 
61.0 55.0 61.0 58.0 
128.0 72.0 61.0 61.0 
53.0 60.0 57.0 56.0 
56.0 61.0 56.0 59.0 
57.0 61.0 57.0 61.0 
129.0 73.0 58.0 65.0 
56.0 60.0 55.0 60.0 
54.0 60.0 58.0 60.0 
58.0 58.0 58.0 62.0 
130.0 71.0 61.0 62.0 
57.0 57.0 56.0 60.0 
57.0 58.0 57.0 59.0 
58.0 58.0 60.0 58.0 
128.0 71.0 60.0 64.0 
54.0 59.0 57.0 58.0 
56.0 58.0 57.0 59.0 
56.0 60.0 59.0 62.0 
126.0 72.0 60.0 65.0 
57.0 56.0 58.0 56.0 
53.0 61.0 57.0 61.0 
53.0 62.0 59.0 59.0 
128.0 73.0 59.0 64.0 
59.0 58.0 57.0 58.0 
57.0 58.0 59.0 62.0 
57.0 58.0 60.0 58.0 
125.0 74.0 59.0 65.0 
60.0 56.0 60.0 55.0 
56.0 59.0 58.0 60.0 
60.0 56.0 59.0 59.0 
124.0 74.0 59.0 65.0 
60.0 55.0 61.0 55.0 
54.0 60.0 57.0 62.0 
57.0 58.0 60.0 60.0 
126.0 74.0 59.0 66.0 
59.0 55.0 59.0 57.0 
58.0 57.0 59.0 58.0 
60.0 56.0 60.0 56.0 
130.0 68.0 64.0 60.0 
54.0 60.0 56.0 61.0 
53.0 58.0 61.0 56.0 
55.0 58.0 60.0 57.0 
133.0 69.0 62.0 62.0 
57.0 57.0 59.0 57.0 
53.0 59.0 58.0 60.0 
60.0 57.0 59.0 59.0 
124.0 75.0 59.0 65.0 
60.0 55.0 59.0 57.0 
57.0 57.0 60.0 59.0 
60.0 56.0 59.0 59.0 
131.0 68.0 62.0 61.0 
56.0 57.0 59.0 58.0 
60.0 56.0 60.0 57.0 
58.0 58.0 59.0 60.0 
123.0 75.0 59.0 64.0 
53.0 54.0 61.0 55.0 
57.0 57.0 58.0 59.0 
57.0 59.0 59.0 57.0 
126.0 70.0 63.0 61.0 
55.0 56.0 61.0 57.0 
59.0 57.0 59.0 62.0 
60.0 55.0 60.0 57.0 
128.0 70.0 62.0 63.0 
54.0 59.0 57.0 57.0 
56.0 57.0 61.0 56.0 
56.0 63.0 57.0 62.0 
131.0 68.0 62.0 63.0 
56.0 57.0 59.0 55.0 
56.0 58.0 58.0 60.0 
57.0 57.0 62.0 55.0 
129.0 71.0 60.0 65.0 
52.0 61.0 56.0 60.0 
59.0 55.0 60.0 56.0 
57.0 58.0 60.0 57.0 
127.0 75.0 59.0 63.0 
54.0 58.0 57.0 58.0 
53.0 60.0 59.0 59.0 
56.0 61.0 59.0 60.0 
127.0 74.0 59.0 65.0 
58.0 56.0 57.0 60.0 
57.0 61.0 57.0 57.0 
54.0 63.0 57.0 62.0 
128.0 75.0 58.0 65.0 
55.0 60.0 56.0 60.0 
60.0 57.0 59.0 58.0 
60.0 55.0 61.0 58.0 
127.0 68.0 63.0 61.0 
53.0 61.0 56.0 61.0 
57.0 59.0 59.0 60.0 
57.0 61.0 57.0 62.0 
131.0 67.0 64.0 61.0 
58.0 54.0 56.0 61.0 
55.0 60.0 58.0 63.0 
58.0 58.0 59.0 58.0 
125.0 74.0 59.0 64.0 
59.0 59.0 57.0 59.0 
55.0 56.0 61.0 57.0 
55.0 59.0 62.0 56.0 
125.0 73.0 61.0 65.0 
60.0 56.0 59.0 57.0 
53.0 62.0 57.0 61.0 
60.0 57.0 59.0 59.0 
127.0 71.0 60.0 65.0 
57.0 57.0 59.0 56.0 
54.0 59.0 59.0 60.0 
62.0 56.0 61.0 56.0 
128.0 72.0 61.0 63.0 
58.0 57.0 58.0 58.0 
58.0 58.0 59.0 58.0 
60.0 57.0 61.0 56.0 
127.0 72.0 60.0 65.0 
57.0 57.0 59.0 59.0 
54.0 61.0 56.0 62.0 
61.0 56.0 61.0 57.0 
130.0 70.0 58.0 65.0 
53.0 59.0 58.0 57.0 
54.0 61.0 56.0 59.0 
54.0 60.0 58.0 60.0 
130.0 68.0 63.0 62.0 
53.0 59.0 59.0 57.0 
55.0 58.0 60.0 57.0 
58.0 60.0 59.0 60.0 
123.0 71.0 61.0 62.0 
58.0 56.0 60.0 58.0 
61.0 55.0 61.0 57.0 
57.0 59.0 60.0 59.0 
123.0 70.0 61.0 63.0 
61.0 55.0 60.0 55.0 
56.0 60.0 57.0 63.0 
59.0 60.0 59.0 61.0 
111.0 68.0 62.0 63.0 
55.0 59.0 58.0 58.0 
61.0 58.0 59.0 63.0 
62.0 58.0 58.0 62.0 
111.0 69.0 59.0 66.0 
60.0 56.0 61.0 56.0 
57.0 57.0 59.0 62.0 
63.0 56.0 61.0 58.0 
88.0 75.0 59.0 67.0 
58.0 57.0 59.0 58.0 
55.0 60.0 58.0 59.0 
59.0 60.0 56.0 62.0 
128.0 74.0 59.0 66.0 
57.0 58.0 58.0 59.0 
57.0 59.0 59.0 57.0 
55.0 61.0 58.0 60.0 
135.0 69.0 64.0 62.0 
53.0 61.0 56.0 61.0 
56.0 60.0 57.0 61.0 
63.0 56.0 62.0 57.0 
132.0 71.0 60.0 66.0 
60.0 56.0 59.0 61.0 
53.0 60.0 59.0 55.0 
56.0 61.0 60.0 59.0 
133.0 71.0 61.0 63.0 
54.0 61.0 58.0 59.0 
54.0 59.0 59.0 58.0 
60.0 59.0 59.0 60.0 
130.0 73.0 60.0 63.0 
57.0 61.0 55.0 57.0 
55.0 61.0 57.0 60.0 
62.0 56.0 61.0 60.0 
132.0 71.0 61.0 65.0 
62.0 55.0 58.0 60.0 
57.0 59.0 59.0 60.0 
59.0 59.0 57.0 61.0 
134.0 69.0 63.0 61.0 
57.0 57.0 58.0 62.0 
57.0 57.0 57.0 61.0 
62.0 59.0 58.0 63.0 
131.0 69.0 61.0 66.0 
62.0 56.0 58.0 62.0 
56.0 60.0 58.0 57.0 
59.0 60.0 57.0 62.0 
126.0 74.0 59.0 65.0 
59.0 58.0 57.0 62.0 
59.0 59.0 57.0 63.0 
58.0 58.0 60.0 59.0 
126.0 73.0 60.0 64.0 
54.0 60.0 57.0 59.0 
60.0 56.0 61.0 58.0 
55.0 63.0 56.0 63.0 
130.0 72.0 62.0 62.0 
57.0 57.0 59.0 57.0 
57.0 59.0 58.0 62.0 
58.0 59.0 59.0 61.0 
127.0 72.0 58.0 66.0 
62.0 56.0 58.0 61.0 
54.0 60.0 58.0 58.0 
58.0 63.0 57.0 60.0 
126.0 74.0 59.0 65.0 
62.0 55.0 59.0 61.0 
62.0 56.0 61.0 58.0 
54.0 62.0 57.0 63.0 
123.0 75.0 58.0 67.0 
62.0 54.0 61.0 56.0 
56.0 57.0 59.0 57.0 
59.0 59.0 59.0 59.0 
130.0 74.0 57.0 67.0 
58.0 57.0 59.0 58.0 
54.0 62.0 56.0 60.0 
57.0 59.0 58.0 61.0 
128.0 72.0 59.0 66.0 
58.0 58.0 58.0 59.0 
55.0 60.0 58.0 62.0 
59.0 56.0 62.0 58.0 
126.0 72.0 59.0 66.0 
59.0 56.0 58.0 61.0 
59.0 59.0 59.0 62.0 
60.0 56.0 62.0 56.0 
90.0 65.0 60.0 62.0 
62.0 54.0 61.0 57.0 
58.0 56.0 62.0 58.0 
55.0 61.0 58.0 61.0 
84.0 66.0 57.0 63.0 
61.0 57.0 60.0 58.0 
61.0 56.0 61.0 57.0 
55.0 62.0 57.0 62.0 
92.0 62.0 63.0 59.0 
59.0 57.0 59.0 58.0 
57.0 57.0 59.0 60.0 
63.0 55.0 62.0 57.0 
91.0 63.0 62.0 59.0 
54.0 61.0 56.0 56.0 
55.0 61.0 58.0 58.0 
55.0 61.0 59.0 56.0 
88.0 65.0 61.0 60.0 
57.0 58.0 57.0 60.0 
55.0 62.0 57.0 63.0 
59.0 57.0 62.0 57.0 
88.0 67.0 60.0 63.0 
61.0 54.0 61.0 56.0 
59.0 56.0 62.0 58.0 
54.0 62.0 59.0 62.0 
88.0 66.0 60.0 62.0 
61.0 55.0 61.0 56.0 
56.0 60.0 57.0 62.0 
58.0 60.0 59.0 62.0 
89.0 64.0 62.0 61.0 
58.0 58.0 59.0 58.0 
59.0 58.0 59.0 59.0 
61.0 58.0 60.0 58.0 
88.0 63.0 63.0 59.0 
61.0 56.0 56.0 61.0 
62.0 59.0 58.0 62.0 
61.0 58.0 59.0 62.0 
90.0 62.0 62.0 60.0 
54.0 61.0 56.0 62.0 
55.0 61.0 59.0 59.0 
59.0 60.0 57.0 62.0 
88.0 65.0 62.0 60.0 
55.0 60.0 58.0 59.0 
57.0 59.0 59.0 60.0 
60.0 59.0 60.0 60.0 
89.0 64.0 62.0 59.0 
55.0 59.0 59.0 59.0 
62.0 55.0 62.0 57.0 
60.0 57.0 61.0 57.0 
83.0 69.0 60.0 62.0 
57.0 59.0 58.0 59.0 
60.0 56.0 61.0 58.0 
57.0 60.0 59.0 57.0 
90.0 62.0 61.0 64.0 
62.0 55.0 59.0 60.0 
57.0 62.0 58.0 62.0 
62.0 57.0 61.0 59.0 
88.0 65.0 62.0 59.0 
55.0 61.0 58.0 59.0 
55.0 60.0 57.0 61.0 
62.0 56.0 61.0 58.0 
93.0 64.0 61.0 62.0 
57.0 58.0 59.0 56.0 
57.0 58.0 60.0 59.0 
61.0 58.0 60.0 58.0 
86.0 68.0 58.0 65.0 
60.0 56.0 61.0 56.0 
59.0 59.0 60.0 58.0 
58.0 59.0 59.0 60.0 
88.0 66.0 61.0 62.0 
58.0 57.0 62.0 56.0 
62.0 55.0 59.0 63.0 
61.0 58.0 59.0 60.0 
87.0 66.0 62.0 59.0 
55.0 61.0 56.0 60.0 
55.0 61.0 59.0 60.0 
62.0 58.0 61.0 59.0 
87.0 66.0 61.0 59.0 
58.0 61.0 56.0 57.0 
59.0 60.0 58.0 63.0 
59.0 58.0 62.0 57.0 
93.0 65.0 59.0 64.0 
59.0 57.0 60.0 58.0 
61.0 56.0 62.0 57.0 
59.0 59.0 60.0 59.0 
95.0 64.0 63.0 60.0 
60.0 57.0 60.0 57.0 
59.0 59.0 60.0 59.0 
61.0 59.0 59.0 62.0 
90.0 67.0 63.0 59.0 
56.0 59.0 60.0 58.0 
58.0 58.0 61.0 57.0 
56.0 62.0 58.0 62.0 
94.0 66.0 63.0 59.0 
55.0 60.0 58.0 60.0 
56.0 59.0 58.0 61.0 
63.0 58.0 61.0 59.0 
99.0 64.0 63.0 61.0 
61.0 55.0 62.0 57.0 
58.0 61.0 57.0 63.0 
60.0 59.0 59.0 61.0 
96.0 66.0 61.0 64.0 
57.0 60.0 58.0 62.0 
59.0 58.0 60.0 59.0 
57.0 60.0 59.0 61.0 
94.0 66.0 62.0 60.0 
57.0 61.0 57.0 64.0 
58.0 58.0 57.0 63.0 
61.0 59.0 58.0 63.0 
98.0 65.0 62.0 64.0 
57.0 56.0 61.0 62.0 
60.0 56.0 63.0 58.0 
58.0 60.0 59.0 59.0 
92.0 68.0 60.0 62.0 
58.0 61.0 57.0 62.0 
59.0 60.0 64.0 58.0 
59.0 59.0 57.0 62.0 
101.0 64.0 64.0 61.0 
56.0 62.0 57.0 63.0 
62.0 57.0 63.0 58.0 
59.0 59.0 61.0 58.0 
90.0 68.0 62.0 65.0 
59.0 57.0 60.0 60.0 
56.0 62.0 59.0 64.0 
59.0 61.0 61.0 62.0 
94.0 66.0 60.0 66.0 
62.0 56.0 59.0 63.0 
56.0 61.0 62.0 60.0 
56.0 62.0 60.0 60.0 
94.0 68.0 60.0 65.0 
56.0 62.0 57.0 63.0 
59.0 57.0 63.0 61.0 
58.0 60.0 63.0 58.0 
98.0 66.0 63.0 61.0 
55.0 60.0 58.0 61.0 
57.0 63.0 61.0 63.0 
61.0 60.0 60.0 59.0 
96.0 68.0 62.0 63.0 
61.0 55.0 61.0 56.0 
58.0 63.0 59.0 65.0 
59.0 58.0 61.0 61.0 
101.0 66.0 63.0 63.0 
55.0 60.0 58.0 58.0 
61.0 60.0 62.0 63.0 
58.0 59.0 63.0 58.0 
92.0 68.0 64.0 61.0 
57.0 57.0 60.0 58.0 
58.0 61.0 63.0 62.0 
56.0 62.0 59.0 59.0 
93.0 65.0 63.0 60.0 
57.0 61.0 58.0 60.0 
56.0 63.0 62.0 63.0 
62.0 59.0 61.0 61.0 
91.0 64.0 64.0 60.0 
56.0 60.0 58.0 60.0 
57.0 63.0 59.0 64.0 
62.0 56.0 63.0 58.0 
97.0 64.0 65.0 60.0 
59.0 57.0 61.0 57.0 
59.0 62.0 59.0 64.0 
59.0 61.0 59.0 61.0 
83.0 68.0 59.0 65.0 
58.0 59.0 59.0 63.0 
63.0 60.0 63.0 64.0 
63.0 58.0 61.0 63.0 
83.0 62.0 63.0 60.0 
56.0 60.0 58.0 61.0 
57.0 63.0 60.0 65.0 
64.0 58.0 61.0 61.0 
83.0 64.0 62.0 60.0 
58.0 59.0 57.0 62.0 
62.0 59.0 62.0 62.0 
57.0 60.0 59.0 61.0 
84.0 61.0 64.0 61.0 
56.0 61.0 57.0 57.0 
59.0 62.0 61.0 64.0 
58.0 62.0 59.0 61.0 
76.0 62.0 63.0 59.0 
59.0 58.0 61.0 58.0 
60.0 61.0 63.0 62.0 
56.0 62.0 58.0 61.0 
83.0 61.0 62.0 63.0 
61.0 56.0 61.0 59.0 
61.0 60.0 62.0 64.0 
58.0 59.0 62.0 57.0 
77.0 64.0 63.0 61.0 
58.0 61.0 57.0 63.0 
59.0 63.0 60.0 65.0 
60.0 59.0 61.0 59.0 
76.0 64.0 62.0 62.0 
60.0 59.0 60.0 58.0 
61.0 59.0 63.0 62.0 
60.0 58.0 60.0 60.0 
78.0 66.0 61.0 65.0 
59.0 58.0 59.0 59.0 
60.0 61.0 61.0 64.0 
61.0 57.0 60.0 59.0 
80.0 65.0 62.0 64.0 
61.0 57.0 62.0 57.0 
60.0 60.0 64.0 60.0 
57.0 60.0 61.0 57.0 
84.0 66.0 62.0 63.0 
60.0 59.0 58.0 63.0 
59.0 62.0 60.0 66.0 
60.0 59.0 60.0 60.0 
80.0 63.0 65.0 60.0 
56.0 61.0 57.0 57.0 
60.0 61.0 62.0 63.0 
60.0 58.0 62.0 57.0 
80.0 64.0 64.0 63.0 
56.0 60.0 59.0 61.0 
59.0 62.0 62.0 65.0 
61.0 59.0 60.0 60.0 
77.0 65.0 62.0 63.0 
61.0 56.0 62.0 57.0 
59.0 63.0 62.0 64.0 
62.0 58.0 63.0 57.0 
87.0 68.0 60.0 66.0 
61.0 58.0 59.0 62.0 
58.0 62.0 62.0 61.0 
58.0 61.0 59.0 63.0 
75.0 64.0 64.0 63.0 
59.0 57.0 61.0 59.0 
63.0 61.0 61.0 66.0 
63.0 58.0 61.0 60.0 
76.0 60.0 65.0 60.0 
58.0 55.0 62.0 58.0 
58.0 63.0 63.0 63.0 
61.0 59.0 60.0 60.0 
81.0 62.0 65.0 61.0 
58.0 60.0 59.0 59.0 
62.0 60.0 62.0 63.0 
62.0 57.0 62.0 58.0 
78.0 62.0 63.0 64.0 
61.0 56.0 62.0 57.0 
59.0 61.0 61.0 64.0 
64.0 59.0 61.0 62.0 
73.0 64.0 64.0 61.0 
58.0 57.0 62.0 62.0 
61.0 61.0 61.0 64.0 
61.0 59.0 61.0 62.0 
77.0 63.0 67.0 62.0 
58.0 61.0 58.0 61.0 
62.0 59.0 64.0 60.0 
58.0 64.0 59.0 63.0 
73.0 67.0 65.0 67.0 
62.0 57.0 61.0 59.0 
62.0 59.0 64.0 61.0 
57.0 63.0 59.0 63.0 
72.0 64.0 67.0 66.0 
61.0 56.0 62.0 58.0 
57.0 63.0 60.0 64.0 
58.0 62.0 60.0 63.0 
73.0 64.0 68.0 67.0 
61.0 57.0 60.0 58.0 
63.0 59.0 61.0 65.0 
63.0 60.0 59.0 64.0 
71.0 63.0 69.0 68.0 
58.0 60.0 58.0 60.0 
62.0 58.0 63.0 61.0 
58.0 62.0 61.0 62.0 
83.0 66.0 67.0 69.0 
59.0 57.0 61.0 56.0 
59.0 60.0 61.0 61.0 
62.0 60.0 62.0 61.0 
77.0 66.0 68.0 65.0 
58.0 59.0 57.0 61.0 
61.0 60.0 62.0 61.0 
57.0 63.0 60.0 64.0 
89.0 61.0 68.0 73.0 
57.0 61.0 57.0 57.0 
61.0 57.0 62.0 59.0 
60.0 60.0 63.0 62.0 
112.0 59.0 69.0 69.0 
55.0 59.0 59.0 57.0 
58.0 59.0 57.0 62.0 
61.0 58.0 65.0 58.0 
111.0 59.0 70.0 77.0 
61.0 56.0 60.0 57.0 
61.0 56.0 61.0 57.0 
57.0 62.0 60.0 64.0 
83.0 60.0 71.0 77.0 
57.0 59.0 58.0 59.0 
56.0 59.0 59.0 61.0 
63.0 59.0 63.0 60.0 
83.0 59.0 71.0 82.0 
59.0 58.0 60.0 56.0 
58.0 59.0 58.0 60.0 
63.0 58.0 64.0 61.0 
88.0 61.0 72.0 81.0 
61.0 56.0 60.0 57.0 
61.0 58.0 59.0 60.0 
60.0 59.0 63.0 58.0 
88.0 59.0 69.0 86.0 
62.0 57.0 59.0 57.0 
62.0 56.0 59.0 59.0 
59.0 61.0 59.0 62.0 
108.0 59.0 68.0 86.0 
57.0 59.0 58.0 60.0 
57.0 58.0 59.0 60.0 
60.0 58.0 62.0 58.0 
103.0 61.0 62.0 90.0 
59.0 58.0 59.0 60.0 
56.0 61.0 59.0 61.0 
58.0 61.0 59.0 63.0 
99.0 59.0 65.0 83.0 
61.0 58.0 59.0 62.0 
59.0 60.0 60.0 59.0 
59.0 61.0 58.0 64.0 
100.0 62.0 60.0 87.0 
63.0 57.0 60.0 63.0 
57.0 61.0 59.0 59.0 
60.0 61.0 60.0 61.0 
102.0 60.0 59.0 89.0 
65.0 57.0 61.0 62.0 
62.0 57.0 61.0 56.0 
58.0 61.0 60.0 60.0 
145.0 59.0 61.0 91.0 
61.0 58.0 60.0 64.0 
57.0 58.0 60.0 57.0 
59.0 61.0 58.0 62.0 
114.0 62.0 60.0 91.0 
64.0 59.0 59.0 66.0 
55.0 60.0 58.0 59.0 
58.0 61.0 59.0 61.0 
118.0 58.0 61.0 90.0 
65.0 56.0 60.0 63.0 
57.0 59.0 59.0 60.0 
61.0 58.0 60.0 58.0 
123.0 59.0 59.0 95.0 
64.0 58.0 57.0 67.0 
57.0 58.0 61.0 56.0 
57.0 60.0 59.0 58.0 
111.0 59.0 62.0 95.0 
60.0 59.0 60.0 64.0 
58.0 58.0 62.0 56.0 
58.0 60.0 58.0 60.0 
108.0 59.0 61.0 96.0 
65.0 56.0 62.0 63.0 
57.0 61.0 58.0 61.0 
63.0 58.0 62.0 57.0 
101.0 60.0 60.0 97.0 
62.0 59.0 58.0 67.0 
58.0 58.0 61.0 56.0 
58.0 59.0 60.0 57.0 
100.0 58.0 64.0 91.0 
61.0 61.0 57.0 68.0 
56.0 61.0 59.0 61.0 
58.0 61.0 58.0 60.0 
90.0 57.0 63.0 91.0 
61.0 58.0 60.0 63.0 
61.0 56.0 61.0 57.0 
56.0 62.0 58.0 59.0 
87.0 59.0 64.0 90.0 
65.0 56.0 61.0 63.0 
55.0 61.0 59.0 60.0 
62.0 57.0 62.0 57.0 
87.0 59.0 68.0 90.0 
62.0 60.0 56.0 66.0 
57.0 61.0 58.0 61.0 
59.0 60.0 60.0 59.0 
86.0 58.0 65.0 91.0 
63.0 59.0 60.0 63.0 
57.0 59.0 59.0 61.0 
58.0 59.0 60.0 59.0 
88.0 60.0 71.0 94.0 
66.0 58.0 58.0 63.0 
55.0 59.0 60.0 57.0 
56.0 60.0 60.0 57.0 
88.0 57.0 83.0 87.0 
61.0 60.0 60.0 65.0 
61.0 58.0 60.0 59.0 
56.0 61.0 60.0 59.0 
85.0 59.0 88.0 89.0 
61.0 59.0 61.0 65.0 
58.0 59.0 62.0 56.0 
58.0 61.0 55.0 62.0 
89.0 61.0 91.0 92.0 
64.0 58.0 61.0 66.0 
57.0 59.0 57.0 60.0 
56.0 61.0 56.0 61.0 
86.0 60.0 101.0 84.0 
64.0 59.0 61.0 65.0 
62.0 57.0 60.0 57.0 
56.0 60.0 59.0 58.0 
84.0 61.0 105.0 83.0 
68.0 55.0 64.0 64.0 
58.0 58.0 60.0 58.0 
59.0 61.0 56.0 61.0 
83.0 60.0 104.0 85.0 
64.0 61.0 61.0 69.0 
60.0 59.0 57.0 63.0 
58.0 60.0 57.0 59.0 
85.0 58.0 104.0 84.0 
62.0 60.0 63.0 67.0 
56.0 62.0 56.0 64.0 
58.0 59.0 58.0 59.0 
81.0 61.0 107.0 88.0 
64.0 58.0 63.0 64.0 
57.0 61.0 58.0 61.0 
56.0 62.0 56.0 60.0 
78.0 63.0 115.0 89.0 
65.0 56.0 65.0 63.0 
62.0 57.0 59.0 63.0 
63.0 59.0 56.0 62.0 
77.0 57.0 133.0 83.0 
62.0 61.0 61.0 68.0 
61.0 59.0 58.0 61.0 
57.0 59.0 59.0 55.0 
73.0 61.0 143.0 86.0 
67.0 57.0 64.0 64.0 
64.0 56.0 60.0 60.0 
58.0 59.0 57.0 56.0 
74.0 73.0 160.0 85.0 
65.0 60.0 62.0 63.0 
62.0 57.0 58.0 58.0 
61.0 58.0 57.0 56.0 
70.0 74.0 170.0 86.0 
65.0 58.0 65.0 59.0 
60.0 58.0 57.0 59.0 
56.0 61.0 54.0 61.0 
75.0 69.0 186.0 84.0 
64.0 60.0 61.0 65.0 
57.0 60.0 56.0 60.0 
58.0 62.0 52.0 60.0 
69.0 75.0 200.0 86.0 
63.0 60.0 63.0 60.0 
62.0 56.0 59.0 58.0 
57.0 63.0 52.0 62.0 
76.0 72.0 205.0 88.0 
62.0 58.0 63.0 65.0 
63.0 56.0 57.0 58.0 
55.0 61.0 53.0 60.0 
75.0 72.0 222.0 85.0 
61.0 61.0 60.0 61.0 
60.0 58.0 56.0 57.0 
59.0 59.0 53.0 58.0 
77.0 72.0 236.0 86.0 
60.0 60.0 58.0 62.0 
61.0 56.0 55.0 59.0 
57.0 58.0 55.0 57.0 
81.0 72.0 265.0 89.0 
60.0 60.0 60.0 57.0 
61.0 56.0 55.0 59.0 
57.0 61.0 50.0 59.0 
82.0 78.0 305.0 97.0 
63.0 57.0 55.0 58.0 
62.0 56.0 54.0 58.0 
55.0 62.0 49.0 59.0 
80.0 76.0 320.0 92.0 
59.0 59.0 54.0 56.0 
57.0 60.0 49.0 60.0 
59.0 60.0 50.0 60.0 
82.0 77.0 355.0 99.0 
62.0 57.0 52.0 59.0 
56.0 58.0 50.0 59.0 
55.0 63.0 48.0 61.0 
82.0 82.0 382.0 104.0 
63.0 58.0 51.0 63.0 
56.0 61.0 50.0 59.0 
59.0 60.0 46.0 62.0 
85.0 85.0 449.0 110.0 
56.0 62.0 49.0 56.0 
55.0 62.0 47.0 61.0 
63.0 56.0 50.0 58.0 
93.0 83.0 473.0 116.0 
55.0 61.0 47.0 62.0 
57.0 61.0 49.0 60.0 
62.0 57.0 49.0 56.0 
87.0 85.0 475.0 122.0 
60.0 58.0 50.0 58.0 
56.0 62.0 48.0 61.0 
61.0 57.0 50.0 57.0 
80.0 80.0 432.0 114.0 
58.0 58.0 49.0 59.0 
61.0 55.0 52.0 57.0 
55.0 63.0 46.0 59.0 
77.0 86.0 478.0 127.0 
58.0 59.0 52.0 54.0 
64.0 54.0 50.0 60.0 
60.0 58.0 50.0 56.0 
75.0 84.0 451.0 131.0 
55.0 60.0 49.0 58.0 
60.0 58.0 47.0 61.0 
61.0 56.0 51.0 55.0 
79.0 88.0 494.0 146.0 
60.0 58.0 50.0 58.0 
61.0 57.0 50.0 57.0 
55.0 62.0 45.0 60.0 
86.0 88.0 526.0 159.0 
59.0 57.0 51.0 58.0 
61.0 57.0 49.0 57.0 
62.0 56.0 50.0 54.0 
89.0 91.0 520.0 182.0 
61.0 58.0 52.0 59.0 
62.0 58.0 49.0 60.0 
62.0 58.0 46.0 61.0 
92.0 92.0 501.0 200.0 
57.0 59.0 52.0 55.0 
61.0 58.0 50.0 57.0 
56.0 62.0 46.0 56.0 
84.0 98.0 479.0 214.0 
62.0 56.0 54.0 53.0 
58.0 59.0 49.0 57.0 
61.0 59.0 48.0 59.0 
87.0 100.0 456.0 227.0 
62.0 56.0 55.0 54.0 
56.0 58.0 49.0 59.0 
59.0 59.0 49.0 56.0 
89.0 99.0 444.0 240.0 
62.0 57.0 53.0 56.0 
55.0 61.0 50.0 57.0 
58.0 60.0 48.0 56.0 
92.0 105.0 428.0 274.0 
60.0 55.0 53.0 56.0 
63.0 56.0 53.0 56.0 
60.0 57.0 52.0 54.0 
89.0 108.0 401.0 300.0 
59.0 58.0 53.0 55.0 
63.0 58.0 54.0 57.0 
60.0 57.0 54.0 51.0 
88.0 122.0 354.0 372.0 
61.0 58.0 54.0 53.0 
61.0 58.0 54.0 56.0 
59.0 58.0 53.0 49.0 
90.0 135.0 304.0 438.0 
59.0 58.0 55.0 49.0 
59.0 58.0 56.0 52.0 
58.0 59.0 53.0 51.0 
96.0 134.0 282.0 456.0 
60.0 56.0 56.0 51.0 
58.0 62.0 53.0 55.0 
62.0 57.0 54.0 51.0 
89.0 152.0 251.0 514.0 
55.0 58.0 58.0 47.0 
60.0 56.0 58.0 50.0 
58.0 58.0 57.0 46.0 
95.0 151.0 229.0 523.0 
58.0 58.0 58.0 47.0 
60.0 57.0 60.0 49.0 
57.0 59.0 54.0 50.0 
100.0 159.0 214.0 514.0 
57.0 58.0 56.0 51.0 
56.0 60.0 56.0 54.0 
60.0 57.0 57.0 48.0 
94.0 154.0 179.0 450.0 
60.0 56.0 58.0 49.0 
59.0 57.0 59.0 52.0 
57.0 59.0 55.0 52.0 
103.0 170.0 173.0 489.0 
60.0 54.0 59.0 50.0 
61.0 58.0 57.0 53.0 
60.0 58.0 57.0 53.0 
103.0 181.0 168.0 491.0 
58.0 59.0 55.0 53.0 
58.0 58.0 57.0 54.0 
62.0 55.0 57.0 51.0 
105.0 189.0 156.0 482.0 
60.0 56.0 57.0 50.0 
62.0 56.0 60.0 51.0 
56.0 59.0 56.0 51.0 
108.0 199.0 156.0 483.0 
61.0 53.0 60.0 47.0 
61.0 55.0 61.0 49.0 
58.0 57.0 55.0 51.0 
110.0 225.0 132.0 476.0 
56.0 57.0 56.0 52.0 
60.0 53.0 61.0 49.0 
57.0 57.0 57.0 50.0 
113.0 243.0 127.0 454.0 
55.0 56.0 59.0 48.0 
60.0 54.0 62.0 49.0 
57.0 57.0 56.0 51.0 
124.0 293.0 122.0 464.0 
58.0 54.0 58.0 52.0 
58.0 55.0 57.0 54.0 
62.0 51.0 62.0 47.0 
134.0 347.0 126.0 458.0 
59.0 51.0 61.0 49.0 
58.0 55.0 58.0 53.0 
57.0 51.0 59.0 49.0 
149.0 384.0 118.0 418.0 
61.0 49.0 62.0 50.0 
55.0 54.0 58.0 54.0 
58.0 52.0 58.0 53.0 
168.0 449.0 112.0 373.0 
55.0 54.0 57.0 56.0 
57.0 53.0 56.0 55.0 
59.0 50.0 56.0 56.0 
184.0 495.0 113.0 344.0 
56.0 49.0 60.0 56.0 
59.0 49.0 59.0 51.0 
58.0 49.0 59.0 54.0 
212.0 521.0 108.0 317.0 
56.0 50.0 60.0 58.0 
57.0 49.0 61.0 52.0 
57.0 50.0 57.0 57.0 
206.0 487.0 104.0 273.0 
58.0 54.0 59.0 61.0 
58.0 48.0 61.0 53.0 
60.0 46.0 62.0 53.0 
200.0 555.0 103.0 275.0 
58.0 52.0 61.0 61.0 
56.0 48.0 59.0 56.0 
56.0 47.0 58.0 55.0 
246.0 576.0 101.0 254.0 
59.0 55.0 62.0 60.0 
56.0 50.0 62.0 54.0 
53.0 49.0 59.0 53.0 
259.0 516.0 100.0 240.0 
56.0 57.0 61.0 64.0 
58.0 47.0 61.0 55.0 
54.0 49.0 60.0 53.0 
260.0 515.0 99.0 226.0 
60.0 55.0 61.0 63.0 
55.0 49.0 58.0 59.0 
57.0 46.0 61.0 54.0 
270.0 488.0 95.0 199.0 
61.0 53.0 65.0 59.0 
50.0 61.0 58.0 57.0 
52.0 60.0 58.0 56.0 
282.0 566.0 95.0 210.0 
58.0 55.0 61.0 60.0 
53.0 51.0 57.0 59.0 
54.0 48.0 62.0 55.0 
291.0 571.0 93.0 210.0 
59.0 58.0 61.0 61.0 
53.0 52.0 58.0 56.0 
56.0 48.0 57.0 59.0 
321.0 621.0 91.0 212.0 
59.0 54.0 60.0 64.0 
55.0 47.0 59.0 57.0 
52.0 47.0 59.0 57.0 
356.0 626.0 92.0 212.0 
59.0 53.0 63.0 59.0 
54.0 47.0 63.0 55.0 
52.0 46.0 58.0 58.0 
367.0 640.0 88.0 208.0 
56.0 56.0 60.0 62.0 
54.0 47.0 59.0 58.0 
55.0 45.0 60.0 58.0 
388.0 628.0 89.0 203.0 
59.0 56.0 63.0 61.0 
51.0 48.0 62.0 55.0 
51.0 47.0 63.0 55.0 
410.0 599.0 91.0 191.0 
57.0 58.0 60.0 65.0 
49.0 50.0 58.0 57.0 
53.0 47.0 60.0 57.0 
446.0 578.0 95.0 185.0 
58.0 58.0 60.0 64.0 
49.0 50.0 59.0 59.0 
53.0 46.0 60.0 56.0 
486.0 557.0 102.0 180.0 
56.0 60.0 59.0 61.0 
51.0 50.0 59.0 58.0 
48.0 51.0 57.0 60.0 
507.0 524.0 104.0 176.0 
61.0 56.0 64.0 61.0 
53.0 48.0 62.0 56.0 
48.0 49.0 59.0 59.0 
518.0 470.0 105.0 166.0 
60.0 59.0 60.0 66.0 
47.0 52.0 59.0 57.0 
47.0 53.0 58.0 60.0 
521.0 416.0 106.0 155.0 
59.0 61.0 60.0 66.0 
48.0 54.0 56.0 61.0 
51.0 49.0 61.0 55.0 
524.0 353.0 112.0 143.0 
59.0 59.0 62.0 62.0 
47.0 55.0 58.0 59.0 
51.0 51.0 61.0 56.0 
530.0 327.0 116.0 138.0 
62.0 59.0 63.0 61.0 
47.0 56.0 57.0 59.0 
46.0 55.0 58.0 61.0 
534.0 256.0 121.0 121.0 
58.0 64.0 60.0 66.0 
48.0 55.0 56.0 61.0 
49.0 55.0 56.0 61.0 
537.0 243.0 130.0 120.0 
60.0 59.0 65.0 61.0 
49.0 54.0 59.0 58.0 
48.0 54.0 59.0 59.0 
534.0 231.0 134.0 120.0 
63.0 59.0 66.0 65.0 
48.0 55.0 58.0 60.0 
49.0 54.0 59.0 58.0 
527.0 208.0 145.0 110.0 
60.0 62.0 63.0 63.0 
46.0 57.0 57.0 59.0 
45.0 59.0 55.0 61.0 
529.0 195.0 149.0 110.0 
63.0 59.0 65.0 62.0 
45.0 59.0 55.0 61.0 
49.0 56.0 60.0 56.0 
517.0 176.0 157.0 107.0 
59.0 63.0 61.0 64.0 
48.0 56.0 61.0 58.0 
46.0 56.0 60.0 55.0 
496.0 163.0 168.0 105.0 
56.0 59.0 59.0 62.0 
50.0 57.0 57.0 60.0 
46.0 57.0 56.0 60.0 
486.0 154.0 182.0 104.0 
52.0 59.0 60.0 59.0 
49.0 60.0 56.0 60.0 
47.0 58.0 54.0 63.0 
459.0 146.0 196.0 102.0 
52.0 60.0 56.0 63.0 
49.0 57.0 56.0 60.0 
47.0 59.0 54.0 61.0 
407.0 136.0 209.0 101.0 
53.0 59.0 57.0 60.0 
54.0 55.0 58.0 58.0 
47.0 60.0 55.0 59.0 
377.0 130.0 227.0 102.0 
58.0 55.0 57.0 61.0 
51.0 61.0 53.0 62.0 
54.0 57.0 56.0 60.0 
353.0 124.0 246.0 99.0 
54.0 61.0 55.0 62.0 
49.0 61.0 52.0 62.0 
52.0 58.0 55.0 58.0 
325.0 122.0 272.0 103.0 
53.0 58.0 58.0 56.0 
52.0 58.0 55.0 59.0 
53.0 58.0 53.0 59.0 
318.0 118.0 290.0 104.0 
58.0 55.0 58.0 59.0 
51.0 60.0 52.0 60.0 
50.0 61.0 51.0 61.0 
294.0 118.0 301.0 106.0 
58.0 55.0 57.0 59.0 
55.0 58.0 51.0 61.0 
54.0 57.0 51.0 61.0 
273.0 114.0 309.0 106.0 
50.0 58.0 54.0 56.0 
54.0 61.0 50.0 62.0 
56.0 56.0 54.0 58.0 
270.0 108.0 310.0 105.0 
55.0 58.0 54.0 58.0 
51.0 58.0 52.0 60.0 
57.0 56.0 55.0 55.0 
264.0 109.0 348.0 110.0 
53.0 59.0 53.0 60.0 
52.0 59.0 51.0 59.0 
50.0 61.0 48.0 63.0 
253.0 110.0 365.0 117.0 
55.0 58.0 53.0 55.0 
55.0 56.0 54.0 57.0 
53.0 59.0 50.0 59.0 
248.0 108.0 374.0 122.0 
59.0 56.0 54.0 60.0 
54.0 59.0 54.0 57.0 
51.0 60.0 48.0 58.0 
233.0 104.0 400.0 124.0 
53.0 61.0 50.0 61.0 
53.0 61.0 49.0 63.0 
60.0 56.0 53.0 55.0 
232.0 108.0 399.0 131.0 
58.0 56.0 55.0 55.0 
56.0 58.0 53.0 57.0 
56.0 59.0 50.0 59.0 
228.0 106.0 430.0 138.0 
52.0 62.0 50.0 60.0 
57.0 55.0 53.0 57.0 
54.0 59.0 49.0 57.0 
226.0 108.0 481.0 160.0 
53.0 61.0 48.0 61.0 
56.0 57.0 52.0 56.0 
52.0 61.0 48.0 55.0 
217.0 117.0 483.0 180.0 
55.0 60.0 49.0 58.0 
53.0 56.0 52.0 54.0 
52.0 61.0 46.0 59.0 
214.0 112.0 500.0 196.0 
55.0 60.0 48.0 59.0 
53.0 61.0 48.0 60.0 
60.0 57.0 49.0 56.0 
189.0 116.0 492.0 223.0 
57.0 58.0 50.0 56.0 
54.0 60.0 48.0 57.0 
60.0 58.0 50.0 56.0 
165.0 112.0 476.0 232.0 
60.0 55.0 52.0 55.0 
58.0 59.0 49.0 57.0 
58.0 59.0 48.0 56.0 
119.0 108.0 461.0 241.0 
60.0 57.0 48.0 58.0 
55.0 58.0 52.0 53.0 
58.0 59.0 52.0 53.0 
116.0 113.0 446.0 266.0 
63.0 55.0 52.0 55.0 
62.0 57.0 51.0 56.0 
58.0 58.0 52.0 53.0 
115.0 115.0 429.0 278.0 
56.0 59.0 50.0 53.0 
58.0 55.0 53.0 54.0 
57.0 58.0 50.0 52.0 
110.0 114.0 389.0 288.0 
62.0 54.0 56.0 53.0 
60.0 57.0 54.0 53.0 
56.0 61.0 49.0 54.0 
107.0 122.0 347.0 304.0 
62.0 56.0 56.0 50.0 
59.0 57.0 53.0 54.0 
60.0 60.0 49.0 55.0 
106.0 129.0 327.0 347.0 
60.0 55.0 55.0 55.0 
56.0 60.0 50.0 55.0 
61.0 57.0 53.0 53.0 
92.0 136.0 301.0 359.0 
59.0 59.0 52.0 52.0 
58.0 59.0 54.0 56.0 
59.0 58.0 54.0 53.0 
94.0 143.0 283.0 375.0 
60.0 57.0 57.0 50.0 
63.0 55.0 58.0 50.0 
55.0 61.0 53.0 54.0 
95.0 161.0 263.0 394.0 
58.0 58.0 54.0 55.0 
62.0 54.0 58.0 51.0 
63.0 55.0 55.0 52.0 
93.0 177.0 229.0 423.0 
61.0 54.0 58.0 49.0 
59.0 54.0 58.0 51.0 
59.0 55.0 57.0 50.0 
97.0 174.0 220.0 421.0 
56.0 58.0 57.0 49.0 
63.0 57.0 54.0 54.0 
62.0 55.0 56.0 53.0 
95.0 184.0 195.0 422.0 
56.0 57.0 56.0 51.0 
60.0 56.0 56.0 52.0 
58.0 56.0 57.0 49.0 
111.0 212.0 199.0 441.0 
61.0 54.0 58.0 51.0 
61.0 53.0 59.0 50.0 
58.0 56.0 56.0 49.0 
118.0 214.0 189.0 419.0 
59.0 54.0 59.0 49.0 
56.0 59.0 55.0 54.0 
58.0 57.0 55.0 53.0 
123.0 218.0 177.0 421.0 
58.0 55.0 60.0 54.0 
61.0 56.0 55.0 54.0 
59.0 56.0 54.0 52.0 
127.0 240.0 170.0 411.0 
60.0 56.0 55.0 53.0 
60.0 52.0 60.0 52.0 
58.0 55.0 59.0 50.0 
122.0 258.0 170.0 423.0 
62.0 52.0 60.0 48.0 
60.0 53.0 59.0 49.0 
60.0 55.0 57.0 50.0 
131.0 269.0 162.0 400.0 
58.0 56.0 59.0 54.0 
55.0 58.0 55.0 54.0 
58.0 55.0 58.0 51.0 
159.0 294.0 163.0 405.0 
62.0 54.0 60.0 52.0 
54.0 58.0 56.0 54.0 
59.0 52.0 61.0 49.0 
178.0 360.0 156.0 385.0 
56.0 58.0 57.0 53.0 
56.0 55.0 57.0 53.0 
58.0 53.0 58.0 54.0 
190.0 373.0 153.0 378.0 
58.0 54.0 60.0 52.0 
57.0 50.0 61.0 50.0 
54.0 55.0 56.0 55.0 
184.0 403.0 136.0 357.0 
59.0 53.0 61.0 53.0 
58.0 49.0 61.0 50.0 
54.0 53.0 57.0 56.0 
221.0 418.0 126.0 308.0 
60.0 51.0 61.0 58.0 
54.0 53.0 58.0 58.0 
55.0 50.0 59.0 54.0 
249.0 434.0 105.0 294.0 
59.0 52.0 60.0 57.0 
54.0 53.0 62.0 55.0 
54.0 47.0 60.0 55.0 
260.0 436.0 102.0 270.0 
56.0 53.0 57.0 60.0 
55.0 51.0 60.0 55.0 
54.0 50.0 62.0 53.0 
245.0 458.0 101.0 271.0 
60.0 49.0 62.0 56.0 
59.0 48.0 60.0 56.0 
54.0 49.0 61.0 52.0 
244.0 456.0 99.0 256.0 
59.0 51.0 60.0 55.0 
55.0 52.0 58.0 58.0 
56.0 49.0 60.0 56.0 
270.0 463.0 96.0 246.0 
58.0 51.0 60.0 55.0 
51.0 53.0 57.0 58.0 
56.0 48.0 61.0 53.0 
272.0 468.0 94.0 226.0 
54.0 53.0 62.0 59.0 
54.0 52.0 56.0 56.0 
52.0 54.0 59.0 57.0 
298.0 504.0 98.0 224.0 
55.0 54.0 57.0 60.0 
51.0 51.0 58.0 57.0 
57.0 48.0 59.0 55.0 
313.0 524.0 97.0 226.0 
57.0 52.0 60.0 59.0 
56.0 47.0 60.0 55.0 
49.0 50.0 59.0 57.0 
324.0 522.0 96.0 223.0 
56.0 52.0 59.0 60.0 
54.0 50.0 60.0 57.0 
57.0 47.0 61.0 57.0 
345.0 503.0 95.0 211.0 
52.0 54.0 58.0 60.0 
54.0 49.0 57.0 60.0 
55.0 49.0 60.0 60.0 
348.0 500.0 95.0 213.0 
56.0 53.0 56.0 59.0 
52.0 48.0 63.0 55.0 
50.0 49.0 60.0 54.0 
364.0 501.0 95.0 206.0 
54.0 52.0 57.0 61.0 
51.0 50.0 59.0 59.0 
52.0 48.0 60.0 55.0 
373.0 487.0 93.0 199.0 
55.0 49.0 59.0 57.0 
53.0 49.0 61.0 56.0 
52.0 48.0 60.0 57.0 
385.0 488.0 94.0 188.0 
55.0 49.0 61.0 55.0 
51.0 51.0 58.0 59.0 
54.0 48.0 60.0 57.0 
403.0 487.0 89.0 192.0 
55.0 48.0 59.0 58.0 
52.0 53.0 58.0 55.0 
48.0 51.0 59.0 57.0 
422.0 475.0 91.0 179.0 
52.0 51.0 60.0 56.0 
50.0 53.0 57.0 58.0 
53.0 49.0 60.0 59.0 
433.0 460.0 91.0 166.0 
52.0 51.0 57.0 60.0 
50.0 50.0 61.0 57.0 
52.0 50.0 60.0 58.0 
438.0 434.0 88.0 155.0 
51.0 51.0 58.0 58.0 
55.0 48.0 61.0 58.0 
53.0 49.0 61.0 56.0 
444.0 416.0 86.0 145.0 
50.0 53.0 59.0 58.0 
55.0 49.0 62.0 57.0 
47.0 54.0 58.0 59.0 
432.0 390.0 85.0 142.0 
51.0 50.0 60.0 57.0 
54.0 50.0 60.0 60.0 
51.0 51.0 63.0 56.0 
443.0 380.0 87.0 139.0 
52.0 52.0 62.0 56.0 
49.0 53.0 59.0 59.0 
50.0 52.0 59.0 61.0 
454.0 371.0 87.0 139.0 
48.0 54.0 57.0 61.0 
47.0 54.0 58.0 62.0 
49.0 52.0 59.0 59.0 
452.0 359.0 89.0 136.0 
52.0 52.0 59.0 57.0 
51.0 52.0 60.0 59.0 
54.0 49.0 63.0 59.0 
457.0 332.0 87.0 128.0 
50.0 53.0 57.0 58.0 
49.0 55.0 57.0 60.0 
48.0 56.0 59.0 57.0 
480.0 322.0 83.0 127.0 
48.0 53.0 59.0 58.0 
54.0 51.0 61.0 58.0 
46.0 55.0 59.0 58.0 
476.0 311.0 80.0 124.0 
52.0 52.0 59.0 59.0 
52.0 51.0 61.0 58.0 
46.0 55.0 60.0 58.0 
494.0 303.0 82.0 121.0 
48.0 54.0 58.0 61.0 
50.0 52.0 62.0 57.0 
48.0 52.0 61.0 58.0 
513.0 307.0 83.0 124.0 
49.0 52.0 60.0 57.0 
50.0 54.0 60.0 59.0 
50.0 51.0 62.0 56.0 
503.0 302.0 78.0 123.0 
47.0 53.0 61.0 56.0 
47.0 53.0 63.0 58.0 
46.0 53.0 63.0 56.0 
491.0 290.0 80.0 119.0 
48.0 55.0 59.0 59.0 
47.0 55.0 59.0 57.0 
44.0 56.0 59.0 60.0 
488.0 278.0 77.0 114.0 
47.0 56.0 58.0 59.0 
46.0 54.0 60.0 59.0 
48.0 55.0 58.0 62.0 
478.0 266.0 78.0 113.0 
47.0 56.0 59.0 60.0 
53.0 52.0 63.0 57.0 
49.0 53.0 62.0 56.0 
452.0 199.0 73.0 102.0 
49.0 56.0 59.0 60.0 
52.0 54.0 62.0 57.0 
46.0 57.0 60.0 57.0 
451.0 188.0 74.0 99.0 
52.0 55.0 59.0 61.0 
49.0 58.0 58.0 62.0 
50.0 54.0 62.0 57.0 
425.0 169.0 75.0 92.0 
50.0 59.0 56.0 62.0 
49.0 56.0 59.0 60.0 
48.0 57.0 60.0 59.0 
410.0 155.0 73.0 93.0 
52.0 54.0 62.0 56.0 
49.0 56.0 61.0 60.0 
53.0 56.0 62.0 57.0 
394.0 149.0 76.0 87.0 
50.0 58.0 58.0 62.0 
49.0 58.0 58.0 61.0 
49.0 57.0 61.0 60.0 
377.0 143.0 72.0 90.0 
54.0 54.0 61.0 58.0 
52.0 56.0 57.0 61.0 
50.0 61.0 60.0 61.0 
353.0 132.0 71.0 88.0 
55.0 56.0 58.0 61.0 
52.0 57.0 59.0 63.0 
51.0 56.0 63.0 57.0 
360.0 133.0 77.0 82.0 
51.0 59.0 56.0 59.0 
53.0 57.0 60.0 61.0 
50.0 58.0 61.0 59.0 
335.0 129.0 73.0 84.0 
51.0 57.0 59.0 60.0 
50.0 58.0 60.0 61.0 
53.0 56.0 62.0 58.0 
333.0 126.0 75.0 82.0 
53.0 56.0 60.0 57.0 
51.0 58.0 60.0 59.0 
54.0 56.0 61.0 60.0 
331.0 129.0 76.0 88.0 
54.0 57.0 56.0 61.0 
49.0 56.0 62.0 59.0 
50.0 57.0 62.0 57.0 
320.0 127.0 73.0 86.0 
55.0 54.0 61.0 56.0 
51.0 58.0 60.0 60.0 
52.0 57.0 61.0 60.0 
313.0 117.0 77.0 80.0 
53.0 57.0 60.0 58.0 
54.0 56.0 61.0 58.0 
48.0 59.0 60.0 61.0 
300.0 117.0 73.0 84.0 
53.0 56.0 60.0 59.0 
49.0 61.0 58.0 62.0 
51.0 59.0 60.0 60.0 
282.0 109.0 74.0 80.0 
50.0 60.0 57.0 62.0 
52.0 58.0 57.0 62.0 
52.0 59.0 58.0 62.0 
280.0 105.0 71.0 82.0 
56.0 54.0 60.0 61.0 
56.0 56.0 61.0 58.0 
49.0 61.0 58.0 61.0 
268.0 100.0 75.0 77.0 
50.0 61.0 57.0 63.0 
50.0 59.0 62.0 57.0 
49.0 61.0 58.0 61.0 
260.0 102.0 68.0 76.0 
52.0 59.0 58.0 60.0 
51.0 60.0 58.0 62.0 
51.0 60.0 59.0 62.0 
252.0 99.0 70.0 77.0 
50.0 61.0 56.0 61.0 
54.0 57.0 62.0 60.0 
48.0 61.0 58.0 62.0 
253.0 98.0 71.0 73.0 
50.0 58.0 59.0 57.0 
56.0 58.0 59.0 64.0 
56.0 57.0 59.0 63.0 
252.0 98.0 70.0 74.0 
51.0 58.0 57.0 61.0 
55.0 57.0 60.0 61.0 
53.0 57.0 62.0 58.0 
234.0 96.0 67.0 77.0 
57.0 56.0 61.0 58.0 
56.0 57.0 60.0 60.0 
52.0 60.0 59.0 61.0 
236.0 93.0 72.0 75.0 
54.0 56.0 60.0 57.0 
52.0 59.0 59.0 63.0 
54.0 59.0 61.0 62.0 
232.0 94.0 69.0 76.0 
51.0 60.0 57.0 56.0 
53.0 60.0 57.0 63.0 
56.0 57.0 61.0 61.0 
224.0 93.0 70.0 73.0 
52.0 59.0 60.0 57.0 
54.0 60.0 58.0 61.0 
55.0 58.0 61.0 61.0 
223.0 89.0 68.0 75.0 
56.0 54.0 61.0 60.0 
56.0 58.0 60.0 60.0 
54.0 57.0 62.0 57.0 
224.0 92.0 71.0 74.0 
53.0 62.0 56.0 61.0 
53.0 60.0 58.0 63.0 
54.0 56.0 62.0 57.0 
214.0 93.0 69.0 76.0 
50.0 61.0 58.0 59.0 
58.0 57.0 60.0 59.0 
57.0 55.0 62.0 58.0 
210.0 90.0 69.0 76.0 
57.0 55.0 61.0 57.0 
53.0 57.0 63.0 59.0 
53.0 55.0 61.0 59.0 
207.0 86.0 70.0 77.0 
56.0 56.0 62.0 57.0 
55.0 57.0 63.0 57.0 
54.0 61.0 58.0 63.0 
194.0 87.0 67.0 76.0 
55.0 57.0 60.0 58.0 
52.0 62.0 58.0 62.0 
58.0 57.0 62.0 58.0 
203.0 85.0 70.0 74.0 
53.0 60.0 59.0 56.0 
54.0 59.0 59.0 60.0 
53.0 61.0 58.0 62.0 
191.0 87.0 67.0 76.0 
55.0 59.0 58.0 61.0 
55.0 60.0 59.0 61.0 
58.0 56.0 61.0 60.0 
190.0 85.0 69.0 70.0 
52.0 58.0 61.0 57.0 
57.0 57.0 59.0 62.0 
58.0 56.0 63.0 60.0 
196.0 88.0 66.0 73.0 
58.0 57.0 59.0 59.0 
58.0 57.0 63.0 58.0 
51.0 61.0 57.0 63.0 
194.0 86.0 67.0 72.0 
58.0 55.0 61.0 57.0 
54.0 58.0 59.0 60.0 
57.0 56.0 62.0 58.0 
200.0 83.0 69.0 69.0 
53.0 60.0 58.0 61.0 
55.0 57.0 60.0 60.0 
57.0 57.0 63.0 58.0 
194.0 89.0 65.0 75.0 
55.0 57.0 59.0 59.0 
54.0 58.0 62.0 57.0 
51.0 60.0 62.0 59.0 
199.0 83.0 71.0 71.0 
52.0 59.0 58.0 58.0 
54.0 60.0 60.0 60.0 
57.0 58.0 62.0 59.0 
202.0 83.0 70.0 73.0 
53.0 58.0 60.0 60.0 
54.0 58.0 60.0 60.0 
56.0 58.0 61.0 59.0 
198.0 89.0 67.0 75.0 
56.0 57.0 60.0 59.0 
57.0 56.0 62.0 58.0 
55.0 58.0 61.0 58.0 
196.0 88.0 65.0 74.0 
53.0 61.0 58.0 63.0 
57.0 56.0 63.0 57.0 
55.0 59.0 60.0 59.0 
201.0 87.0 64.0 75.0 
58.0 56.0 59.0 60.0 
55.0 61.0 59.0 60.0 
55.0 59.0 59.0 64.0 
203.0 87.0 67.0 71.0 
58.0 55.0 62.0 58.0 
55.0 57.0 61.0 58.0 
52.0 61.0 59.0 61.0 
208.0 85.0 71.0 70.0 
55.0 56.0 61.0 57.0 
51.0 62.0 58.0 61.0 
57.0 59.0 60.0 61.0 
202.0 89.0 65.0 74.0 
53.0 60.0 58.0 63.0 
56.0 57.0 61.0 58.0 
55.0 58.0 61.0 59.0 
208.0 86.0 68.0 71.0 
57.0 57.0 61.0 57.0 
54.0 57.0 62.0 57.0 
53.0 62.0 59.0 60.0 
205.0 86.0 69.0 72.0 
57.0 55.0 60.0 62.0 
56.0 58.0 59.0 63.0 
59.0 59.0 60.0 63.0 
206.0 85.0 67.0 70.0 
54.0 57.0 62.0 57.0 
54.0 59.0 58.0 63.0 
54.0 57.0 62.0 59.0 
203.0 89.0 64.0 72.0 
58.0 56.0 60.0 60.0 
59.0 57.0 61.0 61.0 
52.0 60.0 59.0 62.0 
203.0 89.0 64.0 73.0 
56.0 58.0 59.0 59.0 
51.0 62.0 58.0 60.0 
53.0 60.0 59.0 62.0 
204.0 88.0 64.0 72.0 
55.0 55.0 62.0 56.0 
59.0 56.0 61.0 62.0 
59.0 56.0 60.0 60.0 
204.0 89.0 63.0 70.0 
53.0 57.0 61.0 57.0 
52.0 61.0 59.0 61.0 
57.0 58.0 61.0 59.0 
205.0 87.0 64.0 73.0 
58.0 54.0 62.0 57.0 
55.0 59.0 60.0 62.0 
56.0 59.0 59.0 61.0 
204.0 89.0 64.0 71.0 
56.0 56.0 60.0 58.0 
58.0 56.0 62.0 57.0 
55.0 59.0 60.0 60.0 
210.0 84.0 67.0 71.0 
59.0 55.0 61.0 59.0 
52.0 62.0 58.0 62.0 
52.0 60.0 60.0 61.0 
208.0 85.0 66.0 72.0 
59.0 56.0 60.0 61.0 
53.0 60.0 60.0 60.0 
56.0 61.0 57.0 61.0 
206.0 86.0 69.0 69.0 
53.0 59.0 59.0 59.0 
53.0 60.0 60.0 61.0 
57.0 57.0 61.0 59.0 
205.0 90.0 64.0 74.0 
56.0 56.0 61.0 57.0 
55.0 58.0 61.0 58.0 
54.0 58.0 60.0 60.0 
208.0 88.0 66.0 71.0 
58.0 55.0 62.0 56.0 
53.0 59.0 59.0 61.0 
57.0 56.0 62.0 58.0 
211.0 85.0 69.0 70.0 
52.0 61.0 57.0 62.0 
57.0 56.0 62.0 58.0 
53.0 59.0 61.0 58.0 
207.0 90.0 65.0 71.0 
56.0 60.0 58.0 62.0 
54.0 60.0 58.0 62.0 
58.0 56.0 62.0 58.0 
207.0 87.0 65.0 68.0 
56.0 58.0 60.0 60.0 
58.0 56.0 63.0 60.0 
53.0 60.0 61.0 60.0 
210.0 85.0 67.0 67.0 
51.0 60.0 57.0 59.0 
56.0 56.0 61.0 59.0 
52.0 62.0 60.0 60.0 
207.0 88.0 63.0 73.0 
54.0 58.0 59.0 60.0 
52.0 62.0 58.0 63.0 
54.0 59.0 60.0 61.0 
205.0 85.0 68.0 68.0 
52.0 61.0 59.0 59.0 
55.0 56.0 61.0 60.0 
58.0 56.0 63.0 60.0 
204.0 87.0 65.0 69.0 
54.0 60.0 58.0 62.0 
58.0 58.0 61.0 61.0 
55.0 57.0 63.0 58.0 
204.0 88.0 66.0 72.0 
59.0 57.0 60.0 59.0 
57.0 58.0 61.0 60.0 
54.0 57.0 63.0 57.0 
208.0 84.0 67.0 68.0 
55.0 58.0 59.0 59.0 
58.0 57.0 60.0 61.0 
57.0 56.0 63.0 59.0 
204.0 87.0 65.0 70.0 
52.0 61.0 57.0 63.0 
57.0 58.0 61.0 59.0 
52.0 61.0 59.0 60.0 
205.0 86.0 66.0 66.0 
55.0 57.0 61.0 59.0 
56.0 62.0 58.0 61.0 
54.0 61.0 58.0 61.0 
203.0 85.0 64.0 69.0 
53.0 57.0 61.0 61.0 
58.0 56.0 61.0 60.0 
53.0 60.0 60.0 60.0 
203.0 87.0 62.0 72.0 
58.0 55.0 61.0 59.0 
51.0 62.0 59.0 62.0 
57.0 56.0 62.0 58.0 
203.0 85.0 68.0 67.0 
55.0 58.0 60.0 58.0 
55.0 59.0 59.0 61.0 
56.0 58.0 60.0 61.0 
202.0 86.0 66.0 68.0 
55.0 58.0 59.0 62.0 
55.0 60.0 58.0 62.0 
54.0 61.0 60.0 60.0 
202.0 90.0 64.0 72.0 
55.0 59.0 57.0 60.0 
52.0 60.0 60.0 59.0 
53.0 62.0 57.0 63.0 
200.0 83.0 67.0 68.0 
58.0 56.0 60.0 58.0 
52.0 60.0 59.0 61.0 
57.0 58.0 61.0 60.0 
200.0 86.0 66.0 69.0 
55.0 58.0 59.0 62.0 
57.0 57.0 60.0 59.0 
51.0 62.0 58.0 62.0 
200.0 86.0 66.0 72.0 
58.0 57.0 59.0 59.0 
53.0 59.0 60.0 60.0 
52.0 60.0 60.0 61.0 
199.0 87.0 64.0 73.0 
57.0 57.0 56.0 58.0 
53.0 59.0 60.0 59.0 
54.0 61.0 58.0 63.0 
201.0 86.0 67.0 72.0 
56.0 56.0 61.0 57.0 
57.0 58.0 59.0 61.0 
58.0 56.0 62.0 58.0 
200.0 85.0 65.0 70.0 
54.0 59.0 59.0 60.0 
52.0 60.0 59.0 60.0 
57.0 58.0 62.0 58.0 
196.0 88.0 62.0 72.0 
57.0 57.0 59.0 59.0 
52.0 61.0 58.0 62.0 
54.0 60.0 59.0 62.0 
199.0 86.0 64.0 71.0 
57.0 56.0 61.0 59.0 
52.0 60.0 60.0 61.0 
55.0 60.0 58.0 62.0 
197.0 86.0 68.0 67.0 
58.0 55.0 60.0 58.0 
52.0 59.0 60.0 59.0 
56.0 59.0 60.0 62.0 
195.0 88.0 65.0 72.0 
58.0 55.0 63.0 57.0 
54.0 59.0 59.0 62.0 
56.0 58.0 60.0 62.0 
195.0 88.0 65.0 72.0 
55.0 57.0 59.0 59.0 
52.0 60.0 57.0 63.0 
54.0 61.0 59.0 63.0 
199.0 83.0 69.0 69.0 
58.0 56.0 63.0 60.0 
52.0 59.0 60.0 59.0 
53.0 58.0 60.0 60.0 
196.0 87.0 65.0 70.0 
59.0 56.0 61.0 58.0 
52.0 62.0 60.0 59.0 
51.0 58.0 62.0 59.0 
195.0 87.0 65.0 72.0 
55.0 55.0 62.0 56.0 
52.0 60.0 60.0 59.0 
54.0 62.0 59.0 61.0 
194.0 86.0 65.0 71.0 
57.0 57.0 60.0 60.0 
56.0 57.0 59.0 60.0 
54.0 57.0 62.0 59.0 
196.0 83.0 68.0 66.0 
56.0 59.0 58.0 60.0 
58.0 56.0 62.0 59.0 
56.0 57.0 63.0 58.0 
192.0 88.0 64.0 71.0 
58.0 55.0 62.0 57.0 
56.0 57.0 60.0 59.0 
51.0 63.0 58.0 62.0 
192.0 86.0 65.0 67.0 
52.0 58.0 62.0 58.0 
58.0 58.0 59.0 63.0 
57.0 59.0 59.0 63.0 
193.0 87.0 65.0 70.0 
58.0 56.0 61.0 57.0 
55.0 59.0 60.0 59.0 
59.0 57.0 62.0 57.0 
198.0 83.0 67.0 67.0 
52.0 61.0 57.0 56.0 
53.0 61.0 58.0 62.0 
56.0 57.0 62.0 59.0 
197.0 83.0 65.0 71.0 
59.0 56.0 59.0 59.0 
55.0 58.0 60.0 62.0 
55.0 60.0 59.0 63.0 
193.0 85.0 66.0 69.0 
52.0 60.0 59.0 60.0 
53.0 59.0 60.0 59.0 
52.0 61.0 60.0 60.0 
193.0 89.0 63.0 70.0 
55.0 61.0 57.0 60.0 
54.0 59.0 61.0 58.0 
52.0 62.0 59.0 62.0 
194.0 88.0 64.0 72.0 
58.0 56.0 59.0 59.0 
57.0 58.0 61.0 59.0 
52.0 61.0 60.0 61.0 
199.0 84.0 68.0 69.0 
58.0 57.0 60.0 58.0 
52.0 60.0 58.0 62.0 
54.0 58.0 60.0 59.0 
197.0 84.0 67.0 68.0 
57.0 57.0 61.0 58.0 
55.0 59.0 58.0 62.0 
58.0 58.0 63.0 59.0 
199.0 83.0 68.0 68.0 
54.0 58.0 61.0 57.0 
59.0 56.0 59.0 63.0 
57.0 57.0 62.0 59.0 
196.0 88.0 64.0 73.0 
58.0 56.0 60.0 60.0 
57.0 57.0 61.0 60.0 
54.0 60.0 61.0 60.0 
196.0 86.0 67.0 69.0 
54.0 59.0 60.0 61.0 
52.0 61.0 59.0 61.0 
58.0 56.0 61.0 57.0 
195.0 87.0 65.0 71.0 
52.0 60.0 58.0 62.0 
56.0 57.0 61.0 58.0 
52.0 61.0 59.0 62.0 
198.0 84.0 69.0 68.0 
55.0 58.0 60.0 58.0 
58.0 56.0 63.0 58.0 
53.0 60.0 60.0 60.0 
198.0 86.0 69.0 72.0 
57.0 55.0 60.0 61.0 
55.0 61.0 57.0 61.0 
57.0 59.0 61.0 63.0 
198.0 86.0 67.0 71.0 
57.0 57.0 61.0 58.0 
53.0 61.0 60.0 61.0 
54.0 57.0 64.0 57.0 
201.0 85.0 70.0 69.0 
55.0 59.0 58.0 59.0 
58.0 56.0 62.0 58.0 
55.0 59.0 61.0 59.0 
198.0 89.0 64.0 74.0 
55.0 57.0 59.0 59.0 
52.0 60.0 59.0 61.0 
52.0 61.0 58.0 64.0 
199.0 86.0 67.0 69.0 
51.0 61.0 58.0 57.0 
53.0 61.0 60.0 61.0 
53.0 61.0 63.0 58.0 
200.0 85.0 69.0 68.0 
53.0 58.0 58.0 62.0 
53.0 60.0 60.0 58.0 
52.0 62.0 60.0 59.0 
202.0 85.0 68.0 70.0 
52.0 58.0 60.0 59.0 
54.0 60.0 59.0 61.0 
56.0 59.0 60.0 63.0 
197.0 89.0 64.0 74.0 
56.0 56.0 62.0 57.0 
52.0 60.0 59.0 63.0 
55.0 60.0 60.0 62.0 
202.0 85.0 66.0 68.0 
53.0 60.0 59.0 60.0 
57.0 56.0 62.0 58.0 
52.0 62.0 59.0 61.0 
198.0 89.0 65.0 70.0 
55.0 55.0 61.0 60.0 
55.0 58.0 61.0 60.0 
54.0 60.0 61.0 59.0 
206.0 85.0 68.0 67.0 
53.0 60.0 57.0 62.0 
52.0 61.0 58.0 61.0 
57.0 57.0 62.0 59.0 
206.0 89.0 66.0 75.0 
56.0 55.0 61.0 57.0 
58.0 56.0 62.0 60.0 
53.0 60.0 60.0 60.0 
203.0 90.0 65.0 73.0 
54.0 59.0 58.0 57.0 
55.0 57.0 61.0 59.0 
54.0 59.0 60.0 61.0 
199.0 90.0 65.0 74.0 
55.0 58.0 59.0 59.0 
58.0 56.0 61.0 60.0 
54.0 57.0 63.0 59.0 
201.0 90.0 66.0 72.0 
54.0 61.0 58.0 62.0 
53.0 61.0 58.0 62.0 
58.0 56.0 61.0 59.0 
204.0 86.0 67.0 72.0 
55.0 57.0 60.0 58.0 
54.0 59.0 61.0 61.0 
57.0 58.0 62.0 59.0 
203.0 85.0 66.0 67.0 
52.0 61.0 57.0 62.0 
55.0 59.0 60.0 59.0 
52.0 61.0 58.0 63.0 
197.0 87.0 64.0 71.0 
54.0 58.0 60.0 58.0 
54.0 58.0 60.0 60.0 
51.0 60.0 61.0 61.0 
199.0 85.0 67.0 68.0 
51.0 59.0 59.0 58.0 
57.0 56.0 60.0 60.0 
55.0 58.0 62.0 59.0 
200.0 84.0 66.0 70.0 
54.0 58.0 61.0 56.0 
56.0 58.0 61.0 59.0 
55.0 60.0 60.0 61.0 
200.0 85.0 65.0 71.0 
53.0 60.0 59.0 57.0 
52.0 61.0 59.0 63.0 
54.0 61.0 60.0 61.0 
198.0 86.0 64.0 71.0 
54.0 58.0 60.0 59.0 
59.0 58.0 60.0 60.0 
57.0 57.0 63.0 57.0 
194.0 88.0 64.0 68.0 
53.0 61.0 57.0 62.0 
57.0 57.0 61.0 59.0 
51.0 61.0 59.0 61.0 
195.0 86.0 66.0 69.0 
53.0 56.0 61.0 60.0 
56.0 60.0 57.0 63.0 
55.0 57.0 61.0 60.0 
198.0 86.0 64.0 72.0 
55.0 58.0 60.0 57.0 
55.0 56.0 63.0 58.0 
51.0 62.0 58.0 63.0 
201.0 85.0 67.0 68.0 
55.0 57.0 61.0 58.0 
54.0 58.0 60.0 59.0 
51.0 62.0 59.0 63.0 
198.0 87.0 67.0 71.0 
58.0 55.0 61.0 57.0 
52.0 61.0 58.0 63.0 
53.0 60.0 59.0 62.0 
201.0 84.0 67.0 68.0 
52.0 60.0 57.0 60.0 
52.0 60.0 60.0 58.0 
52.0 59.0 63.0 58.0 
193.0 88.0 64.0 69.0 
54.0 58.0 58.0 58.0 
55.0 59.0 58.0 61.0 
54.0 59.0 60.0 58.0 
200.0 85.0 67.0 69.0 
52.0 60.0 57.0 62.0 
55.0 59.0 62.0 58.0 
52.0 61.0 61.0 59.0 
194.0 87.0 64.0 70.0 
54.0 58.0 58.0 60.0 
52.0 59.0 58.0 61.0 
52.0 62.0 59.0 62.0 
195.0 87.0 64.0 72.0 
55.0 58.0 59.0 60.0 
54.0 58.0 61.0 60.0 
52.0 62.0 58.0 64.0 
195.0 87.0 62.0 72.0 
57.0 56.0 59.0 63.0 
51.0 60.0 59.0 58.0 
50.0 62.0 59.0 59.0 
194.0 85.0 65.0 66.0 
55.0 56.0 62.0 57.0 
52.0 61.0 58.0 61.0 
58.0 57.0 63.0 59.0 
199.0 83.0 66.0 67.0 
52.0 59.0 59.0 60.0 
53.0 59.0 61.0 60.0 
57.0 58.0 62.0 60.0 
198.0 84.0 65.0 67.0 
56.0 57.0 60.0 56.0 
56.0 59.0 59.0 61.0 
56.0 59.0 60.0 62.0 
197.0 85.0 64.0 68.0 
58.0 56.0 62.0 62.0 
54.0 58.0 62.0 58.0 
52.0 62.0 58.0 60.0 
193.0 89.0 63.0 68.0 
54.0 60.0 58.0 62.0 
55.0 59.0 62.0 58.0 
52.0 61.0 58.0 61.0 
198.0 84.0 65.0 68.0 
54.0 58.0 59.0 57.0 
54.0 59.0 60.0 60.0 
56.0 58.0 63.0 59.0 
194.0 86.0 63.0 73.0 
55.0 57.0 61.0 57.0 
54.0 59.0 59.0 62.0 
57.0 57.0 61.0 60.0 
194.0 88.0 63.0 71.0 
54.0 60.0 59.0 62.0 
57.0 56.0 62.0 57.0 
56.0 58.0 61.0 58.0 
196.0 88.0 63.0 71.0 
52.0 60.0 59.0 59.0 
55.0 59.0 58.0 62.0 
57.0 58.0 60.0 61.0 
199.0 83.0 68.0 67.0 
52.0 59.0 59.0 60.0 
52.0 62.0 59.0 62.0 
58.0 57.0 62.0 57.0 
193.0 88.0 63.0 71.0 
57.0 56.0 61.0 58.0 
56.0 56.0 63.0 57.0 
55.0 58.0 61.0 60.0 
195.0 87.0 63.0 72.0 
55.0 58.0 59.0 58.0 
51.0 61.0 58.0 61.0 
52.0 61.0 59.0 64.0 
199.0 83.0 68.0 68.0 
56.0 57.0 61.0 57.0 
56.0 57.0 62.0 59.0 
52.0 62.0 58.0 62.0 
194.0 82.0 67.0 67.0 
55.0 57.0 61.0 58.0 
57.0 55.0 61.0 58.0 
55.0 59.0 61.0 58.0 
190.0 86.0 66.0 68.0 
55.0 58.0 57.0 63.0 
55.0 59.0 58.0 62.0 
55.0 58.0 61.0 59.0 
193.0 87.0 63.0 71.0 
55.0 58.0 59.0 59.0 
52.0 61.0 57.0 62.0 
57.0 57.0 63.0 59.0 
198.0 82.0 67.0 67.0 
54.0 59.0 60.0 60.0 
57.0 56.0 62.0 58.0 
54.0 59.0 60.0 60.0 
189.0 87.0 63.0 72.0 
55.0 57.0 61.0 58.0 
54.0 59.0 62.0 58.0 
53.0 58.0 62.0 60.0 
188.0 85.0 65.0 67.0 
55.0 57.0 59.0 62.0 
55.0 58.0 61.0 59.0 
52.0 61.0 59.0 60.0 
190.0 87.0 64.0 71.0 
54.0 58.0 59.0 57.0 
52.0 61.0 59.0 61.0 
58.0 56.0 61.0 60.0 
192.0 84.0 65.0 69.0 
52.0 61.0 57.0 61.0 
56.0 58.0 61.0 60.0 
51.0 60.0 61.0 61.0 
195.0 87.0 63.0 70.0 
53.0 60.0 58.0 63.0 
56.0 58.0 60.0 58.0 
52.0 62.0 57.0 63.0 
192.0 83.0 64.0 70.0 
58.0 55.0 59.0 61.0 
52.0 60.0 59.0 59.0 
53.0 62.0 58.0 60.0 
193.0 85.0 64.0 71.0 
55.0 58.0 60.0 58.0 
54.0 59.0 61.0 58.0 
52.0 62.0 59.0 62.0 
190.0 87.0 64.0 70.0 
57.0 56.0 60.0 59.0 
55.0 57.0 62.0 58.0 
51.0 61.0 59.0 63.0 
189.0 88.0 62.0 72.0 
54.0 58.0 58.0 61.0 
55.0 58.0 61.0 59.0 
51.0 62.0 58.0 61.0 
198.0 82.0 68.0 66.0 
55.0 57.0 60.0 59.0 
56.0 56.0 62.0 58.0 
52.0 61.0 60.0 61.0 
194.0 84.0 66.0 67.0 
54.0 57.0 62.0 61.0 
59.0 56.0 60.0 61.0 
54.0 58.0 63.0 58.0 
195.0 83.0 66.0 66.0 
52.0 61.0 57.0 61.0 
54.0 60.0 60.0 58.0 
55.0 59.0 61.0 60.0 
194.0 83.0 66.0 69.0 
53.0 59.0 59.0 59.0 
53.0 60.0 58.0 62.0 
58.0 56.0 62.0 58.0 
192.0 85.0 63.0 70.0 
58.0 58.0 59.0 60.0 
53.0 59.0 60.0 59.0 
53.0 59.0 60.0 60.0 
190.0 87.0 61.0 71.0 
58.0 56.0 60.0 59.0 
54.0 62.0 59.0 60.0 
55.0 61.0 58.0 63.0 
195.0 84.0 63.0 72.0 
53.0 60.0 59.0 59.0 
56.0 59.0 58.0 63.0 
56.0 57.0 63.0 58.0 
190.0 87.0 63.0 70.0 
58.0 57.0 60.0 58.0 
58.0 56.0 62.0 58.0 
52.0 61.0 59.0 61.0 
194.0 83.0 67.0 67.0 
52.0 60.0 58.0 61.0 
52.0 61.0 57.0 63.0 
54.0 60.0 59.0 61.0 
192.0 84.0 64.0 68.0 
52.0 60.0 59.0 60.0 
58.0 56.0 62.0 59.0 
56.0 59.0 60.0 63.0 
193.0 87.0 63.0 69.0 
54.0 60.0 58.0 60.0 
57.0 59.0 58.0 63.0 
58.0 56.0 60.0 60.0 
195.0 88.0 62.0 71.0 
56.0 58.0 59.0 60.0 
56.0 58.0 59.0 61.0 
54.0 58.0 60.0 60.0 
193.0 88.0 62.0 71.0 
58.0 56.0 61.0 57.0 
54.0 59.0 60.0 61.0 
55.0 59.0 61.0 59.0 
195.0 84.0 64.0 67.0 
53.0 59.0 58.0 60.0 
58.0 55.0 62.0 58.0 
56.0 57.0 63.0 58.0 
195.0 85.0 64.0 69.0 
55.0 58.0 60.0 58.0 
55.0 59.0 59.0 63.0 
58.0 58.0 62.0 63.0 
194.0 83.0 66.0 67.0 
55.0 56.0 61.0 57.0 
56.0 55.0 62.0 59.0 
52.0 61.0 59.0 63.0 
195.0 85.0 64.0 69.0 
56.0 57.0 59.0 59.0 
59.0 56.0 63.0 59.0 
53.0 60.0 60.0 60.0 
197.0 83.0 67.0 66.0 
55.0 58.0 59.0 60.0 
58.0 55.0 63.0 57.0 
55.0 58.0 61.0 59.0 
194.0 86.0 62.0 70.0 
53.0 61.0 58.0 61.0 
52.0 61.0 59.0 62.0 
56.0 58.0 62.0 57.0 
195.0 86.0 62.0 72.0 
59.0 56.0 61.0 62.0 
52.0 60.0 58.0 58.0 
52.0 62.0 59.0 61.0 
197.0 84.0 64.0 70.0 
56.0 55.0 61.0 58.0 
58.0 56.0 60.0 61.0 
54.0 59.0 61.0 59.0 
196.0 82.0 67.0 67.0 
52.0 59.0 58.0 59.0 
53.0 59.0 62.0 58.0 
51.0 62.0 58.0 62.0 
197.0 83.0 66.0 66.0 
53.0 61.0 57.0 61.0 
55.0 59.0 60.0 61.0 
57.0 57.0 63.0 61.0 
190.0 87.0 62.0 71.0 
55.0 58.0 59.0 60.0 
51.0 60.0 58.0 62.0 
56.0 57.0 61.0 60.0 
192.0 84.0 65.0 66.0 
54.0 58.0 62.0 57.0 
58.0 56.0 61.0 59.0 
54.0 58.0 63.0 59.0 
191.0 87.0 62.0 70.0 
58.0 55.0 59.0 61.0 
56.0 58.0 60.0 61.0 
53.0 59.0 61.0 60.0 
193.0 86.0 62.0 68.0 
55.0 58.0 57.0 62.0 
55.0 60.0 60.0 58.0 
55.0 59.0 60.0 60.0 
191.0 87.0 61.0 70.0 
54.0 58.0 58.0 61.0 
54.0 58.0 60.0 60.0 
51.0 62.0 58.0 63.0 
190.0 85.0 62.0 71.0 
54.0 57.0 59.0 57.0 
54.0 57.0 63.0 57.0 
54.0 59.0 63.0 58.0 
196.0 85.0 63.0 72.0 
58.0 56.0 60.0 59.0 
57.0 56.0 61.0 59.0 
52.0 60.0 60.0 59.0 
192.0 84.0 66.0 65.0 
55.0 57.0 62.0 57.0 
52.0 61.0 58.0 62.0 
57.0 57.0 63.0 60.0 
194.0 85.0 67.0 66.0 
53.0 60.0 57.0 61.0 
54.0 59.0 59.0 61.0 
53.0 60.0 58.0 62.0 
194.0 84.0 65.0 66.0 
54.0 58.0 58.0 59.0 
57.0 55.0 60.0 61.0 
55.0 59.0 61.0 60.0 
193.0 87.0 63.0 69.0 
56.0 60.0 59.0 58.0 
53.0 58.0 63.0 57.0 
53.0 61.0 58.0 62.0 
194.0 88.0 62.0 70.0 
57.0 58.0 58.0 59.0 
53.0 60.0 60.0 60.0 
57.0 58.0 60.0 60.0 
192.0 87.0 63.0 70.0 
58.0 56.0 61.0 58.0 
55.0 58.0 60.0 60.0 
55.0 58.0 61.0 61.0 
196.0 83.0 66.0 67.0 
52.0 59.0 58.0 59.0 
57.0 56.0 62.0 58.0 
56.0 56.0 62.0 58.0 
196.0 82.0 66.0 66.0 
56.0 57.0 60.0 58.0 
58.0 56.0 62.0 58.0 
54.0 60.0 62.0 58.0 
196.0 83.0 64.0 71.0 
54.0 60.0 57.0 61.0 
57.0 57.0 62.0 58.0 
51.0 62.0 58.0 63.0 
193.0 84.0 65.0 65.0 
53.0 61.0 57.0 62.0 
54.0 60.0 57.0 63.0 
54.0 58.0 63.0 58.0 
192.0 86.0 64.0 69.0 
53.0 60.0 58.0 61.0 
55.0 59.0 60.0 59.0 
51.0 62.0 59.0 61.0 
191.0 85.0 64.0 67.0 
52.0 60.0 57.0 57.0 
56.0 57.0 61.0 58.0 
52.0 61.0 58.0 63.0 
193.0 85.0 64.0 67.0 
54.0 61.0 58.0 60.0 
57.0 61.0 58.0 62.0 
54.0 61.0 58.0 58.0 
197.0 81.0 63.0 69.0 
55.0 56.0 61.0 58.0 
57.0 56.0 62.0 57.0 
52.0 59.0 62.0 58.0 
192.0 87.0 63.0 71.0 
59.0 56.0 60.0 59.0 
55.0 59.0 58.0 63.0 
56.0 59.0 61.0 61.0 
194.0 86.0 63.0 69.0 
53.0 59.0 58.0 62.0 
56.0 58.0 61.0 59.0 
52.0 60.0 60.0 62.0 
194.0 85.0 65.0 66.0 
54.0 57.0 60.0 59.0 
56.0 57.0 60.0 60.0 
53.0 59.0 60.0 59.0 
196.0 87.0 63.0 69.0 
54.0 59.0 58.0 59.0 
54.0 56.0 63.0 57.0 
53.0 60.0 60.0 61.0 
195.0 84.0 65.0 68.0 
53.0 59.0 59.0 59.0 
54.0 59.0 60.0 58.0 
53.0 62.0 58.0 64.0 
194.0 84.0 64.0 67.0 
53.0 60.0 59.0 58.0 
53.0 59.0 59.0 60.0 
55.0 59.0 60.0 60.0 
193.0 83.0 64.0 65.0 
54.0 58.0 60.0 59.0 
56.0 58.0 62.0 58.0 
55.0 58.0 61.0 58.0 
191.0 86.0 62.0 70.0 
59.0 56.0 62.0 57.0 
56.0 55.0 61.0 59.0 
54.0 59.0 63.0 59.0 
191.0 84.0 64.0 65.0 
52.0 58.0 60.0 59.0 
55.0 55.0 63.0 58.0 
51.0 61.0 60.0 61.0 
191.0 87.0 61.0 69.0 
58.0 56.0 61.0 58.0 
58.0 57.0 62.0 58.0 
51.0 62.0 58.0 63.0 
189.0 84.0 63.0 67.0 
53.0 60.0 57.0 61.0 
58.0 57.0 61.0 60.0 
57.0 57.0 62.0 59.0 
191.0 83.0 62.0 67.0 
58.0 56.0 62.0 58.0 
52.0 61.0 58.0 62.0 
54.0 60.0 60.0 61.0 
190.0 83.0 64.0 64.0 
52.0 61.0 58.0 59.0 
54.0 55.0 61.0 59.0 
54.0 58.0 63.0 57.0 
190.0 86.0 62.0 69.0 
57.0 56.0 60.0 61.0 
57.0 57.0 61.0 60.0 
55.0 59.0 63.0 57.0 
189.0 84.0 61.0 70.0 
55.0 57.0 60.0 60.0 
58.0 57.0 62.0 58.0 
52.0 63.0 59.0 61.0 
192.0 83.0 64.0 67.0 
52.0 60.0 58.0 63.0 
56.0 57.0 60.0 58.0 
52.0 61.0 59.0 60.0 
192.0 82.0 65.0 65.0 
55.0 58.0 61.0 59.0 
57.0 56.0 62.0 58.0 
51.0 61.0 60.0 59.0 
190.0 85.0 62.0 67.0 
54.0 59.0 59.0 58.0 
57.0 55.0 62.0 61.0 
54.0 59.0 63.0 58.0 
189.0 86.0 61.0 70.0 
53.0 61.0 57.0 62.0 
58.0 56.0 63.0 57.0 
52.0 61.0 61.0 61.0 
189.0 84.0 62.0 68.0 
53.0 59.0 59.0 60.0 
53.0 62.0 59.0 60.0 
53.0 60.0 59.0 63.0 
190.0 84.0 63.0 68.0 
58.0 56.0 61.0 56.0 
53.0 60.0 58.0 62.0 
55.0 59.0 61.0 60.0 
191.0 80.0 65.0 65.0 
52.0 60.0 58.0 57.0 
53.0 58.0 63.0 59.0 
54.0 58.0 62.0 59.0 
191.0 84.0 62.0 70.0 
56.0 57.0 62.0 57.0 
57.0 58.0 60.0 59.0 
54.0 59.0 61.0 57.0 
189.0 87.0 61.0 70.0 
58.0 55.0 61.0 58.0 
56.0 58.0 63.0 57.0 
53.0 62.0 59.0 61.0 
187.0 86.0 61.0 70.0 
56.0 58.0 60.0 59.0 
51.0 60.0 60.0 60.0 
54.0 62.0 58.0 63.0 
189.0 83.0 64.0 65.0 
53.0 59.0 59.0 60.0 
58.0 57.0 63.0 57.0 
51.0 62.0 58.0 62.0 
187.0 84.0 63.0 66.0 
58.0 55.0 59.0 62.0 
58.0 57.0 60.0 63.0 
59.0 57.0 61.0 61.0 
190.0 81.0 65.0 65.0 
52.0 59.0 59.0 57.0 
53.0 58.0 60.0 59.0 
55.0 58.0 60.0 61.0 
191.0 83.0 63.0 70.0 
56.0 55.0 61.0 58.0 
57.0 57.0 61.0 58.0 
53.0 60.0 60.0 60.0 
191.0 81.0 64.0 66.0 
57.0 56.0 62.0 61.0 
53.0 60.0 59.0 61.0 
55.0 58.0 59.0 61.0 
187.0 85.0 62.0 68.0 
53.0 58.0 60.0 58.0 
58.0 57.0 60.0 61.0 
57.0 57.0 61.0 61.0 
186.0 85.0 62.0 67.0 
53.0 60.0 58.0 59.0 
53.0 58.0 61.0 58.0 
53.0 62.0 58.0 62.0 
190.0 81.0 64.0 65.0 
53.0 60.0 58.0 62.0 
54.0 59.0 60.0 60.0 
54.0 61.0 59.0 61.0 
192.0 81.0 64.0 67.0 
53.0 59.0 59.0 60.0 
52.0 61.0 58.0 62.0 
56.0 58.0 60.0 59.0 
191.0 82.0 65.0 66.0 
52.0 60.0 57.0 62.0 
54.0 60.0 59.0 62.0 
54.0 60.0 60.0 61.0 
186.0 86.0 61.0 70.0 
59.0 56.0 59.0 61.0 
54.0 61.0 58.0 60.0 
57.0 59.0 60.0 63.0 
188.0 86.0 62.0 70.0 
58.0 56.0 62.0 57.0 
57.0 56.0 63.0 58.0 
55.0 59.0 61.0 60.0 
191.0 81.0 64.0 66.0 
52.0 60.0 56.0 56.0 
55.0 58.0 59.0 60.0 
53.0 59.0 61.0 60.0 
190.0 82.0 65.0 66.0 
55.0 58.0 59.0 59.0 
55.0 59.0 60.0 60.0 
52.0 62.0 57.0 62.0 
185.0 85.0 63.0 67.0 
52.0 59.0 59.0 59.0 
57.0 57.0 61.0 58.0 
55.0 59.0 59.0 63.0 
188.0 81.0 64.0 66.0 
54.0 58.0 59.0 57.0 
53.0 58.0 62.0 58.0 
54.0 59.0 58.0 62.0 
187.0 83.0 61.0 70.0 
55.0 57.0 59.0 57.0 
53.0 60.0 59.0 61.0 
58.0 56.0 62.0 58.0 
190.0 82.0 66.0 65.0 
54.0 57.0 60.0 58.0 
57.0 58.0 61.0 57.0 
51.0 61.0 57.0 63.0 
185.0 86.0 61.0 70.0 
56.0 58.0 60.0 59.0 
52.0 61.0 57.0 62.0 
54.0 60.0 59.0 61.0 
184.0 85.0 60.0 70.0 
56.0 56.0 62.0 57.0 
58.0 57.0 60.0 62.0 
57.0 59.0 59.0 62.0 
187.0 87.0 60.0 69.0 
58.0 57.0 60.0 61.0 
57.0 57.0 61.0 58.0 
52.0 62.0 59.0 61.0 
184.0 85.0 62.0 70.0 
58.0 56.0 61.0 57.0 
56.0 59.0 58.0 62.0 
58.0 57.0 61.0 60.0 
189.0 81.0 65.0 66.0 
54.0 58.0 59.0 59.0 
59.0 56.0 64.0 58.0 
58.0 58.0 62.0 59.0 
184.0 85.0 61.0 67.0 
52.0 61.0 57.0 61.0 
58.0 57.0 62.0 57.0 
55.0 59.0 61.0 60.0 
186.0 84.0 61.0 70.0 
58.0 57.0 59.0 62.0 
55.0 60.0 57.0 61.0 
59.0 57.0 61.0 62.0 
185.0 84.0 62.0 68.0 
52.0 59.0 57.0 62.0 
56.0 56.0 62.0 57.0 
52.0 61.0 58.0 62.0 
186.0 83.0 62.0 67.0 
53.0 59.0 59.0 59.0 
53.0 59.0 60.0 59.0 
55.0 59.0 60.0 62.0 
183.0 85.0 61.0 70.0 
53.0 59.0 57.0 62.0 
57.0 57.0 62.0 57.0 
56.0 58.0 62.0 58.0 
185.0 83.0 62.0 67.0 
53.0 59.0 58.0 57.0 
53.0 61.0 58.0 62.0 
57.0 59.0 60.0 63.0 
181.0 86.0 63.0 68.0 
55.0 61.0 58.0 61.0 
53.0 59.0 59.0 61.0 
57.0 58.0 61.0 59.0 
187.0 85.0 61.0 70.0 
59.0 56.0 61.0 58.0 
58.0 56.0 62.0 57.0 
55.0 59.0 60.0 60.0 
186.0 83.0 64.0 68.0 
55.0 58.0 60.0 57.0 
55.0 58.0 59.0 59.0 
56.0 58.0 61.0 58.0 
186.0 83.0 63.0 68.0 
58.0 55.0 61.0 59.0 
52.0 60.0 59.0 60.0 
53.0 61.0 58.0 63.0 
183.0 87.0 60.0 71.0 
54.0 60.0 58.0 60.0 
56.0 58.0 58.0 61.0 
57.0 59.0 61.0 63.0 
186.0 84.0 63.0 65.0 
54.0 60.0 57.0 63.0 
53.0 60.0 56.0 61.0 
58.0 56.0 61.0 58.0 
187.0 83.0 62.0 68.0 
52.0 60.0 58.0 60.0 
52.0 61.0 59.0 60.0 
57.0 58.0 61.0 60.0 
188.0 83.0 63.0 66.0 
53.0 59.0 58.0 57.0 
55.0 57.0 61.0 57.0 
54.0 60.0 60.0 61.0 
184.0 85.0 62.0 70.0 
54.0 58.0 59.0 60.0 
54.0 59.0 60.0 60.0 
57.0 59.0 60.0 61.0 
184.0 84.0 60.0 68.0 
55.0 61.0 58.0 59.0 
53.0 56.0 61.0 57.0 
53.0 59.0 60.0 58.0 
186.0 82.0 64.0 67.0 
52.0 60.0 58.0 61.0 
54.0 59.0 58.0 61.0 
54.0 61.0 59.0 62.0 
184.0 83.0 63.0 67.0 
56.0 57.0 59.0 59.0 
58.0 56.0 62.0 57.0 
54.0 60.0 59.0 61.0 
186.0 82.0 64.0 66.0 
55.0 58.0 59.0 59.0 
57.0 56.0 61.0 57.0 
55.0 59.0 60.0 61.0 
185.0 84.0 61.0 69.0 
58.0 55.0 61.0 57.0 
56.0 56.0 61.0 58.0 
54.0 56.0 62.0 61.0 
182.0 84.0 63.0 64.0 
52.0 58.0 61.0 58.0 
59.0 58.0 60.0 62.0 
58.0 58.0 61.0 60.0 
184.0 83.0 66.0 66.0 
52.0 58.0 59.0 59.0 
53.0 59.0 59.0 60.0 
57.0 59.0 61.0 60.0 
182.0 84.0 62.0 69.0 
59.0 57.0 60.0 58.0 
54.0 61.0 59.0 62.0 
55.0 59.0 59.0 62.0 
184.0 83.0 62.0 67.0 
52.0 60.0 57.0 61.0 
57.0 57.0 61.0 58.0 
54.0 60.0 58.0 64.0 
186.0 82.0 63.0 66.0 
55.0 55.0 60.0 59.0 
54.0 60.0 57.0 62.0 
55.0 61.0 57.0 62.0 
186.0 82.0 64.0 65.0 
53.0 60.0 57.0 62.0 
56.0 59.0 59.0 60.0 
53.0 60.0 59.0 62.0 
185.0 83.0 63.0 68.0 
57.0 56.0 60.0 58.0 
53.0 59.0 60.0 58.0 
55.0 60.0 60.0 60.0 
182.0 85.0 61.0 71.0 
55.0 59.0 59.0 61.0 
55.0 58.0 60.0 59.0 
52.0 60.0 61.0 61.0 
188.0 81.0 65.0 66.0 
57.0 57.0 61.0 57.0 
55.0 57.0 63.0 57.0 
53.0 61.0 58.0 60.0 
183.0 84.0 65.0 65.0 
52.0 58.0 61.0 62.0 
57.0 56.0 62.0 60.0 
54.0 59.0 61.0 58.0 
181.0 86.0 61.0 71.0 
58.0 56.0 62.0 56.0 
56.0 58.0 62.0 59.0 
51.0 61.0 59.0 63.0 
183.0 85.0 62.0 67.0 
57.0 58.0 59.0 60.0 
57.0 57.0 61.0 59.0 
51.0 63.0 59.0 63.0 
184.0 82.0 62.0 66.0 
55.0 58.0 61.0 59.0 
53.0 59.0 58.0 62.0 
54.0 60.0 59.0 62.0 
184.0 83.0 63.0 67.0 
55.0 58.0 59.0 62.0 
54.0 62.0 59.0 60.0 
55.0 60.0 56.0 62.0 
183.0 84.0 64.0 65.0 
57.0 56.0 60.0 59.0 
53.0 59.0 60.0 59.0 
56.0 60.0 59.0 63.0 
185.0 82.0 64.0 66.0 
55.0 58.0 60.0 59.0 
58.0 56.0 62.0 59.0 
51.0 62.0 58.0 63.0 
188.0 81.0 64.0 65.0 
52.0 60.0 58.0 63.0 
57.0 58.0 62.0 57.0 
55.0 58.0 61.0 59.0 
185.0 82.0 63.0 68.0 
56.0 58.0 59.0 58.0 
52.0 60.0 58.0 63.0 
54.0 59.0 62.0 57.0 
183.0 83.0 64.0 65.0 
55.0 56.0 61.0 59.0 
52.0 59.0 63.0 57.0 
51.0 60.0 60.0 59.0 
183.0 84.0 63.0 66.0 
55.0 57.0 59.0 59.0 
58.0 55.0 62.0 58.0 
55.0 58.0 60.0 61.0 
185.0 83.0 64.0 68.0 
57.0 58.0 59.0 59.0 
58.0 56.0 61.0 57.0 
55.0 59.0 60.0 60.0 
187.0 81.0 65.0 65.0 
55.0 58.0 59.0 59.0 
58.0 56.0 63.0 58.0 
56.0 57.0 62.0 58.0 
182.0 85.0 62.0 67.0 
59.0 55.0 62.0 57.0 
54.0 60.0 58.0 63.0 
58.0 59.0 61.0 63.0 
185.0 84.0 61.0 70.0 
59.0 56.0 60.0 59.0 
57.0 56.0 60.0 58.0 
54.0 61.0 59.0 62.0 
186.0 81.0 65.0 65.0 
54.0 58.0 59.0 59.0 
58.0 56.0 61.0 59.0 
52.0 60.0 61.0 60.0 
183.0 85.0 61.0 69.0 
58.0 55.0 61.0 59.0 
53.0 61.0 59.0 62.0 
54.0 59.0 61.0 60.0 
187.0 82.0 64.0 65.0 
55.0 57.0 60.0 57.0 
58.0 58.0 62.0 58.0 
57.0 58.0 61.0 59.0 
183.0 85.0 61.0 70.0 
58.0 56.0 60.0 59.0 
56.0 59.0 58.0 62.0 
58.0 58.0 60.0 62.0 
186.0 82.0 62.0 66.0 
52.0 59.0 57.0 62.0 
55.0 59.0 59.0 62.0 
58.0 56.0 62.0 59.0 
184.0 84.0 62.0 69.0 
58.0 57.0 59.0 60.0 
57.0 58.0 59.0 62.0 
57.0 56.0 63.0 59.0 
183.0 84.0 62.0 69.0 
54.0 58.0 59.0 59.0 
52.0 61.0 59.0 61.0 
53.0 60.0 59.0 63.0 
186.0 80.0 65.0 65.0 
55.0 58.0 60.0 59.0 
59.0 56.0 62.0 58.0 
52.0 61.0 59.0 61.0 
183.0 83.0 65.0 65.0 
52.0 60.0 58.0 59.0 
53.0 59.0 59.0 60.0 
55.0 58.0 60.0 61.0 
184.0 84.0 62.0 67.0 
56.0 58.0 59.0 61.0 
57.0 58.0 61.0 59.0 
52.0 62.0 59.0 63.0 
187.0 80.0 64.0 67.0 
53.0 58.0 59.0 58.0 
57.0 58.0 61.0 58.0 
52.0 61.0 59.0 62.0 
184.0 82.0 64.0 65.0 
57.0 57.0 60.0 57.0 
53.0 59.0 58.0 62.0 
55.0 60.0 58.0 62.0 
182.0 86.0 61.0 70.0 
57.0 55.0 62.0 57.0 
58.0 56.0 61.0 61.0 
56.0 56.0 62.0 58.0 
184.0 82.0 66.0 65.0 
53.0 58.0 59.0 57.0 
57.0 56.0 62.0 58.0 
52.0 61.0 58.0 61.0 
184.0 82.0 65.0 65.0 
54.0 58.0 60.0 59.0 
56.0 58.0 60.0 60.0 
53.0 60.0 60.0 61.0 
183.0 84.0 63.0 69.0 
59.0 55.0 62.0 56.0 
53.0 60.0 59.0 62.0 
54.0 60.0 61.0 61.0 
182.0 85.0 61.0 70.0 
53.0 59.0 58.0 62.0 
57.0 56.0 63.0 58.0 
54.0 60.0 60.0 62.0 
183.0 85.0 61.0 70.0 
57.0 58.0 57.0 57.0 
53.0 60.0 60.0 58.0 
53.0 63.0 58.0 59.0 
185.0 82.0 62.0 70.0 
58.0 57.0 59.0 62.0 
53.0 60.0 60.0 57.0 
54.0 61.0 57.0 63.0 
185.0 82.0 63.0 67.0 
54.0 59.0 58.0 59.0 
53.0 61.0 59.0 63.0 
55.0 59.0 60.0 60.0 
183.0 83.0 63.0 67.0 
54.0 59.0 58.0 62.0 
54.0 58.0 60.0 58.0 
52.0 62.0 59.0 62.0 
183.0 82.0 63.0 67.0 
58.0 56.0 61.0 57.0 
54.0 59.0 60.0 58.0 
54.0 61.0 59.0 60.0 
185.0 83.0 62.0 69.0 
54.0 60.0 56.0 60.0 
59.0 58.0 60.0 58.0 
53.0 61.0 59.0 62.0 
184.0 82.0 64.0 66.0 
55.0 58.0 58.0 60.0 
58.0 56.0 61.0 58.0 
53.0 60.0 60.0 58.0 
182.0 84.0 61.0 69.0 
58.0 55.0 61.0 57.0 
53.0 59.0 59.0 61.0 
56.0 59.0 61.0 60.0 
182.0 84.0 62.0 68.0 
58.0 55.0 61.0 60.0 
51.0 62.0 58.0 62.0 
56.0 60.0 61.0 60.0 
185.0 80.0 64.0 65.0 
53.0 58.0 59.0 57.0 
54.0 62.0 59.0 60.0 
55.0 61.0 59.0 61.0 
182.0 80.0 65.0 66.0 
52.0 60.0 58.0 60.0 
52.0 61.0 57.0 62.0 
59.0 58.0 60.0 61.0 
183.0 82.0 63.0 67.0 
54.0 60.0 59.0 59.0 
55.0 59.0 61.0 57.0 
52.0 61.0 58.0 62.0 
183.0 82.0 63.0 66.0 
57.0 56.0 62.0 56.0 
54.0 60.0 59.0 64.0 
56.0 60.0 59.0 63.0 
184.0 81.0 65.0 64.0 
53.0 59.0 58.0 61.0 
56.0 58.0 60.0 59.0 
56.0 60.0 58.0 63.0 
184.0 83.0 60.0 68.0 
54.0 61.0 58.0 62.0 
52.0 61.0 59.0 58.0 
52.0 61.0 58.0 62.0 
180.0 85.0 61.0 70.0 
58.0 55.0 62.0 56.0 
54.0 59.0 63.0 57.0 
53.0 60.0 58.0 63.0 
185.0 81.0 63.0 68.0 
55.0 54.0 60.0 62.0 
59.0 56.0 61.0 59.0 
54.0 59.0 60.0 62.0 
184.0 82.0 65.0 67.0 
57.0 56.0 60.0 57.0 
55.0 58.0 61.0 57.0 
53.0 59.0 60.0 60.0 
182.0 83.0 63.0 67.0 
54.0 58.0 59.0 59.0 
54.0 57.0 62.0 58.0 
54.0 59.0 63.0 59.0 
179.0 85.0 63.0 67.0 
56.0 58.0 58.0 61.0 
52.0 61.0 58.0 61.0 
57.0 58.0 63.0 59.0 
186.0 82.0 65.0 66.0 
52.0 58.0 59.0 58.0 
53.0 60.0 60.0 59.0 
56.0 58.0 60.0 60.0 
191.0 81.0 64.0 67.0 
58.0 56.0 61.0 58.0 
52.0 62.0 59.0 63.0 
55.0 58.0 60.0 60.0 
191.0 81.0 64.0 65.0 
55.0 58.0 60.0 58.0 
56.0 57.0 60.0 59.0 
59.0 57.0 62.0 58.0 
191.0 81.0 64.0 68.0 
54.0 56.0 61.0 58.0 
57.0 58.0 59.0 62.0 
55.0 58.0 62.0 56.0 
190.0 82.0 64.0 67.0 
54.0 58.0 61.0 61.0 
57.0 55.0 62.0 58.0 
52.0 61.0 59.0 61.0 
190.0 82.0 65.0 64.0 
53.0 61.0 56.0 61.0 
55.0 59.0 60.0 60.0 
57.0 58.0 61.0 58.0 
186.0 87.0 60.0 70.0 
55.0 57.0 59.0 59.0 
52.0 61.0 57.0 63.0 
54.0 60.0 59.0 60.0 
185.0 86.0 61.0 69.0 
54.0 59.0 58.0 61.0 
54.0 60.0 58.0 64.0 
56.0 56.0 61.0 59.0 
187.0 82.0 65.0 66.0 
54.0 57.0 62.0 55.0 
58.0 56.0 61.0 58.0 
52.0 61.0 59.0 61.0 
187.0 80.0 63.0 67.0 
58.0 57.0 59.0 58.0 
53.0 60.0 60.0 60.0 
58.0 57.0 62.0 59.0 
184.0 86.0 60.0 70.0 
56.0 56.0 62.0 57.0 
54.0 59.0 59.0 60.0 
57.0 57.0 62.0 59.0 
183.0 85.0 62.0 67.0 
52.0 61.0 57.0 61.0 
58.0 56.0 61.0 60.0 
58.0 58.0 61.0 61.0 
187.0 81.0 65.0 65.0 
52.0 61.0 58.0 57.0 
54.0 59.0 63.0 58.0 
54.0 59.0 61.0 57.0 
183.0 84.0 64.0 67.0 
55.0 58.0 58.0 61.0 
52.0 61.0 58.0 61.0 
57.0 56.0 62.0 59.0 
185.0 82.0 62.0 68.0 
58.0 56.0 61.0 59.0 
58.0 56.0 62.0 59.0 
54.0 60.0 60.0 60.0 
177.0 85.0 61.0 70.0 
55.0 58.0 58.0 60.0 
55.0 59.0 60.0 60.0 
53.0 60.0 60.0 61.0 
181.0 84.0 63.0 68.0 
58.0 56.0 60.0 58.0 
53.0 60.0 59.0 62.0 
58.0 57.0 62.0 59.0 
178.0 84.0 61.0 67.0 
55.0 56.0 60.0 60.0 
55.0 56.0 62.0 58.0 
54.0 59.0 63.0 59.0 
177.0 85.0 62.0 69.0 
58.0 55.0 60.0 58.0 
57.0 57.0 60.0 60.0 
52.0 60.0 60.0 59.0 
178.0 82.0 63.0 65.0 
53.0 61.0 58.0 61.0 
52.0 60.0 59.0 61.0 
57.0 58.0 61.0 60.0 
180.0 83.0 62.0 69.0 
57.0 57.0 60.0 58.0 
52.0 62.0 57.0 60.0 
52.0 61.0 58.0 63.0 
178.0 86.0 60.0 69.0 
55.0 58.0 59.0 58.0 
57.0 59.0 60.0 62.0 
58.0 58.0 59.0 63.0 
187.0 84.0 63.0 68.0 
54.0 59.0 61.0 57.0 
56.0 57.0 58.0 62.0 
58.0 59.0 60.0 63.0 
179.0 84.0 62.0 67.0 
55.0 60.0 57.0 61.0 
53.0 61.0 58.0 62.0 
58.0 56.0 63.0 58.0 
177.0 86.0 61.0 69.0 
58.0 56.0 61.0 58.0 
57.0 57.0 63.0 57.0 
57.0 57.0 61.0 59.0 
186.0 84.0 63.0 67.0 
56.0 58.0 60.0 60.0 
58.0 57.0 60.0 59.0 
57.0 57.0 62.0 57.0 
189.0 81.0 64.0 67.0 
54.0 56.0 62.0 58.0 
56.0 58.0 59.0 61.0 
57.0 58.0 60.0 62.0 
188.0 81.0 63.0 67.0 
55.0 55.0 61.0 59.0 
59.0 56.0 61.0 59.0 
54.0 59.0 60.0 59.0 
188.0 82.0 63.0 66.0 
54.0 59.0 59.0 58.0 
51.0 61.0 58.0 63.0 
55.0 59.0 60.0 60.0 
185.0 86.0 61.0 70.0 
57.0 57.0 60.0 59.0 
52.0 61.0 60.0 60.0 
52.0 62.0 59.0 63.0 
181.0 84.0 61.0 69.0 
58.0 54.0 62.0 58.0 
53.0 61.0 59.0 62.0 
58.0 59.0 60.0 62.0 
179.0 81.0 65.0 66.0 
57.0 56.0 59.0 61.0 
54.0 61.0 59.0 61.0 
55.0 60.0 57.0 64.0 
178.0 83.0 62.0 65.0 
55.0 59.0 57.0 62.0 
55.0 59.0 59.0 62.0 
54.0 59.0 59.0 61.0 
181.0 86.0 61.0 69.0 
52.0 60.0 57.0 62.0 
55.0 58.0 62.0 58.0 
56.0 58.0 61.0 60.0 
185.0 83.0 63.0 66.0 
53.0 61.0 58.0 61.0 
57.0 57.0 62.0 56.0 
56.0 58.0 61.0 60.0 
183.0 84.0 62.0 68.0 
58.0 56.0 61.0 58.0 
58.0 58.0 60.0 62.0 
54.0 60.0 58.0 62.0 
184.0 82.0 65.0 65.0 
54.0 60.0 58.0 56.0 
53.0 58.0 59.0 61.0 
55.0 59.0 62.0 58.0 
186.0 83.0 64.0 66.0 
56.0 57.0 60.0 57.0 
55.0 59.0 57.0 62.0 
56.0 57.0 63.0 58.0 
188.0 82.0 64.0 65.0 
55.0 58.0 58.0 60.0 
58.0 56.0 62.0 58.0 
56.0 58.0 61.0 58.0 
188.0 82.0 65.0 65.0 
56.0 56.0 62.0 57.0 
52.0 61.0 59.0 60.0 
52.0 61.0 58.0 62.0 
184.0 84.0 61.0 69.0 
58.0 55.0 59.0 62.0 
51.0 59.0 62.0 58.0 
53.0 58.0 63.0 57.0 
184.0 84.0 60.0 69.0 
52.0 60.0 57.0 60.0 
58.0 56.0 61.0 59.0 
54.0 59.0 62.0 58.0 
184.0 83.0 63.0 67.0 
56.0 59.0 58.0 62.0 
55.0 61.0 57.0 61.0 
57.0 57.0 60.0 60.0 
185.0 82.0 63.0 67.0 
58.0 57.0 60.0 59.0 
54.0 59.0 59.0 59.0 
54.0 58.0 61.0 59.0 
182.0 85.0 61.0 69.0 
56.0 56.0 62.0 59.0 
55.0 61.0 60.0 57.0 
54.0 62.0 59.0 61.0 
186.0 85.0 61.0 67.0 
52.0 58.0 60.0 57.0 
54.0 61.0 60.0 59.0 
53.0 62.0 59.0 60.0 
182.0 84.0 63.0 67.0 
55.0 57.0 59.0 60.0 
57.0 57.0 62.0 59.0 
51.0 63.0 58.0 64.0 
186.0 82.0 63.0 67.0 
56.0 56.0 62.0 57.0 
55.0 57.0 61.0 58.0 
55.0 59.0 60.0 59.0 
186.0 81.0 65.0 65.0 
57.0 55.0 60.0 58.0 
53.0 59.0 60.0 59.0 
53.0 59.0 60.0 61.0 
184.0 82.0 64.0 66.0 
54.0 59.0 59.0 56.0 
51.0 59.0 60.0 57.0 
52.0 59.0 63.0 57.0 
183.0 83.0 64.0 66.0 
55.0 55.0 61.0 59.0 
56.0 59.0 59.0 63.0 
58.0 57.0 61.0 59.0 
182.0 85.0 61.0 69.0 
57.0 56.0 58.0 59.0 
58.0 56.0 63.0 57.0 
53.0 62.0 58.0 63.0 
188.0 81.0 63.0 67.0 
54.0 58.0 59.0 58.0 
53.0 60.0 58.0 62.0 
55.0 58.0 60.0 60.0 
183.0 84.0 60.0 68.0 
53.0 60.0 58.0 62.0 
52.0 62.0 58.0 61.0 
54.0 60.0 60.0 59.0 
182.0 83.0 64.0 64.0 
53.0 57.0 61.0 57.0 
57.0 55.0 61.0 59.0 
54.0 57.0 61.0 58.0 
186.0 81.0 64.0 66.0 
53.0 60.0 59.0 59.0 
54.0 60.0 59.0 61.0 
58.0 57.0 62.0 58.0 
185.0 86.0 62.0 68.0 
56.0 57.0 60.0 59.0 
56.0 56.0 61.0 58.0 
55.0 58.0 60.0 60.0 
189.0 86.0 61.0 68.0 
57.0 56.0 61.0 56.0 
54.0 58.0 60.0 60.0 
51.0 61.0 59.0 64.0 
188.0 84.0 62.0 68.0 
54.0 59.0 58.0 61.0 
51.0 60.0 60.0 59.0 
53.0 62.0 60.0 58.0 
191.0 82.0 62.0 70.0 
56.0 55.0 61.0 58.0 
57.0 56.0 63.0 56.0 
55.0 60.0 58.0 63.0 
190.0 82.0 64.0 65.0 
52.0 60.0 58.0 58.0 
52.0 61.0 58.0 63.0 
58.0 57.0 60.0 59.0 
184.0 85.0 60.0 70.0 
56.0 58.0 59.0 58.0 
57.0 56.0 63.0 58.0 
57.0 59.0 62.0 58.0 
185.0 81.0 64.0 65.0 
53.0 59.0 59.0 60.0 
58.0 55.0 62.0 58.0 
55.0 59.0 60.0 62.0 
181.0 85.0 62.0 67.0 
54.0 59.0 58.0 57.0 
57.0 57.0 61.0 61.0 
58.0 55.0 61.0 60.0 
184.0 83.0 62.0 68.0 
57.0 57.0 60.0 58.0 
55.0 56.0 62.0 58.0 
51.0 61.0 60.0 60.0 
184.0 83.0 62.0 68.0 
55.0 58.0 58.0 62.0 
58.0 56.0 61.0 59.0 
54.0 59.0 61.0 58.0 
185.0 83.0 63.0 66.0 
57.0 57.0 62.0 56.0 
53.0 59.0 59.0 61.0 
58.0 57.0 61.0 59.0 
183.0 84.0 63.0 67.0 
52.0 61.0 57.0 62.0 
56.0 58.0 60.0 60.0 
55.0 58.0 63.0 58.0 
184.0 84.0 61.0 67.0 
56.0 60.0 56.0 56.0 
52.0 59.0 61.0 58.0 
52.0 61.0 58.0 63.0 
188.0 80.0 64.0 65.0 
53.0 58.0 60.0 56.0 
56.0 59.0 60.0 59.0 
54.0 60.0 58.0 60.0 
185.0 83.0 63.0 64.0 
53.0 61.0 57.0 61.0 
53.0 61.0 57.0 63.0 
58.0 57.0 62.0 59.0 
183.0 81.0 64.0 64.0 
54.0 58.0 59.0 59.0 
58.0 57.0 62.0 58.0 
56.0 59.0 61.0 59.0 
187.0 84.0 62.0 68.0 
57.0 56.0 58.0 62.0 
54.0 61.0 60.0 60.0 
51.0 60.0 61.0 60.0 
188.0 84.0 63.0 65.0 
56.0 56.0 62.0 56.0 
53.0 61.0 58.0 63.0 
58.0 58.0 61.0 60.0 
187.0 83.0 62.0 69.0 
55.0 58.0 60.0 58.0 
53.0 60.0 58.0 62.0 
57.0 57.0 62.0 60.0 
184.0 82.0 63.0 65.0 
56.0 58.0 57.0 61.0 
58.0 57.0 61.0 57.0 
54.0 59.0 59.0 60.0 
183.0 85.0 62.0 69.0 
56.0 58.0 59.0 58.0 
53.0 61.0 59.0 62.0 
54.0 60.0 60.0 60.0 
186.0 80.0 64.0 66.0 
56.0 56.0 61.0 59.0 
52.0 61.0 60.0 57.0 
51.0 61.0 60.0 59.0 
183.0 85.0 61.0 69.0 
57.0 55.0 61.0 56.0 
58.0 57.0 61.0 58.0 
53.0 61.0 59.0 61.0 
190.0 83.0 62.0 67.0 
55.0 58.0 59.0 59.0 
53.0 61.0 59.0 62.0 
55.0 59.0 60.0 59.0 
189.0 82.0 63.0 67.0 
57.0 55.0 62.0 58.0 
54.0 59.0 59.0 62.0 
56.0 58.0 60.0 61.0 
192.0 81.0 64.0 65.0 
55.0 58.0 60.0 59.0 
56.0 58.0 58.0 64.0 
58.0 58.0 59.0 62.0 
188.0 83.0 62.0 67.0 
55.0 60.0 58.0 62.0 
54.0 58.0 61.0 62.0 
54.0 60.0 60.0 59.0 
190.0 85.0 62.0 68.0 
56.0 57.0 60.0 59.0 
57.0 58.0 61.0 59.0 
52.0 62.0 60.0 62.0 
189.0 86.0 61.0 69.0 
58.0 56.0 60.0 62.0 
56.0 57.0 61.0 59.0 
57.0 57.0 62.0 57.0 
189.0 85.0 61.0 69.0 
55.0 59.0 59.0 61.0 
52.0 61.0 59.0 63.0 
55.0 58.0 61.0 60.0 
192.0 86.0 60.0 70.0 
58.0 56.0 59.0 61.0 
52.0 60.0 60.0 60.0 
55.0 61.0 59.0 61.0 
193.0 82.0 64.0 65.0 
52.0 60.0 58.0 62.0 
56.0 59.0 60.0 63.0 
58.0 56.0 62.0 58.0 
190.0 84.0 62.0 68.0 
57.0 56.0 60.0 59.0 
57.0 56.0 61.0 58.0 
53.0 59.0 60.0 61.0 
193.0 84.0 62.0 66.0 
58.0 55.0 62.0 58.0 
57.0 56.0 63.0 57.0 
54.0 59.0 62.0 59.0 
190.0 86.0 62.0 67.0 
54.0 60.0 59.0 61.0 
53.0 61.0 58.0 63.0 
58.0 56.0 61.0 60.0 
193.0 83.0 65.0 67.0 
56.0 56.0 61.0 58.0 
57.0 58.0 59.0 64.0 
56.0 57.0 61.0 61.0 
191.0 83.0 63.0 67.0 
56.0 56.0 61.0 62.0 
58.0 57.0 60.0 60.0 
53.0 60.0 60.0 60.0 
191.0 83.0 65.0 64.0 
52.0 61.0 58.0 60.0 
57.0 57.0 62.0 57.0 
51.0 62.0 57.0 63.0 
190.0 84.0 60.0 69.0 
54.0 59.0 58.0 61.0 
55.0 58.0 62.0 57.0 
55.0 58.0 61.0 60.0 
192.0 83.0 62.0 68.0 
56.0 56.0 60.0 59.0 
57.0 59.0 59.0 62.0 
57.0 58.0 59.0 64.0 
188.0 84.0 63.0 66.0 
52.0 61.0 58.0 61.0 
52.0 60.0 59.0 61.0 
58.0 57.0 63.0 59.0 
189.0 85.0 62.0 68.0 
54.0 57.0 60.0 59.0 
56.0 59.0 60.0 60.0 
53.0 59.0 60.0 62.0 
192.0 85.0 62.0 68.0 
55.0 58.0 60.0 59.0 
52.0 61.0 58.0 63.0 
54.0 60.0 60.0 63.0 
189.0 84.0 63.0 66.0 
52.0 60.0 58.0 60.0 
57.0 57.0 62.0 60.0 
56.0 58.0 62.0 59.0 
193.0 83.0 61.0 70.0 
57.0 59.0 56.0 57.0 
53.0 60.0 60.0 61.0 
54.0 61.0 58.0 63.0 
189.0 85.0 62.0 65.0 
53.0 59.0 59.0 60.0 
58.0 58.0 61.0 60.0 
54.0 58.0 61.0 59.0 
193.0 82.0 64.0 66.0 
51.0 60.0 59.0 59.0 
53.0 60.0 59.0 60.0 
55.0 58.0 60.0 60.0 
192.0 85.0 62.0 68.0 
54.0 59.0 58.0 62.0 
54.0 59.0 58.0 60.0 
53.0 61.0 59.0 63.0 
190.0 84.0 62.0 66.0 
53.0 59.0 58.0 61.0 
52.0 61.0 58.0 60.0 
56.0 59.0 58.0 63.0 
189.0 80.0 64.0 68.0 
57.0 56.0 61.0 58.0 
52.0 58.0 60.0 62.0 
58.0 58.0 60.0 60.0 
190.0 82.0 64.0 65.0 
53.0 60.0 60.0 57.0 
54.0 59.0 61.0 57.0 
52.0 61.0 58.0 63.0 
190.0 82.0 62.0 67.0 
52.0 59.0 59.0 60.0 
51.0 61.0 58.0 62.0 
54.0 59.0 59.0 61.0 
190.0 81.0 64.0 65.0 
52.0 61.0 57.0 58.0 
56.0 58.0 61.0 59.0 
51.0 62.0 58.0 62.0 
190.0 81.0 64.0 66.0 
52.0 59.0 59.0 57.0 
55.0 62.0 60.0 60.0 
53.0 62.0 58.0 59.0 
191.0 82.0 65.0 65.0 
51.0 61.0 58.0 60.0 
53.0 59.0 58.0 62.0 
58.0 57.0 61.0 60.0 
193.0 82.0 64.0 66.0 
52.0 61.0 57.0 61.0 
52.0 62.0 59.0 60.0 
56.0 59.0 59.0 64.0 
187.0 85.0 62.0 70.0 
55.0 57.0 59.0 59.0 
53.0 59.0 59.0 61.0 
53.0 61.0 58.0 62.0 
189.0 84.0 61.0 69.0 
55.0 58.0 59.0 59.0 
52.0 61.0 58.0 61.0 
55.0 58.0 62.0 59.0 
192.0 83.0 62.0 69.0 
57.0 59.0 57.0 60.0 
53.0 58.0 61.0 58.0 
54.0 58.0 62.0 58.0 
188.0 86.0 60.0 71.0 
55.0 56.0 61.0 57.0 
57.0 57.0 61.0 60.0 
54.0 59.0 60.0 59.0 
188.0 84.0 62.0 68.0 
56.0 57.0 57.0 57.0 
54.0 59.0 58.0 62.0 
58.0 57.0 63.0 58.0 
188.0 83.0 62.0 67.0 
56.0 57.0 60.0 59.0 
56.0 59.0 60.0 60.0 
58.0 57.0 61.0 58.0 
188.0 84.0 63.0 69.0 
55.0 59.0 59.0 58.0 
54.0 58.0 63.0 57.0 
53.0 59.0 62.0 58.0 
188.0 83.0 65.0 64.0 
51.0 59.0 58.0 57.0 
54.0 59.0 60.0 59.0 
55.0 59.0 59.0 60.0 
191.0 81.0 64.0 66.0 
53.0 60.0 58.0 61.0 
54.0 59.0 58.0 63.0 
54.0 60.0 60.0 60.0 
192.0 82.0 65.0 66.0 
58.0 55.0 61.0 57.0 
52.0 62.0 58.0 63.0 
57.0 57.0 61.0 60.0 
185.0 86.0 61.0 69.0 
54.0 60.0 57.0 61.0 
58.0 56.0 62.0 57.0 
55.0 60.0 60.0 61.0 
189.0 82.0 62.0 69.0 
57.0 56.0 58.0 59.0 
55.0 61.0 58.0 61.0 
56.0 58.0 59.0 61.0 
188.0 85.0 61.0 68.0 
55.0 58.0 57.0 58.0 
54.0 61.0 58.0 63.0 
56.0 56.0 63.0 59.0 
190.0 82.0 62.0 68.0 
53.0 59.0 58.0 60.0 
58.0 57.0 61.0 59.0 
52.0 62.0 58.0 63.0 
186.0 85.0 62.0 68.0 
56.0 56.0 60.0 57.0 
55.0 59.0 60.0 59.0 
57.0 57.0 63.0 58.0 
187.0 86.0 61.0 69.0 
54.0 58.0 60.0 60.0 
52.0 61.0 57.0 62.0 
58.0 58.0 61.0 60.0 
192.0 82.0 63.0 70.0 
58.0 56.0 59.0 59.0 
58.0 57.0 59.0 62.0 
56.0 59.0 60.0 60.0 
192.0 81.0 63.0 66.0 
58.0 56.0 62.0 56.0 
54.0 61.0 58.0 60.0 
53.0 58.0 62.0 57.0 
192.0 82.0 64.0 66.0 
51.0 61.0 57.0 62.0 
56.0 58.0 61.0 59.0 
52.0 60.0 59.0 61.0 
188.0 83.0 63.0 68.0 
57.0 56.0 61.0 57.0 
54.0 59.0 59.0 61.0 
56.0 57.0 62.0 58.0 
190.0 82.0 65.0 65.0 
52.0 60.0 58.0 57.0 
52.0 59.0 63.0 58.0 
54.0 57.0 62.0 60.0 
191.0 80.0 64.0 65.0 
54.0 59.0 60.0 59.0 
52.0 61.0 58.0 61.0 
58.0 57.0 61.0 60.0 
188.0 83.0 62.0 66.0 
57.0 56.0 61.0 58.0 
58.0 56.0 62.0 58.0 
53.0 60.0 60.0 60.0 
189.0 84.0 62.0 68.0 
55.0 59.0 59.0 60.0 
53.0 59.0 60.0 60.0 
53.0 60.0 60.0 60.0 
191.0 83.0 64.0 65.0 
55.0 57.0 60.0 58.0 
55.0 58.0 60.0 60.0 
57.0 58.0 61.0 59.0 
191.0 82.0 63.0 68.0 
55.0 60.0 57.0 61.0 
55.0 59.0 58.0 62.0 
58.0 57.0 62.0 61.0 
193.0 81.0 64.0 66.0 
52.0 60.0 56.0 61.0 
51.0 61.0 58.0 62.0 
58.0 57.0 62.0 59.0 
186.0 85.0 62.0 68.0 
56.0 58.0 59.0 62.0 
55.0 60.0 57.0 62.0 
57.0 56.0 62.0 59.0 
186.0 85.0 61.0 69.0 
55.0 57.0 59.0 56.0 
55.0 58.0 60.0 58.0 
54.0 59.0 61.0 60.0 
191.0 82.0 64.0 67.0 
57.0 57.0 60.0 59.0 
51.0 62.0 59.0 61.0 
55.0 61.0 58.0 61.0 
191.0 82.0 61.0 70.0 
57.0 57.0 59.0 61.0 
53.0 59.0 59.0 61.0 
56.0 59.0 58.0 63.0 
193.0 82.0 62.0 68.0 
55.0 56.0 61.0 57.0 
56.0 56.0 62.0 57.0 
52.0 61.0 59.0 61.0 
189.0 83.0 65.0 65.0 
54.0 60.0 57.0 62.0 
56.0 58.0 60.0 59.0 
54.0 59.0 60.0 61.0 
188.0 86.0 62.0 67.0 
58.0 55.0 61.0 58.0 
57.0 56.0 63.0 57.0 
55.0 58.0 60.0 60.0 
189.0 85.0 62.0 69.0 
55.0 55.0 61.0 58.0 
56.0 58.0 58.0 60.0 
55.0 62.0 58.0 62.0 
187.0 86.0 63.0 67.0 
55.0 61.0 57.0 60.0 
52.0 61.0 59.0 61.0 
57.0 58.0 61.0 60.0 
185.0 86.0 61.0 69.0 
58.0 55.0 61.0 62.0 
59.0 57.0 60.0 60.0 
55.0 58.0 63.0 58.0 
187.0 85.0 61.0 69.0 
58.0 56.0 62.0 57.0 
59.0 56.0 62.0 59.0 
56.0 58.0 61.0 58.0 
189.0 83.0 63.0 68.0 
57.0 56.0 60.0 58.0 
52.0 60.0 59.0 62.0 
58.0 57.0 60.0 61.0 
189.0 86.0 61.0 69.0 
54.0 61.0 57.0 61.0 
53.0 62.0 59.0 60.0 
56.0 58.0 60.0 61.0 
191.0 81.0 65.0 65.0 
51.0 60.0 58.0 59.0 
53.0 60.0 58.0 61.0 
57.0 58.0 61.0 61.0 
190.0 83.0 63.0 67.0 
56.0 58.0 59.0 59.0 
53.0 59.0 60.0 60.0 
55.0 58.0 60.0 59.0 
188.0 84.0 63.0 67.0 
58.0 57.0 60.0 58.0 
55.0 59.0 61.0 59.0 
56.0 57.0 61.0 58.0 
188.0 83.0 62.0 67.0 
57.0 57.0 60.0 58.0 
58.0 57.0 60.0 62.0 
57.0 58.0 60.0 62.0 
186.0 84.0 63.0 67.0 
54.0 61.0 58.0 58.0 
55.0 58.0 59.0 60.0 
54.0 59.0 61.0 60.0 
191.0 82.0 63.0 67.0 
53.0 59.0 59.0 60.0 
54.0 58.0 60.0 60.0 
55.0 59.0 59.0 62.0 
190.0 81.0 66.0 65.0 
55.0 57.0 60.0 58.0 
56.0 57.0 61.0 61.0 
57.0 57.0 61.0 60.0 
190.0 84.0 63.0 67.0 
57.0 58.0 59.0 60.0 
54.0 58.0 61.0 58.0 
53.0 60.0 60.0 61.0 
191.0 82.0 63.0 67.0 
55.0 57.0 61.0 59.0 
55.0 61.0 58.0 61.0 
55.0 60.0 57.0 61.0 
188.0 82.0 62.0 67.0 
58.0 56.0 62.0 57.0 
52.0 61.0 59.0 61.0 
57.0 59.0 60.0 61.0 
187.0 85.0 62.0 67.0 
55.0 58.0 58.0 61.0 
55.0 58.0 58.0 62.0 
58.0 56.0 61.0 58.0 
184.0 85.0 61.0 70.0 
54.0 58.0 58.0 61.0 
55.0 58.0 60.0 59.0 
53.0 60.0 60.0 60.0 
189.0 82.0 64.0 65.0 
54.0 58.0 59.0 60.0 
56.0 56.0 60.0 59.0 
54.0 59.0 62.0 58.0 
187.0 82.0 60.0 69.0 
57.0 57.0 60.0 60.0 
52.0 61.0 60.0 58.0 
52.0 61.0 58.0 63.0 
186.0 84.0 61.0 70.0 
57.0 55.0 60.0 57.0 
57.0 55.0 62.0 57.0 
54.0 61.0 58.0 62.0 
184.0 85.0 60.0 69.0 
58.0 56.0 61.0 57.0 
56.0 56.0 62.0 57.0 
54.0 59.0 60.0 61.0 
185.0 85.0 61.0 70.0 
54.0 60.0 58.0 62.0 
56.0 57.0 62.0 57.0 
56.0 58.0 61.0 58.0 
184.0 86.0 61.0 69.0 
54.0 61.0 57.0 62.0 
56.0 59.0 57.0 61.0 
54.0 62.0 60.0 62.0 
189.0 82.0 63.0 69.0 
57.0 55.0 60.0 59.0 
56.0 57.0 61.0 60.0 
52.0 60.0 60.0 60.0 
186.0 86.0 61.0 70.0 
57.0 56.0 60.0 57.0 
55.0 58.0 61.0 57.0 
53.0 61.0 58.0 63.0 
188.0 81.0 65.0 65.0 
55.0 58.0 59.0 60.0 
57.0 56.0 60.0 60.0 
56.0 58.0 61.0 58.0 
187.0 82.0 64.0 65.0 
54.0 58.0 59.0 57.0 
55.0 58.0 61.0 58.0 
54.0 60.0 57.0 62.0 
184.0 84.0 62.0 64.0 
52.0 59.0 59.0 56.0 
57.0 55.0 61.0 57.0 
54.0 59.0 61.0 60.0 
186.0 85.0 60.0 70.0 
56.0 57.0 60.0 57.0 
52.0 60.0 57.0 62.0 
55.0 60.0 60.0 61.0 
183.0 86.0 60.0 70.0 
55.0 58.0 59.0 59.0 
52.0 61.0 58.0 62.0 
57.0 57.0 62.0 60.0 
184.0 85.0 61.0 69.0 
55.0 57.0 61.0 57.0 
53.0 59.0 60.0 60.0 
52.0 61.0 59.0 62.0 
185.0 86.0 61.0 70.0 
54.0 57.0 61.0 59.0 
53.0 58.0 60.0 57.0 
52.0 61.0 60.0 58.0 
183.0 85.0 63.0 67.0 
55.0 56.0 60.0 60.0 
56.0 58.0 61.0 59.0 
52.0 61.0 58.0 63.0 
189.0 81.0 64.0 66.0 
52.0 61.0 57.0 59.0 
55.0 58.0 60.0 61.0 
56.0 57.0 63.0 57.0 
187.0 83.0 63.0 68.0 
58.0 56.0 61.0 56.0 
58.0 57.0 61.0 59.0 
58.0 56.0 62.0 59.0 
187.0 83.0 63.0 66.0 
55.0 57.0 60.0 58.0 
54.0 58.0 59.0 61.0 
57.0 56.0 62.0 59.0 
186.0 83.0 63.0 65.0 
53.0 60.0 58.0 58.0 
55.0 55.0 60.0 59.0 
55.0 58.0 62.0 57.0 
185.0 83.0 63.0 65.0 
53.0 60.0 57.0 62.0 
54.0 58.0 59.0 62.0 
57.0 56.0 61.0 60.0 
185.0 85.0 61.0 70.0 
54.0 58.0 59.0 59.0 
53.0 58.0 61.0 57.0 
53.0 62.0 57.0 62.0 
188.0 82.0 64.0 67.0 
52.0 61.0 56.0 62.0 
56.0 56.0 62.0 57.0 
55.0 59.0 60.0 60.0 
189.0 82.0 65.0 65.0 
55.0 57.0 59.0 58.0 
58.0 56.0 62.0 58.0 
53.0 62.0 58.0 61.0 
189.0 83.0 63.0 71.0 
57.0 55.0 60.0 60.0 
57.0 59.0 60.0 62.0 
56.0 57.0 63.0 58.0 
187.0 84.0 63.0 67.0 
57.0 58.0 58.0 61.0 
53.0 60.0 60.0 59.0 
55.0 59.0 60.0 61.0 
190.0 81.0 65.0 66.0 
53.0 60.0 58.0 61.0 
52.0 61.0 58.0 62.0 
56.0 57.0 62.0 58.0 
184.0 86.0 61.0 69.0 
54.0 59.0 58.0 62.0 
56.0 57.0 61.0 57.0 
55.0 58.0 61.0 59.0 
190.0 82.0 64.0 67.0 
56.0 57.0 59.0 59.0 
57.0 58.0 60.0 63.0 
57.0 58.0 58.0 62.0 
186.0 82.0 64.0 66.0 
53.0 56.0 60.0 56.0 
54.0 60.0 58.0 61.0 
54.0 59.0 60.0 61.0 
186.0 86.0 61.0 70.0 
59.0 56.0 61.0 57.0 
55.0 58.0 60.0 59.0 
55.0 59.0 60.0 60.0 
186.0 86.0 60.0 70.0 
57.0 56.0 62.0 57.0 
55.0 58.0 60.0 60.0 
58.0 56.0 61.0 60.0 
188.0 83.0 63.0 68.0 
57.0 56.0 59.0 58.0 
54.0 58.0 59.0 60.0 
52.0 61.0 58.0 62.0 
187.0 85.0 61.0 69.0 
54.0 61.0 59.0 61.0 
58.0 57.0 61.0 60.0 
55.0 58.0 62.0 58.0 
189.0 83.0 62.0 70.0 
57.0 56.0 60.0 58.0 
58.0 56.0 61.0 58.0 
52.0 61.0 58.0 63.0 
189.0 81.0 64.0 66.0 
52.0 61.0 57.0 61.0 
53.0 61.0 59.0 63.0 
55.0 59.0 61.0 58.0 
184.0 86.0 60.0 71.0 
55.0 57.0 59.0 59.0 
51.0 60.0 57.0 61.0 
55.0 59.0 61.0 61.0 
188.0 82.0 64.0 64.0 
54.0 59.0 59.0 59.0 
57.0 57.0 61.0 59.0 
54.0 56.0 62.0 59.0 
190.0 80.0 64.0 67.0 
53.0 58.0 59.0 58.0 
51.0 60.0 59.0 60.0 
57.0 58.0 61.0 58.0 
189.0 82.0 65.0 66.0 
53.0 58.0 59.0 58.0 
55.0 58.0 61.0 58.0 
54.0 59.0 59.0 61.0 
185.0 85.0 61.0 70.0 
57.0 56.0 61.0 61.0 
55.0 58.0 61.0 58.0 
56.0 57.0 62.0 58.0 
184.0 85.0 62.0 68.0 
54.0 60.0 57.0 62.0 
51.0 61.0 58.0 60.0 
53.0 61.0 58.0 63.0 
189.0 83.0 63.0 67.0 
54.0 58.0 59.0 57.0 
59.0 57.0 60.0 61.0 
58.0 58.0 60.0 62.0 
188.0 86.0 61.0 70.0 
56.0 57.0 59.0 60.0 
56.0 57.0 61.0 59.0 
53.0 60.0 60.0 60.0 
187.0 85.0 62.0 70.0 
54.0 58.0 58.0 60.0 
53.0 61.0 59.0 60.0 
56.0 58.0 61.0 61.0 
188.0 85.0 63.0 68.0 
56.0 58.0 61.0 61.0 
57.0 58.0 62.0 60.0 
58.0 56.0 63.0 60.0 
190.0 81.0 66.0 67.0 
56.0 58.0 60.0 58.0 
55.0 57.0 62.0 57.0 
55.0 59.0 59.0 63.0 
185.0 86.0 62.0 68.0 
51.0 59.0 60.0 57.0 
57.0 56.0 60.0 60.0 
57.0 58.0 62.0 58.0 
188.0 83.0 63.0 67.0 
53.0 58.0 59.0 58.0 
54.0 58.0 63.0 56.0 
52.0 61.0 59.0 62.0 
188.0 84.0 62.0 68.0 
55.0 57.0 61.0 57.0 
56.0 59.0 59.0 60.0 
54.0 59.0 61.0 60.0 
188.0 82.0 63.0 65.0 
55.0 58.0 60.0 58.0 
54.0 58.0 61.0 62.0 
57.0 59.0 59.0 61.0 
186.0 85.0 62.0 68.0 
59.0 56.0 62.0 57.0 
55.0 55.0 62.0 59.0 
53.0 58.0 62.0 60.0 
189.0 84.0 62.0 71.0 
54.0 57.0 60.0 58.0 
53.0 57.0 61.0 57.0 
55.0 58.0 60.0 60.0 
190.0 81.0 65.0 66.0 
58.0 55.0 61.0 58.0 
52.0 61.0 58.0 62.0 
58.0 57.0 60.0 61.0 
189.0 84.0 62.0 69.0 
55.0 57.0 59.0 59.0 
53.0 58.0 60.0 61.0 
58.0 56.0 62.0 61.0 
189.0 82.0 64.0 65.0 
56.0 56.0 61.0 57.0 
53.0 61.0 58.0 63.0 
55.0 61.0 59.0 62.0 
190.0 82.0 63.0 68.0 
57.0 55.0 60.0 58.0 
55.0 61.0 59.0 61.0 
56.0 58.0 60.0 62.0 
186.0 85.0 60.0 69.0 
57.0 57.0 60.0 59.0 
52.0 60.0 61.0 59.0 
54.0 60.0 59.0 63.0 
189.0 82.0 63.0 65.0 
52.0 60.0 58.0 62.0 
52.0 61.0 58.0 62.0 
55.0 57.0 61.0 58.0 
186.0 84.0 62.0 67.0 
58.0 57.0 60.0 57.0 
54.0 58.0 59.0 61.0 
58.0 57.0 61.0 60.0 
188.0 85.0 61.0 71.0 
55.0 57.0 59.0 60.0 
51.0 60.0 57.0 63.0 
57.0 57.0 61.0 59.0 
189.0 85.0 60.0 70.0 
52.0 59.0 58.0 58.0 
54.0 61.0 58.0 62.0 
57.0 55.0 63.0 58.0 
187.0 85.0 62.0 68.0 
56.0 57.0 59.0 60.0 
58.0 56.0 62.0 57.0 
54.0 62.0 58.0 62.0 
186.0 87.0 61.0 70.0 
55.0 57.0 60.0 59.0 
52.0 61.0 57.0 62.0 
55.0 59.0 60.0 61.0 
189.0 83.0 62.0 67.0 
57.0 55.0 61.0 63.0 
55.0 58.0 59.0 61.0 
58.0 57.0 62.0 59.0 
190.0 83.0 63.0 67.0 
52.0 59.0 58.0 59.0 
57.0 61.0 59.0 62.0 
57.0 60.0 57.0 63.0 
187.0 83.0 61.0 71.0 
57.0 56.0 61.0 56.0 
55.0 58.0 60.0 59.0 
56.0 59.0 58.0 63.0 
192.0 81.0 65.0 65.0 
54.0 59.0 58.0 60.0 
57.0 56.0 63.0 57.0 
53.0 62.0 58.0 63.0 
188.0 85.0 62.0 68.0 
58.0 55.0 62.0 56.0 
53.0 61.0 58.0 63.0 
54.0 60.0 59.0 63.0 
189.0 84.0 63.0 68.0 
53.0 60.0 57.0 61.0 
54.0 58.0 60.0 59.0 
55.0 58.0 60.0 62.0 
189.0 84.0 64.0 66.0 
54.0 55.0 60.0 60.0 
54.0 60.0 59.0 60.0 
56.0 59.0 60.0 62.0 
188.0 83.0 65.0 65.0 
54.0 58.0 59.0 61.0 
54.0 61.0 59.0 61.0 
57.0 58.0 61.0 60.0 
191.0 83.0 63.0 68.0 
56.0 55.0 62.0 62.0 
58.0 57.0 60.0 60.0 
54.0 59.0 61.0 60.0 
190.0 83.0 65.0 65.0 
54.0 57.0 59.0 59.0 
54.0 59.0 60.0 59.0 
52.0 60.0 59.0 60.0 
191.0 81.0 64.0 65.0 
56.0 57.0 59.0 59.0 
56.0 57.0 60.0 61.0 
57.0 57.0 61.0 62.0 
189.0 82.0 65.0 67.0 
54.0 56.0 61.0 57.0 
55.0 57.0 62.0 58.0 
53.0 61.0 58.0 61.0 
189.0 82.0 63.0 67.0 
53.0 59.0 59.0 59.0 
52.0 61.0 58.0 62.0 
57.0 57.0 63.0 58.0 
189.0 81.0 65.0 67.0 
58.0 57.0 60.0 58.0 
52.0 59.0 59.0 61.0 
58.0 57.0 62.0 59.0 
187.0 85.0 62.0 66.0 
54.0 58.0 61.0 57.0 
52.0 61.0 59.0 59.0 
53.0 60.0 61.0 59.0 
186.0 87.0 60.0 70.0 
58.0 56.0 59.0 59.0 
54.0 61.0 58.0 59.0 
54.0 61.0 59.0 62.0 
190.0 83.0 62.0 69.0 
58.0 57.0 59.0 59.0 
55.0 59.0 58.0 63.0 
58.0 56.0 62.0 59.0 
185.0 85.0 63.0 67.0 
55.0 58.0 58.0 61.0 
52.0 61.0 58.0 61.0 
58.0 57.0 63.0 58.0 
189.0 83.0 63.0 68.0 
52.0 59.0 59.0 60.0 
54.0 59.0 60.0 59.0 
51.0 62.0 58.0 63.0 
185.0 86.0 60.0 71.0 
53.0 60.0 58.0 61.0 
55.0 59.0 59.0 60.0 
53.0 60.0 60.0 59.0 
185.0 83.0 64.0 67.0 
53.0 56.0 60.0 57.0 
58.0 55.0 62.0 57.0 
53.0 59.0 59.0 61.0 
186.0 84.0 63.0 64.0 
55.0 58.0 62.0 56.0 
54.0 61.0 58.0 63.0 
55.0 58.0 62.0 59.0 
185.0 84.0 62.0 68.0 
56.0 56.0 60.0 59.0 
57.0 57.0 62.0 58.0 
52.0 62.0 58.0 63.0 
187.0 83.0 63.0 68.0 
58.0 55.0 62.0 57.0 
51.0 61.0 58.0 60.0 
52.0 61.0 57.0 62.0 
187.0 83.0 63.0 67.0 
57.0 57.0 60.0 61.0 
58.0 57.0 59.0 61.0 
57.0 59.0 59.0 63.0 
188.0 83.0 63.0 68.0 
54.0 58.0 61.0 58.0 
57.0 57.0 61.0 58.0 
52.0 61.0 58.0 62.0 
189.0 81.0 65.0 65.0 
52.0 61.0 58.0 61.0 
55.0 59.0 59.0 62.0 
57.0 57.0 62.0 60.0 
185.0 86.0 61.0 70.0 
58.0 56.0 61.0 58.0 
53.0 59.0 58.0 60.0 
55.0 59.0 60.0 60.0 
187.0 83.0 63.0 67.0 
57.0 57.0 61.0 57.0 
55.0 57.0 59.0 60.0 
55.0 59.0 60.0 62.0 
188.0 83.0 62.0 70.0 
52.0 60.0 59.0 56.0 
52.0 59.0 63.0 58.0 
51.0 58.0 61.0 59.0 
187.0 86.0 61.0 70.0 
57.0 56.0 61.0 59.0 
58.0 56.0 62.0 57.0 
52.0 61.0 58.0 63.0 
187.0 86.0 60.0 69.0 
54.0 57.0 62.0 56.0 
55.0 57.0 62.0 58.0 
52.0 62.0 57.0 62.0 
187.0 86.0 60.0 70.0 
53.0 58.0 58.0 56.0 
54.0 58.0 60.0 59.0 
52.0 61.0 59.0 62.0 
185.0 84.0 62.0 68.0 
54.0 59.0 58.0 61.0 
55.0 58.0 60.0 57.0 
53.0 61.0 59.0 60.0 
188.0 83.0 59.0 69.0 
56.0 58.0 57.0 62.0 
52.0 60.0 60.0 58.0 
55.0 60.0 58.0 63.0 
185.0 84.0 62.0 67.0 
53.0 61.0 58.0 60.0 
52.0 60.0 58.0 61.0 
56.0 57.0 60.0 59.0 
187.0 81.0 65.0 66.0 
53.0 58.0 59.0 58.0 
53.0 58.0 60.0 60.0 
55.0 59.0 59.0 61.0 
187.0 84.0 62.0 69.0 
54.0 58.0 59.0 59.0 
52.0 61.0 57.0 62.0 
54.0 60.0 59.0 62.0 
190.0 81.0 64.0 66.0 
52.0 61.0 58.0 59.0 
53.0 57.0 62.0 59.0 
55.0 55.0 62.0 60.0 
187.0 82.0 64.0 66.0 
55.0 58.0 60.0 57.0 
55.0 57.0 62.0 57.0 
52.0 61.0 58.0 63.0 
184.0 85.0 61.0 68.0 
56.0 57.0 60.0 60.0 
58.0 56.0 61.0 58.0 
52.0 60.0 61.0 60.0 
188.0 83.0 65.0 65.0 
52.0 61.0 57.0 61.0 
53.0 60.0 59.0 61.0 
57.0 56.0 63.0 58.0 
190.0 81.0 64.0 65.0 
56.0 57.0 61.0 56.0 
54.0 59.0 59.0 61.0 
58.0 56.0 62.0 59.0 
188.0 85.0 60.0 70.0 
56.0 60.0 57.0 60.0 
53.0 58.0 64.0 56.0 
53.0 62.0 59.0 62.0 
189.0 82.0 63.0 68.0 
55.0 59.0 58.0 60.0 
53.0 59.0 60.0 58.0 
54.0 60.0 58.0 63.0 
186.0 85.0 62.0 69.0 
51.0 60.0 58.0 61.0 
58.0 55.0 61.0 58.0 
52.0 61.0 58.0 63.0 
186.0 85.0 61.0 69.0 
55.0 58.0 59.0 60.0 
52.0 60.0 59.0 60.0 
52.0 62.0 58.0 63.0 
188.0 83.0 63.0 67.0 
52.0 60.0 57.0 62.0 
53.0 61.0 59.0 61.0 
55.0 60.0 58.0 62.0 
186.0 85.0 64.0 66.0 
52.0 59.0 59.0 58.0 
54.0 58.0 60.0 58.0 
54.0 61.0 58.0 63.0 
190.0 82.0 63.0 68.0 
55.0 59.0 59.0 59.0 
58.0 57.0 63.0 57.0 
53.0 61.0 57.0 62.0 
186.0 84.0 62.0 67.0 
55.0 57.0 60.0 58.0 
53.0 61.0 57.0 62.0 
54.0 60.0 59.0 63.0 
187.0 84.0 62.0 69.0 
57.0 56.0 60.0 60.0 
52.0 60.0 59.0 60.0 
52.0 60.0 59.0 62.0 
190.0 82.0 62.0 67.0 
54.0 57.0 62.0 57.0 
58.0 58.0 60.0 62.0 
58.0 59.0 60.0 63.0 
189.0 82.0 61.0 67.0 
58.0 56.0 61.0 57.0 
53.0 60.0 58.0 62.0 
57.0 59.0 61.0 61.0 
186.0 86.0 61.0 70.0 
58.0 56.0 60.0 58.0 
57.0 57.0 60.0 60.0 
54.0 59.0 60.0 60.0 
186.0 86.0 61.0 70.0 
58.0 56.0 62.0 59.0 
52.0 62.0 58.0 60.0 
52.0 61.0 58.0 63.0 
188.0 84.0 61.0 70.0 
55.0 57.0 59.0 58.0 
52.0 60.0 59.0 61.0 
55.0 57.0 62.0 58.0 
188.0 81.0 63.0 68.0 
58.0 57.0 59.0 63.0 
57.0 57.0 61.0 60.0 
56.0 58.0 62.0 59.0 
187.0 84.0 62.0 67.0 
55.0 60.0 57.0 61.0 
52.0 61.0 58.0 60.0 
58.0 58.0 62.0 59.0 
189.0 82.0 62.0 67.0 
55.0 57.0 61.0 56.0 
55.0 58.0 60.0 58.0 
54.0 59.0 59.0 60.0 
187.0 86.0 61.0 70.0 
55.0 57.0 59.0 61.0 
55.0 58.0 60.0 58.0 
53.0 61.0 60.0 59.0 
188.0 83.0 62.0 66.0 
58.0 56.0 61.0 58.0 
52.0 59.0 63.0 57.0 
53.0 59.0 61.0 59.0 
185.0 84.0 62.0 66.0 
54.0 61.0 58.0 60.0 
52.0 60.0 59.0 59.0 
56.0 59.0 61.0 60.0 
187.0 83.0 63.0 68.0 
54.0 58.0 59.0 59.0 
51.0 61.0 57.0 63.0 
56.0 57.0 62.0 57.0 
189.0 83.0 63.0 67.0 
52.0 60.0 58.0 57.0 
55.0 58.0 59.0 59.0 
52.0 61.0 57.0 62.0 
188.0 83.0 62.0 68.0 
57.0 57.0 60.0 60.0 
55.0 60.0 60.0 61.0 
58.0 57.0 63.0 57.0 
187.0 83.0 65.0 64.0 
52.0 59.0 60.0 57.0 
56.0 57.0 59.0 62.0 
57.0 55.0 60.0 59.0 
189.0 82.0 64.0 67.0 
52.0 59.0 59.0 59.0 
52.0 61.0 58.0 61.0 
58.0 56.0 63.0 58.0 
185.0 85.0 61.0 70.0 
55.0 56.0 61.0 57.0 
53.0 58.0 59.0 60.0 
57.0 58.0 62.0 58.0 
187.0 84.0 61.0 70.0 
56.0 57.0 61.0 57.0 
54.0 59.0 60.0 61.0 
53.0 61.0 60.0 63.0 
188.0 82.0 62.0 68.0 
58.0 55.0 61.0 56.0 
54.0 58.0 60.0 57.0 
53.0 61.0 58.0 60.0 
187.0 86.0 60.0 68.0 
56.0 58.0 58.0 62.0 
56.0 60.0 58.0 64.0 
57.0 58.0 63.0 58.0 
188.0 83.0 63.0 68.0 
53.0 58.0 59.0 58.0 
52.0 60.0 58.0 61.0 
57.0 57.0 61.0 59.0 
185.0 84.0 61.0 69.0 
58.0 55.0 61.0 57.0 
57.0 56.0 62.0 57.0 
55.0 59.0 60.0 60.0 
186.0 83.0 63.0 67.0 
52.0 60.0 58.0 62.0 
56.0 57.0 61.0 58.0 
53.0 60.0 59.0 60.0 
186.0 84.0 63.0 68.0 
56.0 57.0 59.0 62.0 
52.0 60.0 59.0 59.0 
51.0 61.0 59.0 60.0 
187.0 86.0 60.0 70.0 
58.0 56.0 61.0 58.0 
57.0 56.0 60.0 57.0 
54.0 60.0 59.0 63.0 
184.0 85.0 60.0 70.0 
55.0 58.0 59.0 60.0 
56.0 55.0 62.0 58.0 
52.0 59.0 63.0 57.0 
189.0 82.0 64.0 66.0 
51.0 61.0 57.0 62.0 
56.0 57.0 62.0 58.0 
55.0 59.0 60.0 60.0 
184.0 86.0 61.0 67.0 
53.0 59.0 59.0 62.0 
56.0 58.0 60.0 59.0 
53.0 60.0 61.0 60.0 
187.0 82.0 64.0 66.0 
54.0 57.0 61.0 62.0 
59.0 56.0 60.0 60.0 
55.0 58.0 61.0 59.0 
187.0 83.0 64.0 65.0 
54.0 59.0 57.0 61.0 
54.0 58.0 62.0 57.0 
53.0 61.0 57.0 62.0 
188.0 81.0 63.0 68.0 
54.0 58.0 59.0 56.0 
55.0 58.0 62.0 56.0 
53.0 62.0 57.0 64.0 
184.0 85.0 61.0 70.0 
55.0 58.0 59.0 59.0 
52.0 60.0 60.0 59.0 
51.0 62.0 58.0 63.0 
183.0 86.0 61.0 70.0 
54.0 58.0 59.0 59.0 
53.0 59.0 61.0 58.0 
52.0 60.0 61.0 58.0 
187.0 86.0 61.0 69.0 
54.0 57.0 60.0 58.0 
52.0 60.0 59.0 58.0 
56.0 59.0 59.0 62.0 
187.0 83.0 62.0 70.0 
57.0 56.0 61.0 57.0 
57.0 57.0 62.0 58.0 
52.0 61.0 58.0 62.0 
188.0 82.0 63.0 68.0 
55.0 55.0 61.0 56.0 
55.0 56.0 63.0 57.0 
54.0 59.0 60.0 60.0 
185.0 85.0 61.0 70.0 
55.0 58.0 59.0 57.0 
54.0 59.0 59.0 59.0 
51.0 61.0 59.0 62.0 
184.0 83.0 62.0 66.0 
53.0 59.0 59.0 58.0 
56.0 60.0 57.0 62.0 
57.0 57.0 60.0 60.0 
185.0 84.0 62.0 67.0 
