187.0 89.0 62.0 71.0 
58.0 56.0 57.0 61.0 
52.0 59.0 56.0 60.0 
59.0 54.0 60.0 56.0 
184.0 90.0 66.0 65.0 
51.0 60.0 56.0 59.0 
50.0 60.0 56.0 59.0 
56.0 57.0 56.0 61.0 
170.0 89.0 62.0 68.0 
58.0 53.0 60.0 58.0 
57.0 53.0 61.0 57.0 
52.0 61.0 57.0 61.0 
169.0 89.0 62.0 68.0 
57.0 55.0 59.0 57.0 
50.0 60.0 57.0 60.0 
55.0 57.0 57.0 59.0 
168.0 91.0 59.0 69.0 
52.0 58.0 57.0 59.0 
54.0 60.0 56.0 62.0 
56.0 56.0 59.0 61.0 
176.0 87.0 62.0 70.0 
57.0 53.0 60.0 55.0 
55.0 54.0 61.0 56.0 
54.0 57.0 58.0 58.0 
171.0 89.0 60.0 70.0 
54.0 56.0 58.0 58.0 
51.0 61.0 56.0 61.0 
56.0 58.0 57.0 62.0 
175.0 86.0 64.0 66.0 
52.0 59.0 56.0 60.0 
51.0 58.0 57.0 60.0 
53.0 60.0 58.0 60.0 
176.0 84.0 65.0 67.0 
57.0 52.0 59.0 55.0 
52.0 60.0 55.0 61.0 
54.0 59.0 61.0 56.0 
173.0 86.0 64.0 65.0 
51.0 60.0 56.0 59.0 
51.0 57.0 60.0 56.0 
51.0 57.0 61.0 55.0 
168.0 90.0 61.0 69.0 
56.0 53.0 59.0 57.0 
54.0 58.0 57.0 58.0 
56.0 55.0 62.0 55.0 
176.0 84.0 66.0 66.0 
51.0 60.0 56.0 62.0 
56.0 57.0 57.0 61.0 
57.0 54.0 62.0 56.0 
170.0 90.0 61.0 69.0 
58.0 53.0 60.0 57.0 
51.0 61.0 55.0 61.0 
54.0 59.0 58.0 60.0 
173.0 86.0 64.0 65.0 
52.0 57.0 57.0 60.0 
57.0 55.0 61.0 57.0 
50.0 61.0 58.0 58.0 
170.0 89.0 63.0 64.0 
51.0 56.0 60.0 56.0 
54.0 61.0 58.0 58.0 
54.0 54.0 61.0 58.0 
175.0 85.0 64.0 64.0 
52.0 59.0 56.0 59.0 
52.0 58.0 59.0 58.0 
55.0 58.0 58.0 62.0 
173.0 88.0 64.0 65.0 
51.0 59.0 58.0 57.0 
54.0 57.0 61.0 55.0 
51.0 60.0 57.0 60.0 
172.0 89.0 60.0 70.0 
55.0 56.0 58.0 59.0 
51.0 58.0 58.0 59.0 
51.0 62.0 56.0 62.0 
169.0 91.0 60.0 70.0 
55.0 54.0 60.0 54.0 
54.0 58.0 55.0 60.0 
57.0 58.0 57.0 61.0 
174.0 86.0 64.0 67.0 
54.0 54.0 61.0 55.0 
57.0 57.0 58.0 60.0 
55.0 56.0 61.0 57.0 
176.0 87.0 62.0 70.0 
57.0 54.0 60.0 56.0 
58.0 53.0 61.0 55.0 
52.0 61.0 57.0 62.0 
173.0 89.0 61.0 70.0 
57.0 54.0 61.0 55.0 
55.0 57.0 59.0 58.0 
58.0 55.0 60.0 57.0 
173.0 90.0 61.0 70.0 
57.0 54.0 60.0 55.0 
55.0 55.0 60.0 57.0 
56.0 59.0 59.0 60.0 
173.0 90.0 60.0 69.0 
58.0 60.0 57.0 58.0 
50.0 58.0 58.0 57.0 
54.0 60.0 58.0 60.0 
175.0 88.0 62.0 71.0 
59.0 54.0 59.0 58.0 
56.0 56.0 59.0 59.0 
55.0 58.0 59.0 58.0 
174.0 87.0 65.0 66.0 
55.0 57.0 57.0 58.0 
58.0 57.0 59.0 59.0 
52.0 58.0 60.0 60.0 
174.0 88.0 63.0 67.0 
56.0 55.0 59.0 56.0 
57.0 56.0 61.0 55.0 
54.0 57.0 58.0 58.0 
175.0 85.0 64.0 64.0 
58.0 54.0 60.0 55.0 
50.0 60.0 57.0 60.0 
55.0 56.0 60.0 56.0 
171.0 89.0 63.0 64.0 
50.0 59.0 58.0 57.0 
53.0 59.0 58.0 57.0 
55.0 59.0 59.0 60.0 
177.0 85.0 64.0 67.0 
52.0 56.0 58.0 56.0 
53.0 57.0 58.0 57.0 
56.0 56.0 60.0 59.0 
174.0 85.0 64.0 66.0 
58.0 53.0 61.0 54.0 
54.0 59.0 57.0 62.0 
57.0 58.0 60.0 58.0 
174.0 88.0 63.0 67.0 
58.0 60.0 55.0 61.0 
54.0 58.0 59.0 60.0 
58.0 55.0 62.0 57.0 
175.0 87.0 64.0 67.0 
51.0 59.0 57.0 58.0 
52.0 58.0 60.0 56.0 
52.0 57.0 62.0 55.0 
177.0 87.0 62.0 70.0 
58.0 54.0 58.0 58.0 
56.0 56.0 58.0 62.0 
55.0 57.0 60.0 57.0 
174.0 88.0 60.0 70.0 
59.0 53.0 59.0 57.0 
52.0 61.0 57.0 62.0 
60.0 55.0 61.0 59.0 
176.0 85.0 65.0 64.0 
51.0 60.0 55.0 61.0 
56.0 57.0 58.0 58.0 
51.0 61.0 56.0 61.0 
175.0 85.0 63.0 67.0 
53.0 59.0 57.0 58.0 
59.0 54.0 62.0 55.0 
54.0 61.0 56.0 61.0 
176.0 85.0 64.0 67.0 
55.0 55.0 60.0 58.0 
55.0 56.0 57.0 55.0 
52.0 62.0 56.0 59.0 
172.0 88.0 65.0 64.0 
55.0 55.0 61.0 56.0 
50.0 60.0 57.0 60.0 
54.0 60.0 58.0 60.0 
173.0 85.0 65.0 64.0 
54.0 60.0 56.0 61.0 
55.0 57.0 59.0 59.0 
53.0 59.0 58.0 59.0 
171.0 90.0 61.0 70.0 
53.0 58.0 61.0 55.0 
56.0 56.0 59.0 57.0 
53.0 59.0 58.0 58.0 
172.0 90.0 61.0 71.0 
55.0 56.0 58.0 56.0 
52.0 57.0 59.0 58.0 
54.0 61.0 57.0 60.0 
173.0 85.0 65.0 67.0 
55.0 55.0 60.0 55.0 
51.0 62.0 58.0 59.0 
54.0 59.0 58.0 62.0 
169.0 91.0 61.0 69.0 
57.0 57.0 56.0 61.0 
55.0 58.0 58.0 59.0 
55.0 58.0 58.0 59.0 
175.0 84.0 66.0 65.0 
51.0 58.0 59.0 58.0 
53.0 58.0 58.0 58.0 
56.0 58.0 59.0 60.0 
174.0 87.0 65.0 66.0 
52.0 58.0 57.0 58.0 
59.0 56.0 59.0 58.0 
58.0 54.0 62.0 54.0 
173.0 87.0 63.0 65.0 
53.0 57.0 60.0 55.0 
51.0 58.0 60.0 56.0 
56.0 55.0 61.0 57.0 
169.0 87.0 63.0 65.0 
52.0 59.0 57.0 60.0 
51.0 60.0 57.0 59.0 
58.0 56.0 61.0 58.0 
175.0 85.0 64.0 67.0 
52.0 59.0 57.0 59.0 
51.0 58.0 57.0 61.0 
58.0 55.0 61.0 56.0 
175.0 85.0 65.0 66.0 
52.0 61.0 56.0 60.0 
58.0 55.0 61.0 56.0 
54.0 57.0 59.0 60.0 
168.0 90.0 60.0 70.0 
54.0 59.0 57.0 61.0 
53.0 59.0 57.0 60.0 
58.0 56.0 61.0 58.0 
176.0 90.0 62.0 67.0 
53.0 59.0 57.0 59.0 
54.0 54.0 62.0 56.0 
53.0 58.0 59.0 59.0 
176.0 85.0 64.0 67.0 
54.0 58.0 58.0 59.0 
52.0 58.0 59.0 56.0 
55.0 60.0 56.0 62.0 
175.0 85.0 66.0 65.0 
51.0 60.0 55.0 61.0 
54.0 57.0 59.0 58.0 
53.0 61.0 57.0 63.0 
174.0 89.0 63.0 67.0 
52.0 60.0 55.0 61.0 
54.0 57.0 59.0 58.0 
58.0 56.0 60.0 56.0 
172.0 88.0 63.0 68.0 
59.0 55.0 60.0 56.0 
55.0 56.0 62.0 57.0 
53.0 57.0 61.0 60.0 
177.0 86.0 62.0 70.0 
58.0 54.0 61.0 56.0 
57.0 55.0 59.0 57.0 
51.0 62.0 56.0 62.0 
170.0 91.0 61.0 68.0 
55.0 57.0 57.0 57.0 
55.0 58.0 57.0 60.0 
56.0 58.0 59.0 60.0 
176.0 87.0 64.0 67.0 
51.0 60.0 57.0 60.0 
51.0 61.0 57.0 61.0 
54.0 59.0 57.0 61.0 
172.0 90.0 61.0 69.0 
57.0 56.0 58.0 57.0 
51.0 60.0 57.0 61.0 
55.0 59.0 59.0 60.0 
174.0 87.0 64.0 66.0 
54.0 60.0 57.0 59.0 
53.0 55.0 62.0 58.0 
56.0 55.0 61.0 58.0 
175.0 88.0 62.0 68.0 
54.0 58.0 58.0 59.0 
52.0 59.0 57.0 59.0 
57.0 58.0 59.0 60.0 
173.0 88.0 62.0 67.0 
59.0 55.0 59.0 59.0 
53.0 58.0 60.0 56.0 
52.0 62.0 57.0 61.0 
173.0 88.0 62.0 70.0 
56.0 56.0 59.0 59.0 
54.0 57.0 59.0 59.0 
53.0 60.0 57.0 62.0 
173.0 88.0 62.0 68.0 
58.0 56.0 59.0 58.0 
51.0 60.0 56.0 62.0 
59.0 55.0 59.0 59.0 
178.0 86.0 63.0 71.0 
58.0 57.0 57.0 58.0 
53.0 59.0 58.0 60.0 
53.0 60.0 57.0 62.0 
172.0 89.0 61.0 69.0 
56.0 57.0 59.0 61.0 
56.0 58.0 58.0 61.0 
56.0 55.0 62.0 57.0 
173.0 87.0 63.0 65.0 
55.0 58.0 56.0 61.0 
52.0 61.0 58.0 60.0 
59.0 55.0 61.0 57.0 
173.0 90.0 61.0 70.0 
54.0 58.0 58.0 60.0 
55.0 58.0 60.0 57.0 
53.0 59.0 57.0 58.0 
174.0 88.0 62.0 69.0 
55.0 56.0 58.0 58.0 
51.0 60.0 59.0 59.0 
56.0 61.0 57.0 60.0 
170.0 90.0 65.0 64.0 
60.0 55.0 57.0 60.0 
58.0 55.0 59.0 59.0 
56.0 55.0 61.0 57.0 
172.0 90.0 61.0 69.0 
58.0 55.0 59.0 57.0 
55.0 56.0 63.0 57.0 
51.0 60.0 57.0 61.0 
176.0 87.0 62.0 68.0 
55.0 56.0 58.0 58.0 
52.0 61.0 57.0 61.0 
60.0 55.0 60.0 59.0 
175.0 86.0 64.0 66.0 
55.0 57.0 59.0 61.0 
55.0 58.0 59.0 60.0 
59.0 54.0 62.0 56.0 
173.0 86.0 66.0 65.0 
54.0 57.0 61.0 55.0 
53.0 63.0 57.0 60.0 
57.0 55.0 59.0 59.0 
174.0 84.0 66.0 66.0 
52.0 59.0 56.0 59.0 
51.0 61.0 58.0 60.0 
58.0 56.0 60.0 58.0 
172.0 88.0 61.0 71.0 
55.0 56.0 59.0 58.0 
52.0 59.0 58.0 60.0 
59.0 55.0 61.0 56.0 
171.0 90.0 61.0 71.0 
56.0 57.0 57.0 59.0 
55.0 58.0 58.0 60.0 
53.0 60.0 57.0 62.0 
169.0 91.0 61.0 71.0 
56.0 55.0 60.0 56.0 
51.0 61.0 57.0 59.0 
59.0 57.0 59.0 63.0 
173.0 85.0 65.0 68.0 
52.0 57.0 60.0 56.0 
54.0 56.0 59.0 57.0 
54.0 59.0 58.0 61.0 
175.0 84.0 66.0 65.0 
51.0 60.0 56.0 61.0 
57.0 56.0 60.0 58.0 
55.0 58.0 61.0 56.0 
173.0 87.0 64.0 68.0 
51.0 60.0 56.0 58.0 
56.0 57.0 60.0 57.0 
51.0 61.0 57.0 62.0 
169.0 89.0 63.0 68.0 
53.0 59.0 57.0 61.0 
52.0 62.0 56.0 62.0 
52.0 59.0 58.0 61.0 
173.0 87.0 64.0 67.0 
52.0 59.0 58.0 58.0 
55.0 56.0 61.0 58.0 
55.0 57.0 62.0 57.0 
169.0 90.0 61.0 66.0 
55.0 56.0 59.0 57.0 
59.0 55.0 61.0 55.0 
54.0 61.0 57.0 60.0 
174.0 85.0 66.0 65.0 
52.0 60.0 56.0 61.0 
57.0 57.0 58.0 59.0 
54.0 59.0 60.0 56.0 
171.0 90.0 63.0 69.0 
59.0 54.0 61.0 57.0 
59.0 54.0 61.0 58.0 
58.0 55.0 62.0 57.0 
172.0 86.0 66.0 66.0 
53.0 59.0 59.0 59.0 
58.0 55.0 63.0 57.0 
52.0 61.0 58.0 62.0 
170.0 87.0 65.0 65.0 
52.0 57.0 61.0 56.0 
59.0 59.0 58.0 63.0 
60.0 55.0 61.0 59.0 
168.0 88.0 62.0 68.0 
59.0 54.0 58.0 60.0 
58.0 56.0 61.0 58.0 
54.0 59.0 59.0 59.0 
170.0 89.0 60.0 70.0 
59.0 55.0 60.0 58.0 
51.0 60.0 56.0 60.0 
59.0 57.0 59.0 58.0 
171.0 86.0 63.0 67.0 
58.0 55.0 58.0 58.0 
50.0 59.0 58.0 59.0 
51.0 62.0 58.0 59.0 
169.0 89.0 62.0 68.0 
54.0 58.0 59.0 58.0 
53.0 58.0 59.0 56.0 
52.0 60.0 58.0 56.0 
171.0 86.0 66.0 66.0 
51.0 61.0 57.0 59.0 
53.0 58.0 59.0 60.0 
57.0 58.0 60.0 59.0 
170.0 85.0 62.0 71.0 
52.0 61.0 56.0 59.0 
59.0 56.0 60.0 58.0 
52.0 60.0 59.0 62.0 
168.0 87.0 64.0 65.0 
55.0 61.0 55.0 62.0 
53.0 60.0 56.0 62.0 
55.0 57.0 60.0 58.0 
168.0 89.0 61.0 68.0 
54.0 60.0 56.0 62.0 
57.0 55.0 61.0 56.0 
55.0 59.0 58.0 60.0 
170.0 87.0 66.0 64.0 
51.0 59.0 58.0 59.0 
57.0 55.0 60.0 59.0 
53.0 59.0 60.0 59.0 
167.0 86.0 65.0 67.0 
53.0 60.0 58.0 58.0 
57.0 58.0 60.0 59.0 
52.0 60.0 59.0 61.0 
170.0 87.0 62.0 71.0 
56.0 54.0 62.0 55.0 
55.0 55.0 60.0 56.0 
52.0 60.0 60.0 59.0 
170.0 89.0 61.0 70.0 
54.0 59.0 57.0 61.0 
56.0 57.0 59.0 57.0 
52.0 60.0 58.0 59.0 
167.0 90.0 63.0 68.0 
53.0 60.0 56.0 61.0 
56.0 57.0 60.0 59.0 
54.0 60.0 59.0 59.0 
172.0 87.0 61.0 69.0 
53.0 58.0 58.0 56.0 
54.0 62.0 57.0 61.0 
58.0 58.0 60.0 59.0 
171.0 91.0 61.0 70.0 
59.0 56.0 59.0 58.0 
59.0 55.0 61.0 56.0 
52.0 62.0 57.0 63.0 
178.0 84.0 66.0 64.0 
54.0 57.0 59.0 59.0 
54.0 57.0 59.0 60.0 
57.0 57.0 60.0 62.0 
169.0 90.0 62.0 70.0 
60.0 55.0 61.0 59.0 
55.0 58.0 58.0 61.0 
59.0 55.0 61.0 57.0 
169.0 89.0 62.0 70.0 
59.0 55.0 59.0 59.0 
51.0 58.0 61.0 58.0 
54.0 55.0 61.0 57.0 
171.0 86.0 64.0 70.0 
58.0 54.0 61.0 58.0 
60.0 55.0 60.0 58.0 
52.0 62.0 59.0 61.0 
173.0 84.0 66.0 65.0 
56.0 57.0 58.0 59.0 
59.0 56.0 63.0 58.0 
52.0 60.0 59.0 60.0 
171.0 85.0 66.0 66.0 
54.0 58.0 58.0 59.0 
58.0 58.0 60.0 57.0 
53.0 61.0 59.0 60.0 
173.0 86.0 65.0 65.0 
53.0 59.0 56.0 62.0 
53.0 60.0 58.0 62.0 
55.0 58.0 59.0 60.0 
167.0 90.0 62.0 69.0 
57.0 58.0 56.0 60.0 
52.0 54.0 61.0 60.0 
60.0 57.0 59.0 63.0 
167.0 88.0 62.0 70.0 
59.0 54.0 61.0 56.0 
58.0 54.0 60.0 59.0 
53.0 58.0 61.0 56.0 
169.0 86.0 63.0 68.0 
53.0 60.0 57.0 57.0 
52.0 60.0 57.0 61.0 
60.0 57.0 62.0 59.0 
171.0 86.0 62.0 69.0 
54.0 59.0 57.0 62.0 
53.0 59.0 59.0 60.0 
60.0 55.0 62.0 56.0 
170.0 87.0 62.0 67.0 
59.0 54.0 62.0 56.0 
55.0 58.0 61.0 56.0 
53.0 61.0 60.0 59.0 
165.0 87.0 65.0 65.0 
54.0 55.0 60.0 57.0 
57.0 58.0 58.0 60.0 
57.0 58.0 58.0 62.0 
167.0 88.0 63.0 69.0 
60.0 55.0 61.0 57.0 
56.0 57.0 59.0 58.0 
56.0 59.0 59.0 62.0 
176.0 84.0 66.0 66.0 
59.0 55.0 60.0 56.0 
52.0 63.0 57.0 62.0 
56.0 58.0 60.0 58.0 
174.0 86.0 64.0 66.0 
52.0 59.0 58.0 58.0 
56.0 57.0 59.0 60.0 
59.0 58.0 61.0 60.0 
173.0 84.0 66.0 66.0 
52.0 60.0 56.0 59.0 
52.0 59.0 61.0 57.0 
54.0 58.0 62.0 56.0 
170.0 90.0 62.0 69.0 
57.0 57.0 58.0 57.0 
54.0 60.0 57.0 62.0 
59.0 55.0 62.0 57.0 
170.0 89.0 61.0 72.0 
58.0 54.0 61.0 56.0 
57.0 56.0 60.0 58.0 
52.0 61.0 58.0 61.0 
174.0 85.0 63.0 67.0 
53.0 60.0 58.0 60.0 
54.0 59.0 59.0 60.0 
52.0 61.0 58.0 60.0 
172.0 85.0 66.0 65.0 
55.0 57.0 58.0 57.0 
56.0 57.0 60.0 59.0 
59.0 57.0 60.0 59.0 
174.0 83.0 64.0 68.0 
58.0 54.0 60.0 58.0 
56.0 62.0 57.0 61.0 
56.0 57.0 58.0 60.0 
169.0 84.0 62.0 70.0 
56.0 56.0 59.0 59.0 
56.0 55.0 61.0 56.0 
53.0 60.0 57.0 63.0 
165.0 86.0 62.0 69.0 
60.0 56.0 59.0 57.0 
60.0 55.0 62.0 56.0 
53.0 60.0 57.0 61.0 
171.0 83.0 64.0 65.0 
55.0 55.0 60.0 57.0 
55.0 58.0 59.0 59.0 
59.0 56.0 61.0 58.0 
170.0 81.0 66.0 66.0 
56.0 57.0 58.0 61.0 
57.0 56.0 59.0 59.0 
55.0 58.0 62.0 56.0 
168.0 82.0 66.0 65.0 
51.0 59.0 58.0 60.0 
59.0 57.0 62.0 58.0 
52.0 62.0 57.0 63.0 
170.0 82.0 65.0 67.0 
56.0 53.0 61.0 57.0 
61.0 56.0 61.0 58.0 
53.0 59.0 59.0 59.0 
168.0 83.0 62.0 68.0 
54.0 57.0 58.0 59.0 
52.0 60.0 57.0 60.0 
59.0 55.0 62.0 57.0 
172.0 81.0 65.0 65.0 
56.0 58.0 59.0 57.0 
55.0 58.0 59.0 60.0 
58.0 55.0 62.0 58.0 
171.0 81.0 65.0 67.0 
58.0 55.0 59.0 59.0 
59.0 56.0 59.0 61.0 
59.0 58.0 59.0 61.0 
169.0 82.0 64.0 68.0 
54.0 58.0 58.0 58.0 
50.0 61.0 57.0 61.0 
57.0 57.0 58.0 64.0 
169.0 80.0 66.0 64.0 
55.0 58.0 58.0 61.0 
55.0 58.0 56.0 62.0 
59.0 56.0 62.0 56.0 
165.0 85.0 62.0 70.0 
56.0 58.0 59.0 57.0 
53.0 59.0 61.0 58.0 
51.0 62.0 59.0 62.0 
171.0 81.0 65.0 65.0 
53.0 61.0 57.0 61.0 
51.0 62.0 57.0 60.0 
58.0 57.0 59.0 62.0 
167.0 83.0 66.0 66.0 
58.0 54.0 60.0 59.0 
55.0 60.0 57.0 60.0 
57.0 59.0 59.0 63.0 
164.0 86.0 61.0 70.0 
55.0 54.0 60.0 56.0 
59.0 55.0 62.0 57.0 
51.0 61.0 58.0 62.0 
165.0 84.0 63.0 67.0 
55.0 58.0 57.0 62.0 
56.0 58.0 59.0 60.0 
56.0 58.0 61.0 59.0 
167.0 83.0 63.0 69.0 
54.0 58.0 59.0 58.0 
51.0 61.0 59.0 59.0 
51.0 61.0 59.0 60.0 
163.0 86.0 62.0 70.0 
59.0 56.0 61.0 57.0 
58.0 57.0 59.0 61.0 
57.0 59.0 58.0 63.0 
165.0 86.0 62.0 67.0 
54.0 61.0 57.0 59.0 
54.0 58.0 62.0 56.0 
52.0 61.0 59.0 60.0 
163.0 86.0 63.0 68.0 
57.0 57.0 58.0 60.0 
58.0 56.0 61.0 58.0 
53.0 61.0 59.0 61.0 
165.0 84.0 63.0 68.0 
58.0 56.0 60.0 57.0 
56.0 59.0 61.0 59.0 
55.0 60.0 60.0 60.0 
166.0 84.0 64.0 69.0 
56.0 57.0 60.0 59.0 
54.0 59.0 59.0 59.0 
54.0 60.0 59.0 62.0 
166.0 85.0 64.0 68.0 
55.0 61.0 58.0 58.0 
55.0 56.0 61.0 57.0 
53.0 59.0 63.0 57.0 
166.0 87.0 63.0 69.0 
60.0 56.0 60.0 58.0 
59.0 55.0 62.0 57.0 
55.0 59.0 60.0 60.0 
170.0 80.0 66.0 65.0 
55.0 58.0 58.0 59.0 
57.0 57.0 59.0 61.0 
53.0 60.0 59.0 61.0 
167.0 84.0 64.0 69.0 
60.0 55.0 61.0 59.0 
52.0 61.0 57.0 61.0 
53.0 61.0 57.0 62.0 
166.0 85.0 62.0 69.0 
52.0 61.0 57.0 59.0 
60.0 56.0 61.0 59.0 
58.0 56.0 61.0 59.0 
169.0 84.0 63.0 68.0 
55.0 60.0 57.0 56.0 
54.0 58.0 62.0 58.0 
52.0 61.0 60.0 60.0 
163.0 85.0 61.0 69.0 
57.0 57.0 59.0 62.0 
54.0 60.0 60.0 59.0 
57.0 59.0 59.0 61.0 
163.0 83.0 63.0 68.0 
54.0 59.0 58.0 60.0 
56.0 59.0 57.0 61.0 
54.0 59.0 58.0 62.0 
164.0 80.0 65.0 68.0 
53.0 61.0 56.0 62.0 
59.0 55.0 62.0 56.0 
56.0 59.0 60.0 58.0 
166.0 80.0 66.0 63.0 
55.0 60.0 56.0 61.0 
52.0 61.0 59.0 57.0 
52.0 59.0 61.0 57.0 
161.0 78.0 65.0 67.0 
56.0 57.0 59.0 61.0 
57.0 55.0 63.0 56.0 
52.0 62.0 57.0 63.0 
157.0 83.0 63.0 68.0 
59.0 56.0 60.0 57.0 
56.0 58.0 58.0 58.0 
55.0 60.0 57.0 62.0 
157.0 82.0 61.0 68.0 
58.0 55.0 61.0 58.0 
55.0 58.0 59.0 61.0 
56.0 59.0 59.0 60.0 
166.0 78.0 66.0 65.0 
57.0 57.0 60.0 61.0 
58.0 55.0 62.0 57.0 
54.0 62.0 58.0 60.0 
161.0 80.0 64.0 69.0 
59.0 57.0 57.0 61.0 
58.0 60.0 56.0 61.0 
55.0 61.0 57.0 60.0 
161.0 81.0 63.0 69.0 
59.0 54.0 61.0 58.0 
59.0 57.0 59.0 60.0 
57.0 57.0 63.0 58.0 
162.0 77.0 65.0 66.0 
54.0 59.0 59.0 58.0 
56.0 58.0 61.0 56.0 
54.0 62.0 58.0 63.0 
161.0 78.0 64.0 66.0 
59.0 54.0 61.0 56.0 
55.0 60.0 56.0 63.0 
55.0 60.0 59.0 62.0 
161.0 79.0 63.0 67.0 
53.0 60.0 57.0 62.0 
58.0 56.0 61.0 59.0 
55.0 56.0 62.0 60.0 
161.0 75.0 66.0 65.0 
55.0 58.0 58.0 59.0 
55.0 59.0 60.0 59.0 
56.0 60.0 59.0 61.0 
158.0 80.0 63.0 67.0 
58.0 58.0 59.0 60.0 
59.0 58.0 64.0 59.0 
53.0 61.0 57.0 62.0 
157.0 79.0 65.0 63.0 
53.0 62.0 57.0 57.0 
54.0 62.0 60.0 64.0 
59.0 56.0 63.0 57.0 
159.0 77.0 65.0 64.0 
55.0 57.0 60.0 57.0 
57.0 60.0 61.0 63.0 
59.0 57.0 61.0 59.0 
161.0 79.0 61.0 69.0 
59.0 55.0 60.0 59.0 
57.0 62.0 58.0 63.0 
58.0 59.0 61.0 63.0 
165.0 77.0 65.0 66.0 
55.0 57.0 58.0 56.0 
57.0 60.0 62.0 61.0 
56.0 60.0 61.0 63.0 
153.0 80.0 61.0 68.0 
58.0 55.0 61.0 56.0 
58.0 58.0 64.0 59.0 
54.0 61.0 57.0 63.0 
155.0 75.0 66.0 64.0 
56.0 58.0 59.0 58.0 
61.0 58.0 64.0 59.0 
57.0 61.0 60.0 60.0 
160.0 77.0 66.0 64.0 
56.0 56.0 60.0 57.0 
55.0 62.0 60.0 63.0 
59.0 56.0 63.0 57.0 
156.0 80.0 61.0 68.0 
55.0 60.0 56.0 60.0 
54.0 61.0 62.0 61.0 
55.0 61.0 58.0 64.0 
163.0 77.0 64.0 66.0 
54.0 59.0 58.0 59.0 
55.0 62.0 61.0 63.0 
58.0 59.0 60.0 60.0 
152.0 81.0 61.0 68.0 
56.0 58.0 60.0 57.0 
60.0 59.0 64.0 61.0 
53.0 61.0 58.0 62.0 
158.0 78.0 64.0 65.0 
53.0 59.0 56.0 60.0 
59.0 59.0 65.0 60.0 
55.0 59.0 61.0 60.0 
156.0 81.0 61.0 69.0 
55.0 58.0 59.0 58.0 
54.0 62.0 64.0 60.0 
54.0 60.0 61.0 56.0 
159.0 79.0 66.0 64.0 
52.0 58.0 59.0 58.0 
56.0 59.0 65.0 59.0 
53.0 61.0 58.0 63.0 
154.0 78.0 63.0 68.0 
58.0 57.0 59.0 58.0 
54.0 63.0 60.0 65.0 
58.0 57.0 62.0 57.0 
151.0 79.0 64.0 66.0 
54.0 59.0 57.0 62.0 
58.0 59.0 65.0 60.0 
58.0 57.0 63.0 56.0 
148.0 77.0 63.0 65.0 
54.0 60.0 58.0 59.0 
62.0 59.0 65.0 61.0 
57.0 58.0 60.0 58.0 
153.0 76.0 64.0 65.0 
53.0 58.0 59.0 59.0 
59.0 58.0 62.0 65.0 
56.0 61.0 60.0 59.0 
153.0 77.0 63.0 67.0 
56.0 57.0 62.0 56.0 
56.0 63.0 60.0 64.0 
57.0 58.0 60.0 61.0 
146.0 78.0 62.0 66.0 
55.0 59.0 57.0 59.0 
57.0 59.0 64.0 61.0 
56.0 57.0 62.0 59.0 
146.0 79.0 63.0 67.0 
58.0 55.0 62.0 57.0 
55.0 63.0 60.0 64.0 
59.0 59.0 61.0 60.0 
152.0 80.0 63.0 68.0 
58.0 56.0 61.0 57.0 
55.0 62.0 60.0 64.0 
56.0 58.0 63.0 59.0 
150.0 79.0 66.0 66.0 
56.0 58.0 56.0 60.0 
58.0 62.0 61.0 63.0 
59.0 59.0 61.0 64.0 
153.0 80.0 62.0 69.0 
57.0 57.0 56.0 61.0 
56.0 62.0 60.0 64.0 
59.0 59.0 60.0 61.0 
153.0 77.0 67.0 65.0 
53.0 59.0 58.0 59.0 
54.0 62.0 61.0 62.0 
60.0 57.0 63.0 59.0 
154.0 79.0 67.0 64.0 
56.0 56.0 60.0 61.0 
56.0 63.0 60.0 63.0 
56.0 62.0 60.0 65.0 
152.0 78.0 66.0 64.0 
56.0 59.0 57.0 61.0 
58.0 58.0 62.0 62.0 
59.0 57.0 61.0 61.0 
147.0 80.0 64.0 65.0 
55.0 57.0 59.0 56.0 
57.0 58.0 64.0 60.0 
54.0 62.0 61.0 62.0 
146.0 78.0 63.0 70.0 
58.0 56.0 61.0 56.0 
57.0 61.0 61.0 63.0 
60.0 58.0 63.0 59.0 
154.0 78.0 66.0 66.0 
54.0 58.0 58.0 61.0 
56.0 62.0 61.0 61.0 
56.0 62.0 60.0 65.0 
151.0 81.0 63.0 68.0 
59.0 60.0 62.0 63.0 
61.0 58.0 64.0 60.0 
59.0 61.0 64.0 66.0 
151.0 81.0 63.0 68.0 
57.0 61.0 60.0 63.0 
57.0 58.0 63.0 61.0 
59.0 60.0 65.0 65.0 
160.0 78.0 66.0 65.0 
55.0 61.0 63.0 63.0 
55.0 61.0 60.0 63.0 
61.0 61.0 66.0 64.0 
155.0 79.0 61.0 69.0 
56.0 60.0 63.0 63.0 
55.0 61.0 60.0 63.0 
60.0 61.0 65.0 61.0 
148.0 79.0 63.0 70.0 
58.0 60.0 62.0 63.0 
58.0 62.0 61.0 64.0 
58.0 59.0 60.0 62.0 
143.0 76.0 64.0 66.0 
61.0 59.0 64.0 64.0 
55.0 62.0 60.0 65.0 
59.0 59.0 61.0 63.0 
112.0 74.0 64.0 67.0 
58.0 62.0 61.0 65.0 
57.0 61.0 62.0 62.0 
61.0 60.0 61.0 61.0 
97.0 73.0 64.0 68.0 
61.0 58.0 63.0 62.0 
64.0 59.0 64.0 60.0 
58.0 61.0 60.0 60.0 
107.0 75.0 64.0 70.0 
61.0 59.0 61.0 60.0 
56.0 62.0 59.0 65.0 
60.0 61.0 58.0 62.0 
130.0 77.0 66.0 71.0 
56.0 59.0 59.0 59.0 
57.0 62.0 61.0 64.0 
61.0 57.0 64.0 59.0 
123.0 73.0 69.0 68.0 
58.0 57.0 61.0 57.0 
63.0 59.0 60.0 63.0 
60.0 61.0 60.0 61.0 
107.0 59.0 67.0 75.0 
60.0 57.0 61.0 61.0 
59.0 58.0 63.0 60.0 
59.0 60.0 63.0 59.0 
124.0 59.0 68.0 75.0 
60.0 59.0 57.0 62.0 
57.0 59.0 62.0 57.0 
58.0 61.0 62.0 63.0 
129.0 59.0 68.0 76.0 
60.0 56.0 60.0 56.0 
55.0 60.0 57.0 61.0 
60.0 59.0 63.0 64.0 
126.0 61.0 71.0 84.0 
60.0 57.0 61.0 57.0 
57.0 58.0 59.0 59.0 
59.0 60.0 60.0 64.0 
127.0 59.0 70.0 85.0 
59.0 60.0 57.0 59.0 
57.0 58.0 61.0 57.0 
58.0 59.0 62.0 58.0 
114.0 58.0 73.0 83.0 
58.0 58.0 62.0 58.0 
56.0 59.0 59.0 60.0 
59.0 60.0 59.0 62.0 
111.0 58.0 73.0 81.0 
61.0 57.0 63.0 61.0 
61.0 57.0 61.0 59.0 
58.0 60.0 58.0 62.0 
124.0 61.0 67.0 86.0 
61.0 58.0 60.0 61.0 
56.0 60.0 58.0 59.0 
58.0 61.0 59.0 64.0 
117.0 60.0 69.0 86.0 
58.0 60.0 60.0 61.0 
56.0 60.0 60.0 58.0 
57.0 60.0 62.0 57.0 
138.0 59.0 68.0 90.0 
59.0 57.0 62.0 61.0 
55.0 61.0 57.0 61.0 
60.0 58.0 62.0 58.0 
150.0 58.0 65.0 90.0 
57.0 61.0 58.0 66.0 
56.0 59.0 60.0 57.0 
55.0 61.0 58.0 62.0 
159.0 59.0 63.0 96.0 
60.0 59.0 59.0 63.0 
53.0 60.0 59.0 60.0 
58.0 59.0 59.0 58.0 
169.0 58.0 69.0 93.0 
61.0 58.0 60.0 63.0 
54.0 59.0 59.0 60.0 
57.0 58.0 61.0 56.0 
159.0 56.0 68.0 93.0 
62.0 58.0 58.0 66.0 
56.0 59.0 60.0 61.0 
59.0 58.0 60.0 58.0 
172.0 58.0 65.0 99.0 
59.0 58.0 60.0 64.0 
53.0 60.0 59.0 58.0 
57.0 59.0 61.0 56.0 
165.0 58.0 63.0 99.0 
59.0 60.0 57.0 67.0 
55.0 59.0 59.0 58.0 
55.0 60.0 59.0 58.0 
163.0 57.0 65.0 98.0 
58.0 60.0 59.0 65.0 
59.0 57.0 63.0 55.0 
56.0 59.0 61.0 57.0 
161.0 59.0 60.0 103.0 
63.0 56.0 61.0 62.0 
58.0 58.0 60.0 57.0 
55.0 58.0 61.0 56.0 
159.0 61.0 60.0 100.0 
59.0 58.0 59.0 63.0 
57.0 57.0 62.0 58.0 
54.0 59.0 61.0 58.0 
162.0 59.0 61.0 104.0 
63.0 57.0 60.0 64.0 
59.0 57.0 61.0 57.0 
53.0 62.0 58.0 60.0 
162.0 57.0 64.0 99.0 
59.0 60.0 58.0 67.0 
56.0 58.0 60.0 57.0 
53.0 62.0 58.0 61.0 
163.0 60.0 63.0 101.0 
61.0 59.0 59.0 66.0 
57.0 58.0 59.0 59.0 
59.0 58.0 63.0 56.0 
161.0 60.0 65.0 105.0 
65.0 56.0 61.0 64.0 
58.0 58.0 58.0 60.0 
57.0 58.0 60.0 61.0 
152.0 59.0 68.0 99.0 
61.0 59.0 60.0 65.0 
53.0 60.0 58.0 60.0 
59.0 58.0 62.0 55.0 
108.0 59.0 74.0 98.0 
65.0 57.0 60.0 67.0 
61.0 58.0 62.0 56.0 
55.0 61.0 59.0 59.0 
143.0 59.0 86.0 97.0 
60.0 60.0 59.0 66.0 
54.0 61.0 57.0 61.0 
55.0 62.0 57.0 57.0 
154.0 60.0 99.0 95.0 
60.0 61.0 60.0 66.0 
55.0 59.0 57.0 59.0 
56.0 60.0 59.0 56.0 
155.0 60.0 103.0 92.0 
61.0 59.0 63.0 62.0 
58.0 59.0 56.0 58.0 
55.0 61.0 56.0 57.0 
155.0 61.0 105.0 93.0 
69.0 58.0 63.0 69.0 
55.0 62.0 56.0 60.0 
57.0 59.0 57.0 60.0 
136.0 57.0 109.0 88.0 
68.0 56.0 63.0 66.0 
58.0 59.0 59.0 58.0 
58.0 60.0 55.0 62.0 
124.0 59.0 110.0 91.0 
68.0 56.0 67.0 65.0 
57.0 61.0 57.0 62.0 
57.0 61.0 56.0 61.0 
93.0 58.0 115.0 86.0 
62.0 61.0 61.0 69.0 
59.0 60.0 56.0 64.0 
62.0 58.0 55.0 61.0 
125.0 59.0 111.0 93.0 
68.0 56.0 63.0 68.0 
63.0 59.0 60.0 61.0 
57.0 60.0 57.0 58.0 
137.0 62.0 123.0 96.0 
65.0 56.0 65.0 66.0 
63.0 57.0 61.0 57.0 
54.0 62.0 56.0 60.0 
123.0 59.0 132.0 94.0 
64.0 56.0 66.0 63.0 
60.0 58.0 59.0 58.0 
59.0 60.0 57.0 57.0 
85.0 77.0 148.0 85.0 
58.0 64.0 58.0 65.0 
62.0 56.0 60.0 58.0 
61.0 57.0 57.0 57.0 
89.0 74.0 174.0 84.0 
60.0 61.0 62.0 60.0 
62.0 58.0 56.0 63.0 
64.0 56.0 55.0 60.0 
75.0 78.0 178.0 87.0 
58.0 63.0 58.0 63.0 
61.0 57.0 58.0 59.0 
56.0 60.0 54.0 59.0 
73.0 78.0 187.0 87.0 
59.0 62.0 61.0 62.0 
56.0 61.0 54.0 62.0 
62.0 55.0 56.0 56.0 
87.0 73.0 207.0 86.0 
57.0 63.0 57.0 63.0 
63.0 56.0 56.0 59.0 
62.0 58.0 56.0 55.0 
86.0 71.0 216.0 85.0 
61.0 60.0 62.0 65.0 
59.0 59.0 55.0 58.0 
59.0 59.0 53.0 62.0 
84.0 75.0 231.0 90.0 
63.0 62.0 58.0 65.0 
58.0 59.0 57.0 56.0 
56.0 62.0 51.0 60.0 
82.0 75.0 263.0 92.0 
61.0 58.0 61.0 58.0 
59.0 58.0 53.0 58.0 
58.0 60.0 52.0 59.0 
78.0 78.0 301.0 97.0 
63.0 57.0 56.0 56.0 
58.0 58.0 52.0 60.0 
63.0 57.0 54.0 58.0 
78.0 77.0 334.0 98.0 
56.0 61.0 51.0 61.0 
60.0 57.0 53.0 57.0 
57.0 59.0 50.0 59.0 
78.0 75.0 346.0 97.0 
59.0 57.0 52.0 56.0 
58.0 61.0 49.0 60.0 
61.0 62.0 48.0 62.0 
82.0 78.0 388.0 101.0 
54.0 60.0 50.0 57.0 
56.0 62.0 49.0 61.0 
59.0 57.0 50.0 57.0 
80.0 83.0 424.0 112.0 
56.0 59.0 49.0 60.0 
57.0 61.0 46.0 61.0 
63.0 57.0 49.0 57.0 
81.0 87.0 485.0 121.0 
59.0 58.0 49.0 56.0 
56.0 60.0 48.0 58.0 
56.0 62.0 46.0 60.0 
81.0 88.0 511.0 126.0 
60.0 58.0 47.0 59.0 
58.0 59.0 47.0 60.0 
63.0 56.0 48.0 56.0 
81.0 83.0 480.0 125.0 
55.0 61.0 48.0 56.0 
62.0 56.0 49.0 59.0 
59.0 57.0 48.0 56.0 
87.0 87.0 512.0 131.0 
55.0 60.0 47.0 60.0 
58.0 61.0 47.0 61.0 
62.0 57.0 50.0 56.0 
82.0 88.0 487.0 138.0 
59.0 59.0 49.0 58.0 
57.0 59.0 50.0 55.0 
57.0 62.0 44.0 61.0 
95.0 97.0 506.0 147.0 
58.0 58.0 49.0 56.0 
57.0 59.0 49.0 57.0 
54.0 62.0 45.0 57.0 
96.0 99.0 479.0 147.0 
59.0 57.0 50.0 58.0 
55.0 61.0 47.0 59.0 
61.0 58.0 47.0 61.0 
96.0 97.0 459.0 149.0 
56.0 59.0 52.0 53.0 
64.0 55.0 49.0 59.0 
59.0 57.0 51.0 55.0 
98.0 108.0 512.0 197.0 
59.0 58.0 49.0 55.0 
59.0 58.0 49.0 58.0 
58.0 58.0 49.0 57.0 
108.0 111.0 512.0 219.0 
58.0 59.0 49.0 59.0 
57.0 59.0 50.0 57.0 
63.0 56.0 51.0 54.0 
104.0 114.0 492.0 228.0 
59.0 57.0 49.0 56.0 
56.0 58.0 50.0 57.0 
54.0 62.0 46.0 58.0 
106.0 111.0 421.0 218.0 
58.0 56.0 54.0 53.0 
62.0 57.0 51.0 61.0 
61.0 58.0 47.0 59.0 
110.0 122.0 450.0 273.0 
61.0 58.0 51.0 58.0 
55.0 60.0 52.0 55.0 
57.0 58.0 49.0 58.0 
108.0 121.0 428.0 288.0 
59.0 55.0 54.0 52.0 
59.0 61.0 51.0 59.0 
58.0 58.0 50.0 54.0 
114.0 141.0 438.0 387.0 
61.0 54.0 54.0 51.0 
58.0 59.0 52.0 55.0 
60.0 56.0 52.0 51.0 
115.0 152.0 360.0 449.0 
57.0 58.0 52.0 54.0 
59.0 57.0 56.0 50.0 
57.0 60.0 51.0 53.0 
120.0 158.0 326.0 495.0 
62.0 58.0 52.0 48.0 
56.0 59.0 54.0 50.0 
58.0 61.0 52.0 49.0 
116.0 170.0 283.0 517.0 
58.0 58.0 55.0 52.0 
60.0 57.0 57.0 51.0 
56.0 59.0 52.0 51.0 
118.0 166.0 252.0 514.0 
54.0 58.0 55.0 51.0 
56.0 60.0 56.0 53.0 
61.0 54.0 58.0 45.0 
120.0 173.0 227.0 535.0 
57.0 58.0 55.0 52.0 
59.0 56.0 59.0 49.0 
56.0 57.0 56.0 48.0 
119.0 180.0 216.0 540.0 
59.0 56.0 57.0 48.0 
59.0 57.0 59.0 49.0 
58.0 59.0 54.0 48.0 
123.0 189.0 185.0 507.0 
58.0 58.0 54.0 51.0 
60.0 57.0 59.0 50.0 
56.0 57.0 57.0 47.0 
119.0 189.0 169.0 474.0 
58.0 56.0 57.0 51.0 
55.0 59.0 58.0 54.0 
60.0 55.0 58.0 50.0 
119.0 203.0 169.0 491.0 
61.0 53.0 60.0 47.0 
58.0 57.0 59.0 51.0 
61.0 54.0 59.0 47.0 
126.0 215.0 142.0 487.0 
57.0 55.0 58.0 52.0 
59.0 56.0 60.0 51.0 
61.0 53.0 60.0 46.0 
131.0 243.0 140.0 500.0 
56.0 56.0 57.0 50.0 
59.0 59.0 58.0 50.0 
56.0 56.0 57.0 46.0 
131.0 252.0 134.0 485.0 
53.0 56.0 56.0 51.0 
57.0 56.0 57.0 53.0 
60.0 53.0 59.0 49.0 
138.0 288.0 129.0 474.0 
58.0 53.0 56.0 53.0 
58.0 57.0 57.0 54.0 
60.0 53.0 60.0 48.0 
153.0 342.0 130.0 482.0 
56.0 56.0 61.0 54.0 
61.0 51.0 62.0 49.0 
57.0 54.0 58.0 49.0 
147.0 388.0 120.0 455.0 
60.0 53.0 64.0 51.0 
57.0 56.0 58.0 55.0 
57.0 51.0 61.0 49.0 
163.0 387.0 112.0 353.0 
60.0 51.0 62.0 57.0 
56.0 54.0 58.0 55.0 
56.0 52.0 57.0 54.0 
193.0 493.0 116.0 358.0 
56.0 54.0 61.0 59.0 
54.0 51.0 59.0 54.0 
57.0 49.0 58.0 56.0 
218.0 530.0 112.0 342.0 
62.0 51.0 63.0 59.0 
60.0 47.0 60.0 53.0 
56.0 49.0 58.0 54.0 
169.0 545.0 109.0 303.0 
57.0 55.0 60.0 62.0 
54.0 53.0 57.0 55.0 
54.0 51.0 56.0 56.0 
220.0 560.0 110.0 298.0 
57.0 53.0 62.0 58.0 
56.0 48.0 63.0 55.0 
56.0 46.0 60.0 54.0 
228.0 580.0 108.0 271.0 
56.0 52.0 64.0 57.0 
60.0 47.0 60.0 56.0 
56.0 45.0 62.0 53.0 
258.0 572.0 105.0 253.0 
60.0 50.0 63.0 58.0 
59.0 46.0 61.0 54.0 
54.0 49.0 59.0 57.0 
278.0 558.0 104.0 240.0 
57.0 53.0 62.0 59.0 
56.0 48.0 60.0 56.0 
52.0 50.0 57.0 58.0 
282.0 519.0 104.0 219.0 
56.0 54.0 62.0 60.0 
55.0 49.0 59.0 55.0 
55.0 47.0 59.0 55.0 
306.0 532.0 104.0 211.0 
56.0 55.0 64.0 58.0 
57.0 48.0 59.0 57.0 
53.0 46.0 62.0 53.0 
314.0 539.0 100.0 210.0 
60.0 53.0 63.0 64.0 
55.0 47.0 60.0 55.0 
52.0 50.0 59.0 57.0 
331.0 609.0 92.0 219.0 
59.0 52.0 63.0 60.0 
51.0 62.0 57.0 58.0 
51.0 59.0 60.0 52.0 
346.0 618.0 87.0 217.0 
61.0 52.0 62.0 60.0 
50.0 50.0 58.0 59.0 
50.0 60.0 59.0 55.0 
374.0 634.0 89.0 215.0 
57.0 56.0 60.0 64.0 
54.0 47.0 60.0 58.0 
52.0 46.0 60.0 52.0 
392.0 616.0 92.0 205.0 
55.0 57.0 60.0 62.0 
50.0 50.0 58.0 56.0 
53.0 60.0 60.0 53.0 
404.0 568.0 89.0 196.0 
56.0 57.0 58.0 66.0 
54.0 47.0 61.0 55.0 
52.0 48.0 60.0 53.0 
439.0 570.0 91.0 193.0 
56.0 57.0 59.0 64.0 
48.0 59.0 59.0 56.0 
45.0 62.0 57.0 57.0 
481.0 559.0 97.0 192.0 
60.0 53.0 63.0 60.0 
49.0 52.0 57.0 60.0 
49.0 49.0 59.0 56.0 
518.0 537.0 102.0 185.0 
55.0 56.0 63.0 63.0 
51.0 48.0 59.0 60.0 
52.0 58.0 58.0 59.0 
540.0 490.0 97.0 179.0 
59.0 56.0 62.0 61.0 
48.0 54.0 58.0 61.0 
52.0 47.0 61.0 56.0 
535.0 429.0 97.0 165.0 
57.0 57.0 61.0 60.0 
49.0 49.0 62.0 55.0 
45.0 54.0 58.0 59.0 
538.0 388.0 114.0 151.0 
54.0 60.0 59.0 64.0 
51.0 50.0 60.0 56.0 
48.0 51.0 59.0 56.0 
543.0 329.0 115.0 142.0 
57.0 58.0 60.0 63.0 
46.0 56.0 58.0 60.0 
47.0 52.0 58.0 57.0 
569.0 296.0 128.0 131.0 
57.0 58.0 59.0 64.0 
50.0 56.0 55.0 60.0 
50.0 54.0 58.0 60.0 
554.0 267.0 132.0 126.0 
62.0 58.0 63.0 62.0 
50.0 53.0 58.0 59.0 
46.0 54.0 59.0 57.0 
556.0 256.0 132.0 126.0 
61.0 58.0 62.0 62.0 
50.0 53.0 60.0 56.0 
44.0 58.0 57.0 61.0 
549.0 236.0 141.0 121.0 
60.0 57.0 63.0 64.0 
47.0 56.0 58.0 61.0 
49.0 54.0 59.0 59.0 
552.0 228.0 145.0 122.0 
59.0 60.0 63.0 61.0 
51.0 55.0 58.0 58.0 
46.0 55.0 60.0 58.0 
554.0 194.0 157.0 111.0 
55.0 60.0 61.0 62.0 
45.0 56.0 57.0 57.0 
47.0 55.0 57.0 59.0 
541.0 192.0 164.0 114.0 
58.0 60.0 60.0 64.0 
49.0 56.0 57.0 59.0 
47.0 56.0 56.0 59.0 
515.0 183.0 176.0 110.0 
55.0 60.0 57.0 64.0 
48.0 59.0 53.0 62.0 
47.0 55.0 58.0 58.0 
510.0 175.0 185.0 112.0 
55.0 55.0 60.0 57.0 
51.0 56.0 59.0 57.0 
47.0 57.0 57.0 60.0 
468.0 158.0 202.0 107.0 
52.0 58.0 56.0 62.0 
47.0 58.0 57.0 58.0 
45.0 59.0 56.0 57.0 
422.0 149.0 217.0 104.0 
49.0 59.0 54.0 60.0 
46.0 60.0 54.0 62.0 
53.0 55.0 56.0 59.0 
396.0 139.0 232.0 102.0 
53.0 55.0 58.0 63.0 
52.0 54.0 59.0 55.0 
49.0 60.0 52.0 61.0 
360.0 132.0 261.0 104.0 
49.0 61.0 55.0 61.0 
51.0 58.0 54.0 61.0 
55.0 56.0 55.0 57.0 
333.0 136.0 284.0 108.0 
51.0 60.0 53.0 63.0 
54.0 55.0 55.0 57.0 
48.0 60.0 52.0 60.0 
317.0 131.0 302.0 104.0 
49.0 59.0 54.0 58.0 
51.0 58.0 55.0 57.0 
51.0 60.0 50.0 62.0 
294.0 124.0 305.0 110.0 
58.0 56.0 55.0 58.0 
56.0 55.0 56.0 56.0 
52.0 57.0 52.0 59.0 
279.0 122.0 325.0 110.0 
59.0 54.0 56.0 55.0 
51.0 58.0 52.0 60.0 
53.0 58.0 51.0 59.0 
272.0 124.0 345.0 114.0 
57.0 56.0 55.0 56.0 
52.0 60.0 50.0 62.0 
54.0 58.0 50.0 59.0 
250.0 116.0 345.0 111.0 
52.0 61.0 50.0 60.0 
51.0 60.0 52.0 59.0 
51.0 60.0 51.0 55.0 
239.0 114.0 358.0 113.0 
52.0 58.0 52.0 57.0 
52.0 59.0 52.0 59.0 
55.0 58.0 50.0 59.0 
233.0 117.0 395.0 128.0 
56.0 57.0 52.0 58.0 
57.0 56.0 52.0 59.0 
52.0 59.0 50.0 58.0 
217.0 115.0 396.0 128.0 
58.0 56.0 53.0 56.0 
55.0 58.0 50.0 59.0 
59.0 56.0 51.0 58.0 
224.0 112.0 443.0 139.0 
57.0 56.0 52.0 56.0 
54.0 59.0 49.0 59.0 
60.0 57.0 51.0 57.0 
219.0 117.0 459.0 150.0 
51.0 59.0 51.0 55.0 
58.0 56.0 50.0 61.0 
59.0 57.0 49.0 59.0 
216.0 121.0 480.0 174.0 
52.0 59.0 51.0 60.0 
59.0 56.0 51.0 58.0 
55.0 57.0 49.0 55.0 
217.0 126.0 482.0 187.0 
58.0 54.0 53.0 54.0 
55.0 56.0 52.0 55.0 
53.0 61.0 46.0 59.0 
213.0 131.0 503.0 221.0 
56.0 57.0 49.0 57.0 
55.0 57.0 50.0 55.0 
53.0 61.0 46.0 56.0 
207.0 129.0 497.0 233.0 
58.0 56.0 52.0 59.0 
56.0 58.0 50.0 56.0 
58.0 57.0 47.0 59.0 
192.0 123.0 449.0 236.0 
60.0 54.0 54.0 55.0 
55.0 60.0 48.0 57.0 
61.0 56.0 50.0 54.0 
194.0 125.0 446.0 255.0 
54.0 59.0 52.0 52.0 
56.0 56.0 53.0 54.0 
56.0 59.0 48.0 57.0 
192.0 128.0 430.0 267.0 
55.0 57.0 52.0 54.0 
56.0 57.0 51.0 54.0 
57.0 58.0 49.0 56.0 
160.0 125.0 388.0 267.0 
60.0 56.0 52.0 55.0 
54.0 61.0 50.0 56.0 
56.0 61.0 48.0 59.0 
146.0 137.0 360.0 287.0 
59.0 58.0 52.0 57.0 
60.0 56.0 51.0 57.0 
62.0 57.0 53.0 54.0 
131.0 138.0 324.0 307.0 
60.0 55.0 55.0 52.0 
62.0 54.0 55.0 52.0 
55.0 61.0 50.0 54.0 
133.0 151.0 321.0 336.0 
58.0 56.0 55.0 51.0 
55.0 57.0 54.0 53.0 
62.0 55.0 55.0 52.0 
130.0 144.0 287.0 330.0 
57.0 60.0 52.0 50.0 
56.0 57.0 54.0 53.0 
56.0 59.0 52.0 53.0 
137.0 166.0 274.0 365.0 
60.0 54.0 58.0 50.0 
61.0 54.0 57.0 50.0 
58.0 57.0 54.0 52.0 
134.0 177.0 254.0 400.0 
57.0 54.0 59.0 50.0 
60.0 54.0 57.0 48.0 
54.0 60.0 53.0 51.0 
137.0 180.0 218.0 393.0 
58.0 55.0 59.0 49.0 
56.0 57.0 56.0 52.0 
60.0 54.0 59.0 49.0 
132.0 199.0 202.0 411.0 
58.0 55.0 59.0 49.0 
56.0 56.0 57.0 51.0 
60.0 55.0 58.0 49.0 
139.0 203.0 187.0 405.0 
53.0 58.0 55.0 54.0 
56.0 57.0 56.0 53.0 
59.0 55.0 56.0 51.0 
135.0 221.0 177.0 415.0 
56.0 57.0 57.0 53.0 
54.0 58.0 55.0 53.0 
59.0 55.0 54.0 52.0 
145.0 238.0 176.0 410.0 
56.0 55.0 57.0 51.0 
54.0 55.0 56.0 52.0 
61.0 52.0 60.0 48.0 
145.0 251.0 174.0 416.0 
57.0 55.0 57.0 49.0 
55.0 57.0 54.0 54.0 
62.0 52.0 58.0 50.0 
153.0 260.0 163.0 408.0 
59.0 53.0 60.0 49.0 
60.0 52.0 59.0 48.0 
58.0 53.0 59.0 48.0 
169.0 270.0 163.0 392.0 
59.0 53.0 58.0 50.0 
56.0 55.0 57.0 53.0 
60.0 52.0 60.0 48.0 
166.0 280.0 143.0 367.0 
60.0 52.0 58.0 52.0 
57.0 57.0 58.0 53.0 
56.0 56.0 54.0 52.0 
224.0 301.0 148.0 365.0 
53.0 57.0 54.0 55.0 
58.0 52.0 57.0 52.0 
56.0 51.0 61.0 49.0 
218.0 360.0 150.0 379.0 
59.0 52.0 58.0 53.0 
56.0 50.0 60.0 50.0 
54.0 55.0 56.0 54.0 
244.0 378.0 120.0 349.0 
57.0 50.0 59.0 51.0 
54.0 53.0 57.0 56.0 
56.0 52.0 58.0 53.0 
232.0 395.0 113.0 317.0 
59.0 49.0 61.0 50.0 
54.0 54.0 56.0 57.0 
57.0 50.0 62.0 51.0 
264.0 408.0 103.0 283.0 
51.0 53.0 58.0 53.0 
54.0 50.0 62.0 52.0 
53.0 51.0 59.0 54.0 
298.0 435.0 103.0 285.0 
58.0 48.0 61.0 54.0 
51.0 55.0 57.0 58.0 
57.0 46.0 61.0 53.0 
301.0 459.0 104.0 276.0 
56.0 50.0 58.0 59.0 
53.0 50.0 59.0 57.0 
54.0 49.0 59.0 54.0 
309.0 466.0 104.0 265.0 
54.0 52.0 58.0 57.0 
57.0 49.0 60.0 55.0 
57.0 48.0 59.0 55.0 
307.0 472.0 99.0 262.0 
58.0 49.0 61.0 55.0 
56.0 47.0 60.0 55.0 
53.0 47.0 61.0 54.0 
302.0 470.0 99.0 247.0 
58.0 49.0 60.0 57.0 
54.0 47.0 61.0 54.0 
51.0 50.0 60.0 54.0 
313.0 491.0 98.0 235.0 
52.0 54.0 56.0 59.0 
53.0 52.0 56.0 60.0 
54.0 48.0 61.0 53.0 
313.0 499.0 96.0 238.0 
58.0 48.0 61.0 54.0 
54.0 49.0 59.0 56.0 
58.0 45.0 61.0 53.0 
319.0 512.0 96.0 225.0 
59.0 48.0 62.0 56.0 
50.0 52.0 57.0 59.0 
52.0 49.0 60.0 56.0 
320.0 500.0 96.0 213.0 
53.0 51.0 61.0 57.0 
50.0 51.0 61.0 54.0 
50.0 49.0 59.0 55.0 
332.0 488.0 92.0 209.0 
56.0 51.0 59.0 57.0 
55.0 49.0 60.0 58.0 
54.0 46.0 61.0 54.0 
334.0 466.0 89.0 195.0 
56.0 50.0 60.0 58.0 
49.0 54.0 57.0 60.0 
54.0 49.0 59.0 56.0 
357.0 461.0 94.0 186.0 
50.0 53.0 58.0 60.0 
55.0 49.0 61.0 56.0 
52.0 50.0 60.0 56.0 
374.0 456.0 90.0 180.0 
52.0 50.0 60.0 55.0 
52.0 50.0 60.0 57.0 
49.0 51.0 58.0 59.0 
388.0 457.0 87.0 168.0 
49.0 50.0 60.0 54.0 
55.0 46.0 61.0 57.0 
51.0 47.0 62.0 55.0 
410.0 459.0 87.0 170.0 
55.0 48.0 60.0 56.0 
53.0 50.0 57.0 60.0 
54.0 46.0 63.0 56.0 
415.0 440.0 87.0 154.0 
52.0 50.0 58.0 58.0 
54.0 48.0 63.0 53.0 
50.0 50.0 60.0 58.0 
422.0 426.0 87.0 146.0 
52.0 52.0 58.0 58.0 
54.0 49.0 61.0 57.0 
53.0 48.0 61.0 56.0 
432.0 417.0 81.0 150.0 
51.0 52.0 59.0 57.0 
49.0 52.0 61.0 55.0 
47.0 51.0 62.0 58.0 
444.0 406.0 81.0 146.0 
52.0 51.0 56.0 59.0 
48.0 52.0 59.0 57.0 
50.0 52.0 58.0 60.0 
422.0 388.0 79.0 143.0 
54.0 48.0 61.0 56.0 
55.0 49.0 62.0 56.0 
48.0 55.0 58.0 61.0 
437.0 390.0 79.0 141.0 
53.0 51.0 59.0 57.0 
47.0 54.0 58.0 58.0 
47.0 55.0 57.0 60.0 
454.0 352.0 84.0 130.0 
53.0 50.0 59.0 56.0 
49.0 54.0 59.0 60.0 
52.0 49.0 61.0 56.0 
457.0 338.0 81.0 130.0 
50.0 55.0 57.0 58.0 
49.0 51.0 61.0 62.0 
51.0 50.0 59.0 60.0 
496.0 342.0 80.0 131.0 
50.0 50.0 60.0 61.0 
53.0 49.0 62.0 56.0 
45.0 54.0 57.0 60.0 
515.0 332.0 83.0 127.0 
47.0 55.0 58.0 58.0 
51.0 53.0 59.0 58.0 
48.0 50.0 62.0 57.0 
505.0 320.0 79.0 125.0 
52.0 50.0 61.0 56.0 
48.0 53.0 59.0 59.0 
51.0 50.0 63.0 57.0 
520.0 319.0 82.0 125.0 
49.0 53.0 58.0 60.0 
50.0 53.0 58.0 61.0 
50.0 52.0 59.0 61.0 
525.0 295.0 77.0 119.0 
46.0 57.0 59.0 57.0 
49.0 53.0 61.0 58.0 
45.0 54.0 63.0 56.0 
512.0 256.0 78.0 110.0 
52.0 51.0 61.0 56.0 
45.0 57.0 58.0 59.0 
50.0 52.0 62.0 57.0 
513.0 252.0 79.0 112.0 
48.0 55.0 59.0 58.0 
46.0 56.0 58.0 59.0 
50.0 52.0 63.0 56.0 
496.0 244.0 75.0 111.0 
48.0 54.0 58.0 61.0 
48.0 54.0 60.0 57.0 
47.0 56.0 60.0 59.0 
487.0 227.0 78.0 102.0 
48.0 57.0 57.0 56.0 
45.0 55.0 62.0 58.0 
47.0 52.0 62.0 57.0 
447.0 220.0 71.0 102.0 
53.0 53.0 60.0 59.0 
46.0 59.0 58.0 60.0 
52.0 52.0 61.0 57.0 
425.0 188.0 74.0 93.0 
50.0 58.0 57.0 62.0 
51.0 55.0 59.0 59.0 
47.0 57.0 59.0 60.0 
438.0 186.0 73.0 95.0 
48.0 56.0 58.0 59.0 
46.0 60.0 57.0 61.0 
48.0 56.0 60.0 59.0 
429.0 175.0 74.0 91.0 
50.0 55.0 59.0 58.0 
52.0 56.0 63.0 57.0 
49.0 57.0 57.0 62.0 
419.0 170.0 72.0 93.0 
48.0 58.0 59.0 56.0 
48.0 58.0 59.0 58.0 
47.0 58.0 57.0 61.0 
380.0 153.0 72.0 89.0 
51.0 54.0 60.0 57.0 
54.0 55.0 60.0 62.0 
51.0 55.0 62.0 57.0 
363.0 154.0 70.0 89.0 
50.0 55.0 60.0 59.0 
47.0 60.0 58.0 63.0 
51.0 56.0 61.0 58.0 
347.0 151.0 69.0 89.0 
55.0 54.0 62.0 58.0 
49.0 59.0 58.0 62.0 
52.0 56.0 60.0 59.0 
338.0 141.0 69.0 84.0 
49.0 56.0 59.0 58.0 
52.0 57.0 57.0 63.0 
52.0 58.0 58.0 62.0 
331.0 133.0 72.0 81.0 
54.0 54.0 60.0 60.0 
52.0 61.0 58.0 61.0 
52.0 57.0 60.0 62.0 
324.0 143.0 67.0 87.0 
54.0 55.0 60.0 58.0 
55.0 54.0 63.0 58.0 
49.0 57.0 60.0 59.0 
318.0 141.0 69.0 85.0 
55.0 53.0 60.0 56.0 
51.0 57.0 60.0 60.0 
54.0 55.0 61.0 59.0 
307.0 129.0 70.0 80.0 
48.0 59.0 57.0 62.0 
52.0 56.0 60.0 59.0 
52.0 56.0 59.0 61.0 
303.0 126.0 70.0 80.0 
52.0 54.0 59.0 59.0 
50.0 60.0 59.0 59.0 
51.0 60.0 59.0 61.0 
294.0 125.0 69.0 80.0 
50.0 58.0 58.0 61.0 
49.0 60.0 58.0 60.0 
52.0 57.0 60.0 60.0 
280.0 122.0 67.0 81.0 
55.0 54.0 61.0 61.0 
55.0 55.0 62.0 57.0 
47.0 61.0 58.0 61.0 
273.0 110.0 70.0 76.0 
50.0 58.0 58.0 58.0 
53.0 58.0 61.0 59.0 
51.0 59.0 60.0 59.0 
261.0 106.0 68.0 75.0 
51.0 58.0 58.0 59.0 
55.0 54.0 62.0 58.0 
48.0 60.0 58.0 60.0 
264.0 106.0 71.0 74.0 
53.0 54.0 61.0 55.0 
55.0 55.0 59.0 60.0 
53.0 56.0 62.0 58.0 
263.0 106.0 68.0 75.0 
50.0 60.0 57.0 60.0 
49.0 60.0 58.0 60.0 
55.0 57.0 60.0 59.0 
252.0 98.0 68.0 72.0 
54.0 55.0 61.0 57.0 
50.0 61.0 59.0 61.0 
56.0 56.0 62.0 57.0 
245.0 93.0 71.0 73.0 
55.0 56.0 61.0 57.0 
50.0 62.0 58.0 63.0 
52.0 59.0 58.0 63.0 
240.0 92.0 69.0 70.0 
50.0 60.0 57.0 61.0 
50.0 59.0 62.0 57.0 
49.0 60.0 59.0 60.0 
232.0 95.0 67.0 73.0 
54.0 59.0 57.0 56.0 
51.0 61.0 57.0 62.0 
56.0 56.0 62.0 57.0 
221.0 89.0 69.0 69.0 
53.0 60.0 57.0 61.0 
51.0 61.0 59.0 61.0 
56.0 56.0 63.0 57.0 
224.0 91.0 67.0 70.0 
54.0 58.0 59.0 61.0 
56.0 56.0 61.0 58.0 
52.0 59.0 59.0 61.0 
223.0 88.0 69.0 70.0 
55.0 57.0 60.0 56.0 
52.0 59.0 59.0 62.0 
57.0 56.0 62.0 57.0 
219.0 92.0 65.0 75.0 
56.0 58.0 57.0 61.0 
49.0 60.0 59.0 61.0 
57.0 56.0 60.0 62.0 
224.0 87.0 68.0 71.0 
57.0 56.0 61.0 57.0 
50.0 59.0 59.0 61.0 
56.0 58.0 62.0 58.0 
219.0 90.0 67.0 73.0 
56.0 57.0 59.0 58.0 
57.0 55.0 62.0 57.0 
53.0 59.0 59.0 61.0 
213.0 88.0 67.0 71.0 
56.0 56.0 61.0 57.0 
55.0 57.0 60.0 59.0 
57.0 56.0 61.0 57.0 
209.0 87.0 67.0 71.0 
51.0 60.0 57.0 58.0 
55.0 57.0 59.0 62.0 
57.0 56.0 60.0 62.0 
208.0 90.0 66.0 72.0 
54.0 61.0 57.0 63.0 
52.0 59.0 60.0 59.0 
54.0 57.0 62.0 60.0 
225.0 88.0 66.0 73.0 
53.0 57.0 59.0 59.0 
51.0 61.0 57.0 63.0 
57.0 56.0 61.0 59.0 
211.0 88.0 67.0 72.0 
55.0 56.0 60.0 59.0 
58.0 55.0 61.0 59.0 
56.0 58.0 61.0 56.0 
210.0 88.0 67.0 74.0 
57.0 56.0 62.0 57.0 
51.0 62.0 57.0 62.0 
54.0 60.0 58.0 60.0 
210.0 89.0 66.0 72.0 
51.0 59.0 59.0 57.0 
54.0 60.0 58.0 59.0 
53.0 61.0 57.0 61.0 
212.0 89.0 67.0 72.0 
54.0 58.0 59.0 59.0 
56.0 55.0 62.0 58.0 
50.0 61.0 59.0 62.0 
217.0 87.0 70.0 70.0 
51.0 59.0 57.0 61.0 
55.0 58.0 56.0 62.0 
57.0 57.0 61.0 60.0 
219.0 87.0 69.0 70.0 
55.0 56.0 58.0 60.0 
56.0 57.0 61.0 60.0 
57.0 55.0 62.0 59.0 
216.0 90.0 64.0 72.0 
52.0 60.0 57.0 61.0 
53.0 58.0 60.0 60.0 
54.0 59.0 57.0 62.0 
218.0 88.0 68.0 71.0 
54.0 56.0 61.0 59.0 
58.0 57.0 59.0 64.0 
55.0 56.0 60.0 59.0 
222.0 90.0 65.0 71.0 
52.0 59.0 59.0 58.0 
53.0 57.0 62.0 57.0 
53.0 60.0 58.0 63.0 
218.0 92.0 63.0 72.0 
55.0 58.0 58.0 61.0 
53.0 57.0 59.0 61.0 
53.0 58.0 60.0 58.0 
220.0 93.0 63.0 74.0 
57.0 55.0 62.0 57.0 
56.0 56.0 64.0 58.0 
56.0 57.0 63.0 58.0 
224.0 90.0 65.0 72.0 
51.0 60.0 58.0 59.0 
50.0 59.0 59.0 58.0 
50.0 59.0 59.0 58.0 
223.0 91.0 66.0 70.0 
51.0 58.0 59.0 57.0 
57.0 54.0 61.0 59.0 
51.0 59.0 59.0 60.0 
226.0 90.0 65.0 74.0 
57.0 54.0 62.0 62.0 
56.0 55.0 62.0 57.0 
53.0 60.0 56.0 61.0 
223.0 92.0 64.0 71.0 
54.0 60.0 56.0 62.0 
52.0 60.0 60.0 60.0 
57.0 55.0 63.0 58.0 
221.0 95.0 62.0 74.0 
54.0 58.0 58.0 60.0 
52.0 60.0 59.0 60.0 
51.0 60.0 60.0 60.0 
224.0 91.0 65.0 74.0 
56.0 55.0 60.0 59.0 
52.0 61.0 59.0 58.0 
52.0 59.0 60.0 58.0 
223.0 95.0 63.0 74.0 
56.0 57.0 59.0 58.0 
56.0 57.0 61.0 60.0 
52.0 60.0 60.0 61.0 
226.0 92.0 66.0 72.0 
57.0 54.0 62.0 56.0 
53.0 57.0 60.0 58.0 
50.0 61.0 58.0 63.0 
222.0 94.0 61.0 75.0 
53.0 58.0 59.0 58.0 
51.0 61.0 58.0 62.0 
53.0 58.0 60.0 61.0 
227.0 90.0 67.0 70.0 
55.0 56.0 60.0 58.0 
56.0 55.0 62.0 58.0 
51.0 61.0 60.0 58.0 
227.0 93.0 63.0 75.0 
57.0 57.0 57.0 59.0 
53.0 59.0 57.0 62.0 
57.0 56.0 63.0 59.0 
223.0 95.0 64.0 74.0 
57.0 56.0 60.0 58.0 
53.0 59.0 58.0 62.0 
53.0 59.0 61.0 57.0 
227.0 90.0 66.0 71.0 
51.0 61.0 58.0 60.0 
51.0 61.0 57.0 62.0 
54.0 59.0 60.0 60.0 
223.0 94.0 64.0 73.0 
54.0 58.0 58.0 61.0 
53.0 58.0 60.0 59.0 
49.0 61.0 58.0 62.0 
224.0 93.0 65.0 72.0 
56.0 57.0 59.0 61.0 
51.0 60.0 57.0 60.0 
51.0 60.0 59.0 60.0 
222.0 94.0 65.0 71.0 
55.0 58.0 61.0 57.0 
52.0 60.0 57.0 63.0 
53.0 57.0 63.0 58.0 
222.0 95.0 64.0 75.0 
57.0 55.0 61.0 57.0 
57.0 57.0 61.0 60.0 
53.0 58.0 62.0 59.0 
228.0 90.0 68.0 69.0 
54.0 57.0 59.0 59.0 
55.0 57.0 61.0 59.0 
56.0 56.0 63.0 56.0 
226.0 92.0 65.0 73.0 
56.0 55.0 61.0 59.0 
52.0 60.0 57.0 62.0 
55.0 57.0 63.0 57.0 
225.0 96.0 64.0 72.0 
54.0 59.0 57.0 59.0 
55.0 58.0 59.0 62.0 
57.0 56.0 61.0 60.0 
226.0 93.0 64.0 75.0 
52.0 58.0 60.0 57.0 
53.0 54.0 62.0 57.0 
50.0 60.0 59.0 61.0 
227.0 91.0 67.0 70.0 
50.0 60.0 58.0 61.0 
50.0 60.0 59.0 60.0 
54.0 57.0 60.0 60.0 
222.0 94.0 63.0 72.0 
52.0 60.0 57.0 62.0 
56.0 57.0 61.0 57.0 
53.0 57.0 61.0 58.0 
227.0 91.0 65.0 70.0 
55.0 56.0 59.0 58.0 
55.0 58.0 57.0 63.0 
57.0 57.0 59.0 63.0 
224.0 95.0 64.0 71.0 
51.0 61.0 59.0 59.0 
52.0 59.0 61.0 58.0 
50.0 61.0 58.0 61.0 
223.0 93.0 62.0 74.0 
56.0 57.0 59.0 59.0 
56.0 56.0 61.0 60.0 
51.0 61.0 60.0 63.0 
225.0 93.0 62.0 74.0 
57.0 57.0 59.0 59.0 
55.0 58.0 60.0 59.0 
49.0 61.0 58.0 63.0 
223.0 95.0 64.0 75.0 
53.0 58.0 58.0 60.0 
52.0 60.0 59.0 62.0 
56.0 56.0 61.0 58.0 
224.0 92.0 64.0 71.0 
54.0 59.0 56.0 59.0 
53.0 58.0 62.0 58.0 
50.0 60.0 59.0 61.0 
224.0 91.0 67.0 69.0 
50.0 61.0 57.0 60.0 
52.0 61.0 57.0 61.0 
56.0 58.0 60.0 60.0 
223.0 92.0 64.0 71.0 
51.0 60.0 58.0 61.0 
51.0 60.0 59.0 61.0 
57.0 56.0 61.0 59.0 
222.0 93.0 64.0 74.0 
53.0 57.0 60.0 58.0 
51.0 59.0 59.0 59.0 
50.0 60.0 58.0 62.0 
222.0 93.0 65.0 74.0 
53.0 58.0 58.0 59.0 
53.0 59.0 59.0 61.0 
52.0 59.0 61.0 57.0 
222.0 95.0 65.0 73.0 
51.0 60.0 57.0 58.0 
52.0 59.0 61.0 59.0 
51.0 61.0 59.0 63.0 
221.0 93.0 65.0 73.0 
56.0 58.0 59.0 60.0 
56.0 56.0 62.0 57.0 
51.0 61.0 58.0 63.0 
226.0 93.0 63.0 73.0 
54.0 57.0 60.0 58.0 
57.0 56.0 61.0 57.0 
52.0 59.0 59.0 59.0 
222.0 94.0 63.0 74.0 
52.0 60.0 57.0 62.0 
55.0 57.0 61.0 57.0 
54.0 58.0 60.0 60.0 
224.0 91.0 64.0 71.0 
56.0 55.0 59.0 57.0 
57.0 56.0 60.0 61.0 
56.0 57.0 60.0 63.0 
223.0 92.0 66.0 68.0 
54.0 61.0 58.0 59.0 
53.0 60.0 58.0 62.0 
53.0 59.0 60.0 58.0 
222.0 94.0 63.0 72.0 
51.0 60.0 58.0 61.0 
55.0 57.0 62.0 57.0 
54.0 59.0 60.0 61.0 
223.0 95.0 62.0 74.0 
54.0 57.0 59.0 59.0 
50.0 61.0 58.0 61.0 
50.0 62.0 58.0 62.0 
228.0 89.0 67.0 70.0 
54.0 57.0 59.0 59.0 
57.0 55.0 62.0 58.0 
53.0 59.0 58.0 63.0 
224.0 94.0 62.0 76.0 
55.0 56.0 61.0 62.0 
56.0 57.0 58.0 62.0 
56.0 60.0 57.0 62.0 
225.0 93.0 63.0 73.0 
54.0 60.0 57.0 60.0 
53.0 58.0 62.0 58.0 
50.0 60.0 60.0 61.0 
224.0 92.0 64.0 69.0 
51.0 60.0 59.0 59.0 
53.0 58.0 62.0 58.0 
50.0 60.0 59.0 61.0 
223.0 92.0 61.0 74.0 
55.0 56.0 60.0 59.0 
53.0 58.0 60.0 59.0 
50.0 63.0 58.0 61.0 
228.0 90.0 67.0 69.0 
52.0 59.0 57.0 61.0 
55.0 57.0 60.0 61.0 
54.0 55.0 61.0 60.0 
224.0 88.0 66.0 72.0 
55.0 60.0 57.0 58.0 
52.0 60.0 59.0 59.0 
51.0 62.0 58.0 60.0 
226.0 89.0 67.0 72.0 
53.0 57.0 60.0 57.0 
53.0 59.0 59.0 59.0 
54.0 59.0 61.0 60.0 
217.0 93.0 64.0 72.0 
55.0 59.0 57.0 62.0 
53.0 60.0 58.0 62.0 
54.0 58.0 61.0 60.0 
222.0 90.0 65.0 72.0 
57.0 55.0 61.0 60.0 
51.0 60.0 60.0 63.0 
52.0 60.0 58.0 62.0 
219.0 93.0 65.0 72.0 
56.0 57.0 58.0 62.0 
53.0 55.0 61.0 60.0 
53.0 57.0 63.0 58.0 
221.0 93.0 64.0 71.0 
52.0 58.0 57.0 60.0 
51.0 59.0 60.0 58.0 
54.0 59.0 59.0 62.0 
225.0 90.0 66.0 71.0 
52.0 58.0 58.0 58.0 
51.0 59.0 58.0 60.0 
57.0 56.0 62.0 58.0 
225.0 88.0 67.0 70.0 
52.0 59.0 58.0 60.0 
53.0 60.0 59.0 60.0 
52.0 60.0 60.0 59.0 
218.0 90.0 65.0 71.0 
57.0 56.0 59.0 58.0 
56.0 57.0 61.0 59.0 
50.0 60.0 59.0 61.0 
220.0 88.0 66.0 70.0 
52.0 55.0 60.0 60.0 
53.0 62.0 58.0 60.0 
53.0 60.0 58.0 61.0 
218.0 92.0 64.0 72.0 
54.0 59.0 57.0 62.0 
54.0 59.0 58.0 62.0 
54.0 58.0 61.0 59.0 
220.0 90.0 65.0 71.0 
57.0 56.0 60.0 62.0 
55.0 59.0 60.0 59.0 
57.0 57.0 60.0 59.0 
215.0 90.0 65.0 71.0 
57.0 55.0 62.0 57.0 
57.0 57.0 62.0 57.0 
53.0 59.0 61.0 59.0 
216.0 91.0 64.0 73.0 
56.0 56.0 61.0 58.0 
54.0 57.0 61.0 57.0 
51.0 59.0 60.0 57.0 
219.0 88.0 65.0 74.0 
57.0 55.0 60.0 59.0 
55.0 58.0 59.0 62.0 
54.0 58.0 60.0 57.0 
219.0 88.0 67.0 69.0 
52.0 59.0 57.0 60.0 
55.0 58.0 59.0 61.0 
54.0 56.0 61.0 58.0 
217.0 89.0 65.0 69.0 
53.0 58.0 58.0 59.0 
57.0 56.0 61.0 58.0 
54.0 59.0 59.0 59.0 
215.0 91.0 63.0 74.0 
53.0 58.0 58.0 60.0 
55.0 57.0 60.0 59.0 
50.0 60.0 57.0 62.0 
217.0 86.0 65.0 71.0 
53.0 58.0 61.0 58.0 
57.0 60.0 57.0 62.0 
53.0 61.0 58.0 60.0 
215.0 87.0 66.0 68.0 
51.0 60.0 57.0 57.0 
54.0 57.0 58.0 63.0 
58.0 57.0 61.0 60.0 
215.0 89.0 67.0 69.0 
51.0 59.0 58.0 59.0 
57.0 56.0 62.0 57.0 
51.0 61.0 58.0 61.0 
218.0 87.0 67.0 69.0 
52.0 60.0 57.0 61.0 
56.0 55.0 62.0 57.0 
53.0 59.0 60.0 60.0 
215.0 90.0 66.0 70.0 
51.0 59.0 58.0 59.0 
57.0 54.0 61.0 58.0 
51.0 61.0 59.0 60.0 
218.0 89.0 69.0 68.0 
52.0 58.0 60.0 56.0 
53.0 56.0 61.0 57.0 
54.0 61.0 58.0 62.0 
213.0 92.0 64.0 73.0 
51.0 60.0 58.0 60.0 
57.0 57.0 60.0 60.0 
53.0 60.0 60.0 61.0 
215.0 92.0 64.0 72.0 
56.0 57.0 59.0 58.0 
56.0 57.0 60.0 60.0 
51.0 61.0 58.0 62.0 
218.0 88.0 65.0 71.0 
57.0 55.0 60.0 57.0 
51.0 60.0 59.0 59.0 
51.0 61.0 58.0 61.0 
220.0 86.0 67.0 68.0 
51.0 60.0 57.0 57.0 
50.0 59.0 60.0 59.0 
51.0 62.0 59.0 60.0 
212.0 91.0 64.0 70.0 
53.0 60.0 58.0 60.0 
57.0 56.0 61.0 60.0 
53.0 58.0 60.0 60.0 
214.0 90.0 65.0 69.0 
53.0 60.0 57.0 62.0 
54.0 58.0 60.0 60.0 
52.0 59.0 60.0 60.0 
220.0 91.0 63.0 72.0 
58.0 55.0 61.0 56.0 
53.0 58.0 61.0 61.0 
58.0 56.0 62.0 58.0 
218.0 89.0 65.0 69.0 
51.0 60.0 57.0 59.0 
57.0 56.0 61.0 59.0 
55.0 59.0 59.0 59.0 
217.0 89.0 67.0 68.0 
58.0 57.0 58.0 61.0 
56.0 57.0 58.0 61.0 
57.0 56.0 61.0 59.0 
219.0 89.0 64.0 73.0 
57.0 55.0 60.0 57.0 
57.0 55.0 61.0 58.0 
51.0 61.0 58.0 63.0 
216.0 89.0 65.0 71.0 
55.0 58.0 58.0 59.0 
56.0 56.0 61.0 58.0 
51.0 61.0 56.0 62.0 
215.0 90.0 65.0 69.0 
55.0 57.0 59.0 60.0 
56.0 55.0 62.0 58.0 
54.0 58.0 60.0 58.0 
215.0 87.0 67.0 68.0 
53.0 57.0 58.0 59.0 
51.0 62.0 58.0 62.0 
55.0 58.0 59.0 62.0 
223.0 92.0 65.0 69.0 
54.0 57.0 58.0 62.0 
52.0 61.0 58.0 63.0 
57.0 56.0 62.0 59.0 
222.0 88.0 65.0 69.0 
51.0 59.0 57.0 61.0 
53.0 59.0 59.0 61.0 
53.0 56.0 62.0 57.0 
218.0 89.0 64.0 71.0 
57.0 55.0 62.0 56.0 
53.0 59.0 58.0 61.0 
56.0 57.0 60.0 61.0 
220.0 87.0 65.0 68.0 
54.0 56.0 59.0 59.0 
56.0 56.0 62.0 58.0 
54.0 58.0 62.0 59.0 
221.0 85.0 67.0 67.0 
54.0 58.0 59.0 60.0 
56.0 59.0 58.0 62.0 
56.0 58.0 58.0 62.0 
213.0 89.0 64.0 73.0 
56.0 55.0 61.0 56.0 
53.0 59.0 60.0 60.0 
54.0 59.0 58.0 63.0 
218.0 88.0 62.0 72.0 
57.0 55.0 62.0 62.0 
56.0 56.0 62.0 57.0 
53.0 61.0 58.0 63.0 
219.0 87.0 66.0 68.0 
52.0 60.0 57.0 61.0 
51.0 61.0 57.0 62.0 
55.0 58.0 60.0 61.0 
221.0 84.0 66.0 67.0 
54.0 57.0 59.0 59.0 
57.0 56.0 63.0 58.0 
53.0 62.0 58.0 62.0 
216.0 89.0 66.0 66.0 
53.0 58.0 62.0 57.0 
58.0 57.0 61.0 61.0 
55.0 55.0 59.0 58.0 
221.0 86.0 65.0 68.0 
51.0 59.0 58.0 60.0 
53.0 58.0 61.0 57.0 
53.0 61.0 58.0 62.0 
219.0 88.0 62.0 71.0 
54.0 60.0 56.0 61.0 
56.0 57.0 60.0 60.0 
52.0 59.0 60.0 59.0 
219.0 88.0 64.0 68.0 
50.0 60.0 57.0 61.0 
56.0 56.0 61.0 57.0 
55.0 57.0 60.0 59.0 
221.0 86.0 66.0 67.0 
54.0 58.0 57.0 62.0 
54.0 59.0 58.0 61.0 
55.0 61.0 59.0 61.0 
216.0 87.0 65.0 67.0 
52.0 59.0 59.0 59.0 
53.0 56.0 62.0 58.0 
51.0 60.0 59.0 61.0 
215.0 84.0 65.0 67.0 
53.0 58.0 59.0 58.0 
58.0 56.0 61.0 58.0 
50.0 61.0 58.0 61.0 
212.0 91.0 61.0 71.0 
57.0 56.0 60.0 59.0 
57.0 55.0 63.0 58.0 
51.0 61.0 59.0 60.0 
221.0 89.0 64.0 69.0 
51.0 60.0 57.0 60.0 
56.0 57.0 60.0 60.0 
56.0 56.0 62.0 58.0 
218.0 90.0 62.0 70.0 
56.0 57.0 59.0 62.0 
50.0 58.0 59.0 58.0 
49.0 61.0 59.0 60.0 
220.0 86.0 64.0 67.0 
57.0 55.0 61.0 58.0 
52.0 60.0 59.0 60.0 
52.0 61.0 58.0 62.0 
222.0 86.0 65.0 68.0 
52.0 60.0 56.0 61.0 
53.0 60.0 57.0 64.0 
54.0 59.0 61.0 58.0 
219.0 88.0 62.0 71.0 
53.0 57.0 59.0 59.0 
51.0 58.0 59.0 60.0 
52.0 60.0 58.0 63.0 
222.0 86.0 66.0 67.0 
55.0 57.0 61.0 62.0 
55.0 58.0 60.0 60.0 
56.0 58.0 60.0 62.0 
221.0 86.0 62.0 72.0 
58.0 56.0 59.0 60.0 
51.0 59.0 60.0 60.0 
54.0 58.0 59.0 60.0 
226.0 86.0 67.0 67.0 
51.0 60.0 57.0 61.0 
54.0 58.0 59.0 59.0 
51.0 60.0 60.0 59.0 
219.0 89.0 63.0 69.0 
57.0 55.0 62.0 57.0 
53.0 59.0 59.0 60.0 
56.0 58.0 60.0 59.0 
219.0 88.0 63.0 70.0 
57.0 56.0 60.0 58.0 
50.0 61.0 59.0 61.0 
52.0 60.0 57.0 62.0 
223.0 85.0 66.0 66.0 
54.0 58.0 59.0 59.0 
55.0 58.0 58.0 60.0 
54.0 61.0 59.0 60.0 
221.0 88.0 62.0 73.0 
56.0 56.0 60.0 56.0 
53.0 58.0 60.0 61.0 
57.0 58.0 59.0 61.0 
225.0 87.0 65.0 68.0 
52.0 59.0 58.0 59.0 
51.0 60.0 57.0 61.0 
56.0 58.0 60.0 61.0 
218.0 88.0 65.0 67.0 
54.0 57.0 59.0 60.0 
56.0 55.0 62.0 57.0 
54.0 57.0 61.0 59.0 
224.0 84.0 66.0 66.0 
57.0 55.0 61.0 56.0 
57.0 56.0 62.0 57.0 
53.0 59.0 60.0 60.0 
220.0 88.0 66.0 67.0 
53.0 57.0 61.0 58.0 
54.0 59.0 58.0 62.0 
55.0 59.0 59.0 63.0 
221.0 88.0 63.0 69.0 
54.0 57.0 59.0 59.0 
53.0 57.0 61.0 57.0 
52.0 61.0 57.0 62.0 
217.0 89.0 63.0 69.0 
54.0 58.0 57.0 62.0 
53.0 60.0 57.0 61.0 
57.0 57.0 60.0 59.0 
220.0 86.0 64.0 67.0 
55.0 57.0 59.0 61.0 
54.0 58.0 60.0 61.0 
56.0 56.0 61.0 60.0 
216.0 89.0 61.0 71.0 
53.0 59.0 59.0 60.0 
50.0 61.0 58.0 61.0 
54.0 59.0 58.0 62.0 
225.0 90.0 62.0 73.0 
57.0 57.0 58.0 62.0 
52.0 60.0 58.0 63.0 
56.0 56.0 61.0 58.0 
222.0 88.0 61.0 72.0 
58.0 55.0 61.0 60.0 
56.0 56.0 62.0 58.0 
50.0 62.0 57.0 64.0 
225.0 85.0 64.0 68.0 
54.0 58.0 59.0 57.0 
56.0 57.0 59.0 61.0 
51.0 61.0 59.0 62.0 
221.0 90.0 61.0 71.0 
54.0 58.0 58.0 61.0 
56.0 55.0 63.0 58.0 
55.0 57.0 61.0 58.0 
220.0 86.0 65.0 66.0 
51.0 59.0 59.0 57.0 
56.0 56.0 60.0 63.0 
57.0 56.0 61.0 62.0 
214.0 85.0 65.0 66.0 
52.0 59.0 58.0 59.0 
51.0 60.0 59.0 61.0 
55.0 60.0 59.0 62.0 
212.0 86.0 64.0 66.0 
52.0 58.0 59.0 59.0 
57.0 56.0 62.0 60.0 
50.0 60.0 59.0 61.0 
212.0 87.0 63.0 69.0 
53.0 57.0 60.0 60.0 
51.0 60.0 58.0 60.0 
53.0 59.0 60.0 61.0 
214.0 87.0 64.0 67.0 
51.0 58.0 59.0 60.0 
57.0 56.0 62.0 58.0 
54.0 58.0 59.0 62.0 
209.0 88.0 62.0 69.0 
55.0 60.0 57.0 56.0 
50.0 61.0 58.0 61.0 
56.0 58.0 61.0 59.0 
213.0 86.0 63.0 71.0 
55.0 56.0 60.0 56.0 
56.0 57.0 62.0 58.0 
50.0 62.0 57.0 62.0 
214.0 86.0 63.0 69.0 
52.0 58.0 58.0 59.0 
50.0 60.0 57.0 62.0 
53.0 60.0 60.0 62.0 
214.0 86.0 64.0 68.0 
51.0 60.0 57.0 61.0 
55.0 58.0 60.0 59.0 
50.0 61.0 59.0 63.0 
214.0 86.0 63.0 68.0 
56.0 56.0 59.0 58.0 
57.0 56.0 61.0 60.0 
56.0 57.0 59.0 62.0 
212.0 89.0 60.0 69.0 
53.0 57.0 63.0 56.0 
51.0 60.0 60.0 60.0 
54.0 59.0 60.0 60.0 
211.0 89.0 61.0 70.0 
58.0 55.0 61.0 57.0 
56.0 57.0 62.0 58.0 
51.0 60.0 60.0 57.0 
211.0 87.0 63.0 70.0 
54.0 57.0 60.0 58.0 
53.0 59.0 59.0 61.0 
56.0 56.0 62.0 58.0 
213.0 87.0 62.0 68.0 
51.0 60.0 57.0 58.0 
55.0 56.0 61.0 59.0 
51.0 61.0 58.0 63.0 
215.0 84.0 65.0 67.0 
53.0 58.0 62.0 57.0 
50.0 60.0 61.0 59.0 
50.0 61.0 59.0 60.0 
217.0 86.0 63.0 68.0 
53.0 57.0 59.0 59.0 
51.0 61.0 57.0 62.0 
57.0 56.0 62.0 59.0 
216.0 83.0 66.0 65.0 
54.0 60.0 57.0 60.0 
51.0 60.0 59.0 60.0 
55.0 60.0 60.0 61.0 
211.0 86.0 64.0 69.0 
57.0 55.0 62.0 56.0 
51.0 60.0 57.0 62.0 
53.0 59.0 60.0 61.0 
209.0 90.0 60.0 71.0 
56.0 55.0 61.0 57.0 
52.0 61.0 58.0 63.0 
57.0 58.0 60.0 60.0 
215.0 86.0 63.0 70.0 
55.0 55.0 60.0 57.0 
56.0 56.0 61.0 60.0 
54.0 58.0 61.0 58.0 
211.0 87.0 63.0 70.0 
54.0 55.0 61.0 58.0 
57.0 56.0 62.0 59.0 
50.0 62.0 59.0 62.0 
214.0 84.0 65.0 67.0 
52.0 58.0 58.0 58.0 
51.0 60.0 58.0 61.0 
56.0 57.0 61.0 59.0 
213.0 85.0 66.0 67.0 
55.0 57.0 60.0 58.0 
55.0 58.0 60.0 61.0 
56.0 57.0 62.0 60.0 
211.0 84.0 64.0 66.0 
51.0 60.0 57.0 60.0 
51.0 60.0 60.0 57.0 
51.0 59.0 60.0 57.0 
212.0 89.0 62.0 69.0 
53.0 60.0 59.0 59.0 
52.0 59.0 60.0 58.0 
54.0 59.0 58.0 63.0 
212.0 86.0 64.0 66.0 
51.0 60.0 58.0 61.0 
53.0 60.0 58.0 63.0 
54.0 58.0 61.0 59.0 
211.0 90.0 61.0 72.0 
54.0 59.0 57.0 61.0 
54.0 58.0 60.0 60.0 
57.0 56.0 62.0 58.0 
210.0 89.0 61.0 68.0 
52.0 60.0 57.0 59.0 
57.0 55.0 61.0 57.0 
54.0 58.0 60.0 59.0 
215.0 86.0 63.0 71.0 
57.0 56.0 59.0 62.0 
50.0 61.0 59.0 61.0 
52.0 58.0 59.0 63.0 
212.0 87.0 62.0 70.0 
54.0 58.0 59.0 58.0 
54.0 58.0 62.0 58.0 
55.0 59.0 60.0 60.0 
209.0 89.0 62.0 72.0 
55.0 56.0 61.0 56.0 
56.0 58.0 59.0 59.0 
50.0 61.0 59.0 62.0 
211.0 86.0 63.0 67.0 
56.0 56.0 61.0 56.0 
54.0 59.0 58.0 60.0 
57.0 55.0 62.0 59.0 
213.0 85.0 64.0 69.0 
57.0 56.0 62.0 56.0 
54.0 57.0 60.0 57.0 
53.0 61.0 59.0 60.0 
212.0 84.0 63.0 71.0 
58.0 56.0 60.0 59.0 
55.0 57.0 59.0 60.0 
54.0 59.0 60.0 59.0 
208.0 88.0 63.0 69.0 
50.0 61.0 57.0 62.0 
56.0 57.0 60.0 57.0 
53.0 61.0 57.0 63.0 
208.0 87.0 63.0 67.0 
55.0 57.0 59.0 59.0 
57.0 55.0 62.0 57.0 
53.0 58.0 61.0 58.0 
209.0 89.0 61.0 71.0 
54.0 57.0 60.0 59.0 
53.0 58.0 60.0 59.0 
51.0 60.0 58.0 62.0 
211.0 87.0 64.0 67.0 
53.0 60.0 56.0 56.0 
52.0 56.0 61.0 59.0 
55.0 55.0 62.0 62.0 
216.0 85.0 62.0 70.0 
57.0 55.0 60.0 58.0 
53.0 61.0 57.0 62.0 
56.0 56.0 61.0 57.0 
214.0 85.0 64.0 68.0 
53.0 59.0 59.0 59.0 
51.0 59.0 59.0 61.0 
57.0 56.0 62.0 58.0 
213.0 87.0 64.0 69.0 
52.0 59.0 57.0 62.0 
54.0 56.0 62.0 57.0 
53.0 59.0 60.0 60.0 
208.0 89.0 63.0 69.0 
53.0 59.0 57.0 61.0 
55.0 58.0 60.0 60.0 
53.0 60.0 60.0 60.0 
211.0 89.0 62.0 70.0 
53.0 56.0 61.0 59.0 
53.0 54.0 60.0 58.0 
53.0 57.0 61.0 57.0 
214.0 87.0 64.0 69.0 
53.0 57.0 60.0 56.0 
54.0 55.0 62.0 58.0 
51.0 61.0 58.0 62.0 
213.0 88.0 64.0 69.0 
52.0 59.0 59.0 59.0 
50.0 61.0 58.0 63.0 
56.0 57.0 62.0 57.0 
211.0 89.0 63.0 72.0 
54.0 58.0 59.0 57.0 
53.0 58.0 59.0 59.0 
53.0 59.0 59.0 61.0 
210.0 87.0 64.0 68.0 
52.0 59.0 58.0 60.0 
57.0 56.0 61.0 60.0 
56.0 57.0 60.0 60.0 
208.0 89.0 62.0 70.0 
53.0 60.0 57.0 60.0 
52.0 60.0 59.0 60.0 
54.0 59.0 59.0 60.0 
206.0 85.0 65.0 66.0 
52.0 59.0 57.0 61.0 
54.0 59.0 61.0 60.0 
50.0 61.0 59.0 62.0 
207.0 86.0 65.0 66.0 
52.0 61.0 58.0 61.0 
51.0 60.0 58.0 62.0 
55.0 58.0 61.0 60.0 
206.0 87.0 62.0 71.0 
54.0 57.0 60.0 57.0 
54.0 59.0 59.0 59.0 
51.0 61.0 59.0 63.0 
207.0 83.0 66.0 66.0 
52.0 58.0 60.0 57.0 
55.0 58.0 58.0 62.0 
56.0 57.0 58.0 62.0 
206.0 84.0 64.0 69.0 
53.0 57.0 61.0 57.0 
57.0 55.0 62.0 58.0 
51.0 61.0 59.0 62.0 
203.0 85.0 64.0 66.0 
54.0 59.0 56.0 57.0 
53.0 59.0 59.0 60.0 
52.0 60.0 59.0 61.0 
201.0 86.0 63.0 69.0 
58.0 55.0 61.0 57.0 
57.0 56.0 61.0 58.0 
55.0 58.0 61.0 58.0 
202.0 87.0 61.0 71.0 
53.0 58.0 58.0 60.0 
54.0 58.0 59.0 60.0 
54.0 58.0 63.0 57.0 
207.0 85.0 64.0 72.0 
55.0 58.0 58.0 61.0 
52.0 60.0 59.0 61.0 
56.0 58.0 60.0 62.0 
207.0 85.0 63.0 69.0 
55.0 55.0 61.0 58.0 
56.0 57.0 59.0 60.0 
54.0 59.0 62.0 57.0 
204.0 86.0 64.0 66.0 
54.0 57.0 59.0 59.0 
55.0 57.0 63.0 58.0 
50.0 61.0 58.0 62.0 
203.0 88.0 62.0 70.0 
52.0 58.0 58.0 61.0 
53.0 58.0 60.0 59.0 
51.0 61.0 57.0 62.0 
208.0 83.0 66.0 66.0 
54.0 58.0 57.0 62.0 
51.0 60.0 59.0 60.0 
53.0 60.0 58.0 61.0 
203.0 89.0 61.0 71.0 
57.0 56.0 59.0 62.0 
57.0 56.0 62.0 57.0 
55.0 59.0 57.0 62.0 
205.0 86.0 63.0 68.0 
56.0 57.0 60.0 57.0 
55.0 59.0 58.0 61.0 
55.0 57.0 62.0 58.0 
204.0 88.0 62.0 71.0 
56.0 57.0 60.0 58.0 
51.0 59.0 59.0 60.0 
51.0 61.0 59.0 62.0 
202.0 88.0 62.0 70.0 
53.0 59.0 58.0 61.0 
53.0 59.0 59.0 60.0 
53.0 59.0 59.0 59.0 
207.0 83.0 66.0 68.0 
55.0 55.0 60.0 60.0 
54.0 61.0 58.0 61.0 
55.0 60.0 57.0 62.0 
205.0 86.0 64.0 69.0 
56.0 56.0 61.0 56.0 
51.0 59.0 60.0 59.0 
53.0 59.0 58.0 62.0 
205.0 86.0 62.0 71.0 
58.0 55.0 62.0 57.0 
55.0 56.0 63.0 59.0 
50.0 61.0 59.0 63.0 
205.0 86.0 65.0 70.0 
58.0 56.0 59.0 59.0 
53.0 59.0 60.0 60.0 
51.0 61.0 60.0 60.0 
207.0 83.0 67.0 66.0 
55.0 58.0 58.0 60.0 
56.0 56.0 62.0 58.0 
54.0 57.0 61.0 60.0 
204.0 85.0 66.0 65.0 
53.0 58.0 60.0 57.0 
53.0 60.0 59.0 61.0 
56.0 58.0 60.0 60.0 
205.0 85.0 67.0 67.0 
51.0 59.0 58.0 60.0 
51.0 61.0 58.0 61.0 
56.0 57.0 62.0 58.0 
208.0 83.0 65.0 68.0 
52.0 60.0 58.0 60.0 
51.0 60.0 58.0 62.0 
54.0 59.0 61.0 60.0 
205.0 86.0 64.0 68.0 
51.0 60.0 55.0 62.0 
56.0 57.0 62.0 58.0 
54.0 58.0 60.0 59.0 
202.0 88.0 62.0 70.0 
51.0 59.0 58.0 58.0 
52.0 59.0 59.0 59.0 
52.0 62.0 58.0 61.0 
205.0 89.0 62.0 70.0 
55.0 57.0 58.0 61.0 
55.0 59.0 58.0 63.0 
54.0 58.0 59.0 60.0 
206.0 87.0 62.0 71.0 
56.0 56.0 61.0 56.0 
54.0 58.0 61.0 59.0 
55.0 58.0 61.0 60.0 
207.0 85.0 64.0 69.0 
53.0 58.0 58.0 57.0 
52.0 62.0 59.0 60.0 
51.0 61.0 60.0 63.0 
204.0 88.0 62.0 72.0 
53.0 60.0 57.0 62.0 
52.0 61.0 59.0 62.0 
53.0 58.0 61.0 57.0 
205.0 86.0 66.0 67.0 
54.0 55.0 60.0 59.0 
56.0 59.0 58.0 61.0 
56.0 59.0 60.0 63.0 
205.0 84.0 66.0 66.0 
51.0 60.0 58.0 61.0 
52.0 60.0 58.0 64.0 
54.0 59.0 60.0 60.0 
208.0 84.0 66.0 67.0 
50.0 60.0 57.0 61.0 
56.0 57.0 61.0 58.0 
53.0 60.0 60.0 60.0 
204.0 88.0 63.0 71.0 
53.0 58.0 59.0 61.0 
55.0 58.0 61.0 61.0 
57.0 56.0 62.0 58.0 
204.0 88.0 62.0 71.0 
54.0 58.0 59.0 59.0 
52.0 58.0 60.0 57.0 
52.0 61.0 61.0 57.0 
207.0 86.0 63.0 70.0 
55.0 56.0 58.0 61.0 
51.0 60.0 58.0 62.0 
56.0 57.0 62.0 59.0 
205.0 85.0 66.0 67.0 
55.0 57.0 59.0 61.0 
57.0 58.0 60.0 62.0 
54.0 56.0 62.0 58.0 
204.0 87.0 63.0 71.0 
55.0 56.0 61.0 57.0 
54.0 58.0 61.0 57.0 
53.0 59.0 59.0 60.0 
205.0 87.0 62.0 71.0 
55.0 57.0 59.0 59.0 
52.0 60.0 60.0 60.0 
52.0 60.0 60.0 60.0 
205.0 87.0 62.0 72.0 
57.0 57.0 57.0 61.0 
51.0 59.0 62.0 57.0 
51.0 60.0 60.0 59.0 
206.0 87.0 63.0 70.0 
57.0 56.0 60.0 58.0 
57.0 56.0 62.0 58.0 
51.0 60.0 59.0 62.0 
203.0 88.0 61.0 71.0 
54.0 59.0 56.0 63.0 
57.0 56.0 61.0 60.0 
52.0 59.0 60.0 60.0 
209.0 84.0 63.0 65.0 
54.0 58.0 59.0 59.0 
54.0 59.0 60.0 61.0 
57.0 56.0 62.0 60.0 
204.0 88.0 60.0 71.0 
55.0 59.0 58.0 59.0 
52.0 61.0 58.0 63.0 
57.0 56.0 62.0 60.0 
204.0 88.0 62.0 67.0 
50.0 59.0 59.0 58.0 
54.0 58.0 61.0 58.0 
51.0 61.0 57.0 62.0 
207.0 85.0 63.0 68.0 
53.0 57.0 61.0 56.0 
54.0 59.0 59.0 61.0 
52.0 58.0 60.0 59.0 
207.0 85.0 62.0 71.0 
56.0 55.0 60.0 58.0 
56.0 55.0 61.0 59.0 
51.0 61.0 59.0 61.0 
208.0 83.0 64.0 68.0 
57.0 55.0 61.0 57.0 
51.0 60.0 58.0 60.0 
50.0 60.0 60.0 60.0 
204.0 87.0 61.0 68.0 
57.0 56.0 60.0 58.0 
54.0 59.0 57.0 62.0 
55.0 57.0 59.0 63.0 
201.0 86.0 63.0 66.0 
55.0 56.0 61.0 57.0 
53.0 59.0 59.0 60.0 
54.0 59.0 60.0 60.0 
206.0 83.0 64.0 66.0 
51.0 60.0 57.0 61.0 
52.0 60.0 57.0 64.0 
56.0 56.0 62.0 58.0 
208.0 82.0 65.0 66.0 
51.0 59.0 58.0 59.0 
54.0 58.0 58.0 60.0 
51.0 62.0 57.0 62.0 
207.0 83.0 65.0 67.0 
57.0 56.0 61.0 61.0 
54.0 59.0 58.0 62.0 
55.0 57.0 62.0 58.0 
206.0 86.0 59.0 70.0 
55.0 57.0 57.0 61.0 
57.0 56.0 61.0 60.0 
53.0 59.0 61.0 60.0 
204.0 85.0 64.0 65.0 
53.0 60.0 56.0 62.0 
55.0 58.0 60.0 60.0 
52.0 59.0 61.0 61.0 
203.0 86.0 62.0 69.0 
57.0 55.0 60.0 58.0 
57.0 55.0 62.0 58.0 
50.0 61.0 58.0 63.0 
205.0 85.0 64.0 66.0 
55.0 57.0 61.0 56.0 
55.0 58.0 61.0 60.0 
57.0 56.0 63.0 57.0 
206.0 83.0 64.0 67.0 
51.0 61.0 57.0 61.0 
53.0 57.0 60.0 58.0 
52.0 60.0 59.0 59.0 
206.0 85.0 62.0 70.0 
56.0 55.0 62.0 56.0 
57.0 58.0 62.0 58.0 
51.0 61.0 58.0 62.0 
202.0 87.0 62.0 69.0 
56.0 57.0 60.0 58.0 
57.0 56.0 61.0 58.0 
50.0 61.0 59.0 61.0 
205.0 85.0 63.0 67.0 
54.0 57.0 58.0 60.0 
57.0 55.0 62.0 57.0 
52.0 59.0 60.0 59.0 
206.0 85.0 63.0 67.0 
51.0 59.0 58.0 59.0 
53.0 58.0 60.0 59.0 
51.0 59.0 59.0 60.0 
202.0 88.0 61.0 71.0 
57.0 54.0 61.0 57.0 
57.0 58.0 58.0 61.0 
55.0 61.0 58.0 61.0 
205.0 84.0 64.0 67.0 
53.0 58.0 59.0 58.0 
52.0 59.0 60.0 60.0 
56.0 58.0 61.0 58.0 
204.0 85.0 65.0 66.0 
53.0 58.0 57.0 60.0 
56.0 56.0 61.0 59.0 
53.0 59.0 60.0 60.0 
206.0 85.0 63.0 67.0 
55.0 58.0 59.0 59.0 
57.0 56.0 60.0 59.0 
57.0 56.0 63.0 59.0 
206.0 84.0 64.0 66.0 
52.0 60.0 57.0 62.0 
55.0 57.0 59.0 60.0 
54.0 57.0 63.0 58.0 
202.0 89.0 63.0 67.0 
52.0 59.0 58.0 58.0 
53.0 58.0 61.0 57.0 
52.0 61.0 59.0 61.0 
203.0 86.0 62.0 69.0 
55.0 57.0 59.0 60.0 
55.0 56.0 59.0 60.0 
54.0 56.0 62.0 58.0 
203.0 87.0 62.0 68.0 
55.0 57.0 58.0 61.0 
51.0 61.0 57.0 61.0 
56.0 56.0 62.0 57.0 
204.0 86.0 62.0 69.0 
51.0 60.0 57.0 61.0 
55.0 57.0 61.0 58.0 
52.0 60.0 60.0 60.0 
204.0 85.0 64.0 68.0 
53.0 58.0 58.0 60.0 
52.0 59.0 60.0 58.0 
52.0 59.0 60.0 57.0 
201.0 86.0 63.0 66.0 
51.0 58.0 58.0 59.0 
53.0 57.0 62.0 57.0 
51.0 61.0 57.0 62.0 
202.0 86.0 62.0 68.0 
53.0 58.0 60.0 57.0 
55.0 58.0 59.0 60.0 
52.0 59.0 60.0 59.0 
204.0 85.0 64.0 65.0 
53.0 60.0 57.0 61.0 
52.0 59.0 59.0 60.0 
53.0 60.0 59.0 61.0 
202.0 86.0 60.0 69.0 
54.0 59.0 57.0 61.0 
55.0 58.0 61.0 58.0 
52.0 59.0 60.0 60.0 
204.0 85.0 62.0 70.0 
55.0 56.0 61.0 61.0 
54.0 61.0 58.0 61.0 
54.0 60.0 58.0 63.0 
204.0 86.0 62.0 71.0 
57.0 55.0 60.0 59.0 
57.0 56.0 61.0 60.0 
54.0 58.0 61.0 57.0 
207.0 88.0 61.0 71.0 
57.0 55.0 61.0 57.0 
54.0 58.0 62.0 57.0 
54.0 61.0 58.0 62.0 
202.0 86.0 60.0 71.0 
54.0 56.0 60.0 58.0 
52.0 60.0 57.0 62.0 
55.0 58.0 60.0 61.0 
202.0 85.0 63.0 69.0 
57.0 56.0 61.0 56.0 
51.0 60.0 59.0 62.0 
56.0 58.0 60.0 63.0 
201.0 84.0 60.0 68.0 
53.0 57.0 60.0 58.0 
52.0 58.0 61.0 57.0 
52.0 60.0 59.0 62.0 
203.0 83.0 63.0 67.0 
51.0 59.0 57.0 61.0 
55.0 58.0 60.0 60.0 
52.0 61.0 59.0 59.0 
202.0 84.0 64.0 67.0 
53.0 59.0 58.0 60.0 
54.0 58.0 59.0 61.0 
52.0 60.0 58.0 63.0 
200.0 85.0 63.0 68.0 
52.0 60.0 57.0 59.0 
57.0 55.0 61.0 58.0 
56.0 57.0 61.0 57.0 
201.0 84.0 62.0 68.0 
51.0 59.0 58.0 59.0 
57.0 57.0 59.0 61.0 
57.0 59.0 59.0 64.0 
200.0 85.0 62.0 70.0 
57.0 55.0 61.0 57.0 
56.0 55.0 62.0 57.0 
53.0 60.0 57.0 62.0 
203.0 82.0 64.0 66.0 
54.0 59.0 57.0 61.0 
55.0 58.0 58.0 61.0 
57.0 56.0 61.0 58.0 
202.0 82.0 65.0 66.0 
52.0 60.0 57.0 61.0 
57.0 55.0 62.0 57.0 
55.0 57.0 61.0 58.0 
199.0 84.0 63.0 67.0 
54.0 59.0 58.0 61.0 
55.0 58.0 60.0 60.0 
56.0 57.0 63.0 58.0 
199.0 86.0 61.0 72.0 
57.0 57.0 57.0 61.0 
51.0 61.0 59.0 59.0 
54.0 61.0 58.0 61.0 
202.0 82.0 65.0 66.0 
55.0 56.0 60.0 59.0 
56.0 56.0 58.0 62.0 
54.0 56.0 62.0 57.0 
197.0 86.0 62.0 70.0 
54.0 57.0 60.0 58.0 
53.0 58.0 60.0 60.0 
57.0 57.0 62.0 59.0 
201.0 83.0 64.0 67.0 
53.0 60.0 58.0 58.0 
53.0 60.0 59.0 58.0 
51.0 61.0 58.0 61.0 
197.0 86.0 61.0 71.0 
55.0 57.0 59.0 59.0 
52.0 59.0 59.0 60.0 
55.0 61.0 58.0 61.0 
202.0 84.0 61.0 71.0 
57.0 56.0 58.0 62.0 
54.0 60.0 58.0 62.0 
57.0 58.0 60.0 61.0 
201.0 84.0 63.0 67.0 
54.0 58.0 59.0 59.0 
52.0 59.0 58.0 60.0 
55.0 57.0 61.0 58.0 
199.0 82.0 65.0 67.0 
57.0 54.0 61.0 57.0 
53.0 60.0 58.0 63.0 
54.0 59.0 59.0 61.0 
198.0 86.0 62.0 70.0 
54.0 59.0 58.0 60.0 
55.0 57.0 61.0 57.0 
54.0 58.0 61.0 59.0 
196.0 87.0 61.0 70.0 
55.0 55.0 61.0 58.0 
55.0 58.0 58.0 61.0 
56.0 59.0 60.0 62.0 
196.0 83.0 64.0 67.0 
53.0 59.0 57.0 55.0 
53.0 60.0 58.0 63.0 
56.0 55.0 61.0 57.0 
197.0 86.0 62.0 68.0 
55.0 58.0 59.0 61.0 
52.0 61.0 59.0 61.0 
55.0 58.0 60.0 60.0 
198.0 84.0 64.0 69.0 
54.0 58.0 59.0 59.0 
52.0 60.0 60.0 60.0 
53.0 61.0 60.0 62.0 
199.0 84.0 64.0 68.0 
59.0 56.0 60.0 59.0 
52.0 60.0 58.0 63.0 
53.0 59.0 61.0 57.0 
195.0 85.0 64.0 67.0 
53.0 60.0 58.0 60.0 
52.0 58.0 62.0 57.0 
53.0 60.0 59.0 62.0 
200.0 83.0 64.0 68.0 
56.0 56.0 59.0 59.0 
53.0 58.0 59.0 60.0 
57.0 57.0 62.0 59.0 
199.0 84.0 64.0 69.0 
53.0 59.0 57.0 61.0 
55.0 58.0 59.0 60.0 
53.0 60.0 59.0 61.0 
196.0 85.0 63.0 70.0 
55.0 57.0 60.0 58.0 
52.0 61.0 58.0 62.0 
54.0 60.0 58.0 64.0 
195.0 85.0 62.0 68.0 
53.0 59.0 58.0 57.0 
51.0 60.0 59.0 60.0 
52.0 61.0 61.0 59.0 
197.0 86.0 61.0 70.0 
56.0 56.0 58.0 61.0 
53.0 59.0 60.0 59.0 
54.0 59.0 61.0 59.0 
195.0 86.0 63.0 70.0 
57.0 56.0 61.0 57.0 
54.0 57.0 62.0 57.0 
51.0 61.0 60.0 61.0 
195.0 88.0 62.0 70.0 
57.0 54.0 62.0 56.0 
53.0 60.0 58.0 61.0 
55.0 58.0 59.0 60.0 
197.0 84.0 64.0 68.0 
57.0 55.0 61.0 57.0 
53.0 60.0 58.0 63.0 
54.0 58.0 60.0 58.0 
200.0 82.0 65.0 66.0 
56.0 57.0 58.0 61.0 
56.0 58.0 57.0 61.0 
55.0 58.0 57.0 62.0 
199.0 85.0 62.0 73.0 
57.0 54.0 61.0 57.0 
53.0 57.0 62.0 58.0 
52.0 59.0 60.0 59.0 
195.0 85.0 63.0 68.0 
55.0 58.0 57.0 62.0 
51.0 59.0 59.0 60.0 
52.0 61.0 59.0 61.0 
198.0 83.0 64.0 67.0 
52.0 60.0 57.0 59.0 
56.0 57.0 61.0 58.0 
51.0 61.0 57.0 61.0 
194.0 85.0 63.0 69.0 
58.0 56.0 62.0 56.0 
56.0 59.0 60.0 60.0 
55.0 57.0 61.0 60.0 
194.0 84.0 66.0 67.0 
54.0 56.0 61.0 59.0 
55.0 60.0 58.0 60.0 
55.0 59.0 58.0 64.0 
197.0 84.0 64.0 68.0 
54.0 55.0 61.0 57.0 
58.0 57.0 63.0 59.0 
52.0 60.0 59.0 62.0 
194.0 86.0 63.0 67.0 
55.0 60.0 57.0 62.0 
54.0 58.0 58.0 61.0 
54.0 58.0 60.0 59.0 
198.0 82.0 65.0 67.0 
52.0 60.0 56.0 61.0 
53.0 60.0 58.0 62.0 
53.0 59.0 60.0 61.0 
194.0 84.0 63.0 68.0 
53.0 57.0 60.0 57.0 
55.0 56.0 60.0 61.0 
55.0 55.0 62.0 58.0 
194.0 81.0 66.0 67.0 
55.0 57.0 61.0 57.0 
57.0 56.0 60.0 60.0 
53.0 58.0 60.0 58.0 
193.0 84.0 62.0 71.0 
54.0 56.0 61.0 60.0 
54.0 58.0 60.0 59.0 
55.0 60.0 59.0 61.0 
192.0 84.0 62.0 70.0 
57.0 55.0 62.0 57.0 
58.0 58.0 61.0 58.0 
52.0 61.0 58.0 64.0 
195.0 81.0 65.0 65.0 
55.0 57.0 59.0 58.0 
56.0 57.0 61.0 58.0 
54.0 59.0 59.0 62.0 
194.0 83.0 63.0 70.0 
58.0 57.0 58.0 63.0 
51.0 60.0 59.0 59.0 
54.0 61.0 58.0 61.0 
193.0 83.0 65.0 65.0 
53.0 60.0 56.0 61.0 
53.0 59.0 59.0 61.0 
53.0 60.0 59.0 61.0 
193.0 84.0 63.0 69.0 
56.0 57.0 59.0 58.0 
52.0 61.0 56.0 62.0 
57.0 56.0 61.0 58.0 
189.0 86.0 61.0 71.0 
54.0 57.0 59.0 60.0 
53.0 59.0 60.0 59.0 
51.0 61.0 58.0 62.0 
190.0 86.0 61.0 70.0 
53.0 58.0 58.0 61.0 
54.0 58.0 58.0 63.0 
58.0 58.0 61.0 62.0 
192.0 80.0 65.0 67.0 
54.0 57.0 61.0 61.0 
55.0 56.0 61.0 58.0 
54.0 59.0 59.0 61.0 
189.0 86.0 62.0 70.0 
57.0 56.0 60.0 58.0 
55.0 59.0 60.0 60.0 
54.0 58.0 62.0 57.0 
193.0 82.0 66.0 67.0 
52.0 59.0 58.0 60.0 
52.0 62.0 57.0 62.0 
55.0 58.0 60.0 60.0 
190.0 84.0 64.0 68.0 
52.0 59.0 57.0 61.0 
56.0 57.0 62.0 58.0 
52.0 60.0 58.0 63.0 
192.0 82.0 67.0 67.0 
54.0 58.0 59.0 56.0 
56.0 55.0 60.0 61.0 
57.0 58.0 60.0 61.0 
189.0 84.0 63.0 68.0 
50.0 61.0 56.0 62.0 
55.0 58.0 61.0 58.0 
51.0 62.0 59.0 61.0 
195.0 82.0 66.0 66.0 
52.0 60.0 57.0 61.0 
50.0 60.0 59.0 60.0 
55.0 59.0 57.0 63.0 
195.0 82.0 67.0 66.0 
54.0 57.0 59.0 60.0 
58.0 56.0 59.0 60.0 
57.0 57.0 61.0 58.0 
191.0 85.0 64.0 69.0 
57.0 56.0 61.0 62.0 
55.0 58.0 61.0 59.0 
55.0 59.0 60.0 62.0 
192.0 84.0 65.0 67.0 
54.0 57.0 60.0 58.0 
52.0 60.0 59.0 59.0 
53.0 60.0 59.0 60.0 
189.0 87.0 63.0 71.0 
57.0 56.0 59.0 59.0 
56.0 58.0 59.0 60.0 
54.0 58.0 61.0 59.0 
191.0 82.0 65.0 66.0 
52.0 59.0 59.0 59.0 
54.0 58.0 63.0 57.0 
52.0 61.0 58.0 63.0 
187.0 88.0 62.0 70.0 
53.0 58.0 59.0 60.0 
54.0 58.0 59.0 58.0 
51.0 61.0 57.0 63.0 
193.0 82.0 67.0 66.0 
54.0 56.0 59.0 56.0 
52.0 60.0 59.0 59.0 
52.0 60.0 59.0 59.0 
194.0 83.0 62.0 71.0 
58.0 56.0 59.0 60.0 
55.0 58.0 58.0 62.0 
57.0 56.0 62.0 58.0 
194.0 83.0 64.0 68.0 
53.0 59.0 58.0 58.0 
52.0 60.0 57.0 63.0 
54.0 57.0 62.0 58.0 
194.0 81.0 66.0 67.0 
54.0 58.0 59.0 58.0 
52.0 60.0 58.0 61.0 
58.0 57.0 60.0 60.0 
189.0 85.0 63.0 71.0 
54.0 58.0 59.0 60.0 
53.0 60.0 59.0 62.0 
55.0 58.0 59.0 59.0 
188.0 84.0 63.0 71.0 
57.0 56.0 58.0 61.0 
52.0 58.0 63.0 58.0 
51.0 60.0 59.0 60.0 
188.0 86.0 63.0 70.0 
57.0 56.0 60.0 57.0 
57.0 57.0 60.0 60.0 
55.0 57.0 62.0 57.0 
188.0 85.0 64.0 68.0 
56.0 58.0 59.0 61.0 
56.0 58.0 60.0 59.0 
53.0 59.0 60.0 60.0 
188.0 83.0 65.0 68.0 
55.0 57.0 59.0 60.0 
58.0 55.0 60.0 59.0 
57.0 56.0 62.0 58.0 
190.0 82.0 64.0 69.0 
56.0 57.0 58.0 60.0 
54.0 57.0 60.0 59.0 
53.0 60.0 59.0 60.0 
186.0 82.0 67.0 67.0 
53.0 59.0 59.0 58.0 
54.0 58.0 60.0 59.0 
55.0 59.0 58.0 62.0 
190.0 81.0 67.0 68.0 
51.0 60.0 57.0 57.0 
54.0 58.0 59.0 59.0 
54.0 58.0 62.0 57.0 
190.0 83.0 64.0 69.0 
52.0 59.0 57.0 61.0 
53.0 59.0 60.0 59.0 
57.0 57.0 61.0 56.0 
188.0 84.0 64.0 67.0 
53.0 60.0 58.0 60.0 
54.0 58.0 60.0 59.0 
52.0 60.0 59.0 63.0 
187.0 84.0 63.0 70.0 
58.0 54.0 60.0 58.0 
56.0 58.0 57.0 61.0 
55.0 61.0 59.0 60.0 
185.0 84.0 64.0 68.0 
54.0 59.0 56.0 62.0 
54.0 59.0 59.0 60.0 
55.0 58.0 63.0 58.0 
187.0 83.0 66.0 67.0 
55.0 57.0 60.0 56.0 
54.0 59.0 58.0 60.0 
53.0 59.0 61.0 60.0 
190.0 81.0 66.0 66.0 
55.0 58.0 58.0 58.0 
54.0 58.0 58.0 60.0 
51.0 61.0 59.0 58.0 
186.0 83.0 64.0 68.0 
56.0 58.0 58.0 60.0 
56.0 58.0 59.0 61.0 
57.0 56.0 62.0 60.0 
190.0 81.0 66.0 68.0 
56.0 56.0 60.0 58.0 
52.0 58.0 61.0 57.0 
53.0 58.0 62.0 59.0 
189.0 83.0 65.0 68.0 
52.0 59.0 58.0 59.0 
57.0 58.0 58.0 62.0 
59.0 57.0 60.0 60.0 
185.0 86.0 63.0 70.0 
57.0 58.0 58.0 60.0 
54.0 59.0 57.0 62.0 
56.0 58.0 62.0 57.0 
188.0 83.0 65.0 67.0 
54.0 58.0 58.0 58.0 
58.0 55.0 60.0 59.0 
57.0 56.0 62.0 58.0 
187.0 84.0 64.0 68.0 
52.0 59.0 57.0 60.0 
52.0 60.0 58.0 60.0 
55.0 61.0 58.0 62.0 
184.0 84.0 64.0 66.0 
57.0 56.0 59.0 60.0 
56.0 55.0 60.0 59.0 
54.0 59.0 62.0 57.0 
187.0 83.0 63.0 71.0 
58.0 55.0 61.0 57.0 
55.0 56.0 62.0 57.0 
54.0 60.0 59.0 63.0 
190.0 82.0 66.0 68.0 
53.0 59.0 59.0 60.0 
53.0 60.0 59.0 61.0 
58.0 56.0 62.0 57.0 
189.0 80.0 67.0 65.0 
56.0 56.0 60.0 61.0 
53.0 60.0 58.0 62.0 
54.0 59.0 59.0 61.0 
187.0 82.0 65.0 68.0 
54.0 57.0 61.0 57.0 
51.0 60.0 59.0 59.0 
55.0 61.0 58.0 62.0 
184.0 85.0 65.0 69.0 
55.0 58.0 58.0 62.0 
58.0 57.0 60.0 60.0 
56.0 57.0 62.0 57.0 
186.0 83.0 63.0 69.0 
54.0 58.0 59.0 59.0 
52.0 59.0 59.0 60.0 
56.0 58.0 60.0 59.0 
188.0 80.0 67.0 66.0 
54.0 58.0 58.0 60.0 
58.0 56.0 62.0 57.0 
52.0 60.0 58.0 63.0 
184.0 84.0 63.0 70.0 
56.0 56.0 59.0 58.0 
51.0 60.0 57.0 61.0 
57.0 56.0 61.0 59.0 
183.0 85.0 64.0 68.0 
55.0 59.0 57.0 61.0 
53.0 61.0 58.0 62.0 
56.0 57.0 62.0 58.0 
183.0 85.0 63.0 69.0 
56.0 57.0 59.0 60.0 
56.0 57.0 59.0 59.0 
54.0 59.0 59.0 60.0 
186.0 84.0 64.0 71.0 
54.0 57.0 59.0 58.0 
52.0 61.0 57.0 62.0 
55.0 58.0 59.0 62.0 
190.0 81.0 67.0 66.0 
55.0 57.0 59.0 60.0 
57.0 56.0 62.0 58.0 
56.0 57.0 61.0 59.0 
188.0 86.0 63.0 71.0 
57.0 55.0 61.0 58.0 
58.0 56.0 61.0 60.0 
58.0 57.0 61.0 60.0 
188.0 87.0 62.0 71.0 
59.0 56.0 58.0 58.0 
58.0 56.0 62.0 57.0 
53.0 60.0 58.0 62.0 
189.0 83.0 63.0 70.0 
56.0 56.0 61.0 57.0 
54.0 58.0 61.0 59.0 
56.0 59.0 59.0 62.0 
187.0 84.0 64.0 69.0 
58.0 56.0 62.0 57.0 
56.0 57.0 61.0 58.0 
57.0 57.0 62.0 58.0 
186.0 84.0 63.0 71.0 
54.0 59.0 58.0 61.0 
55.0 58.0 60.0 58.0 
54.0 60.0 60.0 62.0 
186.0 84.0 64.0 68.0 
55.0 61.0 57.0 59.0 
56.0 56.0 60.0 62.0 
57.0 58.0 59.0 63.0 
184.0 85.0 63.0 70.0 
58.0 55.0 61.0 62.0 
55.0 59.0 59.0 59.0 
55.0 60.0 57.0 63.0 
185.0 86.0 62.0 70.0 
58.0 55.0 61.0 56.0 
56.0 60.0 57.0 63.0 
59.0 57.0 61.0 59.0 
189.0 82.0 66.0 65.0 
54.0 57.0 60.0 56.0 
53.0 60.0 58.0 63.0 
54.0 60.0 57.0 63.0 
187.0 83.0 66.0 69.0 
58.0 56.0 61.0 58.0 
53.0 61.0 58.0 61.0 
59.0 58.0 60.0 61.0 
184.0 83.0 66.0 69.0 
59.0 57.0 58.0 62.0 
53.0 59.0 60.0 59.0 
54.0 58.0 61.0 58.0 
189.0 82.0 66.0 68.0 
57.0 55.0 61.0 58.0 
54.0 58.0 61.0 59.0 
55.0 59.0 58.0 63.0 
184.0 83.0 68.0 65.0 
52.0 61.0 58.0 60.0 
53.0 60.0 57.0 62.0 
58.0 57.0 61.0 59.0 
187.0 81.0 66.0 69.0 
57.0 57.0 59.0 59.0 
56.0 57.0 62.0 57.0 
58.0 56.0 62.0 59.0 
182.0 85.0 64.0 71.0 
56.0 55.0 61.0 61.0 
58.0 58.0 57.0 61.0 
57.0 61.0 58.0 62.0 
182.0 80.0 66.0 68.0 
58.0 57.0 58.0 61.0 
57.0 57.0 62.0 59.0 
55.0 57.0 62.0 58.0 
184.0 80.0 67.0 68.0 
52.0 60.0 58.0 60.0 
52.0 60.0 57.0 62.0 
55.0 58.0 62.0 59.0 
181.0 84.0 65.0 69.0 
58.0 56.0 61.0 57.0 
56.0 58.0 60.0 60.0 
58.0 57.0 63.0 57.0 
181.0 81.0 65.0 68.0 
52.0 60.0 57.0 61.0 
55.0 58.0 60.0 62.0 
56.0 57.0 61.0 59.0 
182.0 80.0 67.0 68.0 
55.0 61.0 58.0 60.0 
54.0 60.0 57.0 62.0 
59.0 57.0 60.0 60.0 
185.0 80.0 67.0 67.0 
53.0 60.0 57.0 60.0 
53.0 60.0 58.0 61.0 
59.0 57.0 61.0 58.0 
181.0 83.0 64.0 69.0 
54.0 58.0 59.0 59.0 
52.0 60.0 58.0 62.0 
55.0 59.0 59.0 60.0 
183.0 80.0 65.0 67.0 
54.0 58.0 58.0 59.0 
58.0 55.0 62.0 57.0 
56.0 57.0 62.0 57.0 
181.0 85.0 64.0 69.0 
52.0 59.0 58.0 61.0 
55.0 58.0 62.0 57.0 
52.0 59.0 62.0 57.0 
182.0 82.0 67.0 65.0 
53.0 60.0 56.0 61.0 
56.0 59.0 60.0 59.0 
52.0 61.0 57.0 62.0 
180.0 83.0 64.0 70.0 
58.0 55.0 61.0 56.0 
54.0 58.0 61.0 59.0 
55.0 60.0 57.0 62.0 
183.0 81.0 66.0 67.0 
53.0 60.0 58.0 60.0 
53.0 62.0 58.0 62.0 
54.0 59.0 60.0 62.0 
184.0 81.0 65.0 68.0 
53.0 59.0 58.0 59.0 
52.0 61.0 57.0 62.0 
54.0 59.0 59.0 61.0 
181.0 82.0 63.0 71.0 
58.0 56.0 59.0 59.0 
55.0 60.0 58.0 62.0 
57.0 58.0 57.0 62.0 
183.0 82.0 65.0 70.0 
55.0 58.0 59.0 58.0 
52.0 61.0 59.0 60.0 
56.0 58.0 59.0 62.0 
179.0 83.0 64.0 69.0 
59.0 57.0 60.0 61.0 
56.0 58.0 59.0 61.0 
56.0 56.0 62.0 57.0 
183.0 80.0 67.0 67.0 
57.0 56.0 59.0 56.0 
58.0 57.0 62.0 58.0 
56.0 57.0 61.0 57.0 
184.0 79.0 66.0 67.0 
58.0 55.0 61.0 56.0 
54.0 61.0 58.0 61.0 
58.0 57.0 60.0 59.0 
179.0 82.0 65.0 65.0 
53.0 60.0 59.0 59.0 
55.0 58.0 61.0 57.0 
53.0 62.0 58.0 61.0 
183.0 81.0 65.0 68.0 
54.0 59.0 58.0 61.0 
54.0 58.0 59.0 60.0 
53.0 60.0 59.0 59.0 
178.0 84.0 63.0 70.0 
52.0 59.0 57.0 60.0 
58.0 56.0 61.0 58.0 
52.0 61.0 58.0 62.0 
180.0 83.0 64.0 70.0 
56.0 56.0 59.0 60.0 
54.0 57.0 61.0 58.0 
54.0 59.0 61.0 59.0 
179.0 83.0 63.0 70.0 
58.0 55.0 60.0 57.0 
58.0 56.0 60.0 62.0 
59.0 58.0 58.0 63.0 
181.0 82.0 64.0 70.0 
57.0 58.0 59.0 60.0 
56.0 58.0 60.0 62.0 
54.0 58.0 61.0 58.0 
176.0 84.0 63.0 71.0 
58.0 55.0 61.0 57.0 
57.0 58.0 60.0 60.0 
54.0 59.0 59.0 59.0 
181.0 80.0 68.0 66.0 
52.0 61.0 57.0 61.0 
55.0 58.0 59.0 58.0 
52.0 61.0 57.0 63.0 
183.0 80.0 64.0 68.0 
59.0 56.0 59.0 58.0 
53.0 59.0 60.0 60.0 
53.0 60.0 59.0 60.0 
184.0 82.0 64.0 70.0 
58.0 57.0 60.0 62.0 
53.0 60.0 58.0 59.0 
56.0 62.0 57.0 63.0 
183.0 83.0 65.0 70.0 
55.0 59.0 58.0 61.0 
55.0 57.0 62.0 56.0 
53.0 61.0 58.0 62.0 
142.0 75.0 67.0 64.0 
56.0 59.0 57.0 61.0 
58.0 56.0 60.0 58.0 
53.0 62.0 57.0 63.0 
136.0 78.0 62.0 68.0 
56.0 59.0 58.0 60.0 
56.0 58.0 59.0 59.0 
55.0 60.0 59.0 60.0 
140.0 75.0 65.0 66.0 
54.0 61.0 57.0 59.0 
59.0 57.0 60.0 60.0 
58.0 57.0 62.0 60.0 
142.0 76.0 66.0 64.0 
53.0 59.0 57.0 61.0 
57.0 57.0 62.0 57.0 
58.0 58.0 61.0 59.0 
141.0 76.0 62.0 69.0 
60.0 56.0 60.0 58.0 
60.0 56.0 63.0 57.0 
53.0 62.0 58.0 62.0 
140.0 77.0 63.0 68.0 
60.0 57.0 60.0 58.0 
57.0 58.0 61.0 58.0 
59.0 58.0 62.0 57.0 
139.0 77.0 63.0 69.0 
58.0 55.0 59.0 59.0 
54.0 61.0 58.0 60.0 
56.0 61.0 61.0 61.0 
141.0 76.0 63.0 68.0 
57.0 58.0 57.0 61.0 
58.0 59.0 57.0 61.0 
58.0 61.0 58.0 62.0 
142.0 77.0 63.0 68.0 
57.0 58.0 59.0 58.0 
54.0 61.0 59.0 60.0 
59.0 59.0 60.0 61.0 
140.0 78.0 62.0 69.0 
60.0 55.0 61.0 57.0 
58.0 56.0 62.0 57.0 
56.0 62.0 58.0 63.0 
140.0 74.0 65.0 66.0 
55.0 60.0 57.0 58.0 
60.0 56.0 62.0 57.0 
59.0 58.0 62.0 57.0 
140.0 74.0 65.0 65.0 
55.0 59.0 58.0 59.0 
54.0 62.0 57.0 62.0 
60.0 57.0 61.0 59.0 
141.0 76.0 63.0 68.0 
58.0 60.0 57.0 60.0 
55.0 59.0 62.0 57.0 
55.0 61.0 60.0 60.0 
137.0 77.0 62.0 68.0 
57.0 55.0 61.0 57.0 
60.0 57.0 60.0 60.0 
57.0 60.0 60.0 60.0 
141.0 74.0 65.0 67.0 
56.0 59.0 59.0 58.0 
56.0 59.0 60.0 60.0 
58.0 59.0 59.0 59.0 
142.0 72.0 65.0 66.0 
54.0 60.0 57.0 59.0 
54.0 61.0 57.0 61.0 
55.0 62.0 57.0 62.0 
137.0 77.0 63.0 67.0 
56.0 58.0 59.0 59.0 
54.0 59.0 60.0 57.0 
55.0 60.0 61.0 59.0 
141.0 75.0 64.0 68.0 
56.0 57.0 62.0 57.0 
56.0 59.0 61.0 57.0 
57.0 59.0 60.0 60.0 
138.0 75.0 66.0 65.0 
57.0 59.0 57.0 59.0 
59.0 58.0 60.0 58.0 
55.0 62.0 58.0 63.0 
141.0 74.0 64.0 65.0 
57.0 59.0 58.0 60.0 
55.0 61.0 59.0 63.0 
56.0 62.0 59.0 63.0 
140.0 74.0 64.0 68.0 
59.0 58.0 59.0 60.0 
56.0 59.0 60.0 58.0 
55.0 63.0 58.0 61.0 
142.0 73.0 66.0 65.0 
56.0 58.0 61.0 56.0 
58.0 58.0 59.0 63.0 
60.0 58.0 61.0 58.0 
142.0 74.0 65.0 66.0 
57.0 55.0 61.0 58.0 
60.0 56.0 61.0 58.0 
55.0 61.0 59.0 60.0 
141.0 74.0 64.0 67.0 
58.0 56.0 62.0 57.0 
56.0 59.0 59.0 60.0 
55.0 60.0 59.0 62.0 
137.0 78.0 62.0 68.0 
60.0 56.0 60.0 59.0 
53.0 61.0 57.0 63.0 
56.0 60.0 59.0 63.0 
141.0 72.0 66.0 63.0 
57.0 57.0 60.0 58.0 
56.0 57.0 62.0 57.0 
55.0 61.0 59.0 61.0 
140.0 75.0 62.0 68.0 
58.0 58.0 60.0 58.0 
59.0 60.0 58.0 62.0 
59.0 57.0 63.0 58.0 
143.0 73.0 64.0 65.0 
54.0 59.0 58.0 61.0 
56.0 60.0 59.0 60.0 
60.0 58.0 61.0 61.0 
143.0 74.0 64.0 66.0 
54.0 60.0 58.0 62.0 
56.0 58.0 59.0 60.0 
56.0 59.0 59.0 61.0 
137.0 78.0 62.0 69.0 
57.0 58.0 58.0 60.0 
56.0 58.0 60.0 58.0 
55.0 60.0 59.0 60.0 
139.0 74.0 65.0 66.0 
59.0 57.0 60.0 58.0 
60.0 57.0 58.0 60.0 
60.0 59.0 59.0 62.0 
139.0 77.0 62.0 67.0 
56.0 58.0 59.0 56.0 
54.0 61.0 57.0 61.0 
60.0 57.0 62.0 59.0 
141.0 75.0 64.0 69.0 
58.0 55.0 61.0 57.0 
57.0 58.0 62.0 57.0 
54.0 59.0 60.0 60.0 
141.0 73.0 66.0 64.0 
56.0 58.0 58.0 60.0 
60.0 55.0 62.0 57.0 
58.0 58.0 61.0 58.0 
137.0 77.0 64.0 66.0 
53.0 60.0 57.0 57.0 
57.0 58.0 60.0 59.0 
55.0 61.0 59.0 61.0 
138.0 76.0 65.0 65.0 
53.0 60.0 59.0 56.0 
54.0 60.0 59.0 60.0 
58.0 60.0 58.0 61.0 
140.0 75.0 64.0 67.0 
59.0 56.0 60.0 58.0 
59.0 58.0 59.0 60.0 
58.0 57.0 62.0 56.0 
142.0 73.0 64.0 65.0 
54.0 61.0 57.0 60.0 
54.0 61.0 58.0 61.0 
61.0 58.0 61.0 60.0 
143.0 73.0 67.0 65.0 
59.0 57.0 60.0 58.0 
57.0 58.0 60.0 60.0 
60.0 58.0 61.0 59.0 
141.0 74.0 66.0 64.0 
56.0 59.0 58.0 60.0 
59.0 57.0 61.0 59.0 
56.0 59.0 62.0 59.0 
139.0 75.0 67.0 64.0 
54.0 57.0 61.0 56.0 
59.0 57.0 61.0 57.0 
55.0 61.0 59.0 60.0 
139.0 78.0 63.0 68.0 
59.0 57.0 60.0 58.0 
59.0 57.0 60.0 58.0 
55.0 61.0 58.0 62.0 
141.0 75.0 64.0 68.0 
56.0 58.0 60.0 59.0 
55.0 61.0 59.0 60.0 
60.0 57.0 60.0 59.0 
137.0 79.0 63.0 68.0 
56.0 60.0 57.0 62.0 
54.0 62.0 57.0 60.0 
54.0 62.0 58.0 63.0 
140.0 74.0 64.0 66.0 
56.0 60.0 57.0 60.0 
56.0 59.0 63.0 57.0 
55.0 60.0 62.0 57.0 
140.0 78.0 64.0 67.0 
58.0 59.0 56.0 62.0 
56.0 61.0 58.0 62.0 
60.0 57.0 62.0 59.0 
143.0 74.0 64.0 66.0 
55.0 58.0 58.0 59.0 
55.0 61.0 59.0 61.0 
60.0 56.0 61.0 57.0 
140.0 76.0 63.0 68.0 
58.0 57.0 60.0 57.0 
53.0 60.0 60.0 60.0 
56.0 60.0 60.0 61.0 
141.0 75.0 65.0 66.0 
55.0 59.0 58.0 60.0 
60.0 56.0 62.0 57.0 
54.0 62.0 57.0 60.0 
144.0 76.0 64.0 70.0 
59.0 58.0 57.0 61.0 
53.0 62.0 58.0 59.0 
57.0 61.0 58.0 62.0 
141.0 76.0 64.0 66.0 
57.0 59.0 58.0 58.0 
59.0 57.0 61.0 58.0 
54.0 62.0 58.0 63.0 
144.0 73.0 67.0 65.0 
54.0 61.0 56.0 62.0 
55.0 60.0 59.0 62.0 
59.0 57.0 61.0 58.0 
142.0 75.0 65.0 66.0 
60.0 55.0 61.0 57.0 
56.0 59.0 59.0 60.0 
59.0 59.0 60.0 60.0 
141.0 76.0 65.0 66.0 
55.0 61.0 58.0 62.0 
59.0 58.0 59.0 62.0 
60.0 58.0 59.0 62.0 
142.0 74.0 64.0 70.0 
60.0 54.0 60.0 59.0 
60.0 58.0 60.0 59.0 
55.0 62.0 58.0 61.0 
139.0 77.0 64.0 68.0 
54.0 62.0 57.0 62.0 
59.0 56.0 60.0 58.0 
55.0 59.0 61.0 59.0 
145.0 73.0 66.0 65.0 
54.0 61.0 57.0 62.0 
57.0 58.0 60.0 58.0 
56.0 59.0 59.0 60.0 
144.0 75.0 66.0 67.0 
59.0 55.0 61.0 56.0 
56.0 59.0 58.0 62.0 
61.0 56.0 61.0 57.0 
145.0 74.0 65.0 66.0 
56.0 57.0 61.0 62.0 
57.0 60.0 57.0 60.0 
57.0 61.0 58.0 61.0 
143.0 77.0 65.0 67.0 
59.0 56.0 60.0 58.0 
55.0 61.0 58.0 60.0 
59.0 59.0 60.0 60.0 
142.0 78.0 63.0 69.0 
59.0 57.0 59.0 61.0 
57.0 59.0 57.0 62.0 
60.0 57.0 62.0 58.0 
141.0 77.0 63.0 69.0 
60.0 56.0 59.0 59.0 
54.0 61.0 58.0 61.0 
55.0 62.0 59.0 62.0 
144.0 74.0 66.0 64.0 
58.0 57.0 59.0 58.0 
58.0 56.0 63.0 57.0 
54.0 62.0 59.0 60.0 
138.0 75.0 64.0 63.0 
60.0 56.0 59.0 59.0 
58.0 56.0 61.0 59.0 
55.0 60.0 60.0 59.0 
141.0 76.0 63.0 68.0 
57.0 59.0 61.0 56.0 
56.0 58.0 60.0 59.0 
60.0 59.0 61.0 60.0 
140.0 73.0 67.0 64.0 
53.0 60.0 58.0 59.0 
54.0 60.0 58.0 60.0 
60.0 57.0 61.0 59.0 
140.0 75.0 63.0 67.0 
59.0 56.0 61.0 59.0 
54.0 61.0 59.0 60.0 
55.0 62.0 58.0 63.0 
143.0 73.0 65.0 66.0 
56.0 59.0 60.0 57.0 
56.0 61.0 57.0 61.0 
58.0 60.0 58.0 62.0 
137.0 76.0 63.0 67.0 
57.0 58.0 56.0 62.0 
54.0 61.0 57.0 61.0 
61.0 57.0 62.0 58.0 
142.0 73.0 64.0 66.0 
56.0 58.0 59.0 58.0 
56.0 60.0 60.0 60.0 
60.0 58.0 60.0 58.0 
143.0 73.0 67.0 66.0 
54.0 59.0 59.0 59.0 
55.0 59.0 59.0 60.0 
56.0 61.0 58.0 62.0 
138.0 77.0 62.0 69.0 
59.0 56.0 61.0 56.0 
58.0 59.0 60.0 58.0 
55.0 61.0 59.0 62.0 
143.0 75.0 64.0 69.0 
60.0 57.0 58.0 61.0 
56.0 61.0 59.0 60.0 
58.0 59.0 58.0 62.0 
138.0 75.0 64.0 63.0 
54.0 61.0 57.0 61.0 
54.0 61.0 57.0 62.0 
60.0 56.0 62.0 57.0 
140.0 73.0 66.0 65.0 
57.0 58.0 59.0 60.0 
60.0 57.0 61.0 58.0 
53.0 62.0 58.0 63.0 
140.0 76.0 64.0 67.0 
60.0 55.0 61.0 57.0 
59.0 56.0 62.0 56.0 
59.0 58.0 61.0 57.0 
141.0 76.0 63.0 67.0 
59.0 56.0 61.0 58.0 
55.0 59.0 60.0 59.0 
56.0 62.0 59.0 60.0 
143.0 73.0 63.0 67.0 
58.0 56.0 61.0 58.0 
57.0 58.0 60.0 58.0 
59.0 58.0 61.0 58.0 
138.0 76.0 63.0 67.0 
59.0 56.0 61.0 56.0 
57.0 59.0 59.0 58.0 
55.0 62.0 59.0 62.0 
144.0 72.0 65.0 64.0 
58.0 58.0 59.0 58.0 
59.0 58.0 60.0 58.0 
55.0 62.0 59.0 60.0 
139.0 76.0 63.0 69.0 
59.0 57.0 58.0 60.0 
56.0 59.0 59.0 59.0 
55.0 63.0 57.0 63.0 
140.0 74.0 65.0 64.0 
54.0 60.0 58.0 60.0 
56.0 56.0 61.0 59.0 
58.0 58.0 63.0 57.0 
141.0 75.0 62.0 69.0 
59.0 56.0 60.0 59.0 
58.0 59.0 60.0 60.0 
56.0 60.0 60.0 60.0 
137.0 76.0 61.0 68.0 
60.0 57.0 60.0 60.0 
54.0 60.0 59.0 60.0 
58.0 59.0 59.0 62.0 
139.0 76.0 62.0 68.0 
58.0 57.0 60.0 60.0 
57.0 59.0 60.0 58.0 
57.0 60.0 59.0 59.0 
136.0 78.0 62.0 66.0 
55.0 59.0 58.0 61.0 
56.0 58.0 58.0 62.0 
59.0 57.0 62.0 59.0 
140.0 76.0 61.0 67.0 
60.0 57.0 59.0 61.0 
57.0 59.0 61.0 61.0 
57.0 59.0 62.0 57.0 
142.0 72.0 65.0 64.0 
57.0 58.0 61.0 56.0 
54.0 61.0 58.0 61.0 
60.0 56.0 62.0 60.0 
140.0 73.0 65.0 65.0 
56.0 58.0 59.0 58.0 
57.0 58.0 60.0 60.0 
59.0 60.0 60.0 60.0 
138.0 77.0 61.0 68.0 
56.0 59.0 59.0 60.0 
58.0 58.0 61.0 58.0 
56.0 59.0 60.0 60.0 
138.0 74.0 64.0 64.0 
55.0 60.0 58.0 56.0 
54.0 59.0 59.0 58.0 
53.0 61.0 60.0 58.0 
137.0 77.0 61.0 68.0 
59.0 57.0 57.0 61.0 
56.0 61.0 60.0 59.0 
58.0 60.0 59.0 60.0 
138.0 77.0 62.0 68.0 
59.0 56.0 62.0 56.0 
58.0 58.0 59.0 60.0 
60.0 58.0 61.0 59.0 
141.0 74.0 63.0 65.0 
56.0 58.0 59.0 60.0 
54.0 61.0 59.0 63.0 
58.0 60.0 58.0 62.0 
136.0 76.0 61.0 70.0 
55.0 60.0 57.0 61.0 
59.0 58.0 62.0 58.0 
58.0 58.0 61.0 59.0 
138.0 75.0 65.0 63.0 
60.0 56.0 59.0 60.0 
59.0 56.0 62.0 58.0 
56.0 58.0 62.0 59.0 
138.0 75.0 64.0 64.0 
54.0 60.0 58.0 60.0 
56.0 60.0 58.0 62.0 
58.0 60.0 60.0 60.0 
135.0 77.0 62.0 68.0 
59.0 55.0 60.0 56.0 
56.0 58.0 60.0 59.0 
59.0 57.0 61.0 59.0 
136.0 75.0 64.0 66.0 
55.0 60.0 57.0 58.0 
58.0 56.0 62.0 57.0 
58.0 59.0 61.0 57.0 
139.0 74.0 64.0 63.0 
57.0 58.0 58.0 58.0 
56.0 59.0 57.0 62.0 
59.0 57.0 62.0 61.0 
140.0 73.0 64.0 66.0 
58.0 57.0 61.0 56.0 
59.0 58.0 63.0 57.0 
57.0 60.0 60.0 61.0 
139.0 73.0 64.0 66.0 
55.0 59.0 59.0 59.0 
54.0 61.0 56.0 62.0 
57.0 56.0 62.0 59.0 
135.0 74.0 64.0 65.0 
57.0 58.0 58.0 60.0 
60.0 57.0 61.0 59.0 
55.0 62.0 58.0 62.0 
134.0 77.0 61.0 69.0 
58.0 58.0 59.0 57.0 
56.0 59.0 61.0 59.0 
55.0 62.0 58.0 63.0 
139.0 72.0 66.0 63.0 
57.0 59.0 57.0 62.0 
54.0 60.0 60.0 58.0 
54.0 59.0 63.0 59.0 
139.0 74.0 62.0 69.0 
60.0 56.0 59.0 60.0 
59.0 58.0 60.0 59.0 
56.0 59.0 59.0 61.0 
133.0 76.0 62.0 69.0 
57.0 58.0 60.0 61.0 
59.0 56.0 64.0 57.0 
55.0 62.0 59.0 61.0 
137.0 74.0 63.0 65.0 
55.0 61.0 57.0 62.0 
54.0 61.0 59.0 60.0 
54.0 62.0 59.0 62.0 
135.0 76.0 60.0 68.0 
57.0 58.0 59.0 60.0 
55.0 61.0 57.0 62.0 
58.0 58.0 63.0 57.0 
133.0 75.0 63.0 63.0 
56.0 58.0 61.0 58.0 
59.0 57.0 60.0 62.0 
61.0 58.0 60.0 61.0 
138.0 72.0 64.0 62.0 
57.0 58.0 58.0 62.0 
57.0 61.0 57.0 62.0 
61.0 57.0 62.0 58.0 
134.0 76.0 60.0 68.0 
58.0 58.0 60.0 59.0 
56.0 58.0 60.0 60.0 
59.0 58.0 61.0 59.0 
139.0 73.0 64.0 63.0 
56.0 58.0 59.0 59.0 
59.0 58.0 60.0 60.0 
60.0 57.0 62.0 57.0 
134.0 76.0 61.0 68.0 
57.0 58.0 60.0 57.0 
55.0 59.0 60.0 57.0 
55.0 61.0 61.0 60.0 
136.0 73.0 64.0 64.0 
54.0 60.0 58.0 57.0 
55.0 59.0 60.0 59.0 
58.0 59.0 59.0 60.0 
136.0 74.0 64.0 62.0 
54.0 60.0 57.0 60.0 
57.0 58.0 62.0 57.0 
57.0 60.0 59.0 60.0 
138.0 73.0 65.0 63.0 
54.0 61.0 57.0 60.0 
54.0 61.0 57.0 61.0 
57.0 60.0 59.0 61.0 
136.0 76.0 61.0 66.0 
58.0 57.0 59.0 59.0 
55.0 59.0 60.0 59.0 
54.0 62.0 58.0 63.0 
135.0 74.0 62.0 64.0 
55.0 60.0 59.0 59.0 
57.0 57.0 61.0 58.0 
57.0 60.0 60.0 61.0 
139.0 72.0 63.0 65.0 
60.0 56.0 59.0 59.0 
56.0 59.0 59.0 61.0 
60.0 57.0 61.0 58.0 
134.0 76.0 62.0 66.0 
60.0 55.0 61.0 58.0 
57.0 57.0 61.0 59.0 
61.0 57.0 63.0 57.0 
136.0 75.0 62.0 65.0 
54.0 61.0 58.0 61.0 
59.0 57.0 62.0 59.0 
56.0 60.0 60.0 59.0 
134.0 77.0 61.0 68.0 
57.0 60.0 57.0 57.0 
58.0 57.0 61.0 58.0 
54.0 61.0 59.0 61.0 
137.0 72.0 65.0 66.0 
57.0 58.0 59.0 58.0 
58.0 58.0 59.0 58.0 
57.0 60.0 60.0 59.0 
133.0 76.0 61.0 67.0 
60.0 57.0 61.0 57.0 
58.0 58.0 61.0 60.0 
60.0 59.0 61.0 60.0 
132.0 75.0 62.0 66.0 
60.0 55.0 62.0 56.0 
56.0 61.0 60.0 60.0 
60.0 57.0 60.0 60.0 
134.0 73.0 64.0 63.0 
56.0 62.0 57.0 60.0 
60.0 56.0 62.0 58.0 
59.0 58.0 61.0 60.0 
138.0 72.0 63.0 64.0 
56.0 60.0 59.0 57.0 
57.0 60.0 58.0 60.0 
55.0 61.0 59.0 60.0 
136.0 72.0 62.0 68.0 
58.0 57.0 61.0 56.0 
57.0 59.0 60.0 59.0 
61.0 58.0 59.0 62.0 
133.0 77.0 61.0 68.0 
59.0 57.0 61.0 57.0 
58.0 57.0 63.0 58.0 
54.0 62.0 59.0 61.0 
138.0 71.0 65.0 63.0 
57.0 59.0 57.0 59.0 
61.0 56.0 61.0 57.0 
59.0 58.0 62.0 58.0 
135.0 74.0 63.0 65.0 
55.0 60.0 57.0 61.0 
54.0 62.0 58.0 63.0 
58.0 57.0 63.0 57.0 
134.0 74.0 63.0 64.0 
55.0 59.0 61.0 57.0 
60.0 58.0 59.0 64.0 
60.0 56.0 60.0 61.0 
135.0 74.0 61.0 66.0 
57.0 59.0 58.0 58.0 
55.0 59.0 60.0 57.0 
55.0 62.0 58.0 62.0 
134.0 75.0 62.0 64.0 
57.0 60.0 57.0 62.0 
54.0 61.0 59.0 61.0 
61.0 57.0 62.0 58.0 
135.0 74.0 62.0 65.0 
57.0 58.0 58.0 61.0 
58.0 59.0 59.0 61.0 
57.0 62.0 58.0 63.0 
134.0 74.0 63.0 64.0 
57.0 58.0 59.0 60.0 
60.0 56.0 62.0 58.0 
55.0 60.0 61.0 60.0 
134.0 71.0 63.0 64.0 
56.0 60.0 60.0 56.0 
60.0 57.0 62.0 57.0 
54.0 61.0 60.0 61.0 
134.0 75.0 61.0 67.0 
59.0 58.0 59.0 59.0 
59.0 59.0 60.0 60.0 
58.0 58.0 62.0 58.0 
134.0 74.0 62.0 68.0 
58.0 56.0 62.0 56.0 
58.0 61.0 60.0 59.0 
57.0 59.0 60.0 61.0 
133.0 75.0 61.0 68.0 
57.0 59.0 58.0 60.0 
58.0 58.0 61.0 58.0 
58.0 59.0 60.0 59.0 
131.0 75.0 62.0 66.0 
57.0 59.0 57.0 62.0 
54.0 58.0 60.0 58.0 
55.0 61.0 59.0 61.0 
130.0 76.0 61.0 66.0 
56.0 58.0 57.0 62.0 
56.0 62.0 57.0 61.0 
61.0 56.0 62.0 59.0 
131.0 71.0 65.0 63.0 
58.0 56.0 62.0 57.0 
57.0 59.0 57.0 62.0 
61.0 57.0 63.0 59.0 
131.0 72.0 65.0 63.0 
56.0 60.0 56.0 62.0 
59.0 57.0 61.0 58.0 
57.0 61.0 58.0 61.0 
128.0 76.0 61.0 66.0 
55.0 60.0 57.0 62.0 
59.0 58.0 60.0 59.0 
57.0 60.0 60.0 60.0 
129.0 75.0 61.0 64.0 
54.0 59.0 59.0 60.0 
57.0 56.0 61.0 57.0 
55.0 58.0 60.0 58.0 
131.0 75.0 62.0 69.0 
57.0 58.0 60.0 57.0 
58.0 60.0 58.0 62.0 
60.0 57.0 61.0 59.0 
133.0 71.0 65.0 62.0 
55.0 61.0 57.0 62.0 
58.0 59.0 60.0 60.0 
57.0 61.0 59.0 61.0 
135.0 71.0 65.0 63.0 
57.0 58.0 60.0 59.0 
60.0 57.0 62.0 58.0 
59.0 59.0 61.0 59.0 
133.0 73.0 64.0 64.0 
56.0 61.0 57.0 63.0 
57.0 60.0 57.0 62.0 
59.0 60.0 58.0 62.0 
131.0 73.0 63.0 63.0 
61.0 55.0 60.0 59.0 
54.0 59.0 60.0 59.0 
59.0 58.0 61.0 59.0 
130.0 75.0 60.0 67.0 
57.0 59.0 59.0 59.0 
55.0 62.0 58.0 61.0 
60.0 58.0 60.0 60.0 
133.0 71.0 64.0 64.0 
57.0 57.0 59.0 58.0 
58.0 58.0 61.0 60.0 
61.0 57.0 60.0 60.0 
133.0 71.0 65.0 63.0 
58.0 57.0 60.0 61.0 
57.0 59.0 60.0 59.0 
61.0 57.0 62.0 59.0 
131.0 74.0 62.0 67.0 
59.0 56.0 59.0 59.0 
56.0 57.0 61.0 58.0 
57.0 60.0 63.0 58.0 
131.0 73.0 63.0 64.0 
58.0 58.0 59.0 59.0 
60.0 57.0 61.0 60.0 
56.0 60.0 61.0 60.0 
130.0 74.0 62.0 66.0 
58.0 58.0 58.0 60.0 
59.0 59.0 59.0 61.0 
59.0 59.0 60.0 58.0 
133.0 72.0 63.0 65.0 
55.0 61.0 58.0 60.0 
59.0 57.0 62.0 59.0 
60.0 57.0 63.0 59.0 
130.0 72.0 63.0 65.0 
56.0 58.0 59.0 59.0 
60.0 58.0 60.0 59.0 
56.0 60.0 60.0 57.0 
131.0 72.0 64.0 67.0 
59.0 57.0 59.0 61.0 
57.0 61.0 59.0 60.0 
58.0 62.0 59.0 62.0 
131.0 73.0 62.0 64.0 
57.0 58.0 58.0 62.0 
54.0 61.0 59.0 60.0 
59.0 59.0 60.0 60.0 
130.0 75.0 62.0 65.0 
57.0 61.0 57.0 56.0 
55.0 62.0 58.0 62.0 
61.0 57.0 62.0 57.0 
133.0 72.0 63.0 63.0 
57.0 58.0 59.0 59.0 
60.0 57.0 60.0 60.0 
60.0 57.0 62.0 57.0 
128.0 72.0 64.0 62.0 
57.0 61.0 57.0 62.0 
54.0 61.0 60.0 58.0 
56.0 61.0 60.0 58.0 
132.0 73.0 66.0 62.0 
56.0 59.0 59.0 59.0 
56.0 59.0 61.0 58.0 
60.0 59.0 60.0 62.0 
131.0 72.0 64.0 63.0 
55.0 60.0 58.0 62.0 
59.0 59.0 59.0 60.0 
56.0 60.0 59.0 62.0 
131.0 73.0 62.0 64.0 
59.0 57.0 60.0 58.0 
55.0 61.0 57.0 61.0 
58.0 59.0 60.0 61.0 
129.0 77.0 59.0 67.0 
56.0 59.0 58.0 60.0 
57.0 59.0 59.0 62.0 
58.0 58.0 63.0 59.0 
131.0 71.0 65.0 64.0 
56.0 58.0 62.0 56.0 
60.0 56.0 61.0 58.0 
55.0 62.0 59.0 61.0 
133.0 74.0 62.0 67.0 
57.0 58.0 59.0 58.0 
