84.0 58.0 74.0 75.0 
59.0 58.0 59.0 61.0 
59.0 57.0 60.0 61.0 
60.0 59.0 58.0 61.0 
84.0 58.0 74.0 75.0 
60.0 57.0 60.0 60.0 
59.0 59.0 60.0 61.0 
61.0 58.0 59.0 61.0 
84.0 59.0 75.0 75.0 
59.0 58.0 60.0 61.0 
59.0 58.0 61.0 61.0 
60.0 59.0 59.0 60.0 
85.0 58.0 75.0 76.0 
59.0 57.0 61.0 61.0 
60.0 58.0 60.0 61.0 
60.0 59.0 59.0 60.0 
85.0 58.0 74.0 75.0 
58.0 59.0 60.0 61.0 
59.0 58.0 60.0 62.0 
60.0 59.0 59.0 60.0 
83.0 59.0 74.0 77.0 
59.0 57.0 60.0 62.0 
59.0 58.0 59.0 61.0 
60.0 60.0 60.0 61.0 
84.0 59.0 74.0 76.0 
59.0 58.0 61.0 62.0 
60.0 58.0 60.0 61.0 
60.0 59.0 57.0 60.0 
86.0 58.0 74.0 75.0 
59.0 57.0 60.0 61.0 
59.0 60.0 60.0 61.0 
60.0 58.0 60.0 60.0 
85.0 59.0 74.0 76.0 
60.0 58.0 62.0 60.0 
60.0 58.0 61.0 61.0 
60.0 59.0 60.0 60.0 
85.0 58.0 75.0 76.0 
60.0 57.0 60.0 60.0 
59.0 58.0 60.0 61.0 
60.0 59.0 59.0 60.0 
85.0 58.0 75.0 76.0 
60.0 58.0 61.0 61.0 
60.0 60.0 60.0 62.0 
60.0 58.0 60.0 60.0 
86.0 59.0 74.0 76.0 
59.0 56.0 61.0 61.0 
60.0 58.0 62.0 61.0 
60.0 59.0 60.0 60.0 
85.0 60.0 74.0 76.0 
60.0 58.0 61.0 61.0 
59.0 58.0 61.0 61.0 
60.0 59.0 60.0 60.0 
85.0 59.0 75.0 76.0 
60.0 58.0 60.0 61.0 
60.0 58.0 60.0 61.0 
60.0 59.0 59.0 60.0 
84.0 58.0 75.0 76.0 
60.0 57.0 60.0 60.0 
59.0 58.0 60.0 61.0 
60.0 58.0 61.0 60.0 
85.0 58.0 75.0 74.0 
60.0 58.0 59.0 61.0 
60.0 59.0 61.0 61.0 
59.0 57.0 59.0 60.0 
85.0 58.0 75.0 75.0 
60.0 58.0 59.0 61.0 
60.0 58.0 60.0 61.0 
60.0 58.0 60.0 61.0 
86.0 58.0 75.0 75.0 
60.0 58.0 59.0 62.0 
59.0 59.0 60.0 61.0 
60.0 59.0 60.0 60.0 
86.0 57.0 75.0 76.0 
58.0 58.0 61.0 61.0 
60.0 60.0 60.0 61.0 
60.0 59.0 60.0 61.0 
87.0 58.0 75.0 76.0 
59.0 57.0 60.0 61.0 
59.0 57.0 61.0 60.0 
59.0 59.0 59.0 61.0 
86.0 58.0 75.0 76.0 
60.0 57.0 60.0 61.0 
60.0 58.0 60.0 61.0 
59.0 59.0 59.0 61.0 
85.0 58.0 75.0 76.0 
61.0 57.0 61.0 61.0 
61.0 58.0 61.0 62.0 
60.0 60.0 59.0 60.0 
86.0 60.0 74.0 76.0 
59.0 58.0 60.0 61.0 
60.0 59.0 60.0 61.0 
59.0 59.0 60.0 61.0 
86.0 59.0 75.0 77.0 
60.0 59.0 60.0 61.0 
60.0 58.0 60.0 61.0 
60.0 59.0 59.0 61.0 
86.0 58.0 74.0 76.0 
60.0 57.0 61.0 61.0 
59.0 58.0 60.0 62.0 
59.0 58.0 59.0 60.0 
85.0 58.0 75.0 76.0 
60.0 58.0 60.0 62.0 
60.0 59.0 61.0 62.0 
59.0 60.0 58.0 60.0 
86.0 58.0 74.0 76.0 
59.0 57.0 60.0 61.0 
60.0 57.0 60.0 61.0 
61.0 59.0 59.0 61.0 
87.0 58.0 75.0 76.0 
61.0 58.0 61.0 62.0 
60.0 58.0 60.0 61.0 
60.0 59.0 60.0 61.0 
85.0 60.0 74.0 76.0 
60.0 58.0 61.0 61.0 
60.0 57.0 60.0 61.0 
60.0 58.0 60.0 59.0 
86.0 58.0 74.0 75.0 
60.0 56.0 60.0 62.0 
59.0 58.0 60.0 62.0 
60.0 59.0 59.0 61.0 
86.0 59.0 74.0 75.0 
59.0 58.0 61.0 62.0 
61.0 58.0 60.0 61.0 
60.0 59.0 59.0 60.0 
86.0 59.0 75.0 75.0 
59.0 59.0 60.0 62.0 
60.0 59.0 60.0 61.0 
60.0 59.0 59.0 60.0 
85.0 58.0 75.0 76.0 
59.0 58.0 61.0 62.0 
60.0 59.0 61.0 61.0 
61.0 60.0 59.0 60.0 
84.0 59.0 75.0 75.0 
59.0 59.0 61.0 62.0 
60.0 59.0 60.0 61.0 
61.0 59.0 60.0 60.0 
86.0 58.0 75.0 75.0 
59.0 58.0 60.0 62.0 
60.0 59.0 60.0 61.0 
59.0 59.0 60.0 62.0 
85.0 59.0 74.0 76.0 
60.0 57.0 62.0 61.0 
60.0 58.0 61.0 61.0 
60.0 57.0 59.0 61.0 
85.0 59.0 75.0 76.0 
60.0 58.0 61.0 61.0 
60.0 58.0 60.0 61.0 
60.0 58.0 60.0 60.0 
85.0 58.0 75.0 76.0 
59.0 58.0 61.0 62.0 
59.0 58.0 61.0 61.0 
61.0 58.0 61.0 60.0 
86.0 58.0 76.0 75.0 
60.0 57.0 61.0 61.0 
61.0 58.0 60.0 62.0 
60.0 59.0 60.0 60.0 
85.0 59.0 75.0 76.0 
60.0 58.0 60.0 62.0 
59.0 59.0 61.0 62.0 
60.0 61.0 59.0 61.0 
86.0 58.0 75.0 75.0 
60.0 57.0 61.0 62.0 
60.0 58.0 60.0 61.0 
61.0 59.0 60.0 60.0 
86.0 58.0 76.0 76.0 
60.0 58.0 60.0 62.0 
60.0 58.0 60.0 61.0 
60.0 59.0 59.0 61.0 
86.0 59.0 74.0 76.0 
59.0 58.0 61.0 61.0 
60.0 59.0 60.0 61.0 
60.0 59.0 59.0 60.0 
86.0 59.0 75.0 76.0 
60.0 59.0 60.0 62.0 
60.0 58.0 60.0 61.0 
61.0 60.0 60.0 61.0 
86.0 59.0 75.0 76.0 
60.0 58.0 60.0 61.0 
60.0 59.0 59.0 62.0 
60.0 59.0 60.0 61.0 
87.0 59.0 75.0 76.0 
60.0 57.0 61.0 61.0 
59.0 58.0 60.0 61.0 
60.0 59.0 59.0 60.0 
85.0 58.0 76.0 76.0 
60.0 58.0 60.0 62.0 
60.0 58.0 61.0 61.0 
60.0 59.0 60.0 61.0 
87.0 59.0 75.0 75.0 
60.0 58.0 61.0 62.0 
60.0 58.0 61.0 62.0 
61.0 58.0 60.0 61.0 
86.0 59.0 74.0 75.0 
59.0 58.0 61.0 62.0 
60.0 59.0 60.0 61.0 
61.0 59.0 60.0 60.0 
85.0 58.0 75.0 77.0 
60.0 58.0 60.0 61.0 
61.0 58.0 60.0 62.0 
60.0 59.0 60.0 61.0 
87.0 58.0 76.0 76.0 
60.0 58.0 60.0 62.0 
60.0 59.0 60.0 61.0 
60.0 60.0 60.0 61.0 
86.0 59.0 75.0 77.0 
60.0 58.0 61.0 62.0 
59.0 59.0 60.0 61.0 
59.0 59.0 60.0 62.0 
86.0 58.0 75.0 75.0 
60.0 58.0 62.0 62.0 
60.0 58.0 61.0 61.0 
60.0 59.0 60.0 59.0 
84.0 58.0 75.0 77.0 
59.0 58.0 61.0 61.0 
59.0 58.0 61.0 62.0 
60.0 58.0 60.0 60.0 
86.0 59.0 75.0 76.0 
60.0 58.0 61.0 62.0 
60.0 57.0 60.0 61.0 
60.0 59.0 60.0 61.0 
86.0 59.0 75.0 75.0 
60.0 58.0 60.0 62.0 
60.0 57.0 60.0 61.0 
60.0 59.0 59.0 61.0 
86.0 59.0 75.0 76.0 
60.0 58.0 61.0 62.0 
60.0 58.0 60.0 62.0 
61.0 59.0 60.0 61.0 
86.0 58.0 75.0 75.0 
60.0 57.0 60.0 62.0 
60.0 58.0 60.0 62.0 
60.0 59.0 59.0 61.0 
86.0 58.0 75.0 76.0 
59.0 59.0 61.0 62.0 
60.0 59.0 61.0 61.0 
60.0 59.0 61.0 61.0 
86.0 59.0 75.0 76.0 
60.0 58.0 60.0 62.0 
60.0 59.0 60.0 62.0 
60.0 59.0 60.0 61.0 
87.0 59.0 75.0 76.0 
60.0 58.0 60.0 62.0 
59.0 58.0 60.0 61.0 
60.0 59.0 60.0 61.0 
87.0 59.0 75.0 77.0 
60.0 58.0 61.0 61.0 
60.0 59.0 60.0 62.0 
60.0 59.0 59.0 61.0 
87.0 59.0 75.0 75.0 
60.0 58.0 62.0 61.0 
62.0 58.0 60.0 62.0 
60.0 59.0 60.0 61.0 
87.0 59.0 75.0 77.0 
60.0 58.0 61.0 62.0 
60.0 59.0 60.0 62.0 
61.0 59.0 59.0 61.0 
87.0 59.0 76.0 77.0 
60.0 58.0 61.0 62.0 
60.0 58.0 60.0 61.0 
60.0 59.0 60.0 61.0 
87.0 59.0 75.0 76.0 
60.0 58.0 62.0 62.0 
60.0 58.0 61.0 62.0 
61.0 60.0 59.0 61.0 
87.0 59.0 75.0 76.0 
60.0 58.0 61.0 62.0 
59.0 58.0 60.0 62.0 
60.0 60.0 58.0 61.0 
87.0 59.0 75.0 76.0 
60.0 58.0 61.0 62.0 
60.0 60.0 60.0 62.0 
60.0 60.0 60.0 61.0 
86.0 60.0 75.0 77.0 
60.0 58.0 61.0 62.0 
60.0 58.0 61.0 62.0 
60.0 60.0 59.0 61.0 
87.0 59.0 75.0 76.0 
60.0 59.0 61.0 62.0 
60.0 59.0 60.0 62.0 
60.0 59.0 61.0 61.0 
87.0 59.0 75.0 77.0 
60.0 59.0 60.0 62.0 
60.0 59.0 60.0 62.0 
61.0 60.0 60.0 60.0 
86.0 59.0 76.0 76.0 
61.0 58.0 60.0 62.0 
60.0 58.0 61.0 62.0 
60.0 59.0 60.0 61.0 
88.0 60.0 75.0 77.0 
60.0 58.0 61.0 62.0 
60.0 58.0 61.0 61.0 
61.0 60.0 60.0 61.0 
86.0 58.0 75.0 77.0 
61.0 57.0 61.0 62.0 
60.0 58.0 61.0 62.0 
60.0 60.0 60.0 61.0 
86.0 59.0 75.0 77.0 
60.0 58.0 61.0 61.0 
60.0 59.0 60.0 62.0 
60.0 58.0 60.0 61.0 
86.0 59.0 76.0 76.0 
60.0 58.0 60.0 63.0 
61.0 58.0 62.0 61.0 
60.0 59.0 60.0 61.0 
87.0 59.0 75.0 76.0 
60.0 58.0 61.0 62.0 
60.0 59.0 61.0 62.0 
60.0 59.0 60.0 61.0 
86.0 60.0 75.0 77.0 
60.0 57.0 62.0 63.0 
60.0 58.0 60.0 62.0 
60.0 59.0 60.0 62.0 
86.0 59.0 76.0 76.0 
60.0 59.0 61.0 62.0 
60.0 59.0 60.0 62.0 
61.0 59.0 60.0 61.0 
87.0 59.0 75.0 76.0 
60.0 58.0 62.0 63.0 
60.0 59.0 60.0 61.0 
60.0 59.0 60.0 61.0 
87.0 59.0 75.0 76.0 
60.0 58.0 61.0 63.0 
60.0 58.0 61.0 62.0 
60.0 59.0 59.0 61.0 
87.0 59.0 75.0 76.0 
60.0 58.0 61.0 63.0 
61.0 58.0 61.0 62.0 
60.0 59.0 60.0 61.0 
86.0 59.0 75.0 76.0 
61.0 58.0 61.0 63.0 
60.0 59.0 61.0 61.0 
60.0 59.0 61.0 62.0 
86.0 59.0 76.0 76.0 
60.0 59.0 61.0 63.0 
60.0 59.0 60.0 62.0 
60.0 58.0 60.0 61.0 
87.0 58.0 75.0 76.0 
60.0 59.0 61.0 62.0 
60.0 61.0 62.0 62.0 
60.0 59.0 60.0 61.0 
86.0 60.0 75.0 76.0 
60.0 58.0 62.0 62.0 
61.0 58.0 61.0 61.0 
61.0 60.0 60.0 61.0 
86.0 61.0 76.0 77.0 
60.0 59.0 61.0 62.0 
60.0 60.0 62.0 62.0 
60.0 59.0 60.0 61.0 
86.0 59.0 75.0 77.0 
61.0 58.0 61.0 63.0 
60.0 59.0 61.0 62.0 
61.0 59.0 60.0 61.0 
87.0 59.0 76.0 76.0 
60.0 59.0 61.0 62.0 
61.0 58.0 61.0 62.0 
60.0 58.0 61.0 61.0 
86.0 60.0 75.0 77.0 
60.0 58.0 60.0 62.0 
61.0 58.0 60.0 61.0 
59.0 58.0 60.0 61.0 
87.0 59.0 75.0 76.0 
61.0 59.0 62.0 62.0 
60.0 60.0 61.0 62.0 
60.0 60.0 61.0 60.0 
87.0 60.0 75.0 77.0 
60.0 58.0 61.0 62.0 
60.0 59.0 61.0 62.0 
60.0 59.0 60.0 61.0 
87.0 59.0 75.0 77.0 
61.0 58.0 62.0 63.0 
60.0 58.0 62.0 62.0 
61.0 59.0 60.0 61.0 
87.0 60.0 75.0 76.0 
60.0 59.0 62.0 62.0 
60.0 59.0 61.0 62.0 
60.0 59.0 60.0 61.0 
87.0 59.0 75.0 76.0 
60.0 58.0 61.0 62.0 
60.0 58.0 61.0 62.0 
60.0 60.0 59.0 62.0 
87.0 59.0 76.0 77.0 
60.0 59.0 62.0 63.0 
60.0 58.0 61.0 62.0 
60.0 59.0 60.0 61.0 
87.0 59.0 75.0 76.0 
60.0 58.0 61.0 62.0 
61.0 59.0 60.0 63.0 
61.0 60.0 60.0 61.0 
87.0 60.0 76.0 76.0 
60.0 58.0 61.0 62.0 
61.0 59.0 61.0 62.0 
60.0 59.0 60.0 62.0 
87.0 59.0 76.0 77.0 
59.0 59.0 61.0 62.0 
60.0 60.0 60.0 63.0 
60.0 60.0 60.0 62.0 
87.0 59.0 76.0 77.0 
60.0 58.0 61.0 62.0 
60.0 59.0 61.0 62.0 
61.0 59.0 60.0 61.0 
87.0 59.0 76.0 77.0 
61.0 58.0 62.0 62.0 
60.0 59.0 61.0 63.0 
61.0 59.0 60.0 62.0 
87.0 60.0 75.0 77.0 
60.0 58.0 61.0 62.0 
61.0 59.0 62.0 62.0 
61.0 60.0 60.0 61.0 
87.0 59.0 75.0 76.0 
60.0 58.0 61.0 62.0 
61.0 58.0 61.0 63.0 
61.0 60.0 60.0 61.0 
87.0 59.0 76.0 76.0 
61.0 58.0 61.0 61.0 
60.0 58.0 63.0 62.0 
60.0 59.0 60.0 62.0 
87.0 59.0 75.0 77.0 
60.0 58.0 61.0 61.0 
62.0 59.0 61.0 64.0 
62.0 59.0 60.0 61.0 
87.0 59.0 75.0 77.0 
61.0 58.0 61.0 62.0 
61.0 58.0 61.0 62.0 
60.0 60.0 61.0 61.0 
87.0 59.0 76.0 76.0 
60.0 59.0 60.0 62.0 
60.0 60.0 61.0 63.0 
60.0 60.0 60.0 61.0 
87.0 60.0 75.0 77.0 
60.0 58.0 61.0 62.0 
61.0 59.0 62.0 62.0 
60.0 60.0 60.0 60.0 
86.0 59.0 74.0 77.0 
60.0 59.0 60.0 62.0 
61.0 59.0 61.0 63.0 
60.0 60.0 60.0 61.0 
87.0 60.0 75.0 77.0 
61.0 59.0 60.0 62.0 
60.0 58.0 62.0 62.0 
60.0 59.0 61.0 62.0 
87.0 60.0 76.0 77.0 
60.0 58.0 61.0 62.0 
61.0 59.0 61.0 62.0 
60.0 60.0 60.0 61.0 
87.0 58.0 75.0 76.0 
60.0 59.0 60.0 61.0 
60.0 58.0 62.0 60.0 
60.0 59.0 60.0 61.0 
87.0 59.0 75.0 77.0 
61.0 58.0 62.0 61.0 
61.0 60.0 60.0 63.0 
61.0 59.0 60.0 61.0 
86.0 58.0 76.0 77.0 
60.0 59.0 61.0 62.0 
61.0 59.0 61.0 63.0 
61.0 58.0 60.0 61.0 
87.0 59.0 75.0 77.0 
62.0 58.0 61.0 61.0 
61.0 60.0 62.0 62.0 
60.0 60.0 61.0 60.0 
87.0 59.0 76.0 76.0 
60.0 59.0 61.0 62.0 
60.0 59.0 61.0 63.0 
61.0 60.0 60.0 62.0 
87.0 60.0 75.0 76.0 
61.0 58.0 60.0 62.0 
60.0 59.0 61.0 62.0 
61.0 60.0 61.0 62.0 
86.0 57.0 76.0 76.0 
61.0 59.0 61.0 62.0 
61.0 59.0 60.0 63.0 
61.0 60.0 60.0 61.0 
87.0 59.0 75.0 76.0 
60.0 59.0 61.0 62.0 
62.0 60.0 60.0 62.0 
60.0 58.0 60.0 62.0 
86.0 59.0 75.0 76.0 
61.0 59.0 61.0 62.0 
61.0 59.0 62.0 63.0 
60.0 60.0 59.0 62.0 
87.0 59.0 75.0 77.0 
60.0 59.0 61.0 63.0 
61.0 59.0 62.0 62.0 
60.0 58.0 60.0 62.0 
87.0 59.0 75.0 76.0 
60.0 58.0 61.0 62.0 
62.0 59.0 61.0 63.0 
60.0 60.0 60.0 61.0 
87.0 59.0 75.0 75.0 
60.0 59.0 62.0 63.0 
61.0 60.0 61.0 63.0 
61.0 61.0 59.0 61.0 
87.0 60.0 74.0 76.0 
60.0 59.0 61.0 62.0 
61.0 59.0 61.0 62.0 
59.0 61.0 60.0 62.0 
86.0 60.0 75.0 77.0 
61.0 58.0 61.0 63.0 
60.0 59.0 61.0 64.0 
61.0 59.0 61.0 61.0 
86.0 59.0 74.0 76.0 
60.0 57.0 62.0 62.0 
61.0 59.0 62.0 63.0 
61.0 60.0 59.0 61.0 
86.0 59.0 75.0 75.0 
60.0 58.0 61.0 63.0 
62.0 58.0 61.0 63.0 
61.0 60.0 60.0 61.0 
87.0 59.0 75.0 77.0 
61.0 58.0 61.0 63.0 
60.0 60.0 60.0 63.0 
60.0 60.0 59.0 60.0 
86.0 60.0 75.0 76.0 
60.0 59.0 61.0 62.0 
61.0 59.0 62.0 63.0 
60.0 61.0 61.0 61.0 
87.0 60.0 74.0 77.0 
61.0 58.0 61.0 62.0 
61.0 59.0 62.0 62.0 
60.0 60.0 61.0 61.0 
87.0 59.0 75.0 75.0 
60.0 58.0 60.0 63.0 
61.0 61.0 61.0 62.0 
62.0 59.0 61.0 60.0 
87.0 60.0 76.0 77.0 
60.0 59.0 61.0 62.0 
61.0 59.0 62.0 63.0 
61.0 59.0 61.0 61.0 
87.0 59.0 75.0 77.0 
60.0 58.0 61.0 63.0 
60.0 60.0 62.0 62.0 
60.0 61.0 60.0 60.0 
87.0 59.0 76.0 77.0 
61.0 58.0 61.0 62.0 
62.0 59.0 62.0 62.0 
60.0 60.0 60.0 61.0 
87.0 59.0 76.0 76.0 
61.0 59.0 62.0 62.0 
61.0 58.0 60.0 63.0 
60.0 60.0 60.0 61.0 
86.0 60.0 75.0 76.0 
60.0 59.0 61.0 62.0 
62.0 59.0 61.0 63.0 
60.0 60.0 60.0 61.0 
86.0 58.0 77.0 75.0 
60.0 58.0 60.0 62.0 
60.0 59.0 61.0 63.0 
61.0 60.0 60.0 61.0 
86.0 60.0 75.0 76.0 
61.0 59.0 61.0 62.0 
61.0 59.0 62.0 62.0 
61.0 61.0 60.0 61.0 
86.0 60.0 75.0 76.0 
61.0 59.0 61.0 63.0 
61.0 60.0 62.0 62.0 
60.0 60.0 60.0 61.0 
87.0 59.0 75.0 76.0 
61.0 59.0 62.0 63.0 
61.0 60.0 62.0 62.0 
60.0 60.0 59.0 62.0 
86.0 61.0 75.0 77.0 
59.0 60.0 61.0 63.0 
61.0 59.0 62.0 63.0 
60.0 60.0 61.0 61.0 
87.0 59.0 75.0 76.0 
60.0 59.0 61.0 63.0 
60.0 59.0 62.0 62.0 
61.0 59.0 60.0 61.0 
86.0 59.0 75.0 77.0 
61.0 58.0 62.0 62.0 
62.0 59.0 61.0 63.0 
61.0 59.0 61.0 61.0 
86.0 60.0 76.0 77.0 
60.0 58.0 61.0 63.0 
61.0 59.0 62.0 63.0 
61.0 60.0 61.0 62.0 
87.0 59.0 75.0 76.0 
60.0 59.0 61.0 63.0 
60.0 59.0 62.0 63.0 
61.0 60.0 61.0 61.0 
87.0 58.0 75.0 77.0 
61.0 59.0 62.0 62.0 
61.0 59.0 62.0 63.0 
60.0 60.0 60.0 61.0 
87.0 59.0 75.0 76.0 
61.0 59.0 62.0 63.0 
61.0 60.0 60.0 63.0 
60.0 60.0 59.0 61.0 
87.0 59.0 76.0 76.0 
60.0 60.0 61.0 63.0 
61.0 60.0 61.0 62.0 
60.0 60.0 60.0 60.0 
88.0 59.0 76.0 77.0 
61.0 59.0 63.0 64.0 
61.0 59.0 61.0 63.0 
61.0 60.0 60.0 61.0 
86.0 59.0 75.0 76.0 
62.0 59.0 64.0 65.0 
61.0 59.0 62.0 62.0 
60.0 60.0 60.0 61.0 
86.0 60.0 76.0 76.0 
63.0 58.0 65.0 66.0 
61.0 59.0 62.0 63.0 
60.0 60.0 60.0 60.0 
86.0 60.0 74.0 76.0 
62.0 59.0 65.0 66.0 
60.0 59.0 61.0 62.0 
60.0 61.0 60.0 62.0 
87.0 60.0 75.0 77.0 
63.0 58.0 65.0 66.0 
61.0 59.0 61.0 63.0 
61.0 61.0 61.0 61.0 
88.0 59.0 75.0 76.0 
62.0 59.0 64.0 66.0 
60.0 59.0 60.0 62.0 
61.0 60.0 61.0 61.0 
86.0 60.0 74.0 77.0 
62.0 59.0 65.0 67.0 
60.0 60.0 61.0 63.0 
61.0 59.0 61.0 61.0 
86.0 60.0 76.0 76.0 
63.0 59.0 65.0 66.0 
61.0 58.0 61.0 62.0 
61.0 60.0 61.0 60.0 
87.0 59.0 76.0 76.0 
64.0 58.0 64.0 66.0 
62.0 59.0 62.0 63.0 
60.0 59.0 60.0 61.0 
87.0 59.0 75.0 77.0 
63.0 59.0 66.0 67.0 
61.0 59.0 61.0 63.0 
61.0 59.0 60.0 61.0 
86.0 60.0 75.0 77.0 
64.0 59.0 65.0 66.0 
61.0 60.0 61.0 63.0 
60.0 60.0 61.0 60.0 
85.0 59.0 76.0 76.0 
62.0 59.0 65.0 66.0 
61.0 59.0 62.0 63.0 
60.0 60.0 60.0 61.0 
86.0 60.0 76.0 76.0 
63.0 59.0 64.0 67.0 
61.0 60.0 61.0 63.0 
60.0 60.0 61.0 62.0 
86.0 60.0 76.0 76.0 
63.0 59.0 65.0 66.0 
60.0 59.0 61.0 62.0 
60.0 59.0 60.0 60.0 
86.0 60.0 75.0 76.0 
63.0 59.0 65.0 66.0 
61.0 60.0 62.0 63.0 
60.0 61.0 60.0 61.0 
86.0 60.0 76.0 76.0 
63.0 59.0 65.0 66.0 
60.0 61.0 62.0 63.0 
60.0 61.0 60.0 62.0 
86.0 59.0 75.0 76.0 
63.0 59.0 66.0 66.0 
61.0 59.0 61.0 62.0 
60.0 60.0 60.0 61.0 
87.0 59.0 75.0 76.0 
63.0 59.0 65.0 66.0 
61.0 60.0 61.0 63.0 
61.0 60.0 60.0 61.0 
86.0 60.0 75.0 76.0 
63.0 59.0 65.0 67.0 
61.0 59.0 61.0 63.0 
61.0 60.0 60.0 61.0 
87.0 59.0 76.0 75.0 
63.0 58.0 65.0 67.0 
61.0 59.0 61.0 63.0 
62.0 60.0 60.0 61.0 
87.0 59.0 77.0 76.0 
62.0 59.0 65.0 67.0 
61.0 59.0 60.0 63.0 
62.0 60.0 60.0 62.0 
87.0 60.0 75.0 77.0 
63.0 59.0 65.0 66.0 
61.0 59.0 62.0 63.0 
60.0 59.0 60.0 61.0 
88.0 59.0 75.0 77.0 
62.0 59.0 65.0 66.0 
61.0 59.0 61.0 62.0 
60.0 60.0 60.0 61.0 
88.0 58.0 76.0 77.0 
63.0 59.0 65.0 67.0 
60.0 59.0 61.0 63.0 
60.0 60.0 59.0 60.0 
88.0 60.0 75.0 77.0 
63.0 59.0 65.0 67.0 
60.0 59.0 61.0 62.0 
61.0 60.0 60.0 61.0 
88.0 61.0 75.0 77.0 
63.0 58.0 65.0 65.0 
60.0 59.0 61.0 62.0 
60.0 60.0 61.0 60.0 
85.0 58.0 75.0 77.0 
64.0 58.0 65.0 66.0 
61.0 59.0 61.0 63.0 
60.0 60.0 60.0 60.0 
83.0 60.0 76.0 77.0 
64.0 59.0 65.0 67.0 
61.0 59.0 61.0 62.0 
60.0 60.0 60.0 62.0 
81.0 58.0 77.0 77.0 
64.0 59.0 65.0 67.0 
62.0 59.0 61.0 62.0 
61.0 60.0 61.0 60.0 
80.0 60.0 76.0 77.0 
63.0 59.0 65.0 66.0 
61.0 59.0 63.0 62.0 
61.0 59.0 61.0 62.0 
74.0 59.0 76.0 76.0 
63.0 59.0 65.0 67.0 
61.0 60.0 61.0 63.0 
61.0 60.0 60.0 61.0 
72.0 60.0 75.0 77.0 
64.0 59.0 65.0 67.0 
61.0 59.0 61.0 62.0 
61.0 60.0 60.0 61.0 
75.0 59.0 76.0 75.0 
63.0 59.0 66.0 67.0 
61.0 59.0 61.0 63.0 
60.0 60.0 60.0 60.0 
73.0 59.0 75.0 76.0 
65.0 59.0 65.0 67.0 
61.0 59.0 61.0 63.0 
61.0 58.0 59.0 61.0 
79.0 60.0 75.0 77.0 
65.0 59.0 67.0 67.0 
61.0 59.0 61.0 62.0 
60.0 59.0 60.0 61.0 
76.0 60.0 76.0 75.0 
64.0 59.0 67.0 68.0 
60.0 59.0 61.0 62.0 
61.0 59.0 61.0 60.0 
75.0 59.0 76.0 76.0 
65.0 59.0 67.0 68.0 
61.0 58.0 61.0 61.0 
61.0 59.0 60.0 60.0 
73.0 60.0 75.0 75.0 
65.0 59.0 67.0 68.0 
60.0 59.0 60.0 60.0 
61.0 59.0 61.0 60.0 
75.0 60.0 75.0 77.0 
64.0 60.0 67.0 69.0 
59.0 60.0 61.0 60.0 
60.0 59.0 61.0 62.0 
73.0 59.0 74.0 75.0 
64.0 59.0 67.0 69.0 
60.0 59.0 60.0 60.0 
61.0 60.0 61.0 61.0 
75.0 60.0 75.0 75.0 
65.0 58.0 68.0 69.0 
59.0 59.0 59.0 60.0 
61.0 60.0 61.0 61.0 
76.0 60.0 74.0 77.0 
65.0 58.0 69.0 68.0 
59.0 60.0 61.0 60.0 
61.0 60.0 61.0 61.0 
80.0 60.0 75.0 78.0 
63.0 59.0 68.0 68.0 
59.0 59.0 58.0 59.0 
60.0 60.0 62.0 61.0 
78.0 60.0 79.0 77.0 
63.0 58.0 68.0 67.0 
59.0 59.0 60.0 60.0 
61.0 60.0 61.0 61.0 
68.0 59.0 79.0 78.0 
64.0 59.0 68.0 67.0 
59.0 59.0 59.0 60.0 
61.0 60.0 61.0 61.0 
72.0 59.0 79.0 78.0 
65.0 59.0 68.0 67.0 
59.0 60.0 59.0 60.0 
62.0 60.0 61.0 60.0 
72.0 59.0 79.0 79.0 
64.0 59.0 68.0 67.0 
59.0 61.0 58.0 60.0 
60.0 60.0 61.0 60.0 
76.0 59.0 77.0 80.0 
64.0 58.0 67.0 68.0 
59.0 59.0 60.0 60.0 
60.0 59.0 61.0 61.0 
76.0 59.0 73.0 77.0 
64.0 59.0 67.0 69.0 
59.0 59.0 60.0 60.0 
60.0 60.0 59.0 60.0 
75.0 59.0 73.0 77.0 
65.0 58.0 66.0 69.0 
60.0 59.0 58.0 60.0 
60.0 59.0 60.0 60.0 
73.0 60.0 73.0 76.0 
64.0 59.0 66.0 69.0 
61.0 59.0 61.0 61.0 
61.0 62.0 60.0 60.0 
73.0 60.0 71.0 76.0 
64.0 59.0 65.0 69.0 
60.0 60.0 61.0 62.0 
59.0 60.0 61.0 61.0 
73.0 60.0 71.0 74.0 
64.0 59.0 66.0 68.0 
61.0 59.0 61.0 62.0 
61.0 59.0 62.0 61.0 
69.0 60.0 71.0 76.0 
64.0 59.0 66.0 69.0 
61.0 59.0 61.0 62.0 
61.0 60.0 62.0 62.0 
78.0 60.0 70.0 74.0 
65.0 59.0 65.0 71.0 
60.0 60.0 60.0 61.0 
61.0 60.0 61.0 63.0 
75.0 60.0 69.0 75.0 
65.0 59.0 65.0 70.0 
60.0 59.0 60.0 62.0 
61.0 60.0 61.0 62.0 
76.0 60.0 69.0 76.0 
64.0 58.0 64.0 68.0 
61.0 59.0 60.0 63.0 
61.0 61.0 61.0 63.0 
87.0 62.0 69.0 78.0 
65.0 60.0 63.0 70.0 
60.0 59.0 61.0 62.0 
59.0 61.0 60.0 60.0 
86.0 60.0 70.0 78.0 
64.0 59.0 64.0 69.0 
61.0 59.0 61.0 63.0 
60.0 60.0 60.0 62.0 
88.0 59.0 70.0 79.0 
65.0 59.0 64.0 70.0 
63.0 59.0 61.0 65.0 
60.0 60.0 60.0 60.0 
87.0 59.0 69.0 78.0 
64.0 57.0 65.0 70.0 
62.0 60.0 62.0 65.0 
61.0 60.0 60.0 61.0 
87.0 60.0 68.0 80.0 
65.0 58.0 64.0 71.0 
62.0 60.0 62.0 65.0 
60.0 60.0 61.0 62.0 
87.0 60.0 64.0 81.0 
64.0 58.0 61.0 71.0 
62.0 60.0 61.0 65.0 
62.0 60.0 61.0 63.0 
86.0 60.0 63.0 81.0 
65.0 58.0 61.0 71.0 
63.0 59.0 60.0 66.0 
61.0 60.0 60.0 63.0 
85.0 60.0 62.0 81.0 
65.0 59.0 60.0 73.0 
62.0 60.0 60.0 65.0 
62.0 60.0 61.0 63.0 
83.0 62.0 61.0 80.0 
63.0 63.0 60.0 69.0 
61.0 62.0 60.0 64.0 
63.0 64.0 61.0 64.0 
80.0 69.0 61.0 77.0 
63.0 63.0 60.0 70.0 
62.0 63.0 60.0 66.0 
62.0 62.0 62.0 63.0 
80.0 69.0 60.0 78.0 
62.0 64.0 59.0 69.0 
62.0 63.0 60.0 66.0 
61.0 63.0 61.0 64.0 
80.0 68.0 61.0 76.0 
63.0 64.0 60.0 69.0 
61.0 63.0 60.0 65.0 
63.0 64.0 61.0 65.0 
80.0 69.0 61.0 77.0 
61.0 62.0 60.0 66.0 
62.0 63.0 60.0 65.0 
63.0 65.0 62.0 67.0 
81.0 68.0 59.0 76.0 
61.0 64.0 59.0 68.0 
63.0 65.0 60.0 65.0 
64.0 67.0 61.0 67.0 
80.0 69.0 61.0 78.0 
62.0 63.0 59.0 66.0 
63.0 65.0 60.0 65.0 
65.0 66.0 61.0 66.0 
83.0 73.0 60.0 79.0 
61.0 62.0 60.0 65.0 
63.0 66.0 59.0 66.0 
65.0 67.0 61.0 65.0 
85.0 73.0 60.0 82.0 
63.0 63.0 60.0 65.0 
68.0 69.0 61.0 71.0 
58.0 59.0 60.0 59.0 
86.0 73.0 60.0 83.0 
63.0 64.0 59.0 66.0 
70.0 70.0 60.0 71.0 
58.0 59.0 60.0 58.0 
65.0 71.0 60.0 82.0 
63.0 59.0 59.0 69.0 
76.0 60.0 60.0 75.0 
58.0 60.0 61.0 58.0 
86.0 59.0 61.0 89.0 
65.0 58.0 59.0 70.0 
76.0 60.0 60.0 76.0 
58.0 60.0 60.0 59.0 
101.0 60.0 64.0 60.0 
72.0 58.0 60.0 60.0 
82.0 59.0 62.0 61.0 
57.0 60.0 61.0 61.0 
88.0 60.0 63.0 90.0 
66.0 59.0 59.0 71.0 
75.0 60.0 60.0 76.0 
58.0 59.0 61.0 58.0 
86.0 60.0 65.0 91.0 
66.0 59.0 60.0 72.0 
76.0 59.0 61.0 77.0 
57.0 60.0 61.0 59.0 
86.0 60.0 83.0 89.0 
66.0 59.0 63.0 70.0 
74.0 59.0 63.0 77.0 
58.0 61.0 60.0 58.0 
85.0 60.0 91.0 87.0 
66.0 59.0 69.0 69.0 
74.0 59.0 87.0 77.0 
58.0 60.0 59.0 58.0 
82.0 60.0 104.0 86.0 
65.0 59.0 71.0 68.0 
74.0 60.0 91.0 76.0 
57.0 61.0 56.0 58.0 
81.0 60.0 108.0 86.0 
65.0 58.0 71.0 69.0 
75.0 59.0 100.0 77.0 
58.0 60.0 57.0 59.0 
81.0 69.0 111.0 84.0 
62.0 63.0 72.0 66.0 
70.0 69.0 107.0 74.0 
56.0 60.0 56.0 59.0 
85.0 63.0 120.0 87.0 
63.0 63.0 74.0 67.0 
74.0 65.0 129.0 75.0 
58.0 61.0 56.0 58.0 
83.0 60.0 126.0 90.0 
64.0 59.0 74.0 65.0 
74.0 60.0 147.0 77.0 
66.0 60.0 99.0 68.0 
84.0 60.0 140.0 91.0 
63.0 58.0 76.0 65.0 
73.0 59.0 160.0 78.0 
68.0 60.0 113.0 69.0 
87.0 61.0 172.0 94.0 
64.0 59.0 84.0 67.0 
71.0 60.0 210.0 80.0 
68.0 59.0 168.0 73.0 
85.0 60.0 230.0 96.0 
63.0 60.0 89.0 67.0 
73.0 60.0 259.0 84.0 
69.0 60.0 205.0 76.0 
88.0 64.0 305.0 102.0 
62.0 59.0 95.0 68.0 
75.0 63.0 333.0 92.0 
68.0 63.0 255.0 79.0 
90.0 61.0 310.0 102.0 
63.0 59.0 88.0 66.0 
77.0 62.0 378.0 100.0 
72.0 61.0 290.0 87.0 
93.0 63.0 389.0 116.0 
61.0 58.0 84.0 65.0 
80.0 63.0 400.0 105.0 
73.0 61.0 327.0 93.0 
94.0 63.0 399.0 119.0 
61.0 58.0 84.0 65.0 
82.0 64.0 420.0 110.0 
74.0 62.0 327.0 96.0 
94.0 65.0 414.0 126.0 
62.0 59.0 83.0 65.0 
84.0 66.0 470.0 121.0 
75.0 62.0 355.0 99.0 
91.0 62.0 387.0 126.0 
61.0 59.0 82.0 64.0 
88.0 65.0 491.0 128.0 
77.0 62.0 376.0 105.0 
97.0 66.0 455.0 147.0 
61.0 59.0 83.0 64.0 
84.0 65.0 448.0 122.0 
75.0 62.0 346.0 107.0 
104.0 67.0 527.0 169.0 
61.0 59.0 83.0 65.0 
84.0 63.0 425.0 122.0 
75.0 62.0 329.0 101.0 
103.0 66.0 529.0 174.0 
61.0 59.0 83.0 65.0 
83.0 63.0 424.0 125.0 
78.0 62.0 348.0 111.0 
101.0 67.0 519.0 180.0 
59.0 58.0 73.0 63.0 
82.0 63.0 427.0 129.0 
81.0 63.0 390.0 119.0 
98.0 65.0 478.0 179.0 
60.0 59.0 65.0 61.0 
80.0 62.0 391.0 127.0 
79.0 64.0 393.0 125.0 
99.0 64.0 444.0 192.0 
60.0 59.0 64.0 61.0 
80.0 62.0 380.0 136.0 
81.0 63.0 393.0 132.0 
103.0 64.0 441.0 230.0 
61.0 58.0 66.0 62.0 
80.0 62.0 360.0 135.0 
81.0 63.0 397.0 139.0 
107.0 65.0 466.0 261.0 
60.0 60.0 63.0 61.0 
85.0 62.0 368.0 157.0 
81.0 63.0 385.0 151.0 
110.0 65.0 445.0 346.0 
60.0 58.0 64.0 60.0 
85.0 60.0 326.0 180.0 
81.0 63.0 366.0 179.0 
106.0 64.0 358.0 351.0 
60.0 59.0 65.0 61.0 
86.0 61.0 302.0 221.0 
80.0 62.0 326.0 209.0 
110.0 64.0 357.0 400.0 
58.0 59.0 64.0 59.0 
94.0 60.0 288.0 298.0 
83.0 61.0 307.0 250.0 
115.0 63.0 329.0 433.0 
59.0 59.0 64.0 58.0 
102.0 63.0 279.0 396.0 
81.0 61.0 269.0 248.0 
123.0 66.0 313.0 501.0 
59.0 60.0 65.0 58.0 
105.0 64.0 268.0 427.0 
81.0 60.0 238.0 251.0 
125.0 65.0 287.0 506.0 
59.0 60.0 65.0 56.0 
108.0 63.0 240.0 455.0 
78.0 61.0 204.0 257.0 
125.0 65.0 248.0 477.0 
59.0 59.0 65.0 54.0 
109.0 64.0 211.0 459.0 
81.0 60.0 173.0 244.0 
124.0 63.0 230.0 452.0 
59.0 59.0 64.0 52.0 
112.0 64.0 206.0 475.0 
81.0 61.0 159.0 265.0 
130.0 66.0 226.0 503.0 
59.0 58.0 65.0 52.0 
113.0 63.0 191.0 472.0 
78.0 60.0 143.0 235.0 
135.0 67.0 224.0 542.0 
58.0 59.0 65.0 52.0 
104.0 62.0 172.0 410.0 
82.0 60.0 141.0 256.0 
122.0 63.0 175.0 440.0 
58.0 58.0 66.0 52.0 
106.0 63.0 170.0 418.0 
80.0 60.0 126.0 233.0 
138.0 67.0 192.0 543.0 
59.0 60.0 68.0 52.0 
107.0 62.0 151.0 402.0 
81.0 61.0 117.0 249.0 
147.0 66.0 188.0 555.0 
59.0 59.0 68.0 53.0 
103.0 62.0 140.0 375.0 
76.0 61.0 109.0 233.0 
147.0 64.0 170.0 511.0 
59.0 59.0 68.0 53.0 
103.0 62.0 130.0 368.0 
78.0 60.0 105.0 223.0 
154.0 66.0 169.0 545.0 
60.0 58.0 68.0 55.0 
96.0 60.0 113.0 313.0 
84.0 60.0 107.0 271.0 
162.0 66.0 149.0 524.0 
59.0 58.0 66.0 54.0 
98.0 60.0 108.0 340.0 
88.0 61.0 101.0 298.0 
162.0 65.0 150.0 499.0 
59.0 60.0 68.0 53.0 
100.0 60.0 110.0 330.0 
89.0 60.0 101.0 281.0 
164.0 64.0 139.0 478.0 
59.0 58.0 67.0 54.0 
100.0 60.0 102.0 314.0 
87.0 60.0 90.0 252.0 
161.0 62.0 130.0 428.0 
58.0 59.0 68.0 57.0 
112.0 60.0 98.0 291.0 
83.0 60.0 80.0 203.0 
164.0 62.0 123.0 400.0 
59.0 59.0 67.0 59.0 
115.0 60.0 96.0 298.0 
81.0 60.0 77.0 182.0 
178.0 61.0 121.0 390.0 
58.0 59.0 68.0 60.0 
114.0 59.0 92.0 261.0 
83.0 60.0 75.0 170.0 
187.0 62.0 118.0 381.0 
59.0 58.0 68.0 61.0 
120.0 60.0 91.0 249.0 
88.0 60.0 78.0 167.0 
186.0 61.0 109.0 348.0 
58.0 59.0 67.0 63.0 
134.0 59.0 89.0 258.0 
83.0 61.0 70.0 118.0 
197.0 61.0 108.0 338.0 
58.0 59.0 68.0 64.0 
132.0 60.0 86.0 217.0 
89.0 60.0 70.0 121.0 
204.0 61.0 107.0 328.0 
58.0 59.0 67.0 64.0 
144.0 59.0 88.0 231.0 
89.0 60.0 71.0 118.0 
204.0 60.0 104.0 296.0 
57.0 59.0 67.0 63.0 
145.0 59.0 88.0 204.0 
95.0 61.0 74.0 118.0 
217.0 61.0 101.0 288.0 
58.0 59.0 67.0 63.0 
130.0 60.0 80.0 169.0 
99.0 60.0 73.0 117.0 
208.0 592.0 101.0 252.0 
58.0 56.0 67.0 65.0 
119.0 315.0 78.0 150.0 
77.0 141.0 67.0 83.0 
228.0 639.0 96.0 247.0 
58.0 55.0 66.0 64.0 
113.0 298.0 76.0 140.0 
75.0 131.0 66.0 83.0 
241.0 631.0 94.0 229.0 
59.0 55.0 65.0 65.0 
107.0 245.0 74.0 121.0 
75.0 132.0 67.0 82.0 
257.0 616.0 94.0 211.0 
57.0 54.0 65.0 64.0 
111.0 255.0 76.0 125.0 
74.0 124.0 68.0 80.0 
285.0 673.0 91.0 207.0 
58.0 56.0 65.0 64.0 
114.0 253.0 73.0 118.0 
77.0 128.0 65.0 79.0 
286.0 601.0 91.0 193.0 
60.0 62.0 65.0 67.0 
138.0 290.0 72.0 117.0 
76.0 109.0 63.0 76.0 
323.0 559.0 92.0 180.0 
61.0 64.0 67.0 69.0 
157.0 314.0 74.0 122.0 
52.0 42.0 58.0 56.0 
338.0 498.0 90.0 155.0 
63.0 71.0 70.0 71.0 
182.0 347.0 72.0 122.0 
50.0 42.0 60.0 56.0 
407.0 481.0 91.0 154.0 
64.0 71.0 71.0 72.0 
189.0 305.0 76.0 114.0 
47.0 44.0 59.0 57.0 
434.0 409.0 89.0 137.0 
68.0 71.0 70.0 70.0 
213.0 253.0 71.0 101.0 
45.0 45.0 59.0 58.0 
456.0 370.0 89.0 128.0 
72.0 69.0 70.0 71.0 
298.0 208.0 72.0 96.0 
42.0 48.0 59.0 58.0 
542.0 350.0 91.0 128.0 
72.0 69.0 71.0 70.0 
247.0 180.0 73.0 92.0 
42.0 50.0 59.0 58.0 
563.0 323.0 91.0 123.0 
76.0 70.0 71.0 71.0 
272.0 152.0 71.0 87.0 
41.0 51.0 57.0 59.0 
570.0 306.0 90.0 118.0 
74.0 68.0 72.0 71.0 
266.0 134.0 71.0 85.0 
41.0 52.0 59.0 58.0 
605.0 277.0 88.0 113.0 
73.0 67.0 72.0 70.0 
199.0 113.0 75.0 81.0 
41.0 52.0 60.0 58.0 
586.0 236.0 89.0 107.0 
75.0 66.0 72.0 70.0 
273.0 120.0 80.0 84.0 
40.0 53.0 59.0 58.0 
590.0 215.0 95.0 104.0 
77.0 66.0 76.0 70.0 
275.0 114.0 111.0 85.0 
40.0 54.0 59.0 59.0 
588.0 199.0 97.0 102.0 
76.0 65.0 76.0 70.0 
325.0 121.0 120.0 88.0 
39.0 55.0 58.0 59.0 
517.0 181.0 98.0 100.0 
76.0 66.0 79.0 70.0 
258.0 105.0 133.0 84.0 
41.0 56.0 57.0 59.0 
523.0 168.0 102.0 99.0 
76.0 65.0 81.0 70.0 
296.0 108.0 157.0 87.0 
40.0 55.0 56.0 59.0 
565.0 160.0 97.0 96.0 
70.0 64.0 84.0 71.0 
172.0 86.0 185.0 82.0 
42.0 57.0 54.0 59.0 
560.0 156.0 108.0 97.0 
75.0 64.0 83.0 70.0 
299.0 108.0 214.0 90.0 
41.0 56.0 53.0 60.0 
498.0 143.0 112.0 96.0 
75.0 58.0 88.0 71.0 
299.0 105.0 295.0 99.0 
109.0 60.0 178.0 78.0 
462.0 136.0 108.0 93.0 
72.0 58.0 91.0 71.0 
251.0 88.0 321.0 96.0 
123.0 61.0 251.0 83.0 
366.0 118.0 92.0 86.0 
70.0 58.0 98.0 72.0 
202.0 62.0 364.0 105.0 
105.0 62.0 297.0 86.0 
328.0 62.0 92.0 98.0 
68.0 59.0 102.0 71.0 
172.0 63.0 407.0 108.0 
98.0 63.0 366.0 92.0 
305.0 60.0 87.0 94.0 
66.0 60.0 103.0 71.0 
128.0 65.0 478.0 111.0 
85.0 64.0 416.0 96.0 
268.0 61.0 80.0 91.0 
64.0 59.0 103.0 71.0 
87.0 66.0 478.0 107.0 
76.0 65.0 461.0 101.0 
205.0 60.0 75.0 85.0 
63.0 59.0 99.0 72.0 
81.0 66.0 515.0 123.0 
79.0 66.0 502.0 119.0 
178.0 60.0 76.0 84.0 
63.0 59.0 97.0 71.0 
84.0 67.0 544.0 133.0 
80.0 69.0 552.0 129.0 
145.0 60.0 68.0 79.0 
63.0 58.0 100.0 73.0 
88.0 65.0 591.0 143.0 
83.0 66.0 595.0 138.0 
128.0 60.0 56.0 74.0 
62.0 58.0 80.0 70.0 
92.0 64.0 611.0 159.0 
85.0 65.0 608.0 144.0 
125.0 60.0 55.0 73.0 
62.0 60.0 79.0 70.0 
91.0 64.0 624.0 169.0 
86.0 65.0 629.0 152.0 
121.0 60.0 54.0 73.0 
61.0 58.0 78.0 70.0 
92.0 63.0 654.0 184.0 
87.0 64.0 650.0 167.0 
119.0 59.0 55.0 73.0 
61.0 59.0 77.0 70.0 
93.0 63.0 662.0 198.0 
87.0 64.0 662.0 178.0 
117.0 59.0 55.0 73.0 
61.0 60.0 76.0 71.0 
94.0 64.0 664.0 213.0 
87.0 64.0 649.0 189.0 
114.0 59.0 55.0 72.0 
60.0 59.0 75.0 69.0 
95.0 64.0 658.0 233.0 
88.0 64.0 638.0 206.0 
115.0 60.0 54.0 71.0 
61.0 58.0 74.0 70.0 
94.0 65.0 629.0 243.0 
90.0 65.0 633.0 230.0 
111.0 60.0 54.0 69.0 
62.0 59.0 78.0 72.0 
98.0 63.0 656.0 292.0 
92.0 65.0 658.0 270.0 
112.0 59.0 55.0 68.0 
61.0 59.0 76.0 72.0 
100.0 64.0 654.0 336.0 
94.0 65.0 651.0 310.0 
99.0 62.0 55.0 67.0 
61.0 58.0 75.0 73.0 
89.0 111.0 644.0 357.0 
85.0 110.0 666.0 352.0 
97.0 60.0 57.0 64.0 
62.0 59.0 74.0 72.0 
93.0 125.0 651.0 430.0 
89.0 123.0 657.0 435.0 
96.0 60.0 57.0 63.0 
62.0 59.0 72.0 70.0 
101.0 129.0 638.0 463.0 
96.0 125.0 648.0 472.0 
96.0 60.0 58.0 61.0 
60.0 59.0 71.0 69.0 
115.0 71.0 613.0 499.0 
114.0 70.0 658.0 524.0 
93.0 60.0 58.0 62.0 
60.0 58.0 67.0 66.0 
122.0 71.0 623.0 551.0 
116.0 71.0 634.0 531.0 
89.0 60.0 60.0 61.0 
60.0 59.0 66.0 64.0 
125.0 70.0 605.0 585.0 
119.0 72.0 630.0 558.0 
89.0 60.0 61.0 60.0 
59.0 60.0 64.0 64.0 
126.0 70.0 590.0 606.0 
121.0 69.0 611.0 591.0 
87.0 60.0 61.0 59.0 
59.0 59.0 66.0 63.0 
130.0 72.0 567.0 614.0 
124.0 70.0 576.0 599.0 
86.0 60.0 63.0 59.0 
60.0 60.0 65.0 61.0 
130.0 71.0 537.0 628.0 
123.0 72.0 538.0 594.0 
74.0 59.0 63.0 57.0 
60.0 59.0 64.0 60.0 
135.0 70.0 508.0 618.0 
129.0 71.0 508.0 611.0 
74.0 60.0 64.0 57.0 
60.0 58.0 66.0 61.0 
136.0 68.0 485.0 630.0 
127.0 68.0 474.0 627.0 
73.0 61.0 64.0 57.0 
59.0 59.0 62.0 57.0 
138.0 68.0 472.0 634.0 
131.0 69.0 459.0 632.0 
72.0 60.0 65.0 55.0 
59.0 59.0 62.0 56.0 
140.0 68.0 447.0 638.0 
135.0 67.0 451.0 651.0 
71.0 60.0 65.0 55.0 
58.0 59.0 63.0 55.0 
141.0 67.0 427.0 651.0 
141.0 67.0 431.0 687.0 
71.0 60.0 66.0 55.0 
58.0 59.0 63.0 55.0 
140.0 67.0 408.0 618.0 
145.0 66.0 421.0 696.0 
73.0 60.0 67.0 54.0 
58.0 58.0 63.0 54.0 
145.0 67.0 382.0 610.0 
156.0 65.0 415.0 721.0 
72.0 59.0 68.0 53.0 
58.0 60.0 63.0 54.0 
151.0 66.0 367.0 613.0 
160.0 64.0 393.0 721.0 
72.0 60.0 68.0 54.0 
59.0 58.0 63.0 52.0 
154.0 65.0 348.0 635.0 
164.0 63.0 366.0 715.0 
72.0 60.0 70.0 55.0 
58.0 59.0 63.0 51.0 
155.0 64.0 336.0 644.0 
171.0 64.0 351.0 710.0 
71.0 62.0 70.0 55.0 
58.0 59.0 61.0 53.0 
163.0 65.0 332.0 643.0 
176.0 63.0 341.0 717.0 
70.0 60.0 67.0 53.0 
58.0 59.0 63.0 52.0 
171.0 65.0 320.0 621.0 
183.0 64.0 337.0 726.0 
71.0 60.0 68.0 54.0 
59.0 59.0 62.0 52.0 
178.0 65.0 304.0 613.0 
188.0 63.0 320.0 722.0 
71.0 59.0 69.0 54.0 
57.0 59.0 63.0 52.0 
189.0 64.0 292.0 643.0 
195.0 63.0 301.0 705.0 
71.0 59.0 70.0 54.0 
58.0 59.0 64.0 51.0 
192.0 63.0 266.0 639.0 
196.0 62.0 272.0 689.0 
71.0 60.0 70.0 55.0 
58.0 60.0 65.0 52.0 
196.0 64.0 250.0 623.0 
197.0 64.0 255.0 653.0 
70.0 60.0 72.0 55.0 
57.0 59.0 64.0 51.0 
199.0 64.0 228.0 609.0 
205.0 64.0 242.0 627.0 
70.0 59.0 71.0 55.0 
57.0 59.0 64.0 53.0 
205.0 65.0 217.0 577.0 
212.0 64.0 229.0 602.0 
70.0 60.0 71.0 56.0 
57.0 59.0 64.0 54.0 
213.0 68.0 200.0 549.0 
228.0 69.0 209.0 570.0 
69.0 59.0 72.0 57.0 
57.0 59.0 65.0 54.0 
221.0 65.0 186.0 519.0 
236.0 67.0 194.0 541.0 
70.0 60.0 74.0 59.0 
56.0 59.0 65.0 55.0 
230.0 64.0 171.0 492.0 
228.0 65.0 169.0 497.0 
74.0 59.0 75.0 62.0 
56.0 59.0 67.0 57.0 
233.0 65.0 148.0 472.0 
233.0 64.0 151.0 465.0 
80.0 60.0 75.0 65.0 
56.0 59.0 66.0 56.0 
242.0 64.0 141.0 451.0 
241.0 64.0 146.0 447.0 
80.0 60.0 75.0 66.0 
55.0 59.0 65.0 56.0 
250.0 63.0 140.0 431.0 
256.0 64.0 142.0 424.0 
82.0 60.0 76.0 67.0 
54.0 60.0 66.0 57.0 
271.0 64.0 135.0 416.0 
274.0 63.0 136.0 413.0 
81.0 59.0 78.0 68.0 
54.0 58.0 67.0 59.0 
289.0 63.0 128.0 399.0 
285.0 64.0 122.0 389.0 
81.0 60.0 75.0 71.0 
54.0 58.0 66.0 60.0 
307.0 64.0 108.0 383.0 
300.0 63.0 106.0 375.0 
80.0 59.0 76.0 71.0 
52.0 59.0 66.0 60.0 
334.0 63.0 107.0 373.0 
334.0 63.0 104.0 348.0 
78.0 59.0 77.0 73.0 
53.0 58.0 67.0 63.0 
380.0 64.0 112.0 353.0 
381.0 64.0 108.0 322.0 
75.0 60.0 75.0 75.0 
52.0 59.0 66.0 66.0 
408.0 65.0 106.0 325.0 
417.0 66.0 102.0 291.0 
74.0 60.0 74.0 76.0 
51.0 58.0 67.0 65.0 
440.0 65.0 104.0 305.0 
449.0 65.0 98.0 272.0 
72.0 60.0 75.0 77.0 
51.0 59.0 66.0 66.0 
469.0 66.0 99.0 289.0 
475.0 66.0 97.0 260.0 
71.0 59.0 74.0 78.0 
48.0 59.0 66.0 65.0 
534.0 68.0 99.0 290.0 
492.0 67.0 92.0 250.0 
70.0 59.0 74.0 79.0 
48.0 58.0 65.0 66.0 
555.0 67.0 93.0 286.0 
521.0 67.0 89.0 248.0 
70.0 61.0 75.0 80.0 
47.0 59.0 65.0 65.0 
552.0 67.0 91.0 274.0 
536.0 69.0 87.0 235.0 
69.0 60.0 74.0 81.0 
47.0 60.0 64.0 67.0 
591.0 66.0 89.0 267.0 
542.0 67.0 84.0 225.0 
69.0 60.0 76.0 81.0 
48.0 59.0 65.0 68.0 
582.0 67.0 81.0 255.0 
550.0 68.0 81.0 208.0 
69.0 59.0 76.0 81.0 
48.0 59.0 65.0 68.0 
635.0 64.0 89.0 255.0 
532.0 67.0 83.0 195.0 
84.0 60.0 77.0 86.0 
57.0 59.0 64.0 70.0 
732.0 63.0 82.0 265.0 
454.0 66.0 74.0 172.0 
83.0 61.0 80.0 86.0 
57.0 60.0 65.0 69.0 
732.0 63.0 92.0 252.0 
43.0 60.0 59.0 55.0 
83.0 60.0 81.0 87.0 
58.0 59.0 66.0 68.0 
753.0 63.0 91.0 245.0 
42.0 60.0 57.0 54.0 
84.0 60.0 81.0 87.0 
59.0 59.0 63.0 68.0 
754.0 62.0 78.0 231.0 
41.0 60.0 60.0 54.0 
86.0 60.0 82.0 87.0 
60.0 59.0 64.0 68.0 
757.0 63.0 83.0 218.0 
42.0 59.0 60.0 54.0 
84.0 59.0 82.0 86.0 
61.0 59.0 63.0 68.0 
759.0 62.0 80.0 211.0 
41.0 60.0 58.0 56.0 
83.0 59.0 86.0 87.0 
64.0 59.0 63.0 67.0 
750.0 63.0 83.0 210.0 
42.0 60.0 58.0 55.0 
74.0 60.0 89.0 83.0 
64.0 59.0 64.0 66.0 
760.0 62.0 82.0 204.0 
42.0 60.0 59.0 55.0 
72.0 59.0 93.0 83.0 
65.0 59.0 64.0 67.0 
753.0 62.0 79.0 184.0 
41.0 60.0 58.0 56.0 
72.0 60.0 93.0 84.0 
65.0 59.0 64.0 67.0 
723.0 61.0 78.0 175.0 
296.0 61.0 69.0 107.0 
72.0 60.0 96.0 84.0 
66.0 59.0 63.0 66.0 
658.0 63.0 79.0 162.0 
386.0 63.0 71.0 115.0 
71.0 60.0 101.0 83.0 
60.0 59.0 63.0 65.0 
629.0 64.0 80.0 155.0 
477.0 66.0 77.0 124.0 
63.0 60.0 105.0 82.0 
53.0 58.0 64.0 63.0 
590.0 66.0 80.0 146.0 
471.0 66.0 76.0 122.0 
64.0 60.0 106.0 82.0 
54.0 59.0 64.0 63.0 
587.0 66.0 79.0 141.0 
445.0 65.0 75.0 115.0 
65.0 60.0 111.0 82.0 
53.0 59.0 63.0 62.0 
568.0 66.0 80.0 137.0 
404.0 63.0 74.0 107.0 
53.0 60.0 88.0 70.0 
56.0 59.0 70.0 64.0 
542.0 67.0 88.0 136.0 
379.0 63.0 78.0 105.0 
54.0 60.0 104.0 76.0 
54.0 59.0 70.0 63.0 
526.0 67.0 85.0 132.0 
354.0 62.0 75.0 101.0 
60.0 60.0 113.0 76.0 
53.0 58.0 67.0 62.0 
483.0 66.0 85.0 126.0 
302.0 61.0 84.0 95.0 
73.0 60.0 142.0 85.0 
52.0 59.0 61.0 61.0 
429.0 65.0 96.0 113.0 
270.0 62.0 84.0 88.0 
74.0 60.0 154.0 86.0 
51.0 59.0 60.0 60.0 
401.0 62.0 112.0 109.0 
253.0 61.0 95.0 86.0 
77.0 61.0 168.0 87.0 
51.0 59.0 60.0 60.0 
358.0 64.0 136.0 107.0 
236.0 60.0 111.0 84.0 
78.0 60.0 191.0 90.0 
52.0 59.0 59.0 59.0 
341.0 62.0 150.0 102.0 
223.0 60.0 116.0 84.0 
81.0 60.0 210.0 93.0 
53.0 60.0 59.0 60.0 
292.0 61.0 146.0 97.0 
177.0 61.0 123.0 82.0 
84.0 60.0 234.0 96.0 
54.0 59.0 58.0 60.0 
242.0 60.0 148.0 91.0 
163.0 60.0 132.0 81.0 
86.0 60.0 267.0 99.0 
54.0 59.0 57.0 59.0 
233.0 61.0 158.0 93.0 
146.0 60.0 121.0 77.0 
90.0 61.0 320.0 109.0 
55.0 58.0 56.0 59.0 
224.0 60.0 161.0 92.0 
135.0 60.0 113.0 75.0 
92.0 63.0 356.0 114.0 
56.0 59.0 57.0 58.0 
209.0 60.0 170.0 93.0 
112.0 60.0 111.0 73.0 
93.0 63.0 379.0 119.0 
56.0 59.0 58.0 59.0 
204.0 60.0 159.0 89.0 
111.0 60.0 131.0 75.0 
81.0 62.0 316.0 119.0 
57.0 60.0 61.0 60.0 
190.0 59.0 161.0 88.0 
109.0 60.0 136.0 76.0 
99.0 63.0 391.0 130.0 
58.0 58.0 59.0 60.0 
181.0 59.0 185.0 90.0 
99.0 61.0 147.0 75.0 
100.0 63.0 384.0 132.0 
57.0 59.0 60.0 60.0 
181.0 60.0 227.0 96.0 
93.0 60.0 117.0 71.0 
100.0 62.0 378.0 139.0 
59.0 59.0 59.0 59.0 
139.0 60.0 226.0 94.0 
71.0 61.0 119.0 69.0 
102.0 63.0 412.0 148.0 
58.0 59.0 56.0 59.0 
134.0 60.0 220.0 95.0 
68.0 61.0 98.0 67.0 
107.0 64.0 434.0 167.0 
59.0 59.0 57.0 59.0 
113.0 60.0 205.0 92.0 
68.0 60.0 97.0 67.0 
104.0 64.0 439.0 167.0 
59.0 60.0 59.0 60.0 
104.0 60.0 172.0 88.0 
67.0 60.0 94.0 67.0 
104.0 63.0 419.0 173.0 
60.0 59.0 63.0 61.0 
84.0 59.0 161.0 86.0 
67.0 60.0 96.0 68.0 
104.0 63.0 390.0 193.0 
60.0 58.0 64.0 60.0 
76.0 60.0 156.0 86.0 
65.0 60.0 82.0 64.0 
107.0 63.0 425.0 220.0 
60.0 60.0 64.0 60.0 
78.0 59.0 167.0 99.0 
65.0 60.0 81.0 65.0 
109.0 65.0 435.0 240.0 
61.0 59.0 66.0 61.0 
71.0 59.0 109.0 93.0 
66.0 60.0 81.0 69.0 
103.0 63.0 404.0 245.0 
60.0 58.0 64.0 60.0 
78.0 59.0 130.0 133.0 
62.0 60.0 70.0 71.0 
99.0 64.0 375.0 266.0 
60.0 59.0 63.0 58.0 
82.0 60.0 130.0 173.0 
63.0 61.0 69.0 74.0 
96.0 62.0 348.0 308.0 
59.0 58.0 63.0 57.0 
84.0 60.0 137.0 206.0 
62.0 60.0 71.0 73.0 
97.0 62.0 317.0 343.0 
60.0 59.0 64.0 58.0 
84.0 60.0 109.0 197.0 
62.0 60.0 70.0 77.0 
97.0 62.0 275.0 355.0 
59.0 59.0 63.0 55.0 
86.0 59.0 121.0 243.0 
65.0 60.0 75.0 99.0 
99.0 64.0 258.0 376.0 
58.0 59.0 65.0 54.0 
86.0 58.0 116.0 255.0 
64.0 60.0 71.0 94.0 
102.0 62.0 243.0 400.0 
59.0 59.0 66.0 54.0 
93.0 60.0 119.0 294.0 
64.0 60.0 72.0 95.0 
105.0 63.0 216.0 426.0 
59.0 59.0 65.0 54.0 
94.0 61.0 123.0 317.0 
63.0 61.0 73.0 94.0 
111.0 65.0 208.0 460.0 
58.0 59.0 63.0 53.0 
95.0 60.0 113.0 306.0 
63.0 61.0 68.0 89.0 
108.0 64.0 194.0 437.0 
58.0 59.0 62.0 52.0 
97.0 61.0 114.0 325.0 
64.0 60.0 70.0 93.0 
117.0 66.0 197.0 488.0 
59.0 59.0 65.0 54.0 
89.0 59.0 107.0 271.0 
65.0 60.0 73.0 101.0 
118.0 65.0 169.0 498.0 
59.0 57.0 65.0 55.0 
85.0 60.0 94.0 234.0 
65.0 59.0 72.0 101.0 
112.0 64.0 157.0 449.0 
59.0 59.0 66.0 56.0 
89.0 59.0 97.0 285.0 
63.0 60.0 68.0 83.0 
115.0 63.0 153.0 441.0 
58.0 58.0 65.0 55.0 
90.0 60.0 93.0 263.0 
63.0 60.0 66.0 81.0 
118.0 64.0 153.0 454.0 
59.0 59.0 65.0 54.0 
94.0 59.0 100.0 308.0 
61.0 60.0 65.0 72.0 
116.0 63.0 139.0 430.0 
58.0 59.0 66.0 54.0 
103.0 61.0 104.0 333.0 
61.0 61.0 62.0 65.0 
132.0 64.0 143.0 506.0 
59.0 59.0 64.0 56.0 
86.0 59.0 93.0 275.0 
60.0 60.0 63.0 65.0 
128.0 64.0 136.0 470.0 
60.0 59.0 65.0 59.0 
93.0 59.0 89.0 261.0 
60.0 61.0 61.0 60.0 
128.0 64.0 133.0 443.0 
59.0 58.0 65.0 57.0 
96.0 61.0 91.0 278.0 
60.0 60.0 61.0 62.0 
127.0 62.0 127.0 413.0 
59.0 59.0 65.0 58.0 
98.0 59.0 90.0 277.0 
59.0 59.0 62.0 58.0 
124.0 62.0 119.0 392.0 
59.0 58.0 64.0 56.0 
110.0 60.0 95.0 323.0 
59.0 60.0 61.0 59.0 
116.0 61.0 112.0 336.0 
58.0 59.0 63.0 56.0 
122.0 60.0 97.0 335.0 
58.0 60.0 62.0 56.0 
118.0 61.0 103.0 314.0 
57.0 58.0 62.0 56.0 
119.0 60.0 88.0 270.0 
58.0 60.0 62.0 57.0 
111.0 60.0 99.0 281.0 
58.0 59.0 63.0 56.0 
123.0 60.0 87.0 251.0 
58.0 60.0 62.0 58.0 
117.0 60.0 97.0 263.0 
57.0 59.0 63.0 56.0 
113.0 60.0 82.0 232.0 
58.0 59.0 62.0 59.0 
119.0 61.0 97.0 250.0 
58.0 59.0 63.0 57.0 
121.0 59.0 82.0 202.0 
59.0 60.0 62.0 60.0 
118.0 60.0 95.0 240.0 
58.0 59.0 63.0 58.0 
138.0 59.0 84.0 209.0 
61.0 60.0 62.0 61.0 
118.0 59.0 93.0 225.0 
58.0 59.0 64.0 58.0 
140.0 59.0 83.0 205.0 
60.0 60.0 61.0 59.0 
118.0 59.0 89.0 213.0 
57.0 59.0 63.0 59.0 
135.0 58.0 82.0 190.0 
66.0 60.0 62.0 67.0 
133.0 60.0 92.0 227.0 
57.0 60.0 64.0 59.0 
141.0 60.0 81.0 180.0 
65.0 60.0 62.0 66.0 
136.0 60.0 89.0 216.0 
57.0 59.0 64.0 59.0 
132.0 60.0 79.0 160.0 
66.0 59.0 62.0 65.0 
134.0 59.0 91.0 197.0 
57.0 59.0 63.0 59.0 
142.0 60.0 80.0 173.0 
66.0 60.0 62.0 66.0 
141.0 59.0 90.0 193.0 
56.0 59.0 63.0 59.0 
131.0 60.0 77.0 157.0 
65.0 60.0 62.0 66.0 
150.0 60.0 88.0 167.0 
58.0 59.0 63.0 60.0 
123.0 59.0 74.0 133.0 
68.0 61.0 62.0 70.0 
143.0 61.0 85.0 151.0 
57.0 58.0 62.0 60.0 
137.0 59.0 77.0 142.0 
69.0 59.0 63.0 70.0 
155.0 60.0 83.0 152.0 
57.0 59.0 64.0 61.0 
141.0 59.0 76.0 145.0 
72.0 60.0 63.0 70.0 
166.0 60.0 84.0 153.0 
56.0 59.0 63.0 60.0 
153.0 59.0 77.0 151.0 
68.0 60.0 62.0 67.0 
170.0 60.0 85.0 149.0 
55.0 58.0 62.0 59.0 
151.0 59.0 77.0 147.0 
66.0 60.0 62.0 65.0 
185.0 61.0 85.0 150.0 
54.0 59.0 62.0 59.0 
151.0 59.0 77.0 150.0 
66.0 60.0 63.0 66.0 
198.0 60.0 84.0 145.0 
55.0 59.0 62.0 60.0 
141.0 60.0 72.0 122.0 
63.0 60.0 62.0 63.0 
200.0 60.0 83.0 139.0 
54.0 59.0 63.0 60.0 
155.0 59.0 72.0 122.0 
62.0 60.0 61.0 63.0 
204.0 61.0 84.0 140.0 
54.0 59.0 62.0 60.0 
186.0 60.0 73.0 125.0 
52.0 60.0 60.0 57.0 
188.0 60.0 84.0 133.0 
52.0 59.0 61.0 60.0 
245.0 60.0 73.0 125.0 
52.0 60.0 60.0 58.0 
204.0 60.0 82.0 129.0 
52.0 59.0 62.0 60.0 
267.0 60.0 72.0 118.0 
51.0 60.0 61.0 58.0 
218.0 60.0 82.0 129.0 
52.0 60.0 62.0 61.0 
288.0 60.0 70.0 110.0 
49.0 61.0 60.0 58.0 
208.0 60.0 81.0 120.0 
51.0 59.0 62.0 61.0 
273.0 61.0 68.0 99.0 
52.0 60.0 62.0 59.0 
220.0 60.0 80.0 118.0 
55.0 58.0 64.0 62.0 
230.0 60.0 67.0 91.0 
58.0 60.0 61.0 60.0 
179.0 60.0 77.0 105.0 
55.0 58.0 63.0 63.0 
264.0 60.0 67.0 94.0 
59.0 60.0 60.0 59.0 
214.0 60.0 79.0 110.0 
54.0 60.0 63.0 62.0 
249.0 61.0 67.0 89.0 
60.0 61.0 61.0 61.0 
248.0 61.0 80.0 109.0 
50.0 59.0 61.0 60.0 
251.0 60.0 67.0 90.0 
55.0 60.0 61.0 60.0 
273.0 62.0 78.0 104.0 
53.0 59.0 61.0 61.0 
235.0 61.0 68.0 91.0 
58.0 60.0 61.0 60.0 
265.0 60.0 79.0 103.0 
51.0 59.0 60.0 60.0 
249.0 60.0 67.0 87.0 
55.0 61.0 61.0 60.0 
275.0 61.0 78.0 101.0 
48.0 60.0 61.0 60.0 
368.0 63.0 74.0 102.0 
57.0 61.0 61.0 61.0 
256.0 60.0 78.0 98.0 
46.0 59.0 61.0 59.0 
393.0 64.0 73.0 103.0 
64.0 60.0 61.0 62.0 
257.0 61.0 78.0 98.0 
49.0 58.0 62.0 60.0 
324.0 61.0 69.0 90.0 
74.0 60.0 62.0 62.0 
285.0 60.0 77.0 98.0 
50.0 59.0 63.0 61.0 
300.0 60.0 68.0 87.0 
70.0 61.0 62.0 62.0 
304.0 60.0 79.0 100.0 
49.0 59.0 61.0 61.0 
247.0 60.0 66.0 83.0 
74.0 61.0 62.0 63.0 
306.0 61.0 79.0 102.0 
51.0 59.0 62.0 61.0 
313.0 62.0 69.0 90.0 
68.0 61.0 61.0 62.0 
279.0 61.0 77.0 97.0 
51.0 60.0 61.0 61.0 
312.0 62.0 71.0 92.0 
68.0 60.0 61.0 62.0 
229.0 60.0 76.0 90.0 
49.0 59.0 62.0 62.0 
364.0 62.0 71.0 96.0 
62.0 60.0 61.0 61.0 
242.0 60.0 75.0 90.0 
50.0 58.0 62.0 62.0 
301.0 61.0 67.0 87.0 
55.0 60.0 61.0 60.0 
211.0 60.0 75.0 88.0 
55.0 59.0 62.0 63.0 
213.0 61.0 66.0 85.0 
54.0 59.0 62.0 60.0 
204.0 60.0 76.0 86.0 
55.0 57.0 63.0 63.0 
196.0 61.0 65.0 77.0 
54.0 60.0 61.0 61.0 
184.0 60.0 76.0 83.0 
55.0 59.0 62.0 62.0 
213.0 61.0 67.0 84.0 
57.0 61.0 61.0 61.0 
161.0 60.0 74.0 82.0 
55.0 59.0 62.0 62.0 
201.0 59.0 66.0 81.0 
53.0 60.0 61.0 60.0 
179.0 59.0 74.0 82.0 
56.0 58.0 62.0 61.0 
169.0 59.0 66.0 80.0 
53.0 60.0 60.0 60.0 
174.0 60.0 75.0 83.0 
58.0 59.0 62.0 63.0 
114.0 59.0 64.0 71.0 
56.0 60.0 60.0 60.0 
159.0 60.0 73.0 82.0 
60.0 59.0 62.0 63.0 
78.0 59.0 62.0 65.0 
59.0 60.0 60.0 62.0 
149.0 60.0 75.0 81.0 
60.0 59.0 62.0 64.0 
85.0 59.0 63.0 67.0 
59.0 60.0 60.0 61.0 
146.0 60.0 76.0 81.0 
60.0 59.0 62.0 63.0 
67.0 61.0 61.0 64.0 
60.0 61.0 61.0 61.0 
142.0 61.0 74.0 81.0 
60.0 58.0 63.0 63.0 
69.0 60.0 62.0 64.0 
60.0 60.0 60.0 62.0 
126.0 60.0 75.0 79.0 
60.0 60.0 63.0 64.0 
67.0 60.0 62.0 64.0 
61.0 60.0 61.0 61.0 
113.0 58.0 75.0 78.0 
61.0 59.0 64.0 64.0 
65.0 59.0 60.0 64.0 
65.0 60.0 61.0 63.0 
103.0 61.0 74.0 78.0 
62.0 58.0 63.0 65.0 
64.0 58.0 61.0 63.0 
65.0 60.0 61.0 63.0 
100.0 60.0 76.0 79.0 
63.0 59.0 65.0 66.0 
65.0 59.0 62.0 63.0 
61.0 61.0 61.0 61.0 
94.0 60.0 74.0 78.0 
64.0 59.0 65.0 67.0 
62.0 60.0 61.0 61.0 
62.0 59.0 61.0 61.0 
96.0 60.0 76.0 77.0 
64.0 59.0 65.0 66.0 
61.0 59.0 61.0 60.0 
61.0 60.0 62.0 61.0 
89.0 60.0 76.0 75.0 
63.0 59.0 66.0 66.0 
62.0 60.0 61.0 62.0 
61.0 60.0 61.0 61.0 
83.0 60.0 76.0 74.0 
64.0 60.0 65.0 67.0 
62.0 60.0 61.0 62.0 
61.0 61.0 61.0 61.0 
90.0 60.0 76.0 75.0 
64.0 59.0 66.0 66.0 
61.0 59.0 59.0 62.0 
61.0 60.0 61.0 62.0 
88.0 59.0 77.0 74.0 
64.0 58.0 66.0 67.0 
61.0 60.0 60.0 61.0 
61.0 60.0 61.0 61.0 
84.0 60.0 75.0 75.0 
64.0 59.0 67.0 66.0 
62.0 59.0 61.0 62.0 
61.0 61.0 61.0 61.0 
83.0 59.0 76.0 74.0 
63.0 58.0 66.0 67.0 
60.0 61.0 61.0 62.0 
61.0 61.0 60.0 62.0 
90.0 59.0 77.0 75.0 
64.0 60.0 66.0 66.0 
62.0 59.0 61.0 61.0 
61.0 61.0 60.0 63.0 
88.0 59.0 77.0 75.0 
63.0 59.0 66.0 67.0 
60.0 60.0 60.0 62.0 
60.0 60.0 62.0 61.0 
85.0 60.0 78.0 76.0 
64.0 60.0 66.0 67.0 
60.0 60.0 61.0 62.0 
60.0 60.0 60.0 61.0 
84.0 60.0 78.0 76.0 
64.0 59.0 66.0 67.0 
60.0 59.0 62.0 62.0 
60.0 60.0 61.0 61.0 
83.0 60.0 78.0 75.0 
64.0 59.0 66.0 67.0 
61.0 59.0 60.0 62.0 
60.0 60.0 60.0 60.0 
80.0 59.0 78.0 75.0 
63.0 58.0 66.0 67.0 
61.0 59.0 61.0 62.0 
61.0 60.0 60.0 62.0 
81.0 60.0 76.0 75.0 
63.0 60.0 66.0 67.0 
61.0 60.0 60.0 62.0 
60.0 61.0 60.0 61.0 
79.0 60.0 78.0 74.0 
64.0 59.0 66.0 67.0 
61.0 60.0 61.0 63.0 
60.0 59.0 61.0 62.0 
85.0 60.0 77.0 76.0 
64.0 59.0 66.0 67.0 
61.0 59.0 61.0 62.0 
60.0 60.0 61.0 60.0 
85.0 60.0 77.0 76.0 
64.0 59.0 67.0 67.0 
60.0 60.0 61.0 62.0 
60.0 60.0 61.0 61.0 
84.0 60.0 76.0 75.0 
64.0 59.0 67.0 67.0 
61.0 59.0 61.0 62.0 
62.0 60.0 61.0 60.0 
83.0 60.0 76.0 74.0 
64.0 58.0 66.0 68.0 
61.0 59.0 60.0 62.0 
60.0 60.0 61.0 60.0 
83.0 59.0 76.0 75.0 
64.0 59.0 66.0 68.0 
61.0 60.0 61.0 61.0 
61.0 60.0 60.0 62.0 
83.0 60.0 76.0 75.0 
64.0 58.0 66.0 68.0 
62.0 59.0 61.0 62.0 
60.0 61.0 61.0 60.0 
83.0 60.0 75.0 75.0 
65.0 59.0 66.0 67.0 
60.0 61.0 61.0 62.0 
61.0 60.0 61.0 61.0 
84.0 59.0 76.0 73.0 
64.0 59.0 66.0 68.0 
61.0 58.0 61.0 62.0 
61.0 60.0 61.0 61.0 
84.0 61.0 76.0 74.0 
64.0 60.0 67.0 67.0 
61.0 59.0 62.0 62.0 
61.0 60.0 61.0 61.0 
83.0 60.0 76.0 75.0 
64.0 59.0 67.0 67.0 
61.0 59.0 60.0 63.0 
60.0 60.0 61.0 61.0 
83.0 60.0 77.0 74.0 
64.0 58.0 66.0 67.0 
61.0 60.0 61.0 63.0 
61.0 59.0 61.0 61.0 
83.0 60.0 76.0 75.0 
63.0 59.0 66.0 67.0 
61.0 58.0 61.0 62.0 
61.0 60.0 61.0 61.0 
80.0 60.0 76.0 74.0 
63.0 59.0 66.0 67.0 
61.0 59.0 62.0 62.0 
61.0 61.0 61.0 61.0 
80.0 59.0 76.0 72.0 
63.0 59.0 66.0 66.0 
60.0 60.0 61.0 63.0 
62.0 60.0 60.0 62.0 
70.0 60.0 77.0 72.0 
64.0 58.0 65.0 65.0 
62.0 60.0 62.0 63.0 
62.0 60.0 61.0 61.0 
66.0 59.0 77.0 74.0 
60.0 59.0 62.0 62.0 
62.0 60.0 61.0 63.0 
62.0 60.0 61.0 62.0 
72.0 60.0 76.0 74.0 
61.0 60.0 62.0 63.0 
63.0 59.0 62.0 63.0 
61.0 60.0 61.0 62.0 
66.0 60.0 77.0 73.0 
61.0 57.0 62.0 64.0 
63.0 59.0 61.0 63.0 
61.0 61.0 61.0 62.0 
71.0 59.0 78.0 73.0 
61.0 59.0 62.0 63.0 
61.0 60.0 62.0 63.0 
62.0 61.0 61.0 62.0 
72.0 60.0 78.0 74.0 
61.0 59.0 61.0 63.0 
62.0 59.0 62.0 63.0 
62.0 59.0 62.0 62.0 
73.0 60.0 78.0 74.0 
62.0 59.0 62.0 63.0 
62.0 59.0 62.0 63.0 
61.0 60.0 61.0 62.0 
73.0 59.0 78.0 74.0 
61.0 58.0 61.0 63.0 
62.0 59.0 61.0 64.0 
62.0 60.0 61.0 61.0 
72.0 60.0 77.0 74.0 
61.0 59.0 61.0 62.0 
62.0 59.0 62.0 63.0 
62.0 60.0 61.0 61.0 
71.0 60.0 78.0 74.0 
61.0 59.0 62.0 63.0 
61.0 59.0 62.0 63.0 
62.0 61.0 61.0 61.0 
71.0 59.0 77.0 74.0 
62.0 59.0 63.0 63.0 
61.0 59.0 62.0 63.0 
61.0 60.0 61.0 61.0 
73.0 59.0 77.0 72.0 
60.0 59.0 62.0 63.0 
62.0 60.0 62.0 62.0 
61.0 60.0 61.0 62.0 
72.0 59.0 76.0 73.0 
61.0 58.0 62.0 63.0 
62.0 60.0 61.0 62.0 
60.0 61.0 62.0 62.0 
71.0 60.0 77.0 73.0 
62.0 59.0 62.0 63.0 
62.0 60.0 61.0 63.0 
62.0 60.0 62.0 62.0 
72.0 60.0 77.0 73.0 
61.0 60.0 62.0 63.0 
62.0 59.0 61.0 63.0 
62.0 60.0 62.0 62.0 
73.0 59.0 77.0 74.0 
61.0 58.0 62.0 62.0 
62.0 59.0 61.0 63.0 
62.0 60.0 62.0 61.0 
75.0 59.0 77.0 73.0 
61.0 59.0 62.0 63.0 
62.0 60.0 62.0 62.0 
62.0 60.0 61.0 61.0 
80.0 59.0 78.0 75.0 
61.0 59.0 61.0 63.0 
61.0 59.0 61.0 64.0 
62.0 61.0 61.0 62.0 
82.0 60.0 78.0 75.0 
61.0 59.0 63.0 63.0 
62.0 59.0 61.0 63.0 
62.0 60.0 62.0 62.0 
83.0 60.0 77.0 75.0 
61.0 59.0 63.0 62.0 
63.0 59.0 62.0 63.0 
61.0 60.0 61.0 62.0 
80.0 60.0 78.0 75.0 
62.0 60.0 62.0 63.0 
62.0 60.0 61.0 63.0 
62.0 60.0 62.0 61.0 
83.0 60.0 77.0 75.0 
62.0 59.0 63.0 64.0 
62.0 59.0 61.0 62.0 
61.0 60.0 61.0 61.0 
84.0 61.0 78.0 75.0 
62.0 59.0 64.0 64.0 
62.0 59.0 63.0 63.0 
62.0 60.0 61.0 62.0 
85.0 60.0 77.0 74.0 
63.0 58.0 66.0 66.0 
62.0 59.0 62.0 62.0 
62.0 60.0 61.0 62.0 
87.0 60.0 78.0 75.0 
63.0 58.0 65.0 65.0 
61.0 59.0 62.0 62.0 
60.0 60.0 61.0 62.0 
86.0 60.0 77.0 75.0 
63.0 59.0 66.0 66.0 
60.0 60.0 62.0 63.0 
61.0 60.0 61.0 61.0 
86.0 60.0 76.0 75.0 
63.0 59.0 66.0 67.0 
61.0 59.0 61.0 63.0 
61.0 61.0 60.0 62.0 
87.0 60.0 76.0 74.0 
63.0 59.0 65.0 66.0 
61.0 60.0 61.0 63.0 
60.0 61.0 61.0 61.0 
87.0 61.0 76.0 75.0 
63.0 59.0 66.0 66.0 
61.0 61.0 62.0 63.0 
61.0 60.0 61.0 60.0 
88.0 60.0 77.0 75.0 
63.0 59.0 66.0 66.0 
61.0 59.0 62.0 62.0 
61.0 60.0 61.0 61.0 
87.0 60.0 78.0 75.0 
63.0 59.0 67.0 66.0 
61.0 60.0 61.0 63.0 
60.0 61.0 61.0 61.0 
85.0 60.0 77.0 74.0 
62.0 58.0 66.0 67.0 
61.0 60.0 62.0 62.0 
60.0 61.0 61.0 61.0 
86.0 60.0 77.0 75.0 
63.0 57.0 66.0 66.0 
60.0 60.0 61.0 62.0 
61.0 60.0 61.0 61.0 
88.0 60.0 76.0 75.0 
62.0 59.0 65.0 66.0 
61.0 60.0 61.0 63.0 
61.0 60.0 61.0 61.0 
89.0 60.0 77.0 75.0 
61.0 59.0 64.0 65.0 
61.0 60.0 61.0 63.0 
60.0 60.0 61.0 62.0 
88.0 60.0 78.0 76.0 
62.0 59.0 65.0 66.0 
61.0 60.0 62.0 63.0 
60.0 61.0 61.0 61.0 
88.0 60.0 78.0 76.0 
61.0 59.0 65.0 66.0 
61.0 60.0 61.0 63.0 
62.0 60.0 60.0 61.0 
89.0 60.0 79.0 76.0 
61.0 58.0 65.0 66.0 
61.0 59.0 61.0 63.0 
60.0 60.0 61.0 61.0 
90.0 60.0 78.0 75.0 
62.0 59.0 65.0 65.0 
61.0 59.0 62.0 63.0 
60.0 60.0 61.0 62.0 
90.0 60.0 78.0 76.0 
62.0 59.0 64.0 64.0 
62.0 59.0 61.0 63.0 
61.0 60.0 61.0 61.0 
90.0 59.0 78.0 76.0 
61.0 58.0 64.0 65.0 
61.0 59.0 61.0 63.0 
60.0 61.0 59.0 62.0 
89.0 60.0 77.0 76.0 
62.0 59.0 65.0 65.0 
61.0 59.0 61.0 63.0 
61.0 60.0 61.0 61.0 
89.0 59.0 77.0 75.0 
62.0 59.0 65.0 65.0 
60.0 60.0 61.0 63.0 
60.0 61.0 61.0 63.0 
87.0 59.0 76.0 74.0 
61.0 58.0 63.0 63.0 
62.0 60.0 62.0 62.0 
61.0 59.0 60.0 62.0 
86.0 60.0 76.0 76.0 
61.0 59.0 63.0 64.0 
63.0 59.0 62.0 63.0 
60.0 60.0 61.0 62.0 
88.0 59.0 76.0 73.0 
62.0 59.0 62.0 63.0 
62.0 60.0 62.0 63.0 
60.0 61.0 61.0 61.0 
88.0 60.0 76.0 76.0 
61.0 58.0 63.0 63.0 
61.0 59.0 62.0 63.0 
61.0 60.0 61.0 62.0 
90.0 59.0 76.0 75.0 
61.0 59.0 62.0 63.0 
60.0 59.0 61.0 63.0 
60.0 61.0 61.0 61.0 
89.0 59.0 75.0 74.0 
61.0 59.0 62.0 63.0 
61.0 60.0 61.0 64.0 
61.0 60.0 61.0 62.0 
88.0 60.0 77.0 76.0 
60.0 59.0 63.0 63.0 
61.0 60.0 62.0 63.0 
60.0 60.0 61.0 62.0 
89.0 59.0 78.0 75.0 
61.0 59.0 62.0 63.0 
61.0 58.0 62.0 63.0 
60.0 61.0 60.0 61.0 
89.0 59.0 77.0 76.0 
60.0 59.0 62.0 63.0 
61.0 60.0 61.0 63.0 
61.0 60.0 61.0 61.0 
88.0 60.0 76.0 75.0 
61.0 59.0 63.0 63.0 
60.0 60.0 61.0 63.0 
61.0 61.0 61.0 62.0 
90.0 59.0 78.0 77.0 
61.0 59.0 63.0 63.0 
61.0 59.0 61.0 63.0 
61.0 60.0 62.0 61.0 
89.0 60.0 78.0 77.0 
61.0 59.0 62.0 63.0 
61.0 60.0 61.0 63.0 
60.0 60.0 62.0 60.0 
89.0 60.0 79.0 77.0 
61.0 59.0 62.0 63.0 
61.0 59.0 61.0 63.0 
60.0 61.0 60.0 61.0 
90.0 60.0 78.0 76.0 
61.0 58.0 63.0 63.0 
60.0 60.0 60.0 63.0 
61.0 60.0 62.0 61.0 
91.0 60.0 78.0 76.0 
61.0 58.0 62.0 63.0 
62.0 59.0 62.0 62.0 
60.0 59.0 61.0 61.0 
89.0 60.0 76.0 76.0 
60.0 59.0 63.0 64.0 
61.0 59.0 61.0 63.0 
60.0 60.0 62.0 61.0 
90.0 60.0 78.0 77.0 
61.0 58.0 63.0 63.0 
61.0 60.0 62.0 62.0 
60.0 60.0 61.0 61.0 
90.0 60.0 77.0 76.0 
61.0 59.0 63.0 64.0 
60.0 60.0 61.0 63.0 
61.0 60.0 61.0 61.0 
90.0 60.0 78.0 76.0 
61.0 59.0 62.0 63.0 
61.0 60.0 61.0 63.0 
60.0 60.0 61.0 62.0 
89.0 60.0 77.0 75.0 
61.0 59.0 62.0 63.0 
61.0 61.0 61.0 63.0 
60.0 60.0 60.0 62.0 
90.0 59.0 79.0 76.0 
61.0 58.0 62.0 63.0 
60.0 59.0 61.0 63.0 
61.0 60.0 60.0 61.0 
90.0 60.0 78.0 76.0 
61.0 59.0 62.0 63.0 
61.0 59.0 61.0 63.0 
60.0 60.0 61.0 62.0 
89.0 60.0 77.0 75.0 
60.0 59.0 62.0 63.0 
60.0 60.0 61.0 63.0 
61.0 60.0 61.0 62.0 
89.0 60.0 77.0 76.0 
62.0 59.0 63.0 62.0 
60.0 60.0 63.0 63.0 
59.0 60.0 61.0 61.0 
90.0 60.0 78.0 76.0 
61.0 58.0 62.0 63.0 
61.0 59.0 61.0 64.0 
61.0 60.0 61.0 61.0 
89.0 60.0 78.0 77.0 
61.0 59.0 62.0 63.0 
61.0 60.0 61.0 63.0 
60.0 60.0 61.0 62.0 
88.0 60.0 78.0 77.0 
61.0 59.0 62.0 63.0 
61.0 59.0 60.0 63.0 
61.0 60.0 61.0 62.0 
89.0 59.0 80.0 77.0 
61.0 57.0 63.0 64.0 
62.0 60.0 61.0 63.0 
61.0 61.0 60.0 62.0 
89.0 60.0 79.0 76.0 
61.0 59.0 62.0 63.0 
59.0 59.0 62.0 64.0 
60.0 60.0 61.0 61.0 
89.0 60.0 78.0 76.0 
62.0 60.0 63.0 63.0 
61.0 60.0 62.0 63.0 
61.0 59.0 60.0 61.0 
89.0 60.0 79.0 77.0 
61.0 58.0 63.0 62.0 
61.0 59.0 62.0 63.0 
60.0 60.0 61.0 62.0 
89.0 61.0 78.0 77.0 
61.0 59.0 62.0 63.0 
61.0 59.0 62.0 63.0 
60.0 61.0 61.0 62.0 
90.0 59.0 77.0 77.0 
61.0 58.0 63.0 63.0 
61.0 59.0 61.0 63.0 
61.0 60.0 61.0 61.0 
91.0 59.0 78.0 77.0 
61.0 58.0 63.0 63.0 
60.0 61.0 61.0 63.0 
60.0 61.0 61.0 62.0 
91.0 60.0 78.0 77.0 
60.0 60.0 63.0 63.0 
61.0 59.0 61.0 63.0 
61.0 60.0 61.0 61.0 
88.0 60.0 79.0 77.0 
60.0 59.0 63.0 63.0 
61.0 59.0 61.0 63.0 
60.0 61.0 61.0 62.0 
89.0 60.0 78.0 77.0 
61.0 59.0 62.0 63.0 
61.0 60.0 61.0 63.0 
61.0 60.0 61.0 62.0 
88.0 61.0 78.0 76.0 
61.0 60.0 62.0 63.0 
61.0 59.0 61.0 63.0 
60.0 60.0 61.0 62.0 
89.0 59.0 78.0 77.0 
61.0 59.0 62.0 63.0 
61.0 60.0 60.0 64.0 
61.0 60.0 60.0 62.0 
89.0 59.0 78.0 76.0 
60.0 59.0 62.0 63.0 
61.0 59.0 61.0 62.0 
61.0 61.0 61.0 62.0 
89.0 60.0 78.0 77.0 
60.0 58.0 62.0 63.0 
61.0 59.0 61.0 63.0 
60.0 60.0 61.0 62.0 
88.0 60.0 78.0 76.0 
61.0 59.0 63.0 62.0 
61.0 60.0 62.0 63.0 
60.0 60.0 60.0 63.0 
87.0 60.0 78.0 77.0 
61.0 58.0 61.0 63.0 
61.0 60.0 63.0 63.0 
60.0 60.0 61.0 62.0 
84.0 60.0 78.0 76.0 
60.0 59.0 62.0 62.0 
61.0 58.0 61.0 63.0 
60.0 59.0 61.0 62.0 
85.0 59.0 79.0 76.0 
61.0 59.0 63.0 63.0 
62.0 60.0 61.0 63.0 
62.0 60.0 61.0 62.0 
81.0 60.0 78.0 76.0 
61.0 59.0 63.0 63.0 
61.0 60.0 61.0 63.0 
61.0 61.0 61.0 62.0 
80.0 59.0 78.0 75.0 
61.0 59.0 62.0 64.0 
61.0 59.0 62.0 63.0 
60.0 60.0 61.0 62.0 
77.0 60.0 77.0 75.0 
62.0 59.0 62.0 64.0 
61.0 59.0 62.0 62.0 
60.0 60.0 61.0 62.0 
77.0 60.0 78.0 75.0 
61.0 59.0 63.0 63.0 
61.0 59.0 61.0 62.0 
61.0 60.0 62.0 62.0 
78.0 60.0 77.0 75.0 
61.0 59.0 64.0 64.0 
61.0 59.0 62.0 63.0 
61.0 61.0 62.0 61.0 
78.0 60.0 78.0 75.0 
62.0 59.0 64.0 64.0 
61.0 59.0 62.0 62.0 
61.0 60.0 61.0 62.0 
78.0 60.0 78.0 75.0 
62.0 59.0 63.0 64.0 
61.0 59.0 61.0 62.0 
60.0 60.0 61.0 62.0 
78.0 60.0 78.0 75.0 
63.0 59.0 64.0 63.0 
62.0 60.0 62.0 63.0 
61.0 60.0 61.0 62.0 
76.0 60.0 78.0 75.0 
62.0 58.0 63.0 64.0 
62.0 59.0 62.0 63.0 
62.0 60.0 61.0 62.0 
78.0 60.0 78.0 75.0 
62.0 60.0 64.0 65.0 
61.0 60.0 62.0 63.0 
61.0 60.0 62.0 62.0 
80.0 60.0 77.0 75.0 
62.0 60.0 64.0 64.0 
61.0 60.0 62.0 63.0 
61.0 59.0 61.0 62.0 
79.0 61.0 78.0 76.0 
62.0 58.0 64.0 64.0 
61.0 61.0 62.0 62.0 
61.0 60.0 61.0 61.0 
79.0 60.0 78.0 76.0 
62.0 60.0 65.0 65.0 
61.0 60.0 62.0 62.0 
61.0 60.0 61.0 61.0 
79.0 60.0 79.0 75.0 
61.0 59.0 63.0 64.0 
62.0 59.0 62.0 63.0 
61.0 60.0 61.0 62.0 
78.0 60.0 78.0 74.0 
61.0 59.0 63.0 65.0 
62.0 59.0 62.0 63.0 
62.0 60.0 61.0 62.0 
78.0 60.0 78.0 76.0 
61.0 59.0 64.0 64.0 
62.0 60.0 62.0 63.0 
62.0 60.0 61.0 62.0 
77.0 60.0 77.0 74.0 
63.0 59.0 64.0 64.0 
62.0 60.0 63.0 62.0 
61.0 61.0 62.0 62.0 
78.0 59.0 78.0 75.0 
62.0 59.0 63.0 64.0 
61.0 60.0 61.0 63.0 
62.0 59.0 61.0 62.0 
77.0 60.0 77.0 75.0 
61.0 58.0 62.0 63.0 
61.0 59.0 63.0 62.0 
60.0 60.0 61.0 62.0 
78.0 59.0 79.0 74.0 
62.0 59.0 63.0 63.0 
61.0 60.0 62.0 63.0 
62.0 60.0 60.0 61.0 
79.0 60.0 78.0 75.0 
62.0 58.0 62.0 63.0 
62.0 60.0 62.0 63.0 
61.0 60.0 60.0 62.0 
78.0 59.0 78.0 75.0 
61.0 59.0 62.0 63.0 
62.0 60.0 61.0 63.0 
61.0 60.0 61.0 61.0 
78.0 60.0 78.0 75.0 
61.0 59.0 63.0 63.0 
61.0 59.0 62.0 63.0 
62.0 60.0 61.0 62.0 
77.0 60.0 78.0 76.0 
61.0 58.0 62.0 63.0 
61.0 59.0 62.0 62.0 
61.0 60.0 61.0 62.0 
77.0 59.0 78.0 75.0 
61.0 59.0 62.0 63.0 
62.0 58.0 62.0 63.0 
61.0 60.0 61.0 61.0 
77.0 60.0 78.0 75.0 
61.0 60.0 63.0 64.0 
61.0 59.0 60.0 62.0 
62.0 60.0 62.0 62.0 
77.0 60.0 78.0 74.0 
62.0 59.0 62.0 63.0 
61.0 59.0 62.0 63.0 
61.0 60.0 62.0 62.0 
77.0 60.0 77.0 76.0 
62.0 59.0 63.0 63.0 
62.0 60.0 62.0 62.0 
61.0 60.0 61.0 62.0 
78.0 60.0 78.0 75.0 
61.0 58.0 63.0 65.0 
61.0 61.0 61.0 63.0 
61.0 60.0 61.0 62.0 
78.0 59.0 77.0 75.0 
61.0 60.0 63.0 63.0 
62.0 59.0 62.0 63.0 
61.0 59.0 61.0 62.0 
78.0 58.0 78.0 74.0 
61.0 60.0 62.0 64.0 
60.0 60.0 61.0 63.0 
61.0 60.0 61.0 62.0 
78.0 60.0 77.0 74.0 
62.0 59.0 62.0 63.0 
61.0 59.0 62.0 63.0 
61.0 60.0 61.0 62.0 
78.0 59.0 78.0 75.0 
61.0 58.0 62.0 62.0 
61.0 61.0 61.0 63.0 
62.0 61.0 61.0 62.0 
78.0 60.0 77.0 75.0 
60.0 58.0 63.0 63.0 
61.0 60.0 61.0 63.0 
60.0 60.0 61.0 62.0 
78.0 59.0 78.0 74.0 
61.0 59.0 62.0 63.0 
61.0 60.0 61.0 63.0 
62.0 60.0 60.0 62.0 
77.0 59.0 78.0 74.0 
61.0 59.0 62.0 62.0 
61.0 59.0 62.0 63.0 
61.0 60.0 61.0 61.0 
78.0 59.0 78.0 75.0 
61.0 59.0 63.0 63.0 
61.0 61.0 61.0 63.0 
62.0 60.0 61.0 61.0 
78.0 59.0 77.0 76.0 
61.0 59.0 62.0 63.0 
61.0 60.0 62.0 64.0 
62.0 60.0 61.0 61.0 
79.0 60.0 77.0 75.0 
62.0 60.0 62.0 63.0 
61.0 59.0 62.0 62.0 
61.0 60.0 61.0 62.0 
77.0 60.0 77.0 75.0 
61.0 59.0 63.0 63.0 
61.0 60.0 62.0 63.0 
61.0 60.0 61.0 62.0 
77.0 60.0 77.0 74.0 
61.0 59.0 63.0 64.0 
62.0 59.0 62.0 63.0 
60.0 60.0 60.0 63.0 
77.0 60.0 78.0 74.0 
61.0 59.0 63.0 64.0 
61.0 59.0 62.0 62.0 
62.0 60.0 61.0 61.0 
77.0 60.0 77.0 75.0 
62.0 59.0 62.0 63.0 
61.0 60.0 62.0 63.0 
61.0 60.0 61.0 62.0 
77.0 60.0 77.0 74.0 
61.0 60.0 62.0 63.0 
61.0 60.0 62.0 63.0 
60.0 61.0 61.0 62.0 
77.0 60.0 77.0 76.0 
61.0 59.0 62.0 63.0 
60.0 60.0 62.0 63.0 
61.0 60.0 61.0 61.0 
78.0 60.0 77.0 75.0 
61.0 59.0 62.0 63.0 
61.0 60.0 61.0 62.0 
61.0 60.0 61.0 61.0 
78.0 60.0 77.0 76.0 
62.0 59.0 63.0 63.0 
61.0 59.0 62.0 62.0 
61.0 61.0 61.0 62.0 
77.0 60.0 78.0 74.0 
62.0 59.0 62.0 63.0 
61.0 59.0 62.0 62.0 
61.0 59.0 61.0 63.0 
78.0 60.0 78.0 75.0 
61.0 59.0 62.0 63.0 
61.0 59.0 62.0 63.0 
62.0 61.0 61.0 62.0 
78.0 60.0 77.0 74.0 
61.0 58.0 63.0 64.0 
61.0 61.0 61.0 61.0 
61.0 61.0 61.0 62.0 
78.0 59.0 77.0 74.0 
62.0 58.0 63.0 63.0 
61.0 59.0 62.0 63.0 
60.0 60.0 61.0 62.0 
77.0 59.0 78.0 75.0 
62.0 59.0 63.0 64.0 
61.0 59.0 62.0 62.0 
60.0 61.0 62.0 61.0 
78.0 60.0 78.0 73.0 
61.0 58.0 63.0 63.0 
61.0 60.0 61.0 62.0 
61.0 60.0 61.0 61.0 
77.0 59.0 78.0 74.0 
62.0 58.0 63.0 63.0 
61.0 59.0 62.0 62.0 
61.0 60.0 61.0 62.0 
77.0 60.0 77.0 74.0 
62.0 60.0 63.0 64.0 
61.0 60.0 62.0 63.0 
61.0 60.0 60.0 63.0 
77.0 59.0 77.0 74.0 
62.0 59.0 63.0 64.0 
62.0 59.0 63.0 63.0 
61.0 60.0 61.0 62.0 
77.0 59.0 77.0 73.0 
62.0 59.0 63.0 64.0 
61.0 58.0 62.0 63.0 
61.0 61.0 60.0 62.0 
78.0 60.0 77.0 74.0 
62.0 58.0 62.0 64.0 
62.0 59.0 62.0 62.0 
62.0 59.0 61.0 62.0 
77.0 59.0 78.0 73.0 
61.0 58.0 64.0 64.0 
61.0 60.0 62.0 63.0 
62.0 60.0 61.0 62.0 
77.0 60.0 77.0 73.0 
63.0 60.0 63.0 65.0 
63.0 59.0 62.0 63.0 
61.0 61.0 61.0 62.0 
77.0 59.0 77.0 73.0 
62.0 59.0 63.0 64.0 
61.0 61.0 62.0 63.0 
60.0 61.0 61.0 62.0 
78.0 59.0 77.0 74.0 
62.0 59.0 63.0 64.0 
62.0 60.0 60.0 63.0 
61.0 61.0 60.0 63.0 
78.0 61.0 77.0 75.0 
62.0 58.0 64.0 65.0 
60.0 60.0 62.0 63.0 
61.0 60.0 61.0 61.0 
77.0 59.0 76.0 74.0 
62.0 59.0 64.0 64.0 
62.0 59.0 61.0 62.0 
61.0 60.0 61.0 62.0 
77.0 59.0 77.0 74.0 
61.0 58.0 64.0 64.0 
61.0 59.0 62.0 63.0 
61.0 60.0 61.0 63.0 
78.0 60.0 78.0 75.0 
61.0 59.0 64.0 64.0 
62.0 60.0 62.0 63.0 
61.0 60.0 61.0 61.0 
76.0 59.0 78.0 75.0 
61.0 59.0 63.0 63.0 
62.0 59.0 62.0 63.0 
62.0 59.0 61.0 61.0 
78.0 59.0 78.0 76.0 
61.0 59.0 64.0 65.0 
61.0 59.0 61.0 63.0 
62.0 60.0 61.0 61.0 
78.0 59.0 77.0 75.0 
62.0 59.0 64.0 65.0 
61.0 60.0 62.0 63.0 
61.0 60.0 60.0 62.0 
77.0 61.0 78.0 74.0 
62.0 59.0 64.0 65.0 
61.0 59.0 62.0 64.0 
61.0 59.0 61.0 62.0 
78.0 61.0 77.0 74.0 
62.0 59.0 63.0 65.0 
61.0 59.0 61.0 63.0 
61.0 60.0 61.0 62.0 
78.0 59.0 77.0 74.0 
62.0 58.0 64.0 65.0 
61.0 60.0 61.0 62.0 
62.0 60.0 61.0 62.0 
78.0 58.0 77.0 74.0 
63.0 59.0 64.0 64.0 
61.0 61.0 62.0 63.0 
61.0 60.0 60.0 62.0 
76.0 61.0 77.0 73.0 
63.0 59.0 64.0 64.0 
60.0 59.0 62.0 63.0 
61.0 61.0 61.0 62.0 
77.0 60.0 77.0 73.0 
62.0 58.0 64.0 64.0 
61.0 59.0 62.0 63.0 
61.0 60.0 61.0 63.0 
76.0 60.0 76.0 73.0 
61.0 55.0 63.0 64.0 
61.0 59.0 62.0 62.0 
61.0 61.0 61.0 62.0 
77.0 60.0 77.0 74.0 
63.0 59.0 63.0 64.0 
62.0 60.0 62.0 64.0 
61.0 60.0 61.0 62.0 
78.0 60.0 76.0 74.0 
62.0 58.0 65.0 65.0 
60.0 60.0 61.0 63.0 
61.0 60.0 61.0 62.0 
76.0 60.0 76.0 74.0 
62.0 59.0 64.0 64.0 
61.0 60.0 62.0 63.0 
61.0 60.0 61.0 62.0 
77.0 59.0 77.0 73.0 
62.0 59.0 64.0 65.0 
61.0 60.0 60.0 63.0 
61.0 60.0 60.0 62.0 
77.0 59.0 76.0 74.0 
63.0 59.0 64.0 64.0 
62.0 58.0 61.0 62.0 
61.0 60.0 61.0 61.0 
76.0 61.0 77.0 76.0 
62.0 60.0 63.0 65.0 
61.0 60.0 61.0 62.0 
60.0 60.0 61.0 62.0 
76.0 60.0 77.0 74.0 
63.0 59.0 64.0 65.0 
62.0 59.0 62.0 63.0 
61.0 61.0 61.0 62.0 
78.0 60.0 76.0 76.0 
62.0 59.0 64.0 65.0 
61.0 59.0 62.0 63.0 
62.0 61.0 60.0 62.0 
78.0 61.0 76.0 75.0 
61.0 60.0 62.0 64.0 
61.0 61.0 62.0 63.0 
61.0 60.0 61.0 62.0 
76.0 61.0 76.0 75.0 
60.0 59.0 63.0 64.0 
61.0 58.0 62.0 62.0 
61.0 59.0 61.0 61.0 
77.0 60.0 76.0 75.0 
61.0 59.0 62.0 65.0 
61.0 59.0 62.0 63.0 
62.0 60.0 61.0 62.0 
77.0 61.0 73.0 74.0 
62.0 59.0 63.0 64.0 
60.0 59.0 62.0 63.0 
61.0 59.0 61.0 61.0 
76.0 59.0 74.0 75.0 
61.0 59.0 63.0 65.0 
62.0 59.0 62.0 63.0 
61.0 60.0 61.0 61.0 
77.0 60.0 74.0 73.0 
61.0 59.0 64.0 64.0 
60.0 60.0 62.0 63.0 
61.0 60.0 61.0 62.0 
76.0 60.0 75.0 74.0 
60.0 58.0 63.0 63.0 
61.0 60.0 62.0 63.0 
61.0 61.0 62.0 61.0 
76.0 60.0 76.0 73.0 
62.0 59.0 63.0 64.0 
61.0 59.0 62.0 63.0 
61.0 60.0 62.0 63.0 
75.0 60.0 76.0 74.0 
63.0 58.0 62.0 64.0 
62.0 60.0 61.0 62.0 
61.0 60.0 61.0 62.0 
76.0 60.0 75.0 73.0 
62.0 58.0 63.0 64.0 
62.0 59.0 62.0 63.0 
62.0 59.0 61.0 61.0 
76.0 61.0 74.0 74.0 
61.0 60.0 63.0 64.0 
61.0 60.0 62.0 63.0 
61.0 60.0 61.0 63.0 
75.0 60.0 75.0 72.0 
62.0 59.0 64.0 62.0 
61.0 60.0 61.0 63.0 
62.0 60.0 61.0 61.0 
76.0 60.0 75.0 73.0 
61.0 59.0 63.0 64.0 
62.0 59.0 61.0 63.0 
62.0 60.0 62.0 61.0 
76.0 60.0 76.0 73.0 
61.0 59.0 63.0 65.0 
61.0 60.0 62.0 62.0 
62.0 59.0 61.0 63.0 
76.0 59.0 77.0 72.0 
62.0 59.0 63.0 64.0 
62.0 59.0 61.0 63.0 
62.0 60.0 60.0 62.0 
76.0 60.0 76.0 74.0 
61.0 59.0 63.0 63.0 
61.0 59.0 62.0 62.0 
61.0 60.0 62.0 62.0 
77.0 60.0 75.0 75.0 
61.0 59.0 63.0 64.0 
61.0 60.0 62.0 63.0 
62.0 61.0 61.0 62.0 
77.0 60.0 74.0 76.0 
62.0 59.0 63.0 63.0 
62.0 59.0 62.0 62.0 
61.0 60.0 61.0 62.0 
76.0 60.0 74.0 75.0 
62.0 59.0 63.0 64.0 
62.0 59.0 62.0 63.0 
60.0 60.0 61.0 62.0 
76.0 60.0 74.0 74.0 
61.0 61.0 63.0 64.0 
61.0 59.0 62.0 63.0 
61.0 59.0 61.0 62.0 
76.0 59.0 76.0 73.0 
62.0 59.0 64.0 64.0 
62.0 59.0 62.0 63.0 
61.0 60.0 61.0 62.0 
76.0 60.0 75.0 73.0 
62.0 58.0 63.0 64.0 
61.0 59.0 61.0 63.0 
62.0 60.0 62.0 62.0 
78.0 59.0 76.0 73.0 
62.0 59.0 63.0 64.0 
61.0 60.0 61.0 62.0 
61.0 60.0 61.0 62.0 
80.0 60.0 76.0 73.0 
61.0 58.0 63.0 64.0 
60.0 59.0 61.0 63.0 
62.0 60.0 62.0 62.0 
79.0 60.0 77.0 74.0 
62.0 59.0 62.0 63.0 
61.0 60.0 62.0 63.0 
62.0 61.0 61.0 61.0 
80.0 61.0 76.0 74.0 
61.0 59.0 62.0 64.0 
60.0 60.0 61.0 63.0 
62.0 60.0 62.0 62.0 
80.0 59.0 76.0 73.0 
61.0 58.0 62.0 64.0 
61.0 59.0 61.0 63.0 
62.0 60.0 61.0 62.0 
81.0 60.0 76.0 73.0 
62.0 59.0 64.0 63.0 
62.0 59.0 61.0 62.0 
62.0 60.0 62.0 62.0 
81.0 60.0 76.0 73.0 
61.0 59.0 63.0 64.0 
63.0 59.0 61.0 63.0 
61.0 59.0 62.0 62.0 
82.0 60.0 76.0 74.0 
62.0 59.0 63.0 64.0 
61.0 60.0 61.0 62.0 
61.0 60.0 61.0 62.0 
81.0 61.0 75.0 74.0 
62.0 59.0 63.0 64.0 
61.0 59.0 61.0 63.0 
61.0 60.0 61.0 61.0 
80.0 59.0 76.0 73.0 
62.0 59.0 62.0 63.0 
61.0 60.0 61.0 63.0 
62.0 60.0 61.0 62.0 
81.0 60.0 76.0 73.0 
61.0 59.0 62.0 63.0 
61.0 60.0 61.0 62.0 
61.0 60.0 62.0 62.0 
81.0 59.0 76.0 75.0 
64.0 59.0 63.0 64.0 
61.0 60.0 59.0 64.0 
62.0 60.0 60.0 63.0 
79.0 60.0 76.0 74.0 
62.0 59.0 63.0 63.0 
61.0 60.0 61.0 63.0 
62.0 60.0 62.0 62.0 
77.0 60.0 76.0 74.0 
61.0 59.0 62.0 64.0 
61.0 59.0 61.0 63.0 
61.0 60.0 61.0 62.0 
78.0 60.0 76.0 74.0 
61.0 59.0 63.0 63.0 
61.0 60.0 62.0 62.0 
62.0 59.0 61.0 61.0 
78.0 59.0 76.0 74.0 
62.0 57.0 64.0 64.0 
60.0 59.0 61.0 63.0 
61.0 61.0 60.0 62.0 
76.0 61.0 76.0 72.0 
60.0 58.0 62.0 62.0 
61.0 59.0 62.0 63.0 
59.0 61.0 62.0 62.0 
77.0 59.0 77.0 74.0 
61.0 58.0 62.0 64.0 
62.0 59.0 61.0 63.0 
62.0 59.0 61.0 60.0 
77.0 60.0 76.0 73.0 
62.0 59.0 63.0 63.0 
61.0 60.0 62.0 62.0 
61.0 61.0 61.0 62.0 
76.0 60.0 76.0 73.0 
62.0 59.0 61.0 64.0 
61.0 59.0 61.0 62.0 
61.0 60.0 61.0 62.0 
78.0 59.0 76.0 73.0 
62.0 60.0 63.0 63.0 
60.0 58.0 62.0 63.0 
61.0 59.0 61.0 62.0 
77.0 59.0 76.0 73.0 
61.0 58.0 63.0 64.0 
61.0 59.0 62.0 62.0 
61.0 61.0 61.0 61.0 
78.0 61.0 76.0 74.0 
62.0 60.0 63.0 64.0 
61.0 60.0 62.0 62.0 
61.0 59.0 61.0 62.0 
77.0 60.0 76.0 73.0 
61.0 59.0 63.0 63.0 
61.0 59.0 62.0 63.0 
61.0 59.0 60.0 62.0 
76.0 60.0 76.0 73.0 
63.0 59.0 63.0 63.0 
60.0 60.0 61.0 63.0 
62.0 60.0 61.0 62.0 
76.0 60.0 76.0 74.0 
62.0 59.0 62.0 64.0 
62.0 60.0 61.0 62.0 
61.0 60.0 62.0 62.0 
76.0 60.0 75.0 73.0 
61.0 58.0 63.0 64.0 
61.0 60.0 61.0 62.0 
61.0 60.0 62.0 62.0 
76.0 60.0 75.0 73.0 
61.0 59.0 62.0 63.0 
61.0 60.0 62.0 62.0 
60.0 60.0 61.0 62.0 
77.0 60.0 76.0 74.0 
62.0 59.0 63.0 63.0 
61.0 59.0 61.0 62.0 
61.0 61.0 61.0 63.0 
77.0 60.0 76.0 74.0 
61.0 59.0 63.0 64.0 
61.0 59.0 64.0 62.0 
61.0 61.0 61.0 62.0 
78.0 60.0 75.0 74.0 
61.0 59.0 63.0 64.0 
61.0 60.0 61.0 63.0 
61.0 59.0 61.0 62.0 
76.0 60.0 76.0 74.0 
61.0 59.0 63.0 64.0 
61.0 60.0 62.0 62.0 
61.0 60.0 61.0 62.0 
76.0 59.0 76.0 75.0 
61.0 59.0 62.0 65.0 
61.0 60.0 62.0 63.0 
62.0 60.0 61.0 61.0 
78.0 60.0 76.0 76.0 
60.0 60.0 64.0 63.0 
61.0 60.0 61.0 63.0 
60.0 59.0 61.0 61.0 
78.0 59.0 77.0 75.0 
62.0 59.0 62.0 63.0 
60.0 60.0 61.0 62.0 
61.0 60.0 61.0 62.0 
76.0 60.0 76.0 75.0 
62.0 58.0 63.0 64.0 
61.0 60.0 62.0 62.0 
61.0 61.0 61.0 63.0 
78.0 61.0 76.0 74.0 
62.0 59.0 63.0 64.0 
61.0 60.0 61.0 63.0 
62.0 60.0 61.0 62.0 
77.0 60.0 76.0 73.0 
62.0 58.0 62.0 63.0 
61.0 59.0 62.0 62.0 
61.0 61.0 60.0 63.0 
77.0 60.0 75.0 74.0 
61.0 59.0 63.0 63.0 
61.0 60.0 61.0 63.0 
62.0 60.0 60.0 62.0 
76.0 60.0 77.0 74.0 
62.0 58.0 63.0 64.0 
61.0 61.0 63.0 62.0 
63.0 60.0 62.0 61.0 
76.0 60.0 75.0 73.0 
61.0 59.0 62.0 63.0 
61.0 60.0 60.0 62.0 
62.0 60.0 61.0 62.0 
77.0 60.0 76.0 74.0 
62.0 59.0 63.0 63.0 
61.0 61.0 62.0 62.0 
62.0 59.0 62.0 61.0 
80.0 61.0 75.0 75.0 
62.0 58.0 63.0 63.0 
61.0 60.0 61.0 62.0 
61.0 60.0 61.0 62.0 
81.0 60.0 75.0 74.0 
62.0 59.0 63.0 64.0 
60.0 60.0 61.0 63.0 
61.0 60.0 61.0 62.0 
77.0 60.0 75.0 74.0 
62.0 58.0 62.0 63.0 
60.0 61.0 62.0 63.0 
62.0 60.0 60.0 62.0 
79.0 59.0 77.0 74.0 
62.0 58.0 63.0 64.0 
61.0 59.0 62.0 63.0 
61.0 60.0 61.0 62.0 
78.0 59.0 75.0 74.0 
62.0 59.0 63.0 63.0 
61.0 59.0 62.0 62.0 
62.0 61.0 61.0 61.0 
80.0 59.0 75.0 75.0 
61.0 58.0 63.0 63.0 
62.0 60.0 61.0 63.0 
61.0 60.0 61.0 62.0 
78.0 60.0 75.0 74.0 
61.0 59.0 62.0 64.0 
61.0 58.0 62.0 63.0 
62.0 60.0 62.0 61.0 
78.0 60.0 77.0 74.0 
62.0 59.0 63.0 64.0 
62.0 60.0 62.0 62.0 
62.0 60.0 61.0 62.0 
81.0 60.0 76.0 75.0 
61.0 58.0 63.0 64.0 
61.0 61.0 60.0 62.0 
62.0 59.0 61.0 62.0 
80.0 60.0 75.0 74.0 
62.0 58.0 63.0 63.0 
62.0 59.0 62.0 62.0 
61.0 59.0 61.0 62.0 
77.0 60.0 75.0 74.0 
62.0 60.0 63.0 63.0 
62.0 60.0 62.0 63.0 
61.0 59.0 61.0 62.0 
80.0 59.0 75.0 74.0 
61.0 59.0 62.0 64.0 
61.0 59.0 62.0 62.0 
62.0 59.0 61.0 62.0 
80.0 60.0 75.0 76.0 
61.0 59.0 62.0 63.0 
62.0 60.0 61.0 62.0 
61.0 61.0 60.0 62.0 
80.0 60.0 75.0 76.0 
62.0 59.0 63.0 63.0 
61.0 59.0 61.0 63.0 
62.0 60.0 61.0 62.0 
81.0 59.0 75.0 77.0 
62.0 59.0 64.0 63.0 
61.0 60.0 61.0 63.0 
62.0 60.0 61.0 62.0 
79.0 60.0 75.0 75.0 
62.0 58.0 63.0 63.0 
61.0 59.0 61.0 62.0 
61.0 60.0 61.0 62.0 
79.0 60.0 76.0 75.0 
62.0 58.0 63.0 64.0 
61.0 60.0 62.0 62.0 
61.0 60.0 61.0 61.0 
79.0 59.0 75.0 75.0 
62.0 59.0 61.0 63.0 
62.0 59.0 61.0 62.0 
62.0 60.0 61.0 62.0 
78.0 60.0 75.0 74.0 
62.0 59.0 62.0 64.0 
61.0 60.0 62.0 63.0 
62.0 60.0 61.0 61.0 
79.0 59.0 76.0 75.0 
62.0 58.0 62.0 63.0 
62.0 60.0 61.0 63.0 
61.0 59.0 60.0 62.0 
79.0 59.0 74.0 75.0 
61.0 59.0 62.0 63.0 
62.0 59.0 62.0 63.0 
62.0 60.0 60.0 63.0 
80.0 60.0 76.0 76.0 
61.0 59.0 63.0 63.0 
61.0 59.0 60.0 63.0 
62.0 60.0 62.0 62.0 
81.0 60.0 75.0 76.0 
61.0 59.0 62.0 64.0 
61.0 58.0 61.0 63.0 
61.0 61.0 61.0 62.0 
80.0 60.0 74.0 76.0 
62.0 58.0 63.0 64.0 
62.0 59.0 62.0 62.0 
62.0 61.0 61.0 62.0 
82.0 60.0 74.0 76.0 
61.0 59.0 63.0 63.0 
61.0 60.0 60.0 62.0 
61.0 60.0 61.0 61.0 
82.0 60.0 75.0 75.0 
62.0 59.0 63.0 64.0 
61.0 59.0 61.0 62.0 
61.0 61.0 61.0 62.0 
79.0 60.0 74.0 75.0 
63.0 59.0 63.0 64.0 
62.0 59.0 60.0 63.0 
61.0 60.0 61.0 61.0 
79.0 60.0 75.0 75.0 
62.0 59.0 62.0 64.0 
62.0 59.0 62.0 62.0 
62.0 60.0 62.0 62.0 
79.0 59.0 75.0 74.0 
62.0 59.0 61.0 63.0 
62.0 59.0 62.0 63.0 
63.0 59.0 61.0 61.0 
79.0 60.0 76.0 76.0 
62.0 59.0 63.0 64.0 
62.0 60.0 61.0 63.0 
61.0 61.0 61.0 62.0 
79.0 59.0 74.0 74.0 
62.0 59.0 62.0 64.0 
61.0 59.0 62.0 63.0 
63.0 60.0 61.0 62.0 
80.0 60.0 74.0 74.0 
62.0 59.0 63.0 64.0 
62.0 59.0 62.0 62.0 
61.0 60.0 60.0 62.0 
78.0 61.0 74.0 75.0 
61.0 58.0 62.0 63.0 
62.0 59.0 60.0 62.0 
61.0 60.0 62.0 62.0 
78.0 60.0 75.0 75.0 
62.0 59.0 63.0 64.0 
61.0 61.0 61.0 63.0 
61.0 60.0 61.0 62.0 
77.0 60.0 74.0 74.0 
61.0 59.0 63.0 64.0 
61.0 59.0 62.0 62.0 
61.0 60.0 61.0 62.0 
76.0 60.0 75.0 74.0 
61.0 59.0 63.0 64.0 
61.0 59.0 61.0 62.0 
62.0 60.0 61.0 61.0 
77.0 60.0 74.0 73.0 
62.0 58.0 62.0 64.0 
60.0 59.0 62.0 64.0 
62.0 59.0 62.0 62.0 
77.0 60.0 75.0 74.0 
61.0 59.0 63.0 64.0 
62.0 60.0 61.0 63.0 
61.0 60.0 61.0 63.0 
76.0 60.0 74.0 74.0 
61.0 60.0 63.0 64.0 
60.0 59.0 62.0 63.0 
61.0 59.0 62.0 61.0 
77.0 59.0 75.0 74.0 
61.0 59.0 63.0 64.0 
61.0 59.0 61.0 62.0 
61.0 60.0 61.0 62.0 
77.0 60.0 75.0 74.0 
62.0 59.0 63.0 64.0 
61.0 60.0 62.0 62.0 
60.0 59.0 61.0 62.0 
77.0 60.0 75.0 74.0 
61.0 59.0 62.0 64.0 
61.0 59.0 61.0 63.0 
62.0 60.0 61.0 62.0 
78.0 60.0 75.0 74.0 
62.0 59.0 63.0 63.0 
61.0 60.0 61.0 63.0 
60.0 60.0 62.0 62.0 
78.0 59.0 76.0 74.0 
62.0 61.0 63.0 64.0 
62.0 59.0 62.0 62.0 
60.0 59.0 61.0 62.0 
77.0 60.0 74.0 74.0 
61.0 59.0 63.0 63.0 
61.0 59.0 62.0 63.0 
61.0 60.0 62.0 62.0 
77.0 60.0 75.0 74.0 
61.0 59.0 63.0 64.0 
61.0 59.0 61.0 63.0 
61.0 60.0 61.0 63.0 
78.0 59.0 75.0 74.0 
62.0 59.0 63.0 63.0 
63.0 59.0 62.0 62.0 
60.0 60.0 60.0 63.0 
77.0 60.0 75.0 75.0 
61.0 59.0 62.0 63.0 
62.0 59.0 62.0 63.0 
62.0 60.0 61.0 62.0 
77.0 60.0 76.0 74.0 
61.0 58.0 63.0 64.0 
62.0 60.0 62.0 63.0 
61.0 60.0 61.0 61.0 
78.0 59.0 75.0 75.0 
61.0 59.0 63.0 63.0 
61.0 59.0 62.0 62.0 
62.0 60.0 61.0 62.0 
78.0 60.0 74.0 76.0 
62.0 59.0 63.0 64.0 
60.0 59.0 62.0 63.0 
61.0 60.0 62.0 62.0 
78.0 59.0 75.0 76.0 
62.0 59.0 63.0 63.0 
61.0 60.0 61.0 63.0 
61.0 60.0 60.0 62.0 
79.0 59.0 75.0 76.0 
61.0 59.0 62.0 63.0 
61.0 59.0 62.0 63.0 
61.0 60.0 61.0 62.0 
79.0 60.0 75.0 75.0 
62.0 59.0 62.0 63.0 
61.0 60.0 61.0 63.0 
62.0 60.0 62.0 62.0 
78.0 60.0 75.0 76.0 
62.0 59.0 63.0 63.0 
62.0 59.0 62.0 63.0 
60.0 61.0 61.0 63.0 
78.0 60.0 75.0 77.0 
62.0 58.0 62.0 64.0 
61.0 58.0 62.0 63.0 
61.0 60.0 61.0 62.0 
79.0 59.0 75.0 77.0 
62.0 59.0 62.0 63.0 
61.0 60.0 61.0 63.0 
61.0 60.0 61.0 62.0 
77.0 60.0 75.0 76.0 
62.0 59.0 62.0 64.0 
61.0 60.0 62.0 62.0 
62.0 60.0 62.0 61.0 
77.0 60.0 74.0 76.0 
62.0 58.0 62.0 63.0 
61.0 59.0 62.0 62.0 
62.0 60.0 61.0 62.0 
78.0 59.0 76.0 75.0 
62.0 58.0 62.0 63.0 
61.0 59.0 61.0 63.0 
62.0 60.0 61.0 62.0 
80.0 59.0 75.0 76.0 
61.0 58.0 63.0 64.0 
62.0 59.0 61.0 62.0 
61.0 59.0 61.0 61.0 
82.0 60.0 75.0 77.0 
61.0 58.0 63.0 64.0 
60.0 60.0 61.0 63.0 
61.0 61.0 61.0 62.0 
81.0 60.0 76.0 76.0 
60.0 59.0 63.0 63.0 
61.0 59.0 61.0 62.0 
62.0 60.0 61.0 62.0 
82.0 59.0 76.0 75.0 
62.0 59.0 62.0 63.0 
61.0 60.0 61.0 63.0 
61.0 60.0 61.0 62.0 
83.0 60.0 75.0 77.0 
62.0 59.0 63.0 63.0 
60.0 61.0 61.0 62.0 
59.0 60.0 61.0 62.0 
82.0 60.0 75.0 76.0 
60.0 59.0 62.0 64.0 
61.0 60.0 62.0 62.0 
60.0 60.0 61.0 62.0 
82.0 60.0 76.0 75.0 
61.0 59.0 63.0 63.0 
60.0 60.0 61.0 63.0 
61.0 60.0 62.0 62.0 
83.0 60.0 74.0 76.0 
61.0 59.0 61.0 63.0 
62.0 59.0 62.0 63.0 
61.0 60.0 61.0 62.0 
81.0 59.0 76.0 76.0 
62.0 59.0 63.0 63.0 
61.0 59.0 61.0 63.0 
61.0 60.0 60.0 62.0 
78.0 60.0 76.0 76.0 
62.0 59.0 61.0 62.0 
61.0 60.0 61.0 62.0 
61.0 59.0 61.0 62.0 
78.0 60.0 75.0 73.0 
62.0 59.0 63.0 63.0 
60.0 60.0 61.0 63.0 
61.0 61.0 61.0 61.0 
78.0 60.0 76.0 76.0 
62.0 58.0 63.0 64.0 
61.0 60.0 61.0 62.0 
61.0 60.0 61.0 62.0 
78.0 59.0 75.0 75.0 
61.0 59.0 63.0 63.0 
61.0 60.0 62.0 63.0 
61.0 61.0 61.0 62.0 
77.0 60.0 75.0 75.0 
61.0 59.0 62.0 65.0 
61.0 59.0 62.0 63.0 
62.0 60.0 61.0 61.0 
78.0 59.0 75.0 75.0 
60.0 59.0 63.0 63.0 
62.0 59.0 62.0 63.0 
60.0 60.0 62.0 61.0 
78.0 59.0 75.0 76.0 
61.0 59.0 63.0 64.0 
60.0 58.0 62.0 63.0 
62.0 60.0 61.0 62.0 
77.0 60.0 75.0 75.0 
62.0 59.0 63.0 63.0 
61.0 60.0 61.0 63.0 
62.0 60.0 61.0 62.0 
78.0 60.0 76.0 75.0 
61.0 59.0 62.0 64.0 
61.0 60.0 61.0 63.0 
61.0 60.0 61.0 61.0 
78.0 59.0 77.0 76.0 
61.0 59.0 62.0 64.0 
61.0 59.0 62.0 63.0 
61.0 60.0 61.0 62.0 
76.0 60.0 76.0 76.0 
61.0 59.0 63.0 63.0 
61.0 59.0 61.0 62.0 
61.0 59.0 62.0 62.0 
78.0 60.0 76.0 77.0 
62.0 59.0 63.0 64.0 
61.0 60.0 61.0 62.0 
61.0 60.0 62.0 62.0 
78.0 60.0 76.0 76.0 
62.0 59.0 63.0 64.0 
61.0 58.0 62.0 62.0 
60.0 60.0 62.0 62.0 
78.0 60.0 76.0 76.0 
62.0 59.0 63.0 64.0 
61.0 59.0 60.0 63.0 
61.0 60.0 61.0 62.0 
78.0 60.0 76.0 76.0 
62.0 59.0 63.0 63.0 
61.0 58.0 61.0 64.0 
61.0 61.0 61.0 62.0 
78.0 59.0 75.0 76.0 
62.0 58.0 63.0 64.0 
62.0 59.0 62.0 62.0 
60.0 61.0 60.0 62.0 
77.0 59.0 76.0 76.0 
62.0 59.0 63.0 63.0 
62.0 60.0 62.0 63.0 
61.0 60.0 61.0 61.0 
78.0 60.0 75.0 76.0 
62.0 59.0 63.0 63.0 
61.0 59.0 61.0 62.0 
60.0 60.0 61.0 61.0 
77.0 60.0 75.0 76.0 
62.0 59.0 63.0 64.0 
62.0 59.0 62.0 63.0 
61.0 60.0 61.0 62.0 
78.0 59.0 75.0 75.0 
61.0 58.0 63.0 64.0 
61.0 59.0 62.0 63.0 
61.0 60.0 62.0 62.0 
76.0 60.0 76.0 75.0 
62.0 59.0 63.0 64.0 
61.0 60.0 62.0 63.0 
61.0 60.0 61.0 62.0 
78.0 60.0 75.0 75.0 
61.0 59.0 63.0 64.0 
61.0 59.0 61.0 62.0 
61.0 60.0 62.0 62.0 
78.0 59.0 75.0 75.0 
62.0 59.0 63.0 64.0 
60.0 59.0 62.0 63.0 
61.0 60.0 61.0 62.0 
77.0 60.0 76.0 75.0 
61.0 59.0 63.0 64.0 
62.0 59.0 62.0 62.0 
60.0 61.0 61.0 61.0 
77.0 59.0 76.0 76.0 
62.0 59.0 62.0 64.0 
61.0 58.0 62.0 64.0 
61.0 61.0 62.0 62.0 
78.0 59.0 75.0 75.0 
61.0 60.0 62.0 64.0 
61.0 59.0 62.0 63.0 
61.0 60.0 61.0 61.0 
77.0 60.0 75.0 76.0 
62.0 58.0 63.0 64.0 
62.0 59.0 62.0 63.0 
61.0 60.0 61.0 61.0 
77.0 60.0 76.0 76.0 
62.0 59.0 62.0 63.0 
61.0 60.0 61.0 63.0 
61.0 61.0 62.0 62.0 
78.0 59.0 75.0 76.0 
62.0 58.0 63.0 63.0 
61.0 60.0 62.0 62.0 
62.0 60.0 60.0 62.0 
78.0 59.0 76.0 76.0 
61.0 59.0 63.0 65.0 
61.0 59.0 61.0 62.0 
61.0 60.0 60.0 62.0 
78.0 61.0 76.0 76.0 
62.0 60.0 62.0 64.0 
60.0 61.0 61.0 63.0 
61.0 60.0 62.0 62.0 
78.0 59.0 77.0 75.0 
62.0 59.0 63.0 64.0 
60.0 60.0 62.0 62.0 
63.0 60.0 61.0 62.0 
78.0 60.0 77.0 76.0 
62.0 59.0 63.0 63.0 
61.0 60.0 61.0 63.0 
60.0 60.0 61.0 62.0 
78.0 60.0 76.0 75.0 
61.0 59.0 63.0 64.0 
61.0 59.0 62.0 62.0 
61.0 60.0 62.0 61.0 
78.0 60.0 76.0 76.0 
62.0 59.0 64.0 64.0 
61.0 60.0 60.0 63.0 
61.0 59.0 61.0 62.0 
78.0 61.0 76.0 75.0 
63.0 58.0 63.0 64.0 
61.0 60.0 62.0 62.0 
60.0 60.0 61.0 62.0 
77.0 59.0 75.0 75.0 
62.0 59.0 64.0 65.0 
61.0 59.0 61.0 62.0 
61.0 59.0 59.0 62.0 
78.0 60.0 76.0 75.0 
63.0 57.0 63.0 64.0 
60.0 60.0 61.0 63.0 
61.0 59.0 61.0 62.0 
77.0 60.0 76.0 74.0 
62.0 58.0 63.0 64.0 
60.0 59.0 62.0 62.0 
60.0 60.0 61.0 62.0 
78.0 60.0 76.0 75.0 
63.0 59.0 63.0 64.0 
61.0 59.0 62.0 62.0 
61.0 60.0 61.0 62.0 
77.0 60.0 76.0 75.0 
62.0 58.0 63.0 64.0 
61.0 59.0 62.0 62.0 
61.0 60.0 62.0 61.0 
77.0 59.0 76.0 75.0 
62.0 59.0 63.0 64.0 
61.0 59.0 63.0 62.0 
60.0 60.0 61.0 62.0 
78.0 59.0 76.0 74.0 
62.0 59.0 62.0 65.0 
61.0 59.0 62.0 63.0 
61.0 59.0 61.0 62.0 
78.0 59.0 77.0 75.0 
61.0 58.0 63.0 64.0 
60.0 59.0 62.0 62.0 
62.0 59.0 61.0 62.0 
77.0 60.0 76.0 75.0 
61.0 59.0 63.0 64.0 
60.0 59.0 61.0 62.0 
60.0 61.0 61.0 62.0 
78.0 60.0 77.0 75.0 
61.0 59.0 63.0 64.0 
60.0 59.0 61.0 63.0 
62.0 60.0 62.0 61.0 
77.0 59.0 77.0 74.0 
62.0 59.0 63.0 65.0 
61.0 59.0 61.0 62.0 
61.0 61.0 61.0 60.0 
78.0 59.0 77.0 75.0 
61.0 59.0 63.0 63.0 
61.0 60.0 61.0 65.0 
61.0 60.0 62.0 62.0 
78.0 59.0 77.0 74.0 
62.0 57.0 63.0 64.0 
61.0 59.0 61.0 64.0 
60.0 61.0 61.0 62.0 
78.0 59.0 77.0 75.0 
62.0 58.0 63.0 63.0 
61.0 59.0 61.0 62.0 
61.0 61.0 59.0 61.0 
78.0 59.0 78.0 75.0 
61.0 59.0 63.0 64.0 
61.0 59.0 61.0 63.0 
61.0 61.0 60.0 60.0 
78.0 60.0 77.0 75.0 
62.0 58.0 63.0 63.0 
61.0 61.0 62.0 61.0 
61.0 61.0 60.0 63.0 
78.0 59.0 76.0 75.0 
62.0 58.0 63.0 63.0 
61.0 59.0 62.0 62.0 
61.0 60.0 62.0 62.0 
77.0 60.0 78.0 75.0 
61.0 61.0 63.0 64.0 
61.0 59.0 61.0 63.0 
61.0 59.0 62.0 62.0 
78.0 61.0 77.0 75.0 
62.0 59.0 63.0 64.0 
60.0 59.0 61.0 63.0 
60.0 60.0 61.0 62.0 
79.0 59.0 77.0 75.0 
61.0 59.0 63.0 63.0 
62.0 59.0 62.0 62.0 
61.0 61.0 60.0 62.0 
78.0 61.0 77.0 76.0 
61.0 59.0 63.0 64.0 
61.0 59.0 61.0 62.0 
61.0 61.0 61.0 62.0 
77.0 59.0 77.0 75.0 
62.0 57.0 63.0 64.0 
61.0 59.0 62.0 62.0 
61.0 60.0 61.0 61.0 
79.0 60.0 77.0 76.0 
62.0 59.0 63.0 64.0 
61.0 59.0 61.0 62.0 
61.0 60.0 61.0 61.0 
79.0 60.0 78.0 76.0 
62.0 59.0 63.0 64.0 
62.0 60.0 61.0 62.0 
61.0 60.0 61.0 61.0 
79.0 60.0 78.0 76.0 
62.0 59.0 63.0 64.0 
61.0 59.0 61.0 63.0 
61.0 60.0 61.0 61.0 
79.0 59.0 78.0 76.0 
62.0 59.0 63.0 63.0 
61.0 60.0 61.0 63.0 
61.0 60.0 60.0 62.0 
78.0 60.0 78.0 76.0 
62.0 58.0 62.0 63.0 
61.0 59.0 61.0 62.0 
61.0 60.0 61.0 61.0 
78.0 60.0 77.0 77.0 
61.0 58.0 64.0 64.0 
60.0 60.0 62.0 62.0 
61.0 60.0 61.0 62.0 
78.0 60.0 78.0 77.0 
62.0 59.0 64.0 63.0 
62.0 59.0 61.0 63.0 
60.0 60.0 60.0 61.0 
79.0 60.0 78.0 75.0 
61.0 60.0 62.0 64.0 
61.0 59.0 61.0 62.0 
61.0 61.0 62.0 61.0 
78.0 59.0 79.0 76.0 
61.0 59.0 63.0 63.0 
60.0 60.0 60.0 62.0 
62.0 59.0 61.0 61.0 
78.0 60.0 78.0 77.0 
62.0 58.0 62.0 64.0 
61.0 59.0 62.0 62.0 
60.0 60.0 61.0 62.0 
78.0 60.0 78.0 76.0 
62.0 58.0 63.0 64.0 
61.0 60.0 61.0 62.0 
60.0 61.0 61.0 62.0 
79.0 59.0 79.0 76.0 
61.0 59.0 63.0 64.0 
60.0 58.0 61.0 61.0 
61.0 60.0 59.0 61.0 
79.0 61.0 78.0 76.0 
63.0 59.0 63.0 64.0 
61.0 59.0 61.0 62.0 
61.0 60.0 62.0 62.0 
78.0 60.0 78.0 77.0 
61.0 59.0 63.0 64.0 
61.0 60.0 61.0 62.0 
61.0 60.0 61.0 62.0 
79.0 59.0 79.0 76.0 
61.0 59.0 63.0 64.0 
60.0 60.0 61.0 62.0 
61.0 60.0 60.0 62.0 
79.0 59.0 78.0 76.0 
61.0 59.0 63.0 64.0 
61.0 60.0 62.0 62.0 
61.0 59.0 60.0 61.0 
78.0 60.0 77.0 76.0 
61.0 59.0 63.0 63.0 
60.0 60.0 60.0 63.0 
61.0 60.0 60.0 63.0 
79.0 59.0 78.0 76.0 
62.0 58.0 63.0 63.0 
61.0 60.0 61.0 62.0 
60.0 59.0 61.0 62.0 
78.0 59.0 78.0 75.0 
61.0 59.0 63.0 64.0 
60.0 59.0 61.0 63.0 
61.0 60.0 60.0 62.0 
79.0 59.0 78.0 76.0 
62.0 59.0 63.0 63.0 
60.0 59.0 62.0 62.0 
61.0 60.0 61.0 61.0 
79.0 60.0 77.0 76.0 
62.0 58.0 63.0 63.0 
60.0 59.0 61.0 62.0 
61.0 60.0 61.0 61.0 
77.0 60.0 79.0 75.0 
62.0 59.0 63.0 63.0 
61.0 57.0 62.0 62.0 
61.0 60.0 61.0 62.0 
78.0 59.0 78.0 75.0 
60.0 59.0 63.0 64.0 
61.0 60.0 62.0 63.0 
61.0 59.0 61.0 62.0 
78.0 60.0 78.0 75.0 
61.0 58.0 63.0 63.0 
61.0 59.0 61.0 62.0 
61.0 60.0 60.0 61.0 
79.0 59.0 78.0 76.0 
61.0 59.0 63.0 63.0 
61.0 60.0 62.0 62.0 
61.0 61.0 60.0 61.0 
79.0 59.0 78.0 76.0 
62.0 59.0 63.0 64.0 
60.0 60.0 61.0 63.0 
60.0 60.0 60.0 61.0 
78.0 60.0 78.0 76.0 
61.0 59.0 63.0 64.0 
61.0 59.0 61.0 63.0 
60.0 61.0 60.0 62.0 
78.0 61.0 78.0 75.0 
61.0 59.0 63.0 63.0 
61.0 59.0 61.0 62.0 
61.0 59.0 61.0 62.0 
78.0 58.0 78.0 75.0 
61.0 59.0 63.0 64.0 
61.0 59.0 62.0 62.0 
60.0 60.0 60.0 62.0 
79.0 60.0 77.0 75.0 
61.0 59.0 63.0 64.0 
61.0 59.0 61.0 63.0 
61.0 60.0 61.0 61.0 
78.0 60.0 77.0 76.0 
61.0 60.0 62.0 64.0 
61.0 59.0 61.0 62.0 
62.0 60.0 61.0 61.0 
79.0 59.0 78.0 76.0 
63.0 59.0 63.0 64.0 
61.0 59.0 62.0 62.0 
61.0 60.0 60.0 62.0 
78.0 60.0 78.0 76.0 
61.0 59.0 63.0 63.0 
61.0 59.0 62.0 63.0 
61.0 60.0 61.0 62.0 
78.0 59.0 78.0 75.0 
61.0 59.0 63.0 64.0 
60.0 60.0 61.0 63.0 
61.0 60.0 62.0 62.0 
78.0 60.0 78.0 75.0 
61.0 59.0 63.0 63.0 
61.0 60.0 62.0 62.0 
61.0 60.0 61.0 61.0 
78.0 60.0 78.0 77.0 
61.0 59.0 63.0 62.0 
60.0 60.0 61.0 63.0 
61.0 61.0 61.0 61.0 
78.0 59.0 79.0 76.0 
62.0 59.0 63.0 64.0 
61.0 59.0 61.0 62.0 
61.0 60.0 60.0 61.0 
78.0 60.0 78.0 76.0 
62.0 58.0 63.0 64.0 
62.0 60.0 63.0 62.0 
61.0 60.0 61.0 61.0 
76.0 60.0 78.0 76.0 
62.0 59.0 63.0 63.0 
60.0 60.0 61.0 62.0 
62.0 60.0 61.0 61.0 
79.0 59.0 78.0 76.0 
61.0 59.0 61.0 64.0 
61.0 59.0 63.0 62.0 
61.0 59.0 61.0 62.0 
78.0 59.0 78.0 77.0 
62.0 60.0 63.0 63.0 
61.0 60.0 61.0 62.0 
59.0 60.0 60.0 62.0 
78.0 60.0 78.0 76.0 
61.0 59.0 63.0 63.0 
61.0 59.0 61.0 62.0 
61.0 61.0 61.0 61.0 
78.0 59.0 78.0 77.0 
62.0 60.0 63.0 64.0 
61.0 59.0 61.0 63.0 
61.0 60.0 60.0 61.0 
78.0 59.0 79.0 76.0 
61.0 59.0 62.0 63.0 
61.0 58.0 60.0 62.0 
60.0 60.0 61.0 62.0 
78.0 59.0 78.0 76.0 
62.0 57.0 63.0 63.0 
60.0 60.0 61.0 62.0 
61.0 60.0 60.0 62.0 
77.0 60.0 78.0 76.0 
62.0 59.0 63.0 64.0 
62.0 59.0 62.0 63.0 
61.0 60.0 61.0 62.0 
78.0 59.0 79.0 76.0 
61.0 58.0 63.0 63.0 
61.0 59.0 61.0 62.0 
60.0 60.0 61.0 62.0 
76.0 61.0 78.0 76.0 
62.0 59.0 63.0 64.0 
61.0 60.0 61.0 61.0 
61.0 60.0 62.0 63.0 
78.0 59.0 78.0 76.0 
61.0 59.0 62.0 64.0 
61.0 59.0 62.0 61.0 
61.0 60.0 60.0 62.0 
76.0 60.0 78.0 76.0 
61.0 59.0 62.0 63.0 
61.0 59.0 62.0 63.0 
61.0 59.0 61.0 61.0 
77.0 59.0 79.0 75.0 
61.0 59.0 63.0 63.0 
61.0 58.0 61.0 63.0 
61.0 60.0 60.0 62.0 
78.0 60.0 77.0 74.0 
62.0 59.0 62.0 64.0 
60.0 59.0 61.0 62.0 
61.0 60.0 61.0 62.0 
77.0 60.0 78.0 75.0 
62.0 58.0 63.0 63.0 
62.0 60.0 61.0 63.0 
61.0 60.0 61.0 61.0 
78.0 59.0 78.0 74.0 
61.0 59.0 62.0 63.0 
60.0 61.0 61.0 63.0 
61.0 60.0 61.0 62.0 
78.0 59.0 78.0 76.0 
61.0 58.0 63.0 64.0 
61.0 58.0 60.0 63.0 
61.0 60.0 60.0 62.0 
77.0 60.0 78.0 74.0 
62.0 58.0 63.0 64.0 
61.0 59.0 61.0 62.0 
62.0 59.0 61.0 61.0 
77.0 60.0 78.0 75.0 
61.0 58.0 63.0 64.0 
61.0 59.0 62.0 62.0 
61.0 60.0 61.0 61.0 
77.0 60.0 78.0 75.0 
62.0 59.0 63.0 63.0 
62.0 60.0 61.0 62.0 
61.0 59.0 61.0 62.0 
77.0 59.0 78.0 74.0 
62.0 59.0 63.0 63.0 
60.0 60.0 61.0 62.0 
62.0 60.0 61.0 62.0 
77.0 59.0 79.0 73.0 
61.0 59.0 63.0 63.0 
61.0 59.0 62.0 62.0 
61.0 60.0 61.0 61.0 
77.0 59.0 77.0 75.0 
62.0 58.0 63.0 63.0 
61.0 59.0 62.0 62.0 
61.0 60.0 60.0 61.0 
77.0 60.0 78.0 74.0 
60.0 59.0 63.0 64.0 
61.0 59.0 61.0 63.0 
61.0 60.0 61.0 62.0 
77.0 60.0 79.0 74.0 
62.0 59.0 63.0 64.0 
61.0 59.0 61.0 62.0 
61.0 60.0 60.0 62.0 
76.0 59.0 79.0 74.0 
61.0 59.0 63.0 64.0 
61.0 59.0 62.0 62.0 
61.0 59.0 61.0 62.0 
78.0 60.0 78.0 73.0 
60.0 59.0 63.0 63.0 
61.0 59.0 61.0 62.0 
61.0 60.0 62.0 62.0 
77.0 60.0 78.0 74.0 
61.0 58.0 63.0 63.0 
60.0 60.0 61.0 63.0 
61.0 59.0 62.0 62.0 
77.0 60.0 77.0 74.0 
62.0 59.0 64.0 64.0 
61.0 59.0 62.0 62.0 
61.0 58.0 61.0 62.0 
77.0 59.0 78.0 74.0 
61.0 59.0 63.0 64.0 
60.0 59.0 62.0 62.0 
61.0 60.0 60.0 62.0 
78.0 59.0 79.0 74.0 
61.0 58.0 62.0 63.0 
62.0 60.0 61.0 62.0 
61.0 60.0 61.0 61.0 
77.0 59.0 78.0 74.0 
62.0 59.0 63.0 64.0 
61.0 60.0 62.0 62.0 
61.0 61.0 60.0 61.0 
77.0 59.0 79.0 74.0 
61.0 60.0 63.0 64.0 
60.0 60.0 61.0 62.0 
61.0 60.0 61.0 62.0 
77.0 59.0 78.0 75.0 
61.0 59.0 62.0 64.0 
61.0 59.0 63.0 62.0 
61.0 60.0 61.0 62.0 
78.0 59.0 79.0 75.0 
61.0 58.0 63.0 64.0 
61.0 59.0 62.0 62.0 
61.0 60.0 60.0 61.0 
78.0 59.0 78.0 74.0 
62.0 59.0 63.0 63.0 
61.0 59.0 62.0 63.0 
60.0 60.0 62.0 61.0 
77.0 60.0 78.0 76.0 
62.0 59.0 63.0 63.0 
61.0 59.0 61.0 62.0 
62.0 59.0 61.0 61.0 
77.0 60.0 78.0 75.0 
61.0 59.0 63.0 63.0 
61.0 59.0 62.0 62.0 
61.0 60.0 61.0 61.0 
77.0 60.0 78.0 75.0 
61.0 59.0 62.0 64.0 
61.0 59.0 62.0 63.0 
61.0 60.0 61.0 62.0 
77.0 60.0 78.0 75.0 
61.0 59.0 63.0 64.0 
61.0 59.0 60.0 62.0 
61.0 60.0 61.0 61.0 
77.0 60.0 78.0 75.0 
61.0 60.0 63.0 63.0 
61.0 59.0 62.0 62.0 
61.0 60.0 60.0 62.0 
77.0 60.0 78.0 75.0 
62.0 58.0 63.0 64.0 
61.0 59.0 61.0 63.0 
61.0 60.0 61.0 62.0 
77.0 59.0 78.0 76.0 
61.0 59.0 63.0 64.0 
61.0 60.0 61.0 62.0 
61.0 60.0 61.0 62.0 
77.0 60.0 77.0 76.0 
61.0 58.0 63.0 64.0 
61.0 60.0 61.0 63.0 
61.0 60.0 61.0 61.0 
77.0 60.0 78.0 75.0 
62.0 58.0 63.0 63.0 
61.0 60.0 61.0 62.0 
61.0 60.0 61.0 62.0 
79.0 60.0 79.0 76.0 
60.0 58.0 62.0 64.0 
61.0 60.0 61.0 63.0 
61.0 61.0 61.0 61.0 
78.0 59.0 78.0 78.0 
61.0 60.0 63.0 63.0 
60.0 60.0 61.0 63.0 
62.0 59.0 62.0 62.0 
79.0 60.0 79.0 76.0 
61.0 60.0 63.0 64.0 
61.0 60.0 61.0 62.0 
62.0 61.0 61.0 61.0 
78.0 59.0 78.0 76.0 
61.0 59.0 63.0 63.0 
61.0 59.0 61.0 62.0 
62.0 60.0 61.0 61.0 
78.0 60.0 78.0 76.0 
62.0 59.0 63.0 64.0 
61.0 59.0 61.0 62.0 
61.0 60.0 61.0 61.0 
78.0 60.0 78.0 77.0 
60.0 59.0 62.0 63.0 
61.0 59.0 60.0 62.0 
61.0 60.0 61.0 62.0 
78.0 59.0 78.0 76.0 
61.0 60.0 62.0 64.0 
60.0 60.0 61.0 62.0 
61.0 60.0 61.0 62.0 
78.0 60.0 77.0 76.0 
62.0 58.0 63.0 64.0 
60.0 61.0 61.0 62.0 
62.0 60.0 61.0 61.0 
77.0 60.0 77.0 76.0 
62.0 58.0 63.0 64.0 
60.0 60.0 62.0 64.0 
60.0 60.0 61.0 61.0 
78.0 59.0 78.0 75.0 
62.0 57.0 64.0 64.0 
61.0 59.0 62.0 62.0 
61.0 59.0 60.0 61.0 
77.0 60.0 78.0 75.0 
62.0 59.0 63.0 65.0 
60.0 59.0 61.0 62.0 
61.0 60.0 60.0 61.0 
78.0 59.0 77.0 74.0 
60.0 59.0 64.0 65.0 
61.0 58.0 61.0 64.0 
61.0 60.0 59.0 62.0 
78.0 58.0 78.0 75.0 
62.0 59.0 64.0 64.0 
61.0 60.0 60.0 62.0 
60.0 60.0 60.0 62.0 
77.0 60.0 78.0 75.0 
62.0 58.0 64.0 65.0 
61.0 59.0 62.0 63.0 
61.0 60.0 61.0 62.0 
78.0 60.0 77.0 73.0 
62.0 59.0 63.0 65.0 
60.0 60.0 61.0 62.0 
60.0 60.0 61.0 62.0 
78.0 59.0 78.0 75.0 
60.0 59.0 63.0 65.0 
61.0 59.0 61.0 62.0 
60.0 60.0 60.0 61.0 
77.0 60.0 77.0 75.0 
61.0 58.0 64.0 65.0 
61.0 59.0 61.0 62.0 
61.0 60.0 61.0 61.0 
77.0 60.0 78.0 75.0 
62.0 59.0 62.0 64.0 
61.0 59.0 61.0 62.0 
61.0 60.0 62.0 62.0 
77.0 60.0 78.0 75.0 
61.0 59.0 63.0 64.0 
60.0 59.0 61.0 62.0 
62.0 60.0 61.0 62.0 
77.0 60.0 77.0 76.0 
63.0 59.0 64.0 65.0 
61.0 59.0 62.0 62.0 
61.0 60.0 61.0 62.0 
77.0 59.0 76.0 75.0 
62.0 58.0 64.0 65.0 
61.0 60.0 61.0 62.0 
61.0 60.0 59.0 61.0 
77.0 60.0 77.0 76.0 
62.0 58.0 64.0 63.0 
61.0 59.0 60.0 62.0 
61.0 61.0 61.0 62.0 
78.0 60.0 78.0 75.0 
62.0 58.0 63.0 64.0 
60.0 59.0 61.0 62.0 
60.0 60.0 61.0 62.0 
77.0 60.0 78.0 74.0 
62.0 58.0 64.0 65.0 
61.0 59.0 63.0 62.0 
61.0 60.0 61.0 62.0 
76.0 60.0 76.0 75.0 
63.0 60.0 64.0 65.0 
61.0 59.0 61.0 63.0 
60.0 60.0 61.0 62.0 
78.0 60.0 77.0 77.0 
62.0 59.0 64.0 66.0 
61.0 59.0 61.0 61.0 
61.0 61.0 61.0 62.0 
78.0 59.0 78.0 76.0 
63.0 59.0 64.0 66.0 
61.0 59.0 60.0 62.0 
60.0 61.0 60.0 62.0 
77.0 60.0 77.0 76.0 
62.0 58.0 64.0 66.0 
59.0 60.0 61.0 63.0 
62.0 59.0 61.0 61.0 
77.0 58.0 78.0 76.0 
62.0 59.0 63.0 65.0 
62.0 60.0 62.0 62.0 
61.0 60.0 60.0 61.0 
78.0 60.0 76.0 77.0 
62.0 59.0 64.0 65.0 
60.0 60.0 61.0 63.0 
60.0 59.0 61.0 62.0 
78.0 59.0 77.0 74.0 
63.0 59.0 64.0 65.0 
60.0 60.0 60.0 62.0 
61.0 60.0 61.0 62.0 
78.0 60.0 77.0 75.0 
62.0 58.0 64.0 65.0 
62.0 60.0 61.0 62.0 
61.0 60.0 62.0 61.0 
78.0 59.0 77.0 75.0 
62.0 58.0 64.0 65.0 
61.0 59.0 61.0 62.0 
61.0 60.0 61.0 61.0 
77.0 60.0 76.0 75.0 
63.0 59.0 64.0 66.0 
61.0 59.0 61.0 62.0 
61.0 60.0 61.0 61.0 
78.0 59.0 77.0 75.0 
62.0 59.0 64.0 65.0 
61.0 57.0 61.0 63.0 
61.0 60.0 60.0 61.0 
78.0 60.0 77.0 75.0 
63.0 58.0 64.0 65.0 
61.0 59.0 61.0 62.0 
60.0 62.0 61.0 62.0 
77.0 60.0 77.0 74.0 
62.0 59.0 64.0 65.0 
60.0 59.0 62.0 62.0 
60.0 61.0 60.0 61.0 
77.0 59.0 76.0 75.0 
63.0 58.0 64.0 65.0 
61.0 60.0 62.0 62.0 
61.0 60.0 60.0 62.0 
77.0 60.0 76.0 76.0 
63.0 58.0 63.0 65.0 
61.0 60.0 61.0 63.0 
62.0 60.0 60.0 62.0 
76.0 60.0 77.0 75.0 
63.0 59.0 64.0 64.0 
61.0 60.0 61.0 63.0 
61.0 60.0 60.0 62.0 
77.0 60.0 76.0 75.0 
63.0 59.0 64.0 65.0 
61.0 59.0 62.0 63.0 
61.0 60.0 61.0 62.0 
77.0 60.0 77.0 76.0 
63.0 60.0 63.0 65.0 
61.0 59.0 63.0 62.0 
61.0 60.0 61.0 62.0 
78.0 59.0 77.0 75.0 
63.0 59.0 64.0 65.0 
61.0 60.0 61.0 63.0 
62.0 60.0 62.0 61.0 
78.0 60.0 77.0 75.0 
63.0 59.0 64.0 65.0 
60.0 62.0 60.0 62.0 
61.0 62.0 61.0 62.0 
77.0 60.0 77.0 76.0 
63.0 59.0 63.0 64.0 
61.0 59.0 61.0 62.0 
61.0 60.0 61.0 62.0 
78.0 60.0 77.0 76.0 
63.0 59.0 64.0 66.0 
60.0 60.0 61.0 63.0 
61.0 60.0 60.0 62.0 
78.0 60.0 77.0 76.0 
63.0 58.0 64.0 66.0 
61.0 60.0 62.0 62.0 
61.0 61.0 60.0 61.0 
78.0 59.0 77.0 76.0 
63.0 58.0 65.0 66.0 
61.0 59.0 61.0 62.0 
61.0 60.0 60.0 61.0 
78.0 60.0 77.0 76.0 
64.0 59.0 64.0 65.0 
60.0 59.0 61.0 62.0 
61.0 60.0 61.0 63.0 
78.0 60.0 76.0 75.0 
63.0 59.0 65.0 66.0 
61.0 60.0 62.0 62.0 
61.0 60.0 61.0 61.0 
79.0 60.0 77.0 77.0 
62.0 58.0 64.0 65.0 
60.0 60.0 61.0 62.0 
61.0 60.0 60.0 62.0 
78.0 60.0 77.0 77.0 
62.0 60.0 64.0 64.0 
61.0 60.0 61.0 62.0 
61.0 60.0 60.0 62.0 
79.0 59.0 78.0 75.0 
62.0 59.0 63.0 65.0 
61.0 60.0 61.0 62.0 
61.0 60.0 60.0 61.0 
78.0 60.0 77.0 76.0 
60.0 58.0 63.0 64.0 
62.0 59.0 60.0 62.0 
61.0 60.0 60.0 62.0 
79.0 60.0 77.0 76.0 
61.0 57.0 63.0 64.0 
61.0 60.0 62.0 62.0 
61.0 60.0 61.0 61.0 
78.0 59.0 77.0 76.0 
61.0 59.0 63.0 65.0 
60.0 60.0 61.0 62.0 
61.0 59.0 60.0 62.0 
78.0 60.0 77.0 76.0 
63.0 58.0 63.0 65.0 
61.0 60.0 61.0 62.0 
61.0 60.0 61.0 62.0 
78.0 59.0 77.0 77.0 
61.0 59.0 63.0 65.0 
61.0 59.0 62.0 62.0 
62.0 60.0 61.0 62.0 
78.0 60.0 78.0 76.0 
60.0 58.0 63.0 65.0 
60.0 61.0 62.0 61.0 
61.0 60.0 61.0 62.0 
79.0 60.0 78.0 77.0 
61.0 59.0 63.0 63.0 
61.0 59.0 61.0 62.0 
61.0 60.0 61.0 62.0 
79.0 60.0 78.0 77.0 
61.0 59.0 62.0 63.0 
60.0 59.0 61.0 63.0 
62.0 59.0 61.0 61.0 
79.0 60.0 78.0 77.0 
60.0 58.0 61.0 61.0 
61.0 60.0 62.0 62.0 
62.0 60.0 61.0 61.0 
78.0 59.0 77.0 76.0 
61.0 58.0 61.0 63.0 
61.0 60.0 61.0 62.0 
61.0 61.0 61.0 62.0 
78.0 60.0 78.0 76.0 
61.0 61.0 62.0 63.0 
62.0 59.0 62.0 62.0 
61.0 60.0 62.0 61.0 
79.0 60.0 77.0 76.0 
62.0 59.0 62.0 63.0 
61.0 60.0 61.0 63.0 
62.0 60.0 62.0 61.0 
78.0 60.0 77.0 77.0 
62.0 58.0 62.0 63.0 
61.0 60.0 61.0 63.0 
61.0 59.0 61.0 61.0 
79.0 60.0 78.0 76.0 
61.0 59.0 62.0 63.0 
61.0 59.0 62.0 62.0 
61.0 60.0 61.0 61.0 
79.0 59.0 78.0 76.0 
61.0 59.0 63.0 64.0 
61.0 60.0 61.0 63.0 
62.0 60.0 61.0 62.0 
79.0 59.0 78.0 77.0 
61.0 59.0 62.0 63.0 
61.0 59.0 61.0 62.0 
61.0 59.0 60.0 61.0 
78.0 60.0 78.0 76.0 
62.0 58.0 63.0 64.0 
61.0 59.0 61.0 62.0 
61.0 59.0 62.0 62.0 
79.0 60.0 78.0 77.0 
61.0 58.0 62.0 63.0 
61.0 60.0 61.0 63.0 
62.0 60.0 61.0 62.0 
79.0 60.0 79.0 76.0 
61.0 59.0 63.0 64.0 
61.0 59.0 62.0 62.0 
61.0 60.0 59.0 62.0 
79.0 60.0 78.0 77.0 
61.0 58.0 62.0 63.0 
61.0 59.0 61.0 62.0 
62.0 60.0 61.0 62.0 
78.0 61.0 78.0 76.0 
61.0 59.0 63.0 64.0 
61.0 59.0 61.0 63.0 
62.0 60.0 61.0 61.0 
78.0 60.0 77.0 77.0 
61.0 59.0 62.0 64.0 
62.0 59.0 62.0 63.0 
61.0 59.0 62.0 62.0 
78.0 60.0 78.0 77.0 
61.0 58.0 62.0 63.0 
61.0 60.0 61.0 62.0 
61.0 60.0 61.0 62.0 
78.0 60.0 77.0 77.0 
61.0 59.0 62.0 64.0 
62.0 59.0 62.0 62.0 
61.0 61.0 61.0 61.0 
78.0 60.0 78.0 77.0 
61.0 59.0 62.0 63.0 
61.0 59.0 62.0 62.0 
61.0 60.0 61.0 62.0 
79.0 59.0 77.0 77.0 
62.0 60.0 63.0 64.0 
61.0 61.0 61.0 63.0 
61.0 60.0 61.0 62.0 
78.0 59.0 77.0 77.0 
62.0 58.0 63.0 64.0 
61.0 59.0 62.0 63.0 
60.0 60.0 61.0 60.0 
78.0 60.0 77.0 76.0 
62.0 59.0 63.0 64.0 
61.0 59.0 61.0 62.0 
61.0 60.0 61.0 62.0 
78.0 61.0 76.0 77.0 
61.0 58.0 62.0 63.0 
61.0 59.0 62.0 62.0 
61.0 60.0 61.0 61.0 
78.0 59.0 77.0 76.0 
62.0 59.0 63.0 64.0 
61.0 60.0 61.0 63.0 
61.0 60.0 60.0 62.0 
79.0 59.0 77.0 77.0 
62.0 59.0 62.0 64.0 
61.0 59.0 61.0 62.0 
61.0 60.0 61.0 62.0 
78.0 60.0 77.0 76.0 
61.0 58.0 63.0 63.0 
61.0 59.0 61.0 62.0 
61.0 59.0 62.0 61.0 
78.0 60.0 77.0 78.0 
61.0 59.0 63.0 64.0 
61.0 58.0 61.0 63.0 
61.0 60.0 61.0 63.0 
78.0 59.0 78.0 77.0 
62.0 59.0 63.0 64.0 
60.0 59.0 62.0 62.0 
61.0 60.0 61.0 62.0 
77.0 60.0 77.0 77.0 
62.0 59.0 63.0 64.0 
61.0 59.0 62.0 63.0 
61.0 60.0 61.0 62.0 
77.0 60.0 77.0 77.0 
61.0 59.0 63.0 64.0 
60.0 60.0 61.0 63.0 
61.0 60.0 61.0 61.0 
76.0 60.0 77.0 76.0 
61.0 58.0 63.0 64.0 
62.0 60.0 61.0 63.0 
61.0 60.0 60.0 62.0 
78.0 60.0 77.0 75.0 
62.0 59.0 63.0 64.0 
62.0 60.0 61.0 62.0 
60.0 60.0 61.0 62.0 
77.0 60.0 78.0 76.0 
62.0 60.0 62.0 64.0 
60.0 59.0 62.0 62.0 
61.0 60.0 61.0 62.0 
77.0 60.0 77.0 77.0 
63.0 59.0 64.0 64.0 
61.0 60.0 62.0 62.0 
61.0 60.0 61.0 62.0 
77.0 59.0 77.0 77.0 
63.0 59.0 63.0 64.0 
61.0 59.0 63.0 63.0 
61.0 61.0 60.0 62.0 
78.0 60.0 78.0 76.0 
63.0 59.0 62.0 64.0 
61.0 60.0 61.0 62.0 
61.0 60.0 61.0 61.0 
77.0 60.0 78.0 77.0 
61.0 58.0 63.0 64.0 
61.0 60.0 61.0 62.0 
62.0 60.0 61.0 62.0 
77.0 59.0 78.0 77.0 
61.0 58.0 64.0 63.0 
61.0 59.0 61.0 62.0 
61.0 59.0 60.0 62.0 
77.0 59.0 78.0 77.0 
62.0 59.0 63.0 64.0 
61.0 58.0 61.0 62.0 
61.0 60.0 60.0 62.0 
78.0 60.0 78.0 76.0 
62.0 59.0 63.0 64.0 
61.0 59.0 61.0 62.0 
60.0 59.0 62.0 62.0 
77.0 59.0 79.0 76.0 
63.0 59.0 63.0 64.0 
60.0 59.0 61.0 63.0 
61.0 60.0 60.0 62.0 
77.0 58.0 79.0 75.0 
61.0 59.0 64.0 64.0 
61.0 60.0 61.0 63.0 
61.0 59.0 61.0 62.0 
77.0 60.0 79.0 76.0 
61.0 58.0 62.0 64.0 
60.0 60.0 61.0 63.0 
61.0 60.0 61.0 61.0 
78.0 59.0 79.0 76.0 
62.0 59.0 63.0 63.0 
61.0 59.0 62.0 62.0 
61.0 60.0 60.0 61.0 
78.0 60.0 79.0 76.0 
61.0 59.0 63.0 65.0 
61.0 59.0 62.0 62.0 
61.0 60.0 62.0 61.0 
77.0 60.0 79.0 76.0 
62.0 58.0 64.0 64.0 
61.0 59.0 61.0 62.0 
61.0 60.0 62.0 63.0 
77.0 59.0 79.0 76.0 
61.0 58.0 64.0 64.0 
60.0 59.0 62.0 62.0 
60.0 60.0 61.0 62.0 
77.0 59.0 78.0 75.0 
63.0 58.0 64.0 66.0 
61.0 59.0 61.0 62.0 
61.0 60.0 61.0 62.0 
77.0 60.0 79.0 76.0 
63.0 59.0 64.0 64.0 
61.0 58.0 61.0 62.0 
62.0 59.0 60.0 62.0 
79.0 62.0 79.0 76.0 
63.0 58.0 63.0 65.0 
