68.0 60.0 63.0 66.0 
58.0 57.0 58.0 59.0 
58.0 58.0 60.0 60.0 
60.0 58.0 60.0 59.0 
69.0 58.0 62.0 66.0 
59.0 57.0 58.0 58.0 
59.0 57.0 60.0 60.0 
59.0 58.0 59.0 59.0 
70.0 59.0 62.0 66.0 
58.0 58.0 58.0 58.0 
60.0 58.0 59.0 60.0 
60.0 59.0 59.0 59.0 
70.0 58.0 63.0 66.0 
59.0 57.0 58.0 59.0 
60.0 58.0 59.0 60.0 
59.0 59.0 58.0 59.0 
69.0 58.0 63.0 66.0 
58.0 58.0 58.0 59.0 
59.0 58.0 59.0 60.0 
60.0 59.0 59.0 59.0 
69.0 59.0 62.0 66.0 
59.0 58.0 58.0 58.0 
59.0 58.0 59.0 59.0 
60.0 59.0 59.0 59.0 
69.0 59.0 62.0 66.0 
59.0 57.0 58.0 58.0 
59.0 58.0 59.0 60.0 
59.0 60.0 58.0 58.0 
68.0 59.0 62.0 66.0 
58.0 58.0 58.0 59.0 
59.0 58.0 59.0 59.0 
59.0 59.0 58.0 59.0 
69.0 58.0 62.0 66.0 
59.0 58.0 58.0 58.0 
59.0 58.0 60.0 60.0 
60.0 59.0 60.0 59.0 
69.0 58.0 62.0 66.0 
58.0 57.0 58.0 59.0 
59.0 59.0 60.0 60.0 
61.0 59.0 59.0 60.0 
70.0 59.0 62.0 66.0 
58.0 58.0 58.0 58.0 
59.0 59.0 60.0 60.0 
60.0 59.0 59.0 59.0 
69.0 60.0 62.0 67.0 
59.0 58.0 58.0 58.0 
59.0 58.0 60.0 60.0 
59.0 59.0 59.0 60.0 
70.0 58.0 62.0 66.0 
59.0 58.0 58.0 58.0 
58.0 58.0 59.0 60.0 
60.0 58.0 59.0 59.0 
69.0 59.0 62.0 66.0 
59.0 58.0 58.0 58.0 
59.0 58.0 60.0 59.0 
60.0 59.0 59.0 59.0 
70.0 58.0 63.0 66.0 
58.0 58.0 58.0 59.0 
59.0 58.0 59.0 60.0 
59.0 59.0 60.0 59.0 
69.0 59.0 62.0 66.0 
58.0 58.0 58.0 59.0 
58.0 58.0 60.0 60.0 
60.0 58.0 59.0 59.0 
70.0 58.0 63.0 66.0 
59.0 57.0 58.0 58.0 
59.0 59.0 60.0 60.0 
60.0 60.0 59.0 59.0 
69.0 59.0 62.0 66.0 
59.0 58.0 58.0 59.0 
58.0 59.0 59.0 60.0 
60.0 59.0 59.0 59.0 
70.0 58.0 62.0 67.0 
59.0 58.0 58.0 59.0 
58.0 59.0 59.0 59.0 
59.0 59.0 59.0 60.0 
70.0 58.0 63.0 66.0 
59.0 58.0 58.0 58.0 
59.0 58.0 59.0 60.0 
60.0 58.0 59.0 59.0 
70.0 59.0 62.0 65.0 
59.0 58.0 58.0 58.0 
59.0 58.0 60.0 60.0 
60.0 60.0 59.0 59.0 
69.0 58.0 62.0 65.0 
58.0 58.0 58.0 59.0 
59.0 58.0 59.0 60.0 
60.0 59.0 59.0 60.0 
69.0 58.0 63.0 67.0 
58.0 58.0 59.0 59.0 
59.0 58.0 60.0 60.0 
60.0 59.0 60.0 59.0 
70.0 59.0 62.0 67.0 
58.0 57.0 58.0 58.0 
59.0 58.0 60.0 59.0 
60.0 59.0 59.0 59.0 
70.0 59.0 63.0 67.0 
59.0 58.0 58.0 58.0 
59.0 58.0 60.0 60.0 
60.0 59.0 59.0 58.0 
69.0 58.0 63.0 66.0 
60.0 58.0 58.0 58.0 
59.0 58.0 60.0 60.0 
59.0 59.0 59.0 59.0 
69.0 59.0 62.0 67.0 
59.0 57.0 58.0 58.0 
59.0 58.0 60.0 60.0 
59.0 59.0 59.0 59.0 
69.0 58.0 62.0 67.0 
58.0 58.0 58.0 59.0 
59.0 58.0 60.0 60.0 
60.0 58.0 59.0 58.0 
70.0 58.0 62.0 66.0 
59.0 58.0 58.0 58.0 
59.0 58.0 59.0 60.0 
60.0 58.0 58.0 59.0 
70.0 58.0 62.0 66.0 
59.0 57.0 58.0 59.0 
59.0 59.0 59.0 60.0 
60.0 59.0 59.0 59.0 
69.0 58.0 63.0 67.0 
58.0 58.0 59.0 59.0 
59.0 59.0 60.0 60.0 
59.0 59.0 59.0 59.0 
69.0 58.0 63.0 67.0 
58.0 58.0 59.0 58.0 
60.0 59.0 61.0 60.0 
60.0 59.0 59.0 58.0 
69.0 59.0 62.0 67.0 
59.0 58.0 58.0 58.0 
59.0 58.0 60.0 60.0 
60.0 59.0 59.0 59.0 
70.0 58.0 63.0 66.0 
58.0 58.0 58.0 59.0 
59.0 58.0 59.0 60.0 
60.0 59.0 59.0 59.0 
70.0 58.0 62.0 65.0 
59.0 58.0 58.0 58.0 
59.0 59.0 59.0 60.0 
59.0 59.0 59.0 59.0 
70.0 58.0 63.0 66.0 
59.0 58.0 59.0 58.0 
59.0 58.0 60.0 60.0 
60.0 59.0 59.0 59.0 
70.0 59.0 62.0 67.0 
59.0 58.0 58.0 59.0 
58.0 58.0 60.0 60.0 
59.0 59.0 59.0 59.0 
69.0 59.0 63.0 66.0 
58.0 58.0 58.0 59.0 
59.0 58.0 59.0 59.0 
60.0 60.0 59.0 59.0 
70.0 58.0 63.0 66.0 
59.0 58.0 59.0 59.0 
59.0 58.0 59.0 60.0 
59.0 59.0 59.0 59.0 
69.0 59.0 62.0 66.0 
58.0 58.0 58.0 58.0 
59.0 58.0 60.0 60.0 
61.0 59.0 59.0 59.0 
70.0 59.0 63.0 66.0 
58.0 58.0 59.0 58.0 
59.0 58.0 59.0 60.0 
61.0 59.0 59.0 60.0 
69.0 59.0 63.0 67.0 
59.0 58.0 59.0 59.0 
60.0 58.0 60.0 60.0 
60.0 59.0 59.0 59.0 
69.0 59.0 63.0 66.0 
59.0 58.0 58.0 59.0 
59.0 59.0 59.0 60.0 
60.0 59.0 58.0 59.0 
70.0 59.0 63.0 67.0 
58.0 58.0 59.0 58.0 
59.0 60.0 59.0 59.0 
60.0 60.0 60.0 59.0 
70.0 58.0 64.0 67.0 
59.0 58.0 58.0 58.0 
59.0 58.0 59.0 60.0 
60.0 59.0 58.0 59.0 
69.0 59.0 63.0 68.0 
58.0 57.0 58.0 59.0 
59.0 58.0 60.0 60.0 
59.0 59.0 59.0 59.0 
70.0 59.0 63.0 67.0 
60.0 58.0 59.0 59.0 
59.0 58.0 60.0 60.0 
60.0 59.0 60.0 59.0 
70.0 59.0 62.0 67.0 
59.0 57.0 59.0 60.0 
59.0 58.0 59.0 60.0 
60.0 59.0 59.0 59.0 
70.0 59.0 63.0 67.0 
58.0 58.0 59.0 58.0 
59.0 57.0 59.0 60.0 
60.0 58.0 59.0 59.0 
69.0 59.0 62.0 66.0 
59.0 58.0 58.0 59.0 
59.0 58.0 60.0 60.0 
59.0 59.0 59.0 59.0 
70.0 59.0 63.0 68.0 
58.0 59.0 58.0 59.0 
59.0 59.0 59.0 60.0 
60.0 59.0 60.0 60.0 
70.0 59.0 62.0 67.0 
58.0 57.0 58.0 59.0 
59.0 59.0 59.0 60.0 
60.0 59.0 59.0 59.0 
70.0 59.0 63.0 67.0 
59.0 58.0 58.0 58.0 
59.0 59.0 59.0 60.0 
60.0 59.0 59.0 59.0 
70.0 58.0 63.0 67.0 
58.0 58.0 58.0 59.0 
59.0 58.0 59.0 60.0 
59.0 59.0 59.0 59.0 
68.0 59.0 62.0 67.0 
59.0 58.0 58.0 58.0 
59.0 58.0 60.0 60.0 
59.0 59.0 59.0 59.0 
69.0 59.0 63.0 67.0 
59.0 58.0 58.0 58.0 
59.0 59.0 59.0 60.0 
60.0 58.0 59.0 59.0 
69.0 58.0 63.0 66.0 
58.0 59.0 58.0 58.0 
59.0 58.0 60.0 60.0 
60.0 59.0 59.0 59.0 
70.0 58.0 62.0 67.0 
59.0 58.0 59.0 59.0 
59.0 59.0 60.0 60.0 
60.0 59.0 59.0 60.0 
70.0 58.0 63.0 66.0 
59.0 58.0 59.0 58.0 
59.0 58.0 60.0 60.0 
60.0 59.0 59.0 59.0 
70.0 59.0 63.0 66.0 
59.0 57.0 58.0 59.0 
59.0 59.0 60.0 60.0 
61.0 59.0 59.0 59.0 
69.0 59.0 63.0 67.0 
59.0 58.0 58.0 59.0 
59.0 58.0 59.0 60.0 
60.0 59.0 59.0 60.0 
70.0 59.0 63.0 67.0 
59.0 58.0 59.0 58.0 
60.0 58.0 60.0 60.0 
60.0 59.0 60.0 59.0 
70.0 59.0 62.0 66.0 
58.0 58.0 58.0 58.0 
59.0 58.0 59.0 60.0 
60.0 60.0 60.0 59.0 
69.0 58.0 62.0 66.0 
59.0 59.0 59.0 59.0 
59.0 59.0 60.0 60.0 
60.0 60.0 59.0 59.0 
69.0 58.0 63.0 67.0 
59.0 58.0 58.0 59.0 
59.0 58.0 60.0 60.0 
60.0 59.0 59.0 59.0 
70.0 57.0 63.0 67.0 
59.0 58.0 59.0 59.0 
60.0 58.0 59.0 60.0 
59.0 59.0 60.0 59.0 
69.0 59.0 63.0 66.0 
58.0 57.0 58.0 59.0 
59.0 58.0 60.0 59.0 
60.0 60.0 59.0 59.0 
70.0 59.0 64.0 66.0 
59.0 58.0 59.0 58.0 
59.0 58.0 59.0 60.0 
60.0 59.0 60.0 59.0 
69.0 59.0 63.0 66.0 
60.0 58.0 58.0 59.0 
59.0 58.0 60.0 60.0 
60.0 59.0 59.0 59.0 
69.0 59.0 62.0 66.0 
59.0 58.0 58.0 59.0 
59.0 59.0 60.0 60.0 
60.0 59.0 59.0 60.0 
69.0 59.0 62.0 66.0 
59.0 58.0 59.0 58.0 
58.0 58.0 60.0 60.0 
60.0 59.0 59.0 60.0 
70.0 60.0 63.0 66.0 
58.0 58.0 59.0 58.0 
60.0 58.0 60.0 60.0 
60.0 59.0 60.0 59.0 
70.0 59.0 63.0 66.0 
59.0 59.0 58.0 59.0 
60.0 59.0 60.0 60.0 
60.0 59.0 59.0 60.0 
69.0 59.0 63.0 66.0 
59.0 58.0 58.0 58.0 
59.0 59.0 60.0 60.0 
60.0 59.0 59.0 60.0 
70.0 59.0 63.0 66.0 
59.0 58.0 59.0 59.0 
59.0 59.0 60.0 60.0 
60.0 59.0 59.0 60.0 
70.0 59.0 63.0 66.0 
59.0 58.0 59.0 58.0 
59.0 59.0 60.0 60.0 
60.0 59.0 60.0 59.0 
69.0 58.0 62.0 66.0 
58.0 59.0 58.0 59.0 
61.0 58.0 61.0 60.0 
60.0 58.0 58.0 59.0 
69.0 60.0 63.0 66.0 
59.0 58.0 59.0 59.0 
59.0 58.0 60.0 60.0 
61.0 59.0 60.0 60.0 
69.0 59.0 63.0 65.0 
59.0 58.0 59.0 59.0 
59.0 59.0 60.0 60.0 
60.0 59.0 59.0 59.0 
69.0 59.0 62.0 66.0 
59.0 58.0 59.0 59.0 
59.0 59.0 60.0 60.0 
60.0 59.0 59.0 60.0 
69.0 59.0 63.0 67.0 
59.0 58.0 59.0 59.0 
59.0 59.0 60.0 60.0 
60.0 59.0 58.0 60.0 
69.0 59.0 62.0 67.0 
59.0 58.0 59.0 59.0 
60.0 58.0 60.0 60.0 
60.0 59.0 60.0 60.0 
70.0 59.0 62.0 66.0 
59.0 58.0 59.0 59.0 
59.0 59.0 60.0 60.0 
60.0 59.0 60.0 59.0 
70.0 58.0 63.0 67.0 
59.0 58.0 58.0 59.0 
59.0 59.0 59.0 61.0 
60.0 59.0 59.0 60.0 
69.0 59.0 64.0 66.0 
59.0 58.0 59.0 58.0 
60.0 58.0 60.0 60.0 
60.0 59.0 59.0 60.0 
69.0 59.0 62.0 67.0 
60.0 58.0 58.0 60.0 
60.0 59.0 60.0 60.0 
60.0 59.0 59.0 60.0 
69.0 59.0 63.0 67.0 
59.0 58.0 60.0 59.0 
59.0 58.0 61.0 61.0 
60.0 59.0 60.0 60.0 
69.0 59.0 63.0 67.0 
59.0 58.0 59.0 59.0 
59.0 59.0 59.0 60.0 
60.0 59.0 60.0 60.0 
70.0 58.0 63.0 68.0 
59.0 59.0 59.0 59.0 
59.0 58.0 60.0 61.0 
61.0 59.0 61.0 59.0 
69.0 59.0 63.0 67.0 
59.0 58.0 58.0 58.0 
60.0 58.0 60.0 60.0 
60.0 59.0 59.0 60.0 
69.0 59.0 63.0 67.0 
59.0 58.0 59.0 59.0 
59.0 59.0 61.0 60.0 
60.0 59.0 60.0 60.0 
70.0 59.0 63.0 67.0 
59.0 57.0 59.0 59.0 
60.0 58.0 61.0 60.0 
60.0 59.0 60.0 59.0 
69.0 59.0 63.0 67.0 
59.0 58.0 58.0 59.0 
59.0 58.0 60.0 61.0 
60.0 59.0 59.0 60.0 
70.0 59.0 63.0 67.0 
59.0 58.0 58.0 59.0 
60.0 59.0 60.0 61.0 
61.0 59.0 59.0 60.0 
70.0 59.0 63.0 68.0 
59.0 59.0 59.0 59.0 
59.0 59.0 59.0 60.0 
60.0 59.0 59.0 59.0 
69.0 59.0 63.0 67.0 
61.0 58.0 59.0 59.0 
59.0 59.0 60.0 60.0 
61.0 59.0 59.0 59.0 
68.0 59.0 64.0 67.0 
59.0 58.0 59.0 59.0 
60.0 59.0 61.0 60.0 
60.0 59.0 60.0 60.0 
69.0 59.0 63.0 67.0 
59.0 58.0 59.0 59.0 
59.0 58.0 60.0 61.0 
60.0 59.0 60.0 59.0 
68.0 60.0 63.0 67.0 
59.0 58.0 59.0 59.0 
59.0 59.0 61.0 60.0 
60.0 61.0 61.0 60.0 
70.0 59.0 63.0 66.0 
59.0 57.0 58.0 59.0 
59.0 59.0 60.0 60.0 
60.0 59.0 59.0 60.0 
69.0 60.0 63.0 66.0 
60.0 59.0 59.0 58.0 
59.0 58.0 61.0 61.0 
61.0 59.0 59.0 60.0 
70.0 58.0 63.0 66.0 
59.0 58.0 59.0 59.0 
58.0 59.0 60.0 60.0 
60.0 59.0 60.0 60.0 
69.0 59.0 63.0 66.0 
59.0 59.0 59.0 59.0 
59.0 59.0 61.0 61.0 
61.0 59.0 60.0 59.0 
69.0 59.0 63.0 67.0 
60.0 58.0 58.0 59.0 
59.0 59.0 60.0 60.0 
60.0 60.0 59.0 60.0 
69.0 59.0 63.0 67.0 
60.0 58.0 59.0 59.0 
60.0 59.0 60.0 61.0 
60.0 59.0 60.0 60.0 
69.0 59.0 63.0 66.0 
59.0 58.0 58.0 59.0 
60.0 60.0 60.0 61.0 
61.0 59.0 60.0 60.0 
69.0 59.0 63.0 67.0 
59.0 59.0 59.0 59.0 
59.0 59.0 60.0 61.0 
60.0 60.0 60.0 60.0 
70.0 59.0 63.0 67.0 
59.0 58.0 59.0 59.0 
59.0 59.0 60.0 61.0 
60.0 59.0 59.0 60.0 
69.0 59.0 63.0 66.0 
58.0 58.0 59.0 59.0 
60.0 58.0 60.0 60.0 
61.0 60.0 59.0 60.0 
69.0 59.0 63.0 67.0 
59.0 59.0 59.0 59.0 
59.0 59.0 60.0 60.0 
60.0 59.0 60.0 60.0 
70.0 59.0 63.0 67.0 
59.0 58.0 59.0 59.0 
60.0 59.0 60.0 60.0 
60.0 60.0 59.0 60.0 
69.0 59.0 63.0 66.0 
60.0 59.0 59.0 59.0 
60.0 59.0 60.0 60.0 
60.0 60.0 60.0 60.0 
70.0 59.0 63.0 67.0 
59.0 58.0 59.0 59.0 
60.0 58.0 60.0 60.0 
59.0 59.0 59.0 60.0 
69.0 59.0 63.0 67.0 
60.0 59.0 59.0 59.0 
60.0 59.0 60.0 60.0 
60.0 59.0 59.0 60.0 
69.0 60.0 63.0 67.0 
59.0 58.0 59.0 59.0 
59.0 60.0 60.0 60.0 
60.0 59.0 60.0 59.0 
71.0 59.0 63.0 67.0 
60.0 58.0 59.0 59.0 
60.0 58.0 60.0 60.0 
60.0 59.0 59.0 60.0 
70.0 59.0 63.0 66.0 
59.0 58.0 59.0 59.0 
59.0 59.0 60.0 61.0 
60.0 60.0 59.0 60.0 
69.0 59.0 63.0 68.0 
60.0 58.0 59.0 59.0 
58.0 59.0 60.0 61.0 
61.0 59.0 60.0 60.0 
69.0 59.0 64.0 68.0 
60.0 58.0 59.0 60.0 
61.0 59.0 60.0 60.0 
60.0 60.0 60.0 60.0 
70.0 60.0 63.0 67.0 
59.0 58.0 59.0 59.0 
60.0 58.0 60.0 60.0 
60.0 60.0 60.0 60.0 
70.0 59.0 63.0 67.0 
59.0 58.0 59.0 59.0 
60.0 59.0 60.0 61.0 
60.0 59.0 60.0 60.0 
69.0 59.0 63.0 66.0 
60.0 58.0 59.0 59.0 
59.0 59.0 61.0 61.0 
60.0 59.0 61.0 60.0 
69.0 59.0 63.0 67.0 
59.0 59.0 59.0 59.0 
60.0 61.0 60.0 60.0 
60.0 60.0 60.0 60.0 
71.0 59.0 63.0 67.0 
59.0 59.0 59.0 59.0 
59.0 59.0 60.0 60.0 
60.0 59.0 60.0 59.0 
71.0 60.0 63.0 67.0 
59.0 58.0 59.0 59.0 
59.0 59.0 60.0 61.0 
61.0 60.0 60.0 60.0 
70.0 59.0 63.0 67.0 
59.0 58.0 60.0 59.0 
60.0 59.0 60.0 60.0 
60.0 59.0 59.0 60.0 
71.0 60.0 63.0 67.0 
59.0 58.0 59.0 59.0 
60.0 59.0 60.0 60.0 
60.0 60.0 61.0 60.0 
71.0 59.0 63.0 68.0 
59.0 58.0 59.0 59.0 
60.0 59.0 61.0 61.0 
60.0 59.0 59.0 60.0 
71.0 59.0 63.0 66.0 
58.0 58.0 59.0 59.0 
59.0 60.0 60.0 60.0 
60.0 59.0 60.0 60.0 
70.0 59.0 64.0 67.0 
58.0 59.0 59.0 58.0 
60.0 59.0 60.0 61.0 
61.0 60.0 59.0 60.0 
70.0 58.0 64.0 67.0 
59.0 59.0 59.0 59.0 
59.0 60.0 60.0 60.0 
60.0 59.0 60.0 59.0 
70.0 59.0 63.0 67.0 
59.0 58.0 59.0 60.0 
59.0 59.0 60.0 61.0 
60.0 59.0 59.0 60.0 
70.0 60.0 63.0 67.0 
60.0 58.0 60.0 59.0 
60.0 59.0 61.0 60.0 
60.0 60.0 60.0 60.0 
71.0 59.0 63.0 68.0 
59.0 59.0 58.0 59.0 
59.0 59.0 60.0 60.0 
60.0 59.0 60.0 60.0 
69.0 59.0 63.0 67.0 
59.0 58.0 59.0 59.0 
59.0 59.0 61.0 61.0 
61.0 60.0 60.0 60.0 
70.0 59.0 63.0 67.0 
59.0 58.0 59.0 60.0 
60.0 58.0 60.0 60.0 
60.0 59.0 60.0 59.0 
70.0 59.0 63.0 67.0 
59.0 59.0 59.0 59.0 
60.0 58.0 60.0 61.0 
61.0 60.0 60.0 60.0 
70.0 59.0 64.0 67.0 
59.0 59.0 59.0 60.0 
59.0 59.0 60.0 60.0 
61.0 59.0 60.0 60.0 
70.0 59.0 63.0 67.0 
59.0 59.0 59.0 59.0 
59.0 59.0 60.0 61.0 
60.0 60.0 61.0 60.0 
71.0 59.0 63.0 67.0 
59.0 59.0 59.0 59.0 
59.0 60.0 59.0 61.0 
60.0 59.0 60.0 60.0 
70.0 59.0 64.0 67.0 
59.0 59.0 60.0 59.0 
59.0 59.0 60.0 60.0 
60.0 60.0 60.0 60.0 
71.0 60.0 64.0 68.0 
59.0 58.0 59.0 60.0 
60.0 59.0 60.0 59.0 
60.0 59.0 60.0 61.0 
69.0 60.0 64.0 67.0 
60.0 58.0 59.0 59.0 
60.0 59.0 60.0 60.0 
61.0 60.0 60.0 61.0 
71.0 60.0 63.0 67.0 
59.0 58.0 59.0 59.0 
59.0 59.0 60.0 61.0 
61.0 60.0 60.0 60.0 
70.0 59.0 63.0 68.0 
59.0 58.0 59.0 59.0 
59.0 59.0 61.0 60.0 
61.0 59.0 59.0 60.0 
70.0 59.0 63.0 67.0 
60.0 58.0 59.0 59.0 
60.0 59.0 60.0 61.0 
61.0 59.0 59.0 60.0 
69.0 60.0 64.0 67.0 
59.0 58.0 58.0 59.0 
60.0 60.0 61.0 61.0 
61.0 59.0 60.0 60.0 
70.0 60.0 64.0 67.0 
59.0 58.0 60.0 59.0 
59.0 59.0 60.0 61.0 
61.0 59.0 61.0 60.0 
69.0 59.0 63.0 68.0 
59.0 58.0 59.0 59.0 
60.0 59.0 60.0 60.0 
60.0 60.0 60.0 60.0 
69.0 59.0 63.0 68.0 
59.0 59.0 59.0 60.0 
61.0 59.0 61.0 60.0 
60.0 59.0 60.0 60.0 
68.0 60.0 63.0 68.0 
60.0 59.0 59.0 59.0 
60.0 61.0 61.0 61.0 
61.0 60.0 60.0 60.0 
69.0 59.0 64.0 67.0 
59.0 58.0 59.0 59.0 
60.0 59.0 62.0 61.0 
61.0 60.0 60.0 60.0 
69.0 59.0 64.0 67.0 
60.0 59.0 58.0 59.0 
60.0 59.0 60.0 61.0 
61.0 60.0 60.0 60.0 
68.0 59.0 63.0 67.0 
59.0 58.0 59.0 59.0 
60.0 59.0 60.0 61.0 
61.0 59.0 60.0 60.0 
70.0 59.0 64.0 68.0 
59.0 59.0 59.0 59.0 
59.0 60.0 60.0 60.0 
60.0 59.0 60.0 60.0 
69.0 60.0 64.0 68.0 
59.0 58.0 59.0 59.0 
59.0 59.0 60.0 61.0 
61.0 60.0 60.0 60.0 
66.0 59.0 63.0 67.0 
60.0 58.0 59.0 59.0 
60.0 59.0 59.0 61.0 
60.0 60.0 59.0 60.0 
64.0 60.0 63.0 67.0 
60.0 59.0 59.0 59.0 
60.0 59.0 60.0 61.0 
61.0 59.0 60.0 60.0 
66.0 59.0 63.0 66.0 
60.0 58.0 59.0 59.0 
59.0 59.0 59.0 61.0 
61.0 59.0 60.0 59.0 
64.0 59.0 63.0 67.0 
61.0 58.0 60.0 59.0 
59.0 60.0 60.0 61.0 
61.0 60.0 59.0 60.0 
66.0 59.0 63.0 66.0 
60.0 59.0 59.0 59.0 
61.0 58.0 59.0 61.0 
61.0 60.0 60.0 60.0 
66.0 59.0 63.0 67.0 
59.0 59.0 60.0 59.0 
60.0 59.0 60.0 61.0 
61.0 59.0 60.0 60.0 
67.0 60.0 63.0 67.0 
59.0 59.0 59.0 59.0 
60.0 60.0 60.0 61.0 
61.0 60.0 60.0 59.0 
68.0 60.0 63.0 67.0 
59.0 59.0 60.0 59.0 
60.0 60.0 60.0 61.0 
60.0 60.0 60.0 60.0 
67.0 59.0 63.0 66.0 
59.0 58.0 60.0 59.0 
60.0 59.0 59.0 61.0 
60.0 59.0 60.0 60.0 
66.0 60.0 63.0 66.0 
60.0 58.0 59.0 60.0 
60.0 59.0 60.0 60.0 
61.0 60.0 60.0 60.0 
65.0 59.0 63.0 67.0 
59.0 60.0 59.0 60.0 
60.0 59.0 60.0 61.0 
61.0 60.0 60.0 60.0 
64.0 59.0 63.0 65.0 
60.0 59.0 60.0 61.0 
59.0 59.0 60.0 60.0 
61.0 60.0 60.0 61.0 
64.0 59.0 64.0 65.0 
60.0 59.0 60.0 60.0 
60.0 58.0 60.0 60.0 
61.0 60.0 61.0 60.0 
64.0 59.0 64.0 66.0 
61.0 58.0 59.0 59.0 
60.0 59.0 60.0 61.0 
60.0 59.0 59.0 61.0 
65.0 59.0 63.0 66.0 
59.0 59.0 59.0 60.0 
60.0 59.0 60.0 60.0 
61.0 59.0 60.0 60.0 
64.0 59.0 63.0 66.0 
60.0 59.0 59.0 60.0 
59.0 60.0 59.0 60.0 
61.0 59.0 60.0 60.0 
63.0 59.0 63.0 66.0 
60.0 59.0 59.0 60.0 
61.0 59.0 61.0 62.0 
61.0 60.0 60.0 61.0 
63.0 59.0 63.0 66.0 
59.0 59.0 59.0 60.0 
61.0 59.0 61.0 60.0 
61.0 59.0 60.0 60.0 
63.0 59.0 63.0 65.0 
60.0 58.0 60.0 60.0 
62.0 59.0 61.0 62.0 
61.0 60.0 60.0 61.0 
64.0 59.0 62.0 65.0 
60.0 58.0 59.0 60.0 
61.0 59.0 60.0 63.0 
61.0 60.0 60.0 60.0 
66.0 60.0 62.0 66.0 
60.0 58.0 60.0 60.0 
62.0 59.0 61.0 64.0 
60.0 60.0 60.0 60.0 
66.0 59.0 63.0 67.0 
59.0 59.0 59.0 60.0 
63.0 59.0 61.0 64.0 
60.0 59.0 60.0 60.0 
64.0 59.0 63.0 68.0 
61.0 59.0 59.0 60.0 
63.0 60.0 61.0 65.0 
61.0 60.0 61.0 60.0 
64.0 60.0 63.0 67.0 
60.0 60.0 60.0 60.0 
62.0 59.0 62.0 65.0 
60.0 60.0 60.0 60.0 
64.0 60.0 63.0 67.0 
60.0 58.0 59.0 60.0 
62.0 59.0 61.0 65.0 
61.0 60.0 60.0 59.0 
64.0 60.0 63.0 67.0 
59.0 58.0 60.0 60.0 
63.0 59.0 61.0 65.0 
61.0 60.0 60.0 60.0 
64.0 59.0 64.0 66.0 
60.0 59.0 60.0 60.0 
63.0 59.0 62.0 65.0 
60.0 60.0 60.0 60.0 
63.0 59.0 64.0 66.0 
60.0 59.0 61.0 61.0 
63.0 59.0 62.0 64.0 
60.0 60.0 60.0 60.0 
62.0 59.0 63.0 64.0 
60.0 58.0 60.0 62.0 
63.0 59.0 63.0 65.0 
61.0 60.0 60.0 60.0 
62.0 60.0 62.0 63.0 
60.0 58.0 61.0 61.0 
63.0 59.0 63.0 65.0 
60.0 60.0 60.0 60.0 
62.0 60.0 63.0 64.0 
60.0 59.0 61.0 62.0 
64.0 59.0 63.0 64.0 
60.0 60.0 60.0 60.0 
64.0 59.0 62.0 63.0 
61.0 59.0 61.0 62.0 
62.0 59.0 62.0 66.0 
61.0 59.0 60.0 60.0 
66.0 59.0 63.0 65.0 
61.0 58.0 62.0 62.0 
63.0 59.0 62.0 65.0 
61.0 60.0 61.0 61.0 
67.0 60.0 62.0 63.0 
61.0 58.0 60.0 62.0 
63.0 59.0 62.0 65.0 
61.0 60.0 61.0 62.0 
65.0 60.0 61.0 64.0 
60.0 59.0 61.0 62.0 
64.0 60.0 63.0 66.0 
61.0 59.0 61.0 60.0 
66.0 59.0 62.0 63.0 
61.0 60.0 60.0 61.0 
63.0 59.0 63.0 66.0 
61.0 60.0 60.0 61.0 
65.0 59.0 62.0 62.0 
61.0 59.0 61.0 62.0 
62.0 59.0 63.0 66.0 
61.0 60.0 61.0 61.0 
65.0 60.0 62.0 63.0 
61.0 58.0 61.0 62.0 
63.0 59.0 62.0 65.0 
61.0 59.0 61.0 61.0 
65.0 59.0 64.0 65.0 
60.0 59.0 60.0 61.0 
63.0 59.0 62.0 66.0 
61.0 60.0 61.0 60.0 
65.0 59.0 63.0 65.0 
60.0 59.0 61.0 61.0 
63.0 60.0 62.0 66.0 
60.0 59.0 60.0 62.0 
66.0 59.0 64.0 66.0 
62.0 59.0 62.0 65.0 
63.0 59.0 62.0 65.0 
61.0 60.0 60.0 61.0 
65.0 59.0 65.0 67.0 
62.0 58.0 63.0 65.0 
62.0 59.0 61.0 65.0 
61.0 60.0 60.0 60.0 
66.0 60.0 64.0 66.0 
64.0 59.0 63.0 66.0 
63.0 60.0 61.0 65.0 
61.0 60.0 60.0 61.0 
64.0 59.0 63.0 66.0 
64.0 59.0 63.0 68.0 
63.0 59.0 61.0 65.0 
61.0 60.0 61.0 62.0 
65.0 59.0 63.0 66.0 
64.0 58.0 62.0 67.0 
63.0 60.0 61.0 64.0 
61.0 60.0 60.0 62.0 
66.0 60.0 63.0 66.0 
63.0 58.0 62.0 67.0 
62.0 59.0 61.0 64.0 
62.0 60.0 61.0 62.0 
68.0 60.0 63.0 66.0 
64.0 59.0 63.0 67.0 
62.0 60.0 62.0 64.0 
61.0 60.0 61.0 62.0 
68.0 59.0 65.0 70.0 
64.0 58.0 63.0 68.0 
62.0 58.0 62.0 63.0 
60.0 60.0 60.0 62.0 
70.0 59.0 66.0 72.0 
63.0 59.0 62.0 66.0 
62.0 59.0 61.0 64.0 
61.0 60.0 60.0 61.0 
67.0 59.0 67.0 73.0 
64.0 59.0 62.0 67.0 
60.0 59.0 60.0 64.0 
60.0 60.0 59.0 61.0 
67.0 59.0 67.0 73.0 
64.0 59.0 62.0 67.0 
60.0 59.0 60.0 62.0 
61.0 60.0 60.0 63.0 
67.0 59.0 66.0 72.0 
64.0 59.0 62.0 66.0 
61.0 59.0 60.0 63.0 
62.0 60.0 60.0 62.0 
67.0 59.0 66.0 73.0 
64.0 59.0 62.0 67.0 
61.0 59.0 60.0 63.0 
61.0 60.0 60.0 61.0 
68.0 60.0 64.0 74.0 
65.0 59.0 62.0 69.0 
59.0 59.0 60.0 59.0 
61.0 60.0 60.0 61.0 
70.0 60.0 65.0 74.0 
65.0 59.0 62.0 68.0 
59.0 60.0 60.0 60.0 
60.0 60.0 60.0 60.0 
70.0 59.0 65.0 74.0 
65.0 58.0 62.0 68.0 
59.0 59.0 60.0 60.0 
61.0 60.0 60.0 60.0 
70.0 60.0 65.0 75.0 
65.0 58.0 62.0 68.0 
59.0 59.0 60.0 60.0 
61.0 60.0 61.0 60.0 
73.0 60.0 62.0 77.0 
65.0 59.0 60.0 69.0 
59.0 59.0 59.0 59.0 
60.0 60.0 60.0 60.0 
74.0 59.0 61.0 78.0 
65.0 58.0 60.0 68.0 
59.0 59.0 60.0 59.0 
60.0 60.0 60.0 60.0 
77.0 59.0 62.0 77.0 
65.0 60.0 60.0 68.0 
59.0 59.0 60.0 60.0 
61.0 60.0 60.0 60.0 
76.0 59.0 62.0 77.0 
65.0 59.0 60.0 67.0 
59.0 58.0 61.0 60.0 
61.0 60.0 60.0 60.0 
73.0 59.0 62.0 77.0 
65.0 59.0 60.0 69.0 
59.0 60.0 60.0 60.0 
61.0 60.0 60.0 61.0 
70.0 59.0 61.0 77.0 
65.0 58.0 60.0 69.0 
62.0 59.0 60.0 63.0 
61.0 60.0 61.0 60.0 
68.0 59.0 63.0 76.0 
64.0 59.0 60.0 68.0 
62.0 59.0 61.0 63.0 
60.0 60.0 60.0 61.0 
72.0 60.0 62.0 76.0 
65.0 59.0 60.0 68.0 
63.0 59.0 60.0 64.0 
61.0 60.0 61.0 61.0 
69.0 60.0 61.0 78.0 
65.0 59.0 59.0 69.0 
62.0 59.0 62.0 64.0 
61.0 60.0 61.0 61.0 
71.0 59.0 61.0 77.0 
65.0 58.0 60.0 68.0 
63.0 59.0 60.0 63.0 
61.0 60.0 60.0 61.0 
71.0 60.0 61.0 76.0 
65.0 59.0 59.0 67.0 
62.0 59.0 61.0 65.0 
61.0 60.0 60.0 61.0 
68.0 59.0 61.0 75.0 
64.0 59.0 61.0 66.0 
64.0 60.0 60.0 66.0 
60.0 60.0 60.0 60.0 
67.0 60.0 61.0 75.0 
64.0 60.0 59.0 66.0 
65.0 59.0 60.0 66.0 
61.0 60.0 61.0 61.0 
67.0 59.0 62.0 74.0 
64.0 59.0 59.0 66.0 
64.0 59.0 60.0 66.0 
62.0 60.0 60.0 61.0 
68.0 60.0 61.0 75.0 
65.0 59.0 60.0 67.0 
65.0 59.0 60.0 66.0 
61.0 60.0 61.0 61.0 
68.0 60.0 62.0 74.0 
66.0 59.0 60.0 69.0 
64.0 59.0 61.0 66.0 
61.0 60.0 61.0 61.0 
70.0 59.0 61.0 75.0 
66.0 59.0 60.0 69.0 
64.0 59.0 61.0 65.0 
61.0 59.0 60.0 61.0 
67.0 67.0 60.0 73.0 
63.0 64.0 60.0 66.0 
63.0 63.0 60.0 66.0 
61.0 60.0 60.0 62.0 
70.0 60.0 61.0 75.0 
66.0 59.0 59.0 69.0 
65.0 59.0 60.0 66.0 
62.0 60.0 61.0 62.0 
70.0 68.0 61.0 73.0 
63.0 66.0 60.0 68.0 
63.0 64.0 61.0 64.0 
61.0 62.0 60.0 61.0 
70.0 67.0 61.0 72.0 
63.0 64.0 61.0 66.0 
62.0 64.0 61.0 64.0 
62.0 63.0 60.0 63.0 
70.0 67.0 61.0 72.0 
63.0 64.0 60.0 67.0 
63.0 63.0 61.0 65.0 
63.0 64.0 59.0 64.0 
70.0 67.0 61.0 72.0 
62.0 64.0 60.0 66.0 
63.0 65.0 61.0 65.0 
63.0 64.0 60.0 64.0 
70.0 67.0 61.0 71.0 
62.0 63.0 60.0 66.0 
65.0 68.0 60.0 68.0 
62.0 64.0 60.0 64.0 
69.0 67.0 61.0 72.0 
62.0 63.0 60.0 65.0 
65.0 67.0 60.0 67.0 
63.0 64.0 60.0 64.0 
70.0 67.0 62.0 72.0 
62.0 63.0 59.0 65.0 
65.0 66.0 60.0 67.0 
63.0 65.0 60.0 64.0 
71.0 68.0 60.0 72.0 
62.0 64.0 60.0 65.0 
65.0 67.0 60.0 67.0 
63.0 65.0 60.0 65.0 
71.0 68.0 60.0 73.0 
63.0 64.0 59.0 66.0 
69.0 71.0 61.0 71.0 
58.0 59.0 60.0 59.0 
69.0 68.0 60.0 73.0 
62.0 64.0 59.0 65.0 
69.0 72.0 61.0 71.0 
58.0 59.0 60.0 60.0 
68.0 68.0 61.0 73.0 
62.0 64.0 60.0 66.0 
70.0 73.0 60.0 72.0 
58.0 59.0 60.0 59.0 
67.0 68.0 61.0 74.0 
62.0 64.0 59.0 65.0 
69.0 72.0 60.0 71.0 
58.0 59.0 61.0 59.0 
69.0 68.0 60.0 75.0 
62.0 64.0 59.0 65.0 
69.0 73.0 61.0 72.0 
58.0 59.0 61.0 59.0 
69.0 69.0 61.0 74.0 
63.0 65.0 59.0 67.0 
70.0 73.0 61.0 70.0 
58.0 59.0 61.0 59.0 
68.0 69.0 61.0 75.0 
63.0 66.0 60.0 67.0 
70.0 72.0 61.0 70.0 
58.0 58.0 61.0 59.0 
69.0 69.0 61.0 73.0 
63.0 66.0 60.0 67.0 
70.0 73.0 62.0 69.0 
58.0 59.0 61.0 60.0 
68.0 69.0 60.0 75.0 
64.0 66.0 60.0 66.0 
70.0 73.0 60.0 69.0 
58.0 58.0 61.0 59.0 
68.0 69.0 62.0 75.0 
63.0 66.0 60.0 68.0 
72.0 72.0 61.0 70.0 
58.0 59.0 61.0 59.0 
68.0 69.0 66.0 76.0 
63.0 65.0 61.0 67.0 
70.0 73.0 61.0 69.0 
57.0 59.0 61.0 59.0 
70.0 70.0 69.0 75.0 
64.0 65.0 62.0 67.0 
70.0 74.0 60.0 70.0 
58.0 58.0 60.0 59.0 
69.0 70.0 66.0 77.0 
64.0 65.0 60.0 67.0 
71.0 73.0 61.0 71.0 
59.0 58.0 60.0 60.0 
68.0 68.0 71.0 77.0 
63.0 65.0 62.0 68.0 
71.0 71.0 62.0 69.0 
64.0 64.0 61.0 64.0 
69.0 68.0 72.0 79.0 
62.0 64.0 62.0 67.0 
68.0 70.0 62.0 70.0 
64.0 65.0 61.0 64.0 
68.0 68.0 75.0 78.0 
63.0 63.0 65.0 67.0 
67.0 68.0 77.0 69.0 
65.0 65.0 68.0 64.0 
66.0 67.0 84.0 78.0 
63.0 63.0 67.0 66.0 
66.0 68.0 82.0 68.0 
65.0 67.0 72.0 65.0 
66.0 67.0 88.0 77.0 
61.0 63.0 68.0 66.0 
67.0 68.0 87.0 68.0 
65.0 66.0 77.0 65.0 
66.0 67.0 89.0 79.0 
62.0 64.0 71.0 67.0 
62.0 63.0 72.0 64.0 
68.0 68.0 85.0 67.0 
64.0 66.0 100.0 79.0 
61.0 62.0 69.0 65.0 
69.0 68.0 101.0 70.0 
65.0 66.0 78.0 66.0 
66.0 59.0 108.0 80.0 
63.0 59.0 71.0 66.0 
73.0 59.0 125.0 73.0 
68.0 60.0 89.0 67.0 
67.0 59.0 120.0 81.0 
62.0 58.0 73.0 64.0 
73.0 59.0 139.0 74.0 
68.0 60.0 102.0 68.0 
67.0 60.0 160.0 80.0 
62.0 59.0 77.0 64.0 
73.0 59.0 189.0 78.0 
70.0 60.0 113.0 68.0 
66.0 60.0 171.0 81.0 
61.0 59.0 80.0 64.0 
75.0 59.0 263.0 81.0 
67.0 60.0 133.0 68.0 
68.0 60.0 194.0 82.0 
61.0 59.0 80.0 63.0 
76.0 62.0 320.0 84.0 
66.0 62.0 147.0 68.0 
66.0 65.0 216.0 82.0 
61.0 60.0 81.0 63.0 
71.0 73.0 360.0 87.0 
64.0 65.0 160.0 69.0 
65.0 67.0 251.0 83.0 
60.0 60.0 83.0 63.0 
71.0 74.0 363.0 89.0 
64.0 64.0 155.0 68.0 
65.0 67.0 242.0 82.0 
60.0 59.0 85.0 63.0 
73.0 75.0 411.0 96.0 
63.0 64.0 152.0 70.0 
66.0 69.0 284.0 89.0 
60.0 61.0 86.0 63.0 
75.0 79.0 446.0 103.0 
63.0 64.0 149.0 69.0 
67.0 70.0 308.0 93.0 
60.0 60.0 84.0 63.0 
75.0 78.0 428.0 103.0 
63.0 64.0 145.0 70.0 
65.0 68.0 256.0 88.0 
59.0 60.0 84.0 63.0 
75.0 79.0 442.0 109.0 
64.0 60.0 148.0 71.0 
72.0 61.0 328.0 107.0 
61.0 59.0 86.0 64.0 
79.0 63.0 411.0 109.0 
63.0 60.0 138.0 69.0 
76.0 62.0 363.0 120.0 
61.0 59.0 83.0 64.0 
81.0 63.0 407.0 111.0 
64.0 60.0 124.0 69.0 
76.0 63.0 381.0 132.0 
60.0 59.0 75.0 62.0 
83.0 63.0 421.0 115.0 
64.0 60.0 117.0 67.0 
73.0 61.0 305.0 122.0 
60.0 59.0 76.0 63.0 
82.0 63.0 405.0 122.0 
63.0 60.0 115.0 69.0 
76.0 61.0 335.0 148.0 
60.0 59.0 75.0 63.0 
82.0 63.0 387.0 125.0 
63.0 60.0 111.0 69.0 
77.0 61.0 337.0 168.0 
60.0 59.0 76.0 62.0 
83.0 63.0 398.0 136.0 
62.0 60.0 104.0 67.0 
77.0 61.0 330.0 189.0 
60.0 59.0 75.0 63.0 
84.0 62.0 354.0 148.0 
62.0 60.0 99.0 67.0 
77.0 61.0 324.0 196.0 
62.0 59.0 75.0 63.0 
87.0 61.0 321.0 193.0 
61.0 60.0 82.0 66.0 
79.0 61.0 320.0 215.0 
60.0 59.0 74.0 64.0 
82.0 60.0 244.0 204.0 
61.0 60.0 79.0 68.0 
81.0 61.0 287.0 251.0 
60.0 59.0 73.0 64.0 
85.0 60.0 243.0 248.0 
62.0 60.0 78.0 70.0 
85.0 61.0 269.0 318.0 
60.0 59.0 76.0 68.0 
94.0 61.0 235.0 343.0 
61.0 60.0 73.0 65.0 
92.0 62.0 257.0 377.0 
60.0 59.0 69.0 59.0 
93.0 62.0 200.0 349.0 
60.0 60.0 68.0 65.0 
93.0 62.0 233.0 384.0 
59.0 59.0 67.0 57.0 
93.0 61.0 191.0 372.0 
60.0 60.0 69.0 66.0 
99.0 63.0 215.0 413.0 
59.0 59.0 67.0 57.0 
95.0 61.0 165.0 374.0 
61.0 59.0 70.0 66.0 
87.0 62.0 168.0 322.0 
59.0 59.0 65.0 60.0 
93.0 61.0 131.0 370.0 
61.0 60.0 68.0 74.0 
94.0 62.0 183.0 384.0 
59.0 59.0 63.0 56.0 
99.0 62.0 135.0 423.0 
61.0 60.0 66.0 71.0 
94.0 62.0 162.0 363.0 
59.0 59.0 62.0 54.0 
102.0 63.0 131.0 438.0 
60.0 60.0 64.0 66.0 
92.0 61.0 143.0 337.0 
58.0 59.0 64.0 57.0 
92.0 62.0 115.0 388.0 
59.0 60.0 61.0 61.0 
102.0 62.0 132.0 424.0 
59.0 59.0 64.0 57.0 
92.0 61.0 102.0 357.0 
59.0 60.0 61.0 58.0 
101.0 62.0 117.0 379.0 
59.0 58.0 65.0 58.0 
99.0 62.0 102.0 395.0 
58.0 60.0 60.0 53.0 
110.0 62.0 111.0 380.0 
59.0 58.0 64.0 59.0 
98.0 60.0 95.0 371.0 
57.0 60.0 60.0 52.0 
112.0 61.0 108.0 370.0 
60.0 59.0 65.0 61.0 
101.0 60.0 91.0 353.0 
58.0 60.0 60.0 53.0 
109.0 62.0 104.0 317.0 
61.0 59.0 65.0 66.0 
84.0 60.0 81.0 266.0 
58.0 60.0 61.0 57.0 
125.0 61.0 112.0 382.0 
60.0 58.0 65.0 63.0 
100.0 60.0 89.0 326.0 
57.0 60.0 60.0 50.0 
138.0 62.0 109.0 407.0 
61.0 58.0 64.0 62.0 
100.0 60.0 86.0 322.0 
58.0 60.0 60.0 49.0 
132.0 62.0 105.0 371.0 
59.0 59.0 65.0 63.0 
117.0 61.0 89.0 344.0 
57.0 60.0 60.0 50.0 
137.0 61.0 99.0 334.0 
59.0 58.0 65.0 63.0 
122.0 61.0 87.0 348.0 
57.0 60.0 59.0 49.0 
150.0 294.0 99.0 303.0 
59.0 59.0 65.0 63.0 
112.0 223.0 85.0 290.0 
55.0 60.0 59.0 48.0 
154.0 387.0 95.0 259.0 
60.0 59.0 65.0 64.0 
115.0 325.0 83.0 269.0 
56.0 48.0 59.0 50.0 
135.0 377.0 93.0 243.0 
60.0 59.0 65.0 67.0 
87.0 269.0 79.0 238.0 
55.0 60.0 59.0 50.0 
135.0 411.0 95.0 239.0 
60.0 59.0 65.0 66.0 
117.0 359.0 80.0 212.0 
56.0 45.0 59.0 54.0 
147.0 461.0 91.0 235.0 
61.0 63.0 64.0 67.0 
89.0 230.0 71.0 164.0 
57.0 47.0 60.0 54.0 
153.0 446.0 89.0 229.0 
60.0 62.0 63.0 68.0 
104.0 247.0 70.0 162.0 
55.0 60.0 59.0 52.0 
143.0 393.0 86.0 203.0 
60.0 61.0 64.0 67.0 
122.0 378.0 73.0 162.0 
56.0 46.0 59.0 55.0 
161.0 467.0 86.0 203.0 
60.0 63.0 63.0 67.0 
113.0 338.0 70.0 148.0 
56.0 47.0 60.0 57.0 
160.0 481.0 83.0 198.0 
61.0 65.0 62.0 67.0 
106.0 350.0 68.0 142.0 
57.0 49.0 60.0 58.0 
171.0 479.0 83.0 195.0 
60.0 64.0 63.0 68.0 
95.0 300.0 69.0 138.0 
56.0 49.0 60.0 58.0 
170.0 447.0 79.0 177.0 
61.0 66.0 63.0 69.0 
105.0 293.0 66.0 124.0 
57.0 50.0 61.0 58.0 
199.0 521.0 82.0 181.0 
62.0 69.0 63.0 71.0 
112.0 302.0 66.0 115.0 
57.0 52.0 60.0 59.0 
222.0 543.0 83.0 183.0 
63.0 71.0 63.0 70.0 
115.0 289.0 67.0 111.0 
57.0 55.0 61.0 60.0 
242.0 534.0 79.0 181.0 
65.0 72.0 62.0 71.0 
118.0 285.0 64.0 112.0 
53.0 41.0 60.0 56.0 
276.0 568.0 77.0 186.0 
65.0 75.0 60.0 71.0 
140.0 286.0 65.0 111.0 
52.0 41.0 60.0 55.0 
297.0 489.0 68.0 173.0 
67.0 73.0 59.0 70.0 
238.0 362.0 63.0 127.0 
49.0 42.0 60.0 56.0 
325.0 431.0 67.0 158.0 
68.0 72.0 59.0 70.0 
181.0 329.0 63.0 117.0 
49.0 43.0 61.0 56.0 
335.0 383.0 66.0 146.0 
71.0 74.0 59.0 71.0 
177.0 255.0 61.0 104.0 
48.0 45.0 60.0 58.0 
371.0 353.0 73.0 129.0 
74.0 75.0 61.0 70.0 
177.0 223.0 63.0 98.0 
47.0 47.0 60.0 57.0 
427.0 348.0 79.0 128.0 
76.0 76.0 62.0 70.0 
193.0 214.0 63.0 92.0 
46.0 48.0 60.0 58.0 
432.0 311.0 78.0 122.0 
77.0 74.0 62.0 70.0 
167.0 165.0 63.0 87.0 
45.0 50.0 60.0 58.0 
387.0 246.0 75.0 114.0 
84.0 74.0 61.0 70.0 
317.0 180.0 64.0 93.0 
43.0 52.0 60.0 59.0 
370.0 203.0 81.0 102.0 
89.0 73.0 64.0 69.0 
324.0 162.0 67.0 90.0 
43.0 52.0 60.0 59.0 
404.0 194.0 87.0 100.0 
88.0 71.0 65.0 69.0 
271.0 127.0 69.0 89.0 
43.0 54.0 59.0 59.0 
401.0 180.0 95.0 97.0 
88.0 69.0 66.0 68.0 
258.0 113.0 68.0 80.0 
43.0 56.0 58.0 60.0 
390.0 158.0 92.0 95.0 
93.0 69.0 66.0 68.0 
331.0 119.0 70.0 81.0 
75.0 63.0 61.0 63.0 
374.0 147.0 97.0 94.0 
95.0 69.0 67.0 68.0 
279.0 104.0 69.0 79.0 
84.0 65.0 61.0 64.0 
454.0 152.0 109.0 96.0 
92.0 68.0 70.0 67.0 
231.0 108.0 90.0 82.0 
77.0 64.0 66.0 64.0 
449.0 144.0 119.0 94.0 
86.0 66.0 72.0 66.0 
276.0 110.0 103.0 86.0 
83.0 65.0 71.0 65.0 
429.0 138.0 137.0 94.0 
84.0 64.0 74.0 66.0 
335.0 105.0 109.0 83.0 
87.0 65.0 72.0 65.0 
443.0 138.0 160.0 94.0 
91.0 66.0 78.0 67.0 
82.0 73.0 90.0 71.0 
91.0 68.0 83.0 67.0 
384.0 127.0 181.0 93.0 
93.0 67.0 80.0 67.0 
89.0 65.0 75.0 66.0 
99.0 68.0 84.0 68.0 
355.0 120.0 200.0 91.0 
91.0 65.0 81.0 66.0 
210.0 84.0 107.0 75.0 
107.0 70.0 85.0 68.0 
352.0 117.0 211.0 90.0 
78.0 64.0 81.0 65.0 
193.0 86.0 155.0 81.0 
81.0 66.0 95.0 66.0 
329.0 111.0 228.0 90.0 
76.0 64.0 84.0 65.0 
179.0 88.0 198.0 86.0 
79.0 67.0 113.0 70.0 
303.0 103.0 233.0 89.0 
72.0 62.0 87.0 64.0 
136.0 84.0 304.0 92.0 
74.0 66.0 161.0 72.0 
267.0 100.0 239.0 90.0 
70.0 62.0 92.0 65.0 
135.0 91.0 425.0 107.0 
71.0 66.0 184.0 75.0 
259.0 98.0 229.0 90.0 
68.0 62.0 96.0 65.0 
118.0 88.0 463.0 112.0 
70.0 67.0 207.0 77.0 
220.0 92.0 235.0 90.0 
66.0 62.0 95.0 65.0 
112.0 91.0 526.0 122.0 
70.0 67.0 221.0 79.0 
206.0 92.0 277.0 96.0 
65.0 61.0 93.0 65.0 
111.0 91.0 542.0 128.0 
69.0 67.0 216.0 79.0 
199.0 90.0 286.0 100.0 
63.0 61.0 92.0 65.0 
102.0 87.0 592.0 133.0 
69.0 67.0 223.0 81.0 
106.0 79.0 331.0 107.0 
62.0 60.0 93.0 65.0 
86.0 85.0 595.0 140.0 
67.0 67.0 222.0 83.0 
104.0 78.0 324.0 111.0 
61.0 61.0 95.0 66.0 
85.0 86.0 614.0 150.0 
66.0 66.0 218.0 85.0 
102.0 81.0 338.0 126.0 
61.0 61.0 94.0 66.0 
87.0 88.0 637.0 161.0 
66.0 67.0 217.0 86.0 
100.0 83.0 371.0 141.0 
61.0 60.0 92.0 67.0 
87.0 90.0 601.0 170.0 
67.0 67.0 212.0 87.0 
97.0 84.0 407.0 155.0 
61.0 60.0 91.0 66.0 
88.0 92.0 626.0 182.0 
65.0 67.0 204.0 90.0 
94.0 83.0 356.0 155.0 
60.0 61.0 90.0 66.0 
88.0 92.0 645.0 193.0 
66.0 67.0 202.0 89.0 
98.0 90.0 384.0 201.0 
60.0 60.0 83.0 66.0 
88.0 94.0 617.0 211.0 
67.0 69.0 224.0 103.0 
101.0 93.0 394.0 223.0 
60.0 61.0 86.0 67.0 
89.0 98.0 617.0 241.0 
66.0 69.0 218.0 108.0 
100.0 98.0 366.0 239.0 
60.0 60.0 83.0 69.0 
90.0 102.0 620.0 282.0 
66.0 70.0 212.0 115.0 
103.0 105.0 358.0 265.0 
59.0 61.0 82.0 69.0 
92.0 111.0 624.0 326.0 
65.0 70.0 204.0 119.0 
101.0 105.0 329.0 269.0 
60.0 60.0 80.0 68.0 
96.0 120.0 580.0 387.0 
65.0 72.0 194.0 127.0 
98.0 110.0 354.0 299.0 
60.0 60.0 79.0 71.0 
99.0 129.0 585.0 471.0 
64.0 70.0 167.0 128.0 
106.0 116.0 364.0 330.0 
60.0 60.0 78.0 72.0 
102.0 139.0 553.0 534.0 
64.0 72.0 169.0 145.0 
103.0 120.0 348.0 344.0 
59.0 59.0 70.0 65.0 
104.0 146.0 530.0 580.0 
65.0 74.0 169.0 156.0 
101.0 133.0 350.0 391.0 
60.0 59.0 71.0 64.0 
102.0 156.0 496.0 608.0 
64.0 73.0 142.0 143.0 
104.0 140.0 317.0 427.0 
59.0 60.0 72.0 64.0 
92.0 159.0 467.0 615.0 
64.0 72.0 129.0 127.0 
107.0 150.0 311.0 465.0 
60.0 61.0 72.0 64.0 
102.0 163.0 423.0 620.0 
64.0 72.0 125.0 127.0 
110.0 157.0 309.0 491.0 
60.0 61.0 72.0 63.0 
102.0 170.0 401.0 624.0 
64.0 72.0 120.0 122.0 
111.0 161.0 283.0 467.0 
60.0 61.0 70.0 62.0 
104.0 178.0 387.0 610.0 
64.0 72.0 112.0 117.0 
110.0 158.0 254.0 428.0 
61.0 61.0 70.0 62.0 
105.0 189.0 358.0 660.0 
62.0 70.0 106.0 108.0 
107.0 168.0 223.0 443.0 
60.0 61.0 69.0 61.0 
105.0 228.0 341.0 657.0 
61.0 72.0 104.0 102.0 
112.0 194.0 239.0 478.0 
60.0 61.0 69.0 60.0 
106.0 237.0 317.0 629.0 
62.0 70.0 99.0 96.0 
112.0 195.0 211.0 429.0 
60.0 60.0 68.0 59.0 
109.0 251.0 311.0 658.0 
60.0 68.0 92.0 88.0 
117.0 216.0 204.0 422.0 
60.0 60.0 69.0 59.0 
115.0 262.0 304.0 660.0 
61.0 70.0 97.0 93.0 
118.0 231.0 205.0 437.0 
60.0 60.0 69.0 57.0 
114.0 266.0 293.0 624.0 
63.0 76.0 100.0 108.0 
124.0 270.0 200.0 439.0 
59.0 58.0 68.0 56.0 
117.0 294.0 289.0 627.0 
63.0 79.0 100.0 113.0 
131.0 299.0 189.0 457.0 
59.0 59.0 67.0 57.0 
118.0 304.0 274.0 598.0 
65.0 81.0 99.0 115.0 
134.0 329.0 184.0 470.0 
60.0 59.0 66.0 56.0 
127.0 345.0 266.0 587.0 
64.0 82.0 95.0 108.0 
128.0 309.0 156.0 390.0 
60.0 59.0 68.0 58.0 
129.0 389.0 247.0 592.0 
64.0 87.0 91.0 112.0 
135.0 339.0 154.0 393.0 
60.0 58.0 67.0 57.0 
138.0 442.0 228.0 588.0 
63.0 79.0 83.0 97.0 
159.0 452.0 158.0 456.0 
59.0 56.0 67.0 57.0 
151.0 473.0 208.0 567.0 
64.0 80.0 78.0 99.0 
168.0 482.0 158.0 476.0 
59.0 56.0 67.0 56.0 
149.0 472.0 194.0 567.0 
63.0 82.0 74.0 97.0 
169.0 490.0 147.0 481.0 
59.0 56.0 65.0 56.0 
161.0 534.0 173.0 549.0 
66.0 60.0 74.0 103.0 
172.0 519.0 134.0 454.0 
59.0 59.0 65.0 55.0 
164.0 546.0 155.0 521.0 
65.0 60.0 71.0 99.0 
173.0 520.0 119.0 409.0 
59.0 53.0 64.0 57.0 
170.0 577.0 137.0 493.0 
65.0 89.0 68.0 91.0 
182.0 516.0 115.0 386.0 
59.0 52.0 65.0 58.0 
176.0 588.0 137.0 484.0 
66.0 71.0 68.0 89.0 
194.0 554.0 110.0 378.0 
57.0 51.0 63.0 57.0 
181.0 587.0 119.0 450.0 
67.0 95.0 64.0 86.0 
193.0 539.0 101.0 341.0 
58.0 59.0 62.0 57.0 
184.0 563.0 110.0 415.0 
69.0 66.0 65.0 90.0 
202.0 582.0 99.0 327.0 
58.0 50.0 62.0 58.0 
181.0 573.0 104.0 386.0 
66.0 89.0 64.0 77.0 
212.0 593.0 97.0 315.0 
58.0 50.0 62.0 59.0 
196.0 628.0 102.0 379.0 
64.0 81.0 63.0 72.0 
235.0 597.0 96.0 303.0 
58.0 50.0 62.0 59.0 
200.0 593.0 98.0 358.0 
63.0 76.0 64.0 70.0 
272.0 601.0 94.0 280.0 
56.0 47.0 61.0 58.0 
232.0 598.0 96.0 325.0 
65.0 80.0 61.0 72.0 
313.0 611.0 92.0 277.0 
55.0 47.0 61.0 57.0 
261.0 576.0 93.0 307.0 
67.0 80.0 62.0 70.0 
345.0 558.0 93.0 264.0 
55.0 49.0 61.0 56.0 
302.0 559.0 92.0 297.0 
65.0 65.0 62.0 71.0 
390.0 595.0 92.0 261.0 
53.0 46.0 60.0 56.0 
349.0 616.0 92.0 294.0 
62.0 68.0 61.0 66.0 
423.0 562.0 91.0 247.0 
53.0 48.0 59.0 56.0 
392.0 608.0 93.0 288.0 
65.0 73.0 62.0 67.0 
464.0 606.0 92.0 245.0 
55.0 52.0 59.0 58.0 
418.0 576.0 91.0 267.0 
72.0 81.0 62.0 69.0 
464.0 533.0 91.0 216.0 
53.0 51.0 59.0 58.0 
480.0 559.0 95.0 245.0 
73.0 79.0 62.0 67.0 
482.0 532.0 88.0 207.0 
55.0 59.0 60.0 58.0 
533.0 528.0 92.0 231.0 
75.0 60.0 62.0 68.0 
486.0 515.0 87.0 194.0 
55.0 53.0 59.0 59.0 
566.0 499.0 91.0 207.0 
66.0 60.0 61.0 65.0 
506.0 516.0 87.0 190.0 
53.0 58.0 59.0 59.0 
599.0 477.0 86.0 194.0 
71.0 60.0 62.0 66.0 
502.0 488.0 86.0 183.0 
54.0 60.0 60.0 59.0 
614.0 457.0 85.0 191.0 
69.0 60.0 62.0 65.0 
540.0 445.0 85.0 181.0 
68.0 59.0 60.0 62.0 
605.0 413.0 83.0 183.0 
85.0 60.0 63.0 70.0 
561.0 66.0 82.0 194.0 
67.0 59.0 59.0 63.0 
665.0 64.0 79.0 196.0 
89.0 60.0 62.0 68.0 
560.0 67.0 83.0 187.0 
67.0 59.0 59.0 61.0 
690.0 63.0 79.0 189.0 
79.0 60.0 61.0 64.0 
549.0 410.0 83.0 156.0 
64.0 62.0 59.0 61.0 
663.0 387.0 81.0 157.0 
78.0 66.0 62.0 62.0 
580.0 376.0 81.0 151.0 
64.0 62.0 59.0 61.0 
652.0 368.0 81.0 154.0 
79.0 65.0 60.0 63.0 
588.0 361.0 80.0 149.0 
55.0 58.0 60.0 60.0 
666.0 330.0 80.0 155.0 
77.0 60.0 61.0 62.0 
611.0 325.0 79.0 132.0 
63.0 59.0 60.0 61.0 
659.0 316.0 78.0 141.0 
80.0 60.0 61.0 63.0 
604.0 66.0 78.0 129.0 
55.0 58.0 59.0 60.0 
669.0 298.0 78.0 135.0 
70.0 61.0 60.0 62.0 
595.0 66.0 78.0 141.0 
54.0 59.0 59.0 60.0 
686.0 263.0 75.0 119.0 
76.0 60.0 60.0 62.0 
517.0 67.0 79.0 135.0 
39.0 59.0 58.0 57.0 
639.0 64.0 78.0 142.0 
86.0 59.0 61.0 63.0 
557.0 67.0 78.0 133.0 
40.0 58.0 59.0 58.0 
609.0 64.0 78.0 140.0 
84.0 60.0 61.0 62.0 
528.0 67.0 77.0 128.0 
39.0 58.0 59.0 57.0 
576.0 67.0 77.0 132.0 
84.0 60.0 60.0 63.0 
521.0 67.0 77.0 124.0 
39.0 59.0 60.0 57.0 
596.0 65.0 77.0 133.0 
83.0 60.0 61.0 62.0 
529.0 67.0 78.0 125.0 
38.0 59.0 59.0 57.0 
581.0 65.0 78.0 129.0 
84.0 60.0 61.0 62.0 
524.0 67.0 76.0 121.0 
39.0 59.0 59.0 57.0 
551.0 67.0 77.0 125.0 
84.0 60.0 60.0 63.0 
459.0 65.0 74.0 114.0 
40.0 58.0 59.0 57.0 
511.0 66.0 76.0 119.0 
84.0 60.0 61.0 63.0 
399.0 63.0 71.0 106.0 
40.0 59.0 59.0 57.0 
473.0 65.0 75.0 114.0 
79.0 60.0 61.0 62.0 
358.0 62.0 69.0 102.0 
42.0 59.0 59.0 58.0 
455.0 65.0 73.0 111.0 
70.0 59.0 61.0 62.0 
351.0 62.0 69.0 101.0 
43.0 59.0 59.0 57.0 
384.0 63.0 71.0 102.0 
67.0 60.0 61.0 61.0 
337.0 62.0 68.0 97.0 
44.0 59.0 59.0 57.0 
332.0 62.0 69.0 98.0 
56.0 60.0 61.0 60.0 
315.0 61.0 67.0 94.0 
46.0 59.0 59.0 58.0 
277.0 61.0 67.0 91.0 
54.0 60.0 60.0 59.0 
302.0 61.0 68.0 93.0 
46.0 59.0 59.0 58.0 
248.0 60.0 67.0 89.0 
62.0 59.0 61.0 60.0 
289.0 60.0 67.0 92.0 
47.0 58.0 59.0 59.0 
220.0 60.0 66.0 88.0 
53.0 60.0 61.0 59.0 
279.0 61.0 67.0 91.0 
49.0 59.0 59.0 58.0 
168.0 60.0 65.0 79.0 
48.0 60.0 60.0 59.0 
268.0 60.0 68.0 89.0 
50.0 58.0 59.0 59.0 
161.0 59.0 65.0 78.0 
48.0 60.0 60.0 59.0 
248.0 60.0 68.0 87.0 
51.0 58.0 59.0 59.0 
141.0 59.0 64.0 77.0 
51.0 60.0 60.0 59.0 
237.0 61.0 67.0 85.0 
52.0 59.0 59.0 58.0 
129.0 59.0 64.0 74.0 
50.0 60.0 60.0 60.0 
239.0 60.0 67.0 86.0 
53.0 59.0 59.0 59.0 
106.0 60.0 63.0 72.0 
52.0 60.0 60.0 59.0 
236.0 61.0 68.0 85.0 
53.0 59.0 59.0 59.0 
91.0 59.0 64.0 70.0 
52.0 61.0 60.0 59.0 
225.0 60.0 68.0 84.0 
53.0 58.0 59.0 59.0 
87.0 59.0 62.0 70.0 
53.0 60.0 60.0 59.0 
218.0 60.0 67.0 83.0 
54.0 59.0 60.0 59.0 
81.0 59.0 63.0 70.0 
53.0 60.0 60.0 59.0 
218.0 60.0 67.0 84.0 
55.0 59.0 59.0 59.0 
58.0 58.0 60.0 61.0 
55.0 60.0 60.0 60.0 
211.0 60.0 69.0 84.0 
56.0 59.0 59.0 59.0 
57.0 59.0 60.0 62.0 
54.0 60.0 60.0 60.0 
200.0 60.0 67.0 80.0 
55.0 59.0 59.0 59.0 
56.0 60.0 60.0 61.0 
55.0 59.0 61.0 60.0 
198.0 60.0 66.0 78.0 
56.0 58.0 59.0 59.0 
57.0 59.0 60.0 61.0 
55.0 61.0 61.0 60.0 
188.0 60.0 66.0 78.0 
56.0 59.0 59.0 59.0 
56.0 59.0 60.0 59.0 
56.0 61.0 60.0 61.0 
167.0 60.0 66.0 76.0 
57.0 58.0 59.0 59.0 
57.0 59.0 60.0 61.0 
59.0 60.0 60.0 60.0 
76.0 60.0 63.0 66.0 
60.0 58.0 60.0 59.0 
60.0 59.0 60.0 61.0 
61.0 59.0 60.0 60.0 
76.0 59.0 65.0 68.0 
60.0 60.0 59.0 61.0 
59.0 59.0 60.0 61.0 
61.0 60.0 60.0 61.0 
76.0 59.0 65.0 67.0 
60.0 59.0 59.0 60.0 
60.0 59.0 61.0 61.0 
61.0 60.0 60.0 61.0 
74.0 59.0 65.0 67.0 
60.0 59.0 60.0 59.0 
60.0 59.0 60.0 61.0 
61.0 60.0 60.0 60.0 
77.0 59.0 65.0 68.0 
60.0 59.0 59.0 60.0 
60.0 59.0 61.0 61.0 
61.0 60.0 60.0 61.0 
80.0 60.0 66.0 69.0 
60.0 59.0 59.0 59.0 
60.0 60.0 60.0 60.0 
60.0 60.0 61.0 61.0 
78.0 60.0 65.0 70.0 
59.0 59.0 60.0 59.0 
59.0 60.0 60.0 60.0 
60.0 60.0 61.0 60.0 
75.0 60.0 65.0 68.0 
59.0 59.0 59.0 59.0 
60.0 59.0 60.0 60.0 
61.0 61.0 61.0 60.0 
70.0 59.0 65.0 68.0 
60.0 59.0 59.0 59.0 
59.0 60.0 60.0 60.0 
61.0 60.0 60.0 60.0 
70.0 60.0 65.0 68.0 
59.0 59.0 59.0 60.0 
59.0 60.0 60.0 61.0 
60.0 60.0 61.0 60.0 
72.0 59.0 65.0 68.0 
59.0 59.0 59.0 60.0 
60.0 59.0 59.0 60.0 
61.0 60.0 59.0 60.0 
69.0 60.0 65.0 68.0 
60.0 58.0 59.0 60.0 
59.0 60.0 60.0 61.0 
61.0 60.0 60.0 61.0 
67.0 60.0 64.0 67.0 
59.0 59.0 59.0 60.0 
61.0 59.0 60.0 60.0 
61.0 59.0 61.0 61.0 
67.0 60.0 64.0 66.0 
60.0 59.0 60.0 59.0 
60.0 59.0 60.0 61.0 
61.0 60.0 61.0 60.0 
69.0 60.0 64.0 66.0 
60.0 59.0 59.0 60.0 
60.0 60.0 61.0 60.0 
60.0 60.0 61.0 60.0 
71.0 60.0 64.0 68.0 
60.0 59.0 59.0 59.0 
59.0 59.0 60.0 61.0 
61.0 60.0 61.0 60.0 
71.0 60.0 63.0 66.0 
60.0 59.0 60.0 59.0 
60.0 59.0 61.0 61.0 
61.0 60.0 61.0 60.0 
68.0 59.0 62.0 65.0 
60.0 59.0 60.0 59.0 
60.0 59.0 61.0 61.0 
61.0 61.0 60.0 61.0 
72.0 59.0 64.0 67.0 
60.0 59.0 59.0 59.0 
60.0 59.0 60.0 60.0 
61.0 60.0 60.0 60.0 
74.0 59.0 63.0 66.0 
60.0 59.0 60.0 59.0 
59.0 59.0 60.0 61.0 
60.0 59.0 60.0 60.0 
73.0 59.0 63.0 66.0 
59.0 59.0 60.0 60.0 
60.0 60.0 60.0 61.0 
61.0 59.0 60.0 60.0 
73.0 59.0 63.0 67.0 
60.0 58.0 59.0 60.0 
59.0 59.0 60.0 61.0 
61.0 60.0 60.0 59.0 
73.0 59.0 64.0 67.0 
59.0 59.0 60.0 59.0 
59.0 60.0 59.0 60.0 
60.0 60.0 61.0 61.0 
72.0 60.0 63.0 65.0 
60.0 60.0 59.0 60.0 
60.0 59.0 60.0 61.0 
61.0 60.0 61.0 60.0 
72.0 60.0 63.0 65.0 
60.0 59.0 60.0 60.0 
59.0 59.0 60.0 61.0 
61.0 60.0 60.0 60.0 
72.0 60.0 63.0 66.0 
59.0 58.0 60.0 59.0 
60.0 60.0 60.0 60.0 
61.0 60.0 61.0 60.0 
73.0 60.0 64.0 68.0 
59.0 59.0 59.0 59.0 
60.0 59.0 60.0 61.0 
60.0 60.0 61.0 60.0 
72.0 59.0 64.0 68.0 
59.0 58.0 60.0 60.0 
59.0 60.0 60.0 61.0 
61.0 60.0 60.0 61.0 
71.0 59.0 63.0 66.0 
60.0 58.0 60.0 60.0 
58.0 59.0 61.0 61.0 
61.0 60.0 60.0 60.0 
71.0 59.0 63.0 66.0 
60.0 59.0 59.0 60.0 
60.0 59.0 60.0 60.0 
61.0 60.0 60.0 60.0 
71.0 59.0 63.0 66.0 
60.0 59.0 59.0 59.0 
59.0 60.0 60.0 61.0 
61.0 60.0 59.0 60.0 
71.0 59.0 62.0 65.0 
59.0 59.0 59.0 59.0 
59.0 59.0 61.0 61.0 
61.0 60.0 61.0 60.0 
70.0 59.0 63.0 65.0 
60.0 60.0 60.0 59.0 
60.0 59.0 61.0 61.0 
61.0 60.0 60.0 60.0 
71.0 60.0 64.0 68.0 
60.0 59.0 59.0 59.0 
61.0 59.0 60.0 61.0 
61.0 60.0 61.0 60.0 
73.0 60.0 63.0 68.0 
59.0 59.0 60.0 59.0 
58.0 60.0 60.0 61.0 
60.0 60.0 61.0 60.0 
72.0 59.0 64.0 67.0 
60.0 59.0 59.0 59.0 
59.0 60.0 60.0 61.0 
61.0 60.0 60.0 61.0 
72.0 59.0 63.0 66.0 
60.0 59.0 59.0 59.0 
60.0 59.0 60.0 61.0 
61.0 60.0 61.0 60.0 
71.0 59.0 63.0 65.0 
60.0 59.0 59.0 60.0 
60.0 59.0 61.0 61.0 
61.0 60.0 60.0 61.0 
71.0 60.0 63.0 66.0 
60.0 58.0 59.0 59.0 
60.0 59.0 61.0 61.0 
60.0 60.0 61.0 61.0 
71.0 59.0 63.0 64.0 
60.0 58.0 60.0 59.0 
60.0 60.0 62.0 61.0 
61.0 60.0 59.0 60.0 
70.0 59.0 62.0 64.0 
60.0 58.0 60.0 59.0 
59.0 59.0 61.0 61.0 
61.0 60.0 60.0 61.0 
69.0 60.0 62.0 64.0 
59.0 59.0 59.0 60.0 
60.0 59.0 61.0 61.0 
61.0 60.0 61.0 61.0 
67.0 60.0 62.0 64.0 
60.0 59.0 59.0 60.0 
60.0 59.0 60.0 61.0 
61.0 60.0 60.0 61.0 
67.0 59.0 63.0 64.0 
59.0 59.0 59.0 59.0 
59.0 59.0 60.0 61.0 
61.0 60.0 61.0 60.0 
68.0 59.0 63.0 66.0 
60.0 59.0 60.0 60.0 
61.0 60.0 61.0 60.0 
61.0 60.0 60.0 60.0 
69.0 60.0 63.0 66.0 
59.0 58.0 60.0 60.0 
60.0 59.0 61.0 61.0 
61.0 61.0 60.0 61.0 
70.0 60.0 63.0 66.0 
59.0 58.0 59.0 60.0 
60.0 60.0 60.0 61.0 
61.0 60.0 60.0 60.0 
68.0 60.0 63.0 67.0 
60.0 59.0 59.0 59.0 
59.0 59.0 61.0 61.0 
61.0 60.0 60.0 61.0 
67.0 59.0 63.0 65.0 
60.0 59.0 59.0 60.0 
60.0 59.0 60.0 61.0 
61.0 59.0 60.0 60.0 
67.0 59.0 63.0 65.0 
60.0 60.0 60.0 60.0 
60.0 59.0 60.0 61.0 
61.0 60.0 61.0 61.0 
66.0 59.0 63.0 65.0 
61.0 59.0 59.0 60.0 
60.0 59.0 60.0 61.0 
60.0 60.0 60.0 60.0 
66.0 59.0 62.0 65.0 
60.0 59.0 59.0 59.0 
60.0 59.0 60.0 61.0 
61.0 60.0 59.0 61.0 
66.0 59.0 63.0 65.0 
59.0 59.0 59.0 60.0 
60.0 59.0 60.0 61.0 
61.0 59.0 60.0 60.0 
66.0 59.0 64.0 64.0 
60.0 59.0 61.0 60.0 
61.0 59.0 60.0 61.0 
61.0 60.0 60.0 59.0 
65.0 60.0 62.0 64.0 
60.0 59.0 59.0 60.0 
60.0 59.0 60.0 61.0 
61.0 60.0 61.0 61.0 
67.0 59.0 62.0 64.0 
60.0 59.0 59.0 60.0 
60.0 59.0 60.0 61.0 
61.0 60.0 60.0 61.0 
68.0 59.0 63.0 64.0 
60.0 59.0 60.0 60.0 
59.0 59.0 60.0 61.0 
61.0 60.0 61.0 60.0 
68.0 60.0 62.0 65.0 
59.0 59.0 60.0 60.0 
61.0 59.0 61.0 62.0 
61.0 60.0 60.0 60.0 
68.0 60.0 63.0 65.0 
60.0 59.0 60.0 59.0 
60.0 60.0 61.0 61.0 
61.0 60.0 60.0 61.0 
68.0 60.0 63.0 65.0 
59.0 58.0 59.0 59.0 
60.0 59.0 61.0 61.0 
61.0 60.0 60.0 61.0 
68.0 59.0 63.0 64.0 
60.0 59.0 59.0 60.0 
59.0 60.0 62.0 61.0 
61.0 60.0 60.0 61.0 
68.0 59.0 62.0 64.0 
60.0 59.0 60.0 60.0 
60.0 60.0 60.0 61.0 
61.0 60.0 60.0 60.0 
69.0 60.0 62.0 64.0 
59.0 59.0 60.0 59.0 
60.0 61.0 61.0 62.0 
61.0 61.0 61.0 61.0 
68.0 60.0 63.0 65.0 
59.0 59.0 59.0 59.0 
59.0 59.0 61.0 61.0 
61.0 60.0 61.0 60.0 
68.0 60.0 62.0 64.0 
60.0 59.0 59.0 60.0 
60.0 59.0 61.0 61.0 
61.0 60.0 60.0 61.0 
68.0 60.0 62.0 64.0 
60.0 59.0 59.0 60.0 
60.0 59.0 60.0 61.0 
61.0 60.0 61.0 60.0 
69.0 60.0 62.0 64.0 
60.0 58.0 59.0 61.0 
60.0 59.0 60.0 61.0 
61.0 60.0 61.0 59.0 
68.0 60.0 62.0 64.0 
59.0 59.0 60.0 60.0 
59.0 59.0 61.0 61.0 
59.0 60.0 61.0 60.0 
69.0 58.0 62.0 64.0 
60.0 59.0 58.0 60.0 
60.0 59.0 61.0 61.0 
61.0 60.0 61.0 60.0 
68.0 60.0 62.0 64.0 
60.0 59.0 60.0 59.0 
60.0 59.0 61.0 61.0 
62.0 60.0 61.0 60.0 
69.0 60.0 63.0 65.0 
60.0 59.0 60.0 60.0 
59.0 60.0 61.0 62.0 
60.0 60.0 61.0 61.0 
69.0 59.0 63.0 64.0 
60.0 59.0 60.0 60.0 
60.0 59.0 61.0 61.0 
62.0 60.0 60.0 60.0 
65.0 60.0 62.0 62.0 
60.0 59.0 59.0 60.0 
60.0 59.0 61.0 61.0 
61.0 60.0 62.0 60.0 
65.0 60.0 63.0 64.0 
60.0 59.0 60.0 59.0 
60.0 60.0 60.0 61.0 
61.0 60.0 60.0 60.0 
65.0 59.0 63.0 64.0 
60.0 59.0 59.0 59.0 
59.0 59.0 60.0 61.0 
61.0 60.0 60.0 60.0 
65.0 59.0 63.0 64.0 
59.0 59.0 59.0 60.0 
60.0 59.0 60.0 60.0 
60.0 60.0 60.0 60.0 
64.0 60.0 62.0 64.0 
59.0 59.0 59.0 60.0 
60.0 59.0 60.0 60.0 
61.0 60.0 61.0 60.0 
63.0 60.0 62.0 64.0 
60.0 58.0 60.0 60.0 
60.0 59.0 60.0 60.0 
61.0 60.0 61.0 61.0 
64.0 60.0 62.0 64.0 
60.0 59.0 59.0 60.0 
60.0 60.0 61.0 60.0 
61.0 60.0 61.0 60.0 
65.0 60.0 62.0 64.0 
60.0 59.0 60.0 60.0 
60.0 59.0 60.0 61.0 
61.0 60.0 61.0 60.0 
64.0 60.0 63.0 64.0 
60.0 59.0 60.0 60.0 
60.0 59.0 59.0 61.0 
61.0 60.0 60.0 60.0 
66.0 59.0 63.0 64.0 
59.0 58.0 59.0 60.0 
60.0 59.0 60.0 60.0 
60.0 60.0 60.0 61.0 
65.0 59.0 62.0 64.0 
60.0 59.0 59.0 60.0 
60.0 59.0 60.0 61.0 
62.0 60.0 60.0 60.0 
64.0 59.0 63.0 64.0 
60.0 59.0 59.0 60.0 
60.0 59.0 60.0 61.0 
61.0 59.0 60.0 60.0 
65.0 59.0 64.0 65.0 
60.0 59.0 59.0 60.0 
59.0 59.0 60.0 61.0 
61.0 61.0 60.0 60.0 
65.0 59.0 63.0 65.0 
60.0 59.0 59.0 60.0 
60.0 59.0 60.0 60.0 
61.0 60.0 60.0 61.0 
64.0 60.0 63.0 65.0 
60.0 59.0 59.0 59.0 
60.0 60.0 60.0 61.0 
60.0 60.0 60.0 61.0 
65.0 60.0 63.0 65.0 
60.0 58.0 59.0 60.0 
60.0 59.0 60.0 61.0 
61.0 60.0 61.0 60.0 
65.0 60.0 63.0 64.0 
60.0 59.0 59.0 59.0 
61.0 59.0 60.0 60.0 
61.0 60.0 61.0 60.0 
66.0 59.0 63.0 65.0 
59.0 58.0 59.0 59.0 
60.0 58.0 60.0 60.0 
61.0 60.0 60.0 60.0 
67.0 59.0 63.0 65.0 
60.0 59.0 59.0 61.0 
61.0 59.0 59.0 61.0 
61.0 60.0 60.0 60.0 
67.0 60.0 63.0 66.0 
60.0 59.0 59.0 59.0 
60.0 59.0 59.0 61.0 
61.0 60.0 61.0 61.0 
68.0 59.0 63.0 65.0 
60.0 59.0 59.0 60.0 
60.0 60.0 60.0 61.0 
61.0 60.0 60.0 60.0 
67.0 59.0 63.0 65.0 
60.0 59.0 60.0 59.0 
60.0 59.0 60.0 61.0 
61.0 59.0 60.0 60.0 
67.0 59.0 63.0 65.0 
60.0 59.0 59.0 59.0 
60.0 59.0 60.0 61.0 
61.0 60.0 60.0 60.0 
66.0 60.0 63.0 66.0 
61.0 59.0 60.0 59.0 
60.0 59.0 59.0 61.0 
61.0 60.0 61.0 61.0 
66.0 60.0 63.0 65.0 
60.0 59.0 59.0 60.0 
60.0 59.0 59.0 61.0 
61.0 60.0 60.0 61.0 
68.0 60.0 62.0 65.0 
59.0 59.0 60.0 59.0 
60.0 59.0 61.0 60.0 
61.0 60.0 60.0 61.0 
67.0 59.0 63.0 65.0 
60.0 59.0 60.0 59.0 
61.0 59.0 60.0 60.0 
62.0 60.0 61.0 60.0 
67.0 60.0 63.0 65.0 
60.0 59.0 59.0 60.0 
60.0 60.0 60.0 60.0 
60.0 60.0 61.0 60.0 
67.0 59.0 63.0 65.0 
59.0 59.0 60.0 60.0 
60.0 60.0 60.0 60.0 
62.0 60.0 60.0 61.0 
66.0 60.0 63.0 65.0 
59.0 58.0 59.0 59.0 
60.0 59.0 60.0 61.0 
61.0 60.0 60.0 60.0 
68.0 60.0 63.0 65.0 
60.0 59.0 60.0 60.0 
60.0 60.0 60.0 61.0 
61.0 60.0 61.0 60.0 
68.0 60.0 63.0 64.0 
61.0 58.0 59.0 59.0 
61.0 59.0 61.0 60.0 
61.0 60.0 60.0 61.0 
67.0 60.0 62.0 64.0 
60.0 59.0 60.0 59.0 
59.0 59.0 60.0 60.0 
60.0 59.0 61.0 61.0 
68.0 59.0 63.0 64.0 
60.0 59.0 60.0 60.0 
60.0 59.0 60.0 61.0 
61.0 60.0 60.0 61.0 
67.0 60.0 63.0 65.0 
59.0 59.0 59.0 60.0 
60.0 58.0 60.0 61.0 
61.0 60.0 61.0 61.0 
66.0 60.0 63.0 64.0 
60.0 59.0 60.0 60.0 
61.0 58.0 60.0 61.0 
61.0 60.0 60.0 61.0 
66.0 59.0 63.0 64.0 
61.0 60.0 59.0 60.0 
60.0 60.0 59.0 61.0 
60.0 60.0 60.0 60.0 
66.0 60.0 62.0 64.0 
60.0 59.0 59.0 60.0 
61.0 59.0 60.0 61.0 
61.0 59.0 60.0 60.0 
66.0 60.0 63.0 64.0 
60.0 59.0 60.0 60.0 
60.0 60.0 61.0 61.0 
61.0 59.0 61.0 60.0 
67.0 60.0 63.0 64.0 
60.0 59.0 59.0 59.0 
60.0 59.0 60.0 61.0 
61.0 60.0 61.0 60.0 
66.0 60.0 63.0 65.0 
60.0 59.0 60.0 60.0 
61.0 59.0 61.0 61.0 
61.0 60.0 61.0 61.0 
66.0 60.0 62.0 64.0 
60.0 59.0 59.0 60.0 
60.0 59.0 60.0 61.0 
61.0 60.0 61.0 61.0 
66.0 60.0 62.0 64.0 
59.0 59.0 60.0 59.0 
60.0 59.0 60.0 61.0 
61.0 61.0 60.0 61.0 
66.0 59.0 62.0 64.0 
60.0 59.0 59.0 60.0 
60.0 59.0 60.0 60.0 
61.0 60.0 60.0 60.0 
67.0 59.0 62.0 64.0 
60.0 59.0 59.0 60.0 
60.0 60.0 60.0 61.0 
61.0 60.0 60.0 61.0 
67.0 60.0 62.0 64.0 
60.0 59.0 59.0 60.0 
61.0 59.0 60.0 61.0 
61.0 60.0 60.0 61.0 
67.0 60.0 63.0 65.0 
60.0 59.0 59.0 60.0 
60.0 60.0 60.0 61.0 
61.0 60.0 60.0 60.0 
67.0 59.0 62.0 65.0 
60.0 59.0 59.0 60.0 
60.0 59.0 60.0 61.0 
61.0 60.0 60.0 60.0 
66.0 59.0 64.0 65.0 
59.0 59.0 59.0 60.0 
61.0 59.0 60.0 61.0 
61.0 60.0 60.0 60.0 
67.0 59.0 63.0 65.0 
60.0 59.0 59.0 60.0 
60.0 59.0 60.0 61.0 
62.0 60.0 60.0 61.0 
66.0 59.0 63.0 66.0 
60.0 59.0 59.0 59.0 
61.0 59.0 60.0 61.0 
61.0 60.0 60.0 60.0 
66.0 59.0 64.0 65.0 
59.0 59.0 59.0 60.0 
60.0 59.0 60.0 61.0 
61.0 60.0 60.0 60.0 
67.0 60.0 63.0 66.0 
59.0 59.0 59.0 60.0 
59.0 60.0 60.0 63.0 
61.0 60.0 61.0 60.0 
67.0 59.0 62.0 65.0 
59.0 59.0 59.0 59.0 
60.0 59.0 60.0 60.0 
61.0 60.0 60.0 61.0 
67.0 60.0 62.0 65.0 
60.0 58.0 60.0 59.0 
60.0 60.0 61.0 61.0 
60.0 60.0 60.0 61.0 
66.0 60.0 62.0 64.0 
60.0 59.0 59.0 59.0 
60.0 59.0 60.0 60.0 
61.0 60.0 60.0 61.0 
66.0 60.0 62.0 65.0 
60.0 59.0 60.0 60.0 
60.0 59.0 60.0 61.0 
61.0 61.0 60.0 61.0 
66.0 59.0 63.0 65.0 
59.0 58.0 59.0 60.0 
59.0 59.0 60.0 61.0 
62.0 60.0 61.0 60.0 
65.0 60.0 63.0 64.0 
59.0 59.0 59.0 60.0 
60.0 59.0 60.0 61.0 
60.0 60.0 61.0 60.0 
65.0 60.0 62.0 63.0 
60.0 59.0 60.0 59.0 
61.0 59.0 60.0 61.0 
61.0 60.0 61.0 61.0 
66.0 59.0 63.0 64.0 
60.0 59.0 59.0 59.0 
60.0 59.0 60.0 61.0 
62.0 60.0 61.0 60.0 
66.0 60.0 62.0 64.0 
60.0 59.0 60.0 59.0 
60.0 59.0 60.0 61.0 
60.0 60.0 61.0 61.0 
67.0 59.0 63.0 64.0 
60.0 59.0 59.0 60.0 
60.0 60.0 61.0 61.0 
61.0 60.0 60.0 60.0 
67.0 60.0 63.0 64.0 
60.0 59.0 59.0 60.0 
60.0 59.0 60.0 61.0 
60.0 61.0 60.0 61.0 
67.0 59.0 62.0 64.0 
60.0 59.0 60.0 60.0 
60.0 59.0 60.0 61.0 
62.0 60.0 60.0 61.0 
68.0 60.0 62.0 64.0 
60.0 59.0 59.0 60.0 
59.0 59.0 61.0 61.0 
60.0 60.0 60.0 61.0 
68.0 60.0 62.0 64.0 
60.0 58.0 60.0 60.0 
61.0 59.0 60.0 61.0 
61.0 60.0 61.0 60.0 
68.0 59.0 63.0 65.0 
60.0 59.0 60.0 59.0 
60.0 59.0 61.0 61.0 
62.0 60.0 61.0 60.0 
68.0 60.0 62.0 64.0 
60.0 58.0 59.0 60.0 
60.0 59.0 61.0 61.0 
60.0 61.0 60.0 60.0 
68.0 59.0 62.0 65.0 
60.0 59.0 59.0 59.0 
60.0 59.0 61.0 61.0 
62.0 60.0 60.0 61.0 
68.0 60.0 63.0 64.0 
59.0 59.0 59.0 59.0 
60.0 60.0 60.0 61.0 
61.0 60.0 60.0 61.0 
68.0 59.0 62.0 64.0 
60.0 59.0 59.0 59.0 
59.0 59.0 61.0 61.0 
61.0 60.0 60.0 61.0 
65.0 60.0 62.0 64.0 
60.0 59.0 59.0 60.0 
60.0 59.0 61.0 62.0 
62.0 60.0 60.0 60.0 
67.0 60.0 62.0 64.0 
59.0 58.0 59.0 60.0 
61.0 59.0 60.0 60.0 
61.0 60.0 61.0 60.0 
66.0 60.0 62.0 64.0 
59.0 59.0 59.0 60.0 
59.0 59.0 60.0 62.0 
62.0 60.0 61.0 61.0 
64.0 60.0 62.0 64.0 
60.0 59.0 59.0 60.0 
60.0 58.0 60.0 61.0 
60.0 60.0 60.0 61.0 
64.0 59.0 62.0 64.0 
60.0 59.0 60.0 60.0 
60.0 59.0 60.0 61.0 
61.0 60.0 60.0 61.0 
64.0 59.0 63.0 62.0 
60.0 59.0 59.0 59.0 
60.0 60.0 61.0 61.0 
61.0 60.0 60.0 61.0 
64.0 60.0 62.0 63.0 
60.0 59.0 59.0 59.0 
60.0 60.0 60.0 61.0 
61.0 60.0 61.0 60.0 
64.0 60.0 62.0 65.0 
60.0 60.0 59.0 60.0 
60.0 59.0 60.0 61.0 
61.0 60.0 60.0 61.0 
65.0 60.0 63.0 64.0 
59.0 59.0 60.0 60.0 
60.0 60.0 60.0 61.0 
61.0 60.0 61.0 61.0 
64.0 59.0 63.0 65.0 
59.0 59.0 60.0 59.0 
60.0 59.0 60.0 61.0 
61.0 60.0 60.0 61.0 
65.0 59.0 64.0 65.0 
60.0 58.0 59.0 60.0 
61.0 59.0 60.0 61.0 
61.0 60.0 61.0 60.0 
64.0 59.0 63.0 64.0 
60.0 59.0 59.0 60.0 
60.0 59.0 60.0 61.0 
61.0 61.0 60.0 60.0 
63.0 60.0 63.0 64.0 
60.0 58.0 59.0 59.0 
60.0 59.0 61.0 60.0 
61.0 60.0 60.0 61.0 
64.0 60.0 63.0 65.0 
60.0 59.0 59.0 60.0 
60.0 59.0 59.0 62.0 
61.0 60.0 60.0 61.0 
64.0 59.0 63.0 65.0 
60.0 58.0 59.0 60.0 
60.0 59.0 60.0 61.0 
61.0 60.0 60.0 60.0 
65.0 60.0 63.0 65.0 
60.0 59.0 58.0 59.0 
60.0 59.0 60.0 60.0 
61.0 60.0 60.0 60.0 
64.0 59.0 63.0 65.0 
60.0 58.0 59.0 60.0 
61.0 58.0 61.0 61.0 
61.0 60.0 60.0 60.0 
64.0 59.0 63.0 64.0 
59.0 59.0 59.0 60.0 
60.0 59.0 60.0 61.0 
61.0 60.0 60.0 60.0 
64.0 60.0 63.0 64.0 
60.0 58.0 60.0 59.0 
60.0 58.0 60.0 62.0 
61.0 60.0 61.0 60.0 
64.0 59.0 62.0 64.0 
60.0 58.0 60.0 60.0 
60.0 59.0 60.0 61.0 
61.0 60.0 60.0 60.0 
65.0 60.0 63.0 64.0 
60.0 59.0 58.0 60.0 
60.0 59.0 60.0 60.0 
60.0 60.0 60.0 61.0 
65.0 60.0 63.0 64.0 
60.0 58.0 59.0 60.0 
60.0 59.0 60.0 61.0 
61.0 60.0 60.0 61.0 
65.0 60.0 62.0 64.0 
60.0 59.0 60.0 60.0 
60.0 60.0 60.0 62.0 
61.0 60.0 61.0 60.0 
66.0 60.0 62.0 63.0 
59.0 59.0 59.0 59.0 
59.0 60.0 60.0 61.0 
61.0 60.0 61.0 61.0 
65.0 60.0 61.0 63.0 
59.0 59.0 59.0 59.0 
61.0 60.0 60.0 61.0 
61.0 60.0 61.0 60.0 
65.0 59.0 62.0 63.0 
60.0 59.0 59.0 59.0 
59.0 59.0 60.0 61.0 
60.0 60.0 61.0 61.0 
64.0 60.0 62.0 63.0 
60.0 59.0 59.0 59.0 
60.0 59.0 60.0 61.0 
61.0 60.0 61.0 60.0 
64.0 59.0 61.0 63.0 
60.0 59.0 60.0 60.0 
60.0 59.0 60.0 61.0 
61.0 60.0 60.0 60.0 
64.0 60.0 61.0 63.0 
60.0 59.0 60.0 60.0 
60.0 59.0 60.0 61.0 
61.0 60.0 61.0 60.0 
62.0 60.0 62.0 64.0 
60.0 59.0 59.0 59.0 
60.0 59.0 62.0 60.0 
62.0 60.0 59.0 61.0 
64.0 60.0 63.0 63.0 
59.0 59.0 59.0 59.0 
60.0 60.0 60.0 61.0 
61.0 60.0 61.0 60.0 
66.0 60.0 62.0 63.0 
60.0 59.0 60.0 59.0 
60.0 60.0 60.0 61.0 
61.0 60.0 61.0 61.0 
65.0 59.0 62.0 63.0 
60.0 59.0 59.0 60.0 
60.0 59.0 60.0 61.0 
61.0 60.0 60.0 60.0 
65.0 59.0 62.0 63.0 
61.0 59.0 59.0 60.0 
59.0 60.0 60.0 61.0 
61.0 60.0 60.0 61.0 
65.0 59.0 62.0 63.0 
59.0 59.0 59.0 60.0 
61.0 59.0 60.0 61.0 
61.0 60.0 60.0 61.0 
64.0 60.0 62.0 63.0 
60.0 59.0 59.0 60.0 
60.0 59.0 60.0 61.0 
61.0 59.0 61.0 60.0 
64.0 60.0 62.0 64.0 
60.0 59.0 60.0 60.0 
60.0 59.0 60.0 61.0 
61.0 61.0 61.0 61.0 
64.0 61.0 62.0 63.0 
60.0 59.0 59.0 59.0 
60.0 59.0 60.0 61.0 
61.0 60.0 60.0 61.0 
65.0 60.0 62.0 64.0 
59.0 59.0 59.0 60.0 
60.0 60.0 61.0 61.0 
61.0 60.0 60.0 60.0 
66.0 59.0 63.0 64.0 
59.0 59.0 60.0 60.0 
60.0 59.0 60.0 61.0 
61.0 60.0 60.0 61.0 
65.0 60.0 61.0 63.0 
59.0 58.0 59.0 60.0 
60.0 59.0 60.0 61.0 
61.0 60.0 61.0 60.0 
65.0 60.0 62.0 63.0 
60.0 59.0 60.0 60.0 
60.0 59.0 60.0 61.0 
61.0 60.0 60.0 60.0 
64.0 60.0 61.0 64.0 
59.0 59.0 59.0 59.0 
60.0 60.0 60.0 61.0 
61.0 60.0 61.0 61.0 
65.0 60.0 62.0 63.0 
59.0 59.0 59.0 61.0 
60.0 59.0 60.0 61.0 
61.0 61.0 60.0 60.0 
65.0 59.0 62.0 63.0 
60.0 59.0 59.0 60.0 
60.0 59.0 60.0 62.0 
61.0 60.0 60.0 61.0 
65.0 60.0 62.0 63.0 
60.0 58.0 60.0 60.0 
60.0 59.0 60.0 61.0 
61.0 60.0 61.0 61.0 
65.0 60.0 63.0 64.0 
60.0 59.0 60.0 59.0 
60.0 61.0 60.0 61.0 
61.0 60.0 61.0 60.0 
66.0 60.0 63.0 63.0 
60.0 59.0 59.0 60.0 
59.0 59.0 60.0 61.0 
61.0 60.0 61.0 61.0 
65.0 59.0 62.0 62.0 
60.0 59.0 60.0 59.0 
60.0 59.0 60.0 60.0 
61.0 60.0 60.0 60.0 
66.0 59.0 62.0 63.0 
60.0 59.0 59.0 60.0 
60.0 59.0 60.0 61.0 
62.0 60.0 60.0 60.0 
66.0 60.0 62.0 64.0 
60.0 58.0 60.0 59.0 
60.0 60.0 60.0 62.0 
61.0 60.0 61.0 61.0 
66.0 60.0 62.0 64.0 
60.0 59.0 59.0 60.0 
60.0 59.0 60.0 61.0 
61.0 60.0 61.0 60.0 
65.0 60.0 62.0 63.0 
60.0 59.0 59.0 60.0 
60.0 59.0 60.0 61.0 
61.0 59.0 61.0 61.0 
65.0 59.0 62.0 64.0 
60.0 59.0 59.0 59.0 
60.0 59.0 60.0 60.0 
61.0 60.0 60.0 61.0 
65.0 60.0 62.0 63.0 
60.0 59.0 59.0 59.0 
61.0 59.0 60.0 61.0 
61.0 60.0 61.0 61.0 
66.0 59.0 62.0 64.0 
60.0 59.0 59.0 60.0 
60.0 59.0 60.0 61.0 
62.0 60.0 60.0 61.0 
65.0 61.0 62.0 64.0 
60.0 59.0 59.0 59.0 
60.0 59.0 59.0 61.0 
61.0 60.0 61.0 60.0 
65.0 60.0 62.0 63.0 
60.0 58.0 60.0 60.0 
60.0 59.0 60.0 61.0 
61.0 60.0 61.0 60.0 
65.0 59.0 62.0 63.0 
60.0 59.0 60.0 60.0 
60.0 59.0 61.0 61.0 
61.0 60.0 60.0 60.0 
65.0 59.0 62.0 64.0 
60.0 58.0 59.0 60.0 
60.0 59.0 60.0 61.0 
61.0 59.0 60.0 61.0 
65.0 59.0 62.0 63.0 
60.0 59.0 59.0 59.0 
60.0 59.0 61.0 61.0 
61.0 60.0 60.0 61.0 
65.0 59.0 62.0 64.0 
60.0 59.0 59.0 60.0 
61.0 59.0 60.0 60.0 
61.0 59.0 61.0 61.0 
65.0 60.0 62.0 63.0 
59.0 59.0 60.0 60.0 
60.0 60.0 60.0 61.0 
62.0 60.0 60.0 60.0 
66.0 59.0 63.0 64.0 
60.0 58.0 60.0 60.0 
60.0 59.0 60.0 61.0 
60.0 60.0 60.0 61.0 
65.0 60.0 62.0 63.0 
60.0 58.0 60.0 59.0 
60.0 59.0 60.0 61.0 
62.0 60.0 60.0 60.0 
66.0 59.0 62.0 64.0 
60.0 58.0 59.0 59.0 
60.0 59.0 61.0 61.0 
61.0 60.0 60.0 60.0 
65.0 60.0 63.0 62.0 
60.0 59.0 60.0 60.0 
61.0 60.0 61.0 61.0 
61.0 60.0 60.0 60.0 
65.0 60.0 62.0 63.0 
59.0 59.0 60.0 59.0 
61.0 59.0 60.0 61.0 
61.0 60.0 61.0 60.0 
65.0 60.0 62.0 63.0 
60.0 59.0 60.0 59.0 
61.0 59.0 60.0 60.0 
61.0 61.0 60.0 60.0 
65.0 61.0 62.0 64.0 
60.0 59.0 59.0 60.0 
60.0 59.0 60.0 61.0 
61.0 60.0 61.0 60.0 
65.0 59.0 62.0 63.0 
60.0 59.0 59.0 59.0 
60.0 59.0 60.0 61.0 
61.0 60.0 60.0 60.0 
65.0 60.0 62.0 63.0 
60.0 59.0 59.0 60.0 
60.0 59.0 60.0 61.0 
61.0 61.0 60.0 61.0 
65.0 59.0 62.0 63.0 
60.0 59.0 59.0 60.0 
60.0 59.0 61.0 61.0 
61.0 60.0 60.0 60.0 
64.0 60.0 61.0 63.0 
60.0 59.0 60.0 60.0 
60.0 59.0 60.0 61.0 
62.0 60.0 60.0 61.0 
65.0 60.0 62.0 63.0 
59.0 59.0 60.0 59.0 
60.0 59.0 60.0 61.0 
61.0 60.0 61.0 60.0 
65.0 59.0 63.0 63.0 
59.0 59.0 59.0 60.0 
60.0 59.0 60.0 60.0 
60.0 60.0 60.0 60.0 
65.0 60.0 62.0 64.0 
60.0 59.0 59.0 60.0 
60.0 59.0 60.0 61.0 
61.0 60.0 61.0 61.0 
65.0 60.0 63.0 64.0 
60.0 59.0 60.0 60.0 
61.0 59.0 60.0 61.0 
61.0 60.0 61.0 61.0 
65.0 60.0 62.0 64.0 
60.0 59.0 60.0 59.0 
61.0 60.0 60.0 61.0 
61.0 60.0 61.0 61.0 
66.0 59.0 62.0 64.0 
60.0 59.0 59.0 60.0 
60.0 59.0 60.0 62.0 
61.0 60.0 60.0 60.0 
65.0 60.0 62.0 63.0 
59.0 59.0 59.0 60.0 
60.0 60.0 60.0 61.0 
61.0 60.0 61.0 61.0 
67.0 59.0 62.0 64.0 
60.0 58.0 60.0 60.0 
60.0 59.0 60.0 61.0 
61.0 60.0 60.0 61.0 
66.0 60.0 62.0 64.0 
60.0 59.0 60.0 59.0 
60.0 59.0 60.0 61.0 
61.0 60.0 60.0 61.0 
65.0 59.0 63.0 64.0 
60.0 59.0 60.0 60.0 
60.0 59.0 60.0 61.0 
61.0 59.0 60.0 61.0 
66.0 59.0 62.0 64.0 
60.0 58.0 59.0 60.0 
60.0 59.0 60.0 61.0 
61.0 60.0 60.0 60.0 
66.0 61.0 62.0 63.0 
59.0 59.0 59.0 60.0 
60.0 59.0 60.0 61.0 
60.0 60.0 61.0 61.0 
66.0 60.0 62.0 63.0 
60.0 59.0 59.0 60.0 
60.0 60.0 60.0 61.0 
61.0 60.0 61.0 60.0 
67.0 60.0 63.0 64.0 
60.0 58.0 59.0 59.0 
60.0 59.0 60.0 61.0 
61.0 60.0 61.0 60.0 
65.0 60.0 62.0 64.0 
60.0 59.0 60.0 60.0 
60.0 60.0 60.0 61.0 
61.0 59.0 60.0 60.0 
66.0 60.0 62.0 64.0 
60.0 59.0 59.0 60.0 
61.0 59.0 60.0 61.0 
61.0 60.0 61.0 60.0 
66.0 59.0 62.0 64.0 
59.0 60.0 60.0 59.0 
60.0 60.0 60.0 61.0 
61.0 60.0 60.0 60.0 
66.0 59.0 63.0 64.0 
60.0 58.0 59.0 60.0 
60.0 59.0 60.0 61.0 
61.0 60.0 60.0 60.0 
66.0 59.0 63.0 64.0 
60.0 59.0 60.0 59.0 
60.0 60.0 60.0 61.0 
61.0 60.0 60.0 61.0 
66.0 60.0 62.0 63.0 
59.0 58.0 60.0 59.0 
61.0 60.0 60.0 61.0 
61.0 60.0 60.0 61.0 
66.0 59.0 63.0 64.0 
60.0 59.0 59.0 59.0 
60.0 61.0 60.0 61.0 
60.0 60.0 60.0 60.0 
67.0 60.0 62.0 64.0 
60.0 58.0 60.0 60.0 
60.0 59.0 60.0 61.0 
61.0 60.0 61.0 60.0 
65.0 59.0 63.0 64.0 
60.0 58.0 60.0 59.0 
60.0 59.0 60.0 61.0 
61.0 60.0 61.0 60.0 
65.0 59.0 62.0 64.0 
60.0 58.0 59.0 60.0 
61.0 59.0 60.0 61.0 
61.0 60.0 60.0 61.0 
65.0 60.0 62.0 64.0 
60.0 59.0 59.0 60.0 
60.0 59.0 60.0 61.0 
61.0 60.0 61.0 60.0 
65.0 60.0 62.0 64.0 
60.0 58.0 59.0 60.0 
60.0 59.0 60.0 61.0 
61.0 60.0 60.0 60.0 
65.0 60.0 62.0 64.0 
60.0 59.0 59.0 60.0 
60.0 59.0 60.0 61.0 
60.0 60.0 61.0 60.0 
65.0 60.0 62.0 64.0 
60.0 58.0 59.0 60.0 
60.0 59.0 60.0 61.0 
60.0 60.0 60.0 60.0 
66.0 59.0 63.0 64.0 
60.0 59.0 59.0 60.0 
60.0 60.0 60.0 61.0 
61.0 60.0 60.0 61.0 
67.0 59.0 63.0 64.0 
60.0 59.0 59.0 60.0 
60.0 59.0 60.0 61.0 
61.0 60.0 60.0 61.0 
66.0 60.0 63.0 64.0 
59.0 59.0 58.0 59.0 
60.0 59.0 60.0 61.0 
60.0 59.0 60.0 61.0 
65.0 59.0 62.0 63.0 
60.0 58.0 60.0 60.0 
60.0 59.0 60.0 61.0 
61.0 60.0 60.0 61.0 
66.0 59.0 62.0 64.0 
59.0 59.0 60.0 59.0 
60.0 60.0 60.0 61.0 
60.0 60.0 60.0 60.0 
66.0 60.0 63.0 64.0 
60.0 59.0 59.0 60.0 
60.0 59.0 60.0 61.0 
61.0 60.0 61.0 60.0 
67.0 60.0 63.0 63.0 
60.0 59.0 59.0 60.0 
60.0 59.0 60.0 61.0 
61.0 60.0 61.0 61.0 
66.0 59.0 62.0 64.0 
59.0 59.0 59.0 59.0 
60.0 59.0 60.0 62.0 
61.0 60.0 60.0 60.0 
67.0 60.0 63.0 63.0 
60.0 58.0 59.0 60.0 
60.0 60.0 60.0 61.0 
61.0 60.0 61.0 60.0 
67.0 59.0 62.0 64.0 
60.0 58.0 59.0 60.0 
60.0 59.0 60.0 61.0 
61.0 60.0 60.0 61.0 
67.0 59.0 63.0 63.0 
61.0 59.0 59.0 60.0 
60.0 58.0 60.0 61.0 
61.0 60.0 60.0 61.0 
66.0 59.0 63.0 64.0 
60.0 59.0 59.0 60.0 
60.0 59.0 59.0 61.0 
61.0 60.0 60.0 61.0 
66.0 59.0 62.0 64.0 
60.0 59.0 59.0 60.0 
60.0 60.0 60.0 60.0 
61.0 60.0 60.0 60.0 
65.0 60.0 62.0 64.0 
60.0 59.0 59.0 59.0 
60.0 59.0 60.0 61.0 
61.0 60.0 60.0 61.0 
67.0 59.0 63.0 64.0 
60.0 58.0 60.0 60.0 
60.0 59.0 60.0 61.0 
60.0 60.0 60.0 61.0 
66.0 60.0 62.0 64.0 
60.0 58.0 60.0 60.0 
61.0 60.0 60.0 61.0 
61.0 60.0 60.0 60.0 
66.0 59.0 63.0 63.0 
60.0 58.0 59.0 59.0 
60.0 59.0 60.0 61.0 
61.0 60.0 61.0 61.0 
66.0 60.0 63.0 64.0 
60.0 59.0 59.0 60.0 
60.0 59.0 60.0 61.0 
61.0 58.0 61.0 60.0 
66.0 59.0 63.0 64.0 
60.0 58.0 59.0 60.0 
60.0 59.0 60.0 61.0 
61.0 60.0 60.0 60.0 
66.0 59.0 62.0 64.0 
60.0 59.0 60.0 60.0 
59.0 60.0 60.0 61.0 
61.0 60.0 60.0 60.0 
67.0 59.0 62.0 64.0 
60.0 59.0 59.0 60.0 
60.0 60.0 60.0 61.0 
61.0 60.0 60.0 61.0 
67.0 59.0 63.0 64.0 
60.0 59.0 60.0 60.0 
59.0 60.0 60.0 61.0 
61.0 60.0 61.0 60.0 
66.0 59.0 63.0 64.0 
60.0 59.0 59.0 59.0 
60.0 59.0 60.0 61.0 
61.0 60.0 60.0 62.0 
67.0 59.0 62.0 64.0 
59.0 59.0 59.0 59.0 
60.0 59.0 61.0 61.0 
60.0 60.0 60.0 59.0 
67.0 59.0 62.0 65.0 
59.0 59.0 60.0 60.0 
60.0 60.0 61.0 62.0 
61.0 61.0 60.0 60.0 
67.0 59.0 63.0 64.0 
59.0 59.0 60.0 60.0 
61.0 59.0 60.0 61.0 
61.0 60.0 60.0 60.0 
67.0 59.0 63.0 64.0 
60.0 59.0 59.0 60.0 
60.0 60.0 60.0 61.0 
61.0 60.0 60.0 60.0 
66.0 59.0 62.0 64.0 
60.0 58.0 59.0 59.0 
60.0 59.0 60.0 61.0 
61.0 60.0 60.0 61.0 
67.0 59.0 63.0 63.0 
59.0 59.0 59.0 60.0 
60.0 60.0 60.0 61.0 
61.0 60.0 60.0 60.0 
66.0 60.0 62.0 64.0 
60.0 59.0 59.0 60.0 
60.0 60.0 60.0 61.0 
61.0 60.0 61.0 61.0 
66.0 60.0 62.0 64.0 
60.0 59.0 60.0 59.0 
60.0 59.0 60.0 61.0 
61.0 60.0 60.0 60.0 
66.0 60.0 62.0 64.0 
60.0 59.0 59.0 60.0 
61.0 58.0 60.0 61.0 
61.0 60.0 61.0 60.0 
66.0 60.0 62.0 64.0 
60.0 59.0 60.0 59.0 
59.0 60.0 60.0 60.0 
61.0 60.0 60.0 60.0 
68.0 59.0 62.0 63.0 
60.0 59.0 60.0 60.0 
60.0 59.0 62.0 61.0 
61.0 60.0 60.0 60.0 
66.0 60.0 62.0 64.0 
59.0 59.0 59.0 60.0 
59.0 59.0 60.0 61.0 
61.0 60.0 61.0 61.0 
66.0 60.0 62.0 64.0 
60.0 59.0 60.0 59.0 
59.0 59.0 60.0 61.0 
61.0 60.0 61.0 60.0 
66.0 59.0 62.0 64.0 
60.0 59.0 59.0 60.0 
60.0 59.0 60.0 61.0 
61.0 60.0 59.0 60.0 
67.0 59.0 63.0 64.0 
60.0 59.0 59.0 60.0 
60.0 59.0 60.0 61.0 
61.0 60.0 60.0 61.0 
67.0 60.0 62.0 64.0 
60.0 58.0 59.0 60.0 
60.0 59.0 60.0 61.0 
61.0 60.0 60.0 60.0 
67.0 60.0 63.0 64.0 
60.0 59.0 59.0 60.0 
60.0 59.0 60.0 61.0 
61.0 60.0 60.0 60.0 
69.0 59.0 62.0 64.0 
60.0 59.0 59.0 60.0 
60.0 60.0 60.0 61.0 
61.0 60.0 61.0 60.0 
68.0 59.0 62.0 64.0 
59.0 59.0 60.0 60.0 
60.0 59.0 61.0 61.0 
61.0 60.0 60.0 61.0 
69.0 59.0 62.0 64.0 
59.0 59.0 59.0 59.0 
59.0 59.0 61.0 61.0 
61.0 60.0 60.0 60.0 
68.0 59.0 62.0 64.0 
59.0 59.0 59.0 60.0 
60.0 59.0 61.0 61.0 
61.0 60.0 60.0 61.0 
69.0 60.0 63.0 64.0 
59.0 59.0 59.0 60.0 
61.0 59.0 60.0 61.0 
61.0 60.0 61.0 61.0 
68.0 59.0 63.0 64.0 
60.0 59.0 59.0 59.0 
60.0 60.0 61.0 61.0 
61.0 60.0 60.0 61.0 
69.0 59.0 62.0 64.0 
60.0 58.0 60.0 60.0 
60.0 60.0 60.0 61.0 
62.0 60.0 60.0 61.0 
69.0 60.0 63.0 65.0 
60.0 59.0 60.0 60.0 
60.0 60.0 62.0 61.0 
61.0 60.0 61.0 60.0 
68.0 59.0 62.0 64.0 
59.0 59.0 60.0 59.0 
60.0 60.0 61.0 61.0 
61.0 60.0 60.0 60.0 
69.0 59.0 63.0 65.0 
60.0 59.0 60.0 60.0 
61.0 59.0 60.0 61.0 
60.0 60.0 60.0 61.0 
68.0 59.0 63.0 64.0 
59.0 58.0 60.0 60.0 
60.0 60.0 60.0 61.0 
61.0 60.0 61.0 60.0 
67.0 60.0 62.0 64.0 
60.0 59.0 59.0 60.0 
60.0 59.0 60.0 60.0 
60.0 60.0 60.0 61.0 
68.0 60.0 62.0 64.0 
60.0 59.0 59.0 59.0 
60.0 59.0 61.0 61.0 
61.0 60.0 61.0 60.0 
68.0 59.0 62.0 64.0 
60.0 59.0 59.0 60.0 
60.0 59.0 60.0 61.0 
61.0 60.0 60.0 60.0 
67.0 58.0 62.0 64.0 
59.0 59.0 59.0 59.0 
60.0 59.0 59.0 61.0 
61.0 60.0 60.0 61.0 
66.0 60.0 62.0 64.0 
60.0 59.0 60.0 60.0 
61.0 60.0 60.0 60.0 
61.0 60.0 61.0 60.0 
67.0 60.0 62.0 64.0 
60.0 59.0 59.0 60.0 
60.0 60.0 61.0 60.0 
60.0 60.0 60.0 60.0 
68.0 60.0 62.0 64.0 
60.0 59.0 59.0 59.0 
60.0 59.0 62.0 60.0 
60.0 60.0 61.0 60.0 
67.0 59.0 62.0 64.0 
60.0 59.0 59.0 60.0 
60.0 59.0 60.0 61.0 
61.0 60.0 60.0 59.0 
67.0 59.0 62.0 64.0 
60.0 59.0 59.0 59.0 
60.0 59.0 60.0 61.0 
60.0 60.0 61.0 61.0 
66.0 60.0 62.0 64.0 
60.0 59.0 59.0 60.0 
60.0 59.0 60.0 60.0 
60.0 59.0 61.0 60.0 
67.0 59.0 63.0 64.0 
59.0 59.0 59.0 60.0 
60.0 59.0 60.0 61.0 
61.0 60.0 60.0 61.0 
66.0 59.0 62.0 64.0 
60.0 59.0 60.0 60.0 
60.0 59.0 60.0 61.0 
61.0 60.0 61.0 61.0 
66.0 59.0 62.0 63.0 
59.0 59.0 59.0 59.0 
60.0 60.0 60.0 61.0 
61.0 60.0 60.0 60.0 
66.0 60.0 62.0 64.0 
60.0 58.0 60.0 60.0 
60.0 60.0 60.0 61.0 
61.0 60.0 60.0 60.0 
68.0 60.0 62.0 64.0 
59.0 59.0 59.0 60.0 
59.0 59.0 61.0 61.0 
61.0 60.0 60.0 60.0 
67.0 59.0 62.0 64.0 
60.0 59.0 59.0 60.0 
60.0 59.0 60.0 61.0 
60.0 60.0 60.0 61.0 
67.0 60.0 62.0 64.0 
60.0 59.0 59.0 60.0 
59.0 59.0 60.0 61.0 
61.0 60.0 61.0 60.0 
67.0 60.0 63.0 64.0 
60.0 59.0 59.0 59.0 
60.0 59.0 60.0 61.0 
61.0 60.0 60.0 61.0 
68.0 60.0 62.0 64.0 
60.0 58.0 59.0 59.0 
60.0 59.0 61.0 61.0 
60.0 60.0 61.0 61.0 
67.0 59.0 62.0 64.0 
60.0 58.0 60.0 60.0 
60.0 59.0 60.0 60.0 
61.0 60.0 60.0 61.0 
67.0 60.0 62.0 64.0 
60.0 59.0 59.0 59.0 
60.0 60.0 60.0 61.0 
61.0 60.0 61.0 60.0 
67.0 60.0 62.0 64.0 
60.0 58.0 60.0 60.0 
60.0 60.0 60.0 61.0 
61.0 60.0 61.0 61.0 
69.0 59.0 63.0 64.0 
60.0 59.0 59.0 60.0 
60.0 59.0 60.0 60.0 
61.0 60.0 60.0 60.0 
66.0 59.0 63.0 64.0 
61.0 59.0 59.0 60.0 
60.0 59.0 60.0 61.0 
61.0 60.0 60.0 60.0 
67.0 59.0 62.0 64.0 
60.0 59.0 60.0 59.0 
60.0 60.0 60.0 60.0 
61.0 60.0 60.0 61.0 
67.0 60.0 62.0 64.0 
60.0 59.0 58.0 60.0 
61.0 59.0 60.0 61.0 
61.0 60.0 61.0 60.0 
67.0 60.0 62.0 64.0 
60.0 58.0 58.0 60.0 
59.0 59.0 62.0 61.0 
61.0 60.0 60.0 60.0 
67.0 60.0 62.0 64.0 
59.0 58.0 59.0 59.0 
61.0 59.0 60.0 61.0 
61.0 60.0 61.0 60.0 
68.0 59.0 63.0 64.0 
60.0 59.0 60.0 60.0 
60.0 59.0 61.0 60.0 
61.0 60.0 60.0 60.0 
68.0 60.0 62.0 65.0 
60.0 59.0 59.0 59.0 
60.0 60.0 60.0 61.0 
61.0 60.0 61.0 61.0 
68.0 59.0 62.0 64.0 
60.0 59.0 59.0 59.0 
60.0 59.0 61.0 60.0 
61.0 60.0 60.0 60.0 
67.0 59.0 62.0 64.0 
60.0 59.0 59.0 60.0 
60.0 60.0 60.0 61.0 
61.0 60.0 60.0 60.0 
68.0 60.0 62.0 65.0 
60.0 59.0 59.0 60.0 
60.0 59.0 61.0 61.0 
60.0 60.0 61.0 60.0 
69.0 59.0 62.0 64.0 
60.0 58.0 59.0 60.0 
60.0 60.0 60.0 61.0 
60.0 60.0 60.0 60.0 
68.0 60.0 62.0 65.0 
59.0 59.0 60.0 59.0 
60.0 59.0 61.0 60.0 
61.0 60.0 60.0 61.0 
69.0 60.0 62.0 64.0 
60.0 59.0 59.0 59.0 
59.0 59.0 60.0 61.0 
61.0 60.0 61.0 60.0 
68.0 60.0 62.0 64.0 
60.0 59.0 59.0 59.0 
60.0 59.0 60.0 60.0 
61.0 60.0 60.0 60.0 
68.0 60.0 62.0 64.0 
60.0 59.0 59.0 59.0 
60.0 60.0 60.0 60.0 
60.0 60.0 61.0 60.0 
69.0 59.0 62.0 64.0 
60.0 59.0 59.0 60.0 
59.0 59.0 60.0 61.0 
61.0 61.0 60.0 61.0 
69.0 59.0 62.0 64.0 
59.0 59.0 59.0 60.0 
60.0 60.0 60.0 60.0 
61.0 60.0 60.0 62.0 
68.0 59.0 62.0 65.0 
60.0 59.0 59.0 60.0 
60.0 59.0 61.0 61.0 
61.0 60.0 61.0 60.0 
68.0 59.0 62.0 64.0 
60.0 59.0 60.0 60.0 
61.0 59.0 60.0 61.0 
61.0 60.0 60.0 61.0 
68.0 59.0 63.0 64.0 
60.0 59.0 59.0 59.0 
60.0 59.0 60.0 61.0 
61.0 60.0 59.0 61.0 
68.0 60.0 62.0 64.0 
60.0 58.0 59.0 60.0 
59.0 59.0 60.0 61.0 
61.0 59.0 60.0 61.0 
69.0 60.0 62.0 64.0 
60.0 59.0 59.0 60.0 
60.0 59.0 61.0 61.0 
61.0 60.0 61.0 60.0 
68.0 60.0 62.0 64.0 
59.0 59.0 60.0 59.0 
59.0 60.0 61.0 61.0 
61.0 60.0 61.0 61.0 
69.0 60.0 62.0 65.0 
60.0 58.0 60.0 59.0 
60.0 59.0 60.0 61.0 
61.0 60.0 60.0 60.0 
69.0 60.0 62.0 64.0 
60.0 59.0 60.0 60.0 
60.0 59.0 60.0 60.0 
61.0 60.0 61.0 60.0 
68.0 60.0 62.0 64.0 
60.0 58.0 59.0 60.0 
60.0 59.0 60.0 60.0 
61.0 60.0 60.0 61.0 
68.0 59.0 63.0 64.0 
60.0 58.0 60.0 60.0 
60.0 59.0 61.0 61.0 
61.0 59.0 61.0 60.0 
68.0 60.0 62.0 65.0 
59.0 59.0 60.0 59.0 
60.0 59.0 61.0 61.0 
61.0 60.0 61.0 60.0 
68.0 60.0 62.0 64.0 
60.0 58.0 59.0 60.0 
60.0 59.0 61.0 60.0 
60.0 59.0 60.0 60.0 
68.0 60.0 63.0 64.0 
60.0 59.0 59.0 59.0 
60.0 59.0 61.0 61.0 
61.0 60.0 61.0 60.0 
68.0 59.0 63.0 65.0 
60.0 58.0 60.0 60.0 
59.0 60.0 60.0 61.0 
61.0 60.0 61.0 60.0 
69.0 60.0 62.0 64.0 
60.0 59.0 59.0 60.0 
60.0 59.0 60.0 61.0 
61.0 59.0 60.0 61.0 
68.0 60.0 62.0 64.0 
60.0 59.0 59.0 60.0 
60.0 59.0 61.0 60.0 
61.0 60.0 61.0 60.0 
67.0 59.0 62.0 64.0 
59.0 59.0 59.0 60.0 
59.0 59.0 60.0 60.0 
61.0 60.0 60.0 60.0 
69.0 60.0 62.0 64.0 
60.0 58.0 60.0 60.0 
60.0 59.0 61.0 61.0 
61.0 60.0 61.0 60.0 
68.0 59.0 62.0 64.0 
60.0 59.0 60.0 60.0 
61.0 59.0 61.0 60.0 
60.0 60.0 60.0 60.0 
68.0 60.0 63.0 64.0 
59.0 59.0 59.0 59.0 
59.0 59.0 60.0 61.0 
61.0 60.0 61.0 61.0 
68.0 60.0 62.0 64.0 
59.0 59.0 60.0 60.0 
60.0 59.0 61.0 61.0 
61.0 59.0 61.0 60.0 
68.0 60.0 62.0 65.0 
60.0 58.0 59.0 60.0 
60.0 60.0 60.0 61.0 
61.0 60.0 60.0 60.0 
68.0 60.0 62.0 64.0 
60.0 59.0 60.0 59.0 
60.0 59.0 61.0 60.0 
61.0 60.0 60.0 61.0 
68.0 59.0 62.0 65.0 
60.0 58.0 59.0 60.0 
60.0 59.0 61.0 61.0 
61.0 60.0 60.0 61.0 
68.0 60.0 63.0 64.0 
59.0 58.0 59.0 60.0 
60.0 59.0 60.0 61.0 
61.0 59.0 61.0 61.0 
68.0 59.0 62.0 64.0 
59.0 59.0 59.0 60.0 
60.0 60.0 61.0 60.0 
61.0 60.0 60.0 60.0 
68.0 60.0 63.0 64.0 
59.0 58.0 60.0 59.0 
60.0 59.0 61.0 61.0 
61.0 60.0 61.0 60.0 
69.0 60.0 62.0 64.0 
60.0 59.0 59.0 60.0 
59.0 59.0 61.0 61.0 
61.0 60.0 60.0 61.0 
68.0 59.0 62.0 64.0 
59.0 59.0 59.0 59.0 
60.0 59.0 61.0 61.0 
61.0 60.0 59.0 61.0 
68.0 59.0 63.0 64.0 
60.0 59.0 59.0 59.0 
60.0 59.0 60.0 60.0 
61.0 59.0 60.0 60.0 
68.0 60.0 63.0 64.0 
59.0 59.0 59.0 60.0 
60.0 59.0 61.0 61.0 
61.0 60.0 60.0 60.0 
69.0 60.0 63.0 64.0 
59.0 59.0 59.0 59.0 
60.0 59.0 60.0 61.0 
61.0 60.0 60.0 60.0 
68.0 60.0 63.0 64.0 
60.0 59.0 59.0 59.0 
60.0 59.0 61.0 61.0 
61.0 60.0 60.0 60.0 
68.0 60.0 62.0 64.0 
60.0 59.0 59.0 59.0 
60.0 59.0 61.0 61.0 
61.0 60.0 61.0 60.0 
68.0 61.0 62.0 64.0 
60.0 59.0 59.0 59.0 
60.0 59.0 60.0 61.0 
61.0 60.0 60.0 60.0 
68.0 60.0 63.0 65.0 
60.0 59.0 60.0 60.0 
60.0 59.0 61.0 61.0 
61.0 60.0 60.0 60.0 
69.0 59.0 62.0 64.0 
60.0 58.0 59.0 60.0 
60.0 59.0 60.0 60.0 
61.0 60.0 61.0 60.0 
69.0 59.0 62.0 64.0 
59.0 59.0 59.0 60.0 
60.0 60.0 60.0 60.0 
62.0 60.0 61.0 60.0 
69.0 59.0 62.0 64.0 
60.0 59.0 60.0 60.0 
60.0 59.0 60.0 61.0 
61.0 60.0 61.0 61.0 
69.0 59.0 62.0 65.0 
60.0 59.0 60.0 61.0 
59.0 59.0 60.0 60.0 
61.0 60.0 60.0 61.0 
68.0 59.0 62.0 64.0 
60.0 59.0 60.0 59.0 
60.0 59.0 60.0 61.0 
61.0 60.0 60.0 60.0 
69.0 59.0 62.0 65.0 
60.0 59.0 60.0 60.0 
60.0 59.0 61.0 60.0 
61.0 60.0 60.0 60.0 
68.0 60.0 62.0 64.0 
60.0 59.0 59.0 60.0 
60.0 60.0 60.0 60.0 
61.0 60.0 60.0 60.0 
69.0 59.0 62.0 64.0 
60.0 59.0 59.0 60.0 
60.0 58.0 60.0 61.0 
61.0 60.0 61.0 61.0 
68.0 60.0 62.0 64.0 
60.0 59.0 59.0 59.0 
60.0 59.0 60.0 60.0 
61.0 60.0 60.0 60.0 
69.0 59.0 63.0 64.0 
60.0 59.0 59.0 60.0 
60.0 60.0 60.0 61.0 
61.0 60.0 60.0 61.0 
70.0 60.0 62.0 65.0 
60.0 58.0 59.0 60.0 
60.0 59.0 60.0 61.0 
61.0 60.0 61.0 60.0 
69.0 59.0 62.0 65.0 
60.0 58.0 59.0 59.0 
60.0 59.0 60.0 61.0 
61.0 60.0 60.0 61.0 
68.0 59.0 63.0 64.0 
60.0 58.0 60.0 59.0 
60.0 59.0 61.0 60.0 
61.0 60.0 61.0 61.0 
68.0 59.0 62.0 64.0 
60.0 58.0 60.0 60.0 
60.0 59.0 61.0 61.0 
61.0 60.0 61.0 60.0 
69.0 59.0 63.0 64.0 
59.0 59.0 59.0 59.0 
59.0 59.0 61.0 60.0 
61.0 60.0 60.0 60.0 
68.0 60.0 62.0 64.0 
60.0 59.0 59.0 59.0 
60.0 60.0 60.0 62.0 
61.0 60.0 61.0 60.0 
68.0 60.0 62.0 65.0 
59.0 59.0 59.0 59.0 
60.0 59.0 61.0 60.0 
61.0 60.0 60.0 60.0 
69.0 60.0 62.0 65.0 
60.0 59.0 60.0 60.0 
60.0 59.0 60.0 61.0 
61.0 60.0 61.0 60.0 
69.0 60.0 62.0 65.0 
60.0 58.0 59.0 59.0 
60.0 59.0 61.0 61.0 
62.0 60.0 60.0 60.0 
69.0 59.0 62.0 63.0 
59.0 59.0 59.0 59.0 
59.0 59.0 60.0 60.0 
61.0 60.0 60.0 61.0 
69.0 60.0 62.0 63.0 
59.0 59.0 59.0 59.0 
60.0 58.0 61.0 61.0 
61.0 61.0 61.0 60.0 
68.0 60.0 62.0 64.0 
59.0 58.0 60.0 59.0 
60.0 59.0 60.0 61.0 
62.0 60.0 61.0 61.0 
68.0 60.0 62.0 64.0 
59.0 59.0 59.0 60.0 
60.0 59.0 61.0 60.0 
61.0 59.0 61.0 60.0 
69.0 60.0 62.0 65.0 
60.0 58.0 59.0 60.0 
60.0 59.0 61.0 61.0 
61.0 60.0 61.0 60.0 
69.0 60.0 62.0 64.0 
59.0 59.0 59.0 60.0 
60.0 59.0 62.0 60.0 
62.0 60.0 60.0 61.0 
68.0 59.0 62.0 63.0 
60.0 58.0 59.0 60.0 
59.0 60.0 61.0 61.0 
60.0 60.0 60.0 61.0 
69.0 59.0 61.0 64.0 
59.0 59.0 59.0 59.0 
60.0 59.0 60.0 60.0 
61.0 60.0 60.0 60.0 
69.0 59.0 62.0 65.0 
60.0 59.0 59.0 59.0 
60.0 59.0 61.0 61.0 
60.0 60.0 60.0 61.0 
69.0 59.0 62.0 64.0 
59.0 59.0 59.0 60.0 
60.0 59.0 60.0 61.0 
61.0 60.0 61.0 60.0 
68.0 59.0 62.0 64.0 
59.0 59.0 60.0 60.0 
60.0 59.0 60.0 60.0 
60.0 59.0 61.0 61.0 
68.0 60.0 62.0 64.0 
60.0 59.0 60.0 60.0 
59.0 59.0 61.0 62.0 
61.0 59.0 61.0 60.0 
68.0 59.0 62.0 64.0 
60.0 59.0 59.0 60.0 
59.0 59.0 61.0 61.0 
61.0 60.0 61.0 61.0 
68.0 60.0 62.0 64.0 
59.0 59.0 59.0 59.0 
60.0 59.0 60.0 61.0 
61.0 61.0 60.0 61.0 
68.0 60.0 62.0 64.0 
60.0 58.0 59.0 59.0 
60.0 61.0 61.0 60.0 
61.0 60.0 61.0 60.0 
69.0 60.0 62.0 64.0 
60.0 59.0 60.0 60.0 
59.0 59.0 60.0 60.0 
60.0 60.0 60.0 61.0 
69.0 59.0 63.0 64.0 
60.0 59.0 59.0 60.0 
60.0 59.0 61.0 61.0 
61.0 60.0 61.0 60.0 
69.0 59.0 63.0 66.0 
60.0 59.0 59.0 59.0 
60.0 59.0 61.0 60.0 
61.0 60.0 59.0 60.0 
69.0 60.0 63.0 66.0 
59.0 59.0 59.0 60.0 
60.0 59.0 61.0 61.0 
61.0 60.0 61.0 60.0 
69.0 60.0 63.0 65.0 
60.0 59.0 59.0 60.0 
60.0 59.0 60.0 60.0 
61.0 60.0 61.0 60.0 
70.0 59.0 62.0 65.0 
60.0 59.0 60.0 59.0 
60.0 59.0 61.0 61.0 
61.0 60.0 60.0 60.0 
69.0 60.0 63.0 65.0 
60.0 59.0 59.0 59.0 
60.0 59.0 61.0 60.0 
61.0 60.0 61.0 60.0 
69.0 60.0 63.0 65.0 
60.0 59.0 59.0 59.0 
59.0 60.0 60.0 60.0 
60.0 60.0 60.0 61.0 
70.0 60.0 63.0 65.0 
60.0 58.0 60.0 59.0 
60.0 59.0 60.0 60.0 
61.0 60.0 61.0 60.0 
68.0 59.0 62.0 64.0 
59.0 59.0 59.0 60.0 
60.0 59.0 61.0 60.0 
61.0 60.0 61.0 60.0 
68.0 59.0 62.0 64.0 
60.0 58.0 60.0 60.0 
60.0 59.0 60.0 61.0 
60.0 60.0 61.0 60.0 
68.0 59.0 61.0 64.0 
60.0 59.0 59.0 60.0 
60.0 59.0 61.0 61.0 
61.0 59.0 61.0 60.0 
68.0 60.0 62.0 64.0 
60.0 59.0 59.0 59.0 
60.0 59.0 61.0 60.0 
61.0 60.0 60.0 60.0 
69.0 59.0 62.0 64.0 
60.0 58.0 59.0 60.0 
60.0 59.0 61.0 61.0 
61.0 60.0 60.0 61.0 
69.0 60.0 62.0 64.0 
60.0 59.0 61.0 60.0 
61.0 59.0 60.0 61.0 
61.0 60.0 61.0 61.0 
69.0 60.0 62.0 65.0 
60.0 59.0 59.0 59.0 
59.0 60.0 61.0 60.0 
61.0 60.0 61.0 60.0 
69.0 60.0 61.0 64.0 
59.0 59.0 59.0 59.0 
59.0 59.0 61.0 61.0 
61.0 60.0 61.0 61.0 
68.0 60.0 62.0 64.0 
60.0 58.0 59.0 59.0 
60.0 58.0 61.0 61.0 
61.0 60.0 60.0 61.0 
70.0 59.0 63.0 65.0 
60.0 59.0 59.0 59.0 
60.0 59.0 60.0 61.0 
61.0 60.0 60.0 61.0 
69.0 60.0 62.0 63.0 
60.0 59.0 60.0 59.0 
60.0 59.0 61.0 61.0 
60.0 60.0 61.0 61.0 
68.0 60.0 62.0 64.0 
59.0 59.0 60.0 60.0 
61.0 60.0 60.0 62.0 
61.0 58.0 61.0 60.0 
69.0 59.0 63.0 65.0 
59.0 58.0 59.0 60.0 
60.0 59.0 61.0 61.0 
61.0 60.0 61.0 60.0 
69.0 60.0 62.0 64.0 
59.0 59.0 58.0 59.0 
59.0 58.0 60.0 61.0 
61.0 60.0 61.0 60.0 
69.0 59.0 62.0 64.0 
59.0 58.0 60.0 60.0 
60.0 60.0 61.0 61.0 
61.0 60.0 61.0 60.0 
70.0 60.0 62.0 65.0 
60.0 59.0 60.0 59.0 
60.0 59.0 61.0 60.0 
60.0 60.0 60.0 60.0 
70.0 59.0 63.0 65.0 
59.0 59.0 60.0 59.0 
59.0 59.0 61.0 61.0 
61.0 60.0 60.0 60.0 
69.0 60.0 63.0 65.0 
59.0 58.0 59.0 60.0 
59.0 59.0 60.0 61.0 
61.0 59.0 61.0 60.0 
69.0 60.0 62.0 65.0 
60.0 59.0 59.0 60.0 
60.0 59.0 60.0 61.0 
61.0 60.0 60.0 60.0 
70.0 60.0 62.0 65.0 
59.0 59.0 59.0 60.0 
60.0 59.0 60.0 61.0 
61.0 60.0 60.0 61.0 
70.0 59.0 63.0 65.0 
60.0 58.0 59.0 60.0 
60.0 58.0 60.0 60.0 
60.0 60.0 60.0 60.0 
69.0 60.0 61.0 64.0 
60.0 59.0 59.0 60.0 
60.0 59.0 61.0 61.0 
61.0 60.0 61.0 60.0 
69.0 60.0 62.0 65.0 
60.0 59.0 59.0 60.0 
60.0 59.0 60.0 60.0 
61.0 60.0 60.0 61.0 
70.0 59.0 62.0 64.0 
60.0 59.0 60.0 59.0 
61.0 58.0 61.0 61.0 
62.0 60.0 60.0 59.0 
70.0 60.0 62.0 64.0 
60.0 59.0 60.0 59.0 
60.0 59.0 60.0 60.0 
61.0 60.0 60.0 60.0 
69.0 59.0 62.0 64.0 
60.0 59.0 59.0 59.0 
60.0 58.0 60.0 61.0 
60.0 59.0 60.0 60.0 
70.0 60.0 62.0 64.0 
59.0 59.0 59.0 59.0 
60.0 60.0 60.0 61.0 
61.0 60.0 60.0 60.0 
70.0 59.0 62.0 64.0 
60.0 59.0 60.0 60.0 
60.0 59.0 61.0 61.0 
61.0 59.0 60.0 60.0 
70.0 59.0 62.0 64.0 
59.0 59.0 59.0 59.0 
60.0 59.0 61.0 61.0 
61.0 60.0 60.0 61.0 
69.0 60.0 62.0 64.0 
60.0 59.0 59.0 60.0 
59.0 59.0 61.0 61.0 
61.0 60.0 60.0 60.0 
69.0 59.0 62.0 64.0 
60.0 59.0 59.0 60.0 
60.0 60.0 60.0 61.0 
61.0 60.0 60.0 60.0 
70.0 58.0 62.0 64.0 
60.0 59.0 59.0 59.0 
60.0 59.0 60.0 61.0 
61.0 60.0 59.0 61.0 
70.0 60.0 62.0 64.0 
60.0 59.0 59.0 60.0 
60.0 59.0 61.0 60.0 
61.0 59.0 60.0 60.0 
70.0 59.0 62.0 65.0 
60.0 58.0 60.0 59.0 
60.0 59.0 60.0 61.0 
61.0 60.0 60.0 60.0 
69.0 60.0 63.0 64.0 
60.0 59.0 59.0 60.0 
60.0 59.0 61.0 61.0 
60.0 60.0 61.0 60.0 
69.0 60.0 62.0 64.0 
59.0 60.0 59.0 60.0 
60.0 59.0 61.0 61.0 
60.0 60.0 60.0 61.0 
68.0 60.0 62.0 64.0 
60.0 59.0 58.0 60.0 
60.0 59.0 61.0 61.0 
61.0 60.0 60.0 61.0 
68.0 60.0 62.0 64.0 
59.0 59.0 59.0 61.0 
60.0 59.0 61.0 61.0 
61.0 60.0 61.0 60.0 
68.0 59.0 62.0 64.0 
59.0 58.0 59.0 59.0 
60.0 60.0 61.0 61.0 
61.0 60.0 61.0 61.0 
69.0 60.0 62.0 64.0 
60.0 59.0 60.0 59.0 
60.0 59.0 61.0 61.0 
61.0 60.0 60.0 60.0 
69.0 60.0 62.0 64.0 
60.0 58.0 60.0 59.0 
60.0 58.0 61.0 61.0 
61.0 60.0 61.0 61.0 
68.0 59.0 62.0 63.0 
60.0 59.0 59.0 60.0 
60.0 58.0 59.0 61.0 
61.0 60.0 61.0 60.0 
68.0 59.0 62.0 64.0 
59.0 59.0 59.0 59.0 
60.0 59.0 60.0 61.0 
61.0 60.0 60.0 60.0 
68.0 60.0 62.0 64.0 
60.0 58.0 59.0 59.0 
58.0 59.0 61.0 61.0 
61.0 60.0 61.0 60.0 
68.0 59.0 62.0 64.0 
60.0 59.0 60.0 60.0 
60.0 60.0 60.0 61.0 
60.0 60.0 60.0 60.0 
68.0 60.0 61.0 63.0 
60.0 57.0 59.0 59.0 
60.0 59.0 61.0 61.0 
61.0 60.0 61.0 60.0 
69.0 59.0 62.0 64.0 
59.0 58.0 59.0 59.0 
59.0 61.0 60.0 61.0 
60.0 60.0 60.0 60.0 
70.0 60.0 62.0 64.0 
60.0 58.0 59.0 60.0 
60.0 59.0 60.0 61.0 
60.0 60.0 60.0 60.0 
69.0 59.0 62.0 64.0 
60.0 59.0 59.0 60.0 
60.0 59.0 61.0 61.0 
61.0 60.0 60.0 60.0 
69.0 60.0 62.0 63.0 
59.0 59.0 58.0 59.0 
59.0 59.0 60.0 61.0 
61.0 60.0 60.0 60.0 
70.0 59.0 61.0 64.0 
60.0 59.0 59.0 60.0 
60.0 59.0 61.0 61.0 
61.0 60.0 61.0 60.0 
69.0 60.0 61.0 63.0 
60.0 58.0 60.0 60.0 
60.0 59.0 61.0 60.0 
61.0 60.0 60.0 60.0 
69.0 60.0 61.0 63.0 
60.0 58.0 59.0 60.0 
60.0 60.0 61.0 61.0 
61.0 60.0 61.0 60.0 
69.0 60.0 61.0 63.0 
60.0 58.0 60.0 60.0 
60.0 59.0 62.0 61.0 
61.0 60.0 61.0 61.0 
70.0 59.0 62.0 64.0 
59.0 59.0 59.0 60.0 
60.0 60.0 60.0 61.0 
61.0 60.0 61.0 61.0 
70.0 59.0 62.0 64.0 
60.0 58.0 60.0 60.0 
59.0 59.0 61.0 61.0 
61.0 60.0 60.0 60.0 
70.0 59.0 62.0 63.0 
60.0 59.0 60.0 60.0 
60.0 60.0 60.0 60.0 
60.0 60.0 60.0 60.0 
69.0 60.0 62.0 63.0 
59.0 58.0 59.0 60.0 
60.0 59.0 61.0 61.0 
61.0 60.0 60.0 61.0 
69.0 60.0 62.0 64.0 
60.0 58.0 59.0 60.0 
60.0 60.0 62.0 61.0 
61.0 60.0 61.0 60.0 
69.0 59.0 62.0 63.0 
59.0 59.0 60.0 60.0 
60.0 60.0 60.0 61.0 
61.0 60.0 60.0 60.0 
69.0 60.0 61.0 64.0 
60.0 58.0 59.0 60.0 
60.0 59.0 62.0 61.0 
61.0 60.0 61.0 60.0 
69.0 59.0 62.0 63.0 
59.0 59.0 59.0 60.0 
60.0 59.0 61.0 61.0 
60.0 60.0 60.0 59.0 
69.0 60.0 62.0 64.0 
60.0 59.0 59.0 60.0 
59.0 60.0 60.0 61.0 
60.0 60.0 61.0 60.0 
71.0 60.0 62.0 64.0 
60.0 59.0 59.0 60.0 
60.0 59.0 61.0 61.0 
61.0 59.0 60.0 60.0 
69.0 59.0 63.0 64.0 
59.0 58.0 59.0 60.0 
60.0 59.0 61.0 61.0 
60.0 59.0 61.0 60.0 
69.0 59.0 62.0 64.0 
60.0 59.0 59.0 60.0 
60.0 59.0 61.0 60.0 
61.0 60.0 60.0 60.0 
68.0 59.0 62.0 64.0 
60.0 59.0 60.0 60.0 
60.0 59.0 61.0 61.0 
62.0 59.0 60.0 60.0 
70.0 59.0 62.0 64.0 
60.0 59.0 60.0 59.0 
60.0 59.0 61.0 61.0 
60.0 60.0 60.0 60.0 
69.0 60.0 62.0 64.0 
59.0 59.0 59.0 60.0 
59.0 59.0 60.0 60.0 
60.0 59.0 60.0 60.0 
71.0 60.0 62.0 63.0 
60.0 59.0 59.0 59.0 
60.0 59.0 61.0 61.0 
60.0 60.0 59.0 60.0 
70.0 60.0 62.0 64.0 
60.0 58.0 59.0 60.0 
59.0 60.0 60.0 61.0 
61.0 60.0 60.0 60.0 
70.0 61.0 62.0 64.0 
59.0 58.0 59.0 60.0 
60.0 59.0 60.0 61.0 
61.0 60.0 61.0 60.0 
70.0 59.0 62.0 64.0 
60.0 58.0 60.0 60.0 
60.0 59.0 60.0 61.0 
61.0 60.0 60.0 60.0 
70.0 59.0 62.0 64.0 
59.0 59.0 58.0 60.0 
60.0 59.0 60.0 61.0 
61.0 60.0 60.0 60.0 
69.0 60.0 61.0 64.0 
59.0 58.0 59.0 59.0 
60.0 58.0 61.0 60.0 
61.0 60.0 61.0 59.0 
70.0 58.0 62.0 64.0 
60.0 59.0 60.0 60.0 
60.0 60.0 61.0 61.0 
60.0 60.0 60.0 60.0 
69.0 59.0 62.0 64.0 
60.0 58.0 60.0 60.0 
61.0 59.0 60.0 61.0 
60.0 60.0 60.0 61.0 
69.0 60.0 62.0 64.0 
60.0 59.0 59.0 59.0 
60.0 59.0 62.0 61.0 
61.0 59.0 61.0 60.0 
70.0 59.0 62.0 64.0 
59.0 59.0 59.0 60.0 
59.0 60.0 61.0 61.0 
60.0 60.0 61.0 61.0 
70.0 59.0 62.0 64.0 
60.0 58.0 59.0 60.0 
60.0 59.0 61.0 61.0 
61.0 60.0 60.0 61.0 
69.0 60.0 61.0 64.0 
60.0 59.0 60.0 60.0 
59.0 59.0 61.0 61.0 
61.0 60.0 60.0 61.0 
69.0 59.0 61.0 64.0 
59.0 59.0 60.0 59.0 
59.0 59.0 61.0 61.0 
61.0 60.0 60.0 61.0 
69.0 60.0 61.0 63.0 
60.0 59.0 59.0 60.0 
60.0 59.0 61.0 60.0 
60.0 60.0 60.0 60.0 
69.0 60.0 61.0 63.0 
59.0 59.0 59.0 60.0 
60.0 59.0 60.0 60.0 
61.0 60.0 60.0 61.0 
68.0 59.0 62.0 63.0 
60.0 59.0 60.0 60.0 
59.0 59.0 61.0 61.0 
60.0 60.0 60.0 60.0 
69.0 59.0 61.0 64.0 
60.0 59.0 60.0 60.0 
60.0 59.0 61.0 61.0 
60.0 60.0 59.0 61.0 
69.0 60.0 62.0 64.0 
60.0 58.0 59.0 60.0 
60.0 60.0 60.0 61.0 
61.0 60.0 61.0 60.0 
69.0 60.0 63.0 64.0 
59.0 59.0 60.0 60.0 
59.0 60.0 61.0 61.0 
61.0 60.0 61.0 60.0 
69.0 60.0 61.0 63.0 
60.0 59.0 60.0 59.0 
60.0 60.0 60.0 60.0 
61.0 60.0 61.0 60.0 
69.0 59.0 62.0 64.0 
60.0 58.0 59.0 60.0 
59.0 60.0 61.0 61.0 
61.0 60.0 60.0 61.0 
70.0 59.0 62.0 64.0 
60.0 59.0 60.0 59.0 
60.0 60.0 60.0 61.0 
61.0 60.0 60.0 60.0 
69.0 59.0 62.0 64.0 
60.0 59.0 59.0 60.0 
60.0 59.0 61.0 61.0 
61.0 60.0 60.0 61.0 
69.0 60.0 62.0 63.0 
60.0 58.0 59.0 60.0 
60.0 58.0 61.0 61.0 
61.0 59.0 61.0 60.0 
69.0 59.0 62.0 64.0 
60.0 59.0 59.0 59.0 
60.0 59.0 60.0 60.0 
60.0 60.0 60.0 60.0 
69.0 59.0 61.0 64.0 
60.0 59.0 59.0 59.0 
60.0 60.0 61.0 61.0 
61.0 60.0 60.0 61.0 
69.0 59.0 61.0 64.0 
60.0 59.0 59.0 60.0 
61.0 59.0 60.0 61.0 
61.0 60.0 60.0 60.0 
69.0 59.0 62.0 63.0 
59.0 59.0 59.0 60.0 
60.0 59.0 60.0 61.0 
61.0 60.0 60.0 60.0 
68.0 59.0 61.0 64.0 
60.0 59.0 59.0 60.0 
59.0 59.0 60.0 61.0 
61.0 60.0 60.0 61.0 
70.0 60.0 61.0 63.0 
60.0 59.0 60.0 59.0 
60.0 59.0 60.0 61.0 
61.0 60.0 61.0 61.0 
68.0 59.0 62.0 64.0 
59.0 58.0 59.0 59.0 
60.0 59.0 61.0 61.0 
60.0 60.0 60.0 60.0 
69.0 59.0 62.0 63.0 
60.0 59.0 59.0 59.0 
60.0 59.0 61.0 61.0 
61.0 60.0 61.0 60.0 
69.0 59.0 61.0 64.0 
60.0 59.0 60.0 60.0 
60.0 60.0 61.0 61.0 
60.0 59.0 60.0 60.0 
69.0 60.0 60.0 64.0 
59.0 58.0 59.0 60.0 
60.0 60.0 60.0 61.0 
61.0 60.0 61.0 61.0 
70.0 60.0 61.0 64.0 
60.0 59.0 59.0 60.0 
60.0 59.0 60.0 61.0 
60.0 60.0 61.0 61.0 
68.0 59.0 62.0 64.0 
59.0 59.0 60.0 60.0 
59.0 59.0 60.0 60.0 
61.0 60.0 60.0 61.0 
69.0 59.0 62.0 64.0 
60.0 58.0 59.0 60.0 
60.0 59.0 61.0 61.0 
61.0 60.0 60.0 60.0 
68.0 60.0 61.0 63.0 
60.0 59.0 59.0 59.0 
60.0 59.0 61.0 60.0 
61.0 60.0 60.0 60.0 
69.0 59.0 62.0 64.0 
60.0 59.0 59.0 59.0 
61.0 58.0 61.0 61.0 
61.0 60.0 60.0 60.0 
70.0 59.0 62.0 64.0 
60.0 59.0 59.0 59.0 
60.0 59.0 61.0 60.0 
61.0 60.0 60.0 60.0 
69.0 59.0 62.0 64.0 
60.0 59.0 59.0 60.0 
60.0 59.0 61.0 61.0 
61.0 60.0 60.0 60.0 
69.0 59.0 62.0 64.0 
59.0 58.0 59.0 59.0 
59.0 60.0 60.0 61.0 
60.0 60.0 60.0 61.0 
69.0 59.0 62.0 64.0 
59.0 59.0 60.0 60.0 
60.0 59.0 60.0 61.0 
61.0 60.0 60.0 61.0 
68.0 60.0 62.0 64.0 
59.0 60.0 59.0 60.0 
61.0 58.0 60.0 61.0 
61.0 60.0 60.0 60.0 
69.0 59.0 62.0 64.0 
60.0 59.0 59.0 59.0 
59.0 59.0 60.0 61.0 
61.0 60.0 60.0 60.0 
68.0 59.0 62.0 64.0 
60.0 58.0 60.0 60.0 
60.0 59.0 60.0 61.0 
60.0 60.0 60.0 60.0 
70.0 59.0 62.0 64.0 
59.0 58.0 59.0 60.0 
60.0 58.0 61.0 61.0 
61.0 60.0 60.0 61.0 
69.0 60.0 61.0 64.0 
60.0 59.0 60.0 60.0 
59.0 60.0 61.0 61.0 
61.0 60.0 61.0 60.0 
69.0 59.0 63.0 64.0 
59.0 58.0 60.0 59.0 
60.0 59.0 61.0 61.0 
61.0 60.0 60.0 61.0 
69.0 60.0 62.0 64.0 
60.0 59.0 60.0 59.0 
60.0 60.0 60.0 60.0 
60.0 60.0 60.0 60.0 
70.0 59.0 62.0 64.0 
60.0 59.0 59.0 59.0 
60.0 58.0 60.0 60.0 
61.0 60.0 60.0 61.0 
69.0 59.0 62.0 64.0 
59.0 58.0 60.0 60.0 
60.0 59.0 62.0 61.0 
61.0 60.0 61.0 60.0 
69.0 59.0 61.0 64.0 
60.0 59.0 59.0 60.0 
60.0 59.0 60.0 61.0 
61.0 60.0 60.0 60.0 
69.0 59.0 62.0 64.0 
60.0 58.0 59.0 59.0 
60.0 59.0 61.0 61.0 
61.0 60.0 60.0 61.0 
69.0 59.0 62.0 65.0 
60.0 59.0 59.0 60.0 
60.0 59.0 60.0 61.0 
60.0 60.0 60.0 60.0 
69.0 60.0 61.0 64.0 
60.0 59.0 60.0 60.0 
60.0 59.0 60.0 61.0 
60.0 60.0 60.0 61.0 
69.0 60.0 62.0 64.0 
59.0 59.0 59.0 59.0 
60.0 59.0 61.0 61.0 
61.0 60.0 61.0 60.0 
69.0 60.0 62.0 64.0 
60.0 58.0 59.0 60.0 
59.0 60.0 60.0 61.0 
61.0 60.0 61.0 60.0 
69.0 59.0 62.0 64.0 
60.0 59.0 59.0 60.0 
60.0 59.0 61.0 61.0 
61.0 60.0 60.0 60.0 
69.0 59.0 61.0 64.0 
59.0 59.0 59.0 60.0 
60.0 59.0 61.0 61.0 
61.0 60.0 60.0 60.0 
69.0 60.0 62.0 64.0 
59.0 59.0 59.0 60.0 
60.0 59.0 60.0 61.0 
61.0 60.0 60.0 61.0 
68.0 60.0 62.0 64.0 
60.0 59.0 59.0 60.0 
59.0 59.0 60.0 61.0 
61.0 60.0 62.0 60.0 
69.0 59.0 62.0 64.0 
60.0 59.0 59.0 59.0 
60.0 59.0 61.0 61.0 
61.0 60.0 60.0 60.0 
69.0 59.0 62.0 64.0 
59.0 59.0 59.0 60.0 
59.0 60.0 60.0 61.0 
61.0 60.0 60.0 60.0 
69.0 59.0 61.0 64.0 
60.0 58.0 59.0 60.0 
60.0 59.0 61.0 61.0 
61.0 60.0 60.0 60.0 
69.0 58.0 62.0 64.0 
60.0 58.0 59.0 59.0 
60.0 60.0 60.0 61.0 
61.0 60.0 60.0 60.0 
70.0 59.0 62.0 64.0 
60.0 58.0 59.0 59.0 
59.0 59.0 60.0 61.0 
61.0 60.0 59.0 61.0 
70.0 59.0 62.0 64.0 
60.0 59.0 58.0 60.0 
60.0 59.0 60.0 61.0 
60.0 60.0 61.0 60.0 
69.0 60.0 61.0 64.0 
60.0 59.0 59.0 59.0 
60.0 60.0 61.0 61.0 
61.0 60.0 60.0 60.0 
69.0 59.0 63.0 64.0 
59.0 59.0 58.0 60.0 
60.0 59.0 60.0 61.0 
60.0 60.0 60.0 61.0 
69.0 59.0 61.0 64.0 
60.0 59.0 59.0 60.0 
61.0 59.0 61.0 61.0 
61.0 59.0 60.0 60.0 
70.0 60.0 62.0 64.0 
60.0 59.0 60.0 60.0 
60.0 59.0 61.0 61.0 
61.0 60.0 60.0 61.0 
69.0 59.0 62.0 65.0 
59.0 59.0 59.0 60.0 
61.0 59.0 61.0 60.0 
60.0 60.0 60.0 61.0 
69.0 60.0 61.0 64.0 
59.0 59.0 60.0 59.0 
60.0 60.0 60.0 60.0 
61.0 60.0 61.0 60.0 
70.0 60.0 62.0 64.0 
59.0 59.0 59.0 60.0 
60.0 60.0 60.0 60.0 
61.0 60.0 60.0 60.0 
69.0 60.0 62.0 64.0 
60.0 59.0 59.0 60.0 
60.0 59.0 61.0 61.0 
61.0 59.0 60.0 60.0 
69.0 60.0 62.0 64.0 
60.0 59.0 59.0 59.0 
60.0 59.0 60.0 60.0 
60.0 60.0 61.0 60.0 
68.0 59.0 62.0 64.0 
59.0 59.0 59.0 59.0 
61.0 59.0 60.0 61.0 
61.0 60.0 60.0 60.0 
68.0 60.0 62.0 65.0 
60.0 59.0 59.0 60.0 
60.0 59.0 59.0 61.0 
61.0 60.0 61.0 60.0 
69.0 60.0 62.0 64.0 
60.0 59.0 59.0 60.0 
61.0 59.0 61.0 60.0 
61.0 60.0 60.0 61.0 
68.0 60.0 62.0 64.0 
59.0 59.0 59.0 59.0 
60.0 59.0 61.0 61.0 
61.0 60.0 61.0 60.0 
68.0 59.0 62.0 64.0 
60.0 59.0 59.0 59.0 
59.0 60.0 61.0 61.0 
60.0 60.0 61.0 61.0 
70.0 59.0 62.0 64.0 
60.0 59.0 59.0 59.0 
60.0 59.0 61.0 60.0 
62.0 60.0 60.0 60.0 
68.0 60.0 62.0 65.0 
59.0 59.0 59.0 59.0 
60.0 59.0 61.0 60.0 
61.0 60.0 61.0 60.0 
68.0 60.0 62.0 64.0 
59.0 59.0 59.0 60.0 
60.0 59.0 61.0 61.0 
61.0 60.0 61.0 61.0 
69.0 60.0 62.0 64.0 
60.0 59.0 59.0 59.0 
60.0 60.0 60.0 61.0 
60.0 60.0 61.0 60.0 
68.0 59.0 62.0 64.0 
60.0 59.0 59.0 59.0 
60.0 59.0 60.0 61.0 
61.0 60.0 60.0 60.0 
68.0 60.0 61.0 65.0 
60.0 59.0 60.0 60.0 
60.0 59.0 61.0 61.0 
60.0 60.0 60.0 60.0 
68.0 60.0 62.0 64.0 
60.0 59.0 59.0 60.0 
60.0 59.0 61.0 61.0 
60.0 60.0 60.0 60.0 
68.0 60.0 62.0 64.0 
60.0 59.0 59.0 60.0 
61.0 59.0 61.0 61.0 
61.0 60.0 60.0 61.0 
69.0 60.0 62.0 64.0 
60.0 59.0 59.0 59.0 
60.0 59.0 61.0 61.0 
61.0 60.0 61.0 60.0 
68.0 59.0 62.0 64.0 
60.0 58.0 59.0 60.0 
59.0 59.0 61.0 60.0 
61.0 60.0 60.0 61.0 
68.0 59.0 62.0 63.0 
60.0 59.0 59.0 59.0 
60.0 59.0 61.0 61.0 
61.0 60.0 60.0 60.0 
68.0 60.0 62.0 63.0 
60.0 59.0 59.0 60.0 
60.0 59.0 60.0 61.0 
61.0 60.0 61.0 60.0 
69.0 59.0 62.0 64.0 
60.0 59.0 59.0 60.0 
59.0 59.0 60.0 61.0 
60.0 60.0 60.0 61.0 
68.0 59.0 61.0 64.0 
60.0 59.0 59.0 60.0 
60.0 59.0 62.0 61.0 
61.0 60.0 60.0 60.0 
69.0 59.0 61.0 64.0 
60.0 59.0 60.0 60.0 
60.0 59.0 60.0 61.0 
61.0 60.0 60.0 59.0 
68.0 60.0 61.0 63.0 
59.0 59.0 60.0 60.0 
60.0 60.0 60.0 60.0 
62.0 60.0 61.0 60.0 
69.0 59.0 61.0 64.0 
