114.0 59.0 92.0 78.0 
57.0 57.0 60.0 59.0 
58.0 57.0 60.0 60.0 
57.0 59.0 57.0 59.0 
115.0 58.0 92.0 79.0 
58.0 56.0 58.0 59.0 
58.0 58.0 59.0 62.0 
57.0 59.0 57.0 59.0 
115.0 59.0 90.0 79.0 
58.0 57.0 60.0 59.0 
58.0 59.0 59.0 61.0 
57.0 59.0 57.0 59.0 
114.0 58.0 92.0 79.0 
58.0 58.0 59.0 59.0 
58.0 58.0 60.0 60.0 
57.0 58.0 58.0 59.0 
115.0 58.0 92.0 79.0 
58.0 57.0 59.0 59.0 
58.0 58.0 60.0 62.0 
58.0 58.0 58.0 58.0 
115.0 58.0 92.0 79.0 
57.0 57.0 59.0 60.0 
59.0 57.0 60.0 62.0 
57.0 58.0 58.0 59.0 
114.0 58.0 92.0 79.0 
57.0 57.0 59.0 60.0 
59.0 57.0 61.0 61.0 
58.0 58.0 58.0 59.0 
114.0 58.0 92.0 79.0 
58.0 57.0 60.0 60.0 
58.0 58.0 60.0 61.0 
58.0 59.0 57.0 59.0 
114.0 59.0 91.0 78.0 
57.0 57.0 60.0 60.0 
59.0 57.0 59.0 61.0 
57.0 57.0 58.0 59.0 
115.0 58.0 92.0 79.0 
57.0 57.0 59.0 61.0 
59.0 58.0 60.0 62.0 
57.0 58.0 58.0 59.0 
115.0 58.0 92.0 78.0 
58.0 57.0 59.0 59.0 
58.0 57.0 60.0 61.0 
58.0 58.0 58.0 58.0 
115.0 58.0 92.0 78.0 
57.0 57.0 59.0 58.0 
57.0 58.0 60.0 61.0 
58.0 59.0 58.0 59.0 
115.0 58.0 92.0 79.0 
57.0 57.0 60.0 59.0 
58.0 59.0 60.0 62.0 
58.0 58.0 58.0 59.0 
115.0 58.0 91.0 79.0 
58.0 57.0 60.0 60.0 
59.0 58.0 62.0 61.0 
57.0 58.0 58.0 59.0 
114.0 59.0 91.0 78.0 
57.0 57.0 59.0 59.0 
59.0 59.0 60.0 61.0 
58.0 59.0 59.0 59.0 
115.0 58.0 91.0 79.0 
58.0 58.0 60.0 60.0 
58.0 58.0 60.0 61.0 
58.0 58.0 59.0 60.0 
115.0 58.0 92.0 79.0 
58.0 57.0 59.0 60.0 
59.0 57.0 59.0 62.0 
57.0 58.0 58.0 58.0 
114.0 59.0 91.0 79.0 
58.0 58.0 59.0 59.0 
59.0 57.0 60.0 59.0 
57.0 59.0 57.0 60.0 
115.0 59.0 92.0 79.0 
58.0 58.0 59.0 59.0 
58.0 59.0 59.0 61.0 
57.0 58.0 59.0 59.0 
115.0 58.0 91.0 79.0 
56.0 58.0 59.0 60.0 
59.0 57.0 60.0 62.0 
59.0 58.0 58.0 59.0 
114.0 58.0 92.0 79.0 
57.0 58.0 59.0 60.0 
58.0 58.0 60.0 61.0 
58.0 59.0 57.0 59.0 
115.0 59.0 92.0 79.0 
58.0 57.0 60.0 59.0 
59.0 58.0 59.0 62.0 
58.0 59.0 58.0 58.0 
113.0 58.0 93.0 79.0 
58.0 57.0 59.0 59.0 
59.0 58.0 60.0 62.0 
57.0 59.0 59.0 59.0 
115.0 58.0 91.0 79.0 
58.0 57.0 60.0 58.0 
59.0 58.0 59.0 62.0 
57.0 59.0 57.0 60.0 
114.0 59.0 92.0 79.0 
59.0 57.0 60.0 59.0 
58.0 58.0 59.0 62.0 
58.0 58.0 58.0 59.0 
114.0 59.0 92.0 79.0 
58.0 59.0 59.0 59.0 
59.0 58.0 60.0 61.0 
58.0 59.0 58.0 60.0 
114.0 58.0 92.0 79.0 
58.0 57.0 58.0 60.0 
57.0 58.0 61.0 61.0 
58.0 59.0 58.0 58.0 
114.0 58.0 92.0 79.0 
58.0 57.0 59.0 59.0 
59.0 57.0 61.0 61.0 
58.0 59.0 59.0 59.0 
113.0 59.0 92.0 78.0 
57.0 57.0 60.0 58.0 
59.0 57.0 60.0 62.0 
58.0 59.0 58.0 59.0 
113.0 59.0 92.0 80.0 
59.0 57.0 59.0 60.0 
58.0 58.0 60.0 62.0 
57.0 58.0 58.0 59.0 
114.0 58.0 91.0 79.0 
58.0 58.0 59.0 60.0 
59.0 57.0 60.0 62.0 
58.0 58.0 59.0 60.0 
114.0 58.0 92.0 79.0 
57.0 58.0 59.0 60.0 
58.0 58.0 61.0 61.0 
57.0 59.0 58.0 59.0 
113.0 59.0 92.0 79.0 
58.0 57.0 60.0 60.0 
58.0 58.0 60.0 61.0 
58.0 58.0 58.0 59.0 
114.0 59.0 92.0 79.0 
58.0 58.0 59.0 60.0 
58.0 58.0 60.0 61.0 
58.0 58.0 58.0 58.0 
114.0 58.0 92.0 78.0 
57.0 58.0 59.0 59.0 
59.0 59.0 60.0 61.0 
57.0 59.0 59.0 59.0 
114.0 59.0 92.0 78.0 
57.0 58.0 59.0 61.0 
59.0 59.0 60.0 62.0 
57.0 59.0 58.0 60.0 
114.0 59.0 91.0 79.0 
58.0 57.0 60.0 59.0 
58.0 58.0 59.0 62.0 
58.0 59.0 58.0 59.0 
113.0 58.0 92.0 78.0 
58.0 58.0 59.0 60.0 
58.0 57.0 60.0 61.0 
58.0 57.0 58.0 59.0 
115.0 59.0 92.0 78.0 
57.0 58.0 60.0 60.0 
58.0 58.0 60.0 61.0 
58.0 59.0 59.0 59.0 
114.0 59.0 92.0 79.0 
58.0 57.0 59.0 59.0 
58.0 58.0 60.0 61.0 
58.0 58.0 58.0 58.0 
114.0 59.0 92.0 78.0 
58.0 58.0 60.0 59.0 
58.0 58.0 60.0 61.0 
58.0 59.0 58.0 60.0 
115.0 60.0 92.0 78.0 
58.0 58.0 60.0 60.0 
59.0 58.0 60.0 61.0 
57.0 59.0 59.0 60.0 
114.0 59.0 91.0 79.0 
57.0 55.0 60.0 59.0 
59.0 59.0 59.0 62.0 
58.0 57.0 59.0 60.0 
114.0 59.0 92.0 79.0 
58.0 56.0 59.0 60.0 
59.0 58.0 60.0 62.0 
58.0 60.0 57.0 60.0 
114.0 58.0 92.0 79.0 
58.0 58.0 61.0 59.0 
58.0 58.0 60.0 62.0 
58.0 59.0 58.0 59.0 
114.0 59.0 91.0 79.0 
58.0 58.0 59.0 60.0 
59.0 58.0 59.0 62.0 
58.0 59.0 58.0 59.0 
114.0 59.0 91.0 78.0 
58.0 59.0 59.0 60.0 
59.0 58.0 60.0 62.0 
58.0 58.0 59.0 59.0 
114.0 58.0 91.0 79.0 
58.0 58.0 60.0 59.0 
59.0 58.0 60.0 63.0 
57.0 58.0 58.0 60.0 
114.0 60.0 91.0 78.0 
58.0 58.0 59.0 59.0 
59.0 58.0 60.0 62.0 
58.0 59.0 59.0 59.0 
114.0 58.0 91.0 79.0 
58.0 58.0 60.0 60.0 
59.0 59.0 60.0 60.0 
58.0 59.0 58.0 59.0 
113.0 60.0 92.0 80.0 
57.0 58.0 60.0 60.0 
59.0 59.0 60.0 62.0 
59.0 60.0 58.0 60.0 
114.0 58.0 92.0 79.0 
59.0 58.0 59.0 60.0 
59.0 58.0 60.0 62.0 
57.0 59.0 58.0 60.0 
114.0 58.0 92.0 79.0 
58.0 58.0 60.0 59.0 
58.0 58.0 60.0 61.0 
58.0 59.0 59.0 60.0 
115.0 58.0 92.0 79.0 
58.0 57.0 59.0 60.0 
59.0 58.0 60.0 62.0 
58.0 59.0 58.0 59.0 
115.0 58.0 91.0 80.0 
58.0 57.0 60.0 60.0 
59.0 58.0 60.0 63.0 
57.0 58.0 59.0 60.0 
114.0 58.0 91.0 79.0 
58.0 58.0 60.0 60.0 
59.0 57.0 60.0 62.0 
58.0 59.0 57.0 59.0 
114.0 57.0 92.0 79.0 
58.0 58.0 60.0 60.0 
59.0 57.0 60.0 62.0 
57.0 59.0 58.0 59.0 
115.0 59.0 91.0 79.0 
58.0 57.0 59.0 60.0 
59.0 58.0 59.0 62.0 
58.0 59.0 58.0 60.0 
114.0 59.0 91.0 79.0 
58.0 57.0 60.0 60.0 
59.0 59.0 60.0 62.0 
58.0 58.0 59.0 59.0 
114.0 59.0 91.0 79.0 
58.0 57.0 60.0 59.0 
59.0 58.0 60.0 62.0 
57.0 59.0 58.0 60.0 
114.0 58.0 91.0 79.0 
58.0 58.0 60.0 60.0 
59.0 58.0 60.0 62.0 
58.0 59.0 58.0 60.0 
115.0 59.0 91.0 79.0 
58.0 57.0 60.0 60.0 
59.0 58.0 60.0 62.0 
59.0 59.0 59.0 59.0 
114.0 58.0 91.0 79.0 
58.0 58.0 60.0 60.0 
59.0 58.0 60.0 61.0 
58.0 59.0 59.0 60.0 
114.0 58.0 92.0 79.0 
57.0 59.0 60.0 59.0 
59.0 58.0 61.0 61.0 
58.0 59.0 58.0 59.0 
114.0 58.0 92.0 79.0 
58.0 58.0 59.0 59.0 
59.0 59.0 60.0 61.0 
58.0 59.0 59.0 60.0 
114.0 59.0 91.0 79.0 
58.0 57.0 58.0 60.0 
59.0 59.0 59.0 62.0 
58.0 59.0 58.0 60.0 
116.0 58.0 92.0 78.0 
57.0 58.0 59.0 60.0 
58.0 59.0 61.0 62.0 
57.0 60.0 59.0 59.0 
115.0 59.0 91.0 79.0 
58.0 57.0 60.0 61.0 
59.0 58.0 60.0 62.0 
58.0 59.0 58.0 60.0 
115.0 59.0 93.0 79.0 
58.0 58.0 60.0 60.0 
59.0 58.0 60.0 61.0 
57.0 59.0 58.0 60.0 
115.0 59.0 91.0 80.0 
58.0 57.0 60.0 60.0 
59.0 57.0 60.0 61.0 
58.0 58.0 59.0 60.0 
114.0 59.0 92.0 79.0 
57.0 58.0 60.0 60.0 
59.0 58.0 61.0 61.0 
57.0 59.0 58.0 60.0 
114.0 58.0 92.0 78.0 
58.0 57.0 60.0 60.0 
59.0 59.0 60.0 62.0 
58.0 58.0 59.0 59.0 
116.0 59.0 93.0 79.0 
58.0 58.0 60.0 60.0 
59.0 58.0 61.0 62.0 
58.0 59.0 58.0 60.0 
115.0 59.0 92.0 79.0 
57.0 59.0 60.0 60.0 
59.0 58.0 60.0 62.0 
59.0 58.0 59.0 60.0 
115.0 59.0 92.0 79.0 
59.0 57.0 60.0 60.0 
58.0 59.0 60.0 61.0 
57.0 59.0 59.0 59.0 
115.0 59.0 91.0 79.0 
58.0 58.0 59.0 60.0 
59.0 59.0 61.0 62.0 
59.0 59.0 59.0 59.0 
116.0 58.0 92.0 80.0 
58.0 56.0 60.0 60.0 
59.0 59.0 61.0 62.0 
58.0 59.0 59.0 59.0 
115.0 59.0 92.0 79.0 
58.0 58.0 60.0 60.0 
60.0 58.0 60.0 61.0 
58.0 59.0 58.0 60.0 
115.0 60.0 92.0 79.0 
58.0 58.0 60.0 60.0 
59.0 59.0 60.0 62.0 
58.0 59.0 59.0 59.0 
115.0 58.0 92.0 79.0 
58.0 59.0 60.0 61.0 
58.0 58.0 61.0 61.0 
58.0 59.0 58.0 59.0 
115.0 59.0 92.0 79.0 
58.0 58.0 60.0 60.0 
59.0 59.0 61.0 62.0 
57.0 59.0 59.0 59.0 
115.0 59.0 92.0 79.0 
58.0 58.0 60.0 60.0 
58.0 59.0 61.0 62.0 
58.0 59.0 59.0 59.0 
115.0 58.0 92.0 79.0 
59.0 58.0 60.0 59.0 
59.0 59.0 59.0 61.0 
58.0 60.0 59.0 60.0 
116.0 58.0 92.0 80.0 
58.0 58.0 60.0 60.0 
59.0 58.0 62.0 62.0 
58.0 59.0 59.0 60.0 
116.0 59.0 93.0 79.0 
58.0 59.0 61.0 60.0 
59.0 59.0 61.0 62.0 
58.0 58.0 58.0 60.0 
115.0 59.0 92.0 80.0 
58.0 58.0 60.0 61.0 
59.0 58.0 61.0 62.0 
57.0 58.0 60.0 60.0 
116.0 59.0 92.0 79.0 
58.0 58.0 59.0 60.0 
58.0 58.0 61.0 62.0 
58.0 59.0 59.0 59.0 
116.0 59.0 92.0 80.0 
58.0 58.0 60.0 60.0 
59.0 58.0 61.0 62.0 
58.0 59.0 58.0 60.0 
116.0 59.0 92.0 79.0 
59.0 58.0 60.0 60.0 
58.0 58.0 61.0 62.0 
58.0 59.0 58.0 59.0 
116.0 59.0 91.0 79.0 
57.0 59.0 60.0 60.0 
59.0 59.0 61.0 62.0 
58.0 60.0 59.0 60.0 
116.0 59.0 92.0 79.0 
58.0 58.0 60.0 60.0 
59.0 59.0 61.0 63.0 
58.0 59.0 61.0 60.0 
115.0 59.0 93.0 80.0 
58.0 59.0 59.0 60.0 
59.0 58.0 60.0 62.0 
58.0 58.0 59.0 59.0 
115.0 59.0 92.0 79.0 
58.0 58.0 60.0 61.0 
59.0 59.0 60.0 61.0 
58.0 60.0 59.0 60.0 
116.0 59.0 92.0 80.0 
58.0 59.0 59.0 61.0 
58.0 58.0 61.0 63.0 
58.0 59.0 59.0 59.0 
115.0 59.0 91.0 80.0 
59.0 58.0 60.0 60.0 
58.0 59.0 60.0 62.0 
58.0 59.0 58.0 60.0 
116.0 59.0 93.0 79.0 
59.0 58.0 60.0 61.0 
59.0 58.0 62.0 62.0 
59.0 59.0 59.0 60.0 
115.0 59.0 92.0 79.0 
58.0 58.0 60.0 60.0 
59.0 59.0 61.0 63.0 
58.0 59.0 58.0 60.0 
115.0 59.0 92.0 80.0 
58.0 58.0 60.0 60.0 
59.0 58.0 60.0 62.0 
59.0 58.0 59.0 60.0 
115.0 59.0 93.0 79.0 
58.0 59.0 60.0 61.0 
59.0 60.0 61.0 62.0 
58.0 60.0 59.0 60.0 
115.0 59.0 92.0 78.0 
58.0 58.0 59.0 60.0 
59.0 59.0 60.0 63.0 
59.0 59.0 60.0 61.0 
115.0 59.0 91.0 78.0 
60.0 58.0 64.0 64.0 
59.0 58.0 60.0 62.0 
58.0 59.0 59.0 60.0 
114.0 59.0 90.0 78.0 
60.0 58.0 65.0 63.0 
59.0 60.0 61.0 63.0 
59.0 59.0 59.0 60.0 
114.0 57.0 91.0 77.0 
59.0 58.0 65.0 63.0 
60.0 58.0 61.0 63.0 
58.0 60.0 59.0 61.0 
114.0 61.0 91.0 78.0 
60.0 58.0 65.0 63.0 
60.0 59.0 61.0 62.0 
59.0 59.0 60.0 60.0 
114.0 59.0 90.0 78.0 
61.0 58.0 65.0 63.0 
60.0 59.0 61.0 62.0 
60.0 59.0 59.0 60.0 
114.0 59.0 91.0 78.0 
60.0 58.0 65.0 64.0 
59.0 58.0 61.0 63.0 
59.0 59.0 59.0 61.0 
114.0 59.0 90.0 77.0 
59.0 58.0 65.0 64.0 
58.0 59.0 62.0 62.0 
58.0 60.0 60.0 61.0 
113.0 58.0 90.0 78.0 
60.0 58.0 64.0 64.0 
60.0 58.0 62.0 63.0 
59.0 60.0 59.0 61.0 
114.0 59.0 90.0 78.0 
61.0 58.0 64.0 64.0 
60.0 58.0 62.0 63.0 
59.0 59.0 60.0 61.0 
113.0 59.0 90.0 77.0 
60.0 59.0 65.0 63.0 
61.0 59.0 61.0 64.0 
59.0 59.0 60.0 61.0 
113.0 60.0 90.0 77.0 
60.0 59.0 65.0 64.0 
61.0 58.0 62.0 64.0 
58.0 59.0 59.0 61.0 
113.0 59.0 91.0 77.0 
60.0 58.0 65.0 64.0 
60.0 58.0 62.0 64.0 
59.0 59.0 59.0 61.0 
114.0 58.0 90.0 78.0 
61.0 58.0 65.0 65.0 
60.0 59.0 62.0 64.0 
59.0 59.0 60.0 61.0 
113.0 59.0 90.0 77.0 
60.0 58.0 65.0 63.0 
60.0 59.0 62.0 64.0 
58.0 60.0 59.0 61.0 
113.0 59.0 90.0 78.0 
60.0 57.0 64.0 64.0 
60.0 59.0 62.0 64.0 
59.0 59.0 60.0 60.0 
113.0 59.0 90.0 78.0 
60.0 58.0 65.0 64.0 
61.0 58.0 63.0 65.0 
59.0 60.0 59.0 61.0 
114.0 59.0 91.0 78.0 
60.0 58.0 64.0 63.0 
60.0 59.0 61.0 63.0 
58.0 60.0 60.0 61.0 
113.0 60.0 91.0 79.0 
60.0 59.0 63.0 63.0 
60.0 58.0 62.0 63.0 
58.0 59.0 60.0 60.0 
114.0 58.0 91.0 78.0 
60.0 58.0 64.0 63.0 
60.0 58.0 61.0 64.0 
59.0 59.0 59.0 60.0 
114.0 59.0 91.0 78.0 
60.0 58.0 64.0 63.0 
60.0 59.0 61.0 64.0 
59.0 60.0 59.0 61.0 
114.0 59.0 91.0 78.0 
60.0 58.0 64.0 63.0 
60.0 58.0 61.0 63.0 
60.0 59.0 60.0 61.0 
112.0 59.0 90.0 78.0 
60.0 59.0 64.0 63.0 
60.0 60.0 61.0 63.0 
60.0 61.0 60.0 61.0 
114.0 60.0 91.0 78.0 
60.0 58.0 63.0 64.0 
60.0 59.0 62.0 63.0 
59.0 59.0 60.0 60.0 
114.0 59.0 90.0 78.0 
60.0 57.0 64.0 63.0 
60.0 60.0 61.0 64.0 
60.0 59.0 59.0 60.0 
114.0 60.0 90.0 79.0 
61.0 58.0 64.0 63.0 
61.0 59.0 62.0 63.0 
59.0 59.0 60.0 62.0 
114.0 59.0 90.0 77.0 
60.0 59.0 65.0 63.0 
60.0 59.0 62.0 64.0 
59.0 59.0 59.0 61.0 
113.0 59.0 89.0 78.0 
61.0 58.0 64.0 63.0 
61.0 58.0 62.0 65.0 
59.0 59.0 60.0 61.0 
114.0 58.0 90.0 77.0 
60.0 59.0 65.0 64.0 
60.0 59.0 62.0 64.0 
59.0 59.0 59.0 61.0 
113.0 59.0 89.0 77.0 
60.0 59.0 65.0 64.0 
60.0 60.0 62.0 64.0 
58.0 59.0 59.0 62.0 
113.0 60.0 89.0 78.0 
61.0 59.0 65.0 63.0 
60.0 58.0 63.0 63.0 
60.0 60.0 60.0 61.0 
113.0 59.0 91.0 77.0 
60.0 58.0 65.0 65.0 
60.0 60.0 63.0 64.0 
59.0 58.0 60.0 61.0 
113.0 58.0 90.0 77.0 
60.0 59.0 66.0 64.0 
60.0 58.0 62.0 64.0 
58.0 59.0 61.0 61.0 
113.0 59.0 90.0 77.0 
60.0 59.0 65.0 64.0 
60.0 59.0 63.0 63.0 
59.0 59.0 61.0 61.0 
113.0 59.0 90.0 78.0 
60.0 58.0 67.0 65.0 
59.0 59.0 64.0 63.0 
58.0 60.0 61.0 59.0 
114.0 59.0 90.0 77.0 
61.0 59.0 66.0 64.0 
60.0 59.0 63.0 63.0 
58.0 59.0 60.0 61.0 
113.0 59.0 91.0 79.0 
61.0 58.0 67.0 65.0 
61.0 59.0 63.0 63.0 
59.0 59.0 61.0 60.0 
113.0 59.0 91.0 78.0 
60.0 58.0 67.0 64.0 
60.0 59.0 64.0 63.0 
58.0 60.0 60.0 62.0 
114.0 59.0 90.0 78.0 
61.0 59.0 66.0 64.0 
61.0 58.0 63.0 64.0 
58.0 59.0 62.0 61.0 
114.0 59.0 90.0 78.0 
60.0 59.0 66.0 65.0 
60.0 59.0 64.0 64.0 
58.0 60.0 62.0 61.0 
114.0 59.0 89.0 78.0 
61.0 58.0 66.0 65.0 
59.0 59.0 64.0 64.0 
59.0 59.0 60.0 61.0 
114.0 59.0 89.0 78.0 
60.0 59.0 66.0 65.0 
60.0 58.0 63.0 64.0 
59.0 60.0 60.0 60.0 
114.0 59.0 87.0 78.0 
61.0 58.0 66.0 65.0 
60.0 59.0 63.0 64.0 
59.0 60.0 60.0 62.0 
113.0 59.0 86.0 79.0 
60.0 58.0 66.0 65.0 
60.0 59.0 62.0 64.0 
59.0 59.0 61.0 61.0 
113.0 60.0 87.0 78.0 
61.0 57.0 66.0 65.0 
59.0 60.0 64.0 63.0 
59.0 60.0 62.0 60.0 
126.0 59.0 86.0 82.0 
61.0 59.0 66.0 64.0 
59.0 59.0 63.0 64.0 
59.0 59.0 60.0 61.0 
117.0 59.0 85.0 80.0 
61.0 59.0 65.0 66.0 
59.0 59.0 63.0 64.0 
58.0 60.0 60.0 61.0 
110.0 59.0 84.0 79.0 
61.0 58.0 64.0 65.0 
59.0 59.0 60.0 62.0 
60.0 59.0 60.0 61.0 
103.0 59.0 91.0 81.0 
60.0 58.0 65.0 64.0 
60.0 58.0 59.0 62.0 
59.0 60.0 59.0 61.0 
100.0 59.0 91.0 79.0 
61.0 58.0 65.0 64.0 
60.0 59.0 61.0 61.0 
59.0 59.0 62.0 60.0 
98.0 58.0 88.0 81.0 
61.0 59.0 63.0 64.0 
59.0 59.0 58.0 59.0 
60.0 59.0 60.0 62.0 
92.0 60.0 88.0 82.0 
62.0 57.0 63.0 65.0 
59.0 59.0 59.0 60.0 
61.0 60.0 60.0 61.0 
90.0 59.0 89.0 80.0 
62.0 57.0 64.0 63.0 
58.0 58.0 59.0 59.0 
60.0 60.0 60.0 62.0 
97.0 60.0 86.0 83.0 
61.0 59.0 63.0 64.0 
58.0 59.0 58.0 60.0 
59.0 60.0 60.0 61.0 
96.0 58.0 85.0 83.0 
62.0 58.0 61.0 63.0 
62.0 59.0 61.0 64.0 
59.0 60.0 59.0 60.0 
97.0 59.0 86.0 82.0 
60.0 58.0 62.0 64.0 
61.0 58.0 61.0 63.0 
60.0 59.0 60.0 60.0 
97.0 60.0 82.0 83.0 
61.0 59.0 61.0 63.0 
61.0 59.0 61.0 65.0 
60.0 60.0 60.0 61.0 
94.0 59.0 83.0 84.0 
61.0 59.0 61.0 63.0 
61.0 58.0 61.0 64.0 
60.0 59.0 59.0 62.0 
96.0 60.0 80.0 86.0 
60.0 59.0 60.0 64.0 
61.0 59.0 60.0 64.0 
60.0 60.0 60.0 61.0 
97.0 58.0 81.0 85.0 
61.0 59.0 61.0 63.0 
61.0 60.0 59.0 64.0 
60.0 60.0 61.0 61.0 
98.0 58.0 82.0 86.0 
62.0 58.0 61.0 64.0 
60.0 59.0 59.0 63.0 
60.0 59.0 60.0 61.0 
99.0 59.0 84.0 88.0 
61.0 58.0 61.0 63.0 
60.0 59.0 59.0 62.0 
59.0 59.0 59.0 60.0 
100.0 59.0 84.0 90.0 
62.0 59.0 61.0 64.0 
59.0 59.0 60.0 62.0 
61.0 58.0 60.0 61.0 
99.0 59.0 83.0 90.0 
62.0 58.0 60.0 64.0 
57.0 59.0 60.0 60.0 
59.0 59.0 61.0 60.0 
98.0 59.0 84.0 91.0 
63.0 59.0 60.0 65.0 
58.0 59.0 59.0 61.0 
60.0 59.0 59.0 62.0 
99.0 59.0 85.0 89.0 
62.0 59.0 61.0 64.0 
60.0 60.0 59.0 62.0 
60.0 60.0 59.0 60.0 
98.0 59.0 92.0 89.0 
63.0 58.0 62.0 65.0 
61.0 58.0 59.0 62.0 
59.0 61.0 58.0 61.0 
101.0 58.0 104.0 88.0 
63.0 58.0 62.0 65.0 
62.0 59.0 60.0 64.0 
59.0 60.0 59.0 60.0 
97.0 59.0 121.0 87.0 
63.0 58.0 63.0 64.0 
61.0 59.0 59.0 65.0 
59.0 60.0 58.0 59.0 
99.0 59.0 125.0 86.0 
63.0 58.0 63.0 65.0 
62.0 59.0 60.0 64.0 
58.0 60.0 58.0 60.0 
99.0 60.0 132.0 84.0 
65.0 58.0 65.0 67.0 
61.0 59.0 59.0 64.0 
59.0 60.0 57.0 60.0 
99.0 60.0 129.0 84.0 
66.0 58.0 66.0 66.0 
62.0 59.0 59.0 64.0 
58.0 60.0 56.0 60.0 
99.0 60.0 134.0 85.0 
65.0 59.0 65.0 66.0 
61.0 58.0 59.0 63.0 
59.0 59.0 58.0 60.0 
99.0 60.0 141.0 86.0 
66.0 58.0 66.0 67.0 
61.0 58.0 59.0 64.0 
58.0 60.0 57.0 59.0 
97.0 60.0 145.0 85.0 
66.0 59.0 68.0 67.0 
60.0 59.0 58.0 62.0 
60.0 60.0 57.0 60.0 
99.0 60.0 153.0 86.0 
66.0 58.0 69.0 66.0 
60.0 60.0 57.0 62.0 
59.0 60.0 57.0 59.0 
98.0 60.0 156.0 87.0 
66.0 59.0 69.0 67.0 
59.0 59.0 57.0 61.0 
59.0 61.0 56.0 60.0 
98.0 60.0 166.0 88.0 
65.0 58.0 68.0 67.0 
59.0 60.0 57.0 62.0 
59.0 59.0 56.0 59.0 
98.0 59.0 176.0 90.0 
65.0 60.0 68.0 66.0 
59.0 59.0 56.0 61.0 
60.0 60.0 55.0 61.0 
98.0 60.0 188.0 91.0 
66.0 58.0 67.0 66.0 
59.0 61.0 56.0 61.0 
60.0 60.0 55.0 60.0 
93.0 59.0 191.0 89.0 
65.0 59.0 66.0 67.0 
60.0 59.0 57.0 61.0 
59.0 59.0 55.0 60.0 
96.0 60.0 199.0 90.0 
65.0 58.0 67.0 66.0 
60.0 59.0 56.0 60.0 
61.0 60.0 56.0 59.0 
97.0 59.0 223.0 96.0 
62.0 59.0 62.0 65.0 
59.0 59.0 56.0 61.0 
60.0 60.0 54.0 60.0 
97.0 60.0 231.0 97.0 
62.0 59.0 64.0 64.0 
60.0 59.0 54.0 62.0 
60.0 60.0 54.0 60.0 
93.0 60.0 237.0 96.0 
63.0 59.0 64.0 64.0 
59.0 60.0 54.0 61.0 
60.0 60.0 54.0 60.0 
96.0 59.0 255.0 98.0 
62.0 58.0 63.0 64.0 
60.0 58.0 53.0 61.0 
60.0 59.0 53.0 60.0 
98.0 61.0 289.0 101.0 
62.0 58.0 64.0 64.0 
59.0 59.0 53.0 60.0 
61.0 60.0 52.0 60.0 
95.0 61.0 279.0 99.0 
63.0 59.0 66.0 65.0 
60.0 60.0 53.0 60.0 
60.0 60.0 54.0 60.0 
93.0 60.0 278.0 99.0 
62.0 59.0 66.0 64.0 
59.0 59.0 53.0 59.0 
61.0 60.0 53.0 60.0 
95.0 60.0 277.0 101.0 
63.0 59.0 65.0 64.0 
60.0 58.0 54.0 60.0 
60.0 60.0 54.0 60.0 
101.0 63.0 369.0 123.0 
63.0 58.0 62.0 64.0 
59.0 58.0 51.0 59.0 
61.0 58.0 51.0 59.0 
100.0 62.0 357.0 130.0 
63.0 59.0 61.0 63.0 
59.0 59.0 52.0 57.0 
60.0 58.0 51.0 60.0 
103.0 62.0 383.0 137.0 
62.0 59.0 62.0 63.0 
58.0 59.0 50.0 59.0 
61.0 59.0 51.0 59.0 
108.0 63.0 405.0 148.0 
62.0 59.0 62.0 62.0 
59.0 59.0 50.0 58.0 
61.0 60.0 50.0 58.0 
107.0 64.0 405.0 151.0 
63.0 58.0 64.0 63.0 
59.0 59.0 50.0 58.0 
60.0 59.0 52.0 59.0 
103.0 63.0 378.0 148.0 
62.0 58.0 63.0 63.0 
59.0 59.0 51.0 58.0 
60.0 60.0 52.0 58.0 
105.0 63.0 389.0 170.0 
63.0 58.0 65.0 62.0 
59.0 59.0 53.0 58.0 
61.0 59.0 53.0 58.0 
113.0 63.0 406.0 212.0 
62.0 58.0 63.0 62.0 
59.0 58.0 52.0 56.0 
60.0 60.0 51.0 55.0 
116.0 63.0 423.0 243.0 
62.0 59.0 61.0 61.0 
58.0 59.0 51.0 56.0 
60.0 60.0 51.0 55.0 
110.0 61.0 366.0 235.0 
62.0 58.0 62.0 61.0 
58.0 60.0 52.0 57.0 
60.0 61.0 52.0 55.0 
114.0 62.0 353.0 268.0 
61.0 58.0 64.0 61.0 
58.0 59.0 53.0 56.0 
59.0 60.0 52.0 55.0 
116.0 62.0 317.0 286.0 
61.0 59.0 64.0 59.0 
59.0 59.0 54.0 54.0 
59.0 61.0 54.0 54.0 
116.0 62.0 318.0 355.0 
62.0 59.0 64.0 59.0 
59.0 58.0 54.0 54.0 
59.0 59.0 55.0 54.0 
118.0 62.0 266.0 368.0 
62.0 59.0 64.0 59.0 
59.0 59.0 55.0 53.0 
60.0 60.0 55.0 53.0 
118.0 61.0 237.0 355.0 
61.0 57.0 65.0 59.0 
58.0 59.0 55.0 53.0 
60.0 59.0 57.0 54.0 
110.0 60.0 208.0 281.0 
63.0 59.0 66.0 59.0 
59.0 60.0 55.0 54.0 
60.0 60.0 57.0 54.0 
108.0 60.0 177.0 250.0 
62.0 59.0 66.0 60.0 
59.0 59.0 57.0 53.0 
60.0 59.0 57.0 54.0 
124.0 61.0 198.0 333.0 
61.0 58.0 65.0 57.0 
58.0 59.0 56.0 52.0 
60.0 60.0 58.0 52.0 
126.0 62.0 199.0 388.0 
60.0 59.0 64.0 58.0 
58.0 60.0 56.0 53.0 
59.0 60.0 58.0 53.0 
138.0 61.0 201.0 412.0 
61.0 58.0 65.0 56.0 
60.0 59.0 60.0 55.0 
58.0 60.0 58.0 51.0 
152.0 63.0 205.0 455.0 
60.0 58.0 65.0 56.0 
60.0 59.0 60.0 55.0 
59.0 59.0 57.0 50.0 
153.0 63.0 190.0 382.0 
60.0 58.0 65.0 58.0 
61.0 60.0 61.0 56.0 
61.0 60.0 56.0 51.0 
164.0 63.0 191.0 408.0 
61.0 58.0 66.0 58.0 
61.0 59.0 61.0 55.0 
57.0 60.0 58.0 51.0 
172.0 62.0 186.0 404.0 
60.0 59.0 66.0 57.0 
60.0 59.0 63.0 57.0 
56.0 60.0 57.0 52.0 
157.0 63.0 182.0 387.0 
60.0 58.0 65.0 58.0 
60.0 59.0 62.0 57.0 
56.0 59.0 56.0 50.0 
163.0 61.0 173.0 352.0 
60.0 59.0 66.0 58.0 
60.0 58.0 62.0 57.0 
56.0 60.0 58.0 51.0 
164.0 61.0 165.0 316.0 
60.0 59.0 66.0 58.0 
59.0 60.0 63.0 58.0 
56.0 60.0 58.0 52.0 
158.0 60.0 157.0 288.0 
60.0 59.0 68.0 61.0 
60.0 60.0 63.0 58.0 
57.0 60.0 57.0 53.0 
175.0 60.0 158.0 302.0 
59.0 58.0 68.0 60.0 
58.0 59.0 62.0 57.0 
55.0 60.0 57.0 51.0 
192.0 61.0 134.0 307.0 
60.0 59.0 69.0 62.0 
59.0 59.0 63.0 59.0 
55.0 60.0 57.0 52.0 
203.0 61.0 133.0 302.0 
61.0 59.0 72.0 63.0 
58.0 59.0 60.0 56.0 
54.0 60.0 58.0 51.0 
209.0 61.0 132.0 303.0 
60.0 59.0 72.0 62.0 
57.0 59.0 60.0 57.0 
54.0 60.0 57.0 52.0 
199.0 60.0 126.0 278.0 
61.0 59.0 72.0 65.0 
57.0 59.0 62.0 59.0 
54.0 60.0 57.0 53.0 
204.0 60.0 124.0 269.0 
60.0 60.0 72.0 64.0 
58.0 60.0 62.0 59.0 
55.0 60.0 58.0 53.0 
203.0 60.0 122.0 249.0 
61.0 58.0 72.0 64.0 
59.0 59.0 62.0 60.0 
54.0 60.0 58.0 53.0 
211.0 60.0 121.0 249.0 
60.0 59.0 73.0 65.0 
58.0 59.0 62.0 59.0 
54.0 60.0 57.0 53.0 
210.0 421.0 120.0 223.0 
62.0 59.0 73.0 64.0 
58.0 58.0 63.0 60.0 
53.0 60.0 57.0 54.0 
217.0 465.0 118.0 210.0 
61.0 59.0 73.0 66.0 
58.0 60.0 63.0 60.0 
52.0 59.0 59.0 54.0 
239.0 532.0 120.0 214.0 
62.0 60.0 78.0 66.0 
57.0 58.0 63.0 60.0 
52.0 59.0 58.0 53.0 
238.0 502.0 119.0 214.0 
63.0 58.0 79.0 69.0 
57.0 58.0 62.0 60.0 
52.0 60.0 58.0 54.0 
256.0 567.0 118.0 208.0 
62.0 60.0 80.0 68.0 
60.0 55.0 65.0 63.0 
52.0 60.0 57.0 54.0 
267.0 568.0 114.0 204.0 
62.0 60.0 80.0 68.0 
61.0 55.0 65.0 65.0 
54.0 47.0 57.0 56.0 
273.0 562.0 114.0 200.0 
63.0 60.0 81.0 68.0 
61.0 59.0 65.0 65.0 
52.0 60.0 57.0 54.0 
269.0 524.0 117.0 193.0 
63.0 62.0 80.0 70.0 
62.0 57.0 66.0 65.0 
54.0 48.0 58.0 56.0 
296.0 506.0 117.0 184.0 
63.0 66.0 81.0 69.0 
61.0 59.0 66.0 66.0 
53.0 49.0 57.0 57.0 
303.0 453.0 112.0 168.0 
63.0 65.0 80.0 70.0 
61.0 60.0 67.0 67.0 
53.0 50.0 57.0 57.0 
342.0 473.0 114.0 172.0 
64.0 66.0 81.0 70.0 
61.0 60.0 67.0 67.0 
51.0 50.0 57.0 57.0 
383.0 473.0 116.0 174.0 
64.0 67.0 80.0 70.0 
61.0 61.0 68.0 68.0 
51.0 49.0 57.0 58.0 
418.0 452.0 117.0 170.0 
66.0 67.0 81.0 70.0 
62.0 60.0 67.0 66.0 
53.0 54.0 60.0 60.0 
423.0 392.0 117.0 155.0 
68.0 69.0 80.0 71.0 
60.0 60.0 66.0 67.0 
53.0 55.0 60.0 61.0 
392.0 318.0 112.0 129.0 
72.0 73.0 86.0 75.0 
50.0 53.0 57.0 58.0 
56.0 58.0 62.0 64.0 
425.0 312.0 114.0 128.0 
74.0 72.0 85.0 74.0 
50.0 53.0 57.0 58.0 
56.0 59.0 63.0 64.0 
421.0 293.0 118.0 120.0 
77.0 75.0 83.0 75.0 
50.0 53.0 59.0 58.0 
56.0 60.0 62.0 64.0 
355.0 273.0 119.0 114.0 
75.0 74.0 84.0 75.0 
52.0 55.0 56.0 58.0 
59.0 60.0 62.0 64.0 
358.0 277.0 118.0 118.0 
76.0 74.0 84.0 75.0 
50.0 53.0 58.0 58.0 
56.0 62.0 63.0 64.0 
431.0 260.0 125.0 114.0 
80.0 75.0 82.0 75.0 
50.0 55.0 55.0 58.0 
56.0 62.0 63.0 66.0 
444.0 252.0 130.0 112.0 
82.0 75.0 84.0 75.0 
50.0 54.0 58.0 58.0 
55.0 61.0 62.0 65.0 
415.0 230.0 130.0 107.0 
81.0 74.0 93.0 76.0 
51.0 55.0 58.0 59.0 
56.0 61.0 69.0 65.0 
393.0 210.0 133.0 101.0 
80.0 74.0 95.0 75.0 
50.0 55.0 56.0 58.0 
56.0 62.0 69.0 65.0 
375.0 199.0 132.0 98.0 
78.0 74.0 98.0 76.0 
51.0 54.0 56.0 58.0 
57.0 63.0 71.0 67.0 
329.0 191.0 133.0 95.0 
74.0 74.0 105.0 77.0 
53.0 55.0 55.0 58.0 
59.0 63.0 77.0 67.0 
326.0 191.0 139.0 96.0 
77.0 73.0 119.0 76.0 
52.0 57.0 55.0 60.0 
59.0 63.0 85.0 68.0 
304.0 114.0 139.0 84.0 
75.0 71.0 127.0 77.0 
52.0 57.0 54.0 58.0 
59.0 65.0 91.0 68.0 
291.0 109.0 139.0 82.0 
75.0 70.0 152.0 79.0 
55.0 60.0 71.0 62.0 
58.0 65.0 105.0 69.0 
269.0 104.0 130.0 79.0 
73.0 68.0 178.0 79.0 
61.0 64.0 165.0 74.0 
58.0 63.0 110.0 66.0 
256.0 101.0 129.0 79.0 
72.0 68.0 196.0 80.0 
64.0 68.0 252.0 84.0 
56.0 63.0 113.0 68.0 
244.0 98.0 129.0 78.0 
71.0 67.0 203.0 81.0 
68.0 72.0 327.0 95.0 
57.0 61.0 111.0 67.0 
237.0 97.0 123.0 78.0 
71.0 68.0 214.0 83.0 
70.0 74.0 366.0 102.0 
57.0 62.0 115.0 68.0 
235.0 95.0 129.0 78.0 
70.0 68.0 215.0 83.0 
76.0 78.0 443.0 113.0 
58.0 62.0 116.0 67.0 
221.0 93.0 123.0 77.0 
70.0 67.0 221.0 84.0 
78.0 81.0 483.0 121.0 
56.0 63.0 118.0 68.0 
221.0 92.0 116.0 76.0 
69.0 67.0 222.0 85.0 
78.0 82.0 498.0 125.0 
57.0 62.0 119.0 69.0 
185.0 61.0 111.0 83.0 
70.0 59.0 218.0 88.0 
85.0 66.0 504.0 133.0 
60.0 59.0 116.0 68.0 
185.0 60.0 106.0 82.0 
68.0 58.0 215.0 88.0 
85.0 66.0 518.0 139.0 
60.0 60.0 119.0 71.0 
157.0 60.0 102.0 82.0 
68.0 59.0 212.0 89.0 
88.0 67.0 541.0 148.0 
62.0 61.0 118.0 71.0 
146.0 59.0 101.0 79.0 
66.0 58.0 199.0 88.0 
85.0 67.0 579.0 160.0 
64.0 60.0 126.0 75.0 
146.0 60.0 97.0 77.0 
66.0 58.0 187.0 87.0 
89.0 65.0 582.0 169.0 
63.0 60.0 126.0 75.0 
108.0 59.0 126.0 92.0 
67.0 59.0 183.0 94.0 
85.0 66.0 497.0 172.0 
63.0 59.0 122.0 77.0 
100.0 59.0 129.0 99.0 
66.0 58.0 175.0 97.0 
85.0 65.0 471.0 182.0 
63.0 60.0 119.0 80.0 
102.0 59.0 125.0 99.0 
67.0 58.0 187.0 106.0 
84.0 64.0 430.0 182.0 
63.0 60.0 113.0 80.0 
102.0 61.0 128.0 105.0 
66.0 59.0 177.0 110.0 
105.0 67.0 556.0 343.0 
66.0 60.0 111.0 85.0 
106.0 59.0 132.0 114.0 
68.0 59.0 171.0 120.0 
81.0 62.0 358.0 218.0 
63.0 60.0 107.0 92.0 
144.0 59.0 137.0 133.0 
67.0 58.0 162.0 123.0 
87.0 65.0 440.0 280.0 
62.0 59.0 102.0 90.0 
167.0 60.0 141.0 145.0 
69.0 59.0 181.0 144.0 
89.0 65.0 453.0 311.0 
60.0 60.0 97.0 89.0 
163.0 60.0 144.0 148.0 
70.0 58.0 184.0 153.0 
85.0 63.0 413.0 291.0 
61.0 59.0 97.0 90.0 
155.0 60.0 144.0 156.0 
70.0 59.0 170.0 149.0 
82.0 62.0 369.0 280.0 
61.0 60.0 96.0 91.0 
159.0 59.0 148.0 162.0 
68.0 58.0 149.0 134.0 
87.0 63.0 399.0 310.0 
60.0 61.0 94.0 90.0 
155.0 60.0 144.0 161.0 
67.0 59.0 130.0 123.0 
86.0 64.0 401.0 344.0 
61.0 59.0 92.0 89.0 
139.0 59.0 143.0 170.0 
68.0 58.0 128.0 125.0 
89.0 62.0 364.0 333.0 
61.0 60.0 90.0 90.0 
133.0 60.0 146.0 177.0 
66.0 58.0 118.0 119.0 
97.0 63.0 344.0 395.0 
61.0 58.0 88.0 90.0 
120.0 58.0 144.0 177.0 
66.0 58.0 115.0 115.0 
100.0 63.0 357.0 425.0 
61.0 59.0 84.0 86.0 
121.0 59.0 140.0 157.0 
67.0 58.0 113.0 116.0 
103.0 64.0 328.0 441.0 
62.0 59.0 84.0 87.0 
98.0 59.0 133.0 138.0 
66.0 59.0 108.0 109.0 
109.0 64.0 302.0 457.0 
63.0 59.0 84.0 88.0 
103.0 60.0 143.0 152.0 
67.0 60.0 105.0 108.0 
129.0 66.0 315.0 598.0 
62.0 59.0 81.0 83.0 
115.0 59.0 143.0 172.0 
66.0 58.0 99.0 98.0 
121.0 66.0 289.0 506.0 
61.0 60.0 78.0 76.0 
120.0 60.0 144.0 181.0 
66.0 59.0 100.0 104.0 
119.0 67.0 282.0 523.0 
60.0 60.0 79.0 78.0 
118.0 59.0 137.0 168.0 
67.0 58.0 97.0 111.0 
119.0 65.0 268.0 537.0 
60.0 60.0 77.0 75.0 
121.0 60.0 141.0 166.0 
68.0 60.0 98.0 114.0 
129.0 68.0 258.0 572.0 
57.0 59.0 66.0 58.0 
119.0 59.0 139.0 169.0 
72.0 58.0 100.0 129.0 
131.0 66.0 254.0 550.0 
58.0 60.0 65.0 57.0 
123.0 60.0 145.0 187.0 
72.0 57.0 98.0 122.0 
127.0 65.0 235.0 529.0 
57.0 59.0 64.0 55.0 
135.0 59.0 146.0 201.0 
74.0 58.0 99.0 138.0 
131.0 65.0 230.0 523.0 
58.0 60.0 63.0 54.0 
136.0 59.0 138.0 184.0 
83.0 58.0 100.0 167.0 
129.0 64.0 212.0 510.0 
56.0 61.0 62.0 54.0 
194.0 60.0 141.0 192.0 
87.0 59.0 100.0 181.0 
122.0 64.0 185.0 460.0 
57.0 60.0 60.0 53.0 
188.0 59.0 146.0 240.0 
85.0 59.0 97.0 176.0 
110.0 61.0 167.0 385.0 
56.0 60.0 61.0 54.0 
220.0 59.0 145.0 232.0 
88.0 59.0 94.0 172.0 
116.0 63.0 165.0 447.0 
53.0 60.0 60.0 53.0 
192.0 59.0 144.0 222.0 
90.0 58.0 93.0 167.0 
130.0 63.0 156.0 439.0 
55.0 59.0 62.0 53.0 
196.0 58.0 118.0 226.0 
91.0 59.0 87.0 154.0 
123.0 61.0 127.0 360.0 
55.0 60.0 61.0 55.0 
220.0 59.0 118.0 222.0 
90.0 59.0 87.0 150.0 
119.0 59.0 126.0 348.0 
59.0 60.0 62.0 59.0 
250.0 60.0 117.0 222.0 
91.0 58.0 85.0 138.0 
120.0 60.0 120.0 336.0 
58.0 60.0 63.0 59.0 
224.0 60.0 119.0 237.0 
88.0 59.0 81.0 127.0 
146.0 60.0 122.0 340.0 
58.0 60.0 61.0 59.0 
245.0 60.0 118.0 229.0 
83.0 59.0 77.0 107.0 
165.0 60.0 121.0 331.0 
57.0 59.0 61.0 58.0 
256.0 61.0 117.0 226.0 
90.0 58.0 78.0 108.0 
195.0 60.0 121.0 338.0 
56.0 59.0 61.0 58.0 
245.0 59.0 114.0 214.0 
93.0 58.0 76.0 107.0 
199.0 61.0 113.0 318.0 
56.0 60.0 60.0 56.0 
260.0 60.0 113.0 211.0 
97.0 58.0 76.0 105.0 
189.0 60.0 105.0 266.0 
57.0 60.0 61.0 57.0 
259.0 60.0 111.0 202.0 
99.0 59.0 73.0 98.0 
192.0 59.0 102.0 242.0 
57.0 60.0 62.0 58.0 
288.0 61.0 111.0 200.0 
98.0 58.0 74.0 98.0 
194.0 59.0 98.0 221.0 
54.0 59.0 60.0 57.0 
307.0 60.0 110.0 194.0 
96.0 57.0 72.0 92.0 
202.0 59.0 95.0 218.0 
55.0 60.0 61.0 57.0 
324.0 61.0 109.0 192.0 
94.0 59.0 70.0 86.0 
301.0 60.0 104.0 236.0 
48.0 60.0 60.0 54.0 
331.0 62.0 111.0 192.0 
96.0 59.0 69.0 84.0 
345.0 66.0 111.0 251.0 
46.0 59.0 58.0 52.0 
344.0 62.0 108.0 181.0 
97.0 58.0 69.0 83.0 
398.0 63.0 108.0 232.0 
45.0 60.0 58.0 53.0 
346.0 63.0 109.0 174.0 
98.0 58.0 70.0 81.0 
369.0 62.0 101.0 213.0 
44.0 59.0 58.0 53.0 
323.0 62.0 106.0 158.0 
94.0 59.0 71.0 83.0 
385.0 64.0 97.0 202.0 
44.0 59.0 57.0 54.0 
321.0 60.0 106.0 159.0 
106.0 58.0 70.0 77.0 
362.0 62.0 92.0 182.0 
47.0 60.0 58.0 54.0 
311.0 60.0 104.0 152.0 
97.0 59.0 69.0 72.0 
590.0 66.0 98.0 201.0 
44.0 59.0 59.0 54.0 
293.0 61.0 105.0 149.0 
87.0 58.0 69.0 71.0 
575.0 65.0 99.0 195.0 
41.0 60.0 58.0 54.0 
276.0 61.0 105.0 146.0 
83.0 59.0 68.0 71.0 
615.0 64.0 99.0 198.0 
41.0 60.0 59.0 55.0 
273.0 61.0 105.0 141.0 
91.0 59.0 68.0 71.0 
586.0 66.0 96.0 170.0 
43.0 60.0 59.0 56.0 
303.0 60.0 108.0 142.0 
125.0 59.0 68.0 76.0 
617.0 65.0 97.0 170.0 
41.0 60.0 57.0 55.0 
307.0 61.0 106.0 137.0 
127.0 60.0 67.0 74.0 
645.0 64.0 96.0 168.0 
41.0 60.0 58.0 55.0 
319.0 61.0 104.0 135.0 
129.0 59.0 67.0 73.0 
517.0 64.0 96.0 165.0 
41.0 59.0 58.0 56.0 
294.0 61.0 109.0 138.0 
116.0 60.0 65.0 69.0 
665.0 63.0 93.0 156.0 
41.0 59.0 58.0 56.0 
312.0 62.0 108.0 139.0 
114.0 59.0 64.0 68.0 
540.0 67.0 92.0 143.0 
42.0 61.0 57.0 56.0 
322.0 61.0 110.0 141.0 
108.0 58.0 63.0 68.0 
508.0 66.0 91.0 138.0 
40.0 59.0 59.0 56.0 
319.0 61.0 112.0 140.0 
79.0 59.0 64.0 64.0 
544.0 67.0 92.0 140.0 
46.0 59.0 59.0 56.0 
327.0 62.0 115.0 140.0 
85.0 58.0 64.0 64.0 
557.0 66.0 91.0 137.0 
44.0 60.0 58.0 56.0 
308.0 61.0 115.0 139.0 
90.0 58.0 63.0 65.0 
577.0 66.0 91.0 135.0 
47.0 59.0 58.0 56.0 
304.0 61.0 115.0 137.0 
77.0 58.0 63.0 64.0 
553.0 66.0 89.0 132.0 
40.0 60.0 58.0 56.0 
301.0 61.0 116.0 132.0 
63.0 58.0 64.0 62.0 
529.0 67.0 90.0 127.0 
42.0 60.0 59.0 56.0 
287.0 60.0 115.0 130.0 
64.0 58.0 63.0 62.0 
501.0 66.0 88.0 120.0 
42.0 60.0 58.0 56.0 
285.0 61.0 115.0 130.0 
47.0 58.0 62.0 59.0 
506.0 67.0 88.0 121.0 
43.0 59.0 58.0 57.0 
281.0 60.0 121.0 132.0 
46.0 59.0 64.0 59.0 
506.0 67.0 86.0 116.0 
42.0 59.0 58.0 56.0 
294.0 60.0 118.0 132.0 
47.0 59.0 64.0 59.0 
494.0 66.0 86.0 112.0 
42.0 60.0 57.0 57.0 
293.0 61.0 118.0 131.0 
47.0 59.0 63.0 60.0 
435.0 65.0 82.0 105.0 
43.0 60.0 58.0 57.0 
282.0 61.0 119.0 131.0 
48.0 59.0 65.0 60.0 
405.0 63.0 81.0 103.0 
43.0 60.0 57.0 57.0 
289.0 61.0 111.0 127.0 
48.0 58.0 64.0 61.0 
358.0 61.0 80.0 99.0 
44.0 60.0 59.0 57.0 
287.0 61.0 105.0 126.0 
49.0 58.0 66.0 60.0 
306.0 61.0 76.0 91.0 
46.0 60.0 58.0 57.0 
289.0 61.0 97.0 123.0 
50.0 59.0 68.0 61.0 
271.0 60.0 75.0 90.0 
45.0 60.0 58.0 58.0 
295.0 61.0 96.0 123.0 
51.0 59.0 69.0 61.0 
232.0 60.0 74.0 86.0 
46.0 59.0 58.0 58.0 
299.0 61.0 98.0 124.0 
52.0 58.0 68.0 60.0 
191.0 60.0 70.0 79.0 
47.0 59.0 59.0 56.0 
298.0 61.0 99.0 122.0 
52.0 59.0 66.0 61.0 
169.0 59.0 70.0 78.0 
48.0 60.0 58.0 57.0 
297.0 61.0 98.0 119.0 
52.0 59.0 66.0 61.0 
146.0 61.0 68.0 76.0 
49.0 61.0 58.0 58.0 
283.0 62.0 95.0 105.0 
54.0 58.0 67.0 61.0 
127.0 59.0 68.0 76.0 
51.0 60.0 61.0 59.0 
272.0 60.0 95.0 105.0 
55.0 58.0 68.0 63.0 
105.0 59.0 66.0 72.0 
51.0 60.0 60.0 60.0 
260.0 61.0 91.0 89.0 
56.0 59.0 68.0 63.0 
101.0 59.0 67.0 71.0 
52.0 60.0 61.0 60.0 
259.0 60.0 91.0 89.0 
56.0 59.0 68.0 63.0 
83.0 58.0 64.0 68.0 
53.0 61.0 61.0 60.0 
256.0 61.0 94.0 89.0 
56.0 59.0 69.0 63.0 
77.0 59.0 63.0 66.0 
54.0 60.0 62.0 60.0 
248.0 60.0 98.0 88.0 
56.0 59.0 67.0 63.0 
74.0 59.0 64.0 68.0 
53.0 60.0 60.0 61.0 
245.0 60.0 97.0 87.0 
56.0 58.0 68.0 63.0 
69.0 59.0 63.0 67.0 
54.0 60.0 61.0 60.0 
219.0 60.0 125.0 95.0 
58.0 60.0 68.0 64.0 
68.0 60.0 61.0 67.0 
56.0 60.0 61.0 60.0 
207.0 60.0 123.0 98.0 
61.0 59.0 69.0 65.0 
59.0 58.0 60.0 60.0 
59.0 60.0 61.0 61.0 
185.0 61.0 129.0 97.0 
62.0 58.0 68.0 65.0 
63.0 60.0 59.0 61.0 
59.0 60.0 61.0 61.0 
190.0 59.0 133.0 107.0 
61.0 58.0 68.0 65.0 
58.0 60.0 60.0 61.0 
59.0 60.0 60.0 61.0 
125.0 68.0 134.0 111.0 
61.0 59.0 69.0 64.0 
58.0 58.0 60.0 60.0 
60.0 60.0 60.0 61.0 
118.0 59.0 130.0 109.0 
62.0 58.0 68.0 65.0 
58.0 59.0 60.0 61.0 
59.0 60.0 60.0 61.0 
118.0 59.0 127.0 110.0 
63.0 58.0 68.0 65.0 
59.0 59.0 61.0 62.0 
59.0 60.0 62.0 62.0 
120.0 60.0 133.0 117.0 
62.0 59.0 66.0 64.0 
60.0 59.0 59.0 61.0 
60.0 60.0 59.0 61.0 
120.0 60.0 122.0 113.0 
61.0 59.0 68.0 65.0 
59.0 59.0 61.0 61.0 
60.0 60.0 60.0 59.0 
110.0 60.0 132.0 115.0 
61.0 59.0 68.0 65.0 
59.0 59.0 60.0 61.0 
60.0 59.0 59.0 60.0 
97.0 60.0 130.0 119.0 
62.0 56.0 68.0 64.0 
60.0 59.0 61.0 61.0 
61.0 60.0 60.0 60.0 
91.0 59.0 99.0 108.0 
63.0 59.0 68.0 65.0 
60.0 59.0 60.0 62.0 
59.0 59.0 59.0 61.0 
91.0 59.0 98.0 101.0 
62.0 58.0 67.0 65.0 
59.0 58.0 61.0 62.0 
59.0 60.0 59.0 60.0 
92.0 60.0 97.0 102.0 
62.0 59.0 67.0 65.0 
60.0 59.0 61.0 63.0 
60.0 60.0 60.0 60.0 
110.0 60.0 97.0 103.0 
62.0 59.0 68.0 64.0 
60.0 60.0 61.0 62.0 
60.0 58.0 60.0 61.0 
117.0 58.0 99.0 100.0 
62.0 59.0 67.0 64.0 
60.0 59.0 61.0 61.0 
59.0 60.0 59.0 60.0 
138.0 60.0 104.0 132.0 
60.0 58.0 66.0 64.0 
59.0 60.0 61.0 60.0 
59.0 60.0 59.0 58.0 
183.0 60.0 106.0 152.0 
58.0 59.0 60.0 59.0 
59.0 59.0 62.0 60.0 
57.0 59.0 59.0 58.0 
182.0 59.0 106.0 145.0 
57.0 59.0 59.0 58.0 
59.0 59.0 61.0 60.0 
57.0 59.0 58.0 57.0 
181.0 59.0 106.0 150.0 
58.0 58.0 60.0 57.0 
58.0 58.0 62.0 61.0 
56.0 60.0 59.0 57.0 
205.0 60.0 101.0 149.0 
56.0 59.0 60.0 59.0 
57.0 59.0 63.0 61.0 
55.0 59.0 60.0 57.0 
213.0 60.0 100.0 155.0 
56.0 59.0 60.0 58.0 
56.0 60.0 63.0 61.0 
55.0 60.0 59.0 57.0 
218.0 60.0 102.0 173.0 
55.0 59.0 61.0 57.0 
56.0 59.0 61.0 59.0 
55.0 60.0 60.0 57.0 
232.0 60.0 105.0 189.0 
56.0 58.0 61.0 58.0 
57.0 59.0 61.0 60.0 
54.0 60.0 58.0 56.0 
235.0 61.0 105.0 196.0 
56.0 59.0 60.0 57.0 
56.0 60.0 62.0 60.0 
54.0 60.0 59.0 56.0 
239.0 60.0 103.0 190.0 
55.0 59.0 60.0 58.0 
57.0 59.0 62.0 59.0 
54.0 60.0 59.0 56.0 
228.0 60.0 106.0 188.0 
56.0 59.0 61.0 58.0 
57.0 59.0 62.0 60.0 
55.0 60.0 59.0 56.0 
234.0 60.0 102.0 164.0 
56.0 58.0 60.0 58.0 
56.0 59.0 62.0 61.0 
55.0 60.0 60.0 58.0 
198.0 59.0 101.0 148.0 
57.0 59.0 60.0 59.0 
58.0 60.0 62.0 61.0 
58.0 59.0 59.0 60.0 
198.0 59.0 99.0 140.0 
56.0 58.0 60.0 59.0 
58.0 60.0 62.0 62.0 
58.0 59.0 61.0 59.0 
198.0 60.0 102.0 148.0 
57.0 58.0 60.0 59.0 
58.0 59.0 62.0 60.0 
57.0 60.0 60.0 59.0 
164.0 59.0 100.0 138.0 
57.0 58.0 61.0 59.0 
57.0 60.0 62.0 60.0 
58.0 59.0 60.0 59.0 
196.0 61.0 100.0 144.0 
58.0 58.0 60.0 59.0 
56.0 61.0 62.0 61.0 
56.0 61.0 60.0 60.0 
199.0 59.0 101.0 154.0 
57.0 59.0 64.0 61.0 
57.0 59.0 62.0 60.0 
57.0 60.0 61.0 59.0 
192.0 59.0 101.0 158.0 
59.0 58.0 64.0 61.0 
57.0 58.0 61.0 60.0 
57.0 59.0 60.0 57.0 
199.0 60.0 103.0 172.0 
59.0 58.0 65.0 60.0 
56.0 59.0 61.0 59.0 
56.0 60.0 60.0 57.0 
211.0 60.0 102.0 175.0 
57.0 59.0 66.0 61.0 
57.0 58.0 60.0 60.0 
56.0 60.0 60.0 57.0 
212.0 60.0 103.0 181.0 
58.0 58.0 65.0 61.0 
58.0 59.0 62.0 59.0 
56.0 61.0 60.0 57.0 
205.0 60.0 100.0 163.0 
58.0 59.0 66.0 60.0 
57.0 59.0 62.0 59.0 
56.0 60.0 60.0 58.0 
209.0 60.0 99.0 160.0 
58.0 58.0 66.0 62.0 
56.0 59.0 61.0 59.0 
55.0 60.0 60.0 58.0 
217.0 59.0 102.0 168.0 
58.0 58.0 66.0 61.0 
55.0 59.0 61.0 60.0 
55.0 62.0 59.0 57.0 
216.0 58.0 103.0 167.0 
59.0 59.0 67.0 61.0 
56.0 59.0 61.0 59.0 
56.0 60.0 59.0 57.0 
230.0 60.0 102.0 164.0 
57.0 59.0 66.0 61.0 
56.0 59.0 61.0 59.0 
55.0 60.0 61.0 58.0 
212.0 61.0 97.0 142.0 
60.0 60.0 65.0 62.0 
58.0 58.0 61.0 60.0 
56.0 59.0 61.0 58.0 
217.0 60.0 99.0 141.0 
58.0 59.0 66.0 62.0 
57.0 59.0 61.0 60.0 
56.0 60.0 61.0 58.0 
226.0 60.0 97.0 143.0 
58.0 59.0 66.0 62.0 
57.0 60.0 60.0 60.0 
56.0 58.0 61.0 58.0 
225.0 60.0 97.0 141.0 
58.0 59.0 67.0 62.0 
56.0 59.0 61.0 61.0 
56.0 60.0 60.0 59.0 
242.0 61.0 98.0 142.0 
59.0 58.0 66.0 62.0 
56.0 60.0 61.0 60.0 
55.0 61.0 60.0 58.0 
281.0 61.0 98.0 144.0 
57.0 59.0 67.0 63.0 
55.0 61.0 60.0 60.0 
54.0 60.0 60.0 59.0 
279.0 61.0 99.0 142.0 
58.0 58.0 65.0 62.0 
55.0 59.0 62.0 59.0 
53.0 59.0 60.0 59.0 
281.0 61.0 97.0 140.0 
57.0 58.0 66.0 63.0 
55.0 59.0 60.0 59.0 
53.0 59.0 60.0 59.0 
303.0 61.0 97.0 135.0 
58.0 59.0 67.0 62.0 
53.0 59.0 61.0 60.0 
53.0 60.0 61.0 59.0 
286.0 61.0 96.0 130.0 
56.0 59.0 66.0 62.0 
55.0 59.0 62.0 60.0 
54.0 61.0 59.0 59.0 
318.0 61.0 98.0 136.0 
55.0 59.0 67.0 62.0 
54.0 59.0 61.0 60.0 
51.0 61.0 60.0 59.0 
326.0 62.0 97.0 137.0 
57.0 58.0 67.0 63.0 
53.0 59.0 61.0 60.0 
53.0 60.0 60.0 60.0 
313.0 62.0 96.0 137.0 
56.0 58.0 67.0 62.0 
53.0 60.0 61.0 61.0 
52.0 59.0 60.0 59.0 
312.0 61.0 98.0 134.0 
57.0 60.0 67.0 63.0 
53.0 59.0 61.0 60.0 
52.0 60.0 61.0 59.0 
306.0 61.0 97.0 135.0 
57.0 58.0 67.0 63.0 
56.0 58.0 61.0 60.0 
53.0 60.0 59.0 59.0 
292.0 61.0 97.0 132.0 
58.0 58.0 66.0 63.0 
57.0 59.0 62.0 60.0 
56.0 60.0 60.0 60.0 
284.0 60.0 98.0 134.0 
58.0 59.0 66.0 63.0 
55.0 60.0 62.0 60.0 
54.0 59.0 61.0 59.0 
269.0 59.0 97.0 127.0 
58.0 59.0 67.0 63.0 
55.0 59.0 61.0 60.0 
54.0 61.0 60.0 59.0 
282.0 61.0 95.0 133.0 
58.0 59.0 66.0 64.0 
55.0 59.0 61.0 60.0 
55.0 59.0 61.0 58.0 
285.0 61.0 95.0 131.0 
58.0 59.0 68.0 63.0 
56.0 59.0 61.0 59.0 
54.0 60.0 60.0 59.0 
298.0 61.0 96.0 131.0 
57.0 60.0 67.0 63.0 
54.0 59.0 61.0 60.0 
53.0 59.0 61.0 60.0 
307.0 60.0 96.0 133.0 
57.0 58.0 67.0 63.0 
54.0 59.0 61.0 59.0 
53.0 60.0 60.0 59.0 
265.0 61.0 96.0 128.0 
57.0 58.0 66.0 63.0 
56.0 59.0 61.0 59.0 
56.0 60.0 61.0 59.0 
297.0 61.0 95.0 129.0 
56.0 58.0 67.0 63.0 
54.0 59.0 61.0 60.0 
53.0 59.0 60.0 59.0 
270.0 61.0 94.0 126.0 
59.0 59.0 67.0 62.0 
56.0 59.0 62.0 60.0 
55.0 60.0 60.0 60.0 
254.0 60.0 94.0 122.0 
57.0 59.0 66.0 64.0 
57.0 60.0 62.0 60.0 
54.0 60.0 60.0 59.0 
262.0 61.0 94.0 123.0 
59.0 58.0 67.0 63.0 
54.0 59.0 62.0 60.0 
55.0 60.0 60.0 59.0 
269.0 60.0 94.0 124.0 
58.0 59.0 68.0 64.0 
55.0 59.0 62.0 60.0 
56.0 59.0 60.0 60.0 
236.0 60.0 91.0 110.0 
60.0 59.0 67.0 64.0 
57.0 59.0 61.0 62.0 
58.0 60.0 61.0 60.0 
248.0 60.0 92.0 110.0 
58.0 59.0 67.0 64.0 
55.0 60.0 62.0 62.0 
55.0 60.0 60.0 60.0 
243.0 59.0 91.0 90.0 
58.0 59.0 67.0 65.0 
56.0 60.0 62.0 62.0 
55.0 61.0 60.0 61.0 
246.0 61.0 89.0 89.0 
57.0 59.0 68.0 66.0 
55.0 60.0 61.0 62.0 
55.0 60.0 60.0 60.0 
235.0 60.0 88.0 89.0 
58.0 58.0 68.0 64.0 
56.0 59.0 61.0 62.0 
55.0 59.0 61.0 61.0 
233.0 60.0 89.0 87.0 
59.0 59.0 67.0 65.0 
56.0 59.0 61.0 62.0 
55.0 60.0 61.0 61.0 
224.0 60.0 89.0 87.0 
59.0 57.0 67.0 65.0 
56.0 58.0 61.0 62.0 
55.0 60.0 61.0 61.0 
212.0 59.0 88.0 86.0 
59.0 58.0 68.0 65.0 
57.0 58.0 62.0 62.0 
58.0 59.0 59.0 60.0 
214.0 61.0 87.0 86.0 
61.0 59.0 67.0 65.0 
58.0 58.0 62.0 62.0 
58.0 61.0 60.0 61.0 
198.0 60.0 87.0 86.0 
61.0 58.0 68.0 65.0 
58.0 60.0 62.0 63.0 
59.0 60.0 61.0 61.0 
195.0 59.0 88.0 84.0 
60.0 58.0 67.0 66.0 
57.0 59.0 61.0 62.0 
58.0 60.0 60.0 61.0 
206.0 60.0 90.0 85.0 
60.0 59.0 68.0 66.0 
59.0 60.0 61.0 63.0 
58.0 60.0 60.0 62.0 
167.0 60.0 86.0 84.0 
61.0 59.0 68.0 66.0 
59.0 59.0 61.0 62.0 
58.0 60.0 61.0 60.0 
164.0 59.0 87.0 84.0 
60.0 57.0 69.0 67.0 
60.0 58.0 62.0 62.0 
60.0 60.0 60.0 61.0 
193.0 60.0 88.0 83.0 
60.0 59.0 68.0 65.0 
58.0 59.0 61.0 62.0 
58.0 60.0 61.0 62.0 
177.0 59.0 87.0 83.0 
62.0 58.0 68.0 65.0 
60.0 59.0 61.0 61.0 
59.0 59.0 61.0 61.0 
187.0 60.0 88.0 82.0 
60.0 58.0 68.0 65.0 
59.0 60.0 61.0 62.0 
58.0 60.0 60.0 61.0 
151.0 60.0 87.0 79.0 
62.0 59.0 67.0 65.0 
59.0 59.0 62.0 61.0 
60.0 59.0 61.0 61.0 
160.0 60.0 87.0 80.0 
62.0 59.0 67.0 65.0 
60.0 59.0 61.0 62.0 
59.0 60.0 61.0 61.0 
155.0 59.0 87.0 80.0 
61.0 58.0 67.0 65.0 
60.0 59.0 61.0 62.0 
59.0 60.0 60.0 61.0 
141.0 60.0 86.0 78.0 
62.0 59.0 68.0 65.0 
59.0 59.0 62.0 62.0 
60.0 59.0 60.0 61.0 
136.0 59.0 86.0 77.0 
62.0 59.0 67.0 65.0 
60.0 59.0 61.0 62.0 
60.0 60.0 60.0 62.0 
134.0 59.0 84.0 77.0 
61.0 59.0 68.0 65.0 
60.0 59.0 61.0 63.0 
60.0 59.0 61.0 62.0 
127.0 60.0 86.0 77.0 
61.0 59.0 67.0 66.0 
59.0 59.0 61.0 62.0 
59.0 60.0 60.0 61.0 
134.0 60.0 86.0 78.0 
61.0 58.0 68.0 66.0 
60.0 59.0 62.0 61.0 
60.0 60.0 61.0 62.0 
124.0 61.0 85.0 82.0 
60.0 59.0 68.0 65.0 
58.0 60.0 61.0 63.0 
57.0 59.0 59.0 61.0 
174.0 60.0 86.0 81.0 
61.0 59.0 68.0 65.0 
59.0 59.0 61.0 62.0 
59.0 59.0 61.0 61.0 
162.0 60.0 87.0 80.0 
62.0 59.0 68.0 65.0 
60.0 59.0 61.0 62.0 
60.0 61.0 61.0 62.0 
120.0 60.0 86.0 80.0 
61.0 58.0 67.0 66.0 
58.0 59.0 61.0 62.0 
59.0 60.0 61.0 62.0 
168.0 60.0 86.0 80.0 
60.0 60.0 67.0 65.0 
59.0 59.0 61.0 62.0 
59.0 59.0 61.0 60.0 
170.0 60.0 86.0 81.0 
59.0 58.0 67.0 65.0 
58.0 60.0 61.0 61.0 
57.0 60.0 61.0 61.0 
171.0 59.0 86.0 81.0 
60.0 58.0 67.0 64.0 
58.0 59.0 61.0 62.0 
58.0 60.0 60.0 62.0 
165.0 59.0 86.0 80.0 
60.0 59.0 66.0 65.0 
58.0 59.0 61.0 62.0 
58.0 60.0 61.0 61.0 
169.0 60.0 85.0 79.0 
61.0 59.0 67.0 65.0 
58.0 60.0 61.0 62.0 
60.0 60.0 61.0 62.0 
117.0 59.0 84.0 75.0 
61.0 59.0 66.0 64.0 
60.0 58.0 61.0 62.0 
60.0 60.0 60.0 62.0 
119.0 60.0 84.0 75.0 
61.0 58.0 66.0 65.0 
61.0 60.0 62.0 61.0 
60.0 60.0 60.0 62.0 
123.0 59.0 86.0 76.0 
62.0 59.0 67.0 65.0 
60.0 59.0 61.0 62.0 
60.0 60.0 61.0 60.0 
124.0 60.0 85.0 76.0 
61.0 58.0 64.0 63.0 
60.0 59.0 62.0 63.0 
60.0 59.0 61.0 61.0 
124.0 60.0 85.0 77.0 
60.0 58.0 62.0 63.0 
60.0 59.0 62.0 63.0 
60.0 60.0 60.0 61.0 
132.0 60.0 84.0 77.0 
60.0 59.0 63.0 62.0 
60.0 59.0 62.0 62.0 
59.0 59.0 62.0 61.0 
126.0 60.0 85.0 77.0 
60.0 58.0 64.0 63.0 
60.0 58.0 62.0 63.0 
60.0 59.0 61.0 61.0 
127.0 60.0 86.0 76.0 
59.0 59.0 60.0 60.0 
60.0 61.0 62.0 63.0 
60.0 61.0 60.0 62.0 
123.0 59.0 85.0 77.0 
59.0 58.0 62.0 60.0 
61.0 58.0 62.0 64.0 
60.0 59.0 61.0 61.0 
124.0 59.0 85.0 77.0 
59.0 59.0 60.0 60.0 
60.0 59.0 62.0 63.0 
60.0 58.0 60.0 61.0 
123.0 60.0 84.0 76.0 
59.0 58.0 61.0 60.0 
60.0 59.0 62.0 63.0 
60.0 60.0 61.0 61.0 
123.0 59.0 84.0 77.0 
59.0 59.0 61.0 61.0 
59.0 59.0 63.0 63.0 
59.0 60.0 60.0 61.0 
121.0 60.0 84.0 76.0 
59.0 58.0 61.0 60.0 
60.0 59.0 62.0 63.0 
60.0 60.0 61.0 62.0 
121.0 59.0 83.0 75.0 
59.0 59.0 59.0 61.0 
61.0 59.0 63.0 63.0 
60.0 60.0 61.0 61.0 
121.0 60.0 84.0 75.0 
59.0 58.0 60.0 60.0 
61.0 59.0 62.0 63.0 
60.0 60.0 61.0 62.0 
120.0 59.0 84.0 76.0 
59.0 58.0 61.0 61.0 
60.0 60.0 61.0 62.0 
59.0 61.0 62.0 62.0 
117.0 60.0 83.0 76.0 
59.0 59.0 61.0 61.0 
60.0 59.0 63.0 63.0 
59.0 59.0 61.0 62.0 
118.0 60.0 82.0 76.0 
59.0 58.0 61.0 61.0 
60.0 59.0 63.0 62.0 
60.0 59.0 61.0 62.0 
118.0 60.0 83.0 75.0 
59.0 60.0 61.0 61.0 
61.0 58.0 63.0 64.0 
59.0 61.0 61.0 62.0 
125.0 60.0 84.0 76.0 
59.0 58.0 61.0 60.0 
60.0 60.0 62.0 63.0 
60.0 60.0 60.0 62.0 
118.0 60.0 84.0 75.0 
59.0 59.0 61.0 60.0 
60.0 59.0 62.0 63.0 
60.0 59.0 60.0 62.0 
121.0 59.0 84.0 76.0 
59.0 59.0 60.0 61.0 
60.0 59.0 61.0 63.0 
61.0 59.0 61.0 61.0 
117.0 60.0 83.0 76.0 
60.0 58.0 61.0 61.0 
61.0 59.0 63.0 62.0 
60.0 60.0 61.0 62.0 
117.0 60.0 83.0 76.0 
60.0 58.0 61.0 60.0 
60.0 60.0 63.0 63.0 
59.0 60.0 61.0 62.0 
117.0 60.0 83.0 75.0 
59.0 59.0 61.0 60.0 
60.0 59.0 63.0 63.0 
60.0 59.0 62.0 61.0 
117.0 60.0 83.0 75.0 
59.0 58.0 61.0 60.0 
61.0 59.0 63.0 63.0 
60.0 59.0 62.0 61.0 
118.0 60.0 82.0 76.0 
59.0 58.0 61.0 60.0 
61.0 59.0 63.0 63.0 
60.0 60.0 61.0 61.0 
117.0 60.0 83.0 75.0 
59.0 59.0 65.0 64.0 
60.0 58.0 63.0 63.0 
60.0 60.0 61.0 61.0 
118.0 60.0 82.0 75.0 
61.0 58.0 65.0 62.0 
60.0 59.0 61.0 63.0 
59.0 59.0 61.0 62.0 
119.0 60.0 83.0 75.0 
60.0 59.0 66.0 63.0 
59.0 60.0 63.0 63.0 
60.0 60.0 61.0 61.0 
119.0 60.0 82.0 75.0 
60.0 58.0 65.0 64.0 
60.0 58.0 63.0 64.0 
60.0 60.0 62.0 62.0 
121.0 59.0 83.0 74.0 
60.0 58.0 65.0 64.0 
60.0 59.0 62.0 63.0 
60.0 60.0 61.0 62.0 
120.0 60.0 83.0 75.0 
61.0 57.0 64.0 64.0 
61.0 60.0 62.0 63.0 
60.0 60.0 60.0 61.0 
118.0 60.0 82.0 74.0 
61.0 58.0 65.0 65.0 
60.0 58.0 63.0 65.0 
59.0 60.0 60.0 61.0 
123.0 60.0 83.0 76.0 
61.0 59.0 65.0 64.0 
60.0 59.0 62.0 63.0 
61.0 60.0 61.0 61.0 
119.0 59.0 82.0 75.0 
61.0 59.0 65.0 63.0 
60.0 59.0 62.0 64.0 
59.0 60.0 61.0 62.0 
120.0 59.0 84.0 75.0 
60.0 59.0 65.0 64.0 
60.0 60.0 63.0 63.0 
60.0 60.0 61.0 62.0 
121.0 61.0 83.0 75.0 
61.0 59.0 65.0 63.0 
60.0 59.0 62.0 63.0 
62.0 59.0 60.0 61.0 
121.0 60.0 82.0 74.0 
61.0 58.0 65.0 64.0 
60.0 58.0 63.0 62.0 
60.0 60.0 61.0 62.0 
122.0 61.0 82.0 76.0 
61.0 59.0 64.0 64.0 
60.0 60.0 62.0 62.0 
59.0 60.0 61.0 62.0 
126.0 60.0 83.0 75.0 
61.0 59.0 64.0 64.0 
60.0 60.0 63.0 64.0 
61.0 60.0 61.0 61.0 
127.0 60.0 82.0 77.0 
61.0 58.0 66.0 63.0 
60.0 59.0 62.0 62.0 
60.0 59.0 62.0 62.0 
134.0 60.0 83.0 77.0 
60.0 61.0 65.0 63.0 
60.0 58.0 62.0 62.0 
59.0 59.0 61.0 62.0 
141.0 60.0 83.0 77.0 
61.0 58.0 65.0 63.0 
60.0 60.0 64.0 63.0 
60.0 59.0 60.0 62.0 
137.0 60.0 82.0 78.0 
61.0 59.0 65.0 63.0 
60.0 59.0 62.0 63.0 
60.0 59.0 61.0 61.0 
141.0 60.0 84.0 77.0 
61.0 58.0 66.0 64.0 
60.0 59.0 63.0 62.0 
60.0 60.0 61.0 62.0 
140.0 59.0 82.0 77.0 
59.0 59.0 66.0 64.0 
59.0 59.0 63.0 61.0 
60.0 59.0 60.0 61.0 
140.0 60.0 81.0 77.0 
59.0 58.0 65.0 64.0 
60.0 60.0 61.0 62.0 
59.0 60.0 62.0 62.0 
140.0 60.0 82.0 78.0 
60.0 58.0 65.0 63.0 
60.0 59.0 64.0 62.0 
60.0 60.0 62.0 62.0 
139.0 59.0 83.0 77.0 
61.0 59.0 66.0 64.0 
59.0 59.0 60.0 62.0 
60.0 60.0 60.0 62.0 
137.0 59.0 81.0 77.0 
61.0 58.0 66.0 63.0 
60.0 59.0 62.0 62.0 
61.0 60.0 61.0 62.0 
128.0 59.0 81.0 75.0 
61.0 58.0 66.0 63.0 
59.0 59.0 62.0 62.0 
59.0 60.0 60.0 62.0 
116.0 60.0 83.0 75.0 
60.0 59.0 64.0 64.0 
59.0 60.0 62.0 63.0 
60.0 59.0 62.0 62.0 
118.0 60.0 83.0 75.0 
60.0 58.0 65.0 63.0 
60.0 58.0 63.0 63.0 
61.0 60.0 62.0 62.0 
117.0 60.0 83.0 75.0 
60.0 59.0 65.0 63.0 
60.0 59.0 63.0 63.0 
60.0 60.0 60.0 63.0 
118.0 59.0 83.0 75.0 
61.0 59.0 65.0 64.0 
60.0 59.0 63.0 63.0 
60.0 60.0 62.0 62.0 
117.0 59.0 83.0 74.0 
60.0 58.0 66.0 63.0 
60.0 59.0 62.0 63.0 
60.0 60.0 61.0 62.0 
114.0 61.0 82.0 74.0 
60.0 57.0 65.0 63.0 
61.0 59.0 62.0 63.0 
60.0 59.0 61.0 62.0 
116.0 59.0 82.0 75.0 
60.0 59.0 64.0 64.0 
60.0 60.0 63.0 62.0 
60.0 60.0 60.0 62.0 
116.0 60.0 83.0 75.0 
61.0 59.0 64.0 63.0 
61.0 59.0 63.0 62.0 
59.0 60.0 60.0 62.0 
117.0 60.0 82.0 75.0 
60.0 58.0 65.0 63.0 
59.0 60.0 62.0 63.0 
59.0 60.0 61.0 63.0 
117.0 59.0 83.0 76.0 
60.0 59.0 65.0 64.0 
60.0 60.0 62.0 63.0 
60.0 59.0 61.0 62.0 
118.0 60.0 83.0 75.0 
61.0 58.0 66.0 63.0 
59.0 57.0 61.0 63.0 
60.0 59.0 61.0 62.0 
117.0 60.0 82.0 75.0 
61.0 58.0 66.0 63.0 
60.0 58.0 63.0 63.0 
60.0 59.0 62.0 62.0 
117.0 58.0 83.0 75.0 
61.0 59.0 65.0 65.0 
60.0 60.0 62.0 63.0 
59.0 60.0 61.0 62.0 
114.0 60.0 82.0 75.0 
61.0 59.0 65.0 63.0 
60.0 59.0 61.0 62.0 
60.0 61.0 60.0 62.0 
119.0 59.0 83.0 74.0 
60.0 59.0 65.0 63.0 
60.0 59.0 62.0 63.0 
60.0 60.0 61.0 62.0 
119.0 60.0 82.0 74.0 
60.0 59.0 65.0 64.0 
60.0 58.0 63.0 62.0 
58.0 60.0 61.0 62.0 
124.0 60.0 82.0 76.0 
60.0 58.0 64.0 63.0 
59.0 60.0 62.0 63.0 
60.0 59.0 61.0 61.0 
125.0 59.0 82.0 76.0 
59.0 59.0 65.0 64.0 
60.0 58.0 64.0 62.0 
60.0 60.0 60.0 61.0 
126.0 59.0 82.0 76.0 
60.0 59.0 66.0 64.0 
60.0 59.0 63.0 62.0 
59.0 60.0 61.0 62.0 
125.0 60.0 81.0 75.0 
60.0 58.0 65.0 64.0 
60.0 60.0 61.0 62.0 
61.0 60.0 62.0 61.0 
126.0 60.0 82.0 76.0 
61.0 58.0 64.0 63.0 
59.0 59.0 62.0 63.0 
60.0 60.0 61.0 61.0 
126.0 60.0 81.0 75.0 
60.0 59.0 65.0 64.0 
59.0 60.0 62.0 63.0 
59.0 60.0 61.0 61.0 
126.0 60.0 81.0 76.0 
59.0 59.0 65.0 64.0 
59.0 59.0 62.0 63.0 
59.0 60.0 61.0 62.0 
127.0 59.0 83.0 76.0 
60.0 58.0 65.0 64.0 
60.0 59.0 63.0 63.0 
59.0 60.0 61.0 61.0 
127.0 59.0 83.0 76.0 
60.0 59.0 65.0 63.0 
59.0 59.0 62.0 63.0 
60.0 60.0 61.0 62.0 
127.0 61.0 83.0 76.0 
59.0 60.0 64.0 63.0 
60.0 58.0 63.0 62.0 
59.0 59.0 61.0 61.0 
127.0 59.0 83.0 76.0 
60.0 59.0 66.0 63.0 
60.0 59.0 62.0 64.0 
60.0 60.0 62.0 62.0 
128.0 59.0 84.0 76.0 
60.0 59.0 65.0 63.0 
60.0 59.0 63.0 62.0 
59.0 60.0 61.0 62.0 
127.0 60.0 82.0 76.0 
60.0 59.0 65.0 64.0 
59.0 60.0 62.0 63.0 
59.0 59.0 61.0 61.0 
128.0 60.0 82.0 76.0 
60.0 58.0 66.0 63.0 
60.0 59.0 63.0 62.0 
59.0 60.0 60.0 62.0 
126.0 60.0 82.0 76.0 
61.0 59.0 66.0 63.0 
60.0 59.0 63.0 63.0 
60.0 61.0 61.0 61.0 
125.0 59.0 82.0 76.0 
60.0 59.0 65.0 64.0 
60.0 60.0 63.0 63.0 
59.0 60.0 63.0 61.0 
126.0 60.0 82.0 76.0 
60.0 58.0 65.0 64.0 
60.0 59.0 63.0 63.0 
59.0 60.0 61.0 62.0 
125.0 60.0 82.0 76.0 
61.0 59.0 65.0 63.0 
59.0 59.0 63.0 63.0 
60.0 61.0 61.0 61.0 
127.0 59.0 82.0 76.0 
60.0 59.0 66.0 64.0 
60.0 59.0 62.0 63.0 
59.0 60.0 60.0 61.0 
126.0 60.0 83.0 77.0 
61.0 59.0 66.0 64.0 
60.0 59.0 63.0 63.0 
60.0 60.0 61.0 62.0 
126.0 59.0 82.0 75.0 
61.0 59.0 65.0 63.0 
60.0 58.0 62.0 62.0 
59.0 60.0 60.0 61.0 
126.0 60.0 83.0 76.0 
61.0 58.0 66.0 63.0 
59.0 59.0 63.0 63.0 
59.0 59.0 61.0 62.0 
127.0 59.0 83.0 76.0 
60.0 59.0 66.0 64.0 
59.0 59.0 63.0 62.0 
59.0 60.0 60.0 61.0 
129.0 60.0 83.0 76.0 
60.0 59.0 66.0 64.0 
60.0 59.0 62.0 62.0 
59.0 60.0 60.0 61.0 
128.0 59.0 82.0 76.0 
60.0 59.0 67.0 64.0 
59.0 59.0 62.0 62.0 
59.0 61.0 60.0 61.0 
128.0 60.0 82.0 76.0 
62.0 58.0 66.0 64.0 
60.0 58.0 62.0 62.0 
58.0 60.0 60.0 62.0 
127.0 60.0 83.0 76.0 
61.0 59.0 67.0 65.0 
60.0 59.0 62.0 63.0 
59.0 60.0 60.0 61.0 
127.0 60.0 82.0 76.0 
61.0 58.0 67.0 64.0 
59.0 60.0 62.0 63.0 
59.0 59.0 61.0 61.0 
128.0 60.0 82.0 76.0 
61.0 58.0 67.0 64.0 
60.0 59.0 62.0 61.0 
58.0 60.0 61.0 61.0 
127.0 60.0 83.0 76.0 
59.0 59.0 66.0 65.0 
60.0 59.0 62.0 63.0 
59.0 60.0 60.0 61.0 
129.0 60.0 83.0 76.0 
61.0 58.0 66.0 65.0 
61.0 59.0 61.0 62.0 
59.0 60.0 61.0 61.0 
128.0 59.0 83.0 75.0 
61.0 59.0 66.0 65.0 
59.0 59.0 62.0 62.0 
58.0 59.0 61.0 61.0 
127.0 59.0 83.0 76.0 
60.0 59.0 67.0 64.0 
59.0 58.0 62.0 62.0 
59.0 60.0 60.0 61.0 
128.0 60.0 83.0 76.0 
61.0 58.0 66.0 65.0 
59.0 59.0 61.0 62.0 
59.0 60.0 61.0 61.0 
127.0 61.0 82.0 76.0 
61.0 59.0 66.0 64.0 
60.0 60.0 62.0 61.0 
59.0 61.0 61.0 62.0 
127.0 59.0 83.0 75.0 
60.0 59.0 66.0 64.0 
58.0 59.0 64.0 63.0 
60.0 60.0 61.0 61.0 
125.0 59.0 82.0 75.0 
61.0 58.0 67.0 64.0 
60.0 59.0 62.0 63.0 
59.0 60.0 60.0 61.0 
125.0 60.0 83.0 75.0 
61.0 58.0 66.0 64.0 
60.0 59.0 62.0 63.0 
59.0 60.0 60.0 61.0 
124.0 60.0 83.0 75.0 
61.0 58.0 67.0 64.0 
60.0 59.0 62.0 61.0 
60.0 59.0 63.0 60.0 
125.0 60.0 82.0 75.0 
61.0 58.0 67.0 64.0 
59.0 59.0 62.0 64.0 
59.0 60.0 60.0 63.0 
125.0 61.0 82.0 74.0 
61.0 59.0 67.0 64.0 
60.0 59.0 62.0 61.0 
59.0 60.0 61.0 61.0 
125.0 59.0 84.0 75.0 
60.0 58.0 66.0 65.0 
59.0 60.0 62.0 62.0 
60.0 59.0 61.0 62.0 
124.0 60.0 82.0 75.0 
61.0 59.0 67.0 64.0 
59.0 59.0 63.0 62.0 
60.0 60.0 62.0 62.0 
125.0 61.0 81.0 75.0 
60.0 58.0 67.0 64.0 
59.0 59.0 62.0 62.0 
60.0 59.0 61.0 61.0 
125.0 59.0 81.0 75.0 
62.0 57.0 67.0 64.0 
60.0 58.0 63.0 62.0 
59.0 60.0 60.0 61.0 
126.0 60.0 82.0 75.0 
62.0 59.0 67.0 64.0 
60.0 59.0 62.0 63.0 
60.0 59.0 61.0 62.0 
127.0 59.0 81.0 74.0 
61.0 58.0 67.0 65.0 
60.0 59.0 62.0 62.0 
59.0 60.0 60.0 62.0 
126.0 59.0 81.0 75.0 
61.0 59.0 67.0 64.0 
60.0 59.0 62.0 62.0 
60.0 61.0 61.0 61.0 
126.0 59.0 81.0 75.0 
61.0 59.0 67.0 63.0 
60.0 59.0 62.0 61.0 
60.0 60.0 60.0 62.0 
127.0 60.0 81.0 75.0 
61.0 58.0 66.0 65.0 
59.0 60.0 62.0 63.0 
59.0 61.0 60.0 62.0 
127.0 60.0 80.0 74.0 
61.0 59.0 67.0 65.0 
59.0 60.0 61.0 63.0 
59.0 59.0 61.0 62.0 
128.0 61.0 81.0 75.0 
60.0 59.0 67.0 64.0 
60.0 60.0 62.0 63.0 
60.0 59.0 61.0 60.0 
126.0 60.0 81.0 74.0 
60.0 57.0 68.0 65.0 
60.0 59.0 62.0 63.0 
60.0 60.0 60.0 61.0 
127.0 59.0 82.0 74.0 
61.0 59.0 68.0 64.0 
59.0 59.0 62.0 62.0 
60.0 61.0 60.0 62.0 
127.0 59.0 81.0 76.0 
60.0 59.0 67.0 64.0 
59.0 59.0 62.0 62.0 
59.0 59.0 60.0 61.0 
127.0 60.0 81.0 75.0 
61.0 59.0 67.0 65.0 
60.0 59.0 62.0 62.0 
59.0 60.0 61.0 62.0 
126.0 59.0 81.0 75.0 
61.0 59.0 66.0 64.0 
60.0 59.0 62.0 62.0 
59.0 60.0 61.0 61.0 
125.0 59.0 82.0 75.0 
60.0 60.0 66.0 64.0 
60.0 59.0 63.0 63.0 
59.0 59.0 61.0 61.0 
125.0 60.0 81.0 74.0 
61.0 59.0 66.0 64.0 
59.0 59.0 62.0 63.0 
60.0 59.0 61.0 62.0 
123.0 59.0 81.0 75.0 
61.0 58.0 66.0 65.0 
60.0 60.0 63.0 62.0 
59.0 59.0 61.0 61.0 
122.0 60.0 80.0 74.0 
61.0 58.0 67.0 65.0 
60.0 59.0 61.0 62.0 
59.0 60.0 61.0 62.0 
123.0 59.0 81.0 74.0 
61.0 58.0 66.0 64.0 
60.0 59.0 62.0 62.0 
59.0 60.0 60.0 61.0 
124.0 60.0 79.0 74.0 
61.0 59.0 67.0 64.0 
59.0 59.0 60.0 62.0 
60.0 59.0 61.0 61.0 
122.0 60.0 80.0 74.0 
61.0 59.0 67.0 65.0 
60.0 59.0 61.0 63.0 
59.0 59.0 61.0 61.0 
120.0 60.0 80.0 75.0 
61.0 58.0 67.0 65.0 
60.0 59.0 62.0 62.0 
59.0 60.0 61.0 61.0 
122.0 60.0 80.0 74.0 
62.0 58.0 67.0 64.0 
60.0 59.0 62.0 62.0 
59.0 60.0 60.0 62.0 
124.0 59.0 79.0 74.0 
61.0 58.0 67.0 65.0 
60.0 59.0 62.0 62.0 
60.0 58.0 61.0 61.0 
122.0 59.0 81.0 75.0 
61.0 59.0 67.0 65.0 
61.0 59.0 62.0 62.0 
60.0 60.0 61.0 62.0 
119.0 60.0 80.0 75.0 
60.0 59.0 68.0 64.0 
60.0 59.0 62.0 62.0 
60.0 60.0 61.0 61.0 
120.0 59.0 81.0 74.0 
62.0 59.0 67.0 64.0 
60.0 59.0 61.0 63.0 
60.0 59.0 61.0 61.0 
120.0 60.0 81.0 74.0 
61.0 60.0 66.0 65.0 
61.0 58.0 62.0 63.0 
60.0 59.0 61.0 61.0 
121.0 60.0 80.0 74.0 
62.0 59.0 67.0 65.0 
59.0 59.0 62.0 62.0 
60.0 59.0 61.0 61.0 
121.0 59.0 80.0 74.0 
60.0 59.0 67.0 64.0 
60.0 59.0 61.0 63.0 
60.0 59.0 60.0 62.0 
120.0 60.0 81.0 73.0 
61.0 59.0 66.0 64.0 
60.0 58.0 62.0 63.0 
59.0 60.0 61.0 61.0 
124.0 59.0 80.0 75.0 
61.0 58.0 67.0 65.0 
59.0 59.0 63.0 63.0 
60.0 60.0 61.0 62.0 
125.0 60.0 81.0 74.0 
61.0 60.0 66.0 65.0 
59.0 60.0 63.0 63.0 
60.0 60.0 61.0 61.0 
125.0 59.0 80.0 75.0 
62.0 57.0 67.0 65.0 
60.0 59.0 63.0 62.0 
60.0 60.0 61.0 62.0 
125.0 59.0 80.0 75.0 
62.0 59.0 67.0 65.0 
60.0 59.0 63.0 62.0 
60.0 60.0 61.0 61.0 
126.0 60.0 80.0 75.0 
62.0 59.0 67.0 65.0 
60.0 59.0 62.0 64.0 
59.0 59.0 61.0 61.0 
125.0 60.0 80.0 74.0 
62.0 59.0 68.0 65.0 
60.0 60.0 63.0 63.0 
59.0 59.0 61.0 62.0 
127.0 59.0 81.0 74.0 
62.0 58.0 68.0 66.0 
59.0 59.0 62.0 64.0 
57.0 60.0 61.0 61.0 
123.0 60.0 80.0 74.0 
61.0 58.0 67.0 65.0 
60.0 59.0 62.0 63.0 
60.0 60.0 61.0 62.0 
125.0 60.0 80.0 74.0 
61.0 59.0 67.0 65.0 
60.0 58.0 62.0 62.0 
59.0 60.0 61.0 61.0 
127.0 59.0 80.0 74.0 
62.0 59.0 68.0 65.0 
59.0 60.0 62.0 62.0 
60.0 60.0 61.0 61.0 
128.0 60.0 81.0 75.0 
61.0 58.0 67.0 64.0 
59.0 59.0 62.0 62.0 
59.0 60.0 60.0 61.0 
128.0 59.0 80.0 75.0 
61.0 59.0 67.0 65.0 
60.0 58.0 63.0 62.0 
59.0 60.0 61.0 62.0 
128.0 59.0 81.0 75.0 
62.0 59.0 67.0 65.0 
60.0 59.0 62.0 62.0 
60.0 60.0 61.0 61.0 
127.0 60.0 81.0 75.0 
62.0 59.0 67.0 65.0 
59.0 59.0 62.0 62.0 
59.0 59.0 61.0 61.0 
127.0 59.0 81.0 75.0 
60.0 58.0 66.0 63.0 
60.0 59.0 63.0 63.0 
59.0 59.0 62.0 62.0 
129.0 59.0 83.0 76.0 
61.0 59.0 67.0 65.0 
59.0 58.0 62.0 62.0 
59.0 60.0 60.0 61.0 
126.0 60.0 81.0 75.0 
61.0 58.0 67.0 65.0 
60.0 59.0 61.0 63.0 
60.0 59.0 61.0 62.0 
128.0 60.0 81.0 75.0 
61.0 58.0 66.0 65.0 
60.0 60.0 62.0 63.0 
60.0 59.0 62.0 61.0 
129.0 61.0 81.0 75.0 
61.0 58.0 67.0 65.0 
59.0 59.0 62.0 62.0 
59.0 59.0 61.0 61.0 
130.0 59.0 80.0 75.0 
61.0 58.0 68.0 64.0 
59.0 60.0 61.0 63.0 
59.0 60.0 59.0 61.0 
130.0 59.0 81.0 75.0 
61.0 59.0 67.0 65.0 
60.0 58.0 62.0 62.0 
60.0 59.0 61.0 61.0 
131.0 60.0 81.0 75.0 
61.0 58.0 65.0 64.0 
60.0 60.0 62.0 61.0 
59.0 59.0 61.0 61.0 
131.0 60.0 81.0 74.0 
61.0 58.0 67.0 64.0 
60.0 59.0 61.0 63.0 
59.0 60.0 61.0 62.0 
130.0 60.0 81.0 75.0 
61.0 58.0 68.0 65.0 
60.0 58.0 62.0 62.0 
59.0 60.0 61.0 61.0 
133.0 59.0 81.0 74.0 
61.0 58.0 67.0 65.0 
60.0 59.0 62.0 62.0 
59.0 59.0 61.0 61.0 
132.0 60.0 81.0 75.0 
62.0 58.0 68.0 63.0 
60.0 59.0 63.0 62.0 
58.0 60.0 61.0 62.0 
132.0 60.0 79.0 74.0 
61.0 58.0 68.0 66.0 
59.0 58.0 62.0 63.0 
59.0 60.0 62.0 61.0 
129.0 59.0 81.0 75.0 
62.0 59.0 67.0 65.0 
59.0 59.0 62.0 62.0 
60.0 60.0 61.0 61.0 
129.0 61.0 80.0 75.0 
61.0 59.0 67.0 65.0 
61.0 59.0 62.0 63.0 
58.0 60.0 61.0 61.0 
132.0 60.0 80.0 74.0 
61.0 59.0 67.0 65.0 
59.0 59.0 63.0 63.0 
58.0 60.0 61.0 62.0 
131.0 60.0 81.0 75.0 
61.0 59.0 67.0 65.0 
60.0 58.0 62.0 62.0 
59.0 59.0 60.0 61.0 
132.0 60.0 80.0 75.0 
60.0 58.0 67.0 65.0 
59.0 59.0 63.0 62.0 
59.0 60.0 61.0 61.0 
132.0 60.0 81.0 75.0 
61.0 58.0 67.0 65.0 
60.0 59.0 62.0 62.0 
59.0 59.0 61.0 62.0 
130.0 60.0 81.0 75.0 
61.0 58.0 67.0 65.0 
60.0 59.0 61.0 62.0 
59.0 60.0 61.0 61.0 
128.0 59.0 81.0 74.0 
61.0 58.0 67.0 65.0 
59.0 59.0 61.0 62.0 
60.0 60.0 60.0 62.0 
129.0 59.0 80.0 75.0 
61.0 58.0 67.0 66.0 
59.0 59.0 62.0 63.0 
59.0 60.0 61.0 62.0 
128.0 59.0 80.0 75.0 
61.0 58.0 68.0 65.0 
59.0 60.0 61.0 62.0 
59.0 59.0 60.0 61.0 
128.0 60.0 80.0 75.0 
61.0 59.0 68.0 64.0 
59.0 59.0 62.0 62.0 
59.0 59.0 61.0 61.0 
130.0 60.0 80.0 73.0 
61.0 59.0 67.0 66.0 
59.0 59.0 62.0 63.0 
58.0 61.0 60.0 61.0 
127.0 59.0 81.0 74.0 
61.0 58.0 68.0 64.0 
60.0 59.0 62.0 63.0 
60.0 60.0 57.0 61.0 
126.0 59.0 80.0 75.0 
62.0 59.0 67.0 65.0 
60.0 58.0 62.0 63.0 
59.0 61.0 60.0 62.0 
126.0 60.0 81.0 74.0 
61.0 59.0 67.0 66.0 
60.0 60.0 62.0 63.0 
60.0 59.0 61.0 60.0 
126.0 59.0 81.0 75.0 
61.0 59.0 67.0 64.0 
60.0 59.0 61.0 63.0 
60.0 59.0 60.0 61.0 
124.0 59.0 81.0 74.0 
62.0 59.0 66.0 65.0 
58.0 59.0 62.0 63.0 
59.0 60.0 59.0 61.0 
125.0 60.0 81.0 75.0 
62.0 59.0 67.0 65.0 
60.0 58.0 62.0 63.0 
60.0 60.0 61.0 61.0 
125.0 60.0 80.0 74.0 
61.0 58.0 68.0 64.0 
59.0 60.0 62.0 63.0 
60.0 59.0 61.0 62.0 
124.0 59.0 81.0 74.0 
61.0 59.0 67.0 65.0 
60.0 59.0 62.0 63.0 
60.0 60.0 60.0 62.0 
122.0 59.0 79.0 74.0 
61.0 59.0 67.0 64.0 
59.0 60.0 62.0 62.0 
60.0 60.0 61.0 61.0 
116.0 60.0 80.0 74.0 
62.0 59.0 67.0 64.0 
60.0 59.0 63.0 63.0 
61.0 59.0 61.0 61.0 
123.0 59.0 80.0 74.0 
61.0 58.0 67.0 65.0 
60.0 60.0 62.0 62.0 
60.0 60.0 61.0 61.0 
124.0 59.0 81.0 74.0 
62.0 59.0 67.0 65.0 
60.0 59.0 62.0 63.0 
60.0 59.0 61.0 61.0 
124.0 60.0 79.0 74.0 
62.0 58.0 68.0 64.0 
61.0 59.0 63.0 62.0 
60.0 60.0 60.0 60.0 
121.0 59.0 80.0 74.0 
63.0 59.0 68.0 64.0 
60.0 60.0 62.0 63.0 
60.0 59.0 62.0 61.0 
122.0 59.0 80.0 74.0 
62.0 58.0 66.0 65.0 
60.0 59.0 62.0 63.0 
60.0 60.0 60.0 62.0 
121.0 59.0 80.0 73.0 
62.0 60.0 68.0 64.0 
60.0 59.0 62.0 62.0 
60.0 60.0 61.0 62.0 
117.0 59.0 79.0 72.0 
62.0 58.0 67.0 64.0 
60.0 59.0 63.0 62.0 
60.0 60.0 61.0 61.0 
116.0 60.0 79.0 73.0 
62.0 58.0 67.0 65.0 
61.0 59.0 63.0 62.0 
60.0 59.0 61.0 61.0 
114.0 59.0 80.0 72.0 
62.0 59.0 66.0 65.0 
61.0 60.0 62.0 63.0 
60.0 61.0 60.0 61.0 
114.0 59.0 80.0 73.0 
62.0 59.0 67.0 65.0 
60.0 59.0 61.0 63.0 
60.0 59.0 60.0 61.0 
115.0 59.0 81.0 73.0 
61.0 58.0 68.0 65.0 
60.0 59.0 62.0 63.0 
60.0 60.0 61.0 61.0 
116.0 60.0 79.0 72.0 
63.0 58.0 67.0 64.0 
61.0 59.0 63.0 63.0 
60.0 60.0 61.0 60.0 
118.0 60.0 78.0 74.0 
62.0 59.0 67.0 64.0 
62.0 59.0 62.0 62.0 
60.0 60.0 62.0 61.0 
118.0 60.0 79.0 74.0 
61.0 60.0 67.0 64.0 
60.0 59.0 62.0 63.0 
60.0 60.0 61.0 62.0 
117.0 60.0 79.0 73.0 
62.0 59.0 67.0 65.0 
60.0 60.0 63.0 62.0 
61.0 59.0 60.0 61.0 
117.0 59.0 78.0 73.0 
62.0 58.0 68.0 65.0 
60.0 59.0 63.0 63.0 
60.0 60.0 60.0 62.0 
120.0 59.0 80.0 73.0 
61.0 59.0 67.0 65.0 
60.0 60.0 60.0 62.0 
60.0 59.0 61.0 60.0 
119.0 59.0 79.0 73.0 
62.0 60.0 68.0 65.0 
62.0 58.0 63.0 62.0 
60.0 60.0 61.0 61.0 
117.0 60.0 79.0 73.0 
62.0 59.0 67.0 65.0 
60.0 59.0 62.0 63.0 
59.0 60.0 61.0 61.0 
118.0 60.0 79.0 73.0 
62.0 57.0 67.0 65.0 
60.0 59.0 62.0 62.0 
60.0 60.0 62.0 62.0 
117.0 59.0 79.0 73.0 
62.0 58.0 69.0 65.0 
60.0 60.0 62.0 64.0 
60.0 58.0 60.0 62.0 
116.0 59.0 79.0 73.0 
62.0 58.0 68.0 65.0 
60.0 58.0 62.0 63.0 
61.0 60.0 60.0 62.0 
115.0 59.0 79.0 73.0 
62.0 58.0 68.0 65.0 
60.0 59.0 61.0 61.0 
61.0 61.0 60.0 61.0 
115.0 60.0 79.0 73.0 
62.0 58.0 67.0 64.0 
61.0 59.0 61.0 63.0 
60.0 59.0 60.0 61.0 
116.0 59.0 79.0 72.0 
61.0 59.0 68.0 65.0 
59.0 60.0 62.0 63.0 
60.0 60.0 60.0 61.0 
114.0 59.0 79.0 73.0 
61.0 59.0 66.0 65.0 
60.0 59.0 62.0 62.0 
60.0 59.0 61.0 61.0 
116.0 60.0 78.0 71.0 
61.0 59.0 66.0 65.0 
60.0 58.0 63.0 63.0 
60.0 60.0 61.0 61.0 
117.0 59.0 78.0 74.0 
61.0 58.0 68.0 65.0 
60.0 59.0 62.0 63.0 
60.0 59.0 61.0 61.0 
119.0 59.0 79.0 73.0 
62.0 59.0 67.0 65.0 
60.0 59.0 62.0 63.0 
60.0 59.0 61.0 61.0 
119.0 59.0 80.0 73.0 
61.0 58.0 67.0 65.0 
59.0 60.0 61.0 63.0 
60.0 59.0 60.0 61.0 
119.0 60.0 79.0 73.0 
61.0 59.0 67.0 65.0 
61.0 59.0 61.0 63.0 
60.0 59.0 61.0 63.0 
118.0 60.0 80.0 75.0 
62.0 59.0 67.0 65.0 
60.0 59.0 62.0 64.0 
60.0 61.0 62.0 61.0 
117.0 60.0 79.0 73.0 
61.0 58.0 68.0 65.0 
59.0 61.0 62.0 62.0 
60.0 60.0 61.0 61.0 
118.0 60.0 79.0 73.0 
63.0 59.0 68.0 65.0 
59.0 60.0 62.0 63.0 
60.0 59.0 61.0 61.0 
117.0 59.0 79.0 73.0 
62.0 60.0 67.0 65.0 
60.0 59.0 63.0 62.0 
61.0 60.0 61.0 61.0 
117.0 60.0 80.0 74.0 
61.0 59.0 68.0 65.0 
60.0 59.0 62.0 63.0 
60.0 60.0 61.0 62.0 
117.0 60.0 80.0 73.0 
61.0 59.0 67.0 65.0 
60.0 59.0 63.0 62.0 
59.0 61.0 61.0 61.0 
113.0 59.0 79.0 73.0 
62.0 59.0 67.0 65.0 
61.0 59.0 61.0 63.0 
60.0 59.0 61.0 61.0 
114.0 59.0 80.0 72.0 
61.0 59.0 67.0 65.0 
60.0 60.0 61.0 63.0 
59.0 60.0 61.0 61.0 
111.0 59.0 78.0 72.0 
61.0 58.0 67.0 64.0 
60.0 59.0 62.0 62.0 
60.0 59.0 61.0 62.0 
111.0 58.0 80.0 74.0 
62.0 58.0 67.0 64.0 
60.0 61.0 62.0 62.0 
60.0 59.0 61.0 61.0 
112.0 59.0 80.0 72.0 
62.0 58.0 67.0 65.0 
61.0 59.0 61.0 62.0 
60.0 60.0 60.0 61.0 
113.0 60.0 79.0 73.0 
61.0 59.0 67.0 65.0 
60.0 59.0 61.0 63.0 
60.0 60.0 61.0 61.0 
113.0 59.0 79.0 73.0 
62.0 59.0 67.0 65.0 
60.0 60.0 61.0 62.0 
60.0 60.0 61.0 61.0 
110.0 60.0 79.0 73.0 
63.0 58.0 68.0 65.0 
61.0 59.0 63.0 62.0 
60.0 60.0 60.0 61.0 
112.0 59.0 80.0 73.0 
62.0 59.0 66.0 65.0 
60.0 59.0 63.0 62.0 
60.0 59.0 61.0 61.0 
111.0 60.0 79.0 73.0 
60.0 59.0 68.0 65.0 
60.0 60.0 62.0 63.0 
60.0 61.0 60.0 60.0 
111.0 59.0 79.0 73.0 
62.0 59.0 67.0 65.0 
61.0 59.0 62.0 63.0 
61.0 60.0 60.0 61.0 
110.0 59.0 80.0 72.0 
62.0 59.0 67.0 65.0 
60.0 58.0 62.0 63.0 
59.0 61.0 60.0 60.0 
114.0 59.0 79.0 73.0 
61.0 58.0 67.0 65.0 
59.0 59.0 61.0 63.0 
60.0 59.0 60.0 61.0 
119.0 59.0 80.0 73.0 
61.0 59.0 67.0 65.0 
59.0 59.0 62.0 63.0 
58.0 60.0 60.0 61.0 
120.0 59.0 79.0 74.0 
61.0 59.0 68.0 64.0 
61.0 59.0 62.0 63.0 
60.0 59.0 60.0 61.0 
120.0 59.0 80.0 73.0 
62.0 58.0 67.0 65.0 
59.0 58.0 61.0 64.0 
59.0 60.0 60.0 60.0 
119.0 59.0 79.0 74.0 
62.0 58.0 68.0 65.0 
60.0 59.0 62.0 63.0 
59.0 60.0 60.0 60.0 
120.0 60.0 80.0 73.0 
61.0 59.0 66.0 65.0 
61.0 58.0 63.0 62.0 
60.0 60.0 61.0 61.0 
119.0 59.0 80.0 73.0 
61.0 58.0 67.0 65.0 
60.0 58.0 62.0 63.0 
59.0 60.0 61.0 61.0 
113.0 59.0 80.0 72.0 
61.0 59.0 67.0 64.0 
60.0 60.0 62.0 63.0 
60.0 61.0 60.0 61.0 
111.0 59.0 79.0 72.0 
62.0 59.0 67.0 65.0 
60.0 59.0 62.0 62.0 
59.0 60.0 61.0 61.0 
111.0 59.0 78.0 72.0 
62.0 59.0 67.0 64.0 
59.0 59.0 61.0 63.0 
59.0 61.0 60.0 60.0 
110.0 60.0 79.0 73.0 
62.0 58.0 68.0 65.0 
60.0 60.0 62.0 63.0 
60.0 60.0 60.0 61.0 
111.0 59.0 79.0 72.0 
61.0 58.0 67.0 64.0 
60.0 59.0 62.0 63.0 
60.0 60.0 60.0 60.0 
108.0 60.0 79.0 73.0 
62.0 59.0 68.0 65.0 
61.0 59.0 62.0 63.0 
60.0 61.0 60.0 61.0 
108.0 60.0 80.0 72.0 
62.0 58.0 67.0 65.0 
60.0 58.0 63.0 62.0 
59.0 59.0 61.0 60.0 
110.0 60.0 80.0 73.0 
63.0 58.0 68.0 66.0 
59.0 60.0 61.0 63.0 
60.0 60.0 61.0 61.0 
106.0 60.0 79.0 72.0 
62.0 58.0 67.0 66.0 
61.0 60.0 62.0 63.0 
60.0 60.0 61.0 61.0 
107.0 59.0 79.0 72.0 
62.0 58.0 67.0 64.0 
60.0 59.0 62.0 62.0 
60.0 60.0 60.0 61.0 
106.0 60.0 79.0 73.0 
62.0 58.0 67.0 65.0 
60.0 59.0 62.0 63.0 
60.0 59.0 61.0 61.0 
106.0 59.0 79.0 71.0 
63.0 58.0 68.0 65.0 
61.0 59.0 61.0 63.0 
60.0 61.0 59.0 61.0 
106.0 60.0 80.0 72.0 
62.0 58.0 68.0 65.0 
60.0 58.0 61.0 63.0 
60.0 59.0 61.0 60.0 
105.0 60.0 79.0 73.0 
62.0 58.0 67.0 64.0 
61.0 59.0 61.0 63.0 
60.0 60.0 61.0 62.0 
104.0 60.0 78.0 72.0 
62.0 59.0 67.0 65.0 
61.0 59.0 62.0 63.0 
60.0 60.0 61.0 61.0 
104.0 58.0 79.0 71.0 
62.0 59.0 67.0 65.0 
59.0 59.0 61.0 62.0 
60.0 61.0 60.0 61.0 
102.0 59.0 79.0 71.0 
62.0 59.0 67.0 65.0 
60.0 60.0 62.0 62.0 
60.0 59.0 61.0 60.0 
104.0 60.0 79.0 72.0 
60.0 59.0 67.0 66.0 
60.0 59.0 61.0 62.0 
60.0 60.0 61.0 61.0 
104.0 60.0 79.0 72.0 
61.0 58.0 68.0 64.0 
61.0 60.0 61.0 63.0 
59.0 60.0 60.0 61.0 
110.0 60.0 80.0 72.0 
62.0 59.0 68.0 65.0 
60.0 59.0 61.0 63.0 
60.0 60.0 60.0 61.0 
104.0 59.0 79.0 73.0 
62.0 59.0 67.0 66.0 
61.0 59.0 60.0 63.0 
60.0 60.0 60.0 61.0 
108.0 59.0 80.0 72.0 
62.0 59.0 68.0 66.0 
60.0 59.0 62.0 63.0 
60.0 60.0 61.0 61.0 
101.0 59.0 79.0 71.0 
62.0 58.0 68.0 64.0 
61.0 59.0 61.0 63.0 
60.0 60.0 60.0 61.0 
98.0 59.0 78.0 72.0 
62.0 59.0 66.0 65.0 
60.0 59.0 62.0 62.0 
61.0 60.0 60.0 61.0 
98.0 59.0 79.0 72.0 
61.0 60.0 66.0 65.0 
62.0 59.0 62.0 64.0 
60.0 60.0 60.0 61.0 
105.0 60.0 79.0 72.0 
62.0 60.0 66.0 65.0 
60.0 59.0 61.0 62.0 
61.0 59.0 61.0 61.0 
108.0 59.0 80.0 72.0 
61.0 59.0 68.0 65.0 
60.0 58.0 63.0 63.0 
60.0 61.0 60.0 60.0 
104.0 59.0 80.0 71.0 
62.0 59.0 66.0 65.0 
60.0 59.0 61.0 63.0 
60.0 59.0 60.0 61.0 
104.0 59.0 78.0 72.0 
62.0 60.0 67.0 65.0 
61.0 59.0 62.0 62.0 
60.0 60.0 60.0 61.0 
109.0 60.0 80.0 73.0 
62.0 58.0 67.0 65.0 
61.0 59.0 63.0 63.0 
60.0 60.0 60.0 61.0 
109.0 60.0 79.0 72.0 
62.0 59.0 67.0 65.0 
61.0 59.0 63.0 63.0 
61.0 59.0 60.0 61.0 
104.0 59.0 79.0 72.0 
62.0 59.0 67.0 64.0 
61.0 59.0 62.0 62.0 
60.0 59.0 60.0 61.0 
105.0 60.0 79.0 71.0 
61.0 59.0 67.0 65.0 
61.0 59.0 63.0 63.0 
61.0 58.0 61.0 61.0 
106.0 59.0 79.0 71.0 
62.0 58.0 67.0 65.0 
61.0 59.0 61.0 63.0 
60.0 61.0 60.0 61.0 
103.0 60.0 79.0 72.0 
63.0 58.0 67.0 65.0 
61.0 59.0 63.0 62.0 
60.0 60.0 61.0 61.0 
107.0 59.0 79.0 71.0 
62.0 59.0 67.0 65.0 
60.0 61.0 61.0 63.0 
61.0 60.0 60.0 62.0 
112.0 59.0 80.0 72.0 
62.0 60.0 67.0 65.0 
60.0 59.0 61.0 63.0 
59.0 60.0 60.0 62.0 
113.0 59.0 79.0 73.0 
61.0 59.0 67.0 65.0 
60.0 59.0 61.0 62.0 
60.0 60.0 60.0 61.0 
98.0 60.0 79.0 73.0 
62.0 59.0 67.0 65.0 
60.0 59.0 62.0 63.0 
60.0 60.0 61.0 61.0 
102.0 59.0 79.0 72.0 
63.0 59.0 67.0 65.0 
60.0 60.0 61.0 63.0 
59.0 60.0 61.0 62.0 
113.0 60.0 80.0 73.0 
61.0 59.0 67.0 65.0 
60.0 60.0 61.0 62.0 
61.0 60.0 62.0 62.0 
112.0 61.0 80.0 73.0 
62.0 59.0 67.0 65.0 
60.0 59.0 62.0 62.0 
60.0 59.0 61.0 61.0 
114.0 59.0 79.0 72.0 
61.0 59.0 67.0 65.0 
60.0 59.0 62.0 64.0 
59.0 59.0 60.0 61.0 
106.0 60.0 80.0 73.0 
61.0 59.0 66.0 65.0 
60.0 59.0 62.0 63.0 
59.0 60.0 60.0 61.0 
115.0 60.0 80.0 73.0 
61.0 58.0 67.0 65.0 
60.0 59.0 62.0 62.0 
59.0 57.0 60.0 61.0 
113.0 59.0 80.0 73.0 
62.0 59.0 68.0 64.0 
60.0 59.0 62.0 63.0 
60.0 60.0 60.0 61.0 
129.0 61.0 80.0 75.0 
61.0 59.0 67.0 65.0 
60.0 58.0 62.0 62.0 
58.0 60.0 60.0 61.0 
123.0 59.0 80.0 75.0 
61.0 59.0 67.0 64.0 
60.0 59.0 62.0 63.0 
59.0 60.0 62.0 61.0 
130.0 60.0 80.0 75.0 
61.0 59.0 67.0 65.0 
60.0 59.0 61.0 63.0 
61.0 59.0 60.0 61.0 
128.0 59.0 81.0 75.0 
59.0 58.0 66.0 65.0 
61.0 59.0 62.0 63.0 
59.0 59.0 61.0 61.0 
129.0 59.0 80.0 75.0 
62.0 59.0 67.0 65.0 
59.0 60.0 61.0 63.0 
59.0 59.0 60.0 61.0 
132.0 59.0 80.0 75.0 
61.0 60.0 67.0 64.0 
59.0 58.0 62.0 63.0 
59.0 60.0 60.0 61.0 
129.0 60.0 79.0 75.0 
61.0 59.0 66.0 65.0 
58.0 59.0 62.0 62.0 
60.0 59.0 61.0 60.0 
125.0 59.0 79.0 74.0 
61.0 58.0 66.0 65.0 
60.0 59.0 62.0 63.0 
59.0 60.0 61.0 61.0 
121.0 58.0 80.0 75.0 
61.0 59.0 66.0 65.0 
59.0 59.0 62.0 63.0 
59.0 58.0 61.0 61.0 
132.0 59.0 80.0 75.0 
62.0 58.0 68.0 64.0 
60.0 59.0 62.0 62.0 
58.0 59.0 60.0 61.0 
132.0 60.0 80.0 75.0 
61.0 59.0 67.0 65.0 
59.0 59.0 63.0 62.0 
58.0 60.0 61.0 61.0 
126.0 60.0 80.0 75.0 
61.0 58.0 67.0 65.0 
58.0 58.0 64.0 62.0 
59.0 59.0 60.0 61.0 
135.0 60.0 80.0 74.0 
60.0 60.0 66.0 64.0 
59.0 58.0 63.0 62.0 
57.0 60.0 60.0 61.0 
134.0 59.0 80.0 74.0 
61.0 58.0 68.0 65.0 
58.0 60.0 61.0 62.0 
59.0 60.0 59.0 61.0 
123.0 61.0 80.0 75.0 
61.0 58.0 68.0 65.0 
59.0 59.0 62.0 62.0 
59.0 59.0 60.0 60.0 
119.0 60.0 79.0 73.0 
61.0 58.0 67.0 65.0 
59.0 60.0 62.0 64.0 
60.0 60.0 61.0 61.0 
113.0 60.0 80.0 73.0 
60.0 58.0 66.0 65.0 
60.0 59.0 62.0 64.0 
59.0 59.0 61.0 61.0 
113.0 59.0 80.0 72.0 
61.0 59.0 67.0 65.0 
59.0 60.0 60.0 63.0 
59.0 60.0 60.0 61.0 
113.0 59.0 80.0 73.0 
61.0 58.0 67.0 65.0 
59.0 59.0 61.0 62.0 
59.0 59.0 61.0 60.0 
112.0 60.0 80.0 74.0 
61.0 59.0 66.0 65.0 
60.0 59.0 61.0 63.0 
59.0 59.0 61.0 61.0 
112.0 59.0 79.0 73.0 
61.0 58.0 67.0 65.0 
60.0 59.0 61.0 62.0 
60.0 60.0 61.0 62.0 
115.0 60.0 80.0 73.0 
61.0 59.0 68.0 64.0 
59.0 59.0 61.0 63.0 
59.0 60.0 61.0 61.0 
112.0 59.0 79.0 73.0 
61.0 58.0 68.0 65.0 
60.0 58.0 61.0 63.0 
59.0 60.0 60.0 62.0 
114.0 59.0 79.0 73.0 
61.0 59.0 68.0 64.0 
60.0 59.0 62.0 62.0 
58.0 60.0 61.0 61.0 
114.0 60.0 79.0 73.0 
61.0 58.0 67.0 65.0 
59.0 59.0 61.0 64.0 
60.0 60.0 61.0 62.0 
115.0 60.0 79.0 74.0 
61.0 59.0 68.0 65.0 
59.0 59.0 61.0 63.0 
60.0 60.0 61.0 62.0 
116.0 60.0 79.0 74.0 
60.0 59.0 67.0 65.0 
59.0 60.0 63.0 62.0 
60.0 60.0 61.0 63.0 
115.0 60.0 80.0 74.0 
60.0 58.0 67.0 65.0 
60.0 58.0 62.0 63.0 
59.0 60.0 61.0 62.0 
115.0 59.0 80.0 73.0 
61.0 58.0 67.0 65.0 
60.0 59.0 62.0 63.0 
59.0 60.0 59.0 61.0 
116.0 59.0 79.0 74.0 
60.0 59.0 67.0 64.0 
60.0 59.0 62.0 63.0 
61.0 60.0 61.0 61.0 
117.0 61.0 79.0 75.0 
61.0 59.0 66.0 65.0 
59.0 59.0 62.0 61.0 
60.0 60.0 61.0 61.0 
118.0 60.0 80.0 75.0 
61.0 58.0 67.0 65.0 
59.0 59.0 63.0 62.0 
59.0 60.0 61.0 61.0 
120.0 59.0 80.0 75.0 
61.0 58.0 67.0 64.0 
59.0 59.0 62.0 62.0 
59.0 59.0 61.0 61.0 
117.0 60.0 80.0 75.0 
60.0 59.0 67.0 64.0 
59.0 59.0 62.0 63.0 
60.0 59.0 61.0 61.0 
117.0 60.0 79.0 75.0 
61.0 59.0 67.0 64.0 
59.0 60.0 63.0 63.0 
59.0 60.0 60.0 61.0 
117.0 59.0 81.0 76.0 
60.0 58.0 68.0 65.0 
60.0 58.0 62.0 62.0 
59.0 60.0 61.0 62.0 
118.0 59.0 80.0 75.0 
60.0 59.0 67.0 65.0 
59.0 61.0 62.0 62.0 
59.0 59.0 60.0 61.0 
117.0 60.0 80.0 75.0 
62.0 58.0 67.0 65.0 
59.0 59.0 63.0 62.0 
60.0 59.0 61.0 61.0 
118.0 59.0 80.0 75.0 
61.0 58.0 66.0 64.0 
58.0 60.0 62.0 62.0 
59.0 60.0 61.0 61.0 
119.0 58.0 81.0 75.0 
61.0 58.0 67.0 64.0 
59.0 59.0 61.0 63.0 
59.0 59.0 61.0 61.0 
121.0 59.0 81.0 76.0 
61.0 58.0 67.0 63.0 
59.0 59.0 61.0 63.0 
59.0 61.0 60.0 61.0 
117.0 60.0 80.0 75.0 
60.0 58.0 66.0 64.0 
58.0 59.0 62.0 63.0 
59.0 59.0 61.0 61.0 
120.0 60.0 80.0 75.0 
61.0 58.0 67.0 64.0 
59.0 59.0 61.0 63.0 
58.0 60.0 61.0 61.0 
118.0 59.0 80.0 76.0 
60.0 59.0 68.0 64.0 
59.0 59.0 62.0 62.0 
59.0 59.0 60.0 61.0 
116.0 59.0 80.0 76.0 
60.0 59.0 68.0 65.0 
61.0 59.0 62.0 62.0 
59.0 59.0 61.0 62.0 
117.0 61.0 81.0 76.0 
61.0 59.0 66.0 63.0 
59.0 59.0 62.0 62.0 
59.0 60.0 61.0 61.0 
116.0 60.0 80.0 75.0 
61.0 58.0 67.0 64.0 
60.0 59.0 62.0 63.0 
59.0 60.0 60.0 61.0 
116.0 60.0 80.0 76.0 
61.0 58.0 67.0 64.0 
60.0 60.0 62.0 62.0 
60.0 60.0 61.0 61.0 
115.0 59.0 81.0 75.0 
60.0 58.0 66.0 64.0 
60.0 59.0 61.0 62.0 
59.0 60.0 60.0 61.0 
116.0 60.0 81.0 76.0 
60.0 58.0 67.0 64.0 
59.0 59.0 63.0 62.0 
59.0 60.0 61.0 62.0 
116.0 61.0 80.0 75.0 
61.0 59.0 67.0 64.0 
59.0 59.0 62.0 63.0 
60.0 60.0 61.0 60.0 
115.0 59.0 81.0 75.0 
61.0 58.0 66.0 64.0 
59.0 59.0 61.0 62.0 
59.0 60.0 60.0 61.0 
114.0 60.0 79.0 75.0 
61.0 58.0 67.0 64.0 
60.0 59.0 61.0 62.0 
58.0 59.0 61.0 60.0 
114.0 60.0 80.0 75.0 
61.0 59.0 67.0 64.0 
60.0 58.0 61.0 63.0 
59.0 60.0 61.0 62.0 
114.0 60.0 80.0 74.0 
61.0 58.0 67.0 65.0 
58.0 59.0 61.0 62.0 
58.0 59.0 61.0 61.0 
113.0 59.0 80.0 74.0 
61.0 58.0 69.0 64.0 
59.0 59.0 61.0 62.0 
59.0 60.0 60.0 61.0 
112.0 60.0 79.0 74.0 
60.0 59.0 67.0 65.0 
60.0 58.0 62.0 62.0 
59.0 60.0 61.0 63.0 
113.0 59.0 80.0 73.0 
61.0 59.0 66.0 64.0 
59.0 58.0 62.0 62.0 
60.0 59.0 61.0 61.0 
112.0 59.0 80.0 74.0 
61.0 58.0 67.0 64.0 
61.0 60.0 61.0 62.0 
61.0 59.0 61.0 61.0 
112.0 60.0 79.0 74.0 
60.0 59.0 67.0 64.0 
60.0 59.0 62.0 63.0 
60.0 59.0 61.0 61.0 
113.0 60.0 80.0 73.0 
61.0 58.0 67.0 65.0 
60.0 59.0 62.0 63.0 
60.0 60.0 61.0 61.0 
113.0 59.0 79.0 74.0 
62.0 58.0 68.0 64.0 
60.0 58.0 63.0 62.0 
59.0 60.0 60.0 62.0 
112.0 59.0 80.0 75.0 
61.0 59.0 67.0 65.0 
59.0 60.0 62.0 63.0 
59.0 60.0 60.0 61.0 
111.0 58.0 79.0 74.0 
60.0 58.0 67.0 64.0 
58.0 58.0 62.0 63.0 
58.0 60.0 61.0 61.0 
112.0 59.0 80.0 73.0 
62.0 59.0 67.0 65.0 
59.0 59.0 61.0 63.0 
60.0 59.0 60.0 61.0 
112.0 59.0 81.0 74.0 
61.0 59.0 67.0 64.0 
59.0 59.0 62.0 62.0 
59.0 59.0 60.0 61.0 
111.0 59.0 80.0 74.0 
61.0 59.0 67.0 65.0 
59.0 60.0 62.0 62.0 
60.0 59.0 61.0 61.0 
111.0 59.0 80.0 74.0 
60.0 59.0 68.0 65.0 
58.0 59.0 62.0 64.0 
60.0 61.0 61.0 62.0 
113.0 60.0 80.0 74.0 
61.0 58.0 67.0 64.0 
60.0 60.0 61.0 63.0 
59.0 59.0 61.0 61.0 
111.0 59.0 80.0 74.0 
61.0 58.0 67.0 64.0 
59.0 59.0 61.0 63.0 
59.0 60.0 61.0 61.0 
111.0 59.0 80.0 73.0 
61.0 59.0 67.0 64.0 
60.0 59.0 62.0 62.0 
59.0 60.0 61.0 61.0 
108.0 59.0 80.0 73.0 
62.0 58.0 68.0 64.0 
59.0 59.0 63.0 62.0 
59.0 61.0 61.0 61.0 
109.0 59.0 80.0 73.0 
61.0 59.0 66.0 65.0 
60.0 59.0 62.0 63.0 
59.0 60.0 60.0 61.0 
109.0 60.0 80.0 74.0 
62.0 58.0 67.0 64.0 
60.0 59.0 61.0 62.0 
60.0 59.0 60.0 61.0 
108.0 59.0 80.0 73.0 
60.0 59.0 67.0 65.0 
60.0 58.0 62.0 63.0 
60.0 59.0 61.0 62.0 
108.0 59.0 80.0 73.0 
60.0 59.0 66.0 64.0 
60.0 57.0 62.0 62.0 
60.0 59.0 60.0 62.0 
107.0 60.0 80.0 73.0 
61.0 59.0 66.0 64.0 
61.0 59.0 62.0 62.0 
58.0 60.0 61.0 62.0 
106.0 59.0 79.0 73.0 
62.0 59.0 67.0 64.0 
60.0 59.0 60.0 62.0 
59.0 60.0 60.0 61.0 
107.0 60.0 80.0 73.0 
61.0 59.0 66.0 65.0 
60.0 58.0 61.0 62.0 
60.0 59.0 61.0 62.0 
107.0 60.0 79.0 73.0 
61.0 59.0 67.0 65.0 
60.0 60.0 61.0 63.0 
60.0 59.0 61.0 61.0 
107.0 60.0 80.0 73.0 
61.0 59.0 67.0 64.0 
61.0 59.0 61.0 62.0 
60.0 59.0 61.0 61.0 
106.0 59.0 80.0 73.0 
62.0 59.0 67.0 65.0 
60.0 59.0 61.0 62.0 
59.0 60.0 61.0 61.0 
106.0 60.0 80.0 73.0 
62.0 59.0 66.0 64.0 
60.0 59.0 61.0 62.0 
60.0 61.0 61.0 61.0 
107.0 59.0 80.0 72.0 
61.0 59.0 67.0 65.0 
59.0 59.0 61.0 62.0 
60.0 59.0 61.0 61.0 
107.0 60.0 80.0 72.0 
61.0 59.0 68.0 64.0 
60.0 59.0 61.0 62.0 
60.0 59.0 61.0 61.0 
108.0 59.0 80.0 72.0 
63.0 58.0 67.0 64.0 
60.0 61.0 62.0 64.0 
61.0 60.0 60.0 62.0 
108.0 60.0 79.0 72.0 
62.0 58.0 67.0 64.0 
59.0 59.0 62.0 62.0 
58.0 60.0 62.0 61.0 
107.0 60.0 80.0 73.0 
60.0 59.0 67.0 64.0 
60.0 58.0 61.0 63.0 
60.0 59.0 61.0 61.0 
107.0 59.0 80.0 73.0 
60.0 58.0 67.0 65.0 
60.0 60.0 61.0 62.0 
59.0 60.0 62.0 61.0 
107.0 59.0 80.0 72.0 
61.0 58.0 66.0 64.0 
60.0 59.0 61.0 63.0 
59.0 59.0 60.0 61.0 
106.0 59.0 80.0 72.0 
62.0 58.0 67.0 64.0 
58.0 59.0 62.0 61.0 
60.0 59.0 61.0 61.0 
106.0 59.0 80.0 72.0 
61.0 59.0 67.0 64.0 
61.0 58.0 61.0 63.0 
61.0 61.0 61.0 61.0 
106.0 59.0 79.0 73.0 
63.0 58.0 67.0 64.0 
60.0 59.0 61.0 63.0 
60.0 59.0 61.0 61.0 
105.0 59.0 80.0 72.0 
62.0 59.0 67.0 65.0 
59.0 59.0 60.0 62.0 
60.0 59.0 61.0 61.0 
105.0 59.0 80.0 72.0 
62.0 58.0 67.0 64.0 
60.0 59.0 60.0 61.0 
59.0 60.0 60.0 62.0 
105.0 60.0 80.0 72.0 
62.0 59.0 67.0 65.0 
60.0 60.0 61.0 62.0 
61.0 60.0 61.0 62.0 
104.0 59.0 80.0 72.0 
61.0 58.0 66.0 65.0 
61.0 59.0 62.0 62.0 
60.0 60.0 61.0 62.0 
105.0 60.0 80.0 72.0 
61.0 59.0 67.0 65.0 
59.0 59.0 62.0 62.0 
59.0 60.0 61.0 62.0 
105.0 60.0 80.0 72.0 
61.0 58.0 67.0 64.0 
60.0 59.0 62.0 62.0 
60.0 61.0 61.0 61.0 
106.0 60.0 80.0 73.0 
62.0 58.0 67.0 65.0 
60.0 60.0 61.0 63.0 
60.0 60.0 60.0 61.0 
106.0 59.0 81.0 72.0 
62.0 58.0 67.0 66.0 
60.0 59.0 62.0 62.0 
60.0 60.0 60.0 60.0 
105.0 59.0 80.0 73.0 
61.0 58.0 66.0 65.0 
59.0 59.0 61.0 63.0 
60.0 60.0 61.0 61.0 
104.0 60.0 80.0 73.0 
61.0 59.0 67.0 65.0 
60.0 59.0 61.0 63.0 
60.0 59.0 61.0 61.0 
105.0 59.0 80.0 73.0 
62.0 58.0 67.0 64.0 
61.0 59.0 62.0 62.0 
60.0 59.0 61.0 61.0 
105.0 60.0 80.0 73.0 
62.0 58.0 67.0 64.0 
60.0 59.0 60.0 63.0 
60.0 60.0 61.0 61.0 
104.0 59.0 81.0 74.0 
61.0 58.0 67.0 65.0 
60.0 58.0 62.0 62.0 
60.0 59.0 60.0 61.0 
106.0 60.0 80.0 74.0 
61.0 58.0 66.0 65.0 
59.0 59.0 62.0 62.0 
60.0 60.0 60.0 62.0 
105.0 59.0 81.0 74.0 
61.0 59.0 67.0 65.0 
60.0 59.0 61.0 62.0 
61.0 59.0 61.0 61.0 
106.0 58.0 81.0 74.0 
62.0 59.0 67.0 64.0 
59.0 59.0 61.0 64.0 
59.0 60.0 60.0 61.0 
106.0 59.0 80.0 75.0 
61.0 58.0 67.0 64.0 
61.0 59.0 63.0 62.0 
59.0 60.0 60.0 62.0 
106.0 60.0 81.0 74.0 
61.0 59.0 67.0 64.0 
60.0 59.0 61.0 62.0 
60.0 59.0 61.0 61.0 
106.0 59.0 81.0 74.0 
62.0 58.0 67.0 64.0 
61.0 58.0 62.0 63.0 
60.0 60.0 60.0 61.0 
106.0 60.0 81.0 74.0 
61.0 58.0 66.0 64.0 
60.0 59.0 61.0 62.0 
60.0 59.0 61.0 62.0 
105.0 59.0 81.0 75.0 
61.0 59.0 68.0 65.0 
60.0 59.0 61.0 62.0 
60.0 61.0 60.0 61.0 
106.0 59.0 80.0 74.0 
63.0 58.0 66.0 65.0 
60.0 59.0 61.0 63.0 
60.0 59.0 61.0 62.0 
106.0 59.0 81.0 74.0 
61.0 59.0 68.0 64.0 
60.0 59.0 61.0 62.0 
60.0 60.0 61.0 61.0 
106.0 59.0 81.0 75.0 
62.0 58.0 67.0 64.0 
60.0 59.0 61.0 62.0 
60.0 60.0 60.0 61.0 
106.0 59.0 81.0 75.0 
62.0 59.0 67.0 64.0 
60.0 59.0 61.0 63.0 
60.0 60.0 61.0 61.0 
105.0 60.0 81.0 75.0 
61.0 60.0 67.0 64.0 
59.0 59.0 61.0 62.0 
60.0 59.0 61.0 61.0 
105.0 59.0 81.0 75.0 
61.0 58.0 67.0 64.0 
60.0 59.0 61.0 62.0 
60.0 59.0 60.0 61.0 
106.0 59.0 81.0 75.0 
60.0 59.0 66.0 64.0 
59.0 59.0 61.0 62.0 
60.0 59.0 61.0 61.0 
107.0 59.0 81.0 75.0 
60.0 58.0 66.0 64.0 
59.0 59.0 61.0 63.0 
59.0 60.0 60.0 62.0 
106.0 60.0 81.0 75.0 
60.0 59.0 67.0 65.0 
60.0 59.0 62.0 61.0 
60.0 59.0 60.0 61.0 
107.0 59.0 81.0 75.0 
61.0 60.0 66.0 64.0 
60.0 59.0 61.0 62.0 
60.0 60.0 60.0 62.0 
106.0 59.0 81.0 75.0 
62.0 59.0 67.0 64.0 
60.0 59.0 62.0 62.0 
60.0 60.0 61.0 61.0 
105.0 59.0 81.0 75.0 
62.0 59.0 66.0 64.0 
60.0 59.0 62.0 62.0 
60.0 59.0 60.0 62.0 
107.0 59.0 81.0 75.0 
62.0 59.0 68.0 64.0 
60.0 59.0 61.0 62.0 
59.0 61.0 61.0 62.0 
108.0 59.0 81.0 75.0 
62.0 58.0 67.0 65.0 
60.0 60.0 62.0 63.0 
59.0 60.0 60.0 61.0 
110.0 60.0 81.0 76.0 
61.0 59.0 67.0 65.0 
59.0 59.0 62.0 62.0 
60.0 60.0 61.0 61.0 
111.0 60.0 81.0 75.0 
61.0 59.0 68.0 65.0 
60.0 58.0 62.0 63.0 
60.0 59.0 61.0 60.0 
110.0 60.0 80.0 75.0 
61.0 58.0 66.0 64.0 
60.0 59.0 62.0 63.0 
60.0 59.0 61.0 61.0 
111.0 60.0 81.0 76.0 
60.0 59.0 66.0 65.0 
59.0 59.0 61.0 62.0 
59.0 59.0 60.0 61.0 
110.0 60.0 81.0 75.0 
61.0 59.0 67.0 64.0 
60.0 60.0 62.0 64.0 
60.0 60.0 61.0 61.0 
110.0 61.0 80.0 75.0 
61.0 59.0 66.0 64.0 
60.0 59.0 62.0 62.0 
59.0 60.0 61.0 62.0 
110.0 60.0 81.0 75.0 
61.0 60.0 67.0 64.0 
61.0 59.0 62.0 62.0 
60.0 59.0 61.0 61.0 
110.0 59.0 81.0 75.0 
62.0 59.0 67.0 65.0 
60.0 59.0 63.0 62.0 
60.0 59.0 60.0 61.0 
111.0 59.0 81.0 75.0 
62.0 58.0 67.0 65.0 
60.0 59.0 62.0 62.0 
60.0 60.0 60.0 61.0 
110.0 60.0 80.0 76.0 
61.0 58.0 66.0 64.0 
61.0 59.0 62.0 62.0 
59.0 59.0 61.0 61.0 
111.0 60.0 80.0 75.0 
62.0 58.0 67.0 65.0 
60.0 60.0 63.0 62.0 
60.0 60.0 60.0 62.0 
111.0 59.0 81.0 75.0 
61.0 59.0 68.0 65.0 
60.0 59.0 62.0 62.0 
59.0 60.0 60.0 61.0 
111.0 60.0 79.0 75.0 
61.0 60.0 66.0 65.0 
60.0 59.0 62.0 61.0 
60.0 60.0 62.0 62.0 
114.0 59.0 81.0 74.0 
60.0 58.0 68.0 65.0 
60.0 59.0 63.0 63.0 
59.0 59.0 61.0 61.0 
114.0 60.0 79.0 76.0 
61.0 59.0 67.0 64.0 
60.0 59.0 62.0 62.0 
59.0 60.0 62.0 61.0 
114.0 60.0 81.0 75.0 
61.0 58.0 67.0 65.0 
61.0 58.0 62.0 64.0 
59.0 60.0 60.0 62.0 
111.0 60.0 80.0 74.0 
61.0 59.0 67.0 65.0 
59.0 59.0 61.0 63.0 
59.0 59.0 61.0 61.0 
111.0 60.0 80.0 75.0 
61.0 58.0 67.0 64.0 
60.0 58.0 62.0 63.0 
60.0 59.0 61.0 61.0 
111.0 59.0 81.0 75.0 
61.0 58.0 67.0 65.0 
60.0 61.0 62.0 63.0 
60.0 60.0 61.0 62.0 
111.0 59.0 80.0 75.0 
61.0 58.0 67.0 64.0 
60.0 59.0 62.0 63.0 
60.0 59.0 60.0 61.0 
111.0 59.0 80.0 75.0 
61.0 58.0 67.0 65.0 
59.0 59.0 63.0 63.0 
60.0 59.0 61.0 61.0 
110.0 58.0 80.0 75.0 
61.0 60.0 67.0 65.0 
60.0 59.0 61.0 62.0 
60.0 60.0 60.0 61.0 
110.0 60.0 79.0 74.0 
62.0 58.0 67.0 65.0 
60.0 60.0 62.0 63.0 
59.0 60.0 60.0 62.0 
110.0 59.0 80.0 74.0 
61.0 59.0 68.0 65.0 
60.0 59.0 62.0 63.0 
59.0 60.0 61.0 61.0 
111.0 59.0 80.0 75.0 
61.0 58.0 67.0 64.0 
60.0 59.0 62.0 62.0 
59.0 59.0 60.0 61.0 
111.0 59.0 80.0 76.0 
61.0 58.0 67.0 64.0 
60.0 59.0 63.0 62.0 
