90.0 59.0 82.0 73.0 
59.0 57.0 60.0 59.0 
60.0 58.0 61.0 62.0 
58.0 58.0 58.0 58.0 
92.0 58.0 84.0 73.0 
58.0 58.0 60.0 60.0 
60.0 58.0 63.0 62.0 
58.0 59.0 56.0 59.0 
90.0 60.0 84.0 75.0 
59.0 57.0 60.0 60.0 
61.0 57.0 62.0 63.0 
59.0 58.0 59.0 59.0 
91.0 58.0 84.0 73.0 
58.0 58.0 60.0 60.0 
60.0 59.0 62.0 63.0 
58.0 59.0 58.0 59.0 
91.0 59.0 83.0 74.0 
59.0 58.0 60.0 61.0 
61.0 58.0 61.0 63.0 
59.0 59.0 59.0 60.0 
91.0 59.0 85.0 74.0 
58.0 58.0 60.0 60.0 
61.0 58.0 63.0 63.0 
60.0 59.0 58.0 59.0 
91.0 58.0 84.0 73.0 
58.0 59.0 60.0 59.0 
61.0 59.0 64.0 63.0 
59.0 59.0 58.0 60.0 
90.0 58.0 84.0 74.0 
58.0 58.0 59.0 60.0 
60.0 59.0 62.0 63.0 
59.0 59.0 59.0 60.0 
91.0 59.0 83.0 74.0 
59.0 57.0 60.0 60.0 
62.0 58.0 62.0 62.0 
58.0 59.0 59.0 58.0 
91.0 58.0 85.0 74.0 
58.0 58.0 60.0 60.0 
60.0 58.0 62.0 63.0 
59.0 59.0 59.0 58.0 
92.0 58.0 85.0 73.0 
59.0 57.0 60.0 60.0 
60.0 59.0 63.0 63.0 
58.0 59.0 60.0 59.0 
91.0 59.0 84.0 73.0 
58.0 58.0 60.0 59.0 
61.0 58.0 63.0 63.0 
57.0 59.0 58.0 59.0 
92.0 58.0 83.0 73.0 
59.0 57.0 59.0 60.0 
61.0 58.0 63.0 63.0 
59.0 58.0 58.0 59.0 
92.0 60.0 84.0 73.0 
59.0 58.0 59.0 59.0 
60.0 59.0 63.0 63.0 
59.0 59.0 59.0 59.0 
92.0 58.0 84.0 74.0 
59.0 56.0 60.0 59.0 
60.0 59.0 62.0 63.0 
59.0 59.0 59.0 60.0 
92.0 59.0 85.0 73.0 
58.0 57.0 59.0 60.0 
61.0 58.0 64.0 63.0 
60.0 58.0 59.0 59.0 
92.0 58.0 84.0 73.0 
59.0 58.0 60.0 60.0 
61.0 59.0 63.0 63.0 
59.0 59.0 58.0 59.0 
92.0 58.0 84.0 73.0 
58.0 57.0 60.0 60.0 
60.0 59.0 63.0 62.0 
59.0 58.0 59.0 59.0 
92.0 59.0 83.0 73.0 
59.0 57.0 60.0 59.0 
61.0 59.0 63.0 62.0 
59.0 59.0 59.0 59.0 
92.0 58.0 84.0 73.0 
58.0 58.0 60.0 60.0 
61.0 58.0 63.0 63.0 
59.0 60.0 59.0 59.0 
92.0 59.0 84.0 73.0 
58.0 58.0 60.0 59.0 
60.0 58.0 63.0 62.0 
58.0 59.0 57.0 59.0 
92.0 59.0 85.0 73.0 
59.0 58.0 60.0 60.0 
60.0 58.0 63.0 64.0 
60.0 58.0 59.0 58.0 
93.0 58.0 87.0 74.0 
59.0 57.0 60.0 60.0 
60.0 58.0 62.0 64.0 
58.0 59.0 60.0 59.0 
93.0 58.0 84.0 74.0 
58.0 58.0 60.0 60.0 
60.0 58.0 63.0 62.0 
58.0 59.0 58.0 59.0 
92.0 58.0 83.0 74.0 
59.0 57.0 61.0 60.0 
60.0 58.0 63.0 63.0 
59.0 59.0 58.0 59.0 
93.0 59.0 84.0 73.0 
59.0 58.0 60.0 59.0 
61.0 58.0 62.0 64.0 
59.0 59.0 58.0 60.0 
93.0 60.0 85.0 74.0 
59.0 58.0 61.0 59.0 
61.0 59.0 63.0 64.0 
59.0 59.0 59.0 60.0 
93.0 58.0 84.0 74.0 
59.0 59.0 60.0 59.0 
61.0 58.0 64.0 63.0 
59.0 60.0 58.0 59.0 
92.0 59.0 84.0 73.0 
57.0 58.0 60.0 60.0 
61.0 58.0 62.0 63.0 
59.0 59.0 59.0 59.0 
93.0 58.0 84.0 73.0 
58.0 58.0 60.0 60.0 
60.0 58.0 64.0 63.0 
59.0 59.0 59.0 59.0 
93.0 58.0 83.0 74.0 
59.0 58.0 61.0 60.0 
61.0 58.0 65.0 63.0 
59.0 58.0 59.0 60.0 
92.0 58.0 85.0 73.0 
59.0 57.0 60.0 60.0 
61.0 59.0 63.0 64.0 
59.0 58.0 59.0 59.0 
94.0 59.0 83.0 73.0 
59.0 57.0 60.0 59.0 
60.0 58.0 62.0 63.0 
60.0 59.0 59.0 59.0 
91.0 59.0 83.0 73.0 
59.0 58.0 59.0 60.0 
59.0 58.0 62.0 63.0 
59.0 59.0 58.0 60.0 
91.0 59.0 83.0 74.0 
59.0 58.0 60.0 60.0 
61.0 58.0 63.0 63.0 
58.0 59.0 60.0 60.0 
91.0 58.0 84.0 73.0 
59.0 58.0 60.0 60.0 
60.0 58.0 62.0 63.0 
59.0 59.0 59.0 58.0 
92.0 58.0 85.0 74.0 
59.0 59.0 60.0 60.0 
60.0 58.0 63.0 64.0 
59.0 60.0 59.0 59.0 
92.0 59.0 84.0 74.0 
60.0 58.0 62.0 59.0 
60.0 59.0 62.0 63.0 
59.0 59.0 58.0 60.0 
92.0 58.0 85.0 73.0 
59.0 59.0 60.0 60.0 
62.0 58.0 64.0 63.0 
60.0 59.0 59.0 60.0 
92.0 60.0 82.0 73.0 
59.0 58.0 60.0 60.0 
61.0 58.0 64.0 63.0 
59.0 59.0 59.0 60.0 
93.0 58.0 85.0 74.0 
59.0 58.0 60.0 60.0 
61.0 59.0 64.0 62.0 
59.0 59.0 59.0 59.0 
92.0 59.0 82.0 74.0 
59.0 57.0 60.0 60.0 
61.0 58.0 63.0 63.0 
59.0 60.0 59.0 59.0 
93.0 59.0 84.0 73.0 
59.0 58.0 61.0 60.0 
61.0 59.0 64.0 63.0 
59.0 59.0 59.0 59.0 
91.0 59.0 84.0 73.0 
59.0 58.0 60.0 60.0 
60.0 59.0 63.0 62.0 
59.0 60.0 59.0 60.0 
92.0 59.0 84.0 74.0 
58.0 57.0 61.0 60.0 
60.0 58.0 63.0 63.0 
58.0 60.0 59.0 61.0 
93.0 59.0 84.0 74.0 
57.0 58.0 61.0 60.0 
61.0 57.0 64.0 62.0 
59.0 59.0 58.0 59.0 
92.0 58.0 83.0 73.0 
58.0 59.0 60.0 59.0 
61.0 58.0 64.0 63.0 
58.0 59.0 59.0 60.0 
92.0 59.0 82.0 73.0 
58.0 57.0 59.0 60.0 
60.0 59.0 63.0 64.0 
58.0 59.0 59.0 59.0 
92.0 59.0 82.0 72.0 
59.0 57.0 60.0 60.0 
60.0 59.0 63.0 63.0 
60.0 59.0 59.0 60.0 
92.0 59.0 82.0 73.0 
59.0 58.0 60.0 60.0 
61.0 58.0 63.0 64.0 
59.0 59.0 59.0 59.0 
92.0 59.0 82.0 73.0 
59.0 58.0 60.0 60.0 
59.0 59.0 62.0 64.0 
59.0 59.0 61.0 59.0 
92.0 59.0 80.0 74.0 
58.0 58.0 60.0 61.0 
61.0 58.0 64.0 64.0 
60.0 59.0 59.0 59.0 
92.0 59.0 80.0 73.0 
58.0 58.0 60.0 60.0 
61.0 58.0 63.0 63.0 
59.0 59.0 59.0 60.0 
92.0 59.0 81.0 73.0 
59.0 59.0 60.0 60.0 
61.0 58.0 63.0 63.0 
59.0 59.0 58.0 60.0 
92.0 59.0 83.0 74.0 
58.0 58.0 60.0 60.0 
61.0 58.0 64.0 63.0 
59.0 60.0 59.0 60.0 
92.0 59.0 84.0 74.0 
59.0 58.0 60.0 60.0 
60.0 58.0 63.0 63.0 
59.0 58.0 59.0 59.0 
92.0 59.0 86.0 74.0 
59.0 57.0 60.0 60.0 
62.0 60.0 63.0 63.0 
58.0 59.0 60.0 59.0 
93.0 58.0 86.0 74.0 
58.0 58.0 60.0 60.0 
60.0 58.0 63.0 64.0 
59.0 59.0 59.0 60.0 
92.0 59.0 87.0 74.0 
58.0 58.0 60.0 60.0 
60.0 59.0 63.0 63.0 
58.0 60.0 59.0 60.0 
93.0 59.0 88.0 75.0 
58.0 59.0 59.0 60.0 
61.0 59.0 63.0 63.0 
59.0 59.0 59.0 60.0 
93.0 59.0 85.0 74.0 
59.0 58.0 61.0 60.0 
60.0 59.0 63.0 63.0 
59.0 60.0 58.0 59.0 
93.0 59.0 85.0 74.0 
59.0 58.0 60.0 58.0 
61.0 59.0 64.0 63.0 
59.0 59.0 58.0 60.0 
93.0 59.0 85.0 72.0 
59.0 58.0 60.0 60.0 
61.0 58.0 63.0 63.0 
59.0 59.0 59.0 60.0 
93.0 59.0 81.0 73.0 
58.0 59.0 60.0 61.0 
60.0 59.0 63.0 64.0 
58.0 59.0 59.0 60.0 
93.0 59.0 81.0 73.0 
58.0 57.0 61.0 60.0 
61.0 59.0 63.0 64.0 
59.0 59.0 59.0 59.0 
93.0 59.0 82.0 73.0 
58.0 59.0 60.0 61.0 
60.0 57.0 64.0 64.0 
59.0 59.0 59.0 60.0 
93.0 58.0 81.0 73.0 
59.0 59.0 61.0 60.0 
61.0 58.0 63.0 65.0 
59.0 59.0 59.0 60.0 
93.0 60.0 82.0 74.0 
59.0 58.0 61.0 59.0 
61.0 59.0 64.0 63.0 
59.0 60.0 58.0 60.0 
92.0 60.0 81.0 73.0 
59.0 58.0 60.0 61.0 
61.0 58.0 64.0 63.0 
59.0 59.0 59.0 60.0 
94.0 59.0 81.0 73.0 
58.0 59.0 60.0 61.0 
61.0 59.0 64.0 64.0 
59.0 58.0 59.0 59.0 
94.0 58.0 83.0 72.0 
58.0 59.0 60.0 60.0 
60.0 59.0 63.0 63.0 
59.0 59.0 59.0 60.0 
93.0 59.0 83.0 75.0 
59.0 60.0 59.0 60.0 
61.0 58.0 64.0 63.0 
59.0 58.0 59.0 60.0 
93.0 58.0 83.0 74.0 
59.0 58.0 61.0 60.0 
60.0 58.0 64.0 64.0 
59.0 59.0 59.0 60.0 
94.0 59.0 83.0 73.0 
59.0 58.0 61.0 61.0 
61.0 59.0 64.0 63.0 
59.0 60.0 60.0 59.0 
93.0 59.0 84.0 74.0 
59.0 58.0 59.0 60.0 
61.0 59.0 63.0 63.0 
59.0 59.0 59.0 60.0 
93.0 59.0 82.0 73.0 
59.0 58.0 61.0 60.0 
60.0 58.0 64.0 63.0 
58.0 59.0 59.0 60.0 
93.0 59.0 83.0 74.0 
59.0 59.0 60.0 60.0 
61.0 59.0 63.0 64.0 
59.0 59.0 59.0 60.0 
94.0 59.0 83.0 74.0 
58.0 59.0 59.0 61.0 
60.0 59.0 63.0 64.0 
59.0 59.0 59.0 60.0 
93.0 59.0 82.0 74.0 
59.0 58.0 60.0 61.0 
61.0 58.0 65.0 63.0 
59.0 60.0 59.0 60.0 
94.0 59.0 83.0 73.0 
59.0 57.0 61.0 60.0 
60.0 58.0 64.0 63.0 
59.0 60.0 59.0 60.0 
94.0 59.0 83.0 73.0 
58.0 58.0 61.0 60.0 
60.0 59.0 63.0 64.0 
59.0 60.0 59.0 60.0 
93.0 58.0 84.0 73.0 
59.0 58.0 60.0 60.0 
61.0 58.0 63.0 64.0 
59.0 59.0 59.0 60.0 
93.0 59.0 82.0 74.0 
59.0 58.0 60.0 60.0 
60.0 60.0 63.0 64.0 
59.0 60.0 61.0 60.0 
93.0 59.0 82.0 73.0 
58.0 57.0 60.0 60.0 
61.0 58.0 64.0 63.0 
58.0 60.0 59.0 59.0 
93.0 59.0 83.0 74.0 
58.0 59.0 60.0 61.0 
61.0 59.0 64.0 63.0 
58.0 59.0 60.0 61.0 
93.0 59.0 82.0 73.0 
58.0 58.0 61.0 60.0 
62.0 59.0 63.0 64.0 
60.0 58.0 59.0 59.0 
93.0 59.0 82.0 74.0 
59.0 58.0 61.0 59.0 
60.0 60.0 64.0 64.0 
59.0 60.0 59.0 60.0 
92.0 59.0 82.0 73.0 
59.0 58.0 61.0 61.0 
61.0 59.0 64.0 65.0 
58.0 59.0 58.0 61.0 
94.0 57.0 82.0 74.0 
59.0 58.0 60.0 59.0 
61.0 57.0 65.0 64.0 
59.0 60.0 58.0 60.0 
93.0 60.0 82.0 73.0 
59.0 59.0 60.0 60.0 
61.0 60.0 64.0 64.0 
58.0 60.0 60.0 60.0 
93.0 60.0 82.0 74.0 
59.0 58.0 61.0 60.0 
61.0 59.0 63.0 64.0 
59.0 59.0 59.0 60.0 
93.0 59.0 82.0 73.0 
59.0 58.0 60.0 60.0 
61.0 59.0 64.0 64.0 
59.0 60.0 59.0 60.0 
93.0 59.0 83.0 73.0 
58.0 59.0 60.0 60.0 
61.0 59.0 64.0 64.0 
59.0 59.0 59.0 60.0 
93.0 59.0 82.0 74.0 
59.0 58.0 61.0 60.0 
60.0 59.0 63.0 64.0 
59.0 60.0 59.0 61.0 
93.0 59.0 80.0 73.0 
58.0 58.0 60.0 60.0 
61.0 59.0 63.0 64.0 
59.0 59.0 59.0 60.0 
93.0 59.0 82.0 74.0 
60.0 58.0 61.0 60.0 
60.0 58.0 64.0 64.0 
59.0 59.0 59.0 59.0 
93.0 59.0 82.0 73.0 
59.0 58.0 61.0 60.0 
61.0 59.0 64.0 64.0 
59.0 59.0 60.0 59.0 
93.0 59.0 82.0 73.0 
59.0 58.0 61.0 60.0 
61.0 59.0 64.0 64.0 
58.0 60.0 59.0 60.0 
93.0 59.0 82.0 73.0 
59.0 58.0 61.0 60.0 
61.0 59.0 66.0 63.0 
58.0 59.0 60.0 60.0 
94.0 59.0 82.0 73.0 
59.0 58.0 61.0 60.0 
60.0 60.0 63.0 63.0 
59.0 60.0 59.0 60.0 
93.0 58.0 81.0 73.0 
59.0 58.0 60.0 60.0 
61.0 59.0 64.0 63.0 
59.0 60.0 59.0 60.0 
93.0 59.0 83.0 73.0 
59.0 59.0 60.0 61.0 
60.0 59.0 64.0 64.0 
59.0 59.0 59.0 60.0 
93.0 59.0 82.0 73.0 
59.0 58.0 61.0 61.0 
61.0 58.0 64.0 63.0 
59.0 60.0 59.0 60.0 
92.0 60.0 81.0 73.0 
59.0 59.0 61.0 60.0 
61.0 59.0 63.0 64.0 
60.0 59.0 60.0 60.0 
92.0 59.0 82.0 73.0 
59.0 59.0 61.0 61.0 
60.0 59.0 64.0 64.0 
59.0 60.0 59.0 60.0 
92.0 59.0 82.0 74.0 
59.0 59.0 61.0 60.0 
62.0 58.0 64.0 64.0 
59.0 60.0 59.0 61.0 
94.0 60.0 80.0 73.0 
59.0 58.0 61.0 60.0 
60.0 59.0 64.0 63.0 
59.0 60.0 59.0 60.0 
93.0 58.0 82.0 73.0 
59.0 59.0 61.0 61.0 
61.0 59.0 63.0 64.0 
59.0 60.0 59.0 61.0 
92.0 59.0 82.0 74.0 
59.0 59.0 61.0 61.0 
60.0 59.0 63.0 64.0 
58.0 59.0 60.0 60.0 
93.0 60.0 82.0 73.0 
59.0 58.0 61.0 61.0 
62.0 58.0 64.0 63.0 
59.0 60.0 59.0 60.0 
93.0 59.0 82.0 75.0 
59.0 59.0 60.0 60.0 
60.0 59.0 64.0 64.0 
58.0 59.0 59.0 60.0 
93.0 59.0 82.0 73.0 
59.0 59.0 61.0 61.0 
60.0 61.0 63.0 63.0 
59.0 59.0 59.0 62.0 
93.0 60.0 82.0 74.0 
59.0 58.0 61.0 60.0 
61.0 59.0 62.0 64.0 
59.0 60.0 59.0 60.0 
93.0 60.0 82.0 74.0 
59.0 58.0 61.0 60.0 
60.0 59.0 64.0 64.0 
60.0 59.0 60.0 60.0 
93.0 59.0 82.0 73.0 
59.0 58.0 61.0 60.0 
61.0 59.0 64.0 64.0 
59.0 59.0 59.0 60.0 
94.0 58.0 82.0 73.0 
59.0 60.0 61.0 60.0 
61.0 59.0 63.0 64.0 
58.0 60.0 60.0 59.0 
93.0 59.0 82.0 73.0 
59.0 59.0 61.0 61.0 
61.0 59.0 64.0 64.0 
59.0 60.0 59.0 60.0 
93.0 60.0 81.0 74.0 
59.0 59.0 61.0 61.0 
62.0 58.0 64.0 64.0 
59.0 59.0 60.0 60.0 
94.0 59.0 82.0 74.0 
59.0 59.0 61.0 61.0 
61.0 58.0 63.0 63.0 
59.0 59.0 60.0 60.0 
93.0 60.0 82.0 73.0 
59.0 58.0 61.0 61.0 
61.0 58.0 64.0 63.0 
59.0 60.0 60.0 59.0 
94.0 60.0 81.0 74.0 
59.0 58.0 60.0 60.0 
60.0 58.0 64.0 64.0 
58.0 60.0 60.0 60.0 
93.0 59.0 82.0 73.0 
59.0 58.0 61.0 61.0 
60.0 59.0 64.0 64.0 
58.0 59.0 60.0 61.0 
94.0 59.0 82.0 74.0 
58.0 58.0 61.0 61.0 
61.0 59.0 64.0 64.0 
59.0 60.0 60.0 60.0 
94.0 59.0 82.0 73.0 
59.0 58.0 61.0 61.0 
61.0 59.0 63.0 65.0 
59.0 60.0 61.0 60.0 
93.0 59.0 83.0 73.0 
59.0 59.0 61.0 60.0 
61.0 60.0 64.0 64.0 
61.0 59.0 60.0 60.0 
93.0 60.0 82.0 74.0 
59.0 58.0 61.0 62.0 
62.0 59.0 65.0 63.0 
59.0 59.0 60.0 59.0 
93.0 59.0 82.0 74.0 
59.0 58.0 61.0 61.0 
61.0 59.0 64.0 63.0 
59.0 59.0 60.0 60.0 
93.0 60.0 82.0 73.0 
59.0 59.0 61.0 60.0 
61.0 59.0 63.0 65.0 
59.0 59.0 60.0 61.0 
93.0 59.0 82.0 73.0 
59.0 58.0 61.0 60.0 
61.0 59.0 64.0 65.0 
60.0 59.0 60.0 60.0 
93.0 60.0 82.0 72.0 
58.0 59.0 61.0 60.0 
62.0 59.0 65.0 64.0 
59.0 59.0 61.0 60.0 
93.0 59.0 82.0 73.0 
60.0 59.0 64.0 63.0 
62.0 61.0 64.0 66.0 
57.0 60.0 60.0 60.0 
92.0 59.0 81.0 72.0 
60.0 59.0 68.0 64.0 
62.0 58.0 65.0 65.0 
60.0 59.0 60.0 60.0 
91.0 59.0 81.0 72.0 
61.0 59.0 68.0 65.0 
62.0 59.0 65.0 65.0 
60.0 60.0 60.0 61.0 
90.0 60.0 81.0 71.0 
61.0 59.0 68.0 66.0 
61.0 59.0 64.0 65.0 
60.0 59.0 61.0 61.0 
90.0 58.0 80.0 72.0 
62.0 58.0 69.0 65.0 
61.0 59.0 64.0 65.0 
60.0 59.0 60.0 61.0 
89.0 60.0 81.0 71.0 
61.0 59.0 69.0 63.0 
62.0 58.0 64.0 65.0 
59.0 60.0 61.0 60.0 
90.0 59.0 79.0 72.0 
61.0 58.0 68.0 65.0 
62.0 59.0 65.0 65.0 
60.0 60.0 60.0 62.0 
89.0 60.0 81.0 71.0 
61.0 59.0 68.0 65.0 
62.0 59.0 64.0 65.0 
60.0 60.0 62.0 61.0 
87.0 59.0 81.0 70.0 
61.0 59.0 68.0 65.0 
62.0 60.0 65.0 65.0 
60.0 59.0 62.0 62.0 
88.0 60.0 79.0 72.0 
61.0 59.0 68.0 65.0 
63.0 59.0 64.0 66.0 
61.0 60.0 61.0 62.0 
87.0 59.0 80.0 71.0 
62.0 58.0 70.0 66.0 
62.0 59.0 64.0 65.0 
60.0 59.0 60.0 62.0 
86.0 59.0 80.0 70.0 
62.0 60.0 69.0 65.0 
63.0 58.0 65.0 66.0 
61.0 60.0 60.0 61.0 
88.0 59.0 81.0 71.0 
62.0 60.0 69.0 66.0 
62.0 59.0 65.0 66.0 
60.0 60.0 61.0 61.0 
87.0 60.0 80.0 70.0 
63.0 59.0 68.0 65.0 
63.0 60.0 65.0 66.0 
60.0 59.0 61.0 61.0 
88.0 60.0 80.0 71.0 
63.0 59.0 68.0 65.0 
63.0 57.0 64.0 65.0 
61.0 60.0 61.0 62.0 
86.0 59.0 80.0 71.0 
62.0 58.0 68.0 64.0 
62.0 59.0 64.0 65.0 
60.0 59.0 60.0 62.0 
89.0 59.0 81.0 70.0 
62.0 59.0 68.0 64.0 
63.0 59.0 64.0 66.0 
59.0 60.0 60.0 61.0 
87.0 59.0 82.0 71.0 
62.0 59.0 68.0 65.0 
63.0 59.0 65.0 65.0 
61.0 60.0 60.0 62.0 
87.0 60.0 80.0 71.0 
62.0 59.0 67.0 65.0 
63.0 59.0 66.0 64.0 
61.0 59.0 62.0 61.0 
86.0 60.0 79.0 71.0 
62.0 59.0 68.0 65.0 
63.0 61.0 65.0 65.0 
61.0 60.0 61.0 62.0 
88.0 59.0 79.0 70.0 
62.0 59.0 69.0 65.0 
62.0 59.0 64.0 65.0 
61.0 60.0 59.0 62.0 
88.0 59.0 80.0 71.0 
62.0 58.0 68.0 65.0 
63.0 59.0 64.0 66.0 
61.0 60.0 61.0 61.0 
86.0 59.0 80.0 71.0 
63.0 59.0 68.0 65.0 
63.0 59.0 65.0 65.0 
61.0 60.0 60.0 61.0 
85.0 60.0 79.0 70.0 
62.0 60.0 68.0 65.0 
63.0 61.0 64.0 65.0 
61.0 60.0 61.0 62.0 
86.0 59.0 79.0 71.0 
63.0 58.0 68.0 65.0 
63.0 59.0 64.0 66.0 
62.0 59.0 62.0 62.0 
86.0 60.0 79.0 70.0 
62.0 59.0 68.0 66.0 
63.0 59.0 64.0 65.0 
61.0 60.0 61.0 61.0 
86.0 60.0 78.0 70.0 
62.0 58.0 69.0 65.0 
63.0 59.0 65.0 66.0 
62.0 60.0 61.0 61.0 
86.0 60.0 77.0 71.0 
63.0 59.0 69.0 66.0 
63.0 59.0 65.0 65.0 
61.0 60.0 60.0 62.0 
87.0 60.0 76.0 70.0 
63.0 59.0 70.0 65.0 
63.0 59.0 64.0 65.0 
61.0 60.0 61.0 61.0 
86.0 60.0 77.0 70.0 
63.0 59.0 70.0 66.0 
62.0 59.0 65.0 66.0 
60.0 60.0 61.0 62.0 
87.0 60.0 78.0 70.0 
62.0 58.0 71.0 66.0 
62.0 59.0 66.0 65.0 
61.0 59.0 61.0 61.0 
86.0 60.0 79.0 71.0 
63.0 58.0 73.0 66.0 
62.0 59.0 65.0 65.0 
60.0 60.0 62.0 61.0 
86.0 61.0 78.0 70.0 
64.0 59.0 72.0 66.0 
62.0 61.0 66.0 66.0 
60.0 59.0 61.0 61.0 
88.0 59.0 78.0 71.0 
62.0 58.0 71.0 67.0 
62.0 60.0 66.0 65.0 
60.0 60.0 62.0 61.0 
87.0 60.0 78.0 71.0 
63.0 59.0 72.0 66.0 
62.0 59.0 66.0 64.0 
61.0 60.0 62.0 61.0 
89.0 60.0 78.0 72.0 
63.0 59.0 73.0 66.0 
63.0 58.0 66.0 65.0 
60.0 59.0 62.0 61.0 
89.0 60.0 80.0 72.0 
63.0 58.0 72.0 67.0 
61.0 61.0 66.0 65.0 
61.0 60.0 61.0 62.0 
90.0 60.0 81.0 73.0 
62.0 59.0 74.0 66.0 
62.0 58.0 68.0 65.0 
59.0 60.0 62.0 61.0 
91.0 59.0 83.0 73.0 
62.0 59.0 71.0 66.0 
62.0 60.0 66.0 65.0 
61.0 61.0 61.0 61.0 
91.0 59.0 86.0 75.0 
62.0 59.0 70.0 65.0 
62.0 60.0 65.0 65.0 
60.0 59.0 61.0 61.0 
91.0 60.0 88.0 75.0 
62.0 58.0 70.0 67.0 
62.0 59.0 65.0 65.0 
60.0 59.0 61.0 61.0 
90.0 61.0 88.0 76.0 
63.0 58.0 69.0 66.0 
62.0 59.0 64.0 65.0 
60.0 60.0 62.0 62.0 
90.0 60.0 87.0 75.0 
64.0 58.0 69.0 65.0 
62.0 59.0 65.0 64.0 
59.0 60.0 60.0 61.0 
90.0 59.0 87.0 74.0 
63.0 58.0 69.0 65.0 
62.0 59.0 65.0 64.0 
60.0 60.0 61.0 61.0 
88.0 59.0 89.0 74.0 
62.0 59.0 69.0 65.0 
62.0 60.0 66.0 65.0 
60.0 61.0 61.0 61.0 
84.0 60.0 89.0 75.0 
63.0 58.0 68.0 66.0 
62.0 60.0 67.0 65.0 
62.0 59.0 61.0 61.0 
86.0 61.0 91.0 75.0 
62.0 59.0 69.0 65.0 
61.0 59.0 65.0 63.0 
60.0 60.0 62.0 62.0 
91.0 60.0 89.0 77.0 
63.0 58.0 69.0 66.0 
60.0 60.0 63.0 62.0 
61.0 60.0 62.0 61.0 
91.0 59.0 91.0 76.0 
62.0 58.0 67.0 64.0 
61.0 61.0 61.0 63.0 
60.0 60.0 61.0 61.0 
88.0 59.0 88.0 77.0 
62.0 59.0 66.0 65.0 
60.0 60.0 62.0 63.0 
61.0 60.0 60.0 61.0 
87.0 60.0 89.0 77.0 
62.0 58.0 67.0 67.0 
60.0 60.0 61.0 61.0 
62.0 60.0 60.0 62.0 
94.0 60.0 90.0 79.0 
63.0 58.0 64.0 65.0 
61.0 59.0 59.0 61.0 
61.0 60.0 62.0 62.0 
94.0 60.0 89.0 80.0 
62.0 59.0 66.0 66.0 
59.0 58.0 59.0 60.0 
61.0 60.0 60.0 63.0 
87.0 59.0 91.0 79.0 
63.0 59.0 65.0 66.0 
59.0 60.0 59.0 61.0 
61.0 60.0 60.0 62.0 
92.0 60.0 89.0 79.0 
63.0 59.0 65.0 65.0 
58.0 60.0 59.0 60.0 
61.0 60.0 60.0 61.0 
104.0 59.0 96.0 85.0 
63.0 58.0 64.0 65.0 
59.0 61.0 58.0 59.0 
62.0 60.0 59.0 61.0 
103.0 59.0 97.0 86.0 
61.0 60.0 62.0 65.0 
59.0 60.0 59.0 59.0 
61.0 60.0 59.0 62.0 
107.0 59.0 97.0 87.0 
62.0 59.0 63.0 65.0 
58.0 59.0 59.0 60.0 
59.0 60.0 59.0 62.0 
111.0 59.0 98.0 87.0 
62.0 58.0 63.0 65.0 
58.0 59.0 59.0 60.0 
60.0 60.0 59.0 62.0 
108.0 60.0 99.0 88.0 
63.0 59.0 62.0 65.0 
58.0 59.0 59.0 59.0 
59.0 61.0 59.0 61.0 
109.0 60.0 100.0 89.0 
61.0 58.0 63.0 65.0 
58.0 59.0 58.0 60.0 
61.0 60.0 59.0 60.0 
110.0 58.0 100.0 90.0 
63.0 59.0 62.0 65.0 
58.0 59.0 59.0 60.0 
61.0 60.0 58.0 61.0 
107.0 60.0 101.0 88.0 
62.0 58.0 62.0 64.0 
62.0 60.0 60.0 64.0 
59.0 59.0 59.0 61.0 
107.0 59.0 102.0 88.0 
63.0 59.0 64.0 65.0 
62.0 60.0 61.0 64.0 
60.0 60.0 60.0 60.0 
107.0 59.0 104.0 87.0 
63.0 59.0 63.0 65.0 
62.0 59.0 59.0 65.0 
59.0 61.0 59.0 61.0 
107.0 59.0 114.0 87.0 
63.0 59.0 64.0 66.0 
64.0 60.0 60.0 64.0 
60.0 60.0 59.0 61.0 
109.0 60.0 125.0 87.0 
63.0 59.0 64.0 65.0 
62.0 60.0 61.0 63.0 
59.0 60.0 58.0 59.0 
110.0 60.0 135.0 88.0 
64.0 58.0 65.0 66.0 
62.0 58.0 62.0 64.0 
59.0 60.0 58.0 61.0 
108.0 61.0 138.0 87.0 
66.0 59.0 70.0 68.0 
62.0 61.0 60.0 64.0 
58.0 61.0 57.0 60.0 
109.0 60.0 139.0 87.0 
65.0 59.0 68.0 68.0 
62.0 59.0 61.0 64.0 
59.0 60.0 57.0 61.0 
108.0 60.0 140.0 87.0 
65.0 59.0 69.0 68.0 
62.0 59.0 61.0 63.0 
59.0 59.0 58.0 60.0 
111.0 60.0 146.0 88.0 
66.0 59.0 70.0 68.0 
62.0 59.0 60.0 63.0 
59.0 61.0 57.0 60.0 
109.0 60.0 145.0 86.0 
65.0 58.0 69.0 69.0 
61.0 61.0 61.0 64.0 
59.0 60.0 57.0 60.0 
109.0 60.0 151.0 89.0 
66.0 60.0 70.0 69.0 
60.0 60.0 58.0 61.0 
58.0 59.0 56.0 59.0 
105.0 59.0 157.0 89.0 
67.0 60.0 71.0 69.0 
60.0 60.0 58.0 63.0 
59.0 60.0 56.0 59.0 
105.0 60.0 167.0 90.0 
65.0 59.0 72.0 68.0 
61.0 60.0 59.0 61.0 
58.0 60.0 56.0 59.0 
104.0 60.0 176.0 91.0 
65.0 59.0 69.0 69.0 
61.0 59.0 58.0 63.0 
59.0 60.0 56.0 59.0 
107.0 58.0 182.0 90.0 
66.0 59.0 69.0 69.0 
61.0 60.0 58.0 62.0 
59.0 60.0 55.0 59.0 
104.0 59.0 188.0 92.0 
64.0 60.0 68.0 68.0 
61.0 59.0 58.0 62.0 
59.0 60.0 55.0 60.0 
103.0 60.0 198.0 95.0 
63.0 60.0 64.0 65.0 
59.0 59.0 59.0 62.0 
60.0 59.0 55.0 60.0 
100.0 61.0 216.0 96.0 
63.0 60.0 64.0 65.0 
61.0 60.0 57.0 62.0 
60.0 60.0 55.0 60.0 
99.0 59.0 222.0 95.0 
63.0 58.0 64.0 65.0 
61.0 60.0 56.0 63.0 
59.0 60.0 54.0 60.0 
100.0 60.0 229.0 97.0 
63.0 59.0 62.0 65.0 
61.0 59.0 58.0 62.0 
60.0 59.0 54.0 60.0 
96.0 60.0 250.0 99.0 
63.0 59.0 64.0 65.0 
61.0 58.0 55.0 63.0 
60.0 59.0 54.0 60.0 
92.0 61.0 283.0 102.0 
63.0 58.0 65.0 64.0 
61.0 59.0 57.0 62.0 
60.0 59.0 53.0 59.0 
93.0 61.0 292.0 103.0 
63.0 58.0 65.0 65.0 
61.0 60.0 56.0 63.0 
60.0 60.0 53.0 59.0 
93.0 61.0 289.0 104.0 
63.0 59.0 65.0 64.0 
61.0 59.0 56.0 62.0 
59.0 59.0 53.0 60.0 
92.0 61.0 304.0 109.0 
63.0 58.0 66.0 65.0 
62.0 59.0 56.0 62.0 
61.0 61.0 52.0 60.0 
94.0 62.0 320.0 137.0 
63.0 59.0 63.0 63.0 
61.0 59.0 55.0 62.0 
60.0 60.0 53.0 59.0 
100.0 61.0 314.0 148.0 
61.0 59.0 63.0 62.0 
61.0 60.0 57.0 61.0 
60.0 60.0 54.0 59.0 
106.0 62.0 354.0 167.0 
62.0 59.0 62.0 61.0 
60.0 60.0 56.0 61.0 
61.0 60.0 52.0 57.0 
100.0 63.0 414.0 184.0 
61.0 60.0 61.0 62.0 
60.0 59.0 54.0 60.0 
62.0 59.0 51.0 57.0 
99.0 63.0 405.0 186.0 
61.0 58.0 60.0 61.0 
61.0 60.0 54.0 60.0 
60.0 60.0 50.0 57.0 
98.0 62.0 350.0 175.0 
61.0 59.0 62.0 61.0 
61.0 59.0 55.0 60.0 
59.0 59.0 52.0 58.0 
97.0 62.0 366.0 185.0 
62.0 59.0 62.0 61.0 
61.0 59.0 55.0 59.0 
59.0 60.0 51.0 58.0 
104.0 63.0 392.0 225.0 
62.0 59.0 62.0 61.0 
61.0 59.0 56.0 58.0 
60.0 61.0 52.0 56.0 
105.0 64.0 417.0 253.0 
62.0 58.0 62.0 59.0 
61.0 60.0 54.0 57.0 
60.0 60.0 50.0 55.0 
105.0 63.0 377.0 253.0 
60.0 58.0 60.0 60.0 
61.0 59.0 55.0 59.0 
60.0 60.0 52.0 55.0 
112.0 63.0 375.0 287.0 
60.0 59.0 57.0 57.0 
60.0 60.0 57.0 58.0 
60.0 59.0 52.0 54.0 
111.0 63.0 347.0 304.0 
60.0 59.0 59.0 59.0 
60.0 61.0 57.0 57.0 
59.0 59.0 53.0 53.0 
111.0 61.0 293.0 322.0 
59.0 59.0 55.0 53.0 
61.0 59.0 59.0 57.0 
59.0 59.0 54.0 52.0 
118.0 64.0 284.0 400.0 
59.0 59.0 60.0 55.0 
61.0 60.0 59.0 56.0 
58.0 60.0 54.0 51.0 
114.0 63.0 255.0 390.0 
60.0 59.0 59.0 55.0 
61.0 58.0 60.0 55.0 
60.0 60.0 57.0 53.0 
114.0 63.0 241.0 390.0 
60.0 59.0 60.0 55.0 
60.0 60.0 59.0 55.0 
59.0 60.0 57.0 52.0 
111.0 61.0 217.0 343.0 
60.0 59.0 61.0 55.0 
60.0 59.0 59.0 55.0 
59.0 61.0 57.0 53.0 
110.0 61.0 198.0 341.0 
60.0 58.0 62.0 55.0 
59.0 59.0 59.0 55.0 
60.0 61.0 57.0 53.0 
120.0 62.0 200.0 369.0 
61.0 59.0 63.0 56.0 
58.0 60.0 57.0 52.0 
60.0 60.0 59.0 53.0 
123.0 63.0 198.0 407.0 
61.0 59.0 66.0 56.0 
58.0 59.0 56.0 53.0 
59.0 60.0 58.0 51.0 
127.0 63.0 200.0 424.0 
61.0 59.0 65.0 57.0 
59.0 59.0 57.0 52.0 
58.0 60.0 58.0 50.0 
134.0 62.0 198.0 422.0 
60.0 59.0 66.0 57.0 
58.0 59.0 56.0 51.0 
58.0 60.0 57.0 49.0 
133.0 63.0 187.0 388.0 
60.0 59.0 65.0 59.0 
58.0 59.0 58.0 52.0 
60.0 60.0 58.0 52.0 
140.0 63.0 191.0 417.0 
61.0 59.0 66.0 57.0 
58.0 60.0 58.0 51.0 
57.0 60.0 59.0 52.0 
153.0 63.0 181.0 427.0 
60.0 59.0 66.0 57.0 
58.0 59.0 58.0 50.0 
57.0 60.0 58.0 52.0 
153.0 61.0 171.0 358.0 
60.0 59.0 67.0 59.0 
57.0 60.0 58.0 53.0 
57.0 60.0 58.0 52.0 
150.0 60.0 172.0 310.0 
60.0 59.0 66.0 60.0 
57.0 60.0 58.0 54.0 
57.0 60.0 56.0 52.0 
160.0 61.0 164.0 315.0 
60.0 59.0 67.0 60.0 
60.0 60.0 61.0 59.0 
56.0 60.0 56.0 52.0 
149.0 60.0 130.0 263.0 
61.0 59.0 70.0 62.0 
60.0 59.0 63.0 59.0 
57.0 60.0 57.0 53.0 
173.0 62.0 136.0 306.0 
60.0 59.0 70.0 61.0 
59.0 60.0 62.0 58.0 
56.0 60.0 57.0 53.0 
186.0 61.0 138.0 319.0 
60.0 59.0 70.0 61.0 
59.0 60.0 62.0 58.0 
56.0 60.0 59.0 51.0 
203.0 61.0 134.0 301.0 
60.0 58.0 70.0 61.0 
60.0 59.0 63.0 59.0 
55.0 62.0 57.0 53.0 
200.0 61.0 131.0 284.0 
60.0 58.0 71.0 63.0 
58.0 60.0 62.0 60.0 
55.0 59.0 57.0 53.0 
205.0 60.0 127.0 271.0 
61.0 59.0 72.0 63.0 
59.0 59.0 63.0 59.0 
54.0 61.0 58.0 52.0 
211.0 61.0 124.0 251.0 
61.0 58.0 72.0 64.0 
59.0 60.0 63.0 60.0 
54.0 60.0 58.0 54.0 
216.0 60.0 122.0 233.0 
61.0 58.0 72.0 64.0 
59.0 60.0 63.0 61.0 
54.0 59.0 57.0 54.0 
238.0 357.0 116.0 192.0 
61.0 58.0 73.0 65.0 
58.0 58.0 63.0 60.0 
54.0 60.0 58.0 55.0 
190.0 448.0 121.0 201.0 
61.0 58.0 73.0 65.0 
58.0 60.0 63.0 60.0 
54.0 60.0 57.0 55.0 
198.0 482.0 120.0 201.0 
61.0 59.0 74.0 65.0 
58.0 59.0 63.0 61.0 
53.0 60.0 58.0 55.0 
210.0 411.0 122.0 205.0 
61.0 59.0 76.0 66.0 
59.0 59.0 64.0 61.0 
53.0 59.0 57.0 55.0 
209.0 502.0 122.0 195.0 
62.0 58.0 76.0 67.0 
59.0 60.0 63.0 61.0 
52.0 60.0 57.0 55.0 
231.0 508.0 124.0 195.0 
62.0 61.0 74.0 67.0 
60.0 59.0 66.0 63.0 
52.0 60.0 57.0 56.0 
268.0 524.0 124.0 197.0 
62.0 59.0 78.0 69.0 
60.0 60.0 68.0 65.0 
52.0 60.0 58.0 55.0 
269.0 517.0 124.0 187.0 
62.0 63.0 78.0 68.0 
61.0 57.0 66.0 65.0 
54.0 48.0 58.0 56.0 
246.0 436.0 115.0 167.0 
64.0 65.0 81.0 70.0 
62.0 59.0 67.0 65.0 
54.0 50.0 59.0 57.0 
255.0 422.0 116.0 164.0 
64.0 64.0 79.0 69.0 
62.0 60.0 66.0 66.0 
54.0 50.0 59.0 56.0 
301.0 422.0 120.0 162.0 
64.0 64.0 76.0 69.0 
62.0 61.0 67.0 67.0 
53.0 50.0 59.0 57.0 
376.0 405.0 122.0 159.0 
64.0 65.0 77.0 68.0 
61.0 62.0 67.0 68.0 
51.0 51.0 58.0 57.0 
408.0 380.0 123.0 149.0 
65.0 65.0 77.0 69.0 
61.0 64.0 69.0 68.0 
50.0 52.0 57.0 58.0 
384.0 329.0 120.0 141.0 
65.0 67.0 78.0 69.0 
62.0 62.0 66.0 67.0 
54.0 57.0 60.0 62.0 
345.0 286.0 123.0 127.0 
71.0 71.0 82.0 74.0 
52.0 62.0 66.0 67.0 
56.0 58.0 61.0 62.0 
374.0 288.0 124.0 128.0 
72.0 72.0 83.0 74.0 
51.0 54.0 58.0 66.0 
54.0 59.0 60.0 62.0 
402.0 270.0 126.0 122.0 
75.0 71.0 82.0 74.0 
50.0 55.0 58.0 59.0 
57.0 61.0 63.0 65.0 
284.0 241.0 126.0 111.0 
74.0 71.0 83.0 75.0 
54.0 56.0 58.0 58.0 
59.0 62.0 62.0 65.0 
383.0 239.0 127.0 111.0 
78.0 72.0 84.0 74.0 
50.0 55.0 56.0 59.0 
57.0 62.0 64.0 66.0 
374.0 225.0 128.0 106.0 
79.0 72.0 85.0 74.0 
51.0 57.0 57.0 59.0 
57.0 64.0 62.0 65.0 
371.0 198.0 129.0 101.0 
79.0 72.0 84.0 74.0 
51.0 57.0 57.0 59.0 
57.0 64.0 64.0 65.0 
353.0 181.0 126.0 97.0 
78.0 71.0 86.0 75.0 
51.0 58.0 57.0 60.0 
57.0 64.0 64.0 66.0 
350.0 179.0 134.0 98.0 
78.0 71.0 95.0 75.0 
52.0 57.0 57.0 58.0 
58.0 64.0 68.0 67.0 
295.0 168.0 132.0 94.0 
76.0 71.0 100.0 76.0 
52.0 57.0 56.0 59.0 
58.0 64.0 71.0 65.0 
261.0 130.0 132.0 86.0 
73.0 70.0 108.0 76.0 
53.0 58.0 56.0 59.0 
60.0 65.0 74.0 66.0 
268.0 110.0 134.0 83.0 
74.0 69.0 119.0 77.0 
53.0 58.0 55.0 59.0 
59.0 64.0 81.0 67.0 
234.0 103.0 131.0 81.0 
72.0 69.0 125.0 77.0 
54.0 58.0 54.0 59.0 
61.0 65.0 88.0 68.0 
224.0 101.0 131.0 81.0 
72.0 68.0 144.0 78.0 
59.0 62.0 90.0 65.0 
60.0 65.0 95.0 67.0 
172.0 91.0 123.0 77.0 
67.0 66.0 175.0 79.0 
62.0 65.0 158.0 72.0 
61.0 63.0 112.0 67.0 
153.0 89.0 115.0 78.0 
65.0 67.0 177.0 78.0 
68.0 70.0 289.0 90.0 
61.0 63.0 108.0 67.0 
186.0 92.0 110.0 75.0 
66.0 66.0 193.0 80.0 
68.0 72.0 348.0 98.0 
60.0 62.0 114.0 68.0 
171.0 89.0 107.0 74.0 
65.0 66.0 205.0 82.0 
69.0 74.0 385.0 109.0 
60.0 63.0 111.0 67.0 
161.0 88.0 113.0 75.0 
65.0 67.0 214.0 83.0 
76.0 82.0 492.0 122.0 
60.0 62.0 106.0 66.0 
152.0 84.0 113.0 75.0 
65.0 67.0 219.0 85.0 
77.0 83.0 507.0 124.0 
61.0 63.0 114.0 67.0 
146.0 86.0 112.0 73.0 
64.0 67.0 218.0 84.0 
79.0 85.0 534.0 130.0 
61.0 62.0 114.0 68.0 
142.0 92.0 118.0 122.0 
65.0 67.0 212.0 83.0 
78.0 84.0 513.0 127.0 
60.0 63.0 116.0 68.0 
143.0 94.0 110.0 122.0 
64.0 66.0 203.0 83.0 
78.0 83.0 509.0 128.0 
60.0 63.0 116.0 67.0 
146.0 59.0 107.0 131.0 
67.0 59.0 207.0 89.0 
86.0 67.0 535.0 144.0 
60.0 60.0 116.0 68.0 
153.0 59.0 102.0 130.0 
66.0 59.0 196.0 86.0 
85.0 66.0 519.0 144.0 
63.0 60.0 123.0 71.0 
144.0 59.0 103.0 130.0 
65.0 59.0 177.0 84.0 
84.0 67.0 549.0 156.0 
63.0 59.0 126.0 71.0 
138.0 60.0 109.0 131.0 
65.0 60.0 171.0 84.0 
85.0 68.0 536.0 156.0 
63.0 59.0 126.0 72.0 
144.0 60.0 128.0 141.0 
67.0 58.0 181.0 91.0 
87.0 67.0 527.0 175.0 
63.0 60.0 121.0 73.0 
137.0 60.0 133.0 143.0 
67.0 59.0 188.0 101.0 
86.0 65.0 476.0 184.0 
63.0 60.0 115.0 76.0 
129.0 60.0 133.0 143.0 
66.0 58.0 174.0 106.0 
87.0 65.0 484.0 216.0 
63.0 61.0 109.0 80.0 
130.0 60.0 131.0 142.0 
67.0 59.0 161.0 111.0 
89.0 65.0 474.0 264.0 
62.0 60.0 105.0 84.0 
130.0 60.0 133.0 141.0 
67.0 58.0 155.0 115.0 
91.0 65.0 464.0 283.0 
63.0 61.0 102.0 88.0 
120.0 59.0 136.0 145.0 
66.0 59.0 146.0 114.0 
89.0 64.0 433.0 289.0 
63.0 61.0 99.0 89.0 
102.0 60.0 137.0 148.0 
67.0 59.0 161.0 132.0 
88.0 63.0 419.0 293.0 
63.0 60.0 95.0 88.0 
100.0 60.0 139.0 152.0 
69.0 59.0 158.0 133.0 
90.0 64.0 424.0 307.0 
63.0 60.0 94.0 88.0 
100.0 60.0 145.0 162.0 
67.0 58.0 137.0 121.0 
87.0 62.0 389.0 316.0 
64.0 60.0 91.0 89.0 
106.0 59.0 145.0 163.0 
67.0 59.0 123.0 110.0 
92.0 65.0 416.0 348.0 
62.0 60.0 89.0 88.0 
117.0 60.0 141.0 163.0 
66.0 58.0 115.0 106.0 
88.0 63.0 388.0 346.0 
63.0 60.0 89.0 87.0 
108.0 60.0 145.0 168.0 
66.0 59.0 108.0 104.0 
90.0 64.0 320.0 379.0 
62.0 60.0 84.0 88.0 
116.0 59.0 149.0 176.0 
65.0 59.0 101.0 100.0 
104.0 65.0 334.0 447.0 
61.0 60.0 82.0 85.0 
121.0 59.0 151.0 190.0 
65.0 58.0 101.0 99.0 
103.0 65.0 329.0 491.0 
61.0 60.0 79.0 84.0 
117.0 59.0 144.0 183.0 
65.0 59.0 95.0 94.0 
112.0 64.0 292.0 472.0 
61.0 61.0 79.0 85.0 
114.0 60.0 137.0 181.0 
64.0 59.0 89.0 88.0 
119.0 66.0 295.0 493.0 
62.0 60.0 78.0 81.0 
116.0 58.0 138.0 176.0 
64.0 59.0 89.0 88.0 
122.0 66.0 297.0 549.0 
60.0 60.0 79.0 76.0 
123.0 60.0 143.0 196.0 
67.0 58.0 92.0 100.0 
120.0 65.0 266.0 502.0 
59.0 60.0 69.0 69.0 
124.0 60.0 145.0 188.0 
69.0 59.0 91.0 106.0 
113.0 64.0 244.0 486.0 
59.0 60.0 67.0 68.0 
132.0 60.0 153.0 200.0 
70.0 58.0 92.0 117.0 
126.0 67.0 247.0 532.0 
59.0 59.0 67.0 65.0 
131.0 60.0 148.0 190.0 
72.0 59.0 97.0 134.0 
127.0 68.0 255.0 558.0 
59.0 60.0 67.0 62.0 
153.0 60.0 149.0 191.0 
74.0 58.0 100.0 144.0 
126.0 66.0 248.0 533.0 
58.0 60.0 62.0 56.0 
145.0 60.0 146.0 185.0 
75.0 59.0 98.0 138.0 
138.0 65.0 244.0 583.0 
58.0 60.0 64.0 55.0 
163.0 60.0 145.0 227.0 
71.0 59.0 92.0 128.0 
131.0 66.0 221.0 545.0 
57.0 60.0 63.0 55.0 
169.0 60.0 152.0 232.0 
74.0 58.0 90.0 137.0 
123.0 64.0 194.0 479.0 
57.0 60.0 63.0 54.0 
173.0 60.0 155.0 249.0 
76.0 58.0 92.0 147.0 
111.0 63.0 169.0 398.0 
58.0 60.0 63.0 54.0 
194.0 60.0 147.0 241.0 
86.0 59.0 94.0 163.0 
120.0 63.0 169.0 438.0 
56.0 60.0 62.0 52.0 
209.0 60.0 129.0 240.0 
89.0 59.0 94.0 163.0 
121.0 62.0 154.0 423.0 
55.0 61.0 62.0 53.0 
211.0 60.0 127.0 237.0 
91.0 59.0 91.0 161.0 
127.0 61.0 140.0 392.0 
59.0 59.0 63.0 58.0 
188.0 60.0 125.0 228.0 
92.0 58.0 87.0 152.0 
129.0 61.0 130.0 371.0 
59.0 60.0 62.0 59.0 
254.0 61.0 127.0 238.0 
91.0 59.0 84.0 141.0 
122.0 61.0 119.0 320.0 
58.0 59.0 63.0 57.0 
272.0 61.0 128.0 251.0 
89.0 58.0 80.0 129.0 
127.0 61.0 123.0 329.0 
58.0 60.0 63.0 59.0 
241.0 59.0 128.0 246.0 
86.0 58.0 79.0 111.0 
159.0 62.0 130.0 348.0 
59.0 60.0 62.0 58.0 
229.0 60.0 128.0 238.0 
90.0 60.0 77.0 115.0 
168.0 60.0 126.0 333.0 
59.0 60.0 61.0 58.0 
304.0 61.0 123.0 229.0 
92.0 61.0 74.0 109.0 
177.0 59.0 113.0 310.0 
58.0 60.0 62.0 59.0 
278.0 61.0 120.0 221.0 
96.0 59.0 72.0 104.0 
188.0 59.0 109.0 280.0 
57.0 60.0 63.0 58.0 
304.0 61.0 121.0 220.0 
101.0 59.0 73.0 105.0 
193.0 60.0 103.0 262.0 
57.0 60.0 62.0 59.0 
297.0 61.0 120.0 213.0 
94.0 58.0 72.0 95.0 
199.0 59.0 99.0 245.0 
56.0 60.0 62.0 59.0 
326.0 62.0 120.0 213.0 
95.0 59.0 71.0 91.0 
219.0 60.0 102.0 248.0 
53.0 60.0 61.0 58.0 
339.0 62.0 119.0 206.0 
98.0 60.0 70.0 91.0 
257.0 60.0 102.0 241.0 
49.0 60.0 61.0 56.0 
353.0 62.0 117.0 196.0 
98.0 59.0 69.0 87.0 
310.0 61.0 102.0 235.0 
48.0 60.0 60.0 56.0 
357.0 63.0 114.0 182.0 
101.0 58.0 71.0 85.0 
349.0 61.0 101.0 226.0 
47.0 60.0 60.0 56.0 
367.0 63.0 113.0 175.0 
105.0 58.0 70.0 84.0 
370.0 62.0 101.0 224.0 
47.0 59.0 61.0 56.0 
370.0 63.0 113.0 171.0 
94.0 59.0 70.0 79.0 
382.0 63.0 97.0 207.0 
46.0 59.0 60.0 56.0 
365.0 62.0 113.0 169.0 
80.0 59.0 68.0 70.0 
367.0 62.0 96.0 191.0 
46.0 60.0 59.0 54.0 
366.0 63.0 114.0 165.0 
69.0 60.0 66.0 67.0 
357.0 62.0 94.0 189.0 
45.0 60.0 58.0 54.0 
358.0 62.0 114.0 161.0 
83.0 59.0 67.0 71.0 
581.0 65.0 101.0 204.0 
44.0 59.0 58.0 54.0 
330.0 62.0 115.0 157.0 
85.0 59.0 69.0 72.0 
594.0 65.0 101.0 200.0 
42.0 60.0 59.0 54.0 
321.0 61.0 114.0 161.0 
104.0 59.0 68.0 73.0 
610.0 64.0 99.0 191.0 
40.0 60.0 58.0 54.0 
319.0 62.0 114.0 158.0 
106.0 59.0 68.0 76.0 
614.0 65.0 99.0 186.0 
41.0 59.0 58.0 54.0 
304.0 61.0 114.0 154.0 
106.0 59.0 67.0 74.0 
633.0 63.0 98.0 183.0 
40.0 60.0 58.0 55.0 
316.0 60.0 112.0 140.0 
118.0 60.0 68.0 73.0 
631.0 64.0 97.0 166.0 
39.0 59.0 58.0 55.0 
324.0 62.0 113.0 141.0 
82.0 58.0 65.0 67.0 
549.0 66.0 98.0 157.0 
41.0 60.0 58.0 57.0 
324.0 62.0 116.0 138.0 
80.0 59.0 66.0 65.0 
537.0 68.0 96.0 150.0 
41.0 60.0 58.0 56.0 
331.0 61.0 120.0 143.0 
80.0 60.0 65.0 64.0 
444.0 64.0 88.0 135.0 
43.0 61.0 57.0 56.0 
321.0 62.0 119.0 136.0 
77.0 59.0 64.0 64.0 
478.0 66.0 89.0 137.0 
42.0 60.0 59.0 56.0 
296.0 61.0 118.0 129.0 
91.0 58.0 66.0 67.0 
518.0 66.0 89.0 132.0 
47.0 60.0 58.0 56.0 
282.0 61.0 113.0 126.0 
89.0 59.0 67.0 67.0 
529.0 67.0 89.0 132.0 
42.0 60.0 58.0 57.0 
271.0 61.0 109.0 123.0 
67.0 59.0 66.0 65.0 
562.0 67.0 89.0 129.0 
41.0 60.0 59.0 57.0 
289.0 61.0 108.0 122.0 
64.0 59.0 68.0 65.0 
499.0 67.0 86.0 122.0 
42.0 60.0 59.0 57.0 
284.0 61.0 109.0 121.0 
63.0 59.0 66.0 63.0 
504.0 66.0 87.0 120.0 
41.0 59.0 58.0 57.0 
272.0 61.0 109.0 122.0 
62.0 58.0 67.0 62.0 
519.0 68.0 86.0 120.0 
42.0 61.0 59.0 57.0 
238.0 61.0 114.0 118.0 
48.0 59.0 63.0 59.0 
541.0 68.0 88.0 120.0 
44.0 59.0 58.0 57.0 
227.0 60.0 110.0 115.0 
47.0 60.0 64.0 61.0 
494.0 66.0 85.0 113.0 
43.0 60.0 59.0 57.0 
201.0 60.0 109.0 112.0 
48.0 59.0 64.0 60.0 
444.0 64.0 83.0 108.0 
46.0 59.0 60.0 58.0 
245.0 59.0 106.0 115.0 
49.0 59.0 66.0 60.0 
402.0 64.0 81.0 103.0 
44.0 60.0 57.0 58.0 
241.0 60.0 93.0 112.0 
49.0 59.0 66.0 61.0 
371.0 62.0 78.0 100.0 
44.0 62.0 59.0 57.0 
234.0 60.0 95.0 111.0 
50.0 59.0 66.0 60.0 
332.0 62.0 77.0 95.0 
46.0 60.0 58.0 58.0 
241.0 60.0 88.0 105.0 
52.0 60.0 66.0 61.0 
267.0 61.0 73.0 90.0 
48.0 60.0 60.0 57.0 
235.0 61.0 83.0 97.0 
52.0 58.0 68.0 62.0 
240.0 60.0 71.0 87.0 
48.0 61.0 59.0 59.0 
230.0 61.0 84.0 85.0 
53.0 58.0 67.0 61.0 
204.0 60.0 71.0 85.0 
49.0 61.0 60.0 59.0 
245.0 60.0 83.0 87.0 
54.0 58.0 68.0 61.0 
166.0 60.0 69.0 79.0 
50.0 60.0 59.0 58.0 
256.0 61.0 84.0 87.0 
53.0 58.0 68.0 62.0 
144.0 60.0 68.0 77.0 
50.0 60.0 60.0 59.0 
255.0 61.0 87.0 88.0 
54.0 58.0 67.0 63.0 
129.0 59.0 70.0 76.0 
50.0 59.0 59.0 59.0 
257.0 62.0 85.0 87.0 
54.0 59.0 68.0 63.0 
116.0 61.0 68.0 76.0 
50.0 60.0 59.0 59.0 
259.0 60.0 87.0 87.0 
55.0 59.0 68.0 63.0 
102.0 58.0 67.0 72.0 
51.0 60.0 62.0 61.0 
258.0 60.0 88.0 87.0 
55.0 59.0 67.0 63.0 
83.0 59.0 66.0 70.0 
52.0 60.0 62.0 60.0 
243.0 61.0 89.0 86.0 
56.0 58.0 68.0 63.0 
82.0 60.0 65.0 70.0 
53.0 60.0 62.0 61.0 
239.0 60.0 89.0 85.0 
56.0 59.0 68.0 64.0 
80.0 59.0 65.0 70.0 
53.0 60.0 62.0 60.0 
236.0 61.0 87.0 85.0 
56.0 59.0 67.0 63.0 
77.0 60.0 67.0 69.0 
53.0 60.0 62.0 60.0 
226.0 61.0 113.0 92.0 
56.0 59.0 67.0 63.0 
77.0 60.0 63.0 70.0 
55.0 60.0 60.0 61.0 
194.0 61.0 128.0 96.0 
59.0 59.0 67.0 63.0 
74.0 60.0 65.0 70.0 
56.0 60.0 59.0 61.0 
207.0 61.0 135.0 101.0 
59.0 59.0 66.0 63.0 
62.0 60.0 61.0 63.0 
55.0 60.0 60.0 59.0 
194.0 60.0 138.0 101.0 
59.0 59.0 66.0 63.0 
62.0 60.0 60.0 63.0 
59.0 60.0 60.0 60.0 
166.0 60.0 147.0 150.0 
61.0 59.0 66.0 63.0 
60.0 59.0 60.0 59.0 
58.0 59.0 58.0 59.0 
170.0 60.0 139.0 148.0 
62.0 58.0 68.0 62.0 
60.0 59.0 59.0 60.0 
58.0 60.0 59.0 58.0 
170.0 60.0 146.0 155.0 
62.0 59.0 66.0 62.0 
59.0 59.0 59.0 60.0 
59.0 60.0 58.0 59.0 
166.0 60.0 143.0 156.0 
61.0 59.0 66.0 62.0 
59.0 60.0 60.0 59.0 
59.0 60.0 59.0 58.0 
119.0 60.0 129.0 153.0 
61.0 59.0 67.0 62.0 
59.0 59.0 62.0 60.0 
59.0 59.0 60.0 58.0 
115.0 61.0 107.0 145.0 
61.0 61.0 66.0 63.0 
60.0 58.0 61.0 61.0 
60.0 60.0 60.0 59.0 
114.0 60.0 112.0 151.0 
61.0 58.0 67.0 61.0 
60.0 59.0 61.0 59.0 
60.0 60.0 60.0 58.0 
106.0 60.0 111.0 157.0 
61.0 59.0 67.0 62.0 
59.0 61.0 61.0 61.0 
61.0 61.0 60.0 59.0 
104.0 60.0 114.0 160.0 
60.0 59.0 67.0 62.0 
60.0 59.0 61.0 60.0 
60.0 61.0 60.0 58.0 
107.0 61.0 115.0 158.0 
60.0 58.0 66.0 63.0 
60.0 59.0 61.0 60.0 
59.0 60.0 60.0 59.0 
104.0 59.0 114.0 154.0 
61.0 59.0 67.0 63.0 
59.0 60.0 61.0 60.0 
60.0 60.0 59.0 58.0 
122.0 60.0 115.0 160.0 
60.0 59.0 65.0 62.0 
60.0 59.0 60.0 61.0 
59.0 60.0 60.0 59.0 
154.0 60.0 114.0 148.0 
60.0 59.0 65.0 64.0 
60.0 59.0 62.0 60.0 
59.0 60.0 60.0 58.0 
156.0 60.0 115.0 162.0 
61.0 58.0 65.0 61.0 
59.0 59.0 63.0 61.0 
59.0 59.0 60.0 58.0 
161.0 60.0 106.0 122.0 
58.0 59.0 61.0 59.0 
59.0 59.0 62.0 62.0 
58.0 60.0 61.0 60.0 
167.0 58.0 104.0 139.0 
57.0 58.0 62.0 59.0 
59.0 61.0 63.0 62.0 
57.0 60.0 61.0 59.0 
175.0 60.0 105.0 147.0 
58.0 58.0 63.0 60.0 
59.0 59.0 63.0 61.0 
57.0 60.0 60.0 59.0 
192.0 61.0 100.0 168.0 
57.0 59.0 62.0 59.0 
58.0 60.0 63.0 61.0 
56.0 61.0 60.0 58.0 
213.0 60.0 104.0 178.0 
57.0 58.0 62.0 59.0 
56.0 58.0 64.0 61.0 
55.0 60.0 59.0 57.0 
217.0 60.0 101.0 172.0 
55.0 59.0 62.0 59.0 
56.0 60.0 63.0 61.0 
55.0 60.0 60.0 57.0 
218.0 59.0 102.0 182.0 
56.0 60.0 64.0 59.0 
57.0 60.0 64.0 61.0 
55.0 61.0 59.0 57.0 
229.0 59.0 102.0 187.0 
56.0 59.0 63.0 60.0 
56.0 59.0 64.0 60.0 
54.0 60.0 60.0 56.0 
239.0 61.0 102.0 191.0 
56.0 60.0 65.0 59.0 
56.0 60.0 63.0 60.0 
54.0 60.0 61.0 56.0 
240.0 60.0 99.0 173.0 
56.0 59.0 65.0 60.0 
55.0 60.0 62.0 59.0 
54.0 60.0 60.0 58.0 
242.0 60.0 97.0 172.0 
56.0 60.0 66.0 61.0 
56.0 59.0 62.0 61.0 
54.0 61.0 60.0 57.0 
250.0 59.0 96.0 167.0 
56.0 59.0 66.0 61.0 
55.0 59.0 63.0 59.0 
53.0 60.0 60.0 58.0 
251.0 61.0 100.0 186.0 
57.0 58.0 67.0 60.0 
56.0 59.0 62.0 60.0 
54.0 60.0 61.0 56.0 
216.0 59.0 101.0 181.0 
58.0 60.0 66.0 61.0 
57.0 59.0 62.0 60.0 
56.0 60.0 59.0 56.0 
223.0 60.0 100.0 182.0 
58.0 59.0 67.0 60.0 
57.0 60.0 62.0 60.0 
56.0 60.0 60.0 56.0 
224.0 61.0 101.0 187.0 
58.0 59.0 67.0 60.0 
58.0 59.0 62.0 59.0 
56.0 60.0 60.0 57.0 
229.0 60.0 99.0 176.0 
58.0 58.0 67.0 61.0 
58.0 60.0 63.0 60.0 
54.0 59.0 60.0 56.0 
188.0 61.0 98.0 175.0 
59.0 59.0 67.0 61.0 
57.0 60.0 63.0 60.0 
56.0 60.0 60.0 57.0 
205.0 59.0 96.0 172.0 
58.0 60.0 67.0 60.0 
58.0 58.0 64.0 60.0 
55.0 60.0 60.0 56.0 
202.0 61.0 94.0 168.0 
58.0 58.0 68.0 61.0 
57.0 60.0 63.0 60.0 
56.0 60.0 61.0 58.0 
230.0 60.0 97.0 171.0 
58.0 60.0 67.0 61.0 
56.0 60.0 62.0 61.0 
55.0 60.0 61.0 58.0 
271.0 61.0 97.0 167.0 
57.0 59.0 67.0 62.0 
55.0 59.0 64.0 59.0 
53.0 60.0 61.0 58.0 
263.0 61.0 96.0 159.0 
57.0 59.0 68.0 61.0 
56.0 59.0 64.0 61.0 
55.0 60.0 59.0 59.0 
267.0 61.0 94.0 150.0 
57.0 60.0 67.0 63.0 
56.0 59.0 63.0 61.0 
53.0 60.0 61.0 60.0 
272.0 62.0 94.0 153.0 
58.0 58.0 68.0 62.0 
56.0 60.0 62.0 60.0 
55.0 61.0 62.0 59.0 
284.0 60.0 95.0 153.0 
56.0 59.0 67.0 62.0 
55.0 59.0 63.0 60.0 
53.0 60.0 60.0 59.0 
283.0 61.0 92.0 144.0 
56.0 59.0 68.0 62.0 
55.0 59.0 63.0 60.0 
54.0 60.0 62.0 60.0 
296.0 62.0 94.0 140.0 
56.0 59.0 68.0 62.0 
54.0 60.0 63.0 60.0 
55.0 60.0 61.0 59.0 
326.0 62.0 95.0 144.0 
55.0 59.0 67.0 62.0 
53.0 59.0 64.0 61.0 
52.0 59.0 61.0 59.0 
334.0 61.0 93.0 144.0 
54.0 59.0 68.0 62.0 
53.0 59.0 63.0 61.0 
51.0 60.0 62.0 60.0 
339.0 63.0 93.0 140.0 
55.0 59.0 68.0 62.0 
53.0 59.0 63.0 60.0 
51.0 60.0 62.0 60.0 
324.0 62.0 93.0 135.0 
55.0 59.0 68.0 62.0 
53.0 60.0 62.0 61.0 
51.0 61.0 61.0 59.0 
317.0 62.0 93.0 135.0 
56.0 59.0 68.0 63.0 
53.0 59.0 64.0 61.0 
52.0 60.0 62.0 60.0 
318.0 62.0 95.0 133.0 
55.0 59.0 67.0 63.0 
54.0 60.0 63.0 60.0 
52.0 61.0 61.0 60.0 
323.0 62.0 96.0 134.0 
55.0 59.0 66.0 63.0 
55.0 59.0 62.0 61.0 
53.0 59.0 61.0 60.0 
326.0 62.0 95.0 134.0 
55.0 59.0 66.0 62.0 
53.0 60.0 64.0 62.0 
52.0 59.0 62.0 59.0 
324.0 62.0 97.0 134.0 
55.0 59.0 67.0 62.0 
53.0 58.0 63.0 60.0 
53.0 60.0 61.0 59.0 
311.0 61.0 95.0 128.0 
55.0 59.0 67.0 64.0 
55.0 59.0 64.0 61.0 
53.0 60.0 61.0 60.0 
318.0 62.0 96.0 133.0 
56.0 59.0 68.0 62.0 
54.0 59.0 63.0 62.0 
52.0 60.0 61.0 60.0 
321.0 61.0 96.0 128.0 
56.0 59.0 67.0 63.0 
53.0 60.0 62.0 61.0 
52.0 60.0 61.0 60.0 
325.0 62.0 95.0 127.0 
55.0 59.0 67.0 63.0 
55.0 59.0 63.0 62.0 
51.0 59.0 62.0 60.0 
325.0 62.0 93.0 126.0 
55.0 58.0 68.0 63.0 
55.0 60.0 62.0 61.0 
53.0 60.0 61.0 60.0 
295.0 61.0 93.0 125.0 
57.0 59.0 68.0 63.0 
55.0 58.0 63.0 61.0 
53.0 60.0 62.0 60.0 
317.0 62.0 93.0 125.0 
56.0 59.0 68.0 64.0 
54.0 59.0 63.0 61.0 
52.0 60.0 61.0 61.0 
313.0 61.0 92.0 123.0 
56.0 59.0 68.0 63.0 
56.0 59.0 63.0 61.0 
53.0 61.0 60.0 61.0 
321.0 61.0 93.0 124.0 
56.0 59.0 68.0 63.0 
53.0 59.0 61.0 63.0 
52.0 61.0 61.0 60.0 
302.0 61.0 92.0 123.0 
55.0 59.0 68.0 64.0 
54.0 59.0 63.0 61.0 
52.0 60.0 62.0 60.0 
299.0 61.0 91.0 119.0 
56.0 59.0 68.0 64.0 
55.0 59.0 61.0 62.0 
54.0 60.0 62.0 60.0 
295.0 61.0 91.0 123.0 
56.0 59.0 68.0 63.0 
54.0 59.0 63.0 61.0 
53.0 60.0 62.0 60.0 
284.0 61.0 91.0 122.0 
56.0 59.0 67.0 63.0 
54.0 59.0 63.0 61.0 
53.0 60.0 61.0 60.0 
287.0 61.0 90.0 116.0 
56.0 59.0 68.0 63.0 
54.0 59.0 62.0 61.0 
53.0 60.0 62.0 60.0 
298.0 61.0 90.0 116.0 
56.0 59.0 69.0 63.0 
54.0 59.0 63.0 61.0 
52.0 61.0 62.0 61.0 
294.0 61.0 89.0 110.0 
56.0 58.0 68.0 64.0 
54.0 59.0 63.0 62.0 
55.0 60.0 62.0 61.0 
300.0 62.0 89.0 109.0 
55.0 59.0 68.0 64.0 
54.0 59.0 63.0 62.0 
52.0 60.0 61.0 61.0 
280.0 61.0 88.0 106.0 
57.0 59.0 69.0 64.0 
55.0 59.0 62.0 62.0 
54.0 60.0 60.0 61.0 
284.0 61.0 89.0 108.0 
56.0 59.0 68.0 63.0 
54.0 59.0 63.0 61.0 
53.0 60.0 62.0 61.0 
269.0 61.0 85.0 93.0 
56.0 59.0 68.0 64.0 
54.0 60.0 63.0 62.0 
53.0 60.0 62.0 61.0 
264.0 61.0 86.0 91.0 
56.0 59.0 67.0 64.0 
55.0 60.0 62.0 62.0 
54.0 61.0 62.0 61.0 
258.0 61.0 86.0 90.0 
56.0 59.0 68.0 64.0 
55.0 61.0 63.0 62.0 
54.0 60.0 62.0 61.0 
258.0 61.0 86.0 90.0 
57.0 59.0 68.0 64.0 
55.0 60.0 62.0 63.0 
54.0 60.0 61.0 62.0 
248.0 60.0 88.0 90.0 
57.0 59.0 68.0 64.0 
55.0 59.0 63.0 62.0 
54.0 60.0 62.0 62.0 
257.0 60.0 88.0 89.0 
57.0 59.0 67.0 64.0 
55.0 58.0 63.0 62.0 
54.0 60.0 62.0 61.0 
256.0 61.0 87.0 90.0 
56.0 59.0 68.0 64.0 
55.0 58.0 62.0 62.0 
55.0 59.0 62.0 61.0 
248.0 61.0 87.0 87.0 
57.0 59.0 66.0 65.0 
55.0 60.0 62.0 62.0 
55.0 60.0 61.0 61.0 
233.0 61.0 84.0 87.0 
57.0 59.0 67.0 63.0 
55.0 60.0 62.0 64.0 
54.0 60.0 62.0 61.0 
228.0 60.0 85.0 86.0 
57.0 59.0 67.0 63.0 
56.0 60.0 63.0 63.0 
55.0 60.0 61.0 61.0 
227.0 60.0 83.0 87.0 
58.0 59.0 68.0 65.0 
56.0 60.0 62.0 63.0 
55.0 60.0 61.0 61.0 
220.0 60.0 83.0 84.0 
57.0 59.0 68.0 64.0 
57.0 59.0 64.0 63.0 
55.0 60.0 61.0 61.0 
219.0 61.0 83.0 84.0 
57.0 60.0 67.0 64.0 
56.0 59.0 63.0 63.0 
55.0 62.0 62.0 62.0 
217.0 60.0 83.0 83.0 
57.0 59.0 68.0 64.0 
55.0 61.0 63.0 63.0 
56.0 60.0 61.0 62.0 
204.0 59.0 83.0 82.0 
57.0 59.0 66.0 64.0 
57.0 60.0 63.0 63.0 
55.0 60.0 62.0 62.0 
202.0 60.0 82.0 82.0 
58.0 58.0 68.0 64.0 
57.0 59.0 62.0 63.0 
56.0 61.0 62.0 62.0 
196.0 60.0 80.0 82.0 
57.0 60.0 67.0 63.0 
56.0 60.0 63.0 62.0 
57.0 60.0 62.0 61.0 
197.0 60.0 81.0 82.0 
58.0 59.0 66.0 64.0 
56.0 60.0 63.0 64.0 
56.0 61.0 62.0 63.0 
193.0 60.0 81.0 82.0 
57.0 59.0 67.0 64.0 
57.0 60.0 63.0 64.0 
56.0 60.0 62.0 62.0 
196.0 61.0 81.0 81.0 
58.0 59.0 67.0 64.0 
57.0 61.0 63.0 63.0 
56.0 61.0 61.0 62.0 
196.0 59.0 82.0 82.0 
57.0 59.0 66.0 64.0 
57.0 59.0 63.0 64.0 
56.0 59.0 62.0 62.0 
185.0 61.0 82.0 81.0 
58.0 58.0 67.0 64.0 
58.0 59.0 63.0 63.0 
57.0 59.0 62.0 61.0 
169.0 60.0 80.0 79.0 
60.0 57.0 69.0 63.0 
59.0 59.0 62.0 62.0 
58.0 61.0 61.0 63.0 
168.0 60.0 82.0 79.0 
59.0 59.0 66.0 64.0 
59.0 59.0 64.0 63.0 
58.0 60.0 63.0 62.0 
157.0 60.0 82.0 78.0 
60.0 59.0 66.0 64.0 
59.0 59.0 64.0 63.0 
59.0 61.0 63.0 61.0 
160.0 60.0 80.0 77.0 
60.0 58.0 67.0 64.0 
59.0 61.0 64.0 63.0 
59.0 61.0 62.0 62.0 
169.0 60.0 80.0 79.0 
60.0 58.0 66.0 64.0 
60.0 59.0 64.0 62.0 
59.0 60.0 63.0 64.0 
161.0 60.0 80.0 77.0 
60.0 58.0 66.0 63.0 
59.0 59.0 63.0 65.0 
58.0 60.0 62.0 62.0 
158.0 59.0 81.0 79.0 
60.0 59.0 67.0 64.0 
60.0 60.0 64.0 63.0 
60.0 60.0 62.0 62.0 
171.0 60.0 81.0 79.0 
58.0 58.0 67.0 65.0 
58.0 60.0 63.0 63.0 
58.0 59.0 62.0 62.0 
165.0 59.0 81.0 78.0 
59.0 59.0 66.0 65.0 
59.0 59.0 63.0 63.0 
58.0 60.0 63.0 62.0 
163.0 60.0 80.0 79.0 
59.0 58.0 65.0 64.0 
60.0 60.0 63.0 63.0 
59.0 61.0 62.0 63.0 
160.0 61.0 81.0 78.0 
59.0 59.0 66.0 65.0 
60.0 59.0 64.0 62.0 
60.0 60.0 62.0 62.0 
155.0 60.0 80.0 79.0 
59.0 58.0 64.0 63.0 
60.0 60.0 63.0 64.0 
60.0 60.0 62.0 62.0 
159.0 60.0 81.0 79.0 
59.0 59.0 64.0 62.0 
59.0 59.0 64.0 63.0 
58.0 62.0 62.0 62.0 
166.0 59.0 80.0 78.0 
58.0 59.0 65.0 62.0 
59.0 60.0 64.0 63.0 
58.0 59.0 63.0 63.0 
168.0 60.0 80.0 78.0 
58.0 58.0 65.0 63.0 
59.0 59.0 63.0 62.0 
59.0 61.0 63.0 61.0 
162.0 60.0 80.0 79.0 
59.0 60.0 64.0 63.0 
59.0 58.0 63.0 64.0 
60.0 60.0 61.0 63.0 
162.0 61.0 81.0 78.0 
59.0 58.0 62.0 61.0 
61.0 58.0 64.0 63.0 
59.0 60.0 62.0 62.0 
163.0 61.0 81.0 79.0 
59.0 59.0 63.0 62.0 
61.0 59.0 63.0 64.0 
61.0 60.0 63.0 62.0 
167.0 60.0 81.0 78.0 
58.0 59.0 63.0 62.0 
60.0 60.0 65.0 64.0 
60.0 60.0 62.0 62.0 
160.0 60.0 81.0 79.0 
59.0 59.0 65.0 63.0 
60.0 61.0 64.0 63.0 
59.0 60.0 62.0 62.0 
163.0 60.0 81.0 78.0 
59.0 59.0 64.0 62.0 
61.0 59.0 63.0 64.0 
60.0 60.0 62.0 62.0 
155.0 60.0 80.0 78.0 
60.0 58.0 64.0 63.0 
60.0 59.0 64.0 63.0 
60.0 60.0 63.0 62.0 
157.0 60.0 81.0 78.0 
59.0 58.0 65.0 61.0 
60.0 59.0 64.0 63.0 
60.0 60.0 61.0 62.0 
160.0 60.0 82.0 77.0 
60.0 60.0 65.0 62.0 
62.0 59.0 64.0 64.0 
61.0 60.0 63.0 63.0 
157.0 61.0 80.0 78.0 
59.0 58.0 65.0 62.0 
60.0 59.0 65.0 63.0 
60.0 60.0 63.0 63.0 
156.0 59.0 76.0 76.0 
58.0 59.0 64.0 62.0 
60.0 59.0 64.0 63.0 
59.0 60.0 62.0 62.0 
154.0 61.0 78.0 78.0 
60.0 59.0 64.0 63.0 
60.0 59.0 64.0 63.0 
59.0 60.0 62.0 63.0 
156.0 60.0 79.0 77.0 
59.0 58.0 63.0 63.0 
60.0 60.0 64.0 63.0 
60.0 59.0 62.0 61.0 
155.0 61.0 79.0 77.0 
59.0 59.0 64.0 63.0 
61.0 60.0 63.0 63.0 
60.0 61.0 62.0 62.0 
155.0 59.0 79.0 77.0 
60.0 58.0 64.0 62.0 
60.0 59.0 64.0 64.0 
59.0 60.0 62.0 61.0 
164.0 60.0 79.0 78.0 
59.0 59.0 65.0 62.0 
59.0 59.0 65.0 65.0 
59.0 60.0 63.0 62.0 
155.0 61.0 78.0 78.0 
59.0 59.0 65.0 62.0 
59.0 59.0 64.0 64.0 
59.0 59.0 62.0 62.0 
162.0 59.0 79.0 78.0 
58.0 60.0 64.0 63.0 
60.0 59.0 63.0 63.0 
58.0 60.0 62.0 62.0 
164.0 61.0 78.0 79.0 
58.0 59.0 65.0 63.0 
58.0 59.0 64.0 63.0 
58.0 60.0 63.0 62.0 
161.0 60.0 79.0 78.0 
58.0 59.0 65.0 61.0 
59.0 59.0 63.0 63.0 
57.0 60.0 63.0 62.0 
149.0 59.0 79.0 76.0 
59.0 59.0 64.0 63.0 
60.0 60.0 64.0 63.0 
60.0 60.0 62.0 62.0 
144.0 61.0 79.0 79.0 
59.0 58.0 64.0 63.0 
58.0 59.0 64.0 64.0 
58.0 61.0 62.0 62.0 
169.0 60.0 78.0 79.0 
59.0 59.0 63.0 63.0 
56.0 59.0 64.0 63.0 
59.0 60.0 61.0 62.0 
162.0 60.0 79.0 78.0 
59.0 59.0 64.0 62.0 
60.0 59.0 63.0 63.0 
60.0 61.0 62.0 62.0 
157.0 61.0 79.0 77.0 
61.0 59.0 64.0 62.0 
61.0 59.0 65.0 63.0 
59.0 60.0 62.0 63.0 
151.0 59.0 79.0 78.0 
58.0 59.0 64.0 62.0 
59.0 60.0 65.0 63.0 
58.0 59.0 60.0 62.0 
165.0 60.0 78.0 78.0 
60.0 59.0 63.0 62.0 
60.0 60.0 65.0 63.0 
58.0 62.0 62.0 62.0 
163.0 60.0 80.0 78.0 
58.0 59.0 64.0 61.0 
61.0 59.0 64.0 63.0 
58.0 60.0 63.0 62.0 
160.0 60.0 80.0 78.0 
60.0 59.0 64.0 61.0 
60.0 60.0 64.0 63.0 
60.0 60.0 62.0 63.0 
159.0 60.0 80.0 78.0 
59.0 59.0 64.0 63.0 
61.0 59.0 65.0 63.0 
61.0 60.0 62.0 62.0 
159.0 59.0 79.0 78.0 
59.0 60.0 63.0 62.0 
61.0 60.0 64.0 64.0 
60.0 59.0 63.0 63.0 
157.0 59.0 80.0 78.0 
58.0 59.0 64.0 63.0 
58.0 59.0 64.0 64.0 
58.0 60.0 62.0 63.0 
160.0 61.0 80.0 79.0 
59.0 58.0 64.0 62.0 
60.0 59.0 64.0 63.0 
59.0 60.0 62.0 62.0 
160.0 60.0 80.0 78.0 
59.0 58.0 64.0 62.0 
60.0 59.0 65.0 63.0 
59.0 60.0 61.0 63.0 
159.0 60.0 80.0 79.0 
58.0 59.0 64.0 63.0 
59.0 59.0 65.0 63.0 
59.0 61.0 62.0 62.0 
161.0 59.0 80.0 78.0 
58.0 59.0 65.0 63.0 
59.0 59.0 64.0 63.0 
58.0 60.0 61.0 62.0 
157.0 60.0 80.0 79.0 
59.0 60.0 64.0 63.0 
60.0 60.0 64.0 65.0 
59.0 60.0 63.0 62.0 
158.0 60.0 81.0 77.0 
60.0 60.0 64.0 63.0 
60.0 60.0 64.0 62.0 
59.0 61.0 62.0 62.0 
158.0 61.0 81.0 79.0 
59.0 59.0 64.0 63.0 
59.0 60.0 64.0 63.0 
59.0 60.0 61.0 62.0 
158.0 60.0 82.0 79.0 
58.0 59.0 64.0 63.0 
59.0 59.0 63.0 63.0 
60.0 60.0 62.0 62.0 
158.0 61.0 80.0 78.0 
58.0 59.0 64.0 62.0 
61.0 59.0 64.0 63.0 
60.0 61.0 62.0 62.0 
153.0 59.0 80.0 76.0 
60.0 58.0 65.0 63.0 
60.0 60.0 63.0 64.0 
59.0 60.0 62.0 62.0 
156.0 59.0 79.0 76.0 
60.0 59.0 64.0 62.0 
61.0 60.0 64.0 63.0 
60.0 59.0 61.0 62.0 
146.0 60.0 79.0 77.0 
60.0 59.0 64.0 63.0 
60.0 59.0 63.0 64.0 
61.0 60.0 63.0 62.0 
149.0 60.0 79.0 76.0 
59.0 59.0 64.0 62.0 
60.0 59.0 65.0 63.0 
59.0 60.0 63.0 62.0 
150.0 61.0 80.0 76.0 
59.0 59.0 64.0 62.0 
61.0 61.0 64.0 63.0 
60.0 60.0 62.0 62.0 
145.0 60.0 80.0 76.0 
61.0 60.0 64.0 63.0 
61.0 60.0 64.0 64.0 
60.0 60.0 62.0 62.0 
138.0 60.0 80.0 77.0 
61.0 59.0 64.0 63.0 
60.0 59.0 64.0 63.0 
59.0 60.0 62.0 61.0 
146.0 60.0 78.0 77.0 
60.0 59.0 65.0 62.0 
60.0 59.0 64.0 63.0 
59.0 60.0 61.0 62.0 
144.0 60.0 80.0 77.0 
60.0 58.0 65.0 62.0 
60.0 60.0 64.0 64.0 
60.0 60.0 62.0 62.0 
146.0 60.0 78.0 77.0 
61.0 60.0 65.0 63.0 
61.0 60.0 64.0 64.0 
59.0 61.0 62.0 63.0 
144.0 60.0 79.0 76.0 
60.0 59.0 64.0 62.0 
60.0 59.0 65.0 63.0 
60.0 61.0 62.0 62.0 
143.0 60.0 79.0 77.0 
59.0 60.0 64.0 63.0 
61.0 60.0 64.0 63.0 
59.0 60.0 62.0 62.0 
148.0 59.0 79.0 77.0 
59.0 58.0 65.0 63.0 
59.0 59.0 64.0 64.0 
60.0 60.0 62.0 62.0 
148.0 59.0 79.0 77.0 
60.0 60.0 65.0 63.0 
60.0 60.0 64.0 64.0 
60.0 59.0 62.0 60.0 
148.0 60.0 80.0 77.0 
59.0 59.0 64.0 63.0 
62.0 59.0 65.0 63.0 
60.0 61.0 61.0 63.0 
140.0 60.0 80.0 77.0 
60.0 58.0 65.0 63.0 
61.0 59.0 66.0 63.0 
59.0 60.0 63.0 62.0 
145.0 59.0 80.0 77.0 
60.0 59.0 65.0 63.0 
60.0 60.0 64.0 64.0 
61.0 60.0 62.0 62.0 
146.0 59.0 78.0 71.0 
60.0 59.0 64.0 63.0 
61.0 58.0 63.0 63.0 
60.0 60.0 61.0 62.0 
100.0 61.0 79.0 72.0 
60.0 58.0 65.0 63.0 
62.0 59.0 65.0 64.0 
61.0 59.0 62.0 62.0 
102.0 60.0 77.0 72.0 
61.0 58.0 65.0 63.0 
61.0 60.0 64.0 65.0 
61.0 60.0 62.0 62.0 
101.0 60.0 78.0 72.0 
60.0 59.0 65.0 62.0 
61.0 59.0 65.0 64.0 
60.0 61.0 62.0 62.0 
104.0 61.0 78.0 72.0 
60.0 59.0 65.0 63.0 
61.0 60.0 64.0 64.0 
60.0 61.0 62.0 62.0 
105.0 60.0 78.0 72.0 
60.0 58.0 64.0 63.0 
60.0 59.0 63.0 65.0 
58.0 60.0 63.0 62.0 
103.0 61.0 78.0 72.0 
61.0 59.0 65.0 62.0 
61.0 60.0 64.0 63.0 
60.0 61.0 61.0 62.0 
102.0 60.0 77.0 73.0 
60.0 58.0 64.0 62.0 
61.0 59.0 64.0 64.0 
61.0 61.0 62.0 62.0 
101.0 60.0 78.0 72.0 
60.0 58.0 65.0 62.0 
61.0 58.0 65.0 63.0 
60.0 60.0 62.0 62.0 
104.0 59.0 77.0 71.0 
60.0 59.0 64.0 62.0 
62.0 58.0 63.0 64.0 
60.0 61.0 61.0 62.0 
103.0 59.0 75.0 71.0 
60.0 59.0 64.0 63.0 
60.0 60.0 63.0 65.0 
59.0 60.0 62.0 62.0 
105.0 61.0 77.0 72.0 
59.0 59.0 64.0 62.0 
61.0 58.0 63.0 63.0 
60.0 61.0 62.0 62.0 
103.0 60.0 75.0 71.0 
60.0 59.0 65.0 63.0 
61.0 60.0 64.0 64.0 
60.0 60.0 62.0 62.0 
103.0 61.0 75.0 72.0 
60.0 59.0 65.0 63.0 
61.0 59.0 65.0 64.0 
60.0 60.0 62.0 62.0 
101.0 60.0 76.0 71.0 
60.0 60.0 63.0 63.0 
61.0 59.0 65.0 64.0 
60.0 60.0 62.0 62.0 
100.0 59.0 75.0 71.0 
60.0 59.0 64.0 62.0 
61.0 59.0 66.0 64.0 
60.0 60.0 62.0 63.0 
104.0 60.0 76.0 71.0 
60.0 59.0 64.0 62.0 
61.0 59.0 63.0 65.0 
61.0 60.0 61.0 64.0 
101.0 60.0 77.0 71.0 
60.0 59.0 64.0 62.0 
61.0 60.0 64.0 64.0 
61.0 60.0 63.0 62.0 
101.0 59.0 74.0 71.0 
59.0 59.0 64.0 62.0 
61.0 60.0 64.0 64.0 
61.0 60.0 62.0 62.0 
103.0 60.0 74.0 72.0 
60.0 58.0 65.0 62.0 
62.0 59.0 64.0 64.0 
60.0 60.0 62.0 62.0 
102.0 59.0 74.0 71.0 
60.0 58.0 64.0 63.0 
61.0 59.0 65.0 65.0 
60.0 60.0 62.0 62.0 
103.0 60.0 73.0 71.0 
61.0 59.0 63.0 62.0 
61.0 60.0 64.0 64.0 
60.0 59.0 62.0 63.0 
104.0 60.0 74.0 70.0 
60.0 59.0 64.0 62.0 
61.0 60.0 64.0 64.0 
61.0 60.0 62.0 62.0 
103.0 61.0 74.0 71.0 
60.0 58.0 63.0 61.0 
61.0 59.0 64.0 64.0 
61.0 61.0 63.0 62.0 
103.0 60.0 74.0 70.0 
59.0 58.0 63.0 61.0 
61.0 60.0 66.0 64.0 
60.0 60.0 63.0 63.0 
103.0 60.0 74.0 71.0 
60.0 59.0 63.0 60.0 
60.0 59.0 64.0 64.0 
59.0 60.0 62.0 62.0 
104.0 60.0 74.0 71.0 
59.0 59.0 63.0 62.0 
61.0 60.0 64.0 64.0 
61.0 60.0 63.0 62.0 
105.0 60.0 72.0 70.0 
60.0 58.0 63.0 62.0 
61.0 59.0 64.0 64.0 
60.0 60.0 64.0 60.0 
106.0 59.0 77.0 72.0 
59.0 59.0 63.0 61.0 
61.0 60.0 64.0 64.0 
61.0 60.0 63.0 62.0 
106.0 59.0 77.0 73.0 
59.0 59.0 63.0 61.0 
61.0 59.0 63.0 64.0 
60.0 60.0 62.0 62.0 
108.0 60.0 79.0 72.0 
59.0 59.0 63.0 61.0 
60.0 59.0 65.0 64.0 
60.0 61.0 62.0 63.0 
105.0 60.0 78.0 72.0 
59.0 60.0 61.0 62.0 
60.0 60.0 64.0 65.0 
61.0 59.0 62.0 63.0 
104.0 59.0 79.0 73.0 
60.0 59.0 64.0 63.0 
61.0 59.0 64.0 64.0 
61.0 60.0 63.0 62.0 
107.0 59.0 79.0 72.0 
60.0 59.0 63.0 62.0 
61.0 59.0 63.0 65.0 
60.0 60.0 60.0 61.0 
102.0 60.0 79.0 71.0 
59.0 59.0 64.0 62.0 
60.0 61.0 64.0 64.0 
60.0 59.0 62.0 62.0 
103.0 60.0 79.0 72.0 
59.0 58.0 65.0 62.0 
61.0 59.0 64.0 64.0 
61.0 60.0 62.0 62.0 
104.0 59.0 79.0 71.0 
59.0 59.0 64.0 62.0 
61.0 60.0 64.0 64.0 
61.0 60.0 63.0 62.0 
101.0 60.0 78.0 73.0 
60.0 58.0 63.0 61.0 
60.0 59.0 65.0 64.0 
60.0 60.0 63.0 62.0 
102.0 60.0 74.0 72.0 
60.0 59.0 65.0 62.0 
61.0 59.0 65.0 63.0 
61.0 61.0 62.0 63.0 
102.0 60.0 74.0 71.0 
60.0 60.0 62.0 63.0 
61.0 60.0 64.0 64.0 
61.0 60.0 63.0 62.0 
100.0 61.0 74.0 71.0 
60.0 59.0 64.0 63.0 
61.0 60.0 64.0 64.0 
60.0 60.0 63.0 62.0 
98.0 60.0 73.0 70.0 
60.0 59.0 63.0 63.0 
62.0 59.0 63.0 64.0 
61.0 60.0 62.0 63.0 
101.0 60.0 74.0 71.0 
59.0 59.0 63.0 62.0 
61.0 59.0 64.0 64.0 
60.0 61.0 62.0 63.0 
96.0 60.0 74.0 70.0 
60.0 59.0 62.0 62.0 
62.0 59.0 64.0 63.0 
61.0 58.0 62.0 62.0 
97.0 60.0 76.0 71.0 
59.0 59.0 62.0 61.0 
61.0 58.0 64.0 63.0 
61.0 59.0 63.0 62.0 
97.0 59.0 74.0 70.0 
60.0 59.0 63.0 61.0 
61.0 59.0 65.0 64.0 
61.0 60.0 62.0 62.0 
100.0 60.0 73.0 71.0 
59.0 59.0 62.0 61.0 
61.0 59.0 65.0 63.0 
61.0 60.0 63.0 62.0 
100.0 59.0 74.0 70.0 
60.0 59.0 63.0 60.0 
62.0 58.0 65.0 64.0 
61.0 60.0 64.0 62.0 
103.0 59.0 75.0 70.0 
57.0 59.0 63.0 60.0 
62.0 59.0 65.0 64.0 
60.0 60.0 61.0 62.0 
104.0 60.0 74.0 72.0 
59.0 58.0 63.0 62.0 
61.0 60.0 64.0 64.0 
60.0 60.0 62.0 62.0 
101.0 60.0 74.0 71.0 
60.0 59.0 63.0 61.0 
62.0 60.0 65.0 64.0 
62.0 60.0 62.0 63.0 
101.0 59.0 75.0 70.0 
59.0 59.0 61.0 61.0 
62.0 60.0 65.0 64.0 
61.0 61.0 62.0 62.0 
102.0 60.0 75.0 71.0 
59.0 59.0 62.0 61.0 
61.0 60.0 65.0 64.0 
60.0 60.0 63.0 62.0 
101.0 60.0 75.0 70.0 
60.0 59.0 63.0 61.0 
62.0 59.0 64.0 64.0 
61.0 61.0 62.0 63.0 
100.0 59.0 75.0 71.0 
60.0 59.0 62.0 62.0 
62.0 59.0 65.0 63.0 
61.0 60.0 62.0 63.0 
100.0 59.0 76.0 71.0 
59.0 60.0 62.0 61.0 
62.0 60.0 64.0 64.0 
60.0 60.0 62.0 61.0 
103.0 59.0 76.0 71.0 
59.0 59.0 63.0 62.0 
62.0 58.0 65.0 64.0 
61.0 60.0 62.0 62.0 
101.0 60.0 77.0 71.0 
60.0 59.0 63.0 61.0 
61.0 60.0 65.0 64.0 
61.0 58.0 63.0 63.0 
102.0 60.0 77.0 71.0 
60.0 59.0 63.0 61.0 
61.0 60.0 64.0 65.0 
60.0 59.0 63.0 63.0 
104.0 59.0 76.0 71.0 
59.0 59.0 62.0 62.0 
61.0 60.0 63.0 64.0 
60.0 60.0 62.0 62.0 
103.0 61.0 76.0 71.0 
60.0 59.0 63.0 61.0 
62.0 59.0 64.0 64.0 
61.0 60.0 62.0 63.0 
102.0 59.0 76.0 72.0 
60.0 59.0 63.0 62.0 
61.0 60.0 63.0 64.0 
60.0 59.0 62.0 62.0 
103.0 61.0 76.0 72.0 
59.0 57.0 63.0 62.0 
61.0 60.0 63.0 64.0 
59.0 60.0 62.0 63.0 
103.0 58.0 75.0 71.0 
60.0 59.0 63.0 61.0 
61.0 59.0 64.0 65.0 
60.0 60.0 63.0 62.0 
104.0 60.0 77.0 72.0 
59.0 59.0 63.0 61.0 
60.0 60.0 64.0 64.0 
60.0 60.0 63.0 61.0 
104.0 61.0 78.0 72.0 
60.0 58.0 63.0 61.0 
61.0 60.0 63.0 64.0 
61.0 60.0 62.0 62.0 
108.0 60.0 77.0 71.0 
60.0 59.0 63.0 62.0 
61.0 58.0 65.0 64.0 
61.0 59.0 63.0 61.0 
105.0 59.0 76.0 72.0 
59.0 59.0 63.0 61.0 
62.0 59.0 63.0 64.0 
61.0 59.0 63.0 63.0 
105.0 59.0 77.0 71.0 
60.0 59.0 63.0 62.0 
60.0 59.0 64.0 64.0 
60.0 60.0 62.0 62.0 
105.0 60.0 77.0 72.0 
60.0 59.0 63.0 61.0 
62.0 59.0 64.0 63.0 
60.0 61.0 62.0 62.0 
103.0 60.0 76.0 71.0 
60.0 58.0 64.0 63.0 
61.0 59.0 64.0 64.0 
60.0 60.0 62.0 62.0 
107.0 60.0 77.0 73.0 
59.0 58.0 63.0 62.0 
61.0 59.0 64.0 64.0 
60.0 59.0 63.0 62.0 
108.0 59.0 76.0 72.0 
60.0 58.0 63.0 62.0 
61.0 59.0 64.0 64.0 
60.0 60.0 62.0 62.0 
103.0 60.0 77.0 72.0 
60.0 58.0 63.0 62.0 
61.0 60.0 65.0 64.0 
60.0 60.0 63.0 62.0 
106.0 60.0 76.0 72.0 
60.0 58.0 63.0 61.0 
62.0 59.0 64.0 64.0 
60.0 59.0 61.0 62.0 
109.0 59.0 77.0 72.0 
59.0 60.0 63.0 61.0 
61.0 59.0 64.0 64.0 
60.0 61.0 61.0 63.0 
108.0 60.0 76.0 72.0 
60.0 59.0 63.0 62.0 
62.0 59.0 64.0 64.0 
60.0 59.0 62.0 63.0 
107.0 58.0 77.0 71.0 
59.0 58.0 63.0 62.0 
61.0 60.0 62.0 64.0 
61.0 59.0 63.0 62.0 
107.0 60.0 77.0 71.0 
59.0 59.0 63.0 62.0 
61.0 59.0 64.0 64.0 
61.0 60.0 62.0 62.0 
108.0 60.0 77.0 73.0 
60.0 59.0 63.0 61.0 
61.0 59.0 65.0 63.0 
61.0 60.0 63.0 63.0 
110.0 60.0 77.0 72.0 
60.0 59.0 63.0 61.0 
61.0 57.0 65.0 64.0 
61.0 59.0 64.0 61.0 
104.0 60.0 77.0 72.0 
60.0 59.0 63.0 61.0 
61.0 59.0 64.0 64.0 
61.0 60.0 63.0 63.0 
100.0 60.0 77.0 72.0 
60.0 59.0 63.0 62.0 
61.0 60.0 65.0 64.0 
61.0 60.0 63.0 62.0 
100.0 60.0 77.0 72.0 
60.0 58.0 63.0 62.0 
61.0 59.0 65.0 64.0 
61.0 59.0 63.0 62.0 
104.0 60.0 78.0 73.0 
59.0 60.0 63.0 64.0 
61.0 60.0 64.0 63.0 
60.0 60.0 62.0 63.0 
106.0 60.0 78.0 70.0 
60.0 59.0 63.0 62.0 
61.0 59.0 65.0 63.0 
60.0 60.0 62.0 62.0 
108.0 61.0 78.0 71.0 
59.0 59.0 63.0 62.0 
62.0 58.0 65.0 64.0 
61.0 60.0 63.0 62.0 
108.0 60.0 79.0 72.0 
61.0 58.0 63.0 62.0 
61.0 60.0 63.0 64.0 
62.0 60.0 63.0 62.0 
106.0 59.0 78.0 72.0 
59.0 59.0 63.0 61.0 
61.0 60.0 63.0 64.0 
60.0 60.0 63.0 62.0 
105.0 60.0 78.0 72.0 
60.0 58.0 63.0 62.0 
63.0 60.0 63.0 64.0 
60.0 60.0 63.0 62.0 
107.0 59.0 77.0 72.0 
60.0 58.0 63.0 61.0 
61.0 59.0 64.0 63.0 
60.0 61.0 63.0 62.0 
103.0 60.0 78.0 73.0 
60.0 59.0 63.0 62.0 
61.0 59.0 64.0 64.0 
61.0 60.0 63.0 62.0 
105.0 59.0 78.0 72.0 
60.0 59.0 61.0 62.0 
60.0 59.0 64.0 63.0 
60.0 60.0 63.0 62.0 
100.0 61.0 79.0 73.0 
60.0 59.0 63.0 62.0 
61.0 58.0 64.0 64.0 
61.0 61.0 62.0 61.0 
109.0 61.0 79.0 72.0 
59.0 59.0 63.0 62.0 
61.0 59.0 64.0 63.0 
60.0 60.0 63.0 62.0 
105.0 59.0 78.0 71.0 
59.0 59.0 62.0 61.0 
61.0 59.0 64.0 64.0 
61.0 59.0 64.0 62.0 
106.0 60.0 79.0 73.0 
60.0 58.0 64.0 62.0 
61.0 60.0 64.0 64.0 
61.0 60.0 63.0 63.0 
98.0 60.0 80.0 73.0 
60.0 59.0 63.0 62.0 
61.0 59.0 64.0 64.0 
61.0 59.0 63.0 63.0 
97.0 60.0 77.0 72.0 
60.0 59.0 63.0 62.0 
60.0 59.0 65.0 63.0 
59.0 60.0 62.0 64.0 
104.0 60.0 77.0 72.0 
61.0 58.0 64.0 61.0 
61.0 59.0 63.0 64.0 
61.0 60.0 63.0 62.0 
106.0 60.0 78.0 72.0 
60.0 59.0 64.0 61.0 
61.0 59.0 64.0 64.0 
60.0 59.0 62.0 62.0 
106.0 60.0 77.0 73.0 
60.0 59.0 64.0 62.0 
61.0 60.0 63.0 64.0 
61.0 60.0 61.0 62.0 
106.0 59.0 78.0 72.0 
60.0 58.0 64.0 62.0 
61.0 60.0 63.0 64.0 
61.0 60.0 63.0 62.0 
104.0 60.0 79.0 72.0 
60.0 57.0 64.0 62.0 
61.0 60.0 64.0 64.0 
61.0 60.0 62.0 63.0 
99.0 60.0 78.0 73.0 
60.0 60.0 63.0 62.0 
60.0 60.0 64.0 64.0 
60.0 60.0 63.0 62.0 
99.0 60.0 78.0 73.0 
60.0 59.0 63.0 62.0 
61.0 59.0 64.0 63.0 
61.0 60.0 62.0 62.0 
96.0 60.0 78.0 71.0 
60.0 59.0 63.0 63.0 
62.0 60.0 64.0 64.0 
61.0 61.0 62.0 63.0 
96.0 60.0 77.0 72.0 
59.0 60.0 63.0 62.0 
60.0 61.0 64.0 64.0 
60.0 60.0 62.0 62.0 
101.0 60.0 77.0 72.0 
60.0 59.0 63.0 63.0 
61.0 59.0 66.0 64.0 
60.0 61.0 61.0 62.0 
94.0 60.0 78.0 71.0 
59.0 58.0 64.0 62.0 
61.0 59.0 65.0 64.0 
61.0 60.0 63.0 62.0 
95.0 60.0 77.0 71.0 
60.0 59.0 64.0 61.0 
61.0 59.0 64.0 65.0 
61.0 60.0 63.0 62.0 
96.0 60.0 78.0 71.0 
60.0 58.0 64.0 61.0 
61.0 59.0 64.0 64.0 
61.0 60.0 62.0 63.0 
102.0 61.0 77.0 71.0 
60.0 58.0 64.0 62.0 
61.0 60.0 65.0 64.0 
61.0 60.0 63.0 63.0 
102.0 60.0 77.0 73.0 
60.0 60.0 63.0 61.0 
61.0 60.0 64.0 64.0 
61.0 60.0 62.0 62.0 
93.0 60.0 78.0 72.0 
58.0 58.0 63.0 62.0 
62.0 60.0 64.0 64.0 
61.0 60.0 62.0 63.0 
94.0 58.0 78.0 71.0 
60.0 58.0 64.0 61.0 
61.0 59.0 64.0 64.0 
60.0 60.0 62.0 62.0 
94.0 60.0 78.0 72.0 
61.0 58.0 63.0 62.0 
62.0 59.0 65.0 64.0 
61.0 59.0 63.0 63.0 
94.0 61.0 79.0 72.0 
60.0 59.0 63.0 62.0 
62.0 60.0 64.0 64.0 
62.0 59.0 63.0 62.0 
99.0 60.0 79.0 74.0 
60.0 59.0 64.0 62.0 
62.0 60.0 64.0 64.0 
61.0 60.0 62.0 63.0 
94.0 59.0 81.0 72.0 
60.0 59.0 64.0 62.0 
61.0 60.0 64.0 64.0 
62.0 60.0 62.0 62.0 
94.0 61.0 80.0 71.0 
60.0 59.0 63.0 62.0 
61.0 59.0 64.0 64.0 
61.0 60.0 62.0 62.0 
94.0 59.0 81.0 72.0 
60.0 59.0 63.0 62.0 
62.0 59.0 64.0 63.0 
61.0 61.0 61.0 62.0 
94.0 60.0 82.0 72.0 
59.0 59.0 63.0 63.0 
61.0 60.0 63.0 64.0 
62.0 60.0 63.0 62.0 
94.0 59.0 83.0 72.0 
60.0 59.0 63.0 62.0 
61.0 60.0 64.0 63.0 
61.0 62.0 61.0 62.0 
94.0 60.0 84.0 73.0 
60.0 59.0 63.0 62.0 
61.0 59.0 64.0 64.0 
60.0 60.0 62.0 62.0 
95.0 60.0 83.0 73.0 
59.0 58.0 63.0 62.0 
61.0 60.0 64.0 63.0 
61.0 59.0 62.0 62.0 
94.0 60.0 82.0 72.0 
60.0 60.0 63.0 61.0 
60.0 60.0 64.0 64.0 
60.0 61.0 62.0 63.0 
96.0 59.0 83.0 72.0 
59.0 58.0 63.0 61.0 
62.0 58.0 63.0 65.0 
62.0 60.0 61.0 63.0 
96.0 60.0 84.0 71.0 
60.0 59.0 63.0 61.0 
61.0 59.0 63.0 63.0 
62.0 59.0 61.0 62.0 
97.0 60.0 83.0 71.0 
60.0 59.0 62.0 61.0 
61.0 59.0 63.0 64.0 
61.0 59.0 62.0 63.0 
97.0 60.0 84.0 73.0 
60.0 58.0 63.0 61.0 
61.0 61.0 65.0 63.0 
60.0 60.0 62.0 62.0 
95.0 60.0 83.0 72.0 
61.0 59.0 63.0 62.0 
61.0 59.0 64.0 64.0 
61.0 59.0 64.0 62.0 
96.0 62.0 84.0 72.0 
60.0 59.0 62.0 63.0 
61.0 59.0 63.0 64.0 
61.0 60.0 62.0 62.0 
93.0 59.0 83.0 72.0 
60.0 59.0 63.0 61.0 
62.0 59.0 64.0 64.0 
60.0 60.0 61.0 62.0 
94.0 59.0 84.0 72.0 
60.0 58.0 63.0 62.0 
62.0 59.0 64.0 64.0 
60.0 61.0 61.0 62.0 
95.0 59.0 83.0 72.0 
60.0 58.0 62.0 63.0 
61.0 59.0 64.0 64.0 
61.0 61.0 62.0 62.0 
95.0 60.0 85.0 73.0 
59.0 59.0 63.0 61.0 
61.0 59.0 64.0 64.0 
61.0 60.0 62.0 64.0 
93.0 60.0 84.0 71.0 
60.0 59.0 62.0 62.0 
61.0 59.0 64.0 64.0 
61.0 60.0 62.0 61.0 
91.0 60.0 83.0 72.0 
60.0 58.0 62.0 63.0 
61.0 60.0 63.0 64.0 
62.0 60.0 62.0 62.0 
94.0 59.0 82.0 71.0 
60.0 59.0 63.0 62.0 
61.0 59.0 63.0 63.0 
61.0 60.0 62.0 61.0 
97.0 60.0 83.0 72.0 
61.0 59.0 62.0 62.0 
60.0 60.0 63.0 65.0 
62.0 60.0 62.0 62.0 
97.0 60.0 80.0 72.0 
59.0 59.0 63.0 62.0 
61.0 59.0 63.0 63.0 
61.0 60.0 62.0 62.0 
97.0 60.0 81.0 72.0 
59.0 59.0 63.0 62.0 
61.0 60.0 63.0 64.0 
61.0 60.0 61.0 62.0 
96.0 59.0 81.0 72.0 
60.0 59.0 63.0 62.0 
61.0 59.0 64.0 64.0 
61.0 60.0 62.0 64.0 
97.0 59.0 80.0 71.0 
60.0 58.0 62.0 62.0 
61.0 61.0 65.0 64.0 
61.0 59.0 61.0 62.0 
94.0 59.0 83.0 72.0 
59.0 59.0 64.0 61.0 
62.0 59.0 64.0 63.0 
60.0 60.0 62.0 62.0 
95.0 59.0 83.0 72.0 
60.0 59.0 63.0 61.0 
62.0 59.0 64.0 64.0 
60.0 59.0 61.0 63.0 
99.0 60.0 83.0 72.0 
59.0 59.0 62.0 62.0 
62.0 59.0 63.0 64.0 
61.0 60.0 61.0 61.0 
98.0 59.0 85.0 73.0 
61.0 58.0 63.0 61.0 
62.0 60.0 63.0 64.0 
61.0 59.0 61.0 61.0 
99.0 60.0 84.0 73.0 
60.0 58.0 62.0 61.0 
61.0 59.0 64.0 62.0 
61.0 60.0 62.0 62.0 
98.0 60.0 85.0 73.0 
59.0 58.0 62.0 62.0 
61.0 59.0 64.0 63.0 
61.0 59.0 61.0 62.0 
94.0 60.0 83.0 72.0 
60.0 60.0 62.0 62.0 
62.0 60.0 64.0 64.0 
60.0 61.0 63.0 62.0 
95.0 59.0 83.0 72.0 
60.0 59.0 63.0 61.0 
62.0 59.0 64.0 64.0 
60.0 60.0 62.0 62.0 
94.0 60.0 82.0 71.0 
60.0 59.0 63.0 61.0 
62.0 60.0 65.0 64.0 
61.0 59.0 62.0 62.0 
94.0 60.0 82.0 71.0 
60.0 58.0 63.0 61.0 
62.0 60.0 63.0 64.0 
61.0 60.0 62.0 62.0 
96.0 60.0 83.0 72.0 
59.0 60.0 64.0 61.0 
61.0 58.0 63.0 64.0 
61.0 60.0 62.0 62.0 
95.0 60.0 82.0 72.0 
61.0 59.0 62.0 62.0 
62.0 59.0 64.0 64.0 
62.0 60.0 62.0 63.0 
92.0 59.0 81.0 71.0 
60.0 58.0 63.0 62.0 
61.0 59.0 64.0 64.0 
61.0 60.0 61.0 63.0 
92.0 59.0 82.0 71.0 
59.0 59.0 62.0 62.0 
60.0 60.0 64.0 65.0 
60.0 59.0 62.0 62.0 
94.0 60.0 81.0 70.0 
60.0 58.0 62.0 61.0 
61.0 59.0 65.0 64.0 
61.0 61.0 61.0 62.0 
101.0 60.0 83.0 72.0 
60.0 59.0 62.0 62.0 
61.0 59.0 64.0 63.0 
60.0 60.0 62.0 62.0 
100.0 60.0 84.0 72.0 
60.0 60.0 63.0 61.0 
61.0 59.0 64.0 64.0 
61.0 60.0 62.0 62.0 
99.0 59.0 83.0 72.0 
60.0 59.0 64.0 62.0 
61.0 60.0 64.0 63.0 
62.0 60.0 62.0 63.0 
98.0 60.0 83.0 72.0 
60.0 59.0 61.0 61.0 
61.0 58.0 64.0 64.0 
61.0 61.0 61.0 62.0 
101.0 61.0 85.0 73.0 
60.0 59.0 63.0 61.0 
62.0 59.0 64.0 64.0 
61.0 60.0 62.0 62.0 
99.0 59.0 81.0 72.0 
60.0 59.0 64.0 61.0 
62.0 60.0 64.0 64.0 
60.0 60.0 61.0 62.0 
96.0 59.0 81.0 71.0 
61.0 58.0 63.0 61.0 
61.0 59.0 64.0 64.0 
61.0 60.0 61.0 62.0 
103.0 59.0 80.0 72.0 
60.0 60.0 61.0 61.0 
61.0 60.0 64.0 64.0 
61.0 61.0 62.0 62.0 
101.0 60.0 82.0 72.0 
60.0 58.0 64.0 61.0 
61.0 60.0 64.0 65.0 
61.0 60.0 63.0 63.0 
99.0 59.0 81.0 72.0 
60.0 59.0 63.0 62.0 
61.0 60.0 63.0 64.0 
61.0 60.0 61.0 62.0 
94.0 60.0 83.0 73.0 
60.0 58.0 63.0 62.0 
61.0 61.0 63.0 65.0 
61.0 60.0 62.0 62.0 
98.0 60.0 81.0 72.0 
59.0 58.0 64.0 62.0 
61.0 59.0 63.0 64.0 
61.0 60.0 62.0 62.0 
96.0 60.0 83.0 72.0 
59.0 60.0 62.0 61.0 
61.0 59.0 63.0 64.0 
61.0 60.0 62.0 62.0 
101.0 60.0 84.0 72.0 
60.0 58.0 62.0 63.0 
61.0 58.0 64.0 64.0 
61.0 61.0 62.0 62.0 
99.0 60.0 84.0 73.0 
60.0 59.0 63.0 62.0 
62.0 58.0 63.0 63.0 
61.0 61.0 61.0 62.0 
97.0 60.0 84.0 71.0 
60.0 58.0 62.0 62.0 
61.0 59.0 62.0 64.0 
62.0 60.0 62.0 62.0 
97.0 60.0 83.0 73.0 
60.0 59.0 61.0 61.0 
60.0 59.0 63.0 64.0 
61.0 60.0 60.0 62.0 
96.0 59.0 85.0 72.0 
60.0 58.0 62.0 62.0 
61.0 59.0 63.0 63.0 
60.0 59.0 62.0 62.0 
92.0 60.0 84.0 72.0 
60.0 59.0 63.0 62.0 
60.0 60.0 63.0 63.0 
60.0 60.0 62.0 62.0 
96.0 59.0 82.0 72.0 
60.0 58.0 62.0 61.0 
61.0 59.0 63.0 63.0 
61.0 60.0 61.0 63.0 
96.0 60.0 83.0 72.0 
60.0 59.0 63.0 61.0 
61.0 60.0 64.0 64.0 
62.0 60.0 62.0 62.0 
98.0 59.0 83.0 73.0 
60.0 59.0 62.0 62.0 
61.0 59.0 63.0 63.0 
61.0 60.0 62.0 62.0 
98.0 60.0 81.0 72.0 
60.0 59.0 63.0 62.0 
61.0 60.0 64.0 64.0 
61.0 60.0 62.0 63.0 
99.0 60.0 82.0 72.0 
59.0 59.0 63.0 62.0 
61.0 60.0 64.0 64.0 
60.0 60.0 62.0 63.0 
96.0 59.0 82.0 72.0 
60.0 59.0 64.0 62.0 
61.0 60.0 63.0 64.0 
60.0 60.0 62.0 62.0 
105.0 60.0 83.0 73.0 
60.0 60.0 63.0 62.0 
61.0 60.0 63.0 63.0 
61.0 60.0 62.0 62.0 
108.0 60.0 83.0 74.0 
59.0 59.0 62.0 62.0 
61.0 61.0 64.0 64.0 
60.0 60.0 61.0 63.0 
104.0 59.0 83.0 73.0 
60.0 60.0 63.0 62.0 
61.0 59.0 63.0 64.0 
61.0 60.0 61.0 63.0 
101.0 59.0 83.0 73.0 
60.0 59.0 62.0 62.0 
60.0 60.0 64.0 64.0 
61.0 60.0 62.0 62.0 
101.0 59.0 84.0 73.0 
60.0 60.0 63.0 62.0 
61.0 60.0 63.0 64.0 
61.0 60.0 61.0 62.0 
93.0 60.0 83.0 71.0 
60.0 59.0 63.0 61.0 
62.0 59.0 64.0 62.0 
61.0 59.0 62.0 61.0 
91.0 60.0 83.0 71.0 
60.0 59.0 63.0 61.0 
61.0 59.0 64.0 63.0 
61.0 60.0 63.0 63.0 
90.0 59.0 81.0 71.0 
60.0 59.0 64.0 62.0 
62.0 59.0 63.0 64.0 
61.0 60.0 62.0 62.0 
89.0 59.0 81.0 70.0 
61.0 59.0 63.0 62.0 
60.0 60.0 64.0 64.0 
61.0 60.0 62.0 62.0 
88.0 61.0 80.0 71.0 
61.0 59.0 63.0 62.0 
61.0 60.0 63.0 64.0 
62.0 59.0 62.0 61.0 
89.0 60.0 80.0 71.0 
60.0 58.0 62.0 63.0 
61.0 59.0 63.0 64.0 
61.0 60.0 62.0 63.0 
89.0 60.0 81.0 72.0 
60.0 59.0 64.0 62.0 
61.0 59.0 63.0 64.0 
61.0 59.0 62.0 62.0 
89.0 60.0 81.0 71.0 
60.0 59.0 62.0 62.0 
62.0 59.0 64.0 64.0 
61.0 60.0 62.0 61.0 
92.0 59.0 81.0 70.0 
61.0 58.0 63.0 62.0 
61.0 59.0 64.0 64.0 
61.0 59.0 62.0 63.0 
91.0 59.0 81.0 71.0 
60.0 59.0 63.0 62.0 
61.0 60.0 63.0 64.0 
61.0 60.0 61.0 63.0 
90.0 59.0 81.0 71.0 
61.0 58.0 64.0 63.0 
61.0 59.0 63.0 64.0 
61.0 59.0 62.0 62.0 
90.0 60.0 81.0 70.0 
60.0 59.0 63.0 62.0 
61.0 60.0 64.0 64.0 
61.0 61.0 62.0 60.0 
93.0 60.0 81.0 72.0 
60.0 58.0 63.0 62.0 
61.0 60.0 63.0 64.0 
60.0 61.0 62.0 63.0 
93.0 59.0 81.0 71.0 
60.0 59.0 63.0 62.0 
61.0 60.0 64.0 63.0 
61.0 60.0 61.0 63.0 
91.0 60.0 81.0 71.0 
61.0 58.0 63.0 62.0 
61.0 60.0 63.0 64.0 
61.0 60.0 63.0 63.0 
93.0 60.0 82.0 71.0 
60.0 59.0 62.0 61.0 
61.0 60.0 64.0 64.0 
61.0 60.0 62.0 62.0 
91.0 60.0 81.0 71.0 
59.0 59.0 63.0 61.0 
62.0 61.0 64.0 63.0 
61.0 60.0 62.0 62.0 
87.0 60.0 81.0 69.0 
60.0 59.0 64.0 62.0 
62.0 58.0 63.0 64.0 
61.0 60.0 62.0 62.0 
86.0 60.0 81.0 70.0 
60.0 59.0 63.0 62.0 
61.0 59.0 64.0 63.0 
61.0 60.0 62.0 63.0 
86.0 59.0 81.0 70.0 
60.0 59.0 63.0 63.0 
61.0 59.0 64.0 63.0 
61.0 60.0 62.0 63.0 
93.0 59.0 81.0 71.0 
60.0 58.0 63.0 62.0 
61.0 60.0 63.0 64.0 
61.0 60.0 62.0 63.0 
92.0 60.0 80.0 71.0 
60.0 58.0 63.0 61.0 
61.0 59.0 64.0 64.0 
61.0 60.0 62.0 62.0 
96.0 60.0 81.0 71.0 
60.0 58.0 63.0 62.0 
60.0 60.0 63.0 64.0 
61.0 59.0 62.0 61.0 
95.0 60.0 81.0 73.0 
60.0 59.0 63.0 62.0 
62.0 60.0 63.0 63.0 
60.0 60.0 62.0 63.0 
96.0 60.0 81.0 73.0 
61.0 58.0 63.0 61.0 
61.0 59.0 63.0 64.0 
60.0 61.0 62.0 63.0 
102.0 60.0 80.0 71.0 
59.0 59.0 63.0 62.0 
61.0 60.0 63.0 64.0 
61.0 60.0 62.0 63.0 
101.0 59.0 81.0 72.0 
60.0 59.0 63.0 62.0 
61.0 59.0 64.0 64.0 
61.0 60.0 62.0 63.0 
109.0 59.0 81.0 73.0 
61.0 59.0 63.0 61.0 
61.0 59.0 64.0 64.0 
61.0 60.0 62.0 62.0 
113.0 60.0 80.0 73.0 
60.0 59.0 63.0 62.0 
62.0 60.0 64.0 66.0 
61.0 60.0 62.0 62.0 
107.0 59.0 80.0 73.0 
60.0 59.0 63.0 61.0 
61.0 60.0 63.0 64.0 
62.0 59.0 62.0 62.0 
104.0 60.0 81.0 72.0 
60.0 59.0 63.0 62.0 
61.0 59.0 63.0 64.0 
61.0 60.0 63.0 62.0 
110.0 60.0 81.0 73.0 
60.0 59.0 63.0 62.0 
60.0 60.0 65.0 63.0 
61.0 61.0 62.0 63.0 
105.0 60.0 80.0 73.0 
59.0 59.0 63.0 62.0 
61.0 59.0 64.0 63.0 
61.0 59.0 63.0 62.0 
109.0 60.0 80.0 72.0 
61.0 59.0 63.0 62.0 
61.0 60.0 63.0 63.0 
60.0 60.0 62.0 63.0 
110.0 60.0 81.0 73.0 
60.0 59.0 64.0 61.0 
61.0 59.0 64.0 64.0 
61.0 59.0 62.0 62.0 
113.0 59.0 81.0 74.0 
60.0 59.0 63.0 62.0 
62.0 60.0 64.0 64.0 
61.0 60.0 62.0 62.0 
115.0 59.0 81.0 75.0 
59.0 59.0 63.0 62.0 
60.0 60.0 64.0 64.0 
62.0 59.0 61.0 62.0 
114.0 60.0 82.0 74.0 
60.0 59.0 63.0 62.0 
63.0 59.0 64.0 65.0 
62.0 59.0 62.0 62.0 
113.0 59.0 80.0 74.0 
60.0 59.0 64.0 62.0 
61.0 60.0 62.0 64.0 
61.0 60.0 62.0 62.0 
110.0 61.0 81.0 74.0 
59.0 59.0 63.0 61.0 
62.0 59.0 63.0 63.0 
62.0 60.0 62.0 62.0 
112.0 60.0 80.0 74.0 
60.0 58.0 63.0 61.0 
60.0 59.0 64.0 63.0 
60.0 60.0 62.0 62.0 
111.0 61.0 81.0 73.0 
60.0 59.0 63.0 62.0 
62.0 58.0 63.0 64.0 
62.0 60.0 63.0 63.0 
111.0 61.0 82.0 73.0 
60.0 58.0 64.0 62.0 
61.0 59.0 63.0 64.0 
60.0 60.0 62.0 61.0 
109.0 60.0 82.0 74.0 
60.0 59.0 63.0 63.0 
61.0 60.0 64.0 63.0 
61.0 60.0 60.0 62.0 
106.0 61.0 81.0 74.0 
60.0 59.0 63.0 62.0 
61.0 60.0 62.0 64.0 
61.0 59.0 62.0 62.0 
100.0 60.0 81.0 73.0 
60.0 59.0 63.0 61.0 
62.0 59.0 64.0 63.0 
60.0 60.0 62.0 62.0 
101.0 60.0 82.0 73.0 
59.0 59.0 62.0 62.0 
61.0 59.0 64.0 64.0 
61.0 60.0 63.0 63.0 
97.0 60.0 82.0 72.0 
60.0 60.0 64.0 62.0 
61.0 59.0 64.0 64.0 
61.0 61.0 62.0 62.0 
97.0 59.0 81.0 72.0 
60.0 58.0 63.0 62.0 
61.0 59.0 64.0 64.0 
60.0 60.0 62.0 62.0 
95.0 59.0 82.0 72.0 
60.0 59.0 64.0 61.0 
61.0 58.0 63.0 64.0 
61.0 60.0 62.0 63.0 
95.0 60.0 83.0 73.0 
60.0 58.0 63.0 62.0 
61.0 60.0 64.0 63.0 
60.0 60.0 62.0 62.0 
96.0 59.0 82.0 72.0 
60.0 59.0 63.0 62.0 
61.0 60.0 63.0 63.0 
60.0 60.0 61.0 62.0 
96.0 60.0 79.0 71.0 
61.0 59.0 64.0 62.0 
60.0 61.0 63.0 64.0 
61.0 60.0 62.0 63.0 
96.0 60.0 80.0 71.0 
60.0 59.0 64.0 62.0 
61.0 59.0 64.0 64.0 
60.0 60.0 62.0 63.0 
94.0 60.0 79.0 71.0 
60.0 60.0 64.0 62.0 
61.0 59.0 64.0 64.0 
61.0 60.0 62.0 62.0 
94.0 60.0 78.0 71.0 
60.0 58.0 64.0 62.0 
62.0 59.0 64.0 64.0 
60.0 60.0 62.0 62.0 
94.0 60.0 79.0 70.0 
60.0 59.0 63.0 63.0 
61.0 58.0 64.0 63.0 
61.0 60.0 62.0 61.0 
92.0 59.0 80.0 71.0 
60.0 59.0 63.0 62.0 
60.0 59.0 65.0 64.0 
60.0 61.0 62.0 62.0 
94.0 60.0 78.0 72.0 
60.0 59.0 64.0 63.0 
61.0 59.0 64.0 63.0 
60.0 61.0 62.0 64.0 
95.0 59.0 79.0 72.0 
60.0 60.0 65.0 63.0 
61.0 59.0 63.0 64.0 
61.0 58.0 62.0 63.0 
96.0 60.0 80.0 72.0 
60.0 59.0 64.0 63.0 
61.0 60.0 63.0 64.0 
61.0 60.0 62.0 63.0 
98.0 59.0 80.0 73.0 
60.0 59.0 64.0 62.0 
61.0 60.0 63.0 64.0 
60.0 60.0 62.0 63.0 
97.0 60.0 81.0 72.0 
60.0 59.0 64.0 62.0 
61.0 59.0 64.0 64.0 
61.0 60.0 61.0 62.0 
95.0 60.0 81.0 72.0 
60.0 59.0 64.0 63.0 
61.0 59.0 64.0 64.0 
62.0 59.0 62.0 62.0 
96.0 60.0 80.0 72.0 
61.0 58.0 64.0 63.0 
60.0 59.0 63.0 63.0 
62.0 60.0 62.0 62.0 
96.0 60.0 80.0 71.0 
61.0 59.0 64.0 63.0 
61.0 59.0 64.0 64.0 
61.0 60.0 62.0 63.0 
97.0 59.0 79.0 72.0 
61.0 58.0 65.0 62.0 
61.0 59.0 62.0 64.0 
61.0 60.0 62.0 62.0 
96.0 59.0 78.0 71.0 
60.0 59.0 66.0 63.0 
61.0 59.0 64.0 63.0 
61.0 60.0 62.0 62.0 
95.0 60.0 80.0 72.0 
60.0 59.0 65.0 63.0 
61.0 59.0 64.0 64.0 
62.0 60.0 62.0 63.0 
96.0 60.0 78.0 71.0 
60.0 58.0 65.0 63.0 
61.0 60.0 65.0 64.0 
60.0 60.0 63.0 62.0 
95.0 59.0 81.0 71.0 
61.0 58.0 65.0 62.0 
61.0 59.0 64.0 63.0 
60.0 60.0 62.0 63.0 
95.0 59.0 78.0 71.0 
62.0 57.0 65.0 63.0 
61.0 60.0 64.0 64.0 
60.0 60.0 63.0 62.0 
96.0 61.0 80.0 72.0 
60.0 59.0 64.0 63.0 
61.0 59.0 63.0 63.0 
61.0 60.0 62.0 62.0 
96.0 59.0 81.0 72.0 
61.0 59.0 64.0 63.0 
61.0 59.0 62.0 64.0 
60.0 60.0 62.0 62.0 
96.0 59.0 80.0 71.0 
60.0 59.0 64.0 64.0 
61.0 59.0 63.0 65.0 
61.0 60.0 62.0 63.0 
95.0 60.0 80.0 71.0 
60.0 59.0 63.0 62.0 
61.0 59.0 63.0 65.0 
61.0 59.0 62.0 61.0 
96.0 60.0 79.0 72.0 
60.0 59.0 63.0 63.0 
61.0 60.0 63.0 65.0 
61.0 59.0 62.0 62.0 
96.0 59.0 80.0 71.0 
60.0 59.0 64.0 62.0 
60.0 60.0 63.0 64.0 
61.0 60.0 61.0 63.0 
96.0 60.0 80.0 71.0 
59.0 58.0 64.0 63.0 
61.0 58.0 64.0 63.0 
60.0 60.0 61.0 62.0 
97.0 60.0 80.0 73.0 
60.0 58.0 64.0 62.0 
61.0 59.0 63.0 64.0 
61.0 61.0 61.0 63.0 
97.0 60.0 80.0 72.0 
60.0 58.0 65.0 62.0 
61.0 59.0 63.0 64.0 
61.0 59.0 62.0 63.0 
96.0 60.0 81.0 71.0 
60.0 59.0 64.0 62.0 
61.0 59.0 63.0 63.0 
61.0 59.0 61.0 62.0 
96.0 59.0 81.0 71.0 
60.0 59.0 65.0 63.0 
62.0 59.0 63.0 63.0 
61.0 60.0 63.0 63.0 
96.0 60.0 81.0 72.0 
60.0 59.0 64.0 62.0 
61.0 60.0 63.0 64.0 
61.0 61.0 63.0 62.0 
95.0 60.0 80.0 72.0 
60.0 58.0 64.0 63.0 
61.0 59.0 63.0 64.0 
61.0 60.0 62.0 62.0 
94.0 60.0 80.0 72.0 
60.0 58.0 64.0 62.0 
60.0 59.0 64.0 64.0 
62.0 59.0 61.0 62.0 
96.0 59.0 81.0 72.0 
61.0 58.0 64.0 62.0 
60.0 59.0 63.0 64.0 
60.0 60.0 62.0 62.0 
96.0 59.0 82.0 72.0 
60.0 59.0 64.0 62.0 
61.0 58.0 63.0 63.0 
60.0 60.0 61.0 62.0 
98.0 60.0 80.0 73.0 
61.0 60.0 64.0 64.0 
61.0 60.0 63.0 64.0 
61.0 60.0 62.0 62.0 
97.0 58.0 82.0 72.0 
60.0 59.0 63.0 62.0 
60.0 59.0 63.0 64.0 
61.0 61.0 61.0 64.0 
98.0 59.0 82.0 72.0 
61.0 58.0 64.0 63.0 
61.0 59.0 63.0 64.0 
60.0 61.0 61.0 63.0 
98.0 60.0 82.0 72.0 
60.0 59.0 63.0 62.0 
61.0 59.0 63.0 63.0 
60.0 61.0 62.0 63.0 
97.0 60.0 81.0 73.0 
61.0 58.0 63.0 63.0 
61.0 61.0 62.0 64.0 
61.0 60.0 62.0 63.0 
97.0 60.0 82.0 73.0 
60.0 60.0 63.0 62.0 
61.0 59.0 63.0 64.0 
61.0 60.0 62.0 62.0 
98.0 59.0 82.0 73.0 
60.0 58.0 64.0 63.0 
60.0 59.0 63.0 64.0 
61.0 60.0 62.0 62.0 
97.0 60.0 82.0 73.0 
60.0 59.0 63.0 63.0 
61.0 59.0 62.0 64.0 
61.0 60.0 63.0 62.0 
97.0 60.0 82.0 72.0 
61.0 58.0 65.0 62.0 
60.0 60.0 62.0 64.0 
61.0 61.0 62.0 62.0 
97.0 59.0 83.0 73.0 
60.0 59.0 64.0 63.0 
61.0 59.0 62.0 64.0 
61.0 59.0 62.0 62.0 
95.0 59.0 82.0 74.0 
61.0 59.0 64.0 63.0 
61.0 59.0 62.0 64.0 
61.0 60.0 61.0 63.0 
97.0 60.0 83.0 72.0 
59.0 60.0 64.0 63.0 
61.0 58.0 64.0 64.0 
61.0 60.0 62.0 62.0 
97.0 60.0 81.0 72.0 
60.0 58.0 64.0 63.0 
61.0 60.0 62.0 64.0 
61.0 60.0 62.0 62.0 
98.0 61.0 82.0 74.0 
60.0 59.0 65.0 63.0 
61.0 60.0 63.0 63.0 
61.0 60.0 63.0 62.0 
97.0 60.0 83.0 73.0 
61.0 59.0 64.0 63.0 
61.0 58.0 62.0 63.0 
61.0 60.0 62.0 62.0 
97.0 61.0 82.0 73.0 
60.0 57.0 64.0 62.0 
61.0 60.0 63.0 64.0 
60.0 60.0 62.0 62.0 
98.0 60.0 82.0 73.0 
61.0 58.0 64.0 63.0 
60.0 58.0 63.0 63.0 
61.0 60.0 61.0 63.0 
100.0 60.0 82.0 72.0 
60.0 59.0 63.0 62.0 
60.0 59.0 64.0 64.0 
61.0 59.0 62.0 62.0 
98.0 60.0 82.0 73.0 
60.0 58.0 64.0 63.0 
61.0 59.0 63.0 65.0 
60.0 60.0 62.0 62.0 
99.0 59.0 82.0 72.0 
59.0 58.0 63.0 62.0 
62.0 59.0 63.0 63.0 
61.0 59.0 63.0 63.0 
99.0 60.0 81.0 73.0 
60.0 58.0 63.0 62.0 
58.0 60.0 64.0 64.0 
60.0 60.0 63.0 62.0 
99.0 61.0 82.0 72.0 
60.0 58.0 63.0 62.0 
61.0 59.0 63.0 63.0 
62.0 60.0 62.0 62.0 
99.0 60.0 82.0 72.0 
59.0 59.0 63.0 62.0 
60.0 59.0 62.0 64.0 
60.0 61.0 62.0 62.0 
99.0 59.0 81.0 73.0 
58.0 59.0 63.0 62.0 
61.0 59.0 63.0 63.0 
61.0 61.0 62.0 62.0 
99.0 60.0 81.0 73.0 
59.0 59.0 63.0 63.0 
61.0 58.0 62.0 63.0 
61.0 60.0 62.0 61.0 
99.0 60.0 82.0 73.0 
59.0 59.0 64.0 63.0 
61.0 59.0 63.0 63.0 
61.0 60.0 62.0 62.0 
99.0 59.0 82.0 72.0 
60.0 58.0 64.0 62.0 
61.0 59.0 63.0 64.0 
60.0 60.0 63.0 63.0 
100.0 60.0 82.0 73.0 
61.0 59.0 63.0 62.0 
61.0 59.0 64.0 64.0 
61.0 62.0 62.0 62.0 
100.0 60.0 82.0 73.0 
60.0 58.0 64.0 62.0 
61.0 59.0 63.0 64.0 
60.0 60.0 62.0 62.0 
100.0 60.0 82.0 72.0 
60.0 59.0 63.0 63.0 
60.0 59.0 64.0 64.0 
61.0 60.0 62.0 62.0 
99.0 60.0 82.0 72.0 
60.0 58.0 63.0 62.0 
61.0 58.0 63.0 64.0 
61.0 61.0 62.0 62.0 
99.0 60.0 82.0 73.0 
60.0 59.0 63.0 63.0 
61.0 60.0 63.0 62.0 
60.0 60.0 62.0 62.0 
99.0 60.0 82.0 73.0 
60.0 60.0 63.0 62.0 
61.0 60.0 63.0 63.0 
60.0 59.0 62.0 62.0 
100.0 59.0 83.0 72.0 
60.0 59.0 64.0 62.0 
60.0 59.0 64.0 64.0 
61.0 60.0 61.0 62.0 
100.0 59.0 82.0 73.0 
60.0 58.0 64.0 63.0 
61.0 60.0 63.0 64.0 
61.0 61.0 62.0 64.0 
101.0 60.0 82.0 74.0 
60.0 59.0 64.0 62.0 
62.0 59.0 64.0 64.0 
60.0 60.0 62.0 63.0 
100.0 60.0 83.0 72.0 
59.0 60.0 64.0 62.0 
62.0 60.0 63.0 64.0 
61.0 60.0 62.0 62.0 
102.0 59.0 83.0 73.0 
60.0 59.0 64.0 63.0 
61.0 59.0 64.0 63.0 
60.0 60.0 61.0 62.0 
100.0 60.0 82.0 73.0 
59.0 58.0 63.0 63.0 
63.0 59.0 64.0 64.0 
60.0 60.0 62.0 62.0 
102.0 60.0 82.0 73.0 
60.0 59.0 62.0 62.0 
60.0 59.0 63.0 63.0 
61.0 60.0 63.0 62.0 
101.0 60.0 82.0 73.0 
60.0 58.0 64.0 62.0 
60.0 60.0 63.0 63.0 
61.0 60.0 62.0 62.0 
103.0 61.0 83.0 73.0 
59.0 58.0 63.0 63.0 
60.0 59.0 63.0 64.0 
61.0 60.0 63.0 62.0 
103.0 60.0 82.0 73.0 
59.0 59.0 62.0 63.0 
60.0 59.0 63.0 64.0 
60.0 59.0 61.0 62.0 
103.0 60.0 82.0 73.0 
60.0 58.0 64.0 62.0 
61.0 59.0 62.0 63.0 
60.0 60.0 62.0 63.0 
101.0 59.0 81.0 73.0 
60.0 59.0 64.0 62.0 
60.0 60.0 63.0 63.0 
59.0 60.0 62.0 62.0 
105.0 58.0 82.0 73.0 
60.0 60.0 63.0 63.0 
61.0 59.0 63.0 64.0 
61.0 60.0 62.0 62.0 
101.0 59.0 82.0 73.0 
59.0 59.0 62.0 62.0 
61.0 58.0 64.0 63.0 
60.0 60.0 61.0 62.0 
102.0 59.0 83.0 74.0 
60.0 58.0 63.0 61.0 
60.0 60.0 63.0 64.0 
62.0 60.0 62.0 61.0 
102.0 60.0 82.0 73.0 
60.0 58.0 62.0 62.0 
62.0 59.0 62.0 64.0 
60.0 60.0 62.0 63.0 
102.0 60.0 82.0 73.0 
60.0 60.0 64.0 62.0 
62.0 58.0 63.0 64.0 
61.0 61.0 62.0 62.0 
103.0 60.0 83.0 73.0 
60.0 59.0 64.0 63.0 
61.0 59.0 64.0 64.0 
60.0 60.0 61.0 62.0 
101.0 59.0 82.0 73.0 
60.0 59.0 63.0 62.0 
60.0 59.0 63.0 63.0 
60.0 60.0 61.0 62.0 
103.0 60.0 82.0 73.0 
60.0 59.0 63.0 62.0 
61.0 61.0 63.0 63.0 
61.0 60.0 63.0 62.0 
103.0 60.0 82.0 73.0 
60.0 60.0 63.0 62.0 
60.0 59.0 62.0 63.0 
60.0 61.0 62.0 62.0 
101.0 60.0 82.0 73.0 
59.0 58.0 63.0 63.0 
61.0 59.0 63.0 63.0 
60.0 60.0 62.0 63.0 
101.0 60.0 83.0 74.0 
59.0 59.0 64.0 62.0 
61.0 59.0 64.0 63.0 
60.0 59.0 61.0 62.0 
105.0 59.0 82.0 73.0 
60.0 59.0 63.0 63.0 
60.0 59.0 62.0 63.0 
61.0 60.0 62.0 62.0 
102.0 59.0 83.0 72.0 
59.0 58.0 63.0 63.0 
60.0 59.0 63.0 63.0 
61.0 60.0 61.0 62.0 
102.0 59.0 83.0 73.0 
60.0 59.0 64.0 62.0 
61.0 60.0 63.0 64.0 
60.0 59.0 62.0 62.0 
101.0 60.0 82.0 73.0 
59.0 60.0 63.0 62.0 
60.0 59.0 63.0 64.0 
61.0 60.0 62.0 62.0 
106.0 60.0 83.0 73.0 
59.0 60.0 63.0 62.0 
60.0 61.0 62.0 63.0 
61.0 59.0 62.0 63.0 
106.0 60.0 83.0 74.0 
58.0 60.0 63.0 63.0 
61.0 58.0 63.0 64.0 
59.0 60.0 61.0 63.0 
105.0 59.0 84.0 73.0 
60.0 58.0 64.0 61.0 
61.0 59.0 62.0 64.0 
60.0 61.0 61.0 62.0 
105.0 59.0 83.0 73.0 
59.0 59.0 63.0 62.0 
61.0 59.0 63.0 64.0 
60.0 59.0 62.0 62.0 
106.0 59.0 83.0 73.0 
59.0 59.0 63.0 63.0 
59.0 60.0 63.0 64.0 
60.0 60.0 61.0 62.0 
104.0 59.0 84.0 73.0 
58.0 59.0 63.0 62.0 
60.0 59.0 62.0 63.0 
59.0 60.0 62.0 62.0 
105.0 61.0 84.0 74.0 
60.0 58.0 63.0 62.0 
60.0 60.0 63.0 63.0 
60.0 61.0 63.0 62.0 
104.0 60.0 83.0 73.0 
60.0 58.0 64.0 62.0 
61.0 60.0 63.0 63.0 
60.0 60.0 62.0 62.0 
104.0 61.0 82.0 74.0 
60.0 59.0 64.0 62.0 
61.0 60.0 63.0 63.0 
60.0 60.0 62.0 62.0 
105.0 60.0 84.0 73.0 
60.0 59.0 63.0 62.0 
61.0 59.0 63.0 63.0 
60.0 59.0 62.0 62.0 
104.0 61.0 82.0 74.0 
60.0 58.0 63.0 63.0 
61.0 59.0 62.0 65.0 
60.0 60.0 62.0 62.0 
104.0 59.0 83.0 73.0 
60.0 58.0 64.0 62.0 
61.0 59.0 61.0 63.0 
61.0 61.0 61.0 62.0 
104.0 59.0 83.0 74.0 
60.0 59.0 63.0 63.0 
61.0 58.0 64.0 63.0 
61.0 60.0 62.0 63.0 
104.0 60.0 83.0 73.0 
60.0 59.0 64.0 63.0 
64.0 58.0 62.0 64.0 
61.0 60.0 61.0 62.0 
104.0 60.0 83.0 73.0 
60.0 59.0 65.0 62.0 
60.0 59.0 63.0 64.0 
60.0 60.0 61.0 62.0 
103.0 60.0 83.0 73.0 
60.0 59.0 65.0 62.0 
61.0 60.0 63.0 63.0 
61.0 60.0 62.0 62.0 
103.0 59.0 83.0 73.0 
61.0 59.0 64.0 63.0 
61.0 60.0 63.0 64.0 
60.0 60.0 63.0 62.0 
102.0 59.0 83.0 73.0 
60.0 59.0 65.0 62.0 
60.0 59.0 63.0 64.0 
61.0 60.0 61.0 62.0 
102.0 60.0 82.0 73.0 
60.0 59.0 65.0 63.0 
61.0 58.0 64.0 63.0 
60.0 60.0 62.0 62.0 
102.0 60.0 83.0 74.0 
60.0 59.0 64.0 63.0 
61.0 58.0 63.0 63.0 
60.0 60.0 62.0 62.0 
103.0 60.0 83.0 72.0 
61.0 57.0 65.0 62.0 
60.0 59.0 63.0 63.0 
59.0 60.0 62.0 62.0 
103.0 59.0 83.0 73.0 
61.0 58.0 65.0 63.0 
61.0 59.0 64.0 64.0 
61.0 60.0 62.0 62.0 
103.0 60.0 82.0 74.0 
60.0 59.0 64.0 62.0 
61.0 58.0 63.0 63.0 
61.0 60.0 61.0 62.0 
102.0 59.0 83.0 74.0 
61.0 58.0 65.0 62.0 
60.0 59.0 63.0 64.0 
60.0 59.0 62.0 62.0 
104.0 60.0 83.0 73.0 
61.0 58.0 64.0 62.0 
61.0 61.0 62.0 63.0 
60.0 60.0 62.0 62.0 
103.0 60.0 83.0 74.0 
60.0 59.0 65.0 63.0 
60.0 59.0 63.0 64.0 
61.0 60.0 61.0 62.0 
103.0 59.0 83.0 74.0 
61.0 59.0 64.0 64.0 
61.0 59.0 63.0 64.0 
61.0 60.0 61.0 62.0 
103.0 60.0 84.0 72.0 
60.0 59.0 64.0 63.0 
61.0 59.0 63.0 63.0 
61.0 60.0 61.0 62.0 
103.0 60.0 84.0 73.0 
61.0 59.0 64.0 63.0 
61.0 59.0 63.0 64.0 
61.0 60.0 62.0 62.0 
103.0 61.0 83.0 74.0 
62.0 59.0 65.0 62.0 
60.0 60.0 64.0 64.0 
61.0 60.0 62.0 61.0 
104.0 59.0 84.0 73.0 
60.0 58.0 64.0 62.0 
60.0 59.0 62.0 63.0 
61.0 60.0 62.0 61.0 
104.0 59.0 84.0 73.0 
60.0 59.0 63.0 62.0 
61.0 59.0 63.0 64.0 
60.0 60.0 62.0 62.0 
103.0 60.0 84.0 74.0 
60.0 58.0 64.0 62.0 
61.0 60.0 64.0 63.0 
61.0 60.0 60.0 63.0 
103.0 60.0 83.0 74.0 
60.0 59.0 64.0 63.0 
61.0 59.0 63.0 63.0 
60.0 60.0 61.0 61.0 
103.0 60.0 85.0 74.0 
61.0 58.0 65.0 62.0 
61.0 58.0 63.0 64.0 
61.0 60.0 61.0 63.0 
103.0 59.0 85.0 73.0 
60.0 59.0 64.0 63.0 
60.0 60.0 63.0 63.0 
61.0 59.0 62.0 64.0 
103.0 60.0 84.0 74.0 
60.0 59.0 65.0 62.0 
60.0 60.0 64.0 64.0 
61.0 60.0 63.0 62.0 
102.0 60.0 84.0 74.0 
60.0 59.0 63.0 63.0 
61.0 59.0 64.0 63.0 
60.0 60.0 61.0 63.0 
103.0 60.0 84.0 74.0 
60.0 59.0 63.0 63.0 
60.0 59.0 64.0 63.0 
60.0 61.0 60.0 62.0 
104.0 59.0 84.0 74.0 
60.0 59.0 63.0 62.0 
61.0 60.0 63.0 63.0 
60.0 60.0 61.0 62.0 
104.0 59.0 84.0 73.0 
60.0 59.0 63.0 63.0 
61.0 60.0 63.0 63.0 
61.0 60.0 62.0 62.0 
104.0 60.0 85.0 74.0 
60.0 58.0 64.0 62.0 
61.0 59.0 63.0 63.0 
60.0 61.0 61.0 62.0 
104.0 59.0 84.0 73.0 
60.0 58.0 64.0 62.0 
61.0 59.0 62.0 64.0 
61.0 59.0 61.0 62.0 
104.0 60.0 85.0 74.0 
60.0 58.0 63.0 63.0 
60.0 59.0 62.0 63.0 
60.0 61.0 61.0 61.0 
103.0 59.0 84.0 74.0 
61.0 59.0 64.0 63.0 
61.0 60.0 62.0 64.0 
61.0 59.0 61.0 62.0 
104.0 59.0 84.0 73.0 
60.0 59.0 63.0 63.0 
60.0 59.0 62.0 64.0 
61.0 60.0 61.0 62.0 
103.0 59.0 84.0 74.0 
60.0 58.0 65.0 62.0 
61.0 59.0 63.0 63.0 
60.0 61.0 61.0 62.0 
103.0 60.0 84.0 75.0 
60.0 59.0 64.0 63.0 
61.0 59.0 63.0 63.0 
61.0 60.0 62.0 62.0 
