72.0 62.0 63.0 59.0 
57.0 55.0 60.0 59.0 
55.0 61.0 57.0 58.0 
56.0 61.0 59.0 59.0 
70.0 62.0 65.0 60.0 
59.0 54.0 59.0 58.0 
59.0 61.0 57.0 60.0 
60.0 58.0 57.0 61.0 
76.0 62.0 62.0 62.0 
55.0 60.0 56.0 61.0 
59.0 57.0 60.0 58.0 
55.0 61.0 56.0 62.0 
76.0 61.0 61.0 60.0 
55.0 60.0 56.0 60.0 
57.0 59.0 59.0 59.0 
55.0 62.0 57.0 62.0 
76.0 60.0 64.0 59.0 
59.0 56.0 60.0 57.0 
59.0 55.0 62.0 57.0 
55.0 60.0 59.0 56.0 
75.0 63.0 59.0 64.0 
61.0 55.0 57.0 61.0 
58.0 63.0 56.0 62.0 
61.0 56.0 62.0 57.0 
76.0 60.0 62.0 61.0 
57.0 58.0 61.0 55.0 
58.0 57.0 60.0 58.0 
56.0 61.0 58.0 59.0 
72.0 62.0 63.0 60.0 
57.0 57.0 58.0 59.0 
62.0 55.0 61.0 57.0 
60.0 56.0 62.0 56.0 
73.0 62.0 60.0 62.0 
61.0 55.0 59.0 59.0 
56.0 59.0 58.0 59.0 
55.0 61.0 60.0 59.0 
71.0 61.0 61.0 64.0 
58.0 56.0 60.0 56.0 
63.0 57.0 57.0 60.0 
56.0 61.0 61.0 54.0 
72.0 60.0 62.0 60.0 
58.0 57.0 60.0 55.0 
58.0 60.0 56.0 62.0 
64.0 56.0 61.0 58.0 
69.0 66.0 59.0 63.0 
62.0 55.0 61.0 55.0 
59.0 54.0 61.0 58.0 
56.0 61.0 59.0 59.0 
69.0 64.0 60.0 62.0 
56.0 61.0 56.0 62.0 
62.0 55.0 63.0 57.0 
61.0 56.0 61.0 56.0 
73.0 61.0 62.0 60.0 
55.0 60.0 54.0 61.0 
60.0 57.0 59.0 58.0 
57.0 59.0 60.0 56.0 
72.0 60.0 62.0 61.0 
58.0 54.0 59.0 61.0 
54.0 61.0 59.0 58.0 
58.0 56.0 60.0 58.0 
77.0 59.0 63.0 60.0 
55.0 61.0 57.0 60.0 
55.0 60.0 58.0 59.0 
61.0 58.0 59.0 59.0 
74.0 59.0 63.0 58.0 
57.0 61.0 56.0 61.0 
58.0 59.0 57.0 61.0 
58.0 61.0 57.0 61.0 
69.0 63.0 60.0 65.0 
61.0 56.0 59.0 58.0 
54.0 61.0 59.0 60.0 
56.0 63.0 57.0 62.0 
72.0 60.0 62.0 60.0 
56.0 60.0 57.0 60.0 
55.0 60.0 58.0 60.0 
58.0 62.0 58.0 60.0 
69.0 62.0 63.0 60.0 
58.0 53.0 57.0 61.0 
56.0 60.0 59.0 57.0 
55.0 62.0 59.0 59.0 
68.0 64.0 61.0 61.0 
57.0 61.0 56.0 60.0 
54.0 61.0 57.0 61.0 
63.0 55.0 61.0 57.0 
68.0 64.0 60.0 63.0 
61.0 56.0 59.0 59.0 
62.0 55.0 61.0 57.0 
60.0 57.0 60.0 58.0 
74.0 59.0 63.0 60.0 
56.0 59.0 58.0 57.0 
57.0 58.0 60.0 58.0 
58.0 60.0 59.0 60.0 
68.0 64.0 59.0 63.0 
59.0 59.0 61.0 56.0 
55.0 57.0 60.0 59.0 
59.0 58.0 61.0 57.0 
71.0 64.0 59.0 64.0 
61.0 56.0 58.0 59.0 
62.0 57.0 60.0 59.0 
59.0 55.0 62.0 57.0 
68.0 64.0 58.0 64.0 
62.0 55.0 62.0 55.0 
56.0 58.0 59.0 58.0 
61.0 58.0 61.0 59.0 
69.0 62.0 61.0 61.0 
58.0 59.0 57.0 58.0 
58.0 59.0 60.0 60.0 
57.0 61.0 57.0 63.0 
70.0 62.0 62.0 59.0 
58.0 57.0 59.0 57.0 
59.0 58.0 59.0 60.0 
61.0 59.0 57.0 62.0 
70.0 65.0 60.0 61.0 
56.0 57.0 60.0 57.0 
58.0 61.0 58.0 59.0 
60.0 61.0 57.0 61.0 
73.0 60.0 60.0 63.0 
59.0 54.0 60.0 57.0 
63.0 55.0 61.0 58.0 
55.0 62.0 57.0 61.0 
73.0 59.0 64.0 59.0 
59.0 57.0 58.0 57.0 
61.0 57.0 60.0 57.0 
59.0 60.0 58.0 61.0 
67.0 64.0 60.0 62.0 
62.0 60.0 59.0 58.0 
54.0 62.0 56.0 62.0 
57.0 59.0 58.0 62.0 
71.0 61.0 62.0 61.0 
61.0 56.0 60.0 58.0 
61.0 57.0 59.0 63.0 
61.0 61.0 57.0 57.0 
70.0 64.0 61.0 61.0 
57.0 62.0 57.0 60.0 
56.0 59.0 59.0 59.0 
59.0 63.0 56.0 63.0 
66.0 64.0 60.0 62.0 
63.0 56.0 59.0 57.0 
56.0 62.0 56.0 62.0 
61.0 58.0 59.0 62.0 
70.0 62.0 61.0 61.0 
60.0 57.0 60.0 55.0 
56.0 61.0 57.0 62.0 
58.0 61.0 58.0 63.0 
69.0 63.0 61.0 60.0 
55.0 58.0 57.0 59.0 
64.0 54.0 62.0 58.0 
61.0 56.0 61.0 59.0 
69.0 63.0 61.0 64.0 
61.0 56.0 58.0 61.0 
56.0 59.0 63.0 61.0 
61.0 61.0 58.0 59.0 
70.0 63.0 60.0 64.0 
57.0 59.0 57.0 60.0 
58.0 58.0 62.0 56.0 
61.0 55.0 62.0 57.0 
71.0 61.0 62.0 60.0 
56.0 58.0 59.0 55.0 
59.0 56.0 61.0 56.0 
56.0 62.0 57.0 61.0 
69.0 62.0 61.0 62.0 
55.0 59.0 57.0 60.0 
59.0 58.0 57.0 62.0 
57.0 61.0 57.0 62.0 
69.0 63.0 60.0 64.0 
57.0 58.0 58.0 60.0 
55.0 62.0 57.0 60.0 
63.0 58.0 60.0 62.0 
70.0 59.0 63.0 64.0 
61.0 56.0 57.0 61.0 
59.0 57.0 59.0 62.0 
63.0 57.0 60.0 60.0 
68.0 65.0 59.0 64.0 
63.0 55.0 60.0 58.0 
61.0 57.0 60.0 60.0 
59.0 59.0 60.0 56.0 
72.0 59.0 61.0 61.0 
57.0 58.0 59.0 56.0 
58.0 58.0 58.0 60.0 
63.0 56.0 63.0 56.0 
71.0 60.0 63.0 60.0 
57.0 58.0 58.0 58.0 
59.0 58.0 58.0 61.0 
60.0 59.0 59.0 59.0 
72.0 59.0 63.0 60.0 
63.0 55.0 59.0 58.0 
59.0 54.0 60.0 60.0 
58.0 61.0 57.0 60.0 
67.0 61.0 62.0 60.0 
56.0 61.0 58.0 58.0 
58.0 59.0 58.0 58.0 
60.0 59.0 59.0 59.0 
69.0 64.0 59.0 63.0 
63.0 55.0 60.0 56.0 
60.0 55.0 63.0 56.0 
57.0 62.0 56.0 62.0 
71.0 61.0 63.0 59.0 
54.0 60.0 58.0 59.0 
60.0 57.0 60.0 61.0 
62.0 57.0 61.0 60.0 
65.0 64.0 59.0 64.0 
58.0 58.0 58.0 59.0 
59.0 57.0 62.0 57.0 
57.0 63.0 57.0 61.0 
68.0 60.0 61.0 63.0 
61.0 58.0 57.0 60.0 
59.0 56.0 59.0 63.0 
60.0 60.0 57.0 61.0 
64.0 63.0 60.0 61.0 
59.0 58.0 57.0 62.0 
59.0 59.0 58.0 60.0 
58.0 59.0 61.0 60.0 
68.0 61.0 59.0 64.0 
59.0 56.0 61.0 55.0 
57.0 59.0 59.0 59.0 
60.0 56.0 60.0 58.0 
68.0 60.0 62.0 60.0 
59.0 56.0 59.0 58.0 
61.0 56.0 62.0 55.0 
61.0 58.0 61.0 58.0 
66.0 62.0 60.0 63.0 
59.0 57.0 60.0 57.0 
57.0 59.0 59.0 58.0 
56.0 61.0 61.0 57.0 
65.0 59.0 63.0 60.0 
59.0 55.0 60.0 59.0 
61.0 59.0 58.0 62.0 
60.0 56.0 61.0 56.0 
71.0 59.0 63.0 62.0 
57.0 58.0 58.0 58.0 
56.0 60.0 58.0 61.0 
63.0 57.0 60.0 58.0 
65.0 64.0 60.0 63.0 
63.0 55.0 61.0 57.0 
62.0 55.0 61.0 58.0 
62.0 56.0 61.0 56.0 
71.0 58.0 65.0 59.0 
60.0 56.0 61.0 56.0 
58.0 60.0 58.0 61.0 
59.0 57.0 61.0 57.0 
67.0 63.0 60.0 65.0 
61.0 54.0 60.0 57.0 
60.0 60.0 59.0 58.0 
57.0 57.0 63.0 57.0 
64.0 62.0 62.0 62.0 
59.0 58.0 57.0 61.0 
58.0 58.0 59.0 60.0 
59.0 58.0 63.0 57.0 
64.0 64.0 59.0 65.0 
59.0 58.0 59.0 59.0 
59.0 57.0 61.0 57.0 
55.0 62.0 56.0 61.0 
69.0 60.0 62.0 61.0 
62.0 54.0 61.0 58.0 
57.0 58.0 60.0 59.0 
57.0 61.0 59.0 58.0 
68.0 63.0 62.0 61.0 
56.0 61.0 56.0 61.0 
58.0 58.0 59.0 61.0 
59.0 57.0 62.0 57.0 
69.0 58.0 61.0 64.0 
61.0 56.0 56.0 57.0 
59.0 58.0 62.0 59.0 
58.0 57.0 62.0 57.0 
65.0 62.0 63.0 59.0 
56.0 61.0 57.0 61.0 
56.0 60.0 59.0 60.0 
63.0 58.0 60.0 59.0 
66.0 60.0 61.0 64.0 
62.0 56.0 60.0 58.0 
61.0 57.0 59.0 60.0 
59.0 59.0 60.0 57.0 
66.0 63.0 60.0 64.0 
57.0 59.0 57.0 62.0 
63.0 56.0 59.0 60.0 
63.0 57.0 61.0 60.0 
72.0 63.0 60.0 64.0 
59.0 57.0 60.0 57.0 
61.0 57.0 61.0 62.0 
63.0 59.0 59.0 62.0 
70.0 61.0 61.0 64.0 
55.0 59.0 58.0 55.0 
57.0 63.0 61.0 63.0 
60.0 61.0 58.0 64.0 
69.0 61.0 63.0 59.0 
56.0 61.0 56.0 61.0 
60.0 60.0 61.0 64.0 
58.0 61.0 59.0 61.0 
64.0 65.0 59.0 64.0 
59.0 56.0 61.0 56.0 
59.0 63.0 61.0 68.0 
60.0 59.0 59.0 62.0 
74.0 59.0 64.0 59.0 
60.0 56.0 61.0 59.0 
59.0 65.0 60.0 66.0 
59.0 61.0 58.0 60.0 
73.0 60.0 62.0 62.0 
59.0 56.0 60.0 58.0 
61.0 60.0 63.0 68.0 
61.0 59.0 57.0 63.0 
72.0 61.0 61.0 65.0 
60.0 58.0 57.0 61.0 
60.0 65.0 62.0 65.0 
61.0 59.0 59.0 63.0 
72.0 62.0 62.0 63.0 
58.0 58.0 59.0 58.0 
58.0 64.0 61.0 66.0 
63.0 57.0 61.0 58.0 
69.0 62.0 62.0 63.0 
57.0 59.0 60.0 60.0 
58.0 65.0 60.0 67.0 
59.0 60.0 59.0 61.0 
66.0 64.0 61.0 63.0 
63.0 55.0 62.0 58.0 
63.0 62.0 63.0 63.0 
59.0 59.0 61.0 58.0 
67.0 60.0 64.0 63.0 
60.0 55.0 61.0 59.0 
62.0 62.0 61.0 65.0 
60.0 58.0 63.0 57.0 
71.0 60.0 62.0 62.0 
59.0 56.0 62.0 58.0 
64.0 58.0 65.0 61.0 
57.0 62.0 57.0 62.0 
64.0 61.0 61.0 61.0 
60.0 58.0 60.0 62.0 
65.0 60.0 64.0 63.0 
61.0 57.0 61.0 57.0 
66.0 60.0 63.0 61.0 
60.0 57.0 62.0 59.0 
63.0 61.0 64.0 61.0 
59.0 60.0 60.0 59.0 
67.0 61.0 63.0 63.0 
62.0 56.0 62.0 59.0 
64.0 60.0 63.0 65.0 
63.0 58.0 59.0 61.0 
60.0 60.0 65.0 59.0 
57.0 61.0 57.0 62.0 
58.0 63.0 61.0 67.0 
61.0 58.0 61.0 59.0 
66.0 60.0 61.0 63.0 
58.0 59.0 60.0 59.0 
59.0 64.0 62.0 65.0 
59.0 62.0 57.0 62.0 
61.0 63.0 61.0 65.0 
60.0 58.0 61.0 59.0 
59.0 63.0 63.0 64.0 
57.0 62.0 58.0 59.0 
69.0 61.0 64.0 61.0 
58.0 59.0 59.0 60.0 
64.0 59.0 66.0 62.0 
58.0 60.0 58.0 62.0 
64.0 63.0 63.0 62.0 
57.0 61.0 60.0 58.0 
61.0 63.0 61.0 63.0 
56.0 58.0 61.0 58.0 
64.0 64.0 60.0 65.0 
60.0 56.0 62.0 62.0 
64.0 59.0 63.0 65.0 
58.0 59.0 60.0 58.0 
61.0 60.0 63.0 60.0 
59.0 59.0 59.0 62.0 
60.0 64.0 63.0 64.0 
61.0 59.0 60.0 60.0 
63.0 61.0 62.0 63.0 
62.0 56.0 60.0 59.0 
59.0 65.0 61.0 64.0 
57.0 61.0 58.0 62.0 
61.0 60.0 63.0 61.0 
56.0 62.0 58.0 63.0 
60.0 64.0 61.0 67.0 
61.0 59.0 58.0 61.0 
63.0 63.0 61.0 61.0 
57.0 61.0 59.0 60.0 
63.0 59.0 65.0 64.0 
59.0 60.0 62.0 57.0 
65.0 61.0 62.0 63.0 
60.0 59.0 58.0 63.0 
65.0 59.0 64.0 64.0 
56.0 63.0 59.0 62.0 
63.0 62.0 64.0 60.0 
58.0 61.0 57.0 63.0 
61.0 64.0 60.0 66.0 
60.0 61.0 59.0 62.0 
64.0 62.0 62.0 64.0 
59.0 59.0 59.0 61.0 
61.0 61.0 63.0 62.0 
59.0 58.0 60.0 59.0 
65.0 63.0 62.0 65.0 
59.0 58.0 62.0 62.0 
64.0 61.0 62.0 67.0 
60.0 60.0 58.0 61.0 
69.0 60.0 63.0 65.0 
62.0 56.0 61.0 60.0 
59.0 64.0 62.0 65.0 
61.0 59.0 60.0 60.0 
66.0 65.0 62.0 67.0 
62.0 57.0 62.0 58.0 
61.0 62.0 62.0 64.0 
60.0 59.0 59.0 59.0 
73.0 63.0 64.0 61.0 
59.0 58.0 59.0 59.0 
64.0 60.0 65.0 63.0 
60.0 58.0 62.0 57.0 
78.0 62.0 65.0 63.0 
61.0 56.0 61.0 59.0 
60.0 61.0 61.0 68.0 
59.0 60.0 60.0 59.0 
76.0 62.0 64.0 66.0 
62.0 57.0 59.0 61.0 
65.0 58.0 64.0 67.0 
61.0 57.0 63.0 58.0 
81.0 56.0 67.0 67.0 
57.0 58.0 58.0 57.0 
60.0 57.0 63.0 60.0 
57.0 61.0 59.0 63.0 
76.0 57.0 72.0 71.0 
57.0 59.0 55.0 61.0 
59.0 60.0 59.0 60.0 
58.0 61.0 58.0 62.0 
78.0 58.0 72.0 73.0 
56.0 60.0 56.0 56.0 
60.0 58.0 61.0 57.0 
61.0 59.0 61.0 60.0 
72.0 59.0 72.0 74.0 
56.0 60.0 57.0 61.0 
59.0 58.0 61.0 58.0 
58.0 58.0 62.0 59.0 
77.0 58.0 73.0 78.0 
62.0 56.0 60.0 58.0 
61.0 57.0 60.0 58.0 
59.0 60.0 61.0 62.0 
78.0 57.0 73.0 74.0 
56.0 60.0 57.0 61.0 
58.0 59.0 59.0 59.0 
58.0 60.0 59.0 59.0 
74.0 61.0 65.0 81.0 
60.0 58.0 60.0 57.0 
57.0 61.0 57.0 62.0 
60.0 61.0 58.0 62.0 
81.0 58.0 66.0 77.0 
57.0 59.0 58.0 61.0 
61.0 58.0 59.0 58.0 
63.0 59.0 60.0 59.0 
81.0 56.0 66.0 79.0 
56.0 59.0 59.0 59.0 
60.0 57.0 59.0 61.0 
62.0 60.0 58.0 63.0 
81.0 59.0 66.0 80.0 
58.0 60.0 57.0 61.0 
56.0 61.0 57.0 63.0 
61.0 59.0 60.0 59.0 
79.0 58.0 61.0 84.0 
58.0 58.0 60.0 57.0 
57.0 60.0 60.0 60.0 
61.0 59.0 60.0 60.0 
78.0 57.0 62.0 81.0 
59.0 58.0 60.0 56.0 
61.0 58.0 63.0 57.0 
61.0 58.0 62.0 59.0 
79.0 58.0 61.0 83.0 
62.0 56.0 61.0 56.0 
57.0 59.0 59.0 59.0 
62.0 59.0 58.0 62.0 
82.0 57.0 61.0 84.0 
63.0 58.0 57.0 66.0 
58.0 56.0 60.0 59.0 
61.0 59.0 59.0 62.0 
79.0 60.0 59.0 82.0 
66.0 58.0 59.0 69.0 
57.0 61.0 57.0 62.0 
63.0 58.0 63.0 56.0 
81.0 58.0 61.0 81.0 
66.0 57.0 60.0 64.0 
55.0 61.0 58.0 61.0 
60.0 58.0 60.0 59.0 
79.0 60.0 60.0 87.0 
63.0 57.0 59.0 66.0 
58.0 58.0 61.0 55.0 
59.0 59.0 60.0 57.0 
80.0 59.0 60.0 85.0 
66.0 57.0 61.0 63.0 
61.0 58.0 60.0 60.0 
61.0 58.0 59.0 61.0 
82.0 57.0 60.0 86.0 
65.0 57.0 60.0 65.0 
59.0 60.0 57.0 61.0 
62.0 58.0 60.0 58.0 
81.0 58.0 62.0 82.0 
60.0 60.0 57.0 67.0 
58.0 58.0 60.0 59.0 
61.0 58.0 61.0 56.0 
83.0 58.0 60.0 86.0 
62.0 58.0 59.0 65.0 
56.0 59.0 58.0 59.0 
57.0 61.0 58.0 60.0 
86.0 58.0 59.0 89.0 
63.0 59.0 57.0 64.0 
60.0 59.0 60.0 61.0 
60.0 58.0 59.0 61.0 
87.0 59.0 60.0 93.0 
65.0 59.0 56.0 64.0 
56.0 57.0 63.0 57.0 
57.0 59.0 61.0 56.0 
88.0 61.0 58.0 90.0 
62.0 58.0 60.0 61.0 
55.0 60.0 58.0 58.0 
59.0 60.0 60.0 58.0 
85.0 59.0 60.0 90.0 
65.0 58.0 59.0 63.0 
61.0 57.0 62.0 57.0 
57.0 62.0 58.0 60.0 
85.0 60.0 63.0 91.0 
67.0 56.0 62.0 63.0 
56.0 60.0 59.0 61.0 
57.0 60.0 60.0 60.0 
85.0 61.0 62.0 89.0 
61.0 61.0 57.0 65.0 
61.0 57.0 62.0 56.0 
56.0 61.0 60.0 58.0 
84.0 61.0 67.0 87.0 
64.0 59.0 61.0 63.0 
56.0 61.0 59.0 58.0 
58.0 62.0 57.0 61.0 
82.0 59.0 83.0 86.0 
61.0 60.0 59.0 65.0 
56.0 59.0 59.0 58.0 
58.0 60.0 58.0 59.0 
85.0 58.0 98.0 84.0 
62.0 60.0 60.0 67.0 
58.0 59.0 59.0 60.0 
57.0 61.0 56.0 62.0 
84.0 58.0 100.0 86.0 
67.0 57.0 63.0 62.0 
56.0 61.0 56.0 62.0 
58.0 60.0 57.0 58.0 
83.0 58.0 103.0 84.0 
67.0 56.0 63.0 63.0 
57.0 56.0 59.0 58.0 
61.0 58.0 58.0 62.0 
82.0 60.0 107.0 83.0 
61.0 61.0 62.0 65.0 
56.0 60.0 57.0 62.0 
61.0 58.0 58.0 58.0 
81.0 60.0 107.0 84.0 
65.0 58.0 62.0 64.0 
64.0 56.0 60.0 60.0 
57.0 59.0 59.0 56.0 
84.0 57.0 113.0 82.0 
64.0 59.0 63.0 67.0 
61.0 60.0 58.0 64.0 
57.0 60.0 56.0 61.0 
86.0 57.0 121.0 82.0 
62.0 57.0 62.0 63.0 
61.0 59.0 59.0 61.0 
57.0 59.0 58.0 57.0 
73.0 60.0 129.0 84.0 
60.0 60.0 64.0 62.0 
64.0 58.0 57.0 65.0 
62.0 59.0 56.0 62.0 
73.0 74.0 141.0 83.0 
62.0 62.0 61.0 66.0 
60.0 60.0 57.0 61.0 
57.0 60.0 56.0 60.0 
78.0 71.0 155.0 79.0 
59.0 65.0 59.0 63.0 
56.0 64.0 55.0 63.0 
61.0 57.0 58.0 57.0 
72.0 72.0 168.0 81.0 
62.0 60.0 62.0 63.0 
63.0 59.0 57.0 61.0 
59.0 59.0 54.0 60.0 
75.0 70.0 185.0 81.0 
61.0 62.0 61.0 63.0 
63.0 58.0 58.0 59.0 
57.0 57.0 58.0 59.0 
75.0 69.0 197.0 87.0 
64.0 60.0 59.0 64.0 
56.0 61.0 56.0 58.0 
56.0 61.0 54.0 58.0 
71.0 72.0 198.0 86.0 
60.0 60.0 64.0 64.0 
61.0 60.0 59.0 58.0 
60.0 60.0 53.0 59.0 
65.0 73.0 214.0 85.0 
63.0 60.0 60.0 61.0 
58.0 62.0 56.0 61.0 
56.0 63.0 51.0 63.0 
67.0 71.0 236.0 84.0 
61.0 61.0 62.0 59.0 
57.0 62.0 55.0 61.0 
55.0 62.0 52.0 60.0 
70.0 72.0 264.0 87.0 
60.0 63.0 57.0 61.0 
57.0 59.0 58.0 58.0 
58.0 57.0 54.0 57.0 
69.0 75.0 299.0 91.0 
58.0 59.0 56.0 56.0 
59.0 57.0 55.0 57.0 
55.0 63.0 49.0 62.0 
67.0 77.0 318.0 96.0 
61.0 58.0 55.0 59.0 
57.0 58.0 52.0 59.0 
62.0 57.0 52.0 58.0 
73.0 73.0 331.0 93.0 
60.0 58.0 54.0 57.0 
58.0 59.0 51.0 60.0 
61.0 59.0 50.0 59.0 
70.0 79.0 350.0 101.0 
56.0 61.0 51.0 61.0 
62.0 56.0 54.0 56.0 
59.0 59.0 48.0 62.0 
73.0 81.0 398.0 104.0 
56.0 58.0 54.0 62.0 
63.0 58.0 49.0 63.0 
63.0 58.0 49.0 59.0 
78.0 77.0 446.0 113.0 
59.0 56.0 51.0 57.0 
56.0 61.0 48.0 62.0 
63.0 57.0 50.0 56.0 
72.0 81.0 452.0 116.0 
62.0 56.0 50.0 58.0 
62.0 56.0 52.0 55.0 
59.0 60.0 47.0 58.0 
76.0 77.0 407.0 113.0 
61.0 56.0 51.0 56.0 
56.0 60.0 48.0 62.0 
58.0 61.0 48.0 62.0 
73.0 85.0 472.0 128.0 
56.0 61.0 47.0 60.0 
57.0 62.0 47.0 61.0 
61.0 61.0 47.0 58.0 
76.0 88.0 489.0 140.0 
55.0 57.0 50.0 55.0 
59.0 61.0 49.0 62.0 
60.0 59.0 47.0 58.0 
79.0 81.0 477.0 140.0 
57.0 59.0 50.0 56.0 
59.0 58.0 55.0 57.0 
56.0 62.0 45.0 60.0 
77.0 82.0 453.0 148.0 
62.0 56.0 52.0 55.0 
57.0 64.0 52.0 61.0 
56.0 61.0 48.0 57.0 
75.0 90.0 495.0 182.0 
57.0 59.0 47.0 55.0 
62.0 58.0 55.0 57.0 
59.0 59.0 47.0 57.0 
75.0 91.0 477.0 186.0 
58.0 56.0 51.0 55.0 
59.0 62.0 55.0 60.0 
61.0 58.0 46.0 56.0 
75.0 94.0 470.0 211.0 
58.0 60.0 47.0 58.0 
57.0 62.0 51.0 61.0 
63.0 56.0 51.0 53.0 
79.0 91.0 438.0 220.0 
58.0 60.0 48.0 58.0 
60.0 61.0 52.0 61.0 
62.0 56.0 51.0 55.0 
86.0 103.0 453.0 255.0 
56.0 57.0 50.0 54.0 
61.0 59.0 55.0 58.0 
62.0 58.0 50.0 56.0 
85.0 109.0 410.0 274.0 
60.0 57.0 52.0 57.0 
63.0 61.0 56.0 58.0 
61.0 57.0 52.0 53.0 
90.0 113.0 376.0 296.0 
58.0 59.0 54.0 54.0 
59.0 62.0 56.0 55.0 
57.0 58.0 53.0 51.0 
99.0 129.0 325.0 393.0 
59.0 57.0 55.0 52.0 
60.0 59.0 59.0 53.0 
56.0 60.0 51.0 53.0 
106.0 139.0 313.0 449.0 
56.0 57.0 54.0 51.0 
59.0 59.0 59.0 53.0 
59.0 57.0 54.0 49.0 
102.0 141.0 276.0 455.0 
56.0 57.0 56.0 49.0 
58.0 61.0 57.0 56.0 
57.0 60.0 55.0 50.0 
107.0 153.0 240.0 493.0 
61.0 56.0 58.0 47.0 
62.0 56.0 60.0 53.0 
61.0 55.0 56.0 51.0 
104.0 150.0 213.0 475.0 
59.0 56.0 55.0 53.0 
59.0 56.0 62.0 54.0 
60.0 55.0 57.0 49.0 
110.0 167.0 208.0 512.0 
57.0 58.0 56.0 50.0 
58.0 59.0 61.0 53.0 
60.0 56.0 58.0 47.0 
114.0 164.0 181.0 451.0 
60.0 57.0 57.0 51.0 
58.0 61.0 59.0 56.0 
60.0 56.0 60.0 46.0 
109.0 178.0 172.0 480.0 
56.0 58.0 55.0 53.0 
60.0 58.0 63.0 55.0 
55.0 59.0 56.0 51.0 
113.0 186.0 164.0 457.0 
58.0 59.0 56.0 48.0 
63.0 56.0 60.0 58.0 
62.0 55.0 56.0 51.0 
113.0 203.0 159.0 479.0 
55.0 57.0 58.0 49.0 
60.0 55.0 63.0 52.0 
55.0 58.0 57.0 49.0 
120.0 218.0 153.0 480.0 
58.0 54.0 58.0 49.0 
62.0 56.0 63.0 51.0 
59.0 55.0 58.0 48.0 
124.0 238.0 145.0 472.0 
56.0 56.0 58.0 51.0 
61.0 55.0 64.0 52.0 
59.0 54.0 60.0 48.0 
122.0 269.0 124.0 467.0 
56.0 55.0 58.0 50.0 
63.0 54.0 63.0 52.0 
55.0 56.0 57.0 48.0 
137.0 327.0 125.0 465.0 
59.0 53.0 57.0 53.0 
58.0 58.0 60.0 56.0 
60.0 51.0 59.0 49.0 
137.0 334.0 122.0 424.0 
60.0 50.0 61.0 49.0 
56.0 58.0 60.0 57.0 
59.0 50.0 61.0 48.0 
136.0 366.0 106.0 360.0 
57.0 51.0 59.0 52.0 
56.0 56.0 59.0 60.0 
57.0 52.0 57.0 55.0 
153.0 445.0 109.0 327.0 
60.0 47.0 59.0 53.0 
56.0 54.0 62.0 57.0 
53.0 52.0 57.0 56.0 
212.0 489.0 107.0 321.0 
59.0 47.0 61.0 56.0 
61.0 52.0 61.0 62.0 
57.0 49.0 59.0 52.0 
243.0 564.0 110.0 324.0 
53.0 51.0 58.0 56.0 
57.0 52.0 61.0 58.0 
55.0 50.0 58.0 56.0 
235.0 555.0 102.0 306.0 
59.0 48.0 63.0 54.0 
58.0 49.0 63.0 57.0 
55.0 48.0 60.0 52.0 
231.0 595.0 101.0 286.0 
55.0 54.0 59.0 61.0 
58.0 46.0 61.0 55.0 
59.0 44.0 59.0 55.0 
210.0 616.0 102.0 265.0 
55.0 54.0 61.0 60.0 
60.0 45.0 61.0 54.0 
56.0 46.0 58.0 54.0 
212.0 544.0 106.0 252.0 
57.0 55.0 60.0 58.0 
54.0 50.0 60.0 54.0 
54.0 47.0 61.0 53.0 
215.0 541.0 95.0 236.0 
61.0 50.0 64.0 58.0 
56.0 58.0 61.0 51.0 
51.0 61.0 59.0 53.0 
232.0 554.0 97.0 223.0 
56.0 55.0 61.0 60.0 
54.0 48.0 59.0 57.0 
57.0 46.0 60.0 55.0 
230.0 591.0 93.0 217.0 
55.0 56.0 60.0 61.0 
58.0 49.0 59.0 58.0 
56.0 47.0 60.0 58.0 
257.0 595.0 94.0 212.0 
60.0 52.0 62.0 60.0 
53.0 51.0 58.0 57.0 
55.0 47.0 57.0 57.0 
272.0 616.0 88.0 206.0 
57.0 52.0 61.0 63.0 
52.0 49.0 60.0 55.0 
53.0 45.0 62.0 55.0 
328.0 652.0 85.0 215.0 
61.0 53.0 61.0 61.0 
55.0 46.0 60.0 57.0 
52.0 46.0 60.0 59.0 
362.0 652.0 85.0 210.0 
58.0 54.0 63.0 59.0 
53.0 48.0 59.0 57.0 
55.0 45.0 62.0 56.0 
378.0 622.0 85.0 205.0 
58.0 55.0 62.0 61.0 
52.0 48.0 59.0 56.0 
50.0 49.0 59.0 57.0 
400.0 607.0 85.0 199.0 
61.0 53.0 61.0 63.0 
51.0 50.0 58.0 56.0 
49.0 49.0 59.0 56.0 
444.0 613.0 86.0 195.0 
59.0 56.0 58.0 65.0 
50.0 50.0 58.0 60.0 
54.0 45.0 62.0 57.0 
482.0 575.0 90.0 190.0 
61.0 55.0 63.0 64.0 
51.0 48.0 60.0 56.0 
51.0 48.0 60.0 57.0 
499.0 533.0 106.0 178.0 
54.0 59.0 59.0 63.0 
48.0 53.0 57.0 59.0 
48.0 50.0 57.0 61.0 
500.0 493.0 104.0 166.0 
57.0 58.0 61.0 61.0 
51.0 52.0 59.0 59.0 
52.0 48.0 60.0 57.0 
496.0 401.0 107.0 150.0 
57.0 61.0 59.0 62.0 
48.0 52.0 59.0 56.0 
47.0 54.0 57.0 60.0 
504.0 373.0 114.0 142.0 
61.0 59.0 61.0 64.0 
50.0 52.0 59.0 59.0 
48.0 53.0 60.0 58.0 
527.0 346.0 117.0 138.0 
62.0 58.0 64.0 62.0 
47.0 56.0 56.0 61.0 
49.0 53.0 58.0 59.0 
538.0 329.0 120.0 136.0 
59.0 60.0 62.0 65.0 
50.0 52.0 60.0 55.0 
50.0 50.0 60.0 57.0 
537.0 308.0 122.0 134.0 
60.0 61.0 62.0 61.0 
48.0 54.0 61.0 56.0 
47.0 51.0 59.0 62.0 
540.0 297.0 135.0 127.0 
59.0 59.0 64.0 65.0 
51.0 51.0 62.0 56.0 
44.0 57.0 56.0 61.0 
532.0 272.0 142.0 122.0 
60.0 60.0 61.0 65.0 
47.0 55.0 58.0 59.0 
47.0 55.0 55.0 62.0 
522.0 189.0 148.0 109.0 
62.0 58.0 65.0 60.0 
48.0 56.0 56.0 60.0 
46.0 56.0 58.0 58.0 
537.0 179.0 157.0 106.0 
57.0 60.0 63.0 62.0 
48.0 57.0 58.0 61.0 
48.0 56.0 58.0 59.0 
529.0 165.0 168.0 105.0 
61.0 58.0 63.0 64.0 
45.0 58.0 59.0 58.0 
46.0 57.0 59.0 58.0 
510.0 159.0 181.0 104.0 
56.0 57.0 60.0 61.0 
46.0 59.0 57.0 59.0 
47.0 60.0 55.0 63.0 
467.0 153.0 200.0 101.0 
51.0 62.0 57.0 60.0 
48.0 56.0 56.0 59.0 
50.0 58.0 55.0 60.0 
417.0 144.0 215.0 99.0 
53.0 58.0 58.0 59.0 
51.0 57.0 56.0 60.0 
53.0 57.0 55.0 61.0 
396.0 137.0 233.0 101.0 
55.0 56.0 58.0 62.0 
55.0 55.0 59.0 57.0 
47.0 59.0 54.0 57.0 
362.0 133.0 250.0 100.0 
54.0 56.0 57.0 63.0 
53.0 56.0 56.0 60.0 
54.0 56.0 55.0 60.0 
344.0 128.0 270.0 103.0 
53.0 57.0 56.0 56.0 
53.0 57.0 57.0 56.0 
52.0 59.0 51.0 61.0 
324.0 125.0 291.0 102.0 
52.0 59.0 54.0 58.0 
50.0 59.0 54.0 59.0 
54.0 56.0 55.0 57.0 
312.0 128.0 301.0 110.0 
54.0 59.0 52.0 61.0 
56.0 56.0 56.0 58.0 
57.0 56.0 55.0 57.0 
291.0 123.0 315.0 108.0 
56.0 57.0 53.0 60.0 
56.0 55.0 54.0 59.0 
57.0 58.0 51.0 61.0 
282.0 119.0 320.0 109.0 
55.0 59.0 53.0 59.0 
55.0 55.0 55.0 58.0 
53.0 58.0 55.0 55.0 
263.0 120.0 344.0 112.0 
56.0 58.0 52.0 58.0 
58.0 56.0 55.0 56.0 
50.0 62.0 49.0 63.0 
253.0 119.0 338.0 113.0 
57.0 56.0 54.0 60.0 
58.0 55.0 57.0 56.0 
55.0 59.0 52.0 59.0 
234.0 113.0 358.0 117.0 
52.0 60.0 51.0 58.0 
55.0 58.0 53.0 58.0 
54.0 60.0 49.0 59.0 
236.0 110.0 391.0 124.0 
54.0 56.0 53.0 60.0 
54.0 61.0 51.0 57.0 
52.0 62.0 51.0 57.0 
237.0 114.0 397.0 128.0 
56.0 58.0 49.0 61.0 
54.0 61.0 50.0 61.0 
58.0 57.0 51.0 57.0 
240.0 113.0 456.0 146.0 
55.0 58.0 50.0 59.0 
57.0 57.0 50.0 58.0 
53.0 61.0 46.0 60.0 
233.0 115.0 471.0 155.0 
59.0 55.0 53.0 55.0 
54.0 58.0 49.0 58.0 
52.0 62.0 47.0 61.0 
230.0 119.0 496.0 178.0 
52.0 60.0 48.0 57.0 
58.0 56.0 51.0 57.0 
54.0 58.0 53.0 55.0 
225.0 119.0 485.0 215.0 
57.0 60.0 48.0 56.0 
55.0 58.0 52.0 54.0 
52.0 61.0 47.0 58.0 
191.0 119.0 482.0 237.0 
57.0 55.0 52.0 58.0 
60.0 58.0 51.0 56.0 
57.0 58.0 49.0 55.0 
157.0 119.0 478.0 256.0 
61.0 56.0 51.0 53.0 
59.0 57.0 51.0 54.0 
59.0 59.0 49.0 53.0 
123.0 113.0 464.0 261.0 
61.0 55.0 53.0 53.0 
56.0 60.0 48.0 58.0 
59.0 58.0 49.0 53.0 
130.0 122.0 472.0 288.0 
57.0 61.0 48.0 55.0 
56.0 61.0 52.0 53.0 
59.0 57.0 49.0 56.0 
126.0 124.0 447.0 311.0 
63.0 55.0 53.0 54.0 
60.0 57.0 51.0 55.0 
56.0 59.0 51.0 51.0 
118.0 127.0 426.0 317.0 
56.0 60.0 50.0 56.0 
62.0 57.0 52.0 57.0 
61.0 56.0 53.0 51.0 
125.0 129.0 385.0 321.0 
60.0 55.0 55.0 51.0 
55.0 61.0 50.0 56.0 
56.0 61.0 49.0 54.0 
123.0 140.0 384.0 356.0 
58.0 57.0 53.0 53.0 
55.0 60.0 51.0 55.0 
62.0 57.0 52.0 53.0 
118.0 136.0 324.0 360.0 
56.0 56.0 56.0 53.0 
55.0 60.0 54.0 49.0 
58.0 57.0 56.0 51.0 
128.0 136.0 302.0 360.0 
57.0 59.0 51.0 56.0 
58.0 56.0 57.0 51.0 
56.0 59.0 54.0 52.0 
126.0 152.0 255.0 375.0 
58.0 56.0 57.0 50.0 
58.0 55.0 57.0 50.0 
57.0 59.0 53.0 53.0 
121.0 155.0 244.0 373.0 
57.0 59.0 54.0 55.0 
60.0 55.0 58.0 52.0 
61.0 55.0 58.0 51.0 
121.0 174.0 222.0 432.0 
61.0 56.0 57.0 49.0 
56.0 58.0 57.0 50.0 
56.0 60.0 55.0 48.0 
131.0 198.0 217.0 465.0 
57.0 56.0 58.0 50.0 
56.0 54.0 58.0 49.0 
56.0 57.0 56.0 48.0 
128.0 206.0 197.0 459.0 
62.0 53.0 59.0 48.0 
57.0 57.0 57.0 50.0 
62.0 55.0 57.0 50.0 
140.0 230.0 184.0 455.0 
61.0 52.0 61.0 48.0 
57.0 56.0 57.0 52.0 
61.0 54.0 58.0 49.0 
139.0 247.0 180.0 443.0 
55.0 57.0 55.0 52.0 
60.0 54.0 57.0 52.0 
61.0 53.0 58.0 50.0 
144.0 256.0 178.0 440.0 
61.0 53.0 59.0 52.0 
57.0 56.0 59.0 51.0 
61.0 53.0 55.0 53.0 
154.0 263.0 173.0 432.0 
58.0 52.0 60.0 49.0 
60.0 52.0 59.0 50.0 
54.0 57.0 56.0 53.0 
161.0 275.0 164.0 403.0 
56.0 58.0 56.0 56.0 
54.0 57.0 56.0 55.0 
61.0 52.0 59.0 48.0 
171.0 333.0 168.0 392.0 
62.0 51.0 60.0 52.0 
56.0 55.0 56.0 54.0 
58.0 52.0 58.0 54.0 
168.0 358.0 160.0 384.0 
57.0 56.0 57.0 59.0 
57.0 53.0 57.0 53.0 
59.0 51.0 59.0 52.0 
178.0 392.0 160.0 392.0 
63.0 54.0 58.0 59.0 
52.0 53.0 59.0 51.0 
52.0 54.0 56.0 53.0 
189.0 401.0 149.0 351.0 
56.0 58.0 56.0 59.0 
54.0 55.0 58.0 56.0 
60.0 49.0 59.0 53.0 
196.0 411.0 140.0 304.0 
54.0 58.0 57.0 55.0 
54.0 55.0 57.0 56.0 
55.0 53.0 56.0 57.0 
233.0 446.0 138.0 307.0 
57.0 54.0 59.0 58.0 
51.0 55.0 57.0 55.0 
51.0 54.0 56.0 58.0 
206.0 477.0 136.0 301.0 
57.0 52.0 59.0 60.0 
57.0 50.0 58.0 58.0 
56.0 50.0 58.0 54.0 
257.0 493.0 112.0 287.0 
54.0 52.0 60.0 57.0 
55.0 50.0 61.0 52.0 
55.0 49.0 59.0 58.0 
227.0 504.0 105.0 278.0 
60.0 52.0 59.0 58.0 
59.0 49.0 60.0 55.0 
53.0 51.0 58.0 56.0 
255.0 512.0 107.0 262.0 
58.0 52.0 59.0 59.0 
57.0 47.0 63.0 53.0 
57.0 48.0 60.0 53.0 
283.0 522.0 103.0 248.0 
54.0 52.0 59.0 57.0 
57.0 48.0 60.0 55.0 
58.0 47.0 62.0 54.0 
284.0 533.0 103.0 241.0 
53.0 52.0 59.0 56.0 
58.0 49.0 58.0 57.0 
52.0 48.0 60.0 54.0 
286.0 535.0 104.0 236.0 
54.0 52.0 60.0 57.0 
53.0 51.0 60.0 56.0 
55.0 48.0 59.0 56.0 
296.0 537.0 98.0 239.0 
59.0 48.0 61.0 57.0 
52.0 50.0 59.0 54.0 
51.0 50.0 58.0 58.0 
316.0 517.0 97.0 219.0 
56.0 51.0 60.0 60.0 
53.0 49.0 60.0 56.0 
51.0 49.0 60.0 57.0 
344.0 521.0 99.0 215.0 
58.0 49.0 61.0 56.0 
52.0 48.0 62.0 54.0 
50.0 48.0 62.0 54.0 
351.0 512.0 99.0 208.0 
57.0 46.0 58.0 61.0 
50.0 52.0 60.0 57.0 
50.0 51.0 59.0 56.0 
369.0 506.0 96.0 204.0 
56.0 50.0 59.0 60.0 
57.0 48.0 60.0 56.0 
50.0 51.0 59.0 58.0 
369.0 505.0 92.0 199.0 
55.0 48.0 59.0 57.0 
56.0 47.0 60.0 56.0 
51.0 51.0 58.0 59.0 
374.0 474.0 93.0 178.0 
54.0 49.0 60.0 56.0 
50.0 52.0 57.0 60.0 
51.0 52.0 58.0 60.0 
385.0 468.0 94.0 180.0 
54.0 50.0 58.0 56.0 
50.0 54.0 58.0 57.0 
49.0 50.0 62.0 55.0 
396.0 460.0 94.0 176.0 
53.0 48.0 61.0 56.0 
54.0 51.0 60.0 60.0 
53.0 49.0 62.0 54.0 
406.0 437.0 92.0 167.0 
49.0 53.0 58.0 59.0 
49.0 52.0 59.0 59.0 
51.0 49.0 61.0 56.0 
432.0 434.0 87.0 166.0 
53.0 50.0 61.0 56.0 
49.0 53.0 57.0 62.0 
53.0 49.0 60.0 59.0 
436.0 415.0 87.0 156.0 
53.0 51.0 58.0 59.0 
50.0 52.0 60.0 57.0 
47.0 54.0 58.0 60.0 
466.0 401.0 87.0 154.0 
49.0 54.0 58.0 55.0 
48.0 52.0 62.0 57.0 
50.0 51.0 61.0 57.0 
462.0 384.0 85.0 145.0 
56.0 50.0 60.0 57.0 
54.0 51.0 60.0 58.0 
49.0 52.0 59.0 58.0 
473.0 380.0 89.0 139.0 
50.0 52.0 59.0 57.0 
54.0 49.0 60.0 55.0 
49.0 52.0 60.0 59.0 
453.0 329.0 82.0 132.0 
54.0 50.0 62.0 59.0 
50.0 53.0 60.0 60.0 
53.0 49.0 62.0 55.0 
472.0 335.0 81.0 130.0 
47.0 56.0 57.0 61.0 
48.0 55.0 59.0 59.0 
49.0 53.0 58.0 59.0 
492.0 317.0 80.0 127.0 
50.0 57.0 55.0 61.0 
47.0 56.0 58.0 61.0 
51.0 51.0 62.0 58.0 
502.0 314.0 81.0 127.0 
50.0 52.0 62.0 55.0 
49.0 53.0 60.0 57.0 
48.0 53.0 58.0 61.0 
503.0 307.0 80.0 124.0 
48.0 55.0 58.0 60.0 
50.0 53.0 60.0 58.0 
47.0 53.0 60.0 57.0 
502.0 301.0 83.0 121.0 
48.0 55.0 56.0 60.0 
48.0 54.0 59.0 60.0 
49.0 53.0 61.0 58.0 
502.0 295.0 81.0 123.0 
51.0 52.0 58.0 61.0 
48.0 57.0 58.0 57.0 
45.0 54.0 63.0 57.0 
489.0 270.0 80.0 114.0 
48.0 56.0 58.0 59.0 
47.0 57.0 59.0 61.0 
52.0 52.0 62.0 58.0 
461.0 242.0 75.0 110.0 
51.0 54.0 58.0 59.0 
51.0 55.0 59.0 62.0 
48.0 54.0 62.0 57.0 
446.0 229.0 77.0 104.0 
53.0 54.0 60.0 57.0 
52.0 53.0 63.0 56.0 
49.0 54.0 61.0 58.0 
430.0 227.0 75.0 103.0 
49.0 57.0 58.0 59.0 
53.0 54.0 59.0 59.0 
50.0 54.0 60.0 60.0 
411.0 185.0 70.0 96.0 
51.0 58.0 58.0 57.0 
53.0 55.0 60.0 62.0 
47.0 56.0 58.0 62.0 
394.0 170.0 72.0 92.0 
49.0 57.0 59.0 58.0 
50.0 56.0 62.0 58.0 
47.0 61.0 58.0 61.0 
380.0 143.0 74.0 86.0 
55.0 54.0 61.0 57.0 
48.0 60.0 58.0 62.0 
53.0 55.0 62.0 58.0 
358.0 138.0 72.0 87.0 
49.0 58.0 57.0 61.0 
50.0 56.0 61.0 57.0 
48.0 59.0 60.0 59.0 
347.0 135.0 71.0 86.0 
50.0 58.0 59.0 59.0 
48.0 59.0 60.0 59.0 
46.0 58.0 61.0 57.0 
337.0 135.0 69.0 83.0 
50.0 61.0 58.0 59.0 
51.0 54.0 63.0 58.0 
48.0 59.0 60.0 60.0 
326.0 133.0 68.0 86.0 
54.0 57.0 59.0 61.0 
50.0 58.0 61.0 59.0 
50.0 58.0 60.0 60.0 
327.0 129.0 72.0 82.0 
49.0 58.0 59.0 59.0 
49.0 58.0 59.0 58.0 
49.0 60.0 58.0 62.0 
316.0 127.0 72.0 79.0 
54.0 54.0 60.0 58.0 
49.0 60.0 60.0 59.0 
48.0 60.0 58.0 63.0 
301.0 132.0 67.0 85.0 
55.0 57.0 57.0 62.0 
48.0 57.0 63.0 57.0 
50.0 58.0 63.0 58.0 
300.0 128.0 71.0 81.0 
54.0 55.0 57.0 61.0 
54.0 56.0 60.0 60.0 
51.0 57.0 63.0 56.0 
298.0 127.0 71.0 81.0 
53.0 57.0 59.0 59.0 
48.0 60.0 57.0 62.0 
55.0 55.0 62.0 57.0 
291.0 125.0 69.0 81.0 
56.0 55.0 59.0 59.0 
49.0 60.0 57.0 61.0 
50.0 60.0 58.0 63.0 
283.0 120.0 70.0 78.0 
50.0 57.0 58.0 59.0 
55.0 55.0 63.0 56.0 
50.0 61.0 58.0 62.0 
283.0 124.0 69.0 78.0 
51.0 56.0 62.0 58.0 
51.0 59.0 60.0 59.0 
49.0 61.0 59.0 61.0 
279.0 120.0 69.0 77.0 
49.0 60.0 59.0 59.0 
52.0 57.0 60.0 57.0 
51.0 61.0 58.0 63.0 
276.0 115.0 69.0 78.0 
51.0 60.0 58.0 60.0 
50.0 59.0 57.0 63.0 
51.0 58.0 60.0 61.0 
262.0 109.0 70.0 76.0 
52.0 57.0 60.0 58.0 
53.0 58.0 60.0 60.0 
53.0 58.0 60.0 62.0 
245.0 111.0 68.0 76.0 
54.0 57.0 59.0 59.0 
55.0 56.0 61.0 60.0 
57.0 56.0 61.0 62.0 
251.0 113.0 69.0 75.0 
50.0 58.0 58.0 59.0 
53.0 57.0 60.0 57.0 
52.0 61.0 57.0 62.0 
244.0 103.0 71.0 75.0 
53.0 58.0 60.0 58.0 
52.0 59.0 59.0 62.0 
57.0 56.0 61.0 60.0 
231.0 105.0 67.0 77.0 
56.0 57.0 60.0 59.0 
51.0 61.0 58.0 60.0 
52.0 61.0 58.0 63.0 
217.0 101.0 68.0 74.0 
51.0 58.0 59.0 59.0 
55.0 57.0 61.0 58.0 
55.0 59.0 59.0 60.0 
210.0 94.0 67.0 76.0 
58.0 56.0 59.0 63.0 
51.0 58.0 62.0 60.0 
58.0 56.0 60.0 61.0 
208.0 92.0 66.0 74.0 
58.0 55.0 61.0 57.0 
55.0 56.0 62.0 59.0 
52.0 59.0 60.0 59.0 
201.0 87.0 66.0 74.0 
59.0 55.0 60.0 60.0 
55.0 59.0 58.0 64.0 
57.0 56.0 63.0 59.0 
204.0 88.0 68.0 73.0 
56.0 59.0 59.0 59.0 
60.0 56.0 63.0 60.0 
57.0 57.0 60.0 60.0 
212.0 86.0 70.0 69.0 
55.0 58.0 58.0 59.0 
58.0 56.0 62.0 60.0 
53.0 57.0 62.0 59.0 
220.0 88.0 68.0 76.0 
56.0 60.0 57.0 59.0 
54.0 57.0 62.0 59.0 
54.0 56.0 63.0 58.0 
211.0 91.0 68.0 75.0 
56.0 56.0 59.0 59.0 
56.0 58.0 58.0 61.0 
53.0 60.0 60.0 60.0 
192.0 88.0 68.0 70.0 
55.0 58.0 57.0 63.0 
53.0 60.0 60.0 60.0 
58.0 56.0 63.0 58.0 
191.0 89.0 67.0 75.0 
54.0 60.0 55.0 59.0 
57.0 57.0 60.0 62.0 
53.0 61.0 58.0 63.0 
198.0 90.0 70.0 70.0 
53.0 59.0 59.0 57.0 
57.0 56.0 60.0 64.0 
57.0 58.0 58.0 64.0 
190.0 89.0 66.0 73.0 
60.0 58.0 57.0 62.0 
52.0 60.0 60.0 57.0 
53.0 62.0 58.0 61.0 
190.0 89.0 70.0 71.0 
56.0 56.0 62.0 56.0 
53.0 61.0 58.0 63.0 
55.0 58.0 62.0 57.0 
182.0 91.0 65.0 72.0 
59.0 56.0 61.0 57.0 
55.0 58.0 59.0 60.0 
58.0 57.0 62.0 58.0 
186.0 91.0 64.0 74.0 
53.0 60.0 58.0 59.0 
59.0 58.0 59.0 59.0 
58.0 56.0 63.0 58.0 
193.0 90.0 64.0 74.0 
56.0 61.0 58.0 58.0 
56.0 55.0 61.0 60.0 
55.0 58.0 61.0 58.0 
191.0 87.0 68.0 70.0 
55.0 58.0 59.0 58.0 
57.0 58.0 60.0 60.0 
54.0 59.0 61.0 60.0 
191.0 93.0 65.0 73.0 
58.0 56.0 61.0 58.0 
56.0 56.0 62.0 57.0 
54.0 60.0 60.0 60.0 
196.0 92.0 66.0 72.0 
52.0 60.0 57.0 61.0 
56.0 58.0 62.0 58.0 
54.0 59.0 61.0 59.0 
200.0 90.0 68.0 73.0 
58.0 58.0 60.0 60.0 
55.0 59.0 59.0 60.0 
54.0 59.0 60.0 58.0 
203.0 91.0 67.0 73.0 
57.0 56.0 59.0 62.0 
58.0 56.0 61.0 57.0 
52.0 62.0 58.0 63.0 
200.0 96.0 64.0 76.0 
59.0 55.0 62.0 57.0 
57.0 56.0 62.0 57.0 
54.0 59.0 58.0 63.0 
203.0 91.0 69.0 71.0 
51.0 61.0 57.0 62.0 
56.0 57.0 61.0 58.0 
55.0 60.0 60.0 60.0 
199.0 96.0 65.0 77.0 
54.0 58.0 57.0 56.0 
57.0 56.0 61.0 58.0 
54.0 59.0 60.0 60.0 
204.0 93.0 69.0 72.0 
55.0 60.0 57.0 61.0 
59.0 57.0 60.0 63.0 
54.0 61.0 58.0 59.0 
199.0 94.0 68.0 71.0 
51.0 60.0 59.0 60.0 
51.0 60.0 59.0 61.0 
58.0 57.0 60.0 61.0 
204.0 91.0 69.0 70.0 
55.0 58.0 59.0 60.0 
56.0 58.0 60.0 64.0 
58.0 57.0 62.0 59.0 
201.0 96.0 64.0 76.0 
54.0 58.0 58.0 61.0 
57.0 57.0 61.0 58.0 
55.0 59.0 60.0 60.0 
204.0 96.0 66.0 74.0 
58.0 56.0 58.0 58.0 
58.0 57.0 62.0 58.0 
51.0 62.0 58.0 62.0 
208.0 91.0 68.0 72.0 
56.0 54.0 58.0 61.0 
54.0 56.0 62.0 59.0 
55.0 57.0 59.0 63.0 
206.0 94.0 65.0 73.0 
54.0 59.0 59.0 58.0 
53.0 58.0 61.0 60.0 
55.0 58.0 62.0 61.0 
206.0 94.0 68.0 73.0 
55.0 57.0 62.0 62.0 
59.0 56.0 62.0 60.0 
53.0 60.0 61.0 60.0 
202.0 97.0 67.0 74.0 
51.0 61.0 57.0 60.0 
54.0 59.0 60.0 58.0 
55.0 58.0 62.0 58.0 
205.0 95.0 65.0 75.0 
58.0 55.0 61.0 57.0 
55.0 58.0 63.0 58.0 
54.0 57.0 62.0 59.0 
202.0 95.0 68.0 72.0 
56.0 56.0 58.0 62.0 
52.0 59.0 60.0 57.0 
51.0 59.0 61.0 60.0 
208.0 93.0 67.0 75.0 
58.0 55.0 61.0 57.0 
58.0 56.0 62.0 58.0 
52.0 61.0 58.0 63.0 
204.0 91.0 69.0 72.0 
59.0 55.0 61.0 58.0 
53.0 62.0 58.0 63.0 
55.0 59.0 61.0 59.0 
202.0 93.0 67.0 72.0 
55.0 57.0 61.0 56.0 
53.0 60.0 57.0 63.0 
54.0 60.0 59.0 63.0 
201.0 92.0 67.0 72.0 
54.0 58.0 61.0 56.0 
58.0 59.0 58.0 62.0 
56.0 61.0 58.0 60.0 
199.0 96.0 65.0 74.0 
54.0 61.0 57.0 57.0 
52.0 59.0 60.0 60.0 
55.0 59.0 58.0 63.0 
199.0 93.0 67.0 71.0 
53.0 60.0 57.0 62.0 
53.0 60.0 60.0 61.0 
58.0 56.0 62.0 57.0 
195.0 96.0 65.0 76.0 
60.0 54.0 61.0 58.0 
54.0 60.0 59.0 61.0 
57.0 56.0 62.0 59.0 
201.0 93.0 67.0 73.0 
58.0 55.0 61.0 59.0 
52.0 61.0 58.0 63.0 
58.0 58.0 62.0 60.0 
199.0 94.0 65.0 75.0 
54.0 60.0 59.0 58.0 
59.0 55.0 59.0 61.0 
57.0 56.0 63.0 58.0 
200.0 94.0 69.0 71.0 
55.0 57.0 62.0 56.0 
54.0 59.0 58.0 62.0 
54.0 58.0 59.0 61.0 
201.0 93.0 71.0 72.0 
53.0 61.0 57.0 62.0 
56.0 58.0 59.0 59.0 
51.0 61.0 58.0 60.0 
205.0 92.0 70.0 72.0 
55.0 57.0 59.0 58.0 
53.0 60.0 58.0 63.0 
54.0 60.0 59.0 63.0 
200.0 97.0 67.0 75.0 
52.0 59.0 59.0 57.0 
52.0 59.0 60.0 60.0 
52.0 59.0 61.0 58.0 
200.0 93.0 68.0 76.0 
56.0 57.0 59.0 61.0 
54.0 59.0 60.0 60.0 
55.0 59.0 59.0 60.0 
197.0 97.0 65.0 76.0 
58.0 55.0 62.0 57.0 
54.0 58.0 62.0 57.0 
52.0 60.0 59.0 60.0 
196.0 96.0 66.0 75.0 
57.0 57.0 60.0 59.0 
52.0 62.0 59.0 60.0 
52.0 63.0 57.0 62.0 
198.0 93.0 68.0 71.0 
55.0 59.0 59.0 58.0 
55.0 59.0 60.0 62.0 
59.0 56.0 62.0 57.0 
201.0 92.0 70.0 74.0 
57.0 58.0 57.0 61.0 
54.0 61.0 59.0 57.0 
54.0 60.0 62.0 60.0 
195.0 96.0 68.0 74.0 
56.0 58.0 59.0 60.0 
58.0 57.0 60.0 60.0 
55.0 56.0 62.0 57.0 
198.0 94.0 69.0 73.0 
53.0 59.0 59.0 59.0 
53.0 58.0 60.0 59.0 
56.0 58.0 60.0 61.0 
198.0 93.0 68.0 74.0 
54.0 59.0 58.0 61.0 
56.0 58.0 59.0 62.0 
55.0 59.0 59.0 63.0 
195.0 96.0 68.0 74.0 
54.0 60.0 57.0 62.0 
53.0 60.0 60.0 60.0 
56.0 59.0 58.0 62.0 
200.0 92.0 68.0 75.0 
57.0 58.0 57.0 60.0 
54.0 57.0 61.0 59.0 
55.0 56.0 63.0 59.0 
201.0 92.0 70.0 71.0 
53.0 60.0 57.0 62.0 
55.0 57.0 60.0 59.0 
51.0 62.0 59.0 60.0 
202.0 93.0 67.0 77.0 
59.0 56.0 60.0 58.0 
58.0 57.0 60.0 61.0 
55.0 58.0 60.0 60.0 
199.0 95.0 66.0 76.0 
58.0 55.0 60.0 59.0 
58.0 58.0 60.0 61.0 
55.0 61.0 59.0 62.0 
203.0 91.0 70.0 72.0 
53.0 59.0 58.0 58.0 
60.0 56.0 59.0 63.0 
57.0 59.0 60.0 64.0 
197.0 95.0 68.0 72.0 
51.0 60.0 59.0 59.0 
54.0 59.0 61.0 60.0 
56.0 59.0 61.0 60.0 
201.0 93.0 66.0 73.0 
57.0 56.0 62.0 60.0 
56.0 57.0 62.0 58.0 
55.0 59.0 59.0 63.0 
197.0 91.0 68.0 69.0 
52.0 60.0 59.0 60.0 
58.0 56.0 62.0 59.0 
56.0 58.0 62.0 58.0 
194.0 90.0 67.0 70.0 
57.0 56.0 62.0 57.0 
55.0 60.0 58.0 62.0 
58.0 57.0 63.0 57.0 
195.0 95.0 66.0 70.0 
52.0 59.0 60.0 56.0 
58.0 59.0 58.0 62.0 
54.0 60.0 58.0 64.0 
199.0 93.0 65.0 74.0 
58.0 57.0 59.0 61.0 
54.0 61.0 58.0 63.0 
58.0 57.0 62.0 60.0 
195.0 95.0 67.0 73.0 
53.0 60.0 58.0 61.0 
59.0 55.0 61.0 58.0 
52.0 62.0 58.0 64.0 
200.0 90.0 70.0 71.0 
56.0 57.0 60.0 58.0 
57.0 58.0 61.0 60.0 
58.0 56.0 63.0 59.0 
197.0 94.0 65.0 76.0 
56.0 58.0 59.0 60.0 
53.0 61.0 59.0 62.0 
58.0 59.0 58.0 63.0 
195.0 96.0 67.0 73.0 
55.0 61.0 58.0 57.0 
52.0 59.0 59.0 60.0 
54.0 59.0 59.0 63.0 
197.0 93.0 66.0 74.0 
55.0 58.0 60.0 57.0 
58.0 56.0 62.0 58.0 
54.0 60.0 59.0 63.0 
200.0 90.0 69.0 70.0 
54.0 58.0 59.0 60.0 
58.0 55.0 61.0 60.0 
57.0 56.0 61.0 59.0 
197.0 92.0 66.0 71.0 
52.0 60.0 58.0 61.0 
58.0 56.0 63.0 58.0 
55.0 58.0 61.0 60.0 
197.0 92.0 67.0 71.0 
54.0 58.0 60.0 58.0 
57.0 55.0 61.0 64.0 
56.0 60.0 59.0 59.0 
196.0 92.0 65.0 74.0 
55.0 60.0 57.0 62.0 
56.0 57.0 62.0 58.0 
54.0 62.0 59.0 62.0 
198.0 92.0 64.0 74.0 
58.0 55.0 61.0 57.0 
56.0 56.0 61.0 59.0 
54.0 59.0 63.0 57.0 
199.0 91.0 68.0 70.0 
51.0 59.0 59.0 59.0 
56.0 58.0 61.0 61.0 
57.0 56.0 61.0 61.0 
198.0 95.0 64.0 74.0 
53.0 61.0 57.0 59.0 
58.0 56.0 62.0 58.0 
54.0 61.0 58.0 64.0 
194.0 94.0 66.0 69.0 
51.0 56.0 60.0 61.0 
54.0 57.0 63.0 60.0 
56.0 56.0 61.0 60.0 
195.0 93.0 66.0 71.0 
55.0 59.0 59.0 62.0 
56.0 58.0 60.0 60.0 
53.0 61.0 60.0 63.0 
196.0 94.0 66.0 74.0 
57.0 55.0 61.0 58.0 
58.0 56.0 62.0 58.0 
51.0 61.0 58.0 62.0 
196.0 94.0 68.0 77.0 
55.0 59.0 58.0 61.0 
57.0 56.0 63.0 58.0 
57.0 57.0 62.0 60.0 
198.0 94.0 68.0 75.0 
58.0 56.0 60.0 58.0 
53.0 58.0 61.0 57.0 
54.0 58.0 62.0 60.0 
199.0 94.0 68.0 74.0 
53.0 58.0 59.0 57.0 
58.0 58.0 59.0 62.0 
56.0 59.0 59.0 63.0 
200.0 94.0 72.0 73.0 
51.0 60.0 58.0 59.0 
52.0 60.0 59.0 61.0 
58.0 57.0 63.0 57.0 
200.0 96.0 67.0 77.0 
59.0 55.0 61.0 61.0 
55.0 58.0 60.0 60.0 
57.0 56.0 63.0 58.0 
203.0 92.0 71.0 75.0 
59.0 56.0 59.0 60.0 
54.0 60.0 58.0 63.0 
54.0 60.0 60.0 62.0 
201.0 93.0 71.0 72.0 
51.0 58.0 61.0 57.0 
56.0 61.0 57.0 60.0 
54.0 62.0 58.0 63.0 
199.0 95.0 69.0 72.0 
53.0 60.0 58.0 59.0 
52.0 59.0 59.0 60.0 
56.0 58.0 60.0 60.0 
201.0 91.0 70.0 73.0 
56.0 57.0 59.0 58.0 
55.0 58.0 61.0 60.0 
57.0 58.0 62.0 58.0 
201.0 94.0 71.0 75.0 
52.0 60.0 57.0 62.0 
56.0 58.0 59.0 61.0 
57.0 57.0 62.0 58.0 
203.0 91.0 72.0 75.0 
58.0 55.0 60.0 58.0 
52.0 61.0 58.0 61.0 
53.0 58.0 60.0 58.0 
199.0 97.0 70.0 72.0 
52.0 57.0 61.0 56.0 
57.0 55.0 60.0 60.0 
55.0 55.0 62.0 58.0 
202.0 94.0 69.0 78.0 
57.0 56.0 61.0 62.0 
58.0 56.0 61.0 59.0 
51.0 61.0 59.0 62.0 
203.0 93.0 68.0 75.0 
53.0 59.0 58.0 60.0 
55.0 58.0 60.0 61.0 
58.0 56.0 62.0 60.0 
199.0 93.0 70.0 74.0 
52.0 61.0 57.0 62.0 
57.0 56.0 62.0 58.0 
55.0 59.0 61.0 59.0 
202.0 94.0 71.0 74.0 
53.0 61.0 56.0 61.0 
53.0 61.0 58.0 62.0 
54.0 62.0 60.0 58.0 
204.0 91.0 71.0 77.0 
58.0 57.0 59.0 62.0 
55.0 61.0 59.0 62.0 
58.0 58.0 60.0 61.0 
198.0 96.0 68.0 75.0 
52.0 61.0 58.0 61.0 
58.0 56.0 62.0 59.0 
53.0 59.0 63.0 59.0 
200.0 95.0 69.0 76.0 
57.0 55.0 61.0 57.0 
55.0 60.0 58.0 63.0 
55.0 58.0 61.0 61.0 
199.0 97.0 67.0 75.0 
52.0 59.0 58.0 59.0 
55.0 58.0 59.0 62.0 
58.0 57.0 60.0 60.0 
200.0 96.0 68.0 75.0 
56.0 58.0 56.0 57.0 
52.0 57.0 61.0 61.0 
58.0 58.0 60.0 61.0 
201.0 96.0 67.0 78.0 
57.0 55.0 62.0 57.0 
57.0 58.0 61.0 60.0 
55.0 58.0 61.0 58.0 
198.0 95.0 69.0 76.0 
56.0 57.0 59.0 59.0 
58.0 56.0 62.0 57.0 
53.0 62.0 59.0 63.0 
203.0 94.0 70.0 76.0 
58.0 57.0 59.0 59.0 
53.0 58.0 61.0 60.0 
54.0 59.0 61.0 58.0 
204.0 94.0 71.0 73.0 
57.0 57.0 60.0 58.0 
56.0 58.0 61.0 60.0 
55.0 59.0 59.0 62.0 
203.0 97.0 69.0 75.0 
58.0 58.0 56.0 60.0 
54.0 61.0 59.0 59.0 
52.0 62.0 60.0 59.0 
202.0 97.0 69.0 78.0 
57.0 58.0 59.0 62.0 
55.0 59.0 59.0 61.0 
53.0 59.0 61.0 60.0 
203.0 98.0 69.0 76.0 
55.0 57.0 57.0 62.0 
53.0 60.0 57.0 63.0 
58.0 57.0 62.0 57.0 
201.0 97.0 68.0 79.0 
54.0 59.0 57.0 56.0 
56.0 57.0 61.0 58.0 
55.0 59.0 60.0 59.0 
204.0 94.0 71.0 76.0 
52.0 59.0 58.0 60.0 
59.0 57.0 60.0 63.0 
58.0 59.0 59.0 60.0 
199.0 95.0 71.0 74.0 
52.0 59.0 60.0 57.0 
56.0 56.0 63.0 58.0 
52.0 60.0 59.0 60.0 
200.0 94.0 71.0 75.0 
56.0 57.0 59.0 60.0 
57.0 56.0 61.0 58.0 
53.0 60.0 59.0 62.0 
203.0 94.0 71.0 76.0 
55.0 59.0 59.0 60.0 
53.0 59.0 59.0 60.0 
53.0 61.0 59.0 63.0 
198.0 96.0 69.0 77.0 
55.0 58.0 59.0 61.0 
55.0 59.0 61.0 60.0 
58.0 56.0 62.0 57.0 
198.0 95.0 71.0 74.0 
52.0 59.0 60.0 57.0 
57.0 59.0 58.0 61.0 
56.0 59.0 59.0 61.0 
203.0 93.0 70.0 78.0 
58.0 57.0 59.0 62.0 
54.0 60.0 58.0 62.0 
56.0 59.0 60.0 63.0 
198.0 95.0 69.0 76.0 
58.0 56.0 60.0 62.0 
59.0 56.0 63.0 57.0 
52.0 61.0 59.0 63.0 
200.0 93.0 67.0 76.0 
56.0 58.0 60.0 58.0 
55.0 60.0 59.0 63.0 
55.0 58.0 59.0 62.0 
198.0 94.0 68.0 75.0 
52.0 61.0 57.0 62.0 
57.0 57.0 61.0 60.0 
54.0 57.0 62.0 59.0 
200.0 91.0 69.0 74.0 
59.0 54.0 60.0 60.0 
54.0 59.0 57.0 63.0 
57.0 56.0 60.0 61.0 
203.0 91.0 70.0 71.0 
53.0 58.0 61.0 56.0 
55.0 58.0 62.0 57.0 
55.0 61.0 58.0 63.0 
199.0 92.0 69.0 72.0 
54.0 58.0 58.0 60.0 
58.0 55.0 61.0 58.0 
56.0 59.0 61.0 59.0 
200.0 93.0 67.0 75.0 
58.0 57.0 59.0 60.0 
53.0 58.0 60.0 59.0 
52.0 61.0 59.0 62.0 
197.0 95.0 67.0 77.0 
59.0 55.0 60.0 59.0 
54.0 61.0 61.0 59.0 
53.0 57.0 62.0 60.0 
198.0 94.0 68.0 74.0 
55.0 60.0 57.0 58.0 
55.0 61.0 58.0 62.0 
55.0 57.0 62.0 59.0 
199.0 94.0 67.0 75.0 
57.0 55.0 63.0 58.0 
55.0 58.0 60.0 63.0 
54.0 57.0 63.0 57.0 
201.0 93.0 68.0 73.0 
52.0 60.0 57.0 62.0 
58.0 56.0 62.0 59.0 
57.0 57.0 63.0 58.0 
199.0 93.0 68.0 74.0 
52.0 60.0 58.0 60.0 
58.0 56.0 62.0 58.0 
52.0 62.0 58.0 63.0 
203.0 93.0 66.0 76.0 
57.0 59.0 58.0 58.0 
56.0 55.0 61.0 61.0 
58.0 58.0 61.0 62.0 
199.0 92.0 68.0 73.0 
54.0 58.0 59.0 60.0 
56.0 59.0 58.0 62.0 
58.0 57.0 62.0 58.0 
200.0 93.0 68.0 74.0 
55.0 61.0 58.0 61.0 
51.0 60.0 59.0 60.0 
55.0 59.0 60.0 62.0 
204.0 91.0 68.0 74.0 
58.0 56.0 61.0 59.0 
53.0 59.0 61.0 60.0 
54.0 59.0 61.0 59.0 
201.0 93.0 67.0 72.0 
52.0 61.0 57.0 57.0 
53.0 60.0 59.0 62.0 
54.0 62.0 59.0 60.0 
202.0 90.0 68.0 75.0 
58.0 57.0 57.0 63.0 
58.0 58.0 60.0 60.0 
56.0 56.0 62.0 58.0 
197.0 96.0 67.0 75.0 
56.0 58.0 57.0 62.0 
54.0 61.0 58.0 64.0 
58.0 57.0 62.0 58.0 
200.0 93.0 66.0 77.0 
56.0 56.0 62.0 57.0 
54.0 59.0 59.0 61.0 
58.0 56.0 63.0 58.0 
203.0 91.0 69.0 73.0 
57.0 55.0 61.0 56.0 
52.0 61.0 58.0 61.0 
53.0 61.0 59.0 64.0 
201.0 93.0 66.0 72.0 
55.0 54.0 61.0 59.0 
57.0 56.0 60.0 62.0 
55.0 62.0 59.0 60.0 
200.0 95.0 66.0 73.0 
53.0 61.0 58.0 59.0 
54.0 58.0 61.0 58.0 
51.0 62.0 59.0 62.0 
198.0 95.0 66.0 76.0 
58.0 57.0 61.0 59.0 
58.0 56.0 63.0 58.0 
51.0 62.0 58.0 63.0 
198.0 94.0 65.0 75.0 
56.0 57.0 59.0 57.0 
54.0 58.0 60.0 59.0 
52.0 60.0 60.0 59.0 
200.0 90.0 69.0 73.0 
59.0 56.0 60.0 59.0 
54.0 60.0 59.0 62.0 
57.0 57.0 62.0 57.0 
201.0 90.0 67.0 76.0 
58.0 57.0 57.0 60.0 
55.0 57.0 60.0 61.0 
57.0 56.0 61.0 59.0 
198.0 95.0 66.0 75.0 
57.0 58.0 57.0 61.0 
56.0 58.0 59.0 63.0 
55.0 58.0 61.0 59.0 
198.0 93.0 67.0 74.0 
57.0 55.0 61.0 59.0 
58.0 56.0 63.0 58.0 
56.0 58.0 61.0 58.0 
197.0 92.0 67.0 73.0 
57.0 57.0 59.0 60.0 
56.0 58.0 60.0 62.0 
57.0 59.0 60.0 62.0 
197.0 94.0 65.0 77.0 
55.0 58.0 61.0 57.0 
56.0 55.0 63.0 59.0 
57.0 56.0 60.0 61.0 
205.0 92.0 65.0 77.0 
57.0 59.0 59.0 62.0 
53.0 61.0 58.0 62.0 
58.0 59.0 61.0 60.0 
200.0 96.0 66.0 74.0 
58.0 55.0 61.0 62.0 
55.0 57.0 62.0 57.0 
51.0 62.0 59.0 61.0 
201.0 94.0 67.0 75.0 
53.0 59.0 57.0 62.0 
52.0 61.0 57.0 61.0 
52.0 61.0 58.0 62.0 
202.0 96.0 66.0 76.0 
54.0 58.0 59.0 61.0 
54.0 58.0 59.0 60.0 
52.0 61.0 58.0 61.0 
202.0 94.0 68.0 72.0 
52.0 59.0 60.0 57.0 
56.0 60.0 58.0 60.0 
51.0 59.0 62.0 60.0 
206.0 91.0 69.0 72.0 
53.0 58.0 59.0 60.0 
52.0 60.0 59.0 61.0 
58.0 56.0 61.0 57.0 
202.0 96.0 65.0 76.0 
53.0 61.0 57.0 61.0 
57.0 59.0 58.0 63.0 
58.0 57.0 62.0 59.0 
198.0 95.0 65.0 77.0 
53.0 60.0 58.0 61.0 
57.0 56.0 62.0 58.0 
58.0 56.0 62.0 59.0 
200.0 94.0 67.0 74.0 
53.0 59.0 58.0 61.0 
55.0 59.0 58.0 62.0 
59.0 56.0 60.0 63.0 
199.0 93.0 68.0 75.0 
59.0 58.0 57.0 57.0 
53.0 58.0 62.0 58.0 
54.0 58.0 63.0 60.0 
200.0 92.0 68.0 73.0 
55.0 58.0 57.0 62.0 
55.0 57.0 63.0 57.0 
54.0 61.0 59.0 62.0 
195.0 96.0 65.0 75.0 
58.0 55.0 62.0 57.0 
53.0 59.0 59.0 62.0 
55.0 59.0 60.0 62.0 
200.0 92.0 69.0 73.0 
53.0 60.0 57.0 61.0 
58.0 56.0 62.0 58.0 
56.0 57.0 62.0 58.0 
196.0 95.0 65.0 77.0 
55.0 57.0 61.0 58.0 
58.0 55.0 60.0 62.0 
60.0 58.0 58.0 63.0 
201.0 90.0 66.0 75.0 
53.0 60.0 58.0 59.0 
54.0 61.0 57.0 62.0 
58.0 57.0 61.0 59.0 
198.0 93.0 67.0 76.0 
55.0 57.0 59.0 59.0 
52.0 60.0 59.0 63.0 
55.0 59.0 61.0 58.0 
201.0 92.0 66.0 73.0 
54.0 57.0 59.0 59.0 
52.0 60.0 59.0 61.0 
53.0 60.0 61.0 62.0 
198.0 93.0 67.0 74.0 
56.0 58.0 60.0 57.0 
54.0 58.0 60.0 60.0 
53.0 61.0 59.0 61.0 
197.0 94.0 66.0 73.0 
52.0 60.0 61.0 57.0 
56.0 58.0 58.0 62.0 
58.0 59.0 58.0 63.0 
196.0 92.0 65.0 76.0 
56.0 58.0 57.0 62.0 
51.0 60.0 59.0 61.0 
55.0 58.0 60.0 63.0 
197.0 95.0 67.0 75.0 
58.0 56.0 62.0 58.0 
57.0 56.0 62.0 58.0 
55.0 58.0 61.0 59.0 
197.0 93.0 67.0 76.0 
57.0 57.0 60.0 59.0 
52.0 59.0 59.0 62.0 
53.0 61.0 60.0 60.0 
198.0 90.0 69.0 71.0 
53.0 60.0 58.0 62.0 
55.0 58.0 62.0 58.0 
52.0 61.0 59.0 60.0 
197.0 94.0 68.0 71.0 
50.0 60.0 56.0 58.0 
53.0 59.0 61.0 59.0 
55.0 59.0 59.0 60.0 
203.0 92.0 69.0 73.0 
52.0 60.0 58.0 60.0 
52.0 61.0 57.0 64.0 
55.0 59.0 61.0 59.0 
200.0 93.0 68.0 73.0 
57.0 56.0 61.0 62.0 
54.0 60.0 58.0 62.0 
55.0 60.0 58.0 63.0 
203.0 91.0 70.0 72.0 
55.0 59.0 58.0 58.0 
54.0 58.0 60.0 60.0 
53.0 60.0 60.0 60.0 
203.0 93.0 68.0 73.0 
54.0 58.0 60.0 57.0 
58.0 57.0 60.0 64.0 
56.0 59.0 57.0 63.0 
201.0 92.0 67.0 74.0 
57.0 56.0 61.0 59.0 
57.0 58.0 59.0 62.0 
57.0 56.0 63.0 58.0 
199.0 96.0 65.0 77.0 
56.0 57.0 59.0 59.0 
52.0 61.0 60.0 61.0 
57.0 58.0 60.0 60.0 
196.0 95.0 65.0 76.0 
55.0 57.0 60.0 58.0 
55.0 59.0 60.0 60.0 
52.0 61.0 58.0 61.0 
197.0 96.0 64.0 77.0 
54.0 59.0 59.0 61.0 
53.0 59.0 58.0 62.0 
54.0 58.0 63.0 58.0 
198.0 96.0 67.0 73.0 
53.0 58.0 61.0 58.0 
53.0 61.0 60.0 59.0 
55.0 59.0 61.0 60.0 
203.0 91.0 68.0 73.0 
53.0 60.0 58.0 57.0 
53.0 58.0 61.0 58.0 
52.0 61.0 58.0 63.0 
200.0 91.0 69.0 72.0 
52.0 59.0 59.0 58.0 
57.0 60.0 59.0 62.0 
55.0 57.0 62.0 57.0 
197.0 94.0 67.0 73.0 
52.0 60.0 57.0 59.0 
57.0 58.0 60.0 61.0 
55.0 58.0 59.0 62.0 
203.0 92.0 69.0 72.0 
54.0 60.0 58.0 61.0 
56.0 58.0 57.0 62.0 
55.0 60.0 58.0 60.0 
202.0 92.0 66.0 75.0 
55.0 60.0 60.0 60.0 
54.0 56.0 62.0 59.0 
54.0 58.0 63.0 58.0 
200.0 93.0 68.0 72.0 
55.0 57.0 60.0 57.0 
55.0 58.0 60.0 60.0 
52.0 61.0 59.0 62.0 
202.0 91.0 69.0 72.0 
53.0 58.0 60.0 59.0 
53.0 60.0 60.0 61.0 
56.0 58.0 62.0 59.0 
201.0 91.0 70.0 72.0 
57.0 57.0 60.0 58.0 
52.0 58.0 59.0 59.0 
52.0 61.0 60.0 60.0 
200.0 95.0 66.0 76.0 
55.0 57.0 62.0 62.0 
58.0 56.0 58.0 63.0 
56.0 63.0 59.0 60.0 
198.0 95.0 68.0 72.0 
52.0 58.0 59.0 57.0 
55.0 59.0 57.0 63.0 
58.0 57.0 62.0 59.0 
199.0 94.0 65.0 77.0 
58.0 55.0 62.0 56.0 
55.0 58.0 61.0 58.0 
55.0 59.0 60.0 60.0 
198.0 93.0 68.0 75.0 
58.0 56.0 59.0 59.0 
52.0 62.0 58.0 62.0 
52.0 60.0 58.0 62.0 
197.0 93.0 69.0 73.0 
57.0 55.0 62.0 58.0 
52.0 60.0 59.0 61.0 
53.0 60.0 59.0 61.0 
196.0 95.0 67.0 72.0 
59.0 56.0 59.0 62.0 
58.0 56.0 61.0 61.0 
56.0 56.0 63.0 59.0 
199.0 95.0 65.0 77.0 
57.0 57.0 58.0 59.0 
55.0 58.0 59.0 62.0 
55.0 59.0 60.0 60.0 
201.0 93.0 67.0 74.0 
58.0 56.0 60.0 57.0 
55.0 58.0 59.0 61.0 
57.0 56.0 62.0 60.0 
197.0 93.0 67.0 76.0 
57.0 56.0 58.0 58.0 
54.0 59.0 60.0 59.0 
52.0 60.0 60.0 59.0 
198.0 94.0 67.0 76.0 
56.0 58.0 60.0 58.0 
57.0 58.0 60.0 61.0 
58.0 57.0 61.0 61.0 
198.0 96.0 67.0 75.0 
54.0 59.0 57.0 61.0 
51.0 61.0 58.0 61.0 
57.0 57.0 61.0 58.0 
196.0 95.0 65.0 76.0 
58.0 55.0 61.0 57.0 
57.0 58.0 62.0 59.0 
55.0 61.0 58.0 63.0 
198.0 91.0 70.0 72.0 
54.0 58.0 58.0 60.0 
58.0 55.0 63.0 58.0 
57.0 58.0 62.0 58.0 
195.0 92.0 67.0 74.0 
56.0 58.0 60.0 60.0 
58.0 55.0 63.0 58.0 
55.0 59.0 60.0 63.0 
194.0 93.0 68.0 72.0 
53.0 60.0 58.0 59.0 
57.0 59.0 58.0 63.0 
53.0 61.0 59.0 59.0 
197.0 94.0 66.0 77.0 
59.0 57.0 60.0 59.0 
58.0 58.0 61.0 60.0 
54.0 58.0 62.0 58.0 
201.0 92.0 68.0 74.0 
54.0 58.0 59.0 58.0 
55.0 57.0 62.0 58.0 
52.0 60.0 60.0 61.0 
199.0 91.0 70.0 72.0 
56.0 57.0 59.0 59.0 
57.0 59.0 61.0 58.0 
55.0 59.0 60.0 58.0 
199.0 93.0 69.0 72.0 
55.0 58.0 59.0 59.0 
58.0 56.0 62.0 58.0 
52.0 60.0 59.0 59.0 
197.0 95.0 69.0 72.0 
55.0 55.0 61.0 60.0 
54.0 61.0 60.0 60.0 
53.0 61.0 60.0 61.0 
196.0 95.0 67.0 76.0 
57.0 56.0 60.0 61.0 
55.0 58.0 59.0 60.0 
54.0 59.0 61.0 60.0 
198.0 92.0 70.0 72.0 
59.0 55.0 61.0 58.0 
53.0 60.0 59.0 61.0 
57.0 57.0 64.0 58.0 
196.0 95.0 66.0 76.0 
53.0 60.0 57.0 60.0 
57.0 58.0 60.0 62.0 
55.0 60.0 59.0 62.0 
196.0 96.0 66.0 77.0 
57.0 56.0 62.0 57.0 
58.0 57.0 61.0 63.0 
57.0 59.0 57.0 60.0 
198.0 95.0 65.0 74.0 
54.0 61.0 57.0 57.0 
54.0 58.0 60.0 58.0 
52.0 62.0 58.0 63.0 
202.0 91.0 70.0 72.0 
55.0 58.0 59.0 59.0 
54.0 60.0 58.0 63.0 
57.0 57.0 62.0 59.0 
202.0 92.0 69.0 73.0 
54.0 59.0 59.0 60.0 
51.0 61.0 58.0 62.0 
57.0 56.0 61.0 59.0 
203.0 92.0 69.0 74.0 
59.0 56.0 59.0 61.0 
54.0 58.0 59.0 59.0 
51.0 62.0 58.0 62.0 
196.0 96.0 66.0 75.0 
56.0 60.0 58.0 58.0 
56.0 56.0 60.0 62.0 
59.0 58.0 60.0 63.0 
201.0 90.0 69.0 74.0 
58.0 56.0 59.0 59.0 
55.0 57.0 62.0 58.0 
52.0 61.0 58.0 62.0 
199.0 92.0 68.0 74.0 
55.0 58.0 58.0 61.0 
57.0 58.0 60.0 60.0 
53.0 60.0 59.0 61.0 
198.0 92.0 68.0 75.0 
57.0 57.0 60.0 58.0 
55.0 59.0 60.0 60.0 
58.0 57.0 62.0 59.0 
200.0 93.0 68.0 74.0 
59.0 56.0 61.0 58.0 
52.0 60.0 58.0 61.0 
57.0 59.0 60.0 63.0 
199.0 91.0 68.0 77.0 
58.0 57.0 59.0 61.0 
53.0 58.0 59.0 58.0 
54.0 61.0 58.0 62.0 
197.0 95.0 67.0 76.0 
58.0 55.0 61.0 56.0 
55.0 57.0 64.0 58.0 
55.0 59.0 61.0 62.0 
196.0 93.0 68.0 74.0 
56.0 58.0 60.0 58.0 
57.0 58.0 60.0 59.0 
57.0 56.0 62.0 60.0 
195.0 95.0 65.0 77.0 
55.0 61.0 58.0 60.0 
56.0 57.0 59.0 62.0 
56.0 59.0 59.0 62.0 
195.0 95.0 65.0 76.0 
52.0 60.0 59.0 59.0 
53.0 60.0 60.0 57.0 
54.0 59.0 63.0 58.0 
196.0 94.0 68.0 75.0 
54.0 62.0 57.0 61.0 
52.0 60.0 59.0 61.0 
59.0 57.0 62.0 57.0 
195.0 95.0 65.0 77.0 
59.0 56.0 62.0 56.0 
55.0 56.0 62.0 60.0 
54.0 59.0 60.0 58.0 
202.0 91.0 70.0 72.0 
55.0 58.0 59.0 62.0 
55.0 59.0 59.0 61.0 
56.0 59.0 60.0 62.0 
196.0 95.0 66.0 75.0 
53.0 60.0 57.0 63.0 
51.0 63.0 58.0 63.0 
55.0 59.0 62.0 57.0 
200.0 93.0 68.0 77.0 
56.0 57.0 58.0 59.0 
55.0 58.0 60.0 61.0 
56.0 57.0 61.0 60.0 
201.0 93.0 70.0 72.0 
53.0 60.0 57.0 62.0 
54.0 61.0 57.0 63.0 
57.0 57.0 62.0 58.0 
204.0 94.0 67.0 75.0 
55.0 55.0 61.0 58.0 
56.0 57.0 62.0 58.0 
51.0 60.0 58.0 62.0 
199.0 96.0 65.0 77.0 
58.0 56.0 61.0 58.0 
57.0 56.0 62.0 59.0 
56.0 56.0 62.0 57.0 
200.0 96.0 65.0 77.0 
55.0 58.0 59.0 58.0 
53.0 59.0 60.0 58.0 
50.0 59.0 61.0 58.0 
201.0 96.0 68.0 73.0 
53.0 57.0 61.0 60.0 
55.0 59.0 57.0 61.0 
54.0 61.0 58.0 62.0 
199.0 96.0 68.0 75.0 
55.0 60.0 57.0 57.0 
52.0 61.0 59.0 62.0 
56.0 57.0 60.0 60.0 
202.0 95.0 67.0 76.0 
55.0 56.0 62.0 56.0 
56.0 57.0 61.0 59.0 
54.0 60.0 60.0 60.0 
202.0 94.0 69.0 74.0 
53.0 58.0 60.0 59.0 
54.0 59.0 59.0 62.0 
56.0 58.0 61.0 60.0 
199.0 95.0 67.0 77.0 
58.0 57.0 59.0 62.0 
52.0 60.0 62.0 58.0 
54.0 56.0 62.0 62.0 
201.0 95.0 67.0 73.0 
51.0 60.0 59.0 59.0 
53.0 59.0 60.0 60.0 
54.0 61.0 59.0 62.0 
201.0 96.0 67.0 77.0 
56.0 56.0 60.0 59.0 
53.0 58.0 60.0 61.0 
55.0 58.0 60.0 60.0 
203.0 94.0 68.0 75.0 
52.0 60.0 57.0 63.0 
56.0 57.0 61.0 58.0 
52.0 59.0 60.0 59.0 
202.0 93.0 70.0 73.0 
56.0 55.0 61.0 59.0 
52.0 60.0 58.0 62.0 
53.0 59.0 60.0 60.0 
204.0 92.0 66.0 77.0 
57.0 61.0 57.0 56.0 
52.0 59.0 62.0 58.0 
50.0 61.0 58.0 61.0 
203.0 95.0 66.0 77.0 
58.0 56.0 60.0 59.0 
51.0 61.0 59.0 60.0 
57.0 56.0 61.0 58.0 
199.0 96.0 67.0 77.0 
54.0 58.0 59.0 60.0 
52.0 62.0 58.0 62.0 
52.0 60.0 58.0 62.0 
198.0 95.0 67.0 75.0 
55.0 58.0 58.0 61.0 
55.0 56.0 62.0 57.0 
55.0 60.0 61.0 60.0 
203.0 93.0 68.0 76.0 
59.0 55.0 62.0 56.0 
54.0 57.0 61.0 57.0 
51.0 59.0 63.0 59.0 
198.0 93.0 70.0 73.0 
55.0 59.0 58.0 61.0 
57.0 57.0 59.0 62.0 
56.0 56.0 62.0 59.0 
199.0 93.0 69.0 73.0 
53.0 60.0 57.0 63.0 
53.0 59.0 60.0 62.0 
54.0 57.0 62.0 58.0 
202.0 92.0 70.0 73.0 
54.0 57.0 59.0 58.0 
55.0 59.0 58.0 63.0 
55.0 60.0 60.0 62.0 
202.0 93.0 69.0 73.0 
55.0 59.0 58.0 60.0 
58.0 56.0 62.0 57.0 
54.0 60.0 60.0 61.0 
200.0 95.0 68.0 73.0 
53.0 60.0 58.0 57.0 
52.0 61.0 60.0 58.0 
52.0 59.0 61.0 58.0 
199.0 94.0 68.0 72.0 
54.0 61.0 58.0 61.0 
54.0 59.0 58.0 62.0 
58.0 58.0 60.0 61.0 
200.0 94.0 67.0 74.0 
55.0 58.0 59.0 59.0 
55.0 58.0 61.0 58.0 
55.0 58.0 60.0 61.0 
195.0 95.0 67.0 77.0 
55.0 58.0 60.0 60.0 
55.0 58.0 59.0 60.0 
54.0 59.0 60.0 59.0 
194.0 93.0 67.0 73.0 
55.0 58.0 59.0 60.0 
58.0 56.0 62.0 58.0 
53.0 62.0 60.0 60.0 
198.0 92.0 66.0 77.0 
56.0 59.0 58.0 57.0 
58.0 57.0 61.0 61.0 
58.0 57.0 61.0 60.0 
198.0 91.0 68.0 74.0 
54.0 59.0 59.0 59.0 
52.0 61.0 58.0 62.0 
59.0 57.0 63.0 58.0 
194.0 92.0 68.0 72.0 
52.0 60.0 58.0 57.0 
52.0 60.0 57.0 63.0 
57.0 57.0 60.0 60.0 
194.0 91.0 67.0 72.0 
55.0 58.0 61.0 57.0 
58.0 57.0 60.0 61.0 
57.0 59.0 61.0 61.0 
194.0 92.0 66.0 75.0 
53.0 58.0 59.0 58.0 
55.0 56.0 62.0 60.0 
56.0 58.0 61.0 63.0 
192.0 93.0 69.0 73.0 
56.0 55.0 61.0 59.0 
56.0 60.0 57.0 61.0 
56.0 59.0 60.0 63.0 
199.0 90.0 68.0 73.0 
53.0 59.0 59.0 59.0 
52.0 61.0 58.0 62.0 
57.0 56.0 62.0 58.0 
199.0 90.0 68.0 72.0 
59.0 55.0 61.0 57.0 
54.0 58.0 61.0 60.0 
53.0 61.0 59.0 63.0 
193.0 93.0 68.0 71.0 
55.0 56.0 62.0 57.0 
51.0 59.0 60.0 60.0 
52.0 61.0 59.0 62.0 
193.0 95.0 66.0 74.0 
52.0 60.0 58.0 58.0 
57.0 57.0 61.0 60.0 
54.0 58.0 63.0 57.0 
196.0 91.0 69.0 73.0 
55.0 57.0 62.0 62.0 
58.0 57.0 61.0 59.0 
54.0 60.0 60.0 60.0 
196.0 93.0 67.0 75.0 
58.0 57.0 61.0 57.0 
55.0 59.0 59.0 61.0 
57.0 58.0 61.0 59.0 
192.0 92.0 67.0 74.0 
58.0 56.0 61.0 57.0 
54.0 58.0 59.0 61.0 
56.0 59.0 61.0 61.0 
197.0 91.0 70.0 72.0 
57.0 55.0 61.0 57.0 
52.0 61.0 58.0 62.0 
57.0 56.0 62.0 59.0 
196.0 91.0 68.0 74.0 
57.0 56.0 59.0 62.0 
55.0 59.0 62.0 58.0 
54.0 58.0 60.0 58.0 
195.0 91.0 69.0 72.0 
58.0 56.0 60.0 58.0 
53.0 59.0 59.0 59.0 
55.0 58.0 60.0 60.0 
193.0 94.0 65.0 77.0 
55.0 57.0 60.0 58.0 
52.0 60.0 58.0 62.0 
54.0 59.0 59.0 63.0 
193.0 95.0 65.0 76.0 
53.0 60.0 58.0 60.0 
57.0 59.0 59.0 60.0 
56.0 59.0 60.0 61.0 
197.0 90.0 69.0 72.0 
55.0 60.0 57.0 56.0 
52.0 60.0 60.0 58.0 
51.0 58.0 62.0 60.0 
197.0 92.0 66.0 76.0 
56.0 58.0 57.0 60.0 
58.0 58.0 61.0 60.0 
54.0 59.0 61.0 57.0 
197.0 89.0 70.0 73.0 
52.0 60.0 57.0 62.0 
55.0 59.0 59.0 63.0 
58.0 57.0 61.0 59.0 
192.0 94.0 66.0 78.0 
57.0 57.0 59.0 59.0 
53.0 58.0 59.0 59.0 
53.0 62.0 60.0 60.0 
195.0 94.0 67.0 76.0 
56.0 57.0 59.0 60.0 
54.0 57.0 59.0 59.0 
53.0 60.0 60.0 60.0 
194.0 94.0 65.0 75.0 
52.0 57.0 62.0 58.0 
57.0 57.0 59.0 60.0 
54.0 60.0 59.0 58.0 
195.0 95.0 66.0 75.0 
56.0 58.0 58.0 60.0 
54.0 60.0 57.0 63.0 
58.0 57.0 62.0 60.0 
192.0 95.0 65.0 77.0 
55.0 55.0 60.0 59.0 
58.0 56.0 61.0 59.0 
52.0 60.0 59.0 62.0 
197.0 92.0 70.0 73.0 
57.0 56.0 62.0 60.0 
53.0 60.0 57.0 61.0 
52.0 61.0 60.0 61.0 
196.0 91.0 68.0 73.0 
52.0 59.0 59.0 59.0 
57.0 59.0 60.0 62.0 
57.0 59.0 59.0 60.0 
197.0 92.0 65.0 75.0 
51.0 58.0 60.0 58.0 
56.0 59.0 58.0 61.0 
55.0 61.0 59.0 61.0 
192.0 95.0 66.0 75.0 
58.0 56.0 61.0 57.0 
56.0 57.0 60.0 59.0 
54.0 60.0 59.0 62.0 
192.0 93.0 66.0 74.0 
55.0 59.0 57.0 63.0 
54.0 59.0 59.0 61.0 
54.0 60.0 60.0 61.0 
195.0 91.0 68.0 71.0 
52.0 61.0 58.0 59.0 
53.0 61.0 59.0 60.0 
51.0 62.0 58.0 62.0 
193.0 93.0 65.0 77.0 
57.0 55.0 59.0 58.0 
54.0 61.0 59.0 57.0 
52.0 58.0 61.0 61.0 
194.0 94.0 67.0 72.0 
51.0 60.0 58.0 59.0 
54.0 57.0 62.0 58.0 
52.0 61.0 59.0 62.0 
193.0 94.0 65.0 76.0 
55.0 58.0 58.0 57.0 
54.0 58.0 58.0 60.0 
54.0 59.0 59.0 61.0 
196.0 92.0 66.0 73.0 
53.0 59.0 58.0 62.0 
52.0 60.0 59.0 62.0 
58.0 58.0 61.0 60.0 
194.0 94.0 64.0 76.0 
53.0 60.0 58.0 60.0 
57.0 58.0 60.0 60.0 
56.0 57.0 61.0 60.0 
197.0 92.0 65.0 76.0 
56.0 60.0 58.0 58.0 
54.0 55.0 63.0 59.0 
54.0 59.0 60.0 58.0 
192.0 93.0 67.0 73.0 
53.0 61.0 58.0 61.0 
52.0 60.0 59.0 60.0 
54.0 59.0 58.0 63.0 
195.0 91.0 67.0 73.0 
58.0 56.0 60.0 57.0 
51.0 61.0 58.0 63.0 
55.0 58.0 61.0 61.0 
193.0 92.0 66.0 74.0 
53.0 59.0 57.0 61.0 
56.0 57.0 61.0 58.0 
56.0 58.0 61.0 58.0 
194.0 94.0 65.0 76.0 
54.0 59.0 59.0 61.0 
52.0 60.0 59.0 61.0 
54.0 61.0 59.0 60.0 
196.0 90.0 66.0 73.0 
59.0 56.0 59.0 59.0 
56.0 60.0 58.0 62.0 
57.0 57.0 61.0 60.0 
192.0 94.0 65.0 74.0 
57.0 57.0 60.0 58.0 
54.0 61.0 58.0 63.0 
58.0 57.0 61.0 59.0 
196.0 92.0 67.0 73.0 
58.0 54.0 61.0 57.0 
52.0 61.0 59.0 60.0 
52.0 59.0 60.0 59.0 
196.0 92.0 66.0 72.0 
53.0 59.0 59.0 60.0 
58.0 55.0 62.0 58.0 
55.0 59.0 59.0 61.0 
197.0 90.0 68.0 70.0 
53.0 60.0 59.0 57.0 
57.0 58.0 58.0 61.0 
53.0 61.0 61.0 58.0 
197.0 90.0 67.0 73.0 
58.0 56.0 59.0 59.0 
53.0 60.0 61.0 59.0 
54.0 61.0 58.0 62.0 
197.0 89.0 68.0 71.0 
52.0 59.0 57.0 61.0 
51.0 60.0 61.0 58.0 
53.0 61.0 59.0 62.0 
196.0 91.0 65.0 73.0 
58.0 57.0 58.0 62.0 
55.0 57.0 62.0 58.0 
56.0 57.0 63.0 60.0 
195.0 90.0 66.0 71.0 
54.0 58.0 59.0 60.0 
59.0 56.0 62.0 58.0 
52.0 61.0 58.0 62.0 
196.0 95.0 64.0 71.0 
53.0 58.0 62.0 58.0 
51.0 58.0 61.0 58.0 
55.0 56.0 62.0 59.0 
195.0 92.0 66.0 72.0 
53.0 58.0 61.0 56.0 
55.0 56.0 62.0 57.0 
52.0 63.0 58.0 63.0 
197.0 90.0 66.0 73.0 
55.0 57.0 61.0 57.0 
54.0 58.0 61.0 60.0 
57.0 56.0 63.0 58.0 
198.0 91.0 65.0 75.0 
58.0 58.0 60.0 60.0 
56.0 57.0 62.0 58.0 
56.0 57.0 61.0 60.0 
199.0 91.0 68.0 71.0 
57.0 55.0 61.0 58.0 
54.0 56.0 62.0 59.0 
57.0 57.0 60.0 63.0 
194.0 93.0 69.0 73.0 
57.0 56.0 60.0 61.0 
53.0 62.0 58.0 61.0 
55.0 60.0 59.0 63.0 
199.0 90.0 67.0 73.0 
55.0 57.0 61.0 57.0 
56.0 56.0 62.0 58.0 
51.0 61.0 58.0 62.0 
199.0 91.0 67.0 72.0 
51.0 60.0 57.0 56.0 
55.0 57.0 60.0 60.0 
52.0 61.0 59.0 61.0 
198.0 90.0 69.0 72.0 
56.0 57.0 61.0 57.0 
57.0 56.0 62.0 57.0 
54.0 59.0 60.0 62.0 
194.0 93.0 66.0 71.0 
51.0 59.0 61.0 57.0 
57.0 58.0 58.0 63.0 
57.0 59.0 60.0 63.0 
199.0 91.0 65.0 75.0 
57.0 57.0 57.0 62.0 
50.0 60.0 60.0 60.0 
55.0 60.0 57.0 63.0 
196.0 91.0 68.0 70.0 
51.0 60.0 56.0 62.0 
55.0 58.0 60.0 61.0 
53.0 59.0 60.0 61.0 
194.0 93.0 64.0 75.0 
58.0 57.0 61.0 57.0 
55.0 58.0 60.0 60.0 
52.0 60.0 60.0 60.0 
197.0 90.0 68.0 71.0 
56.0 57.0 60.0 58.0 
54.0 58.0 61.0 58.0 
54.0 62.0 58.0 62.0 
195.0 95.0 65.0 72.0 
52.0 58.0 61.0 57.0 
54.0 60.0 57.0 62.0 
56.0 59.0 60.0 62.0 
195.0 95.0 64.0 74.0 
55.0 58.0 59.0 59.0 
56.0 58.0 60.0 61.0 
54.0 60.0 61.0 60.0 
193.0 94.0 64.0 75.0 
55.0 57.0 59.0 58.0 
58.0 56.0 63.0 59.0 
56.0 58.0 62.0 58.0 
198.0 90.0 68.0 71.0 
53.0 59.0 58.0 60.0 
57.0 56.0 62.0 58.0 
54.0 59.0 60.0 61.0 
195.0 92.0 66.0 73.0 
55.0 58.0 57.0 62.0 
51.0 60.0 60.0 58.0 
56.0 57.0 60.0 62.0 
197.0 93.0 65.0 75.0 
57.0 55.0 61.0 58.0 
58.0 55.0 62.0 58.0 
52.0 60.0 58.0 63.0 
198.0 90.0 68.0 71.0 
57.0 56.0 62.0 57.0 
54.0 58.0 58.0 63.0 
57.0 58.0 60.0 60.0 
195.0 92.0 65.0 74.0 
57.0 55.0 62.0 56.0 
53.0 61.0 58.0 63.0 
54.0 60.0 58.0 62.0 
196.0 92.0 64.0 75.0 
56.0 57.0 59.0 59.0 
52.0 60.0 58.0 62.0 
54.0 58.0 61.0 58.0 
197.0 90.0 67.0 71.0 
54.0 58.0 62.0 61.0 
53.0 60.0 60.0 58.0 
53.0 59.0 63.0 58.0 
195.0 90.0 68.0 71.0 
51.0 60.0 58.0 59.0 
57.0 56.0 62.0 58.0 
54.0 59.0 61.0 60.0 
193.0 92.0 64.0 72.0 
55.0 57.0 61.0 56.0 
58.0 55.0 62.0 58.0 
53.0 61.0 59.0 62.0 
197.0 90.0 67.0 73.0 
57.0 56.0 61.0 57.0 
52.0 61.0 58.0 60.0 
52.0 61.0 59.0 60.0 
196.0 89.0 68.0 72.0 
56.0 57.0 61.0 57.0 
58.0 55.0 62.0 58.0 
53.0 59.0 62.0 59.0 
196.0 92.0 64.0 74.0 
54.0 57.0 62.0 59.0 
55.0 56.0 62.0 60.0 
55.0 56.0 62.0 58.0 
194.0 92.0 65.0 75.0 
55.0 57.0 60.0 59.0 
51.0 61.0 58.0 63.0 
57.0 56.0 62.0 59.0 
192.0 94.0 65.0 74.0 
57.0 57.0 60.0 59.0 
57.0 56.0 62.0 59.0 
56.0 57.0 63.0 58.0 
192.0 95.0 65.0 73.0 
53.0 58.0 60.0 62.0 
53.0 60.0 57.0 62.0 
52.0 62.0 58.0 62.0 
195.0 91.0 66.0 71.0 
52.0 60.0 57.0 60.0 
56.0 59.0 57.0 62.0 
56.0 58.0 60.0 63.0 
192.0 93.0 66.0 72.0 
52.0 59.0 59.0 56.0 
55.0 57.0 62.0 58.0 
52.0 60.0 60.0 61.0 
192.0 95.0 64.0 74.0 
58.0 55.0 61.0 57.0 
55.0 57.0 60.0 58.0 
54.0 59.0 61.0 61.0 
196.0 90.0 67.0 71.0 
51.0 60.0 57.0 62.0 
55.0 56.0 61.0 60.0 
52.0 60.0 59.0 61.0 
196.0 90.0 68.0 71.0 
52.0 60.0 57.0 60.0 
52.0 60.0 58.0 62.0 
57.0 57.0 63.0 58.0 
193.0 92.0 68.0 70.0 
52.0 58.0 62.0 57.0 
55.0 62.0 58.0 61.0 
54.0 62.0 60.0 61.0 
193.0 91.0 68.0 71.0 
53.0 59.0 59.0 58.0 
54.0 58.0 62.0 57.0 
54.0 61.0 57.0 63.0 
192.0 95.0 64.0 75.0 
58.0 55.0 61.0 62.0 
55.0 58.0 60.0 60.0 
56.0 58.0 62.0 58.0 
197.0 90.0 66.0 74.0 
56.0 57.0 61.0 57.0 
56.0 56.0 63.0 58.0 
55.0 58.0 61.0 57.0 
197.0 90.0 68.0 71.0 
55.0 58.0 59.0 58.0 
56.0 58.0 60.0 63.0 
57.0 58.0 58.0 61.0 
196.0 92.0 65.0 75.0 
58.0 57.0 60.0 62.0 
56.0 58.0 58.0 63.0 
55.0 57.0 63.0 58.0 
192.0 92.0 66.0 71.0 
52.0 60.0 57.0 61.0 
51.0 61.0 57.0 62.0 
57.0 56.0 62.0 60.0 
196.0 92.0 66.0 73.0 
59.0 56.0 62.0 57.0 
55.0 56.0 61.0 58.0 
54.0 58.0 60.0 61.0 
196.0 91.0 67.0 71.0 
56.0 57.0 61.0 57.0 
53.0 59.0 58.0 63.0 
55.0 59.0 60.0 59.0 
194.0 93.0 66.0 73.0 
56.0 59.0 58.0 62.0 
51.0 57.0 60.0 60.0 
57.0 57.0 59.0 63.0 
192.0 94.0 65.0 75.0 
57.0 57.0 60.0 61.0 
55.0 58.0 61.0 58.0 
53.0 61.0 60.0 60.0 
195.0 89.0 69.0 71.0 
53.0 59.0 59.0 58.0 
56.0 61.0 58.0 61.0 
55.0 59.0 59.0 63.0 
194.0 91.0 65.0 73.0 
52.0 60.0 57.0 60.0 
58.0 55.0 62.0 60.0 
57.0 57.0 61.0 58.0 
193.0 92.0 64.0 75.0 
55.0 58.0 59.0 60.0 
51.0 61.0 58.0 62.0 
57.0 57.0 61.0 60.0 
194.0 92.0 64.0 73.0 
53.0 59.0 60.0 58.0 
55.0 60.0 59.0 59.0 
51.0 60.0 60.0 58.0 
192.0 93.0 64.0 76.0 
53.0 60.0 57.0 61.0 
55.0 58.0 60.0 60.0 
52.0 60.0 61.0 59.0 
194.0 91.0 66.0 72.0 
54.0 58.0 58.0 62.0 
54.0 59.0 58.0 62.0 
54.0 60.0 59.0 62.0 
196.0 90.0 68.0 71.0 
57.0 56.0 61.0 57.0 
52.0 59.0 60.0 60.0 
51.0 60.0 61.0 60.0 
191.0 93.0 65.0 75.0 
58.0 56.0 60.0 60.0 
56.0 60.0 57.0 61.0 
54.0 62.0 59.0 58.0 
193.0 89.0 68.0 74.0 
56.0 56.0 57.0 62.0 
57.0 58.0 59.0 63.0 
57.0 57.0 61.0 60.0 
194.0 90.0 68.0 73.0 
54.0 58.0 60.0 57.0 
55.0 59.0 60.0 60.0 
57.0 57.0 61.0 59.0 
193.0 94.0 64.0 76.0 
57.0 55.0 62.0 56.0 
54.0 59.0 59.0 62.0 
58.0 56.0 62.0 59.0 
194.0 91.0 68.0 71.0 
55.0 57.0 60.0 57.0 
54.0 60.0 59.0 63.0 
54.0 59.0 60.0 59.0 
193.0 91.0 69.0 71.0 
59.0 56.0 58.0 62.0 
56.0 59.0 58.0 61.0 
56.0 58.0 59.0 61.0 
192.0 95.0 65.0 74.0 
55.0 58.0 57.0 61.0 
52.0 60.0 58.0 62.0 
58.0 57.0 63.0 59.0 
190.0 94.0 65.0 75.0 
58.0 54.0 62.0 57.0 
54.0 60.0 59.0 61.0 
57.0 57.0 61.0 60.0 
192.0 92.0 66.0 75.0 
58.0 56.0 62.0 61.0 
54.0 58.0 58.0 60.0 
57.0 57.0 60.0 61.0 
196.0 90.0 66.0 74.0 
57.0 56.0 60.0 60.0 
53.0 60.0 60.0 62.0 
54.0 59.0 61.0 56.0 
195.0 93.0 69.0 72.0 
53.0 57.0 62.0 56.0 
59.0 57.0 61.0 59.0 
53.0 60.0 60.0 60.0 
195.0 89.0 70.0 72.0 
54.0 59.0 59.0 58.0 
53.0 59.0 59.0 60.0 
54.0 58.0 61.0 61.0 
192.0 94.0 64.0 77.0 
58.0 56.0 61.0 57.0 
54.0 59.0 60.0 61.0 
58.0 56.0 63.0 60.0 
193.0 91.0 66.0 75.0 
55.0 56.0 61.0 57.0 
55.0 57.0 61.0 58.0 
55.0 57.0 62.0 58.0 
192.0 94.0 65.0 76.0 
55.0 56.0 62.0 57.0 
57.0 57.0 61.0 61.0 
56.0 60.0 59.0 62.0 
190.0 90.0 70.0 73.0 
55.0 55.0 61.0 58.0 
57.0 59.0 59.0 63.0 
57.0 57.0 61.0 61.0 
193.0 91.0 68.0 73.0 
52.0 59.0 59.0 57.0 
53.0 61.0 59.0 60.0 
54.0 59.0 58.0 63.0 
195.0 90.0 70.0 72.0 
56.0 58.0 60.0 58.0 
55.0 58.0 60.0 59.0 
53.0 59.0 60.0 59.0 
192.0 92.0 67.0 72.0 
54.0 58.0 60.0 58.0 
54.0 59.0 59.0 60.0 
58.0 56.0 62.0 58.0 
194.0 92.0 67.0 76.0 
56.0 59.0 57.0 59.0 
56.0 56.0 60.0 62.0 
57.0 60.0 59.0 63.0 
191.0 92.0 67.0 72.0 
52.0 60.0 57.0 60.0 
51.0 61.0 59.0 61.0 
58.0 56.0 63.0 58.0 
195.0 89.0 68.0 72.0 
57.0 55.0 62.0 58.0 
54.0 59.0 59.0 60.0 
55.0 59.0 60.0 61.0 
193.0 93.0 67.0 77.0 
55.0 57.0 59.0 60.0 
53.0 58.0 60.0 60.0 
52.0 61.0 60.0 60.0 
192.0 93.0 66.0 76.0 
58.0 56.0 61.0 57.0 
56.0 56.0 61.0 59.0 
55.0 57.0 63.0 61.0 
194.0 92.0 65.0 73.0 
54.0 57.0 60.0 59.0 
51.0 59.0 62.0 59.0 
55.0 57.0 61.0 64.0 
192.0 90.0 69.0 72.0 
54.0 58.0 59.0 58.0 
58.0 58.0 60.0 60.0 
54.0 60.0 60.0 61.0 
196.0 91.0 68.0 73.0 
54.0 58.0 60.0 59.0 
54.0 59.0 60.0 63.0 
55.0 58.0 60.0 61.0 
190.0 93.0 67.0 74.0 
51.0 61.0 58.0 60.0 
58.0 57.0 61.0 60.0 
57.0 56.0 63.0 57.0 
191.0 93.0 68.0 74.0 
55.0 57.0 58.0 62.0 
51.0 58.0 62.0 56.0 
54.0 56.0 61.0 62.0 
192.0 90.0 69.0 75.0 
54.0 60.0 58.0 59.0 
53.0 61.0 59.0 60.0 
55.0 59.0 58.0 62.0 
190.0 92.0 68.0 73.0 
55.0 58.0 58.0 61.0 
55.0 56.0 60.0 59.0 
52.0 61.0 59.0 61.0 
192.0 91.0 67.0 74.0 
52.0 60.0 58.0 63.0 
57.0 57.0 61.0 58.0 
55.0 59.0 60.0 58.0 
189.0 93.0 68.0 74.0 
52.0 59.0 58.0 61.0 
57.0 58.0 60.0 59.0 
56.0 58.0 62.0 60.0 
187.0 93.0 69.0 72.0 
53.0 57.0 62.0 58.0 
51.0 58.0 60.0 58.0 
52.0 61.0 59.0 60.0 
191.0 88.0 71.0 74.0 
54.0 57.0 60.0 56.0 
56.0 56.0 63.0 57.0 
54.0 62.0 58.0 63.0 
191.0 90.0 70.0 73.0 
55.0 58.0 58.0 59.0 
57.0 55.0 62.0 58.0 
55.0 59.0 60.0 59.0 
193.0 87.0 70.0 72.0 
55.0 58.0 60.0 58.0 
56.0 58.0 58.0 62.0 
55.0 58.0 61.0 60.0 
187.0 90.0 67.0 73.0 
58.0 56.0 62.0 57.0 
54.0 60.0 58.0 62.0 
56.0 59.0 58.0 61.0 
188.0 92.0 69.0 71.0 
54.0 57.0 60.0 58.0 
56.0 59.0 59.0 63.0 
58.0 58.0 61.0 61.0 
192.0 88.0 68.0 73.0 
54.0 58.0 60.0 57.0 
54.0 58.0 59.0 60.0 
57.0 56.0 61.0 61.0 
188.0 88.0 68.0 71.0 
55.0 58.0 59.0 59.0 
56.0 56.0 62.0 58.0 
55.0 59.0 59.0 59.0 
192.0 88.0 69.0 74.0 
58.0 56.0 60.0 59.0 
55.0 61.0 58.0 63.0 
55.0 58.0 61.0 60.0 
187.0 90.0 68.0 73.0 
55.0 60.0 57.0 60.0 
54.0 56.0 61.0 62.0 
56.0 60.0 58.0 60.0 
190.0 88.0 66.0 76.0 
59.0 56.0 59.0 59.0 
56.0 58.0 60.0 61.0 
55.0 59.0 60.0 59.0 
187.0 91.0 66.0 75.0 
58.0 55.0 61.0 57.0 
59.0 56.0 60.0 59.0 
52.0 61.0 59.0 61.0 
189.0 89.0 68.0 73.0 
53.0 58.0 59.0 59.0 
51.0 60.0 59.0 60.0 
52.0 61.0 59.0 59.0 
187.0 92.0 66.0 77.0 
54.0 58.0 59.0 59.0 
53.0 61.0 58.0 62.0 
55.0 57.0 64.0 58.0 
189.0 91.0 66.0 74.0 
55.0 58.0 61.0 58.0 
55.0 60.0 59.0 59.0 
53.0 62.0 60.0 60.0 
190.0 89.0 69.0 72.0 
56.0 58.0 59.0 58.0 
53.0 61.0 58.0 62.0 
57.0 56.0 61.0 57.0 
188.0 90.0 67.0 71.0 
53.0 60.0 57.0 61.0 
55.0 58.0 63.0 57.0 
54.0 60.0 59.0 60.0 
189.0 91.0 66.0 76.0 
55.0 58.0 58.0 61.0 
57.0 56.0 63.0 57.0 
57.0 56.0 63.0 60.0 
192.0 87.0 69.0 71.0 
55.0 57.0 59.0 60.0 
55.0 58.0 58.0 64.0 
56.0 60.0 59.0 60.0 
187.0 90.0 67.0 74.0 
56.0 57.0 59.0 62.0 
52.0 60.0 60.0 58.0 
52.0 61.0 59.0 61.0 
189.0 90.0 65.0 76.0 
55.0 59.0 57.0 62.0 
57.0 55.0 63.0 57.0 
53.0 60.0 58.0 63.0 
191.0 87.0 69.0 72.0 
52.0 61.0 58.0 62.0 
54.0 57.0 60.0 59.0 
51.0 61.0 58.0 63.0 
191.0 88.0 69.0 74.0 
58.0 57.0 60.0 60.0 
55.0 58.0 62.0 57.0 
55.0 59.0 61.0 59.0 
192.0 88.0 69.0 74.0 
57.0 55.0 59.0 59.0 
51.0 59.0 60.0 58.0 
51.0 60.0 61.0 60.0 
191.0 90.0 65.0 76.0 
57.0 58.0 58.0 61.0 
54.0 59.0 61.0 58.0 
55.0 59.0 59.0 61.0 
190.0 89.0 68.0 73.0 
52.0 61.0 58.0 61.0 
54.0 60.0 58.0 63.0 
55.0 59.0 60.0 61.0 
188.0 89.0 67.0 76.0 
55.0 59.0 59.0 60.0 
54.0 59.0 60.0 61.0 
52.0 61.0 57.0 63.0 
189.0 91.0 65.0 77.0 
54.0 59.0 57.0 63.0 
56.0 57.0 62.0 59.0 
53.0 58.0 62.0 58.0 
190.0 87.0 67.0 76.0 
54.0 61.0 59.0 57.0 
54.0 60.0 59.0 60.0 
56.0 59.0 60.0 62.0 
192.0 88.0 67.0 72.0 
55.0 56.0 62.0 57.0 
58.0 57.0 60.0 60.0 
54.0 60.0 60.0 60.0 
188.0 90.0 65.0 74.0 
58.0 56.0 61.0 58.0 
56.0 57.0 61.0 59.0 
58.0 57.0 64.0 58.0 
188.0 89.0 64.0 74.0 
54.0 57.0 59.0 57.0 
55.0 59.0 60.0 60.0 
53.0 61.0 59.0 61.0 
187.0 91.0 63.0 74.0 
58.0 55.0 62.0 57.0 
52.0 62.0 59.0 59.0 
54.0 59.0 60.0 61.0 
189.0 91.0 63.0 74.0 
56.0 59.0 58.0 62.0 
54.0 61.0 59.0 62.0 
58.0 56.0 61.0 59.0 
186.0 91.0 64.0 74.0 
58.0 55.0 61.0 58.0 
54.0 58.0 59.0 60.0 
54.0 61.0 58.0 64.0 
191.0 87.0 68.0 70.0 
55.0 57.0 59.0 59.0 
54.0 60.0 59.0 62.0 
54.0 60.0 58.0 63.0 
186.0 91.0 64.0 74.0 
58.0 55.0 61.0 57.0 
56.0 57.0 61.0 59.0 
52.0 62.0 58.0 63.0 
185.0 90.0 65.0 73.0 
56.0 60.0 58.0 59.0 
57.0 59.0 58.0 62.0 
52.0 60.0 61.0 58.0 
190.0 87.0 68.0 71.0 
52.0 59.0 58.0 59.0 
52.0 59.0 60.0 59.0 
53.0 61.0 59.0 61.0 
187.0 89.0 65.0 72.0 
56.0 58.0 58.0 58.0 
54.0 61.0 58.0 63.0 
55.0 57.0 62.0 58.0 
185.0 91.0 64.0 74.0 
53.0 60.0 58.0 62.0 
52.0 61.0 60.0 60.0 
53.0 59.0 60.0 59.0 
188.0 88.0 67.0 70.0 
55.0 59.0 59.0 59.0 
58.0 57.0 61.0 59.0 
55.0 56.0 62.0 60.0 
185.0 89.0 67.0 73.0 
59.0 59.0 58.0 61.0 
55.0 57.0 62.0 59.0 
55.0 57.0 62.0 60.0 
186.0 90.0 65.0 73.0 
55.0 60.0 57.0 61.0 
52.0 60.0 58.0 61.0 
57.0 57.0 61.0 59.0 
187.0 89.0 66.0 72.0 
54.0 58.0 59.0 58.0 
55.0 57.0 61.0 58.0 
52.0 61.0 58.0 61.0 
188.0 89.0 67.0 71.0 
55.0 56.0 61.0 57.0 
54.0 60.0 58.0 62.0 
53.0 62.0 58.0 62.0 
186.0 91.0 65.0 74.0 
56.0 58.0 57.0 61.0 
52.0 58.0 62.0 58.0 
55.0 57.0 62.0 59.0 
187.0 91.0 66.0 71.0 
52.0 60.0 59.0 59.0 
57.0 56.0 61.0 58.0 
54.0 59.0 60.0 59.0 
187.0 89.0 64.0 75.0 
58.0 55.0 61.0 57.0 
56.0 59.0 60.0 58.0 
51.0 61.0 59.0 62.0 
187.0 90.0 64.0 75.0 
56.0 57.0 61.0 57.0 
53.0 60.0 58.0 61.0 
58.0 56.0 62.0 57.0 
187.0 88.0 67.0 71.0 
55.0 57.0 60.0 57.0 
54.0 59.0 58.0 61.0 
59.0 57.0 62.0 59.0 
185.0 88.0 68.0 71.0 
55.0 56.0 60.0 61.0 
52.0 60.0 58.0 59.0 
53.0 62.0 59.0 60.0 
189.0 88.0 64.0 75.0 
52.0 61.0 58.0 59.0 
55.0 60.0 57.0 62.0 
58.0 56.0 62.0 58.0 
189.0 85.0 68.0 72.0 
52.0 61.0 57.0 62.0 
55.0 59.0 60.0 61.0 
53.0 61.0 59.0 62.0 
187.0 90.0 66.0 73.0 
54.0 59.0 59.0 60.0 
54.0 59.0 59.0 60.0 
51.0 62.0 58.0 62.0 
191.0 88.0 66.0 74.0 
57.0 57.0 60.0 60.0 
52.0 60.0 59.0 61.0 
56.0 59.0 58.0 63.0 
187.0 90.0 69.0 71.0 
53.0 57.0 61.0 57.0 
52.0 62.0 58.0 61.0 
57.0 57.0 60.0 60.0 
188.0 87.0 66.0 73.0 
54.0 58.0 59.0 58.0 
52.0 60.0 57.0 62.0 
58.0 56.0 62.0 60.0 
186.0 90.0 66.0 75.0 
58.0 57.0 61.0 57.0 
53.0 60.0 57.0 63.0 
54.0 60.0 58.0 62.0 
185.0 89.0 66.0 74.0 
53.0 60.0 57.0 61.0 
57.0 57.0 60.0 58.0 
53.0 62.0 58.0 63.0 
189.0 86.0 67.0 71.0 
57.0 57.0 59.0 62.0 
56.0 58.0 58.0 61.0 
53.0 61.0 61.0 59.0 
189.0 87.0 67.0 72.0 
55.0 57.0 61.0 56.0 
55.0 56.0 63.0 56.0 
53.0 61.0 61.0 60.0 
186.0 89.0 67.0 71.0 
55.0 58.0 59.0 61.0 
54.0 61.0 57.0 61.0 
56.0 59.0 60.0 64.0 
185.0 90.0 64.0 75.0 
55.0 57.0 58.0 57.0 
54.0 58.0 59.0 59.0 
52.0 59.0 60.0 60.0 
187.0 89.0 66.0 72.0 
53.0 60.0 58.0 60.0 
51.0 61.0 57.0 63.0 
57.0 57.0 62.0 59.0 
186.0 88.0 69.0 72.0 
53.0 56.0 58.0 59.0 
56.0 56.0 59.0 61.0 
56.0 60.0 58.0 60.0 
186.0 87.0 65.0 74.0 
55.0 56.0 61.0 57.0 
56.0 58.0 60.0 62.0 
57.0 57.0 64.0 58.0 
189.0 86.0 68.0 71.0 
54.0 58.0 59.0 59.0 
52.0 59.0 60.0 60.0 
57.0 56.0 62.0 57.0 
185.0 89.0 65.0 71.0 
55.0 57.0 59.0 61.0 
55.0 59.0 57.0 62.0 
53.0 62.0 58.0 60.0 
189.0 85.0 68.0 69.0 
52.0 61.0 57.0 62.0 
51.0 61.0 59.0 60.0 
52.0 60.0 60.0 58.0 
184.0 90.0 66.0 69.0 
56.0 57.0 60.0 59.0 
52.0 59.0 59.0 59.0 
52.0 61.0 58.0 60.0 
186.0 89.0 65.0 74.0 
58.0 56.0 61.0 61.0 
58.0 57.0 62.0 57.0 
53.0 61.0 58.0 63.0 
185.0 88.0 67.0 72.0 
55.0 58.0 58.0 60.0 
52.0 62.0 57.0 61.0 
54.0 59.0 61.0 61.0 
185.0 87.0 68.0 70.0 
58.0 57.0 58.0 60.0 
57.0 56.0 62.0 59.0 
58.0 58.0 60.0 60.0 
183.0 91.0 65.0 73.0 
57.0 59.0 57.0 60.0 
54.0 57.0 61.0 60.0 
55.0 56.0 61.0 60.0 
183.0 89.0 68.0 71.0 
55.0 55.0 61.0 59.0 
56.0 59.0 58.0 62.0 
57.0 58.0 60.0 60.0 
189.0 87.0 67.0 73.0 
58.0 55.0 61.0 57.0 
52.0 61.0 58.0 63.0 
55.0 58.0 60.0 60.0 
189.0 86.0 68.0 71.0 
54.0 58.0 59.0 60.0 
58.0 57.0 62.0 58.0 
56.0 57.0 62.0 58.0 
189.0 86.0 68.0 72.0 
57.0 56.0 62.0 57.0 
54.0 60.0 59.0 61.0 
57.0 57.0 61.0 60.0 
189.0 86.0 67.0 74.0 
57.0 58.0 58.0 58.0 
53.0 58.0 60.0 57.0 
51.0 61.0 60.0 61.0 
183.0 89.0 68.0 71.0 
52.0 60.0 58.0 59.0 
53.0 60.0 60.0 59.0 
56.0 59.0 59.0 60.0 
183.0 86.0 69.0 71.0 
55.0 58.0 58.0 59.0 
57.0 55.0 62.0 57.0 
56.0 58.0 62.0 57.0 
183.0 89.0 66.0 76.0 
54.0 58.0 59.0 60.0 
55.0 58.0 60.0 60.0 
52.0 61.0 59.0 61.0 
188.0 86.0 68.0 70.0 
53.0 60.0 57.0 61.0 
54.0 60.0 59.0 57.0 
54.0 59.0 61.0 60.0 
187.0 90.0 65.0 75.0 
53.0 60.0 57.0 59.0 
56.0 59.0 60.0 60.0 
54.0 60.0 60.0 61.0 
189.0 86.0 68.0 70.0 
53.0 59.0 58.0 61.0 
53.0 61.0 58.0 62.0 
57.0 59.0 60.0 63.0 
187.0 87.0 67.0 70.0 
53.0 59.0 57.0 60.0 
57.0 57.0 59.0 60.0 
58.0 57.0 61.0 60.0 
186.0 86.0 69.0 70.0 
57.0 57.0 61.0 62.0 
54.0 59.0 59.0 61.0 
58.0 56.0 63.0 58.0 
187.0 87.0 65.0 75.0 
57.0 57.0 57.0 60.0 
56.0 59.0 58.0 61.0 
55.0 60.0 59.0 61.0 
182.0 89.0 65.0 73.0 
57.0 58.0 59.0 58.0 
58.0 56.0 62.0 58.0 
54.0 59.0 60.0 60.0 
183.0 89.0 67.0 71.0 
55.0 58.0 59.0 62.0 
55.0 59.0 59.0 61.0 
55.0 59.0 59.0 61.0 
187.0 86.0 68.0 69.0 
57.0 57.0 61.0 56.0 
54.0 60.0 58.0 62.0 
53.0 61.0 58.0 61.0 
187.0 85.0 68.0 70.0 
54.0 57.0 58.0 59.0 
56.0 58.0 58.0 62.0 
57.0 58.0 60.0 62.0 
188.0 88.0 65.0 73.0 
52.0 59.0 60.0 56.0 
56.0 57.0 58.0 62.0 
57.0 60.0 57.0 62.0 
183.0 91.0 65.0 72.0 
55.0 59.0 57.0 62.0 
53.0 61.0 58.0 61.0 
58.0 56.0 62.0 59.0 
185.0 88.0 64.0 75.0 
57.0 56.0 61.0 62.0 
56.0 57.0 62.0 57.0 
56.0 58.0 61.0 60.0 
187.0 87.0 66.0 74.0 
57.0 57.0 59.0 61.0 
53.0 62.0 58.0 60.0 
51.0 62.0 59.0 60.0 
187.0 86.0 68.0 70.0 
53.0 58.0 60.0 56.0 
59.0 57.0 59.0 64.0 
56.0 59.0 59.0 63.0 
184.0 86.0 67.0 72.0 
56.0 55.0 60.0 59.0 
55.0 61.0 58.0 62.0 
57.0 57.0 61.0 60.0 
184.0 87.0 68.0 70.0 
55.0 59.0 58.0 61.0 
57.0 57.0 61.0 58.0 
52.0 61.0 59.0 63.0 
182.0 90.0 64.0 74.0 
52.0 60.0 57.0 62.0 
56.0 58.0 60.0 59.0 
57.0 57.0 61.0 58.0 
182.0 88.0 68.0 70.0 
57.0 56.0 62.0 59.0 
53.0 59.0 60.0 59.0 
52.0 62.0 58.0 61.0 
183.0 89.0 65.0 72.0 
51.0 60.0 59.0 58.0 
57.0 55.0 62.0 58.0 
54.0 59.0 61.0 59.0 
182.0 85.0 68.0 72.0 
54.0 57.0 61.0 60.0 
55.0 58.0 62.0 56.0 
54.0 61.0 59.0 63.0 
184.0 88.0 67.0 72.0 
58.0 56.0 60.0 58.0 
54.0 61.0 57.0 61.0 
54.0 60.0 59.0 62.0 
186.0 86.0 69.0 70.0 
54.0 60.0 57.0 61.0 
57.0 56.0 61.0 57.0 
55.0 60.0 60.0 60.0 
182.0 90.0 64.0 75.0 
54.0 59.0 60.0 60.0 
53.0 61.0 59.0 60.0 
56.0 59.0 58.0 61.0 
181.0 89.0 66.0 69.0 
51.0 59.0 59.0 58.0 
56.0 55.0 62.0 58.0 
52.0 61.0 59.0 62.0 
184.0 88.0 64.0 74.0 
54.0 60.0 57.0 62.0 
56.0 56.0 62.0 56.0 
54.0 59.0 59.0 63.0 
181.0 91.0 64.0 75.0 
56.0 58.0 58.0 59.0 
54.0 59.0 60.0 59.0 
53.0 59.0 60.0 59.0 
182.0 88.0 66.0 73.0 
53.0 60.0 57.0 62.0 
57.0 56.0 63.0 57.0 
55.0 59.0 60.0 61.0 
187.0 86.0 69.0 70.0 
53.0 60.0 58.0 59.0 
57.0 55.0 59.0 60.0 
58.0 60.0 58.0 62.0 
184.0 86.0 68.0 72.0 
55.0 58.0 59.0 57.0 
57.0 58.0 59.0 61.0 
55.0 57.0 63.0 57.0 
186.0 87.0 68.0 72.0 
52.0 60.0 57.0 61.0 
52.0 60.0 58.0 59.0 
54.0 59.0 60.0 62.0 
181.0 91.0 64.0 76.0 
55.0 59.0 58.0 62.0 
56.0 57.0 62.0 58.0 
55.0 60.0 61.0 59.0 
186.0 88.0 66.0 73.0 
58.0 55.0 61.0 56.0 
53.0 59.0 59.0 60.0 
57.0 59.0 59.0 62.0 
182.0 90.0 64.0 72.0 
56.0 57.0 58.0 62.0 
57.0 60.0 57.0 59.0 
55.0 62.0 59.0 60.0 
184.0 88.0 66.0 74.0 
54.0 59.0 58.0 59.0 
55.0 57.0 62.0 57.0 
53.0 61.0 57.0 61.0 
185.0 85.0 68.0 71.0 
52.0 61.0 57.0 61.0 
53.0 61.0 58.0 61.0 
58.0 56.0 62.0 57.0 
182.0 90.0 65.0 75.0 
54.0 60.0 57.0 61.0 
56.0 59.0 59.0 63.0 
52.0 61.0 60.0 59.0 
183.0 88.0 67.0 74.0 
55.0 57.0 62.0 57.0 
53.0 62.0 59.0 58.0 
52.0 59.0 61.0 59.0 
180.0 87.0 69.0 72.0 
55.0 56.0 60.0 59.0 
55.0 61.0 58.0 61.0 
57.0 58.0 60.0 63.0 
183.0 85.0 69.0 72.0 
53.0 57.0 59.0 58.0 
54.0 59.0 60.0 60.0 
56.0 58.0 61.0 59.0 
184.0 86.0 69.0 70.0 
55.0 59.0 58.0 60.0 
58.0 56.0 62.0 59.0 
57.0 57.0 61.0 59.0 
184.0 86.0 69.0 72.0 
53.0 58.0 58.0 58.0 
55.0 59.0 60.0 58.0 
53.0 59.0 59.0 60.0 
179.0 89.0 66.0 72.0 
54.0 59.0 58.0 59.0 
58.0 57.0 59.0 63.0 
59.0 58.0 60.0 63.0 
184.0 86.0 69.0 75.0 
58.0 56.0 59.0 61.0 
54.0 61.0 58.0 60.0 
56.0 59.0 60.0 62.0 
184.0 86.0 68.0 72.0 
53.0 59.0 58.0 57.0 
53.0 60.0 57.0 62.0 
58.0 57.0 62.0 57.0 
182.0 87.0 66.0 72.0 
57.0 56.0 61.0 58.0 
54.0 59.0 59.0 59.0 
52.0 61.0 57.0 63.0 
180.0 90.0 65.0 73.0 
52.0 62.0 57.0 61.0 
57.0 57.0 61.0 59.0 
54.0 59.0 62.0 58.0 
181.0 90.0 66.0 73.0 
52.0 56.0 61.0 58.0 
54.0 61.0 60.0 57.0 
52.0 61.0 59.0 60.0 
179.0 91.0 65.0 75.0 
58.0 58.0 59.0 61.0 
56.0 59.0 59.0 62.0 
55.0 58.0 61.0 60.0 
180.0 90.0 66.0 73.0 
55.0 58.0 59.0 59.0 
55.0 58.0 60.0 61.0 
55.0 59.0 60.0 60.0 
184.0 87.0 66.0 74.0 
57.0 57.0 59.0 59.0 
55.0 58.0 59.0 57.0 
55.0 59.0 62.0 58.0 
183.0 88.0 66.0 73.0 
59.0 57.0 58.0 61.0 
54.0 61.0 58.0 58.0 
52.0 59.0 62.0 58.0 
184.0 85.0 67.0 74.0 
58.0 55.0 60.0 59.0 
55.0 58.0 57.0 60.0 
57.0 56.0 62.0 58.0 
185.0 86.0 68.0 71.0 
52.0 60.0 58.0 60.0 
55.0 59.0 61.0 57.0 
52.0 60.0 60.0 61.0 
182.0 88.0 67.0 71.0 
52.0 60.0 57.0 59.0 
59.0 56.0 60.0 60.0 
58.0 57.0 62.0 59.0 
181.0 89.0 65.0 75.0 
55.0 57.0 59.0 58.0 
53.0 61.0 58.0 62.0 
55.0 59.0 61.0 59.0 
181.0 88.0 69.0 70.0 
53.0 57.0 61.0 59.0 
54.0 61.0 60.0 57.0 
53.0 58.0 62.0 59.0 
181.0 88.0 67.0 70.0 
55.0 56.0 62.0 56.0 
51.0 61.0 58.0 62.0 
58.0 57.0 61.0 60.0 
184.0 86.0 68.0 71.0 
52.0 59.0 59.0 57.0 
57.0 55.0 61.0 58.0 
54.0 59.0 61.0 58.0 
181.0 90.0 65.0 75.0 
54.0 59.0 58.0 61.0 
55.0 57.0 61.0 58.0 
55.0 58.0 60.0 57.0 
180.0 88.0 67.0 72.0 
52.0 61.0 57.0 58.0 
57.0 57.0 61.0 58.0 
54.0 59.0 62.0 57.0 
182.0 89.0 66.0 71.0 
53.0 58.0 61.0 57.0 
54.0 59.0 60.0 57.0 
52.0 60.0 60.0 60.0 
183.0 87.0 67.0 73.0 
54.0 59.0 59.0 60.0 
52.0 60.0 59.0 60.0 
54.0 60.0 60.0 60.0 
180.0 87.0 69.0 71.0 
52.0 61.0 57.0 61.0 
54.0 61.0 58.0 62.0 
54.0 59.0 60.0 61.0 
182.0 87.0 66.0 74.0 
55.0 58.0 58.0 62.0 
57.0 57.0 62.0 58.0 
58.0 56.0 62.0 59.0 
178.0 90.0 64.0 75.0 
56.0 58.0 57.0 61.0 
57.0 59.0 57.0 60.0 
56.0 62.0 59.0 60.0 
182.0 88.0 67.0 72.0 
54.0 60.0 59.0 57.0 
57.0 56.0 62.0 59.0 
54.0 58.0 62.0 58.0 
180.0 86.0 69.0 70.0 
52.0 60.0 57.0 62.0 
56.0 58.0 61.0 59.0 
52.0 61.0 59.0 62.0 
183.0 86.0 67.0 72.0 
53.0 59.0 58.0 57.0 
55.0 58.0 59.0 60.0 
52.0 60.0 59.0 63.0 
180.0 88.0 67.0 73.0 
52.0 58.0 60.0 58.0 
55.0 58.0 61.0 57.0 
52.0 62.0 58.0 63.0 
179.0 87.0 69.0 71.0 
54.0 57.0 60.0 58.0 
55.0 61.0 58.0 60.0 
55.0 60.0 58.0 64.0 
183.0 87.0 66.0 74.0 
58.0 56.0 59.0 60.0 
56.0 58.0 60.0 61.0 
55.0 58.0 61.0 58.0 
183.0 84.0 69.0 70.0 
55.0 59.0 57.0 61.0 
57.0 56.0 61.0 57.0 
55.0 57.0 61.0 59.0 
181.0 87.0 67.0 73.0 
52.0 60.0 58.0 63.0 
55.0 58.0 59.0 61.0 
56.0 59.0 60.0 60.0 
183.0 86.0 69.0 70.0 
56.0 57.0 59.0 59.0 
58.0 57.0 61.0 60.0 
57.0 58.0 61.0 62.0 
180.0 85.0 68.0 72.0 
56.0 56.0 61.0 59.0 
59.0 57.0 61.0 58.0 
54.0 60.0 60.0 61.0 
182.0 88.0 64.0 76.0 
58.0 56.0 61.0 62.0 
57.0 56.0 62.0 57.0 
53.0 62.0 58.0 63.0 
182.0 87.0 66.0 72.0 
53.0 60.0 57.0 62.0 
53.0 61.0 58.0 61.0 
53.0 62.0 58.0 61.0 
