84.0 59.0 71.0 73.0 
61.0 58.0 61.0 62.0 
58.0 58.0 60.0 61.0 
59.0 59.0 59.0 60.0 
84.0 57.0 72.0 73.0 
60.0 57.0 61.0 63.0 
59.0 58.0 60.0 61.0 
59.0 59.0 59.0 60.0 
84.0 59.0 71.0 74.0 
60.0 58.0 60.0 62.0 
60.0 58.0 60.0 62.0 
60.0 59.0 59.0 60.0 
85.0 58.0 71.0 73.0 
59.0 58.0 60.0 63.0 
59.0 58.0 61.0 61.0 
59.0 59.0 58.0 60.0 
85.0 58.0 71.0 74.0 
61.0 58.0 61.0 63.0 
61.0 58.0 60.0 61.0 
60.0 59.0 59.0 61.0 
85.0 58.0 71.0 73.0 
60.0 57.0 61.0 63.0 
60.0 58.0 62.0 61.0 
60.0 59.0 58.0 61.0 
84.0 59.0 71.0 73.0 
61.0 57.0 60.0 63.0 
60.0 59.0 60.0 61.0 
60.0 59.0 59.0 60.0 
85.0 59.0 72.0 73.0 
60.0 59.0 60.0 62.0 
60.0 58.0 60.0 61.0 
59.0 60.0 59.0 60.0 
84.0 59.0 71.0 73.0 
59.0 57.0 60.0 62.0 
58.0 58.0 60.0 62.0 
59.0 59.0 59.0 60.0 
84.0 59.0 71.0 73.0 
60.0 58.0 61.0 62.0 
60.0 57.0 60.0 61.0 
60.0 59.0 59.0 60.0 
84.0 58.0 71.0 74.0 
60.0 57.0 61.0 63.0 
61.0 58.0 61.0 62.0 
60.0 59.0 60.0 61.0 
84.0 58.0 71.0 73.0 
60.0 58.0 61.0 62.0 
60.0 58.0 60.0 62.0 
61.0 58.0 60.0 61.0 
84.0 59.0 71.0 74.0 
60.0 58.0 61.0 62.0 
60.0 58.0 61.0 61.0 
59.0 59.0 59.0 61.0 
84.0 58.0 71.0 72.0 
61.0 58.0 60.0 62.0 
60.0 58.0 60.0 60.0 
60.0 58.0 59.0 60.0 
84.0 57.0 71.0 73.0 
60.0 58.0 61.0 63.0 
60.0 58.0 59.0 61.0 
60.0 59.0 60.0 61.0 
84.0 58.0 71.0 73.0 
60.0 58.0 61.0 63.0 
60.0 58.0 60.0 62.0 
60.0 59.0 60.0 60.0 
84.0 59.0 71.0 74.0 
60.0 57.0 61.0 62.0 
60.0 58.0 60.0 61.0 
59.0 59.0 59.0 60.0 
84.0 58.0 72.0 74.0 
60.0 60.0 60.0 62.0 
60.0 58.0 60.0 62.0 
60.0 58.0 59.0 59.0 
84.0 58.0 71.0 73.0 
60.0 58.0 61.0 62.0 
59.0 59.0 60.0 62.0 
61.0 59.0 60.0 61.0 
84.0 59.0 72.0 73.0 
60.0 57.0 61.0 62.0 
60.0 58.0 61.0 62.0 
60.0 58.0 59.0 60.0 
85.0 58.0 71.0 73.0 
60.0 57.0 61.0 62.0 
60.0 58.0 60.0 62.0 
60.0 59.0 61.0 60.0 
84.0 59.0 71.0 73.0 
61.0 58.0 61.0 63.0 
60.0 58.0 61.0 62.0 
60.0 59.0 60.0 61.0 
84.0 58.0 69.0 73.0 
60.0 58.0 61.0 62.0 
61.0 58.0 60.0 61.0 
60.0 59.0 60.0 61.0 
84.0 59.0 71.0 73.0 
60.0 57.0 61.0 63.0 
60.0 58.0 60.0 62.0 
60.0 58.0 59.0 61.0 
85.0 58.0 72.0 74.0 
59.0 58.0 61.0 63.0 
59.0 58.0 60.0 62.0 
60.0 59.0 58.0 61.0 
84.0 59.0 71.0 73.0 
61.0 57.0 61.0 62.0 
60.0 58.0 60.0 62.0 
60.0 59.0 59.0 61.0 
84.0 58.0 71.0 73.0 
61.0 59.0 62.0 63.0 
61.0 59.0 60.0 62.0 
61.0 58.0 59.0 60.0 
83.0 58.0 71.0 73.0 
60.0 58.0 62.0 63.0 
61.0 58.0 60.0 62.0 
59.0 59.0 61.0 61.0 
83.0 58.0 71.0 73.0 
61.0 58.0 61.0 63.0 
60.0 59.0 60.0 62.0 
60.0 59.0 60.0 60.0 
83.0 58.0 71.0 72.0 
59.0 58.0 61.0 62.0 
61.0 58.0 60.0 61.0 
60.0 58.0 59.0 60.0 
84.0 59.0 72.0 73.0 
60.0 58.0 62.0 63.0 
60.0 58.0 62.0 62.0 
59.0 59.0 59.0 60.0 
84.0 58.0 71.0 73.0 
60.0 59.0 63.0 62.0 
61.0 58.0 61.0 62.0 
60.0 60.0 59.0 60.0 
84.0 58.0 71.0 73.0 
60.0 58.0 60.0 62.0 
60.0 58.0 61.0 61.0 
60.0 59.0 60.0 61.0 
84.0 58.0 71.0 74.0 
60.0 57.0 61.0 63.0 
60.0 58.0 60.0 62.0 
59.0 59.0 59.0 60.0 
84.0 59.0 71.0 74.0 
60.0 58.0 61.0 62.0 
59.0 58.0 60.0 62.0 
60.0 59.0 60.0 60.0 
83.0 59.0 71.0 72.0 
60.0 57.0 62.0 62.0 
60.0 56.0 59.0 61.0 
61.0 59.0 60.0 62.0 
83.0 58.0 71.0 74.0 
60.0 58.0 61.0 63.0 
60.0 59.0 60.0 62.0 
60.0 59.0 59.0 61.0 
84.0 59.0 71.0 74.0 
60.0 57.0 62.0 62.0 
60.0 58.0 61.0 62.0 
59.0 58.0 60.0 61.0 
84.0 58.0 72.0 74.0 
60.0 59.0 60.0 62.0 
60.0 59.0 61.0 62.0 
60.0 60.0 60.0 61.0 
84.0 59.0 71.0 74.0 
61.0 57.0 61.0 63.0 
61.0 58.0 61.0 62.0 
60.0 60.0 60.0 61.0 
84.0 60.0 71.0 73.0 
61.0 57.0 60.0 63.0 
60.0 58.0 60.0 62.0 
61.0 59.0 60.0 60.0 
84.0 58.0 72.0 73.0 
61.0 57.0 62.0 63.0 
61.0 58.0 60.0 61.0 
59.0 58.0 60.0 61.0 
84.0 59.0 71.0 73.0 
60.0 58.0 61.0 63.0 
60.0 59.0 60.0 62.0 
60.0 59.0 59.0 61.0 
84.0 58.0 70.0 74.0 
61.0 58.0 61.0 63.0 
60.0 58.0 60.0 61.0 
59.0 58.0 60.0 60.0 
84.0 59.0 71.0 73.0 
60.0 58.0 61.0 62.0 
60.0 59.0 62.0 62.0 
60.0 60.0 59.0 61.0 
85.0 59.0 71.0 74.0 
60.0 58.0 61.0 62.0 
59.0 58.0 61.0 63.0 
60.0 59.0 61.0 60.0 
85.0 59.0 71.0 74.0 
61.0 58.0 61.0 63.0 
60.0 58.0 61.0 62.0 
60.0 59.0 59.0 60.0 
84.0 59.0 71.0 74.0 
61.0 58.0 61.0 63.0 
60.0 58.0 61.0 62.0 
60.0 59.0 59.0 61.0 
84.0 59.0 72.0 74.0 
60.0 57.0 61.0 62.0 
60.0 58.0 60.0 61.0 
61.0 59.0 59.0 61.0 
84.0 59.0 71.0 73.0 
61.0 57.0 62.0 63.0 
60.0 58.0 61.0 63.0 
59.0 59.0 59.0 62.0 
84.0 57.0 72.0 73.0 
61.0 58.0 61.0 63.0 
60.0 58.0 60.0 60.0 
60.0 59.0 59.0 61.0 
85.0 57.0 70.0 74.0 
60.0 58.0 61.0 63.0 
60.0 58.0 61.0 63.0 
60.0 59.0 59.0 60.0 
85.0 57.0 71.0 73.0 
61.0 56.0 62.0 63.0 
60.0 58.0 61.0 62.0 
60.0 59.0 59.0 61.0 
85.0 58.0 71.0 73.0 
61.0 58.0 60.0 62.0 
60.0 58.0 60.0 61.0 
60.0 59.0 59.0 61.0 
84.0 59.0 72.0 73.0 
60.0 58.0 61.0 63.0 
60.0 59.0 61.0 62.0 
60.0 58.0 60.0 60.0 
85.0 59.0 72.0 73.0 
61.0 57.0 61.0 62.0 
61.0 58.0 61.0 62.0 
60.0 59.0 60.0 61.0 
85.0 59.0 70.0 73.0 
60.0 57.0 61.0 63.0 
60.0 59.0 60.0 62.0 
60.0 59.0 59.0 61.0 
85.0 59.0 71.0 73.0 
60.0 59.0 61.0 62.0 
61.0 59.0 61.0 62.0 
60.0 59.0 60.0 61.0 
85.0 59.0 72.0 73.0 
61.0 58.0 61.0 63.0 
60.0 59.0 60.0 61.0 
60.0 59.0 60.0 61.0 
85.0 59.0 71.0 74.0 
60.0 59.0 60.0 62.0 
60.0 58.0 61.0 61.0 
59.0 60.0 59.0 61.0 
86.0 59.0 71.0 74.0 
61.0 58.0 61.0 63.0 
60.0 58.0 61.0 62.0 
61.0 59.0 59.0 61.0 
86.0 59.0 71.0 74.0 
59.0 59.0 61.0 62.0 
60.0 59.0 61.0 61.0 
60.0 59.0 60.0 61.0 
85.0 58.0 72.0 73.0 
61.0 58.0 61.0 63.0 
62.0 58.0 61.0 62.0 
60.0 59.0 60.0 61.0 
86.0 59.0 71.0 74.0 
60.0 59.0 61.0 64.0 
60.0 58.0 62.0 62.0 
60.0 59.0 61.0 60.0 
85.0 58.0 71.0 74.0 
60.0 58.0 61.0 63.0 
61.0 58.0 61.0 62.0 
61.0 57.0 60.0 61.0 
84.0 59.0 72.0 74.0 
61.0 58.0 61.0 63.0 
60.0 59.0 61.0 61.0 
60.0 60.0 59.0 61.0 
87.0 58.0 72.0 73.0 
60.0 58.0 61.0 63.0 
60.0 59.0 60.0 61.0 
60.0 59.0 60.0 61.0 
86.0 59.0 71.0 74.0 
61.0 57.0 61.0 62.0 
61.0 58.0 60.0 62.0 
60.0 59.0 59.0 61.0 
85.0 59.0 71.0 74.0 
60.0 59.0 61.0 63.0 
60.0 59.0 62.0 63.0 
60.0 60.0 60.0 62.0 
85.0 58.0 72.0 74.0 
60.0 59.0 61.0 63.0 
61.0 58.0 61.0 63.0 
60.0 59.0 60.0 61.0 
85.0 59.0 72.0 73.0 
61.0 57.0 62.0 62.0 
60.0 59.0 60.0 62.0 
61.0 60.0 60.0 61.0 
86.0 59.0 71.0 74.0 
60.0 59.0 62.0 63.0 
61.0 59.0 60.0 62.0 
60.0 58.0 60.0 62.0 
85.0 59.0 71.0 73.0 
61.0 58.0 61.0 63.0 
60.0 59.0 61.0 62.0 
60.0 58.0 60.0 60.0 
85.0 60.0 70.0 73.0 
61.0 58.0 61.0 62.0 
60.0 58.0 60.0 62.0 
59.0 60.0 60.0 62.0 
86.0 59.0 72.0 74.0 
61.0 58.0 62.0 63.0 
60.0 59.0 61.0 62.0 
60.0 60.0 60.0 61.0 
85.0 59.0 71.0 74.0 
61.0 58.0 62.0 63.0 
60.0 58.0 60.0 62.0 
61.0 59.0 60.0 61.0 
85.0 60.0 72.0 74.0 
61.0 58.0 62.0 62.0 
61.0 57.0 61.0 63.0 
60.0 60.0 62.0 62.0 
85.0 59.0 71.0 73.0 
61.0 58.0 61.0 63.0 
59.0 57.0 62.0 62.0 
60.0 59.0 59.0 61.0 
84.0 59.0 72.0 74.0 
61.0 58.0 61.0 63.0 
61.0 59.0 61.0 63.0 
60.0 60.0 59.0 61.0 
85.0 58.0 72.0 73.0 
60.0 58.0 62.0 63.0 
61.0 59.0 61.0 62.0 
60.0 59.0 59.0 61.0 
84.0 60.0 72.0 73.0 
61.0 57.0 61.0 63.0 
60.0 58.0 61.0 62.0 
61.0 60.0 60.0 60.0 
83.0 58.0 73.0 74.0 
61.0 58.0 62.0 63.0 
61.0 58.0 60.0 62.0 
59.0 58.0 60.0 61.0 
85.0 59.0 72.0 74.0 
60.0 58.0 61.0 63.0 
60.0 60.0 60.0 62.0 
60.0 59.0 61.0 61.0 
85.0 59.0 72.0 74.0 
61.0 58.0 62.0 62.0 
60.0 59.0 61.0 62.0 
60.0 60.0 59.0 61.0 
85.0 59.0 72.0 74.0 
61.0 58.0 61.0 63.0 
61.0 58.0 61.0 62.0 
60.0 59.0 60.0 61.0 
85.0 58.0 72.0 74.0 
60.0 59.0 62.0 63.0 
60.0 59.0 62.0 61.0 
60.0 59.0 60.0 61.0 
85.0 60.0 71.0 75.0 
61.0 58.0 62.0 63.0 
60.0 59.0 62.0 62.0 
60.0 60.0 60.0 61.0 
84.0 60.0 72.0 74.0 
60.0 58.0 61.0 63.0 
61.0 58.0 61.0 62.0 
60.0 59.0 60.0 61.0 
84.0 60.0 71.0 74.0 
60.0 58.0 61.0 63.0 
60.0 59.0 60.0 62.0 
60.0 59.0 60.0 61.0 
84.0 59.0 72.0 74.0 
61.0 58.0 61.0 63.0 
61.0 59.0 62.0 62.0 
60.0 60.0 60.0 62.0 
84.0 59.0 72.0 74.0 
61.0 59.0 61.0 63.0 
60.0 58.0 61.0 63.0 
60.0 59.0 61.0 61.0 
83.0 58.0 72.0 74.0 
61.0 58.0 61.0 62.0 
61.0 59.0 60.0 63.0 
60.0 60.0 60.0 61.0 
84.0 59.0 72.0 74.0 
61.0 58.0 61.0 63.0 
60.0 59.0 61.0 62.0 
60.0 59.0 60.0 60.0 
84.0 60.0 72.0 73.0 
60.0 59.0 61.0 63.0 
61.0 59.0 61.0 62.0 
61.0 60.0 60.0 61.0 
83.0 59.0 71.0 74.0 
60.0 58.0 61.0 63.0 
60.0 59.0 60.0 62.0 
60.0 59.0 60.0 61.0 
84.0 58.0 72.0 74.0 
60.0 59.0 62.0 64.0 
61.0 58.0 61.0 62.0 
61.0 61.0 59.0 62.0 
84.0 60.0 71.0 74.0 
61.0 59.0 62.0 63.0 
60.0 58.0 61.0 63.0 
60.0 60.0 61.0 61.0 
84.0 59.0 72.0 74.0 
60.0 59.0 61.0 62.0 
60.0 59.0 61.0 63.0 
61.0 59.0 60.0 61.0 
84.0 59.0 72.0 74.0 
61.0 58.0 60.0 63.0 
60.0 59.0 61.0 63.0 
60.0 59.0 61.0 60.0 
84.0 59.0 72.0 74.0 
60.0 59.0 61.0 63.0 
61.0 59.0 61.0 63.0 
60.0 58.0 60.0 61.0 
85.0 57.0 70.0 73.0 
60.0 58.0 61.0 64.0 
61.0 59.0 60.0 62.0 
59.0 60.0 59.0 62.0 
84.0 59.0 72.0 74.0 
61.0 58.0 61.0 63.0 
61.0 59.0 61.0 62.0 
61.0 59.0 59.0 61.0 
84.0 59.0 72.0 74.0 
61.0 58.0 61.0 63.0 
61.0 58.0 62.0 62.0 
60.0 60.0 60.0 61.0 
84.0 58.0 72.0 75.0 
60.0 59.0 61.0 64.0 
60.0 59.0 61.0 62.0 
61.0 59.0 60.0 62.0 
84.0 59.0 72.0 74.0 
60.0 59.0 61.0 63.0 
60.0 58.0 62.0 62.0 
60.0 60.0 60.0 61.0 
86.0 59.0 72.0 74.0 
61.0 58.0 62.0 65.0 
61.0 59.0 62.0 63.0 
59.0 59.0 60.0 61.0 
85.0 59.0 72.0 74.0 
61.0 58.0 61.0 62.0 
61.0 58.0 61.0 63.0 
60.0 59.0 60.0 60.0 
86.0 59.0 72.0 74.0 
60.0 59.0 61.0 64.0 
61.0 59.0 60.0 62.0 
60.0 59.0 60.0 60.0 
85.0 59.0 72.0 74.0 
61.0 59.0 62.0 63.0 
61.0 59.0 61.0 62.0 
61.0 59.0 60.0 61.0 
84.0 60.0 72.0 74.0 
61.0 58.0 61.0 63.0 
61.0 59.0 61.0 62.0 
61.0 59.0 60.0 60.0 
85.0 59.0 72.0 75.0 
61.0 59.0 61.0 63.0 
61.0 58.0 61.0 62.0 
60.0 60.0 60.0 61.0 
86.0 59.0 71.0 74.0 
61.0 59.0 61.0 63.0 
61.0 59.0 61.0 63.0 
60.0 59.0 59.0 61.0 
86.0 59.0 72.0 74.0 
60.0 58.0 62.0 63.0 
60.0 59.0 61.0 62.0 
60.0 60.0 59.0 61.0 
86.0 60.0 71.0 74.0 
60.0 58.0 62.0 63.0 
60.0 58.0 61.0 62.0 
61.0 60.0 59.0 61.0 
84.0 60.0 72.0 74.0 
60.0 58.0 62.0 63.0 
61.0 59.0 60.0 61.0 
60.0 60.0 60.0 62.0 
85.0 59.0 71.0 74.0 
61.0 58.0 61.0 63.0 
60.0 59.0 61.0 62.0 
60.0 60.0 59.0 61.0 
85.0 60.0 72.0 74.0 
61.0 59.0 61.0 63.0 
61.0 59.0 61.0 63.0 
61.0 58.0 60.0 61.0 
85.0 58.0 72.0 73.0 
60.0 59.0 62.0 63.0 
60.0 59.0 61.0 63.0 
61.0 58.0 60.0 61.0 
85.0 59.0 73.0 74.0 
61.0 58.0 62.0 63.0 
61.0 60.0 61.0 63.0 
60.0 59.0 60.0 61.0 
85.0 60.0 72.0 74.0 
61.0 58.0 62.0 63.0 
60.0 60.0 61.0 62.0 
60.0 60.0 60.0 61.0 
85.0 59.0 72.0 75.0 
61.0 58.0 61.0 64.0 
61.0 59.0 61.0 62.0 
60.0 59.0 60.0 61.0 
84.0 59.0 71.0 74.0 
61.0 58.0 62.0 63.0 
61.0 59.0 61.0 63.0 
60.0 59.0 61.0 60.0 
83.0 60.0 72.0 75.0 
61.0 58.0 62.0 64.0 
62.0 60.0 60.0 63.0 
60.0 59.0 60.0 61.0 
85.0 60.0 72.0 75.0 
61.0 58.0 61.0 63.0 
61.0 58.0 61.0 62.0 
60.0 60.0 60.0 61.0 
86.0 59.0 73.0 74.0 
60.0 59.0 61.0 62.0 
59.0 58.0 62.0 62.0 
60.0 60.0 60.0 61.0 
86.0 60.0 72.0 74.0 
61.0 58.0 62.0 64.0 
61.0 59.0 61.0 62.0 
60.0 59.0 61.0 61.0 
85.0 59.0 73.0 74.0 
61.0 59.0 62.0 63.0 
61.0 59.0 61.0 63.0 
61.0 60.0 60.0 61.0 
86.0 60.0 73.0 74.0 
61.0 59.0 62.0 63.0 
60.0 59.0 61.0 62.0 
59.0 61.0 60.0 61.0 
85.0 61.0 73.0 75.0 
61.0 59.0 62.0 64.0 
60.0 59.0 62.0 62.0 
58.0 60.0 59.0 60.0 
85.0 60.0 72.0 73.0 
61.0 58.0 62.0 63.0 
61.0 59.0 61.0 63.0 
61.0 60.0 60.0 60.0 
85.0 59.0 72.0 75.0 
61.0 58.0 62.0 64.0 
61.0 61.0 61.0 61.0 
60.0 60.0 60.0 60.0 
86.0 59.0 72.0 75.0 
61.0 59.0 62.0 64.0 
61.0 58.0 61.0 62.0 
60.0 60.0 60.0 61.0 
86.0 59.0 72.0 75.0 
62.0 60.0 62.0 64.0 
61.0 58.0 61.0 63.0 
61.0 59.0 60.0 60.0 
85.0 59.0 72.0 75.0 
62.0 59.0 61.0 63.0 
60.0 59.0 61.0 62.0 
60.0 60.0 59.0 60.0 
86.0 59.0 72.0 75.0 
61.0 59.0 62.0 63.0 
61.0 58.0 61.0 63.0 
60.0 60.0 59.0 61.0 
85.0 59.0 72.0 75.0 
61.0 58.0 63.0 63.0 
61.0 59.0 62.0 63.0 
60.0 59.0 59.0 61.0 
85.0 60.0 72.0 74.0 
59.0 58.0 61.0 64.0 
60.0 59.0 60.0 62.0 
60.0 59.0 61.0 61.0 
86.0 59.0 72.0 75.0 
61.0 58.0 62.0 63.0 
61.0 59.0 60.0 62.0 
61.0 59.0 59.0 61.0 
86.0 60.0 73.0 74.0 
62.0 58.0 62.0 64.0 
61.0 59.0 60.0 62.0 
60.0 61.0 60.0 61.0 
86.0 59.0 73.0 75.0 
62.0 58.0 63.0 64.0 
59.0 59.0 59.0 61.0 
61.0 60.0 61.0 62.0 
85.0 59.0 72.0 75.0 
62.0 58.0 62.0 64.0 
59.0 59.0 59.0 59.0 
61.0 59.0 59.0 61.0 
86.0 60.0 72.0 75.0 
62.0 58.0 64.0 64.0 
60.0 60.0 61.0 59.0 
59.0 59.0 60.0 61.0 
86.0 60.0 72.0 75.0 
62.0 58.0 64.0 65.0 
58.0 59.0 59.0 61.0 
62.0 59.0 60.0 61.0 
85.0 60.0 72.0 74.0 
63.0 58.0 64.0 67.0 
59.0 60.0 60.0 59.0 
60.0 60.0 60.0 62.0 
85.0 60.0 71.0 74.0 
64.0 58.0 65.0 67.0 
59.0 59.0 60.0 60.0 
60.0 60.0 61.0 62.0 
86.0 59.0 72.0 74.0 
63.0 59.0 64.0 67.0 
59.0 59.0 60.0 60.0 
61.0 59.0 60.0 61.0 
85.0 59.0 73.0 73.0 
64.0 58.0 65.0 67.0 
59.0 60.0 60.0 61.0 
61.0 59.0 60.0 62.0 
86.0 59.0 72.0 73.0 
64.0 59.0 65.0 69.0 
59.0 59.0 60.0 60.0 
60.0 60.0 60.0 61.0 
85.0 60.0 71.0 73.0 
64.0 58.0 65.0 68.0 
60.0 59.0 60.0 61.0 
61.0 59.0 60.0 60.0 
86.0 60.0 71.0 74.0 
64.0 58.0 65.0 68.0 
60.0 59.0 61.0 62.0 
59.0 60.0 58.0 60.0 
84.0 59.0 71.0 73.0 
64.0 59.0 65.0 68.0 
61.0 60.0 59.0 62.0 
60.0 60.0 60.0 61.0 
85.0 60.0 71.0 72.0 
64.0 58.0 65.0 68.0 
60.0 58.0 61.0 62.0 
60.0 60.0 61.0 61.0 
85.0 60.0 71.0 73.0 
64.0 59.0 65.0 68.0 
60.0 59.0 61.0 62.0 
60.0 60.0 61.0 62.0 
85.0 59.0 71.0 73.0 
63.0 58.0 65.0 68.0 
61.0 59.0 61.0 62.0 
60.0 60.0 61.0 61.0 
85.0 59.0 73.0 73.0 
63.0 59.0 65.0 69.0 
61.0 60.0 61.0 63.0 
60.0 60.0 61.0 61.0 
85.0 59.0 71.0 74.0 
62.0 59.0 64.0 69.0 
61.0 59.0 62.0 62.0 
60.0 60.0 60.0 60.0 
85.0 59.0 72.0 72.0 
64.0 58.0 65.0 68.0 
61.0 59.0 61.0 62.0 
59.0 60.0 60.0 61.0 
85.0 59.0 71.0 73.0 
64.0 59.0 65.0 68.0 
60.0 59.0 61.0 62.0 
61.0 60.0 60.0 61.0 
86.0 60.0 72.0 72.0 
64.0 59.0 65.0 68.0 
61.0 58.0 61.0 62.0 
61.0 60.0 60.0 62.0 
84.0 59.0 71.0 73.0 
64.0 58.0 66.0 67.0 
61.0 57.0 61.0 62.0 
60.0 60.0 60.0 63.0 
84.0 61.0 71.0 73.0 
64.0 60.0 65.0 68.0 
61.0 58.0 61.0 62.0 
61.0 60.0 61.0 61.0 
85.0 60.0 71.0 72.0 
63.0 58.0 65.0 69.0 
61.0 59.0 62.0 63.0 
61.0 60.0 60.0 61.0 
84.0 60.0 71.0 74.0 
64.0 58.0 66.0 68.0 
61.0 60.0 61.0 62.0 
60.0 60.0 60.0 60.0 
85.0 59.0 71.0 73.0 
62.0 59.0 65.0 68.0 
62.0 59.0 61.0 62.0 
61.0 60.0 60.0 60.0 
83.0 60.0 73.0 73.0 
64.0 59.0 66.0 69.0 
61.0 59.0 60.0 62.0 
60.0 60.0 61.0 61.0 
82.0 60.0 71.0 73.0 
64.0 59.0 65.0 69.0 
61.0 58.0 60.0 62.0 
60.0 61.0 60.0 61.0 
82.0 60.0 71.0 73.0 
64.0 59.0 65.0 68.0 
61.0 59.0 61.0 62.0 
61.0 61.0 60.0 61.0 
84.0 59.0 72.0 74.0 
64.0 58.0 65.0 69.0 
61.0 59.0 61.0 63.0 
61.0 60.0 60.0 61.0 
83.0 60.0 71.0 72.0 
63.0 60.0 65.0 69.0 
62.0 60.0 61.0 63.0 
61.0 61.0 60.0 60.0 
82.0 60.0 69.0 73.0 
64.0 58.0 67.0 69.0 
60.0 59.0 60.0 62.0 
60.0 60.0 61.0 61.0 
82.0 60.0 71.0 73.0 
64.0 59.0 66.0 69.0 
62.0 59.0 60.0 63.0 
61.0 59.0 60.0 62.0 
82.0 59.0 71.0 72.0 
65.0 59.0 66.0 69.0 
60.0 59.0 61.0 63.0 
60.0 60.0 60.0 61.0 
75.0 60.0 71.0 73.0 
65.0 58.0 68.0 68.0 
61.0 59.0 60.0 63.0 
62.0 60.0 61.0 61.0 
70.0 60.0 71.0 71.0 
65.0 58.0 66.0 70.0 
60.0 60.0 60.0 62.0 
61.0 61.0 61.0 61.0 
72.0 60.0 71.0 72.0 
65.0 58.0 66.0 69.0 
61.0 59.0 60.0 61.0 
60.0 60.0 61.0 61.0 
77.0 59.0 71.0 72.0 
64.0 58.0 67.0 69.0 
61.0 59.0 60.0 61.0 
61.0 60.0 60.0 61.0 
76.0 60.0 71.0 73.0 
64.0 58.0 67.0 70.0 
60.0 60.0 61.0 61.0 
61.0 59.0 61.0 61.0 
76.0 60.0 70.0 73.0 
64.0 59.0 68.0 69.0 
60.0 59.0 61.0 61.0 
60.0 60.0 61.0 61.0 
76.0 59.0 71.0 72.0 
65.0 58.0 67.0 69.0 
59.0 60.0 60.0 59.0 
61.0 60.0 61.0 61.0 
76.0 60.0 71.0 73.0 
65.0 59.0 67.0 70.0 
59.0 60.0 60.0 60.0 
60.0 60.0 61.0 62.0 
78.0 59.0 73.0 72.0 
65.0 59.0 69.0 69.0 
59.0 59.0 59.0 59.0 
61.0 60.0 60.0 61.0 
67.0 59.0 72.0 71.0 
64.0 59.0 69.0 69.0 
59.0 59.0 60.0 60.0 
61.0 60.0 60.0 60.0 
67.0 59.0 72.0 71.0 
65.0 58.0 70.0 69.0 
59.0 59.0 59.0 60.0 
60.0 60.0 60.0 60.0 
69.0 59.0 72.0 71.0 
64.0 60.0 68.0 69.0 
59.0 58.0 60.0 59.0 
61.0 60.0 60.0 60.0 
65.0 60.0 72.0 71.0 
64.0 59.0 68.0 70.0 
59.0 59.0 60.0 59.0 
60.0 59.0 60.0 60.0 
68.0 60.0 72.0 70.0 
64.0 60.0 69.0 68.0 
58.0 59.0 60.0 60.0 
60.0 60.0 61.0 61.0 
74.0 59.0 72.0 72.0 
65.0 59.0 70.0 69.0 
60.0 60.0 59.0 60.0 
60.0 59.0 62.0 61.0 
77.0 59.0 70.0 73.0 
64.0 59.0 68.0 69.0 
60.0 59.0 60.0 60.0 
60.0 60.0 60.0 61.0 
77.0 60.0 70.0 74.0 
65.0 59.0 67.0 69.0 
59.0 59.0 61.0 60.0 
61.0 60.0 60.0 61.0 
77.0 59.0 70.0 73.0 
65.0 59.0 66.0 70.0 
59.0 60.0 60.0 60.0 
61.0 60.0 60.0 61.0 
66.0 60.0 70.0 72.0 
64.0 59.0 66.0 69.0 
60.0 59.0 59.0 60.0 
61.0 60.0 61.0 61.0 
65.0 59.0 70.0 73.0 
65.0 59.0 67.0 69.0 
59.0 59.0 59.0 60.0 
61.0 59.0 61.0 60.0 
65.0 57.0 70.0 73.0 
64.0 60.0 66.0 69.0 
60.0 59.0 59.0 61.0 
61.0 60.0 60.0 61.0 
69.0 59.0 73.0 74.0 
65.0 59.0 66.0 69.0 
60.0 59.0 61.0 60.0 
60.0 60.0 61.0 61.0 
68.0 59.0 72.0 76.0 
65.0 60.0 64.0 69.0 
59.0 60.0 60.0 60.0 
63.0 60.0 63.0 63.0 
72.0 60.0 70.0 81.0 
65.0 59.0 62.0 69.0 
60.0 60.0 60.0 60.0 
63.0 60.0 61.0 64.0 
72.0 58.0 68.0 80.0 
63.0 59.0 63.0 69.0 
59.0 59.0 60.0 60.0 
61.0 60.0 60.0 62.0 
73.0 59.0 73.0 76.0 
66.0 59.0 64.0 69.0 
60.0 60.0 59.0 61.0 
61.0 60.0 60.0 61.0 
69.0 59.0 72.0 78.0 
65.0 60.0 63.0 69.0 
62.0 59.0 61.0 63.0 
60.0 60.0 61.0 61.0 
66.0 60.0 72.0 76.0 
65.0 59.0 64.0 69.0 
63.0 60.0 60.0 63.0 
60.0 61.0 60.0 61.0 
65.0 59.0 68.0 73.0 
66.0 59.0 65.0 71.0 
62.0 59.0 61.0 65.0 
60.0 60.0 60.0 61.0 
65.0 59.0 62.0 76.0 
66.0 59.0 61.0 74.0 
62.0 59.0 60.0 63.0 
61.0 60.0 60.0 60.0 
77.0 60.0 64.0 77.0 
65.0 59.0 62.0 72.0 
63.0 59.0 62.0 65.0 
61.0 60.0 61.0 62.0 
77.0 59.0 63.0 78.0 
65.0 59.0 62.0 71.0 
63.0 59.0 61.0 67.0 
61.0 60.0 60.0 61.0 
77.0 59.0 63.0 74.0 
66.0 59.0 61.0 72.0 
64.0 59.0 62.0 66.0 
61.0 60.0 60.0 61.0 
82.0 60.0 63.0 76.0 
66.0 59.0 60.0 73.0 
64.0 60.0 60.0 67.0 
61.0 61.0 61.0 62.0 
84.0 60.0 60.0 80.0 
65.0 59.0 60.0 72.0 
65.0 60.0 60.0 67.0 
61.0 60.0 60.0 63.0 
82.0 70.0 60.0 78.0 
63.0 64.0 60.0 69.0 
62.0 62.0 60.0 63.0 
60.0 61.0 61.0 61.0 
80.0 69.0 60.0 77.0 
63.0 64.0 59.0 69.0 
63.0 63.0 60.0 65.0 
61.0 62.0 61.0 63.0 
83.0 69.0 61.0 77.0 
62.0 64.0 59.0 67.0 
63.0 63.0 60.0 65.0 
63.0 64.0 61.0 65.0 
83.0 70.0 61.0 77.0 
62.0 63.0 60.0 66.0 
62.0 64.0 60.0 66.0 
63.0 65.0 61.0 65.0 
82.0 70.0 60.0 76.0 
61.0 63.0 60.0 66.0 
63.0 65.0 60.0 66.0 
64.0 64.0 60.0 67.0 
81.0 71.0 60.0 80.0 
61.0 63.0 60.0 66.0 
64.0 64.0 60.0 66.0 
65.0 66.0 61.0 66.0 
68.0 70.0 61.0 79.0 
60.0 62.0 59.0 65.0 
65.0 66.0 60.0 67.0 
66.0 67.0 61.0 66.0 
74.0 72.0 60.0 81.0 
63.0 65.0 59.0 66.0 
70.0 71.0 60.0 70.0 
58.0 60.0 60.0 59.0 
80.0 60.0 60.0 84.0 
66.0 59.0 59.0 68.0 
76.0 59.0 60.0 73.0 
57.0 61.0 60.0 59.0 
83.0 59.0 60.0 86.0 
66.0 59.0 59.0 69.0 
76.0 61.0 59.0 74.0 
56.0 60.0 60.0 57.0 
85.0 59.0 61.0 87.0 
67.0 59.0 60.0 69.0 
76.0 60.0 61.0 75.0 
57.0 60.0 60.0 58.0 
88.0 59.0 68.0 86.0 
66.0 58.0 61.0 70.0 
77.0 59.0 61.0 75.0 
58.0 60.0 61.0 58.0 
83.0 59.0 68.0 87.0 
66.0 59.0 60.0 70.0 
77.0 59.0 61.0 75.0 
58.0 59.0 59.0 58.0 
82.0 60.0 70.0 88.0 
66.0 59.0 63.0 72.0 
77.0 59.0 61.0 75.0 
58.0 60.0 60.0 58.0 
80.0 60.0 79.0 88.0 
67.0 59.0 63.0 70.0 
77.0 59.0 62.0 75.0 
57.0 60.0 60.0 58.0 
86.0 60.0 90.0 88.0 
66.0 58.0 70.0 70.0 
74.0 59.0 86.0 76.0 
58.0 60.0 58.0 59.0 
84.0 60.0 98.0 87.0 
65.0 59.0 70.0 69.0 
75.0 60.0 96.0 77.0 
57.0 61.0 58.0 58.0 
86.0 60.0 106.0 87.0 
65.0 58.0 72.0 68.0 
75.0 60.0 102.0 77.0 
57.0 61.0 56.0 58.0 
85.0 61.0 105.0 89.0 
64.0 59.0 70.0 67.0 
75.0 60.0 106.0 78.0 
57.0 60.0 56.0 59.0 
85.0 60.0 116.0 89.0 
64.0 58.0 74.0 67.0 
75.0 60.0 130.0 79.0 
57.0 60.0 55.0 57.0 
82.0 59.0 126.0 88.0 
64.0 58.0 77.0 67.0 
76.0 59.0 169.0 80.0 
57.0 61.0 92.0 67.0 
82.0 60.0 143.0 89.0 
63.0 59.0 80.0 67.0 
75.0 60.0 176.0 79.0 
66.0 60.0 118.0 69.0 
85.0 59.0 182.0 92.0 
63.0 59.0 87.0 68.0 
72.0 60.0 215.0 80.0 
69.0 60.0 178.0 74.0 
88.0 59.0 254.0 97.0 
63.0 58.0 90.0 67.0 
72.0 59.0 264.0 83.0 
70.0 60.0 214.0 77.0 
88.0 62.0 335.0 105.0 
63.0 59.0 98.0 67.0 
75.0 61.0 335.0 92.0 
72.0 61.0 271.0 83.0 
89.0 62.0 353.0 106.0 
63.0 59.0 94.0 66.0 
79.0 62.0 387.0 102.0 
73.0 61.0 292.0 87.0 
94.0 64.0 428.0 119.0 
62.0 59.0 95.0 66.0 
79.0 64.0 397.0 104.0 
75.0 62.0 330.0 93.0 
101.0 65.0 423.0 123.0 
61.0 59.0 91.0 66.0 
82.0 64.0 430.0 112.0 
75.0 61.0 330.0 95.0 
97.0 64.0 457.0 132.0 
60.0 59.0 90.0 65.0 
86.0 64.0 475.0 121.0 
75.0 61.0 348.0 98.0 
95.0 64.0 401.0 132.0 
61.0 59.0 82.0 65.0 
84.0 64.0 448.0 120.0 
78.0 63.0 368.0 105.0 
101.0 66.0 493.0 157.0 
61.0 59.0 82.0 64.0 
84.0 64.0 445.0 123.0 
76.0 62.0 350.0 104.0 
102.0 67.0 522.0 168.0 
60.0 59.0 82.0 64.0 
84.0 64.0 421.0 122.0 
76.0 62.0 345.0 106.0 
105.0 68.0 540.0 177.0 
61.0 60.0 79.0 65.0 
83.0 63.0 415.0 125.0 
78.0 62.0 365.0 113.0 
103.0 66.0 495.0 181.0 
60.0 59.0 63.0 61.0 
83.0 62.0 387.0 125.0 
79.0 63.0 380.0 120.0 
98.0 65.0 463.0 180.0 
60.0 59.0 64.0 61.0 
81.0 62.0 394.0 135.0 
80.0 63.0 366.0 129.0 
101.0 64.0 448.0 208.0 
59.0 59.0 65.0 62.0 
80.0 64.0 383.0 134.0 
82.0 64.0 399.0 138.0 
104.0 65.0 466.0 237.0 
59.0 59.0 61.0 60.0 
83.0 61.0 362.0 142.0 
82.0 63.0 403.0 147.0 
105.0 65.0 465.0 274.0 
59.0 59.0 62.0 60.0 
86.0 61.0 363.0 166.0 
82.0 62.0 390.0 159.0 
109.0 65.0 431.0 340.0 
59.0 59.0 61.0 59.0 
84.0 61.0 321.0 199.0 
81.0 62.0 357.0 193.0 
108.0 64.0 371.0 361.0 
59.0 59.0 62.0 59.0 
86.0 60.0 278.0 232.0 
82.0 62.0 347.0 237.0 
113.0 65.0 333.0 404.0 
59.0 59.0 62.0 58.0 
94.0 61.0 280.0 306.0 
83.0 60.0 308.0 244.0 
114.0 64.0 312.0 432.0 
59.0 59.0 62.0 57.0 
100.0 62.0 271.0 388.0 
81.0 61.0 266.0 248.0 
124.0 66.0 310.0 491.0 
59.0 58.0 66.0 58.0 
109.0 64.0 279.0 444.0 
82.0 59.0 246.0 256.0 
121.0 65.0 281.0 482.0 
58.0 59.0 66.0 56.0 
109.0 64.0 252.0 449.0 
83.0 61.0 225.0 277.0 
124.0 65.0 253.0 477.0 
59.0 58.0 66.0 54.0 
111.0 63.0 236.0 466.0 
83.0 60.0 190.0 265.0 
125.0 64.0 233.0 486.0 
59.0 58.0 66.0 54.0 
110.0 63.0 207.0 464.0 
80.0 60.0 162.0 259.0 
129.0 67.0 221.0 518.0 
58.0 59.0 65.0 52.0 
111.0 64.0 184.0 461.0 
78.0 61.0 146.0 235.0 
132.0 67.0 197.0 526.0 
58.0 60.0 66.0 51.0 
109.0 63.0 177.0 436.0 
79.0 60.0 141.0 242.0 
122.0 63.0 176.0 456.0 
58.0 58.0 68.0 54.0 
104.0 63.0 170.0 410.0 
80.0 60.0 129.0 245.0 
138.0 66.0 187.0 541.0 
59.0 59.0 68.0 52.0 
104.0 61.0 144.0 391.0 
79.0 60.0 117.0 226.0 
142.0 67.0 180.0 539.0 
58.0 59.0 68.0 52.0 
104.0 61.0 135.0 388.0 
77.0 61.0 104.0 214.0 
149.0 66.0 175.0 549.0 
59.0 59.0 67.0 52.0 
104.0 62.0 129.0 383.0 
77.0 60.0 100.0 212.0 
150.0 65.0 165.0 533.0 
58.0 60.0 67.0 53.0 
95.0 60.0 114.0 322.0 
85.0 60.0 107.0 281.0 
156.0 65.0 150.0 504.0 
58.0 58.0 67.0 53.0 
97.0 60.0 109.0 320.0 
84.0 61.0 98.0 264.0 
158.0 64.0 138.0 493.0 
59.0 59.0 66.0 55.0 
99.0 59.0 100.0 303.0 
92.0 60.0 95.0 298.0 
159.0 65.0 128.0 445.0 
59.0 59.0 67.0 55.0 
97.0 60.0 95.0 290.0 
87.0 60.0 85.0 243.0 
157.0 62.0 121.0 419.0 
58.0 59.0 66.0 56.0 
109.0 59.0 92.0 282.0 
88.0 60.0 83.0 233.0 
166.0 63.0 118.0 405.0 
58.0 59.0 67.0 58.0 
113.0 59.0 93.0 269.0 
84.0 60.0 77.0 182.0 
178.0 62.0 114.0 395.0 
56.0 58.0 66.0 59.0 
112.0 59.0 89.0 256.0 
89.0 60.0 75.0 178.0 
184.0 63.0 112.0 383.0 
58.0 59.0 67.0 61.0 
124.0 60.0 88.0 256.0 
92.0 58.0 76.0 172.0 
186.0 61.0 108.0 346.0 
59.0 58.0 67.0 62.0 
127.0 59.0 86.0 229.0 
87.0 59.0 71.0 126.0 
194.0 61.0 108.0 335.0 
58.0 60.0 66.0 64.0 
132.0 60.0 85.0 218.0 
96.0 60.0 72.0 133.0 
195.0 61.0 103.0 317.0 
58.0 59.0 66.0 64.0 
143.0 59.0 86.0 222.0 
97.0 60.0 72.0 127.0 
202.0 60.0 101.0 288.0 
57.0 58.0 67.0 64.0 
145.0 60.0 85.0 203.0 
102.0 60.0 73.0 125.0 
215.0 549.0 103.0 267.0 
58.0 59.0 67.0 64.0 
119.0 280.0 80.0 157.0 
96.0 182.0 72.0 111.0 
212.0 593.0 97.0 255.0 
58.0 57.0 66.0 67.0 
124.0 294.0 78.0 158.0 
82.0 136.0 67.0 91.0 
224.0 602.0 96.0 238.0 
59.0 55.0 66.0 66.0 
132.0 338.0 77.0 149.0 
75.0 126.0 67.0 82.0 
226.0 608.0 92.0 218.0 
59.0 57.0 65.0 66.0 
111.0 270.0 73.0 127.0 
75.0 128.0 67.0 81.0 
256.0 622.0 90.0 213.0 
59.0 55.0 65.0 64.0 
114.0 254.0 74.0 122.0 
75.0 117.0 70.0 78.0 
276.0 634.0 88.0 206.0 
59.0 57.0 65.0 66.0 
128.0 260.0 71.0 113.0 
78.0 119.0 63.0 77.0 
286.0 592.0 89.0 197.0 
62.0 64.0 66.0 69.0 
143.0 297.0 74.0 125.0 
52.0 40.0 64.0 79.0 
317.0 539.0 89.0 172.0 
61.0 67.0 67.0 70.0 
154.0 313.0 73.0 121.0 
51.0 41.0 60.0 55.0 
322.0 476.0 87.0 153.0 
63.0 70.0 68.0 72.0 
175.0 337.0 73.0 125.0 
49.0 42.0 59.0 56.0 
387.0 438.0 87.0 146.0 
65.0 69.0 71.0 70.0 
190.0 301.0 77.0 113.0 
48.0 44.0 59.0 56.0 
465.0 400.0 91.0 136.0 
67.0 69.0 70.0 70.0 
215.0 236.0 73.0 99.0 
45.0 46.0 59.0 58.0 
461.0 366.0 88.0 129.0 
71.0 68.0 69.0 69.0 
273.0 195.0 71.0 95.0 
42.0 48.0 60.0 57.0 
552.0 356.0 91.0 131.0 
69.0 68.0 69.0 70.0 
222.0 156.0 69.0 86.0 
42.0 50.0 59.0 58.0 
576.0 335.0 89.0 121.0 
70.0 67.0 71.0 69.0 
231.0 133.0 72.0 84.0 
42.0 51.0 60.0 58.0 
577.0 299.0 89.0 117.0 
71.0 68.0 71.0 71.0 
200.0 128.0 73.0 83.0 
41.0 52.0 59.0 57.0 
627.0 277.0 88.0 113.0 
71.0 66.0 72.0 70.0 
203.0 111.0 74.0 80.0 
42.0 53.0 59.0 59.0 
531.0 227.0 91.0 108.0 
75.0 67.0 73.0 71.0 
265.0 122.0 86.0 83.0 
42.0 54.0 58.0 59.0 
557.0 204.0 91.0 104.0 
78.0 67.0 73.0 71.0 
284.0 120.0 91.0 84.0 
39.0 55.0 58.0 59.0 
575.0 199.0 97.0 101.0 
79.0 67.0 76.0 70.0 
323.0 129.0 115.0 88.0 
38.0 55.0 57.0 60.0 
554.0 186.0 98.0 101.0 
75.0 66.0 79.0 71.0 
250.0 106.0 129.0 83.0 
41.0 56.0 57.0 59.0 
548.0 174.0 102.0 99.0 
74.0 64.0 81.0 70.0 
270.0 112.0 160.0 88.0 
40.0 56.0 57.0 58.0 
555.0 165.0 97.0 96.0 
71.0 64.0 83.0 71.0 
212.0 97.0 184.0 85.0 
42.0 57.0 54.0 59.0 
551.0 156.0 113.0 97.0 
74.0 65.0 84.0 71.0 
297.0 111.0 226.0 90.0 
40.0 56.0 53.0 58.0 
477.0 136.0 113.0 90.0 
72.0 64.0 85.0 71.0 
314.0 104.0 260.0 95.0 
143.0 78.0 192.0 77.0 
416.0 64.0 103.0 104.0 
70.0 60.0 90.0 71.0 
221.0 61.0 312.0 103.0 
135.0 60.0 261.0 85.0 
352.0 62.0 94.0 97.0 
68.0 59.0 94.0 71.0 
193.0 62.0 371.0 104.0 
117.0 63.0 327.0 89.0 
331.0 61.0 85.0 94.0 
65.0 59.0 99.0 72.0 
151.0 64.0 409.0 105.0 
94.0 63.0 385.0 92.0 
297.0 61.0 70.0 89.0 
62.0 59.0 82.0 69.0 
120.0 65.0 468.0 112.0 
85.0 65.0 432.0 100.0 
251.0 61.0 71.0 86.0 
62.0 59.0 82.0 71.0 
92.0 67.0 502.0 125.0 
76.0 65.0 465.0 114.0 
188.0 61.0 71.0 81.0 
61.0 59.0 85.0 72.0 
79.0 66.0 483.0 121.0 
80.0 66.0 505.0 120.0 
155.0 60.0 68.0 79.0 
62.0 59.0 98.0 73.0 
85.0 66.0 537.0 135.0 
83.0 70.0 563.0 130.0 
129.0 60.0 67.0 76.0 
62.0 59.0 99.0 72.0 
88.0 65.0 582.0 143.0 
84.0 66.0 588.0 137.0 
125.0 60.0 64.0 74.0 
62.0 59.0 98.0 73.0 
92.0 64.0 619.0 166.0 
85.0 67.0 617.0 148.0 
121.0 60.0 63.0 74.0 
62.0 59.0 99.0 75.0 
92.0 65.0 644.0 188.0 
86.0 65.0 611.0 161.0 
120.0 59.0 62.0 73.0 
62.0 59.0 100.0 75.0 
93.0 63.0 667.0 198.0 
86.0 65.0 644.0 172.0 
116.0 59.0 64.0 74.0 
61.0 59.0 98.0 76.0 
92.0 64.0 643.0 194.0 
87.0 64.0 641.0 175.0 
116.0 59.0 59.0 73.0 
61.0 60.0 87.0 73.0 
92.0 64.0 639.0 221.0 
88.0 64.0 649.0 195.0 
114.0 61.0 62.0 72.0 
62.0 58.0 90.0 76.0 
94.0 63.0 653.0 232.0 
87.0 65.0 625.0 205.0 
113.0 60.0 59.0 71.0 
62.0 58.0 89.0 76.0 
95.0 63.0 668.0 261.0 
90.0 65.0 625.0 236.0 
109.0 60.0 60.0 70.0 
61.0 59.0 88.0 77.0 
99.0 63.0 675.0 313.0 
91.0 65.0 643.0 274.0 
105.0 60.0 52.0 65.0 
61.0 59.0 75.0 73.0 
102.0 64.0 670.0 351.0 
95.0 65.0 645.0 312.0 
101.0 60.0 52.0 64.0 
62.0 59.0 77.0 74.0 
104.0 66.0 676.0 399.0 
99.0 67.0 644.0 376.0 
96.0 60.0 53.0 61.0 
61.0 59.0 74.0 74.0 
111.0 68.0 668.0 464.0 
107.0 68.0 652.0 453.0 
94.0 60.0 53.0 59.0 
61.0 59.0 74.0 72.0 
114.0 69.0 649.0 486.0 
112.0 69.0 649.0 489.0 
93.0 59.0 53.0 59.0 
61.0 59.0 71.0 68.0 
118.0 69.0 634.0 510.0 
115.0 70.0 646.0 523.0 
93.0 59.0 55.0 58.0 
60.0 59.0 66.0 65.0 
125.0 71.0 636.0 566.0 
116.0 70.0 643.0 531.0 
90.0 59.0 57.0 58.0 
60.0 58.0 69.0 67.0 
126.0 69.0 620.0 603.0 
117.0 72.0 619.0 544.0 
87.0 59.0 55.0 56.0 
58.0 59.0 67.0 64.0 
128.0 69.0 600.0 621.0 
121.0 70.0 609.0 591.0 
86.0 60.0 56.0 56.0 
60.0 59.0 68.0 65.0 
131.0 72.0 569.0 628.0 
123.0 70.0 582.0 602.0 
75.0 60.0 58.0 55.0 
60.0 59.0 66.0 63.0 
135.0 70.0 541.0 626.0 
128.0 73.0 546.0 606.0 
72.0 59.0 57.0 54.0 
61.0 58.0 65.0 62.0 
135.0 71.0 513.0 626.0 
129.0 71.0 513.0 617.0 
72.0 60.0 59.0 54.0 
59.0 59.0 66.0 61.0 
137.0 69.0 476.0 639.0 
126.0 70.0 455.0 586.0 
72.0 60.0 61.0 53.0 
59.0 59.0 65.0 59.0 
138.0 68.0 463.0 652.0 
130.0 69.0 450.0 619.0 
72.0 60.0 63.0 55.0 
59.0 59.0 65.0 58.0 
140.0 68.0 445.0 646.0 
135.0 67.0 434.0 643.0 
71.0 59.0 64.0 53.0 
59.0 59.0 66.0 58.0 
140.0 66.0 415.0 657.0 
140.0 66.0 406.0 675.0 
71.0 62.0 64.0 53.0 
59.0 59.0 66.0 57.0 
142.0 66.0 389.0 644.0 
148.0 65.0 391.0 704.0 
71.0 59.0 65.0 53.0 
59.0 59.0 65.0 54.0 
149.0 65.0 369.0 658.0 
156.0 64.0 369.0 708.0 
70.0 60.0 66.0 53.0 
59.0 59.0 64.0 53.0 
154.0 65.0 342.0 643.0 
164.0 64.0 350.0 706.0 
71.0 59.0 66.0 53.0 
58.0 59.0 64.0 53.0 
157.0 65.0 334.0 635.0 
170.0 64.0 348.0 706.0 
71.0 59.0 67.0 53.0 
57.0 59.0 63.0 51.0 
170.0 63.0 342.0 675.0 
180.0 63.0 344.0 710.0 
70.0 59.0 68.0 54.0 
56.0 59.0 61.0 50.0 
174.0 64.0 333.0 663.0 
184.0 64.0 343.0 716.0 
70.0 60.0 68.0 55.0 
58.0 59.0 60.0 49.0 
176.0 64.0 321.0 624.0 
187.0 64.0 344.0 719.0 
70.0 60.0 69.0 55.0 
57.0 58.0 61.0 49.0 
182.0 64.0 307.0 628.0 
191.0 63.0 325.0 718.0 
71.0 59.0 69.0 56.0 
57.0 59.0 61.0 48.0 
187.0 65.0 294.0 634.0 
193.0 63.0 307.0 699.0 
69.0 60.0 69.0 56.0 
57.0 59.0 60.0 47.0 
194.0 64.0 278.0 630.0 
199.0 63.0 287.0 684.0 
71.0 59.0 72.0 58.0 
57.0 58.0 62.0 50.0 
197.0 65.0 252.0 620.0 
201.0 64.0 261.0 653.0 
70.0 60.0 69.0 55.0 
57.0 60.0 63.0 51.0 
205.0 64.0 245.0 611.0 
211.0 64.0 252.0 626.0 
68.0 60.0 69.0 55.0 
56.0 58.0 64.0 52.0 
217.0 65.0 217.0 590.0 
219.0 65.0 225.0 601.0 
68.0 60.0 70.0 56.0 
57.0 60.0 63.0 53.0 
219.0 67.0 205.0 561.0 
232.0 68.0 212.0 571.0 
67.0 60.0 71.0 57.0 
56.0 59.0 64.0 54.0 
220.0 66.0 192.0 520.0 
232.0 66.0 194.0 531.0 
67.0 60.0 72.0 58.0 
56.0 59.0 66.0 54.0 
232.0 66.0 177.0 498.0 
227.0 65.0 175.0 490.0 
66.0 60.0 72.0 59.0 
56.0 59.0 66.0 55.0 
244.0 64.0 162.0 487.0 
239.0 65.0 160.0 468.0 
65.0 60.0 73.0 59.0 
55.0 58.0 66.0 56.0 
261.0 64.0 151.0 469.0 
259.0 66.0 153.0 454.0 
64.0 59.0 72.0 60.0 
55.0 59.0 65.0 57.0 
269.0 63.0 151.0 446.0 
272.0 64.0 150.0 431.0 
64.0 60.0 72.0 61.0 
56.0 58.0 66.0 59.0 
285.0 64.0 120.0 430.0 
277.0 64.0 126.0 408.0 
64.0 59.0 74.0 64.0 
55.0 59.0 66.0 61.0 
299.0 63.0 126.0 401.0 
298.0 64.0 130.0 384.0 
64.0 60.0 74.0 64.0 
55.0 59.0 66.0 61.0 
330.0 64.0 113.0 396.0 
317.0 64.0 124.0 375.0 
62.0 59.0 74.0 66.0 
54.0 59.0 65.0 62.0 
354.0 64.0 109.0 378.0 
351.0 64.0 106.0 361.0 
60.0 60.0 74.0 68.0 
51.0 58.0 67.0 61.0 
399.0 64.0 114.0 352.0 
393.0 64.0 110.0 323.0 
59.0 61.0 74.0 68.0 
51.0 59.0 67.0 64.0 
426.0 65.0 109.0 335.0 
434.0 66.0 105.0 308.0 
57.0 61.0 74.0 70.0 
50.0 59.0 66.0 65.0 
463.0 65.0 105.0 313.0 
467.0 65.0 107.0 284.0 
57.0 59.0 72.0 70.0 
49.0 58.0 66.0 65.0 
487.0 67.0 100.0 304.0 
497.0 68.0 96.0 272.0 
56.0 59.0 74.0 72.0 
50.0 59.0 66.0 65.0 
548.0 68.0 100.0 306.0 
522.0 67.0 95.0 265.0 
54.0 60.0 73.0 73.0 
47.0 58.0 65.0 65.0 
575.0 67.0 97.0 296.0 
542.0 68.0 93.0 253.0 
55.0 60.0 73.0 73.0 
48.0 58.0 65.0 67.0 
578.0 66.0 89.0 280.0 
544.0 68.0 83.0 238.0 
55.0 60.0 73.0 76.0 
47.0 59.0 64.0 66.0 
582.0 66.0 86.0 265.0 
558.0 66.0 82.0 222.0 
54.0 60.0 74.0 75.0 
48.0 59.0 63.0 68.0 
607.0 65.0 84.0 255.0 
549.0 67.0 84.0 208.0 
55.0 59.0 76.0 76.0 
55.0 59.0 65.0 67.0 
634.0 65.0 93.0 241.0 
551.0 66.0 87.0 194.0 
67.0 59.0 76.0 81.0 
57.0 59.0 64.0 68.0 
719.0 63.0 84.0 261.0 
43.0 60.0 59.0 54.0 
66.0 59.0 76.0 81.0 
57.0 59.0 65.0 69.0 
745.0 63.0 87.0 245.0 
42.0 60.0 59.0 54.0 
67.0 59.0 76.0 80.0 
58.0 59.0 65.0 68.0 
757.0 62.0 86.0 223.0 
42.0 60.0 58.0 55.0 
67.0 58.0 76.0 82.0 
59.0 58.0 63.0 69.0 
777.0 63.0 78.0 224.0 
41.0 60.0 59.0 55.0 
67.0 60.0 77.0 82.0 
61.0 57.0 64.0 68.0 
768.0 62.0 82.0 216.0 
40.0 60.0 59.0 55.0 
69.0 59.0 78.0 83.0 
62.0 58.0 63.0 67.0 
787.0 62.0 78.0 214.0 
41.0 60.0 59.0 55.0 
72.0 60.0 79.0 86.0 
62.0 59.0 61.0 67.0 
768.0 61.0 75.0 210.0 
41.0 60.0 59.0 55.0 
71.0 59.0 81.0 85.0 
65.0 58.0 64.0 66.0 
790.0 62.0 76.0 206.0 
41.0 59.0 59.0 55.0 
70.0 59.0 87.0 84.0 
65.0 58.0 64.0 67.0 
770.0 62.0 79.0 184.0 
41.0 61.0 65.0 101.0 
72.0 59.0 90.0 84.0 
65.0 58.0 63.0 67.0 
719.0 63.0 78.0 165.0 
427.0 64.0 72.0 119.0 
73.0 60.0 98.0 84.0 
64.0 59.0 63.0 65.0 
656.0 64.0 79.0 163.0 
470.0 65.0 75.0 123.0 
73.0 59.0 99.0 84.0 
60.0 59.0 63.0 64.0 
651.0 64.0 78.0 160.0 
475.0 66.0 76.0 126.0 
62.0 59.0 101.0 82.0 
52.0 59.0 63.0 63.0 
623.0 64.0 79.0 150.0 
462.0 66.0 75.0 119.0 
69.0 60.0 107.0 83.0 
52.0 59.0 63.0 63.0 
606.0 65.0 79.0 145.0 
425.0 64.0 73.0 113.0 
63.0 60.0 114.0 82.0 
52.0 58.0 62.0 61.0 
583.0 66.0 80.0 138.0 
374.0 64.0 74.0 107.0 
65.0 60.0 118.0 82.0 
53.0 59.0 68.0 63.0 
531.0 67.0 90.0 138.0 
377.0 62.0 81.0 107.0 
60.0 59.0 107.0 76.0 
52.0 59.0 64.0 63.0 
498.0 66.0 86.0 133.0 
348.0 64.0 79.0 103.0 
63.0 60.0 118.0 79.0 
52.0 60.0 64.0 62.0 
476.0 65.0 99.0 129.0 
307.0 62.0 85.0 97.0 
71.0 59.0 140.0 85.0 
52.0 59.0 60.0 59.0 
450.0 65.0 102.0 125.0 
288.0 61.0 84.0 94.0 
72.0 60.0 157.0 86.0 
50.0 59.0 60.0 59.0 
412.0 63.0 133.0 115.0 
267.0 61.0 108.0 88.0 
76.0 60.0 171.0 87.0 
52.0 59.0 59.0 59.0 
384.0 63.0 148.0 112.0 
242.0 60.0 116.0 85.0 
78.0 59.0 195.0 91.0 
52.0 58.0 59.0 60.0 
324.0 62.0 151.0 103.0 
200.0 60.0 118.0 83.0 
82.0 60.0 217.0 93.0 
53.0 59.0 56.0 58.0 
277.0 61.0 156.0 98.0 
177.0 60.0 123.0 81.0 
82.0 61.0 253.0 99.0 
53.0 61.0 55.0 58.0 
262.0 60.0 165.0 96.0 
164.0 60.0 130.0 80.0 
83.0 60.0 263.0 99.0 
54.0 58.0 55.0 59.0 
242.0 61.0 171.0 95.0 
145.0 60.0 118.0 77.0 
89.0 62.0 335.0 111.0 
54.0 58.0 56.0 58.0 
242.0 60.0 173.0 95.0 
132.0 60.0 115.0 75.0 
91.0 62.0 361.0 114.0 
56.0 59.0 67.0 62.0 
232.0 61.0 177.0 95.0 
126.0 60.0 116.0 75.0 
94.0 62.0 389.0 124.0 
57.0 60.0 69.0 61.0 
220.0 61.0 171.0 93.0 
110.0 60.0 128.0 76.0 
96.0 63.0 382.0 125.0 
58.0 59.0 75.0 63.0 
215.0 60.0 184.0 94.0 
102.0 61.0 125.0 74.0 
94.0 61.0 353.0 129.0 
59.0 58.0 72.0 62.0 
194.0 59.0 225.0 97.0 
93.0 60.0 103.0 68.0 
99.0 63.0 386.0 138.0 
59.0 59.0 71.0 61.0 
162.0 60.0 242.0 101.0 
71.0 60.0 105.0 67.0 
103.0 65.0 424.0 151.0 
59.0 59.0 65.0 61.0 
153.0 60.0 228.0 98.0 
74.0 61.0 108.0 69.0 
108.0 65.0 456.0 165.0 
58.0 59.0 54.0 59.0 
133.0 61.0 218.0 94.0 
66.0 61.0 94.0 66.0 
105.0 65.0 456.0 168.0 
59.0 58.0 56.0 58.0 
118.0 59.0 180.0 88.0 
66.0 60.0 95.0 66.0 
104.0 64.0 437.0 166.0 
59.0 58.0 56.0 59.0 
101.0 60.0 172.0 87.0 
67.0 60.0 87.0 67.0 
102.0 64.0 402.0 170.0 
59.0 59.0 58.0 58.0 
77.0 60.0 158.0 91.0 
65.0 60.0 87.0 67.0 
108.0 65.0 430.0 212.0 
59.0 58.0 59.0 59.0 
73.0 60.0 125.0 83.0 
65.0 60.0 80.0 65.0 
109.0 64.0 446.0 231.0 
60.0 59.0 61.0 59.0 
75.0 60.0 136.0 94.0 
64.0 61.0 74.0 65.0 
102.0 65.0 418.0 239.0 
60.0 58.0 62.0 59.0 
72.0 59.0 116.0 101.0 
64.0 60.0 73.0 69.0 
94.0 63.0 407.0 252.0 
59.0 58.0 58.0 58.0 
79.0 59.0 124.0 132.0 
64.0 60.0 71.0 69.0 
95.0 63.0 388.0 294.0 
59.0 59.0 62.0 58.0 
76.0 60.0 115.0 156.0 
64.0 60.0 70.0 71.0 
94.0 64.0 354.0 316.0 
59.0 59.0 62.0 57.0 
81.0 60.0 123.0 188.0 
62.0 60.0 68.0 73.0 
96.0 63.0 317.0 348.0 
59.0 59.0 63.0 57.0 
83.0 60.0 118.0 207.0 
62.0 60.0 71.0 76.0 
96.0 62.0 262.0 347.0 
59.0 58.0 63.0 54.0 
87.0 60.0 121.0 256.0 
64.0 60.0 75.0 94.0 
101.0 62.0 251.0 384.0 
59.0 59.0 63.0 53.0 
90.0 60.0 122.0 275.0 
63.0 60.0 74.0 96.0 
99.0 62.0 224.0 385.0 
59.0 59.0 64.0 52.0 
94.0 60.0 127.0 312.0 
63.0 60.0 72.0 89.0 
106.0 63.0 213.0 420.0 
59.0 59.0 64.0 53.0 
93.0 61.0 123.0 317.0 
63.0 60.0 70.0 90.0 
105.0 63.0 191.0 420.0 
58.0 59.0 64.0 53.0 
92.0 61.0 110.0 298.0 
63.0 59.0 68.0 87.0 
106.0 62.0 182.0 412.0 
58.0 59.0 64.0 54.0 
89.0 61.0 108.0 306.0 
64.0 60.0 69.0 94.0 
114.0 64.0 164.0 468.0 
58.0 60.0 65.0 54.0 
82.0 60.0 110.0 290.0 
64.0 59.0 72.0 104.0 
115.0 64.0 156.0 471.0 
59.0 58.0 66.0 56.0 
85.0 60.0 96.0 238.0 
62.0 59.0 66.0 75.0 
114.0 63.0 150.0 435.0 
59.0 59.0 65.0 55.0 
88.0 59.0 99.0 258.0 
61.0 60.0 65.0 72.0 
115.0 65.0 148.0 450.0 
58.0 59.0 64.0 54.0 
88.0 60.0 92.0 250.0 
61.0 59.0 64.0 68.0 
116.0 64.0 145.0 449.0 
59.0 60.0 64.0 53.0 
94.0 59.0 94.0 277.0 
60.0 60.0 62.0 64.0 
119.0 64.0 137.0 457.0 
58.0 59.0 63.0 54.0 
91.0 59.0 94.0 273.0 
60.0 57.0 62.0 62.0 
127.0 64.0 136.0 475.0 
58.0 60.0 62.0 51.0 
91.0 60.0 89.0 251.0 
59.0 59.0 63.0 61.0 
124.0 63.0 128.0 434.0 
58.0 60.0 62.0 53.0 
96.0 60.0 93.0 291.0 
60.0 60.0 63.0 58.0 
119.0 62.0 120.0 392.0 
58.0 58.0 61.0 53.0 
99.0 60.0 94.0 303.0 
58.0 59.0 62.0 58.0 
122.0 62.0 116.0 383.0 
58.0 59.0 62.0 52.0 
107.0 60.0 96.0 327.0 
59.0 60.0 63.0 57.0 
122.0 62.0 111.0 367.0 
58.0 59.0 61.0 52.0 
111.0 61.0 98.0 334.0 
60.0 60.0 63.0 58.0 
116.0 61.0 104.0 328.0 
58.0 58.0 61.0 53.0 
125.0 60.0 97.0 319.0 
59.0 60.0 62.0 58.0 
116.0 61.0 104.0 330.0 
58.0 58.0 62.0 53.0 
122.0 59.0 90.0 259.0 
59.0 61.0 62.0 59.0 
110.0 61.0 96.0 272.0 
57.0 59.0 62.0 55.0 
130.0 60.0 91.0 262.0 
58.0 60.0 63.0 57.0 
115.0 60.0 93.0 246.0 
57.0 58.0 63.0 55.0 
125.0 59.0 86.0 223.0 
61.0 60.0 64.0 65.0 
113.0 60.0 90.0 235.0 
58.0 59.0 62.0 57.0 
129.0 58.0 84.0 225.0 
62.0 60.0 63.0 64.0 
115.0 60.0 91.0 232.0 
57.0 58.0 63.0 58.0 
140.0 60.0 84.0 206.0 
60.0 60.0 62.0 61.0 
116.0 60.0 92.0 224.0 
57.0 59.0 62.0 57.0 
141.0 59.0 85.0 197.0 
61.0 61.0 62.0 60.0 
118.0 60.0 91.0 219.0 
58.0 59.0 63.0 58.0 
142.0 60.0 83.0 187.0 
67.0 60.0 65.0 66.0 
129.0 59.0 92.0 229.0 
56.0 58.0 62.0 57.0 
141.0 60.0 82.0 175.0 
67.0 60.0 63.0 65.0 
129.0 61.0 90.0 215.0 
57.0 59.0 61.0 59.0 
132.0 60.0 79.0 159.0 
68.0 61.0 64.0 69.0 
128.0 60.0 87.0 194.0 
57.0 60.0 62.0 59.0 
147.0 60.0 79.0 174.0 
68.0 60.0 62.0 66.0 
124.0 60.0 85.0 181.0 
56.0 59.0 63.0 59.0 
147.0 60.0 79.0 168.0 
68.0 60.0 63.0 67.0 
128.0 60.0 83.0 155.0 
57.0 59.0 62.0 61.0 
128.0 58.0 76.0 143.0 
69.0 60.0 64.0 69.0 
125.0 60.0 81.0 132.0 
57.0 58.0 62.0 60.0 
128.0 60.0 78.0 145.0 
74.0 60.0 64.0 73.0 
123.0 60.0 78.0 117.0 
57.0 59.0 63.0 61.0 
144.0 59.0 75.0 143.0 
71.0 61.0 63.0 70.0 
141.0 60.0 78.0 125.0 
55.0 58.0 61.0 58.0 
158.0 60.0 78.0 159.0 
69.0 60.0 62.0 68.0 
143.0 60.0 79.0 121.0 
55.0 58.0 60.0 58.0 
160.0 59.0 79.0 155.0 
68.0 61.0 61.0 67.0 
151.0 59.0 80.0 123.0 
56.0 60.0 61.0 58.0 
155.0 59.0 75.0 148.0 
69.0 61.0 62.0 68.0 
160.0 60.0 77.0 121.0 
54.0 60.0 63.0 59.0 
168.0 60.0 74.0 143.0 
63.0 60.0 62.0 64.0 
174.0 60.0 78.0 125.0 
54.0 60.0 62.0 60.0 
159.0 59.0 73.0 129.0 
59.0 61.0 61.0 59.0 
179.0 59.0 80.0 128.0 
54.0 59.0 62.0 61.0 
168.0 61.0 71.0 122.0 
54.0 60.0 60.0 57.0 
189.0 59.0 79.0 124.0 
54.0 59.0 62.0 59.0 
198.0 60.0 72.0 125.0 
54.0 59.0 60.0 58.0 
189.0 60.0 80.0 126.0 
52.0 58.0 61.0 59.0 
252.0 60.0 72.0 116.0 
52.0 61.0 60.0 58.0 
201.0 60.0 80.0 129.0 
53.0 59.0 62.0 61.0 
231.0 62.0 68.0 97.0 
55.0 61.0 60.0 59.0 
166.0 59.0 78.0 107.0 
52.0 59.0 61.0 62.0 
270.0 60.0 68.0 100.0 
57.0 60.0 60.0 60.0 
191.0 60.0 78.0 111.0 
54.0 59.0 62.0 62.0 
221.0 60.0 67.0 89.0 
62.0 61.0 62.0 61.0 
165.0 59.0 76.0 100.0 
55.0 58.0 61.0 61.0 
234.0 60.0 67.0 87.0 
61.0 59.0 61.0 61.0 
195.0 60.0 78.0 106.0 
54.0 59.0 61.0 61.0 
236.0 60.0 65.0 86.0 
59.0 60.0 60.0 60.0 
216.0 60.0 77.0 101.0 
55.0 59.0 61.0 61.0 
232.0 60.0 66.0 91.0 
56.0 59.0 61.0 59.0 
267.0 61.0 78.0 105.0 
54.0 59.0 61.0 60.0 
249.0 60.0 68.0 91.0 
55.0 60.0 61.0 60.0 
272.0 62.0 78.0 103.0 
53.0 60.0 61.0 61.0 
275.0 61.0 67.0 88.0 
52.0 60.0 60.0 61.0 
276.0 61.0 79.0 103.0 
51.0 58.0 61.0 61.0 
295.0 62.0 69.0 92.0 
52.0 60.0 61.0 60.0 
222.0 60.0 77.0 95.0 
47.0 58.0 60.0 59.0 
338.0 62.0 69.0 96.0 
55.0 60.0 59.0 60.0 
220.0 59.0 77.0 93.0 
48.0 59.0 60.0 59.0 
382.0 63.0 72.0 99.0 
55.0 61.0 60.0 61.0 
231.0 60.0 76.0 94.0 
50.0 58.0 60.0 60.0 
313.0 62.0 69.0 92.0 
53.0 60.0 61.0 60.0 
250.0 63.0 77.0 96.0 
51.0 59.0 60.0 58.0 
276.0 60.0 67.0 86.0 
54.0 60.0 61.0 60.0 
249.0 61.0 78.0 97.0 
51.0 59.0 60.0 61.0 
282.0 60.0 66.0 85.0 
54.0 59.0 61.0 61.0 
221.0 60.0 77.0 90.0 
48.0 58.0 60.0 60.0 
374.0 62.0 72.0 96.0 
55.0 60.0 61.0 60.0 
179.0 61.0 75.0 87.0 
50.0 60.0 60.0 60.0 
364.0 63.0 71.0 96.0 
52.0 60.0 61.0 61.0 
178.0 60.0 75.0 85.0 
51.0 59.0 60.0 61.0 
310.0 61.0 68.0 89.0 
52.0 60.0 61.0 60.0 
231.0 60.0 74.0 90.0 
53.0 59.0 61.0 61.0 
188.0 59.0 65.0 79.0 
54.0 60.0 61.0 60.0 
212.0 60.0 73.0 87.0 
54.0 58.0 61.0 61.0 
181.0 59.0 65.0 75.0 
53.0 60.0 60.0 60.0 
197.0 60.0 73.0 83.0 
55.0 59.0 61.0 61.0 
203.0 60.0 66.0 81.0 
52.0 60.0 61.0 60.0 
164.0 60.0 73.0 79.0 
55.0 58.0 61.0 61.0 
204.0 59.0 65.0 80.0 
55.0 59.0 61.0 62.0 
150.0 61.0 73.0 80.0 
55.0 59.0 61.0 61.0 
171.0 60.0 66.0 80.0 
54.0 60.0 61.0 60.0 
152.0 60.0 73.0 80.0 
58.0 59.0 61.0 62.0 
113.0 59.0 62.0 69.0 
59.0 60.0 61.0 61.0 
149.0 60.0 72.0 79.0 
59.0 61.0 60.0 62.0 
93.0 60.0 62.0 68.0 
59.0 60.0 61.0 61.0 
146.0 59.0 73.0 79.0 
59.0 60.0 61.0 62.0 
71.0 60.0 60.0 62.0 
59.0 60.0 61.0 62.0 
143.0 61.0 73.0 79.0 
60.0 58.0 61.0 63.0 
68.0 59.0 60.0 62.0 
60.0 59.0 62.0 61.0 
131.0 59.0 72.0 78.0 
60.0 59.0 61.0 62.0 
64.0 59.0 60.0 61.0 
60.0 60.0 61.0 61.0 
121.0 59.0 74.0 78.0 
60.0 59.0 61.0 62.0 
61.0 61.0 59.0 61.0 
61.0 60.0 61.0 61.0 
107.0 60.0 73.0 76.0 
60.0 59.0 61.0 62.0 
62.0 59.0 60.0 61.0 
61.0 59.0 61.0 61.0 
104.0 60.0 73.0 76.0 
61.0 59.0 62.0 62.0 
61.0 60.0 60.0 61.0 
62.0 59.0 62.0 62.0 
97.0 59.0 73.0 74.0 
62.0 59.0 61.0 63.0 
61.0 59.0 59.0 61.0 
62.0 60.0 61.0 61.0 
92.0 60.0 72.0 74.0 
61.0 59.0 61.0 63.0 
61.0 60.0 61.0 61.0 
63.0 60.0 62.0 62.0 
93.0 60.0 72.0 74.0 
62.0 58.0 61.0 63.0 
61.0 59.0 60.0 60.0 
62.0 60.0 62.0 62.0 
88.0 60.0 72.0 75.0 
61.0 59.0 63.0 62.0 
63.0 59.0 60.0 62.0 
62.0 60.0 61.0 62.0 
89.0 59.0 72.0 74.0 
61.0 59.0 62.0 63.0 
60.0 60.0 59.0 60.0 
62.0 60.0 61.0 62.0 
89.0 60.0 74.0 74.0 
62.0 58.0 63.0 63.0 
60.0 60.0 59.0 61.0 
61.0 60.0 61.0 62.0 
81.0 61.0 74.0 73.0 
62.0 58.0 63.0 64.0 
60.0 59.0 60.0 60.0 
62.0 60.0 62.0 62.0 
84.0 60.0 74.0 73.0 
62.0 59.0 63.0 64.0 
60.0 60.0 60.0 61.0 
61.0 60.0 62.0 62.0 
85.0 60.0 74.0 73.0 
63.0 58.0 64.0 65.0 
60.0 61.0 60.0 60.0 
63.0 60.0 61.0 62.0 
84.0 60.0 75.0 73.0 
62.0 59.0 63.0 65.0 
60.0 59.0 61.0 60.0 
63.0 60.0 62.0 62.0 
87.0 58.0 75.0 74.0 
63.0 59.0 65.0 64.0 
61.0 58.0 61.0 60.0 
61.0 60.0 60.0 62.0 
88.0 60.0 74.0 74.0 
63.0 58.0 65.0 66.0 
59.0 59.0 59.0 61.0 
61.0 60.0 61.0 62.0 
86.0 59.0 75.0 73.0 
62.0 59.0 65.0 66.0 
60.0 59.0 60.0 61.0 
61.0 60.0 61.0 62.0 
87.0 60.0 74.0 73.0 
63.0 59.0 66.0 66.0 
60.0 59.0 60.0 61.0 
61.0 60.0 61.0 62.0 
86.0 59.0 74.0 72.0 
63.0 59.0 65.0 66.0 
61.0 59.0 60.0 61.0 
61.0 59.0 61.0 62.0 
88.0 60.0 73.0 72.0 
63.0 60.0 65.0 67.0 
59.0 59.0 60.0 61.0 
61.0 60.0 62.0 62.0 
90.0 60.0 75.0 73.0 
63.0 59.0 66.0 66.0 
60.0 59.0 61.0 61.0 
60.0 61.0 61.0 62.0 
88.0 60.0 73.0 73.0 
62.0 60.0 65.0 67.0 
61.0 61.0 60.0 62.0 
61.0 59.0 61.0 61.0 
89.0 59.0 75.0 72.0 
63.0 59.0 66.0 67.0 
60.0 60.0 60.0 62.0 
60.0 60.0 61.0 61.0 
89.0 60.0 73.0 72.0 
62.0 59.0 66.0 66.0 
60.0 59.0 59.0 62.0 
61.0 60.0 61.0 61.0 
89.0 60.0 74.0 73.0 
63.0 59.0 65.0 67.0 
60.0 59.0 60.0 63.0 
60.0 60.0 60.0 61.0 
88.0 60.0 74.0 72.0 
63.0 59.0 65.0 67.0 
60.0 60.0 61.0 62.0 
60.0 60.0 60.0 61.0 
88.0 60.0 74.0 73.0 
62.0 59.0 66.0 66.0 
61.0 59.0 61.0 62.0 
61.0 59.0 60.0 61.0 
88.0 59.0 73.0 72.0 
63.0 59.0 65.0 66.0 
60.0 59.0 60.0 63.0 
61.0 60.0 61.0 61.0 
87.0 60.0 72.0 73.0 
63.0 59.0 67.0 66.0 
61.0 60.0 60.0 62.0 
61.0 59.0 61.0 61.0 
88.0 60.0 75.0 72.0 
63.0 59.0 66.0 66.0 
61.0 59.0 61.0 62.0 
60.0 59.0 61.0 61.0 
88.0 59.0 74.0 72.0 
62.0 59.0 66.0 67.0 
60.0 60.0 61.0 62.0 
61.0 61.0 61.0 61.0 
88.0 60.0 74.0 72.0 
63.0 59.0 65.0 66.0 
61.0 59.0 62.0 63.0 
60.0 60.0 61.0 61.0 
89.0 60.0 74.0 73.0 
62.0 58.0 65.0 65.0 
61.0 59.0 61.0 63.0 
60.0 60.0 61.0 62.0 
88.0 60.0 74.0 74.0 
61.0 60.0 63.0 64.0 
61.0 60.0 61.0 63.0 
61.0 60.0 61.0 63.0 
88.0 60.0 73.0 72.0 
60.0 59.0 62.0 62.0 
61.0 60.0 61.0 62.0 
61.0 60.0 62.0 61.0 
85.0 60.0 75.0 72.0 
60.0 59.0 62.0 62.0 
60.0 60.0 62.0 62.0 
61.0 60.0 60.0 62.0 
84.0 58.0 73.0 72.0 
60.0 59.0 62.0 61.0 
61.0 59.0 63.0 63.0 
61.0 60.0 61.0 62.0 
85.0 60.0 73.0 73.0 
61.0 58.0 63.0 62.0 
61.0 60.0 62.0 63.0 
60.0 60.0 63.0 61.0 
84.0 59.0 74.0 72.0 
61.0 58.0 62.0 62.0 
61.0 59.0 62.0 63.0 
60.0 60.0 62.0 61.0 
87.0 61.0 73.0 73.0 
60.0 59.0 61.0 62.0 
61.0 60.0 62.0 63.0 
62.0 60.0 62.0 61.0 
85.0 59.0 74.0 73.0 
60.0 59.0 61.0 62.0 
61.0 60.0 62.0 63.0 
62.0 60.0 60.0 61.0 
84.0 59.0 75.0 73.0 
60.0 59.0 61.0 62.0 
62.0 59.0 62.0 63.0 
60.0 61.0 61.0 61.0 
80.0 58.0 74.0 73.0 
61.0 60.0 61.0 62.0 
61.0 60.0 61.0 63.0 
61.0 60.0 61.0 61.0 
85.0 60.0 74.0 73.0 
60.0 59.0 61.0 62.0 
62.0 60.0 62.0 63.0 
60.0 60.0 59.0 61.0 
82.0 59.0 75.0 73.0 
61.0 59.0 61.0 62.0 
61.0 59.0 62.0 63.0 
61.0 60.0 61.0 61.0 
82.0 60.0 75.0 73.0 
61.0 59.0 62.0 62.0 
61.0 60.0 62.0 63.0 
61.0 60.0 61.0 61.0 
84.0 60.0 75.0 72.0 
61.0 59.0 62.0 62.0 
61.0 60.0 62.0 63.0 
60.0 59.0 61.0 62.0 
85.0 59.0 74.0 73.0 
60.0 59.0 61.0 63.0 
61.0 60.0 62.0 63.0 
59.0 61.0 61.0 61.0 
83.0 59.0 74.0 72.0 
60.0 59.0 62.0 62.0 
61.0 60.0 61.0 64.0 
60.0 60.0 60.0 61.0 
83.0 59.0 73.0 72.0 
60.0 59.0 62.0 63.0 
61.0 60.0 62.0 63.0 
60.0 60.0 61.0 62.0 
81.0 60.0 73.0 72.0 
61.0 59.0 61.0 62.0 
61.0 60.0 62.0 64.0 
60.0 60.0 60.0 61.0 
82.0 59.0 74.0 72.0 
60.0 60.0 62.0 63.0 
62.0 59.0 62.0 63.0 
60.0 60.0 60.0 61.0 
82.0 60.0 73.0 72.0 
61.0 59.0 61.0 62.0 
61.0 59.0 62.0 63.0 
60.0 60.0 61.0 61.0 
79.0 60.0 74.0 73.0 
61.0 59.0 62.0 62.0 
62.0 59.0 62.0 64.0 
61.0 60.0 61.0 61.0 
83.0 60.0 74.0 72.0 
60.0 59.0 62.0 62.0 
61.0 60.0 62.0 63.0 
60.0 60.0 60.0 61.0 
82.0 59.0 74.0 73.0 
61.0 60.0 61.0 62.0 
63.0 59.0 62.0 63.0 
62.0 60.0 60.0 61.0 
80.0 60.0 73.0 72.0 
61.0 59.0 62.0 62.0 
63.0 59.0 61.0 63.0 
61.0 61.0 61.0 61.0 
79.0 59.0 73.0 72.0 
61.0 59.0 63.0 63.0 
62.0 59.0 62.0 64.0 
61.0 60.0 60.0 61.0 
78.0 60.0 73.0 72.0 
60.0 59.0 62.0 63.0 
62.0 59.0 62.0 63.0 
62.0 60.0 61.0 62.0 
80.0 60.0 73.0 72.0 
60.0 59.0 62.0 62.0 
63.0 59.0 62.0 63.0 
61.0 61.0 61.0 61.0 
84.0 59.0 74.0 73.0 
61.0 58.0 61.0 63.0 
62.0 59.0 62.0 63.0 
62.0 60.0 62.0 61.0 
81.0 59.0 74.0 72.0 
62.0 58.0 62.0 63.0 
62.0 60.0 61.0 64.0 
62.0 59.0 61.0 61.0 
80.0 59.0 74.0 73.0 
61.0 59.0 62.0 62.0 
63.0 59.0 62.0 64.0 
61.0 60.0 61.0 61.0 
80.0 59.0 74.0 72.0 
61.0 60.0 61.0 63.0 
63.0 59.0 62.0 63.0 
62.0 60.0 61.0 61.0 
81.0 60.0 74.0 72.0 
61.0 59.0 62.0 62.0 
62.0 60.0 61.0 64.0 
62.0 61.0 61.0 62.0 
86.0 60.0 74.0 73.0 
61.0 58.0 63.0 63.0 
61.0 60.0 62.0 64.0 
61.0 60.0 61.0 61.0 
81.0 59.0 74.0 72.0 
62.0 59.0 62.0 63.0 
63.0 59.0 62.0 63.0 
60.0 61.0 60.0 61.0 
81.0 59.0 74.0 73.0 
61.0 59.0 61.0 62.0 
62.0 59.0 62.0 63.0 
62.0 60.0 61.0 62.0 
81.0 60.0 74.0 72.0 
61.0 59.0 62.0 62.0 
62.0 60.0 61.0 63.0 
61.0 61.0 60.0 63.0 
78.0 61.0 73.0 72.0 
61.0 59.0 61.0 62.0 
63.0 59.0 63.0 63.0 
62.0 61.0 62.0 62.0 
80.0 60.0 73.0 73.0 
61.0 59.0 62.0 62.0 
62.0 59.0 61.0 64.0 
61.0 59.0 61.0 61.0 
71.0 58.0 74.0 71.0 
61.0 59.0 62.0 63.0 
62.0 59.0 62.0 63.0 
62.0 60.0 61.0 62.0 
66.0 60.0 74.0 71.0 
61.0 59.0 62.0 63.0 
62.0 59.0 62.0 63.0 
62.0 59.0 61.0 61.0 
66.0 59.0 73.0 70.0 
60.0 59.0 61.0 63.0 
62.0 59.0 61.0 62.0 
60.0 59.0 60.0 61.0 
65.0 60.0 72.0 70.0 
61.0 57.0 62.0 62.0 
61.0 60.0 61.0 63.0 
60.0 61.0 61.0 61.0 
65.0 60.0 73.0 70.0 
61.0 59.0 62.0 62.0 
63.0 59.0 61.0 63.0 
61.0 60.0 60.0 61.0 
64.0 60.0 74.0 70.0 
61.0 59.0 62.0 62.0 
62.0 59.0 61.0 63.0 
61.0 60.0 60.0 61.0 
65.0 59.0 74.0 70.0 
61.0 58.0 62.0 62.0 
63.0 59.0 62.0 63.0 
61.0 60.0 60.0 61.0 
66.0 60.0 74.0 70.0 
62.0 59.0 62.0 62.0 
62.0 61.0 61.0 64.0 
62.0 60.0 61.0 61.0 
66.0 60.0 74.0 70.0 
61.0 59.0 62.0 63.0 
62.0 59.0 61.0 62.0 
61.0 60.0 61.0 60.0 
65.0 59.0 74.0 70.0 
61.0 59.0 62.0 62.0 
62.0 59.0 62.0 63.0 
61.0 60.0 60.0 61.0 
66.0 60.0 73.0 71.0 
60.0 58.0 62.0 63.0 
62.0 59.0 62.0 63.0 
60.0 60.0 60.0 61.0 
65.0 59.0 73.0 71.0 
62.0 59.0 63.0 62.0 
62.0 59.0 61.0 63.0 
62.0 60.0 62.0 61.0 
65.0 59.0 74.0 70.0 
61.0 58.0 62.0 62.0 
62.0 60.0 61.0 63.0 
61.0 59.0 59.0 61.0 
65.0 59.0 74.0 72.0 
60.0 58.0 61.0 63.0 
62.0 59.0 62.0 63.0 
61.0 60.0 60.0 60.0 
65.0 59.0 73.0 70.0 
60.0 59.0 61.0 62.0 
62.0 60.0 61.0 64.0 
62.0 60.0 60.0 61.0 
65.0 59.0 74.0 70.0 
61.0 59.0 61.0 62.0 
62.0 60.0 62.0 63.0 
61.0 61.0 61.0 61.0 
66.0 59.0 74.0 70.0 
61.0 59.0 62.0 62.0 
63.0 58.0 62.0 63.0 
60.0 60.0 60.0 61.0 
65.0 60.0 73.0 69.0 
61.0 59.0 62.0 63.0 
63.0 61.0 61.0 63.0 
62.0 60.0 61.0 61.0 
71.0 60.0 74.0 71.0 
61.0 58.0 62.0 63.0 
62.0 60.0 62.0 63.0 
62.0 60.0 61.0 61.0 
73.0 59.0 74.0 71.0 
61.0 59.0 62.0 62.0 
61.0 60.0 61.0 64.0 
60.0 60.0 60.0 60.0 
70.0 59.0 73.0 71.0 
60.0 59.0 62.0 61.0 
62.0 59.0 62.0 63.0 
61.0 60.0 61.0 61.0 
72.0 59.0 74.0 71.0 
61.0 59.0 61.0 62.0 
61.0 59.0 61.0 64.0 
62.0 58.0 60.0 61.0 
70.0 60.0 74.0 71.0 
62.0 60.0 62.0 63.0 
62.0 58.0 61.0 64.0 
62.0 60.0 62.0 61.0 
71.0 59.0 74.0 71.0 
61.0 58.0 61.0 61.0 
62.0 60.0 62.0 63.0 
62.0 60.0 60.0 62.0 
71.0 61.0 74.0 72.0 
61.0 58.0 62.0 61.0 
61.0 59.0 62.0 63.0 
61.0 60.0 61.0 61.0 
75.0 60.0 75.0 71.0 
61.0 59.0 61.0 62.0 
62.0 59.0 62.0 63.0 
61.0 60.0 61.0 61.0 
75.0 60.0 75.0 72.0 
61.0 59.0 61.0 63.0 
61.0 59.0 61.0 63.0 
60.0 59.0 61.0 61.0 
75.0 60.0 74.0 72.0 
62.0 59.0 62.0 62.0 
61.0 60.0 60.0 63.0 
60.0 60.0 60.0 61.0 
76.0 60.0 75.0 71.0 
61.0 59.0 62.0 63.0 
62.0 59.0 62.0 64.0 
60.0 60.0 61.0 61.0 
76.0 59.0 74.0 71.0 
61.0 59.0 62.0 62.0 
62.0 59.0 62.0 63.0 
61.0 57.0 61.0 61.0 
75.0 60.0 75.0 72.0 
61.0 59.0 62.0 62.0 
61.0 59.0 61.0 62.0 
61.0 60.0 61.0 60.0 
77.0 60.0 73.0 71.0 
61.0 59.0 62.0 63.0 
62.0 60.0 62.0 63.0 
60.0 60.0 60.0 61.0 
76.0 60.0 74.0 71.0 
62.0 58.0 62.0 63.0 
62.0 60.0 61.0 64.0 
61.0 60.0 61.0 61.0 
76.0 59.0 74.0 72.0 
61.0 58.0 62.0 63.0 
62.0 59.0 62.0 63.0 
60.0 60.0 60.0 61.0 
76.0 60.0 74.0 71.0 
61.0 59.0 62.0 62.0 
61.0 59.0 62.0 63.0 
61.0 60.0 61.0 61.0 
76.0 60.0 74.0 72.0 
61.0 59.0 62.0 62.0 
61.0 59.0 63.0 63.0 
61.0 60.0 61.0 61.0 
77.0 60.0 74.0 72.0 
60.0 58.0 60.0 61.0 
62.0 59.0 61.0 63.0 
60.0 60.0 60.0 60.0 
76.0 60.0 74.0 71.0 
61.0 59.0 62.0 63.0 
62.0 60.0 63.0 64.0 
61.0 60.0 61.0 60.0 
76.0 59.0 75.0 71.0 
60.0 59.0 62.0 62.0 
61.0 59.0 62.0 64.0 
61.0 59.0 61.0 61.0 
77.0 60.0 74.0 71.0 
61.0 59.0 62.0 63.0 
61.0 62.0 62.0 63.0 
61.0 60.0 60.0 61.0 
76.0 59.0 74.0 72.0 
61.0 59.0 63.0 62.0 
61.0 58.0 62.0 63.0 
60.0 60.0 61.0 61.0 
75.0 60.0 75.0 71.0 
60.0 59.0 62.0 62.0 
61.0 60.0 61.0 63.0 
60.0 61.0 61.0 61.0 
77.0 60.0 74.0 71.0 
60.0 59.0 62.0 62.0 
62.0 60.0 62.0 63.0 
61.0 60.0 61.0 61.0 
76.0 60.0 74.0 73.0 
61.0 59.0 62.0 62.0 
62.0 59.0 62.0 64.0 
61.0 59.0 61.0 61.0 
76.0 59.0 75.0 71.0 
61.0 59.0 62.0 62.0 
62.0 59.0 62.0 63.0 
61.0 60.0 61.0 61.0 
75.0 60.0 73.0 71.0 
61.0 59.0 61.0 62.0 
62.0 60.0 61.0 63.0 
60.0 60.0 61.0 61.0 
76.0 60.0 74.0 71.0 
61.0 58.0 62.0 62.0 
62.0 59.0 63.0 64.0 
60.0 60.0 61.0 60.0 
77.0 60.0 73.0 72.0 
62.0 58.0 62.0 62.0 
62.0 59.0 62.0 63.0 
61.0 60.0 61.0 61.0 
76.0 60.0 73.0 71.0 
61.0 59.0 63.0 62.0 
61.0 60.0 62.0 63.0 
61.0 59.0 61.0 62.0 
76.0 60.0 73.0 71.0 
61.0 59.0 62.0 62.0 
60.0 60.0 62.0 63.0 
61.0 60.0 60.0 62.0 
76.0 59.0 73.0 71.0 
61.0 58.0 62.0 62.0 
62.0 60.0 62.0 63.0 
61.0 60.0 60.0 62.0 
75.0 59.0 73.0 71.0 
61.0 59.0 61.0 62.0 
61.0 59.0 62.0 63.0 
61.0 61.0 60.0 62.0 
74.0 60.0 72.0 71.0 
61.0 59.0 62.0 63.0 
61.0 60.0 61.0 65.0 
62.0 60.0 61.0 61.0 
76.0 61.0 73.0 71.0 
60.0 59.0 62.0 62.0 
61.0 60.0 62.0 63.0 
61.0 60.0 61.0 61.0 
75.0 60.0 74.0 71.0 
61.0 58.0 62.0 62.0 
62.0 60.0 61.0 63.0 
61.0 59.0 61.0 61.0 
76.0 60.0 74.0 70.0 
60.0 59.0 62.0 62.0 
62.0 59.0 62.0 63.0 
61.0 59.0 61.0 61.0 
76.0 59.0 74.0 71.0 
61.0 60.0 61.0 62.0 
62.0 58.0 62.0 63.0 
60.0 60.0 60.0 61.0 
75.0 60.0 74.0 70.0 
61.0 59.0 61.0 63.0 
61.0 60.0 61.0 63.0 
61.0 60.0 62.0 61.0 
75.0 60.0 73.0 70.0 
60.0 60.0 61.0 62.0 
62.0 59.0 62.0 62.0 
61.0 60.0 62.0 61.0 
75.0 60.0 72.0 70.0 
61.0 59.0 62.0 62.0 
62.0 60.0 61.0 63.0 
61.0 60.0 60.0 62.0 
75.0 59.0 74.0 71.0 
60.0 59.0 61.0 63.0 
61.0 59.0 61.0 63.0 
61.0 60.0 60.0 62.0 
75.0 60.0 73.0 71.0 
60.0 60.0 61.0 64.0 
62.0 59.0 61.0 63.0 
61.0 60.0 61.0 61.0 
75.0 59.0 74.0 71.0 
60.0 59.0 62.0 62.0 
62.0 60.0 61.0 63.0 
62.0 60.0 61.0 62.0 
74.0 60.0 74.0 71.0 
61.0 59.0 61.0 62.0 
62.0 59.0 61.0 63.0 
61.0 60.0 62.0 61.0 
75.0 61.0 74.0 72.0 
60.0 59.0 62.0 62.0 
61.0 59.0 61.0 63.0 
61.0 60.0 61.0 62.0 
75.0 59.0 74.0 71.0 
61.0 59.0 62.0 63.0 
62.0 59.0 61.0 63.0 
61.0 60.0 61.0 62.0 
75.0 60.0 74.0 71.0 
61.0 59.0 62.0 62.0 
61.0 60.0 62.0 63.0 
61.0 59.0 61.0 61.0 
75.0 60.0 74.0 71.0 
60.0 60.0 62.0 63.0 
61.0 60.0 62.0 63.0 
60.0 62.0 61.0 62.0 
75.0 59.0 74.0 71.0 
61.0 58.0 62.0 62.0 
62.0 59.0 60.0 63.0 
61.0 60.0 61.0 62.0 
75.0 60.0 74.0 71.0 
60.0 59.0 61.0 63.0 
61.0 60.0 61.0 63.0 
62.0 60.0 61.0 61.0 
75.0 59.0 74.0 71.0 
60.0 59.0 62.0 62.0 
61.0 59.0 61.0 63.0 
62.0 59.0 61.0 62.0 
75.0 60.0 73.0 71.0 
62.0 59.0 62.0 63.0 
62.0 61.0 62.0 61.0 
62.0 60.0 61.0 62.0 
76.0 59.0 74.0 71.0 
61.0 58.0 62.0 62.0 
61.0 60.0 62.0 63.0 
62.0 59.0 61.0 62.0 
75.0 60.0 74.0 71.0 
60.0 59.0 62.0 62.0 
61.0 60.0 61.0 63.0 
62.0 60.0 61.0 62.0 
75.0 59.0 73.0 72.0 
61.0 58.0 61.0 62.0 
61.0 59.0 61.0 63.0 
61.0 60.0 60.0 62.0 
76.0 58.0 74.0 71.0 
61.0 59.0 61.0 63.0 
63.0 58.0 63.0 63.0 
61.0 60.0 61.0 62.0 
76.0 60.0 72.0 72.0 
62.0 59.0 63.0 63.0 
61.0 60.0 63.0 63.0 
61.0 61.0 61.0 62.0 
76.0 60.0 74.0 72.0 
60.0 58.0 62.0 62.0 
62.0 59.0 62.0 63.0 
61.0 60.0 61.0 61.0 
76.0 59.0 74.0 72.0 
60.0 59.0 62.0 62.0 
62.0 59.0 62.0 63.0 
61.0 60.0 61.0 62.0 
77.0 59.0 74.0 72.0 
61.0 58.0 62.0 63.0 
61.0 60.0 62.0 63.0 
61.0 60.0 61.0 61.0 
76.0 60.0 74.0 72.0 
61.0 59.0 60.0 62.0 
62.0 59.0 62.0 63.0 
61.0 60.0 61.0 62.0 
77.0 60.0 74.0 72.0 
61.0 59.0 62.0 63.0 
61.0 60.0 62.0 64.0 
61.0 60.0 61.0 61.0 
74.0 59.0 74.0 72.0 
60.0 58.0 62.0 62.0 
61.0 59.0 61.0 63.0 
62.0 60.0 61.0 62.0 
75.0 60.0 74.0 72.0 
61.0 59.0 61.0 62.0 
61.0 59.0 62.0 62.0 
61.0 61.0 61.0 62.0 
75.0 59.0 74.0 72.0 
61.0 59.0 61.0 63.0 
61.0 59.0 61.0 63.0 
62.0 60.0 61.0 61.0 
75.0 60.0 75.0 71.0 
60.0 59.0 62.0 62.0 
62.0 60.0 61.0 63.0 
61.0 59.0 62.0 62.0 
74.0 60.0 72.0 71.0 
61.0 59.0 61.0 62.0 
60.0 58.0 62.0 63.0 
61.0 60.0 61.0 61.0 
75.0 59.0 74.0 72.0 
61.0 59.0 62.0 62.0 
61.0 60.0 61.0 62.0 
63.0 59.0 62.0 61.0 
72.0 60.0 72.0 71.0 
61.0 59.0 62.0 62.0 
61.0 59.0 60.0 63.0 
62.0 60.0 61.0 62.0 
73.0 59.0 73.0 71.0 
60.0 59.0 61.0 62.0 
62.0 60.0 61.0 63.0 
64.0 59.0 60.0 61.0 
69.0 60.0 74.0 70.0 
61.0 60.0 61.0 63.0 
62.0 59.0 63.0 63.0 
62.0 60.0 60.0 62.0 
73.0 60.0 73.0 72.0 
61.0 59.0 62.0 62.0 
62.0 59.0 60.0 63.0 
61.0 60.0 61.0 62.0 
72.0 60.0 74.0 71.0 
61.0 59.0 62.0 62.0 
62.0 60.0 61.0 63.0 
62.0 60.0 61.0 61.0 
73.0 60.0 73.0 72.0 
61.0 59.0 62.0 63.0 
61.0 59.0 61.0 63.0 
62.0 60.0 62.0 61.0 
74.0 60.0 73.0 71.0 
60.0 59.0 61.0 63.0 
62.0 59.0 62.0 63.0 
61.0 60.0 61.0 62.0 
73.0 59.0 73.0 73.0 
61.0 58.0 61.0 62.0 
61.0 60.0 61.0 63.0 
62.0 60.0 62.0 62.0 
73.0 60.0 74.0 72.0 
61.0 59.0 62.0 62.0 
62.0 59.0 62.0 63.0 
62.0 60.0 62.0 61.0 
69.0 60.0 73.0 71.0 
61.0 59.0 61.0 63.0 
61.0 59.0 62.0 63.0 
62.0 60.0 62.0 62.0 
69.0 59.0 73.0 71.0 
61.0 59.0 61.0 62.0 
62.0 59.0 62.0 63.0 
62.0 59.0 60.0 61.0 
74.0 59.0 74.0 72.0 
61.0 59.0 61.0 63.0 
62.0 59.0 61.0 63.0 
62.0 59.0 61.0 62.0 
72.0 59.0 74.0 72.0 
60.0 59.0 61.0 62.0 
61.0 60.0 61.0 63.0 
61.0 60.0 62.0 62.0 
68.0 60.0 73.0 71.0 
61.0 59.0 61.0 62.0 
60.0 59.0 61.0 63.0 
62.0 61.0 61.0 62.0 
70.0 60.0 73.0 71.0 
61.0 59.0 61.0 62.0 
62.0 59.0 62.0 63.0 
61.0 62.0 60.0 62.0 
71.0 60.0 74.0 71.0 
60.0 59.0 61.0 63.0 
62.0 60.0 62.0 63.0 
60.0 59.0 61.0 63.0 
72.0 59.0 75.0 71.0 
61.0 58.0 62.0 62.0 
61.0 59.0 60.0 63.0 
62.0 60.0 61.0 62.0 
71.0 60.0 74.0 71.0 
61.0 58.0 62.0 62.0 
62.0 59.0 61.0 63.0 
62.0 59.0 61.0 62.0 
72.0 60.0 74.0 72.0 
61.0 59.0 62.0 62.0 
62.0 59.0 61.0 63.0 
61.0 60.0 61.0 62.0 
72.0 60.0 74.0 71.0 
61.0 59.0 61.0 63.0 
62.0 59.0 61.0 63.0 
61.0 60.0 61.0 61.0 
69.0 59.0 74.0 71.0 
61.0 59.0 61.0 62.0 
62.0 58.0 60.0 63.0 
61.0 60.0 62.0 62.0 
68.0 60.0 74.0 71.0 
60.0 59.0 62.0 62.0 
62.0 59.0 62.0 63.0 
62.0 59.0 60.0 62.0 
69.0 60.0 75.0 71.0 
61.0 59.0 61.0 62.0 
62.0 60.0 62.0 62.0 
62.0 60.0 61.0 62.0 
69.0 60.0 74.0 72.0 
61.0 59.0 62.0 61.0 
62.0 60.0 61.0 63.0 
61.0 60.0 61.0 62.0 
71.0 60.0 74.0 72.0 
60.0 59.0 61.0 63.0 
61.0 60.0 62.0 63.0 
61.0 60.0 61.0 62.0 
69.0 59.0 74.0 71.0 
62.0 59.0 62.0 63.0 
61.0 59.0 62.0 64.0 
62.0 60.0 62.0 62.0 
69.0 59.0 74.0 71.0 
61.0 59.0 61.0 62.0 
62.0 58.0 62.0 63.0 
62.0 60.0 60.0 62.0 
69.0 60.0 74.0 71.0 
61.0 59.0 62.0 62.0 
62.0 60.0 61.0 63.0 
62.0 60.0 61.0 62.0 
69.0 59.0 74.0 71.0 
61.0 59.0 61.0 63.0 
62.0 60.0 61.0 63.0 
62.0 60.0 61.0 61.0 
70.0 59.0 74.0 72.0 
60.0 58.0 62.0 63.0 
62.0 59.0 62.0 63.0 
62.0 60.0 61.0 61.0 
69.0 59.0 74.0 72.0 
61.0 57.0 62.0 63.0 
61.0 59.0 62.0 63.0 
62.0 60.0 61.0 61.0 
70.0 60.0 74.0 71.0 
61.0 59.0 62.0 62.0 
61.0 60.0 62.0 62.0 
61.0 60.0 61.0 62.0 
70.0 60.0 73.0 70.0 
61.0 59.0 61.0 62.0 
62.0 59.0 61.0 63.0 
62.0 60.0 62.0 62.0 
70.0 60.0 74.0 71.0 
61.0 59.0 62.0 62.0 
61.0 59.0 62.0 63.0 
62.0 61.0 61.0 61.0 
71.0 59.0 74.0 71.0 
61.0 59.0 61.0 62.0 
61.0 59.0 62.0 63.0 
61.0 60.0 61.0 62.0 
71.0 59.0 73.0 71.0 
61.0 59.0 62.0 63.0 
62.0 60.0 62.0 62.0 
61.0 60.0 60.0 62.0 
71.0 60.0 73.0 72.0 
61.0 58.0 62.0 62.0 
61.0 60.0 61.0 63.0 
62.0 60.0 61.0 62.0 
70.0 60.0 73.0 71.0 
61.0 59.0 61.0 63.0 
61.0 59.0 62.0 63.0 
62.0 60.0 62.0 62.0 
71.0 59.0 74.0 71.0 
61.0 59.0 61.0 63.0 
62.0 59.0 62.0 63.0 
61.0 61.0 60.0 63.0 
70.0 59.0 74.0 70.0 
61.0 58.0 61.0 63.0 
62.0 60.0 61.0 63.0 
61.0 60.0 60.0 62.0 
71.0 58.0 73.0 71.0 
61.0 59.0 61.0 63.0 
62.0 60.0 62.0 63.0 
62.0 60.0 61.0 62.0 
70.0 59.0 73.0 71.0 
61.0 59.0 61.0 62.0 
61.0 60.0 62.0 63.0 
62.0 60.0 60.0 62.0 
70.0 59.0 73.0 71.0 
61.0 59.0 61.0 62.0 
62.0 59.0 62.0 63.0 
61.0 61.0 60.0 62.0 
70.0 60.0 75.0 71.0 
61.0 59.0 61.0 63.0 
61.0 58.0 62.0 63.0 
61.0 61.0 61.0 62.0 
70.0 60.0 73.0 71.0 
62.0 59.0 62.0 62.0 
61.0 61.0 62.0 62.0 
61.0 60.0 61.0 63.0 
70.0 59.0 74.0 71.0 
61.0 59.0 62.0 62.0 
61.0 59.0 62.0 63.0 
61.0 60.0 60.0 62.0 
70.0 60.0 74.0 72.0 
61.0 58.0 62.0 62.0 
62.0 60.0 61.0 63.0 
63.0 60.0 61.0 62.0 
72.0 60.0 74.0 72.0 
61.0 59.0 62.0 63.0 
61.0 59.0 62.0 63.0 
61.0 60.0 61.0 61.0 
71.0 59.0 74.0 71.0 
62.0 59.0 62.0 62.0 
61.0 59.0 61.0 63.0 
62.0 60.0 62.0 61.0 
72.0 59.0 74.0 71.0 
61.0 58.0 62.0 62.0 
60.0 59.0 62.0 63.0 
62.0 60.0 61.0 62.0 
73.0 59.0 73.0 71.0 
61.0 58.0 62.0 62.0 
61.0 59.0 61.0 63.0 
62.0 60.0 60.0 61.0 
74.0 60.0 74.0 71.0 
61.0 58.0 62.0 62.0 
61.0 59.0 61.0 62.0 
61.0 60.0 61.0 62.0 
76.0 60.0 74.0 71.0 
61.0 59.0 61.0 62.0 
61.0 59.0 61.0 63.0 
62.0 61.0 61.0 62.0 
76.0 60.0 74.0 72.0 
61.0 59.0 62.0 62.0 
61.0 59.0 62.0 63.0 
62.0 60.0 61.0 61.0 
76.0 59.0 74.0 72.0 
61.0 59.0 61.0 62.0 
61.0 59.0 61.0 63.0 
61.0 60.0 60.0 62.0 
75.0 59.0 74.0 72.0 
61.0 59.0 63.0 62.0 
61.0 60.0 61.0 63.0 
62.0 60.0 61.0 61.0 
72.0 61.0 74.0 72.0 
60.0 59.0 61.0 62.0 
62.0 60.0 61.0 63.0 
62.0 60.0 61.0 61.0 
74.0 60.0 74.0 71.0 
61.0 58.0 62.0 63.0 
61.0 59.0 61.0 63.0 
61.0 60.0 61.0 62.0 
73.0 60.0 75.0 72.0 
61.0 58.0 62.0 62.0 
62.0 59.0 62.0 63.0 
62.0 60.0 62.0 62.0 
74.0 60.0 74.0 71.0 
61.0 60.0 61.0 62.0 
62.0 59.0 61.0 63.0 
61.0 60.0 62.0 62.0 
74.0 60.0 73.0 72.0 
61.0 58.0 62.0 62.0 
61.0 59.0 62.0 63.0 
61.0 60.0 61.0 62.0 
74.0 60.0 75.0 71.0 
60.0 59.0 61.0 62.0 
63.0 59.0 62.0 63.0 
61.0 59.0 61.0 62.0 
74.0 60.0 74.0 72.0 
61.0 59.0 62.0 63.0 
61.0 60.0 61.0 63.0 
61.0 61.0 61.0 62.0 
75.0 59.0 74.0 71.0 
61.0 59.0 61.0 63.0 
62.0 59.0 62.0 63.0 
62.0 59.0 61.0 62.0 
74.0 59.0 73.0 71.0 
60.0 59.0 61.0 62.0 
62.0 59.0 62.0 64.0 
61.0 60.0 61.0 62.0 
74.0 60.0 73.0 72.0 
61.0 58.0 62.0 62.0 
61.0 59.0 61.0 62.0 
62.0 60.0 61.0 62.0 
74.0 59.0 74.0 72.0 
61.0 59.0 62.0 62.0 
63.0 59.0 61.0 63.0 
62.0 60.0 61.0 61.0 
75.0 60.0 74.0 71.0 
61.0 59.0 61.0 62.0 
61.0 59.0 61.0 63.0 
62.0 60.0 62.0 62.0 
74.0 59.0 74.0 71.0 
61.0 59.0 61.0 62.0 
61.0 60.0 61.0 63.0 
61.0 60.0 61.0 62.0 
74.0 60.0 74.0 71.0 
60.0 59.0 62.0 62.0 
61.0 59.0 62.0 63.0 
61.0 60.0 61.0 62.0 
73.0 59.0 74.0 71.0 
60.0 59.0 61.0 62.0 
62.0 58.0 62.0 62.0 
61.0 60.0 61.0 62.0 
74.0 59.0 74.0 72.0 
61.0 59.0 62.0 62.0 
62.0 59.0 62.0 63.0 
61.0 60.0 61.0 62.0 
74.0 59.0 74.0 73.0 
61.0 58.0 61.0 63.0 
61.0 58.0 61.0 62.0 
61.0 60.0 60.0 62.0 
72.0 60.0 74.0 71.0 
60.0 59.0 62.0 62.0 
62.0 59.0 62.0 63.0 
61.0 59.0 61.0 62.0 
73.0 60.0 74.0 71.0 
60.0 60.0 62.0 63.0 
61.0 60.0 62.0 63.0 
62.0 60.0 61.0 61.0 
73.0 60.0 73.0 72.0 
61.0 58.0 62.0 62.0 
61.0 58.0 62.0 62.0 
62.0 60.0 61.0 61.0 
75.0 60.0 74.0 72.0 
60.0 59.0 63.0 62.0 
61.0 59.0 61.0 63.0 
60.0 61.0 61.0 62.0 
73.0 61.0 73.0 72.0 
60.0 59.0 61.0 62.0 
61.0 59.0 61.0 63.0 
62.0 60.0 61.0 62.0 
73.0 60.0 74.0 72.0 
61.0 60.0 61.0 62.0 
61.0 60.0 60.0 63.0 
62.0 60.0 61.0 62.0 
73.0 60.0 74.0 72.0 
61.0 59.0 61.0 62.0 
62.0 60.0 62.0 62.0 
61.0 59.0 61.0 63.0 
73.0 60.0 74.0 72.0 
59.0 60.0 62.0 62.0 
61.0 60.0 61.0 63.0 
61.0 60.0 61.0 62.0 
74.0 59.0 74.0 73.0 
60.0 59.0 61.0 62.0 
61.0 60.0 61.0 63.0 
61.0 59.0 61.0 64.0 
73.0 59.0 74.0 72.0 
61.0 59.0 61.0 61.0 
62.0 59.0 61.0 62.0 
61.0 60.0 61.0 62.0 
73.0 60.0 73.0 72.0 
61.0 58.0 62.0 62.0 
62.0 59.0 61.0 62.0 
62.0 61.0 61.0 61.0 
73.0 60.0 73.0 72.0 
61.0 59.0 62.0 62.0 
61.0 60.0 61.0 63.0 
63.0 60.0 61.0 61.0 
73.0 60.0 73.0 72.0 
62.0 59.0 62.0 62.0 
62.0 58.0 61.0 63.0 
61.0 60.0 61.0 63.0 
74.0 59.0 73.0 73.0 
61.0 58.0 61.0 63.0 
61.0 59.0 61.0 63.0 
61.0 60.0 61.0 62.0 
74.0 59.0 73.0 73.0 
61.0 59.0 61.0 61.0 
61.0 60.0 61.0 63.0 
62.0 60.0 61.0 62.0 
74.0 60.0 73.0 72.0 
61.0 58.0 61.0 62.0 
61.0 58.0 62.0 61.0 
61.0 59.0 61.0 62.0 
73.0 60.0 72.0 72.0 
61.0 58.0 62.0 62.0 
61.0 59.0 61.0 62.0 
61.0 61.0 61.0 62.0 
73.0 59.0 73.0 73.0 
60.0 58.0 62.0 63.0 
61.0 59.0 60.0 63.0 
62.0 59.0 61.0 62.0 
74.0 60.0 72.0 73.0 
61.0 59.0 61.0 63.0 
62.0 58.0 61.0 62.0 
62.0 60.0 61.0 62.0 
73.0 60.0 72.0 73.0 
62.0 59.0 61.0 62.0 
61.0 59.0 61.0 62.0 
62.0 60.0 61.0 62.0 
72.0 60.0 72.0 73.0 
61.0 59.0 61.0 62.0 
61.0 60.0 61.0 65.0 
61.0 61.0 60.0 62.0 
73.0 61.0 71.0 73.0 
61.0 58.0 61.0 62.0 
61.0 59.0 61.0 63.0 
61.0 59.0 61.0 62.0 
72.0 60.0 72.0 72.0 
61.0 59.0 62.0 63.0 
62.0 60.0 61.0 63.0 
61.0 60.0 62.0 62.0 
73.0 60.0 73.0 73.0 
61.0 58.0 62.0 63.0 
62.0 58.0 61.0 63.0 
61.0 60.0 62.0 62.0 
73.0 60.0 73.0 73.0 
61.0 59.0 62.0 62.0 
62.0 59.0 61.0 65.0 
61.0 60.0 61.0 62.0 
73.0 59.0 72.0 72.0 
60.0 59.0 61.0 62.0 
62.0 59.0 60.0 63.0 
61.0 60.0 60.0 62.0 
77.0 60.0 73.0 73.0 
62.0 58.0 60.0 62.0 
61.0 59.0 61.0 62.0 
62.0 60.0 61.0 61.0 
77.0 59.0 72.0 73.0 
61.0 58.0 61.0 62.0 
61.0 60.0 61.0 63.0 
62.0 59.0 61.0 62.0 
81.0 60.0 72.0 73.0 
61.0 59.0 60.0 62.0 
61.0 59.0 61.0 63.0 
61.0 60.0 61.0 62.0 
82.0 60.0 71.0 74.0 
61.0 59.0 61.0 63.0 
62.0 59.0 61.0 63.0 
62.0 60.0 62.0 61.0 
81.0 59.0 73.0 73.0 
61.0 58.0 62.0 62.0 
62.0 60.0 61.0 64.0 
61.0 59.0 62.0 62.0 
80.0 60.0 71.0 74.0 
62.0 59.0 61.0 63.0 
62.0 60.0 61.0 63.0 
61.0 61.0 61.0 61.0 
81.0 60.0 72.0 74.0 
61.0 59.0 62.0 62.0 
62.0 60.0 61.0 63.0 
61.0 61.0 61.0 62.0 
82.0 60.0 71.0 74.0 
61.0 60.0 60.0 61.0 
62.0 59.0 61.0 63.0 
61.0 60.0 61.0 62.0 
80.0 59.0 73.0 75.0 
61.0 59.0 61.0 62.0 
62.0 60.0 61.0 63.0 
61.0 59.0 61.0 61.0 
80.0 59.0 72.0 74.0 
61.0 58.0 61.0 63.0 
62.0 59.0 60.0 63.0 
61.0 60.0 60.0 63.0 
76.0 59.0 73.0 74.0 
61.0 59.0 61.0 63.0 
61.0 59.0 62.0 63.0 
62.0 60.0 60.0 62.0 
75.0 60.0 72.0 74.0 
61.0 59.0 62.0 63.0 
62.0 58.0 61.0 63.0 
61.0 59.0 61.0 62.0 
74.0 60.0 73.0 74.0 
61.0 58.0 61.0 63.0 
61.0 60.0 60.0 63.0 
61.0 60.0 61.0 61.0 
77.0 60.0 72.0 74.0 
61.0 58.0 62.0 63.0 
61.0 60.0 61.0 62.0 
61.0 60.0 62.0 62.0 
78.0 61.0 72.0 74.0 
61.0 58.0 61.0 64.0 
62.0 58.0 62.0 63.0 
61.0 59.0 61.0 62.0 
76.0 59.0 73.0 74.0 
62.0 59.0 61.0 62.0 
61.0 59.0 61.0 63.0 
62.0 60.0 62.0 62.0 
73.0 59.0 73.0 73.0 
61.0 59.0 61.0 62.0 
62.0 58.0 61.0 63.0 
62.0 60.0 61.0 62.0 
73.0 59.0 73.0 73.0 
61.0 59.0 61.0 63.0 
62.0 60.0 62.0 63.0 
61.0 60.0 60.0 62.0 
80.0 59.0 74.0 74.0 
61.0 59.0 62.0 62.0 
61.0 59.0 60.0 64.0 
61.0 60.0 60.0 62.0 
81.0 60.0 73.0 73.0 
60.0 59.0 61.0 62.0 
61.0 59.0 61.0 63.0 
61.0 60.0 61.0 62.0 
72.0 60.0 72.0 73.0 
61.0 59.0 62.0 62.0 
61.0 60.0 62.0 62.0 
62.0 60.0 62.0 61.0 
69.0 59.0 72.0 73.0 
61.0 58.0 62.0 63.0 
62.0 59.0 62.0 62.0 
61.0 60.0 61.0 62.0 
70.0 59.0 72.0 72.0 
61.0 58.0 61.0 63.0 
62.0 59.0 61.0 63.0 
62.0 59.0 61.0 61.0 
68.0 58.0 72.0 72.0 
60.0 59.0 60.0 63.0 
61.0 59.0 61.0 62.0 
61.0 60.0 59.0 62.0 
69.0 59.0 72.0 72.0 
61.0 58.0 61.0 63.0 
62.0 60.0 62.0 63.0 
61.0 59.0 60.0 62.0 
68.0 59.0 72.0 72.0 
62.0 59.0 61.0 62.0 
61.0 59.0 62.0 63.0 
62.0 60.0 61.0 62.0 
70.0 59.0 72.0 72.0 
62.0 58.0 62.0 62.0 
62.0 59.0 61.0 63.0 
61.0 60.0 60.0 62.0 
70.0 59.0 71.0 72.0 
61.0 58.0 62.0 64.0 
61.0 58.0 62.0 63.0 
62.0 59.0 61.0 62.0 
71.0 59.0 71.0 73.0 
61.0 58.0 62.0 62.0 
61.0 60.0 62.0 63.0 
62.0 60.0 61.0 62.0 
69.0 60.0 72.0 72.0 
61.0 59.0 61.0 62.0 
61.0 59.0 61.0 63.0 
61.0 60.0 61.0 61.0 
70.0 59.0 72.0 72.0 
60.0 59.0 62.0 63.0 
60.0 60.0 61.0 63.0 
62.0 60.0 61.0 62.0 
71.0 60.0 72.0 72.0 
61.0 59.0 61.0 62.0 
61.0 59.0 61.0 63.0 
61.0 60.0 61.0 62.0 
71.0 60.0 72.0 73.0 
61.0 59.0 62.0 63.0 
62.0 59.0 62.0 61.0 
62.0 60.0 60.0 62.0 
72.0 59.0 72.0 72.0 
60.0 59.0 63.0 62.0 
62.0 59.0 61.0 63.0 
61.0 61.0 60.0 62.0 
70.0 60.0 71.0 72.0 
61.0 60.0 61.0 63.0 
61.0 59.0 62.0 63.0 
62.0 59.0 62.0 61.0 
70.0 59.0 70.0 72.0 
60.0 59.0 61.0 63.0 
62.0 59.0 62.0 62.0 
62.0 59.0 61.0 62.0 
71.0 59.0 71.0 72.0 
61.0 58.0 62.0 63.0 
61.0 59.0 63.0 63.0 
62.0 60.0 61.0 63.0 
78.0 59.0 70.0 73.0 
61.0 58.0 61.0 64.0 
62.0 59.0 62.0 63.0 
62.0 59.0 61.0 62.0 
78.0 59.0 71.0 73.0 
61.0 58.0 60.0 63.0 
61.0 59.0 62.0 63.0 
61.0 61.0 60.0 62.0 
71.0 60.0 72.0 72.0 
61.0 59.0 62.0 62.0 
61.0 59.0 61.0 63.0 
62.0 60.0 61.0 62.0 
72.0 59.0 71.0 72.0 
61.0 59.0 61.0 62.0 
61.0 60.0 60.0 63.0 
61.0 61.0 60.0 62.0 
80.0 60.0 72.0 73.0 
61.0 59.0 61.0 63.0 
61.0 59.0 61.0 62.0 
61.0 60.0 60.0 62.0 
74.0 59.0 71.0 73.0 
61.0 59.0 62.0 62.0 
60.0 59.0 61.0 63.0 
61.0 60.0 60.0 62.0 
78.0 60.0 73.0 73.0 
61.0 59.0 62.0 62.0 
63.0 59.0 62.0 63.0 
61.0 60.0 62.0 62.0 
78.0 61.0 72.0 72.0 
61.0 59.0 61.0 64.0 
61.0 60.0 63.0 63.0 
62.0 60.0 61.0 61.0 
79.0 59.0 72.0 73.0 
60.0 59.0 61.0 62.0 
61.0 59.0 62.0 63.0 
61.0 60.0 61.0 62.0 
80.0 59.0 72.0 73.0 
60.0 58.0 61.0 62.0 
61.0 60.0 60.0 63.0 
61.0 59.0 61.0 62.0 
78.0 60.0 72.0 73.0 
60.0 58.0 61.0 63.0 
62.0 59.0 61.0 63.0 
61.0 60.0 62.0 62.0 
73.0 60.0 71.0 73.0 
61.0 58.0 61.0 62.0 
63.0 59.0 61.0 63.0 
61.0 60.0 61.0 62.0 
75.0 59.0 72.0 73.0 
61.0 58.0 62.0 62.0 
62.0 60.0 61.0 63.0 
61.0 60.0 61.0 62.0 
73.0 60.0 70.0 73.0 
61.0 59.0 60.0 64.0 
60.0 58.0 61.0 63.0 
62.0 60.0 61.0 61.0 
75.0 60.0 72.0 73.0 
60.0 59.0 61.0 63.0 
62.0 59.0 61.0 63.0 
61.0 60.0 61.0 62.0 
74.0 60.0 72.0 73.0 
60.0 59.0 61.0 63.0 
62.0 60.0 61.0 63.0 
61.0 60.0 61.0 62.0 
75.0 60.0 72.0 73.0 
60.0 59.0 61.0 62.0 
62.0 59.0 62.0 63.0 
61.0 60.0 61.0 62.0 
74.0 61.0 72.0 73.0 
61.0 59.0 61.0 61.0 
61.0 59.0 60.0 63.0 
61.0 60.0 62.0 61.0 
72.0 59.0 72.0 73.0 
61.0 59.0 61.0 62.0 
61.0 60.0 60.0 63.0 
61.0 59.0 61.0 62.0 
74.0 59.0 72.0 74.0 
60.0 59.0 61.0 62.0 
62.0 59.0 61.0 63.0 
61.0 61.0 61.0 62.0 
77.0 59.0 71.0 74.0 
60.0 59.0 61.0 63.0 
62.0 59.0 61.0 63.0 
60.0 60.0 60.0 62.0 
77.0 59.0 72.0 73.0 
61.0 58.0 61.0 63.0 
60.0 60.0 62.0 63.0 
61.0 59.0 61.0 61.0 
75.0 60.0 70.0 73.0 
61.0 58.0 61.0 62.0 
61.0 60.0 59.0 63.0 
62.0 59.0 61.0 63.0 
72.0 59.0 72.0 73.0 
61.0 58.0 61.0 63.0 
61.0 60.0 61.0 63.0 
61.0 61.0 60.0 62.0 
75.0 60.0 71.0 73.0 
61.0 59.0 61.0 63.0 
61.0 60.0 61.0 63.0 
61.0 60.0 61.0 61.0 
76.0 59.0 72.0 74.0 
61.0 59.0 61.0 62.0 
61.0 59.0 62.0 63.0 
61.0 60.0 61.0 62.0 
78.0 58.0 72.0 73.0 
61.0 59.0 61.0 63.0 
62.0 58.0 62.0 64.0 
62.0 59.0 60.0 62.0 
76.0 59.0 71.0 72.0 
61.0 58.0 61.0 62.0 
62.0 60.0 61.0 63.0 
61.0 60.0 61.0 61.0 
78.0 59.0 72.0 74.0 
60.0 58.0 62.0 61.0 
62.0 60.0 61.0 63.0 
62.0 60.0 60.0 62.0 
76.0 59.0 72.0 73.0 
60.0 59.0 61.0 63.0 
61.0 59.0 61.0 63.0 
61.0 60.0 60.0 62.0 
76.0 60.0 72.0 74.0 
61.0 59.0 61.0 63.0 
61.0 58.0 62.0 63.0 
62.0 60.0 61.0 62.0 
78.0 60.0 72.0 74.0 
61.0 59.0 61.0 62.0 
62.0 58.0 61.0 63.0 
61.0 60.0 61.0 62.0 
78.0 59.0 72.0 73.0 
61.0 60.0 60.0 62.0 
61.0 59.0 61.0 63.0 
62.0 59.0 60.0 62.0 
75.0 60.0 72.0 72.0 
61.0 59.0 61.0 62.0 
62.0 60.0 61.0 64.0 
62.0 60.0 61.0 61.0 
76.0 59.0 72.0 73.0 
61.0 59.0 61.0 63.0 
61.0 59.0 62.0 63.0 
61.0 59.0 61.0 62.0 
76.0 60.0 72.0 74.0 
60.0 59.0 62.0 62.0 
62.0 60.0 61.0 63.0 
61.0 61.0 61.0 62.0 
79.0 60.0 72.0 74.0 
61.0 59.0 61.0 62.0 
60.0 58.0 61.0 64.0 
61.0 60.0 61.0 62.0 
78.0 60.0 73.0 74.0 
61.0 59.0 62.0 63.0 
61.0 59.0 61.0 63.0 
61.0 60.0 61.0 62.0 
78.0 60.0 72.0 74.0 
60.0 59.0 60.0 62.0 
61.0 60.0 61.0 63.0 
61.0 60.0 61.0 62.0 
78.0 58.0 72.0 74.0 
60.0 59.0 61.0 63.0 
61.0 60.0 61.0 64.0 
62.0 60.0 61.0 62.0 
77.0 60.0 72.0 74.0 
61.0 58.0 61.0 62.0 
61.0 59.0 62.0 64.0 
61.0 61.0 61.0 62.0 
74.0 60.0 72.0 74.0 
59.0 58.0 61.0 63.0 
61.0 58.0 60.0 62.0 
61.0 60.0 62.0 62.0 
73.0 60.0 73.0 74.0 
60.0 59.0 61.0 62.0 
62.0 60.0 60.0 63.0 
62.0 60.0 61.0 62.0 
73.0 60.0 73.0 74.0 
61.0 58.0 61.0 62.0 
61.0 60.0 60.0 63.0 
61.0 60.0 61.0 62.0 
74.0 60.0 74.0 74.0 
61.0 59.0 61.0 62.0 
61.0 59.0 61.0 63.0 
62.0 60.0 61.0 61.0 
74.0 58.0 74.0 75.0 
61.0 59.0 62.0 62.0 
62.0 59.0 61.0 63.0 
62.0 60.0 60.0 62.0 
73.0 60.0 73.0 75.0 
60.0 59.0 61.0 63.0 
61.0 59.0 61.0 63.0 
62.0 60.0 60.0 62.0 
74.0 60.0 74.0 75.0 
61.0 59.0 61.0 62.0 
61.0 61.0 63.0 63.0 
61.0 60.0 61.0 61.0 
74.0 60.0 75.0 75.0 
61.0 58.0 61.0 62.0 
62.0 58.0 61.0 63.0 
61.0 60.0 62.0 62.0 
74.0 60.0 74.0 74.0 
61.0 59.0 61.0 62.0 
62.0 59.0 61.0 63.0 
62.0 60.0 61.0 61.0 
75.0 59.0 74.0 74.0 
61.0 59.0 62.0 62.0 
61.0 60.0 61.0 63.0 
62.0 60.0 61.0 62.0 
74.0 60.0 74.0 74.0 
61.0 59.0 62.0 63.0 
62.0 60.0 61.0 63.0 
61.0 60.0 61.0 61.0 
74.0 59.0 74.0 74.0 
61.0 58.0 61.0 62.0 
61.0 60.0 61.0 63.0 
62.0 60.0 60.0 62.0 
79.0 60.0 75.0 74.0 
61.0 58.0 61.0 63.0 
61.0 60.0 62.0 63.0 
62.0 60.0 61.0 61.0 
79.0 61.0 74.0 75.0 
61.0 59.0 61.0 62.0 
61.0 59.0 61.0 63.0 
60.0 62.0 61.0 61.0 
80.0 60.0 75.0 75.0 
61.0 60.0 61.0 61.0 
61.0 62.0 61.0 63.0 
61.0 60.0 61.0 62.0 
79.0 59.0 74.0 75.0 
60.0 58.0 62.0 62.0 
61.0 59.0 61.0 63.0 
62.0 60.0 60.0 62.0 
78.0 60.0 75.0 75.0 
60.0 58.0 61.0 62.0 
61.0 59.0 61.0 63.0 
61.0 59.0 61.0 62.0 
78.0 60.0 72.0 75.0 
61.0 58.0 62.0 62.0 
61.0 59.0 61.0 63.0 
62.0 60.0 61.0 62.0 
78.0 60.0 74.0 75.0 
61.0 58.0 62.0 62.0 
60.0 59.0 62.0 62.0 
61.0 60.0 62.0 62.0 
79.0 59.0 73.0 74.0 
60.0 60.0 61.0 62.0 
61.0 59.0 61.0 63.0 
61.0 60.0 61.0 62.0 
77.0 60.0 73.0 75.0 
61.0 59.0 61.0 62.0 
62.0 59.0 60.0 63.0 
62.0 60.0 61.0 62.0 
78.0 60.0 74.0 74.0 
61.0 59.0 61.0 63.0 
62.0 59.0 62.0 62.0 
61.0 60.0 61.0 61.0 
77.0 61.0 74.0 74.0 
61.0 59.0 60.0 62.0 
62.0 60.0 61.0 62.0 
61.0 60.0 62.0 61.0 
72.0 58.0 73.0 74.0 
60.0 58.0 61.0 62.0 
62.0 61.0 61.0 63.0 
62.0 60.0 61.0 62.0 
71.0 60.0 73.0 73.0 
61.0 59.0 60.0 62.0 
62.0 59.0 61.0 62.0 
61.0 60.0 61.0 61.0 
71.0 60.0 72.0 73.0 
60.0 59.0 61.0 62.0 
61.0 59.0 62.0 63.0 
62.0 60.0 61.0 62.0 
72.0 59.0 73.0 73.0 
61.0 58.0 62.0 62.0 
62.0 59.0 62.0 63.0 
61.0 60.0 61.0 62.0 
72.0 61.0 73.0 73.0 
60.0 59.0 61.0 62.0 
63.0 59.0 61.0 62.0 
61.0 59.0 61.0 62.0 
70.0 60.0 73.0 73.0 
61.0 58.0 61.0 62.0 
62.0 59.0 61.0 63.0 
62.0 60.0 62.0 62.0 
70.0 60.0 73.0 73.0 
60.0 59.0 61.0 63.0 
62.0 59.0 62.0 63.0 
61.0 60.0 61.0 62.0 
72.0 60.0 73.0 73.0 
60.0 59.0 61.0 63.0 
62.0 60.0 61.0 63.0 
62.0 59.0 61.0 61.0 
71.0 59.0 73.0 73.0 
61.0 59.0 61.0 62.0 
61.0 58.0 61.0 64.0 
62.0 61.0 61.0 62.0 
71.0 59.0 73.0 73.0 
61.0 59.0 61.0 62.0 
61.0 59.0 61.0 63.0 
62.0 59.0 61.0 62.0 
71.0 60.0 73.0 74.0 
61.0 59.0 61.0 62.0 
62.0 58.0 63.0 63.0 
61.0 60.0 61.0 62.0 
72.0 60.0 73.0 74.0 
61.0 60.0 61.0 62.0 
62.0 59.0 61.0 62.0 
61.0 60.0 61.0 62.0 
72.0 59.0 73.0 74.0 
61.0 59.0 61.0 63.0 
61.0 59.0 61.0 63.0 
62.0 59.0 60.0 61.0 
72.0 60.0 73.0 73.0 
61.0 58.0 61.0 62.0 
61.0 60.0 60.0 63.0 
64.0 59.0 61.0 62.0 
72.0 59.0 73.0 73.0 
60.0 59.0 61.0 62.0 
61.0 58.0 60.0 63.0 
62.0 60.0 61.0 62.0 
71.0 60.0 73.0 73.0 
60.0 59.0 62.0 62.0 
61.0 60.0 62.0 63.0 
62.0 60.0 61.0 62.0 
70.0 59.0 74.0 72.0 
60.0 58.0 61.0 62.0 
61.0 60.0 61.0 63.0 
61.0 59.0 61.0 61.0 
70.0 60.0 74.0 73.0 
60.0 59.0 61.0 63.0 
61.0 60.0 61.0 63.0 
62.0 60.0 61.0 61.0 
70.0 60.0 73.0 73.0 
60.0 59.0 61.0 61.0 
61.0 60.0 60.0 63.0 
62.0 60.0 61.0 62.0 
70.0 60.0 73.0 73.0 
61.0 59.0 60.0 62.0 
62.0 59.0 61.0 63.0 
62.0 60.0 61.0 62.0 
70.0 59.0 73.0 73.0 
60.0 59.0 61.0 62.0 
61.0 60.0 62.0 63.0 
62.0 60.0 61.0 62.0 
71.0 61.0 72.0 73.0 
61.0 59.0 61.0 62.0 
62.0 59.0 62.0 63.0 
61.0 61.0 62.0 62.0 
70.0 58.0 73.0 73.0 
61.0 58.0 61.0 63.0 
62.0 59.0 62.0 62.0 
61.0 59.0 61.0 62.0 
69.0 60.0 72.0 73.0 
61.0 59.0 61.0 62.0 
62.0 59.0 61.0 63.0 
62.0 59.0 61.0 62.0 
70.0 59.0 73.0 73.0 
60.0 59.0 61.0 62.0 
62.0 59.0 62.0 63.0 
62.0 59.0 61.0 62.0 
70.0 60.0 73.0 73.0 
61.0 60.0 61.0 62.0 
62.0 60.0 61.0 64.0 
62.0 60.0 60.0 62.0 
71.0 60.0 73.0 73.0 
61.0 59.0 61.0 62.0 
62.0 59.0 62.0 63.0 
60.0 60.0 61.0 62.0 
72.0 60.0 72.0 73.0 
61.0 58.0 63.0 62.0 
61.0 59.0 61.0 62.0 
62.0 61.0 61.0 61.0 
72.0 60.0 73.0 73.0 
61.0 59.0 62.0 62.0 
61.0 59.0 60.0 63.0 
61.0 59.0 62.0 62.0 
72.0 58.0 73.0 73.0 
61.0 59.0 61.0 63.0 
62.0 58.0 61.0 62.0 
62.0 60.0 61.0 62.0 
70.0 59.0 73.0 74.0 
61.0 59.0 62.0 62.0 
62.0 59.0 62.0 63.0 
62.0 60.0 61.0 61.0 
71.0 60.0 72.0 73.0 
61.0 58.0 62.0 62.0 
62.0 60.0 63.0 63.0 
61.0 60.0 60.0 62.0 
71.0 59.0 73.0 73.0 
61.0 59.0 61.0 62.0 
61.0 59.0 61.0 63.0 
63.0 60.0 61.0 62.0 
72.0 60.0 72.0 74.0 
61.0 59.0 61.0 63.0 
61.0 60.0 60.0 63.0 
62.0 61.0 61.0 62.0 
71.0 60.0 73.0 73.0 
61.0 58.0 62.0 62.0 
62.0 59.0 62.0 63.0 
61.0 60.0 61.0 62.0 
71.0 61.0 72.0 74.0 
61.0 59.0 61.0 62.0 
62.0 58.0 61.0 63.0 
62.0 59.0 61.0 62.0 
71.0 61.0 72.0 73.0 
61.0 58.0 60.0 62.0 
63.0 59.0 62.0 62.0 
62.0 60.0 62.0 62.0 
72.0 60.0 71.0 73.0 
62.0 59.0 61.0 62.0 
62.0 59.0 61.0 63.0 
62.0 59.0 61.0 62.0 
72.0 59.0 74.0 73.0 
60.0 59.0 61.0 62.0 
61.0 59.0 61.0 63.0 
62.0 60.0 61.0 62.0 
72.0 60.0 72.0 73.0 
62.0 58.0 61.0 63.0 
61.0 60.0 61.0 63.0 
61.0 59.0 61.0 62.0 
72.0 59.0 74.0 73.0 
60.0 59.0 62.0 62.0 
62.0 60.0 60.0 63.0 
60.0 60.0 61.0 62.0 
72.0 58.0 72.0 73.0 
61.0 59.0 60.0 63.0 
61.0 58.0 61.0 63.0 
61.0 59.0 60.0 62.0 
73.0 59.0 73.0 74.0 
61.0 58.0 61.0 63.0 
61.0 60.0 61.0 63.0 
62.0 60.0 60.0 62.0 
74.0 60.0 73.0 74.0 
61.0 59.0 61.0 61.0 
61.0 60.0 60.0 63.0 
62.0 60.0 62.0 62.0 
73.0 59.0 73.0 74.0 
61.0 58.0 62.0 63.0 
62.0 59.0 61.0 63.0 
62.0 60.0 61.0 61.0 
73.0 60.0 72.0 73.0 
62.0 59.0 61.0 62.0 
61.0 59.0 60.0 63.0 
63.0 60.0 61.0 61.0 
73.0 59.0 73.0 74.0 
61.0 58.0 61.0 63.0 
61.0 59.0 61.0 64.0 
62.0 60.0 61.0 62.0 
71.0 59.0 72.0 73.0 
61.0 59.0 61.0 63.0 
61.0 60.0 61.0 63.0 
62.0 61.0 59.0 63.0 
72.0 60.0 73.0 73.0 
61.0 60.0 62.0 63.0 
62.0 58.0 60.0 63.0 
62.0 60.0 61.0 61.0 
73.0 59.0 73.0 73.0 
61.0 58.0 61.0 63.0 
62.0 59.0 61.0 63.0 
62.0 60.0 61.0 62.0 
72.0 60.0 73.0 73.0 
61.0 59.0 61.0 63.0 
61.0 58.0 62.0 61.0 
61.0 60.0 61.0 62.0 
71.0 60.0 72.0 73.0 
61.0 58.0 61.0 62.0 
61.0 59.0 61.0 62.0 
61.0 60.0 61.0 62.0 
71.0 59.0 73.0 73.0 
61.0 59.0 61.0 63.0 
62.0 60.0 61.0 63.0 
62.0 59.0 61.0 62.0 
71.0 59.0 72.0 72.0 
61.0 59.0 61.0 62.0 
62.0 59.0 62.0 63.0 
61.0 60.0 60.0 63.0 
70.0 60.0 72.0 73.0 
61.0 58.0 62.0 62.0 
62.0 60.0 60.0 63.0 
62.0 61.0 60.0 62.0 
71.0 59.0 73.0 73.0 
61.0 60.0 61.0 63.0 
62.0 61.0 60.0 63.0 
62.0 61.0 61.0 62.0 
71.0 60.0 72.0 73.0 
60.0 58.0 61.0 63.0 
61.0 59.0 62.0 63.0 
62.0 59.0 61.0 62.0 
72.0 59.0 72.0 72.0 
61.0 59.0 61.0 62.0 
62.0 60.0 61.0 63.0 
62.0 59.0 61.0 62.0 
71.0 59.0 72.0 73.0 
60.0 59.0 62.0 62.0 
61.0 60.0 62.0 63.0 
61.0 60.0 61.0 62.0 
71.0 59.0 72.0 73.0 
61.0 59.0 61.0 63.0 
60.0 59.0 62.0 63.0 
62.0 59.0 60.0 62.0 
71.0 60.0 71.0 73.0 
60.0 59.0 61.0 62.0 
62.0 59.0 62.0 63.0 
61.0 60.0 60.0 62.0 
74.0 59.0 72.0 73.0 
61.0 59.0 61.0 62.0 
61.0 60.0 61.0 63.0 
61.0 60.0 61.0 62.0 
75.0 60.0 72.0 73.0 
61.0 60.0 62.0 63.0 
62.0 59.0 61.0 63.0 
62.0 60.0 61.0 62.0 
77.0 60.0 72.0 72.0 
61.0 58.0 62.0 62.0 
61.0 59.0 62.0 63.0 
62.0 60.0 61.0 62.0 
77.0 59.0 72.0 73.0 
61.0 59.0 62.0 62.0 
62.0 59.0 61.0 63.0 
61.0 60.0 60.0 61.0 
77.0 59.0 72.0 73.0 
60.0 59.0 61.0 62.0 
62.0 59.0 62.0 63.0 
61.0 60.0 60.0 62.0 
75.0 59.0 71.0 73.0 
61.0 60.0 61.0 62.0 
61.0 59.0 61.0 63.0 
62.0 60.0 61.0 62.0 
77.0 60.0 73.0 73.0 
61.0 59.0 61.0 62.0 
62.0 59.0 61.0 63.0 
61.0 60.0 61.0 62.0 
78.0 59.0 73.0 73.0 
61.0 59.0 61.0 63.0 
61.0 59.0 61.0 62.0 
61.0 60.0 60.0 62.0 
78.0 59.0 72.0 73.0 
60.0 58.0 62.0 62.0 
61.0 60.0 60.0 63.0 
62.0 60.0 61.0 62.0 
78.0 59.0 72.0 73.0 
60.0 59.0 61.0 62.0 
62.0 58.0 62.0 63.0 
61.0 60.0 60.0 62.0 
78.0 60.0 73.0 74.0 
60.0 59.0 61.0 62.0 
61.0 59.0 61.0 63.0 
62.0 61.0 61.0 62.0 
78.0 59.0 72.0 73.0 
60.0 59.0 61.0 62.0 
61.0 59.0 61.0 63.0 
61.0 60.0 60.0 62.0 
78.0 60.0 73.0 73.0 
61.0 58.0 61.0 63.0 
61.0 59.0 61.0 63.0 
61.0 60.0 62.0 62.0 
78.0 59.0 73.0 73.0 
60.0 59.0 61.0 63.0 
61.0 59.0 61.0 63.0 
61.0 60.0 61.0 62.0 
77.0 59.0 73.0 72.0 
61.0 59.0 61.0 62.0 
61.0 59.0 61.0 62.0 
61.0 60.0 61.0 61.0 
76.0 60.0 72.0 73.0 
61.0 58.0 62.0 62.0 
62.0 60.0 61.0 62.0 
61.0 60.0 61.0 62.0 
76.0 59.0 72.0 73.0 
60.0 57.0 61.0 62.0 
61.0 59.0 61.0 63.0 
61.0 60.0 61.0 61.0 
76.0 60.0 72.0 73.0 
61.0 59.0 61.0 62.0 
60.0 60.0 63.0 63.0 
61.0 59.0 62.0 62.0 
77.0 59.0 74.0 73.0 
61.0 58.0 61.0 62.0 
61.0 59.0 61.0 63.0 
61.0 60.0 61.0 61.0 
78.0 59.0 72.0 73.0 
60.0 59.0 61.0 62.0 
62.0 60.0 61.0 63.0 
61.0 60.0 60.0 62.0 
77.0 59.0 72.0 73.0 
61.0 59.0 62.0 62.0 
61.0 60.0 61.0 64.0 
62.0 60.0 61.0 61.0 
79.0 59.0 72.0 73.0 
61.0 58.0 61.0 62.0 
62.0 60.0 60.0 63.0 
61.0 60.0 61.0 62.0 
76.0 60.0 72.0 72.0 
61.0 58.0 62.0 61.0 
61.0 59.0 62.0 63.0 
61.0 60.0 61.0 62.0 
78.0 60.0 72.0 73.0 
61.0 58.0 61.0 62.0 
60.0 60.0 61.0 63.0 
62.0 60.0 61.0 61.0 
79.0 60.0 72.0 73.0 
61.0 59.0 60.0 62.0 
61.0 59.0 61.0 63.0 
61.0 60.0 61.0 62.0 
79.0 59.0 72.0 73.0 
61.0 59.0 61.0 62.0 
62.0 59.0 61.0 63.0 
61.0 60.0 61.0 62.0 
78.0 60.0 72.0 73.0 
61.0 58.0 61.0 62.0 
61.0 61.0 61.0 62.0 
62.0 59.0 62.0 61.0 
79.0 59.0 72.0 74.0 
60.0 59.0 61.0 62.0 
61.0 59.0 61.0 64.0 
62.0 60.0 60.0 62.0 
78.0 60.0 73.0 74.0 
60.0 59.0 61.0 62.0 
61.0 60.0 61.0 63.0 
61.0 59.0 61.0 61.0 
78.0 59.0 72.0 73.0 
61.0 59.0 61.0 62.0 
61.0 59.0 61.0 63.0 
62.0 60.0 60.0 61.0 
78.0 59.0 73.0 73.0 
61.0 59.0 61.0 62.0 
62.0 59.0 61.0 63.0 
61.0 60.0 61.0 61.0 
76.0 60.0 72.0 73.0 
62.0 58.0 61.0 62.0 
62.0 59.0 62.0 63.0 
63.0 60.0 61.0 62.0 
74.0 59.0 72.0 73.0 
61.0 59.0 61.0 62.0 
62.0 58.0 61.0 63.0 
61.0 59.0 60.0 62.0 
77.0 59.0 73.0 72.0 
60.0 60.0 61.0 63.0 
61.0 59.0 62.0 62.0 
61.0 60.0 60.0 62.0 
74.0 60.0 72.0 72.0 
61.0 58.0 61.0 62.0 
62.0 60.0 61.0 63.0 
61.0 60.0 61.0 62.0 
72.0 60.0 74.0 73.0 
60.0 59.0 61.0 63.0 
61.0 59.0 62.0 63.0 
62.0 60.0 61.0 62.0 
70.0 59.0 72.0 72.0 
61.0 59.0 61.0 63.0 
61.0 59.0 61.0 63.0 
61.0 60.0 61.0 62.0 
75.0 59.0 72.0 73.0 
61.0 58.0 61.0 62.0 
61.0 59.0 60.0 63.0 
62.0 60.0 60.0 62.0 
73.0 59.0 72.0 73.0 
61.0 58.0 61.0 62.0 
62.0 59.0 61.0 63.0 
62.0 60.0 61.0 62.0 
75.0 59.0 72.0 73.0 
61.0 58.0 61.0 62.0 
61.0 60.0 60.0 63.0 
62.0 61.0 60.0 62.0 
69.0 60.0 71.0 73.0 
61.0 59.0 61.0 62.0 
62.0 59.0 61.0 63.0 
62.0 60.0 61.0 62.0 
70.0 60.0 72.0 72.0 
61.0 58.0 61.0 62.0 
62.0 59.0 62.0 63.0 
62.0 60.0 62.0 61.0 
71.0 59.0 72.0 72.0 
60.0 59.0 61.0 62.0 
62.0 59.0 61.0 62.0 
62.0 60.0 61.0 62.0 
71.0 59.0 71.0 73.0 
61.0 58.0 61.0 62.0 
62.0 58.0 61.0 62.0 
62.0 60.0 61.0 62.0 
76.0 59.0 72.0 72.0 
63.0 59.0 62.0 62.0 
61.0 60.0 61.0 62.0 
62.0 61.0 60.0 62.0 
76.0 60.0 72.0 73.0 
60.0 59.0 61.0 62.0 
61.0 58.0 61.0 63.0 
62.0 61.0 60.0 62.0 
77.0 59.0 72.0 74.0 
60.0 58.0 61.0 63.0 
62.0 60.0 62.0 63.0 
61.0 60.0 62.0 62.0 
77.0 59.0 72.0 73.0 
60.0 59.0 61.0 62.0 
61.0 60.0 61.0 63.0 
61.0 60.0 60.0 61.0 
77.0 60.0 72.0 74.0 
61.0 59.0 61.0 62.0 
61.0 60.0 62.0 63.0 
61.0 60.0 60.0 62.0 
75.0 60.0 72.0 73.0 
60.0 58.0 61.0 62.0 
62.0 59.0 61.0 64.0 
62.0 59.0 61.0 60.0 
78.0 59.0 73.0 73.0 
61.0 60.0 62.0 62.0 
61.0 60.0 61.0 63.0 
62.0 60.0 61.0 62.0 
77.0 60.0 72.0 73.0 
61.0 59.0 61.0 62.0 
62.0 58.0 61.0 62.0 
62.0 61.0 61.0 62.0 
76.0 60.0 72.0 73.0 
61.0 59.0 62.0 62.0 
62.0 60.0 61.0 63.0 
61.0 60.0 61.0 61.0 
76.0 60.0 72.0 73.0 
61.0 59.0 61.0 62.0 
61.0 60.0 61.0 63.0 
62.0 60.0 60.0 62.0 
76.0 60.0 71.0 72.0 
61.0 59.0 61.0 62.0 
62.0 59.0 62.0 63.0 
62.0 60.0 60.0 62.0 
75.0 60.0 72.0 73.0 
61.0 58.0 61.0 62.0 
61.0 59.0 60.0 62.0 
61.0 60.0 61.0 63.0 
76.0 60.0 72.0 73.0 
61.0 59.0 62.0 62.0 
62.0 59.0 61.0 63.0 
62.0 59.0 62.0 61.0 
74.0 60.0 73.0 73.0 
61.0 58.0 62.0 62.0 
61.0 59.0 61.0 63.0 
61.0 60.0 61.0 61.0 
76.0 59.0 73.0 74.0 
61.0 59.0 61.0 62.0 
61.0 60.0 61.0 63.0 
61.0 60.0 61.0 62.0 
76.0 60.0 73.0 73.0 
61.0 59.0 62.0 62.0 
61.0 59.0 61.0 62.0 
61.0 60.0 61.0 62.0 
77.0 59.0 73.0 73.0 
60.0 59.0 60.0 62.0 
61.0 60.0 62.0 63.0 
62.0 60.0 60.0 62.0 
76.0 60.0 73.0 74.0 
61.0 58.0 61.0 62.0 
62.0 58.0 62.0 63.0 
62.0 60.0 61.0 61.0 
76.0 60.0 73.0 74.0 
60.0 58.0 61.0 62.0 
62.0 59.0 61.0 62.0 
61.0 61.0 60.0 62.0 
73.0 60.0 73.0 73.0 
61.0 59.0 61.0 62.0 
62.0 58.0 61.0 63.0 
61.0 60.0 60.0 62.0 
73.0 60.0 73.0 74.0 
60.0 59.0 62.0 63.0 
61.0 59.0 61.0 62.0 
61.0 60.0 61.0 61.0 
75.0 60.0 74.0 74.0 
61.0 59.0 61.0 62.0 
61.0 60.0 61.0 63.0 
62.0 60.0 61.0 61.0 
74.0 59.0 72.0 73.0 
61.0 59.0 61.0 62.0 
62.0 59.0 61.0 63.0 
61.0 60.0 61.0 62.0 
74.0 60.0 72.0 74.0 
60.0 58.0 61.0 63.0 
62.0 59.0 61.0 62.0 
60.0 59.0 61.0 62.0 
75.0 58.0 74.0 73.0 
60.0 59.0 61.0 63.0 
62.0 59.0 61.0 63.0 
61.0 60.0 60.0 61.0 
76.0 60.0 73.0 73.0 
61.0 59.0 61.0 62.0 
61.0 59.0 62.0 63.0 
61.0 60.0 61.0 62.0 
76.0 60.0 73.0 74.0 
60.0 58.0 61.0 62.0 
61.0 58.0 62.0 61.0 
61.0 60.0 61.0 62.0 
77.0 58.0 72.0 74.0 
60.0 59.0 61.0 62.0 
61.0 59.0 60.0 63.0 
61.0 59.0 61.0 62.0 
76.0 59.0 72.0 73.0 
61.0 58.0 60.0 63.0 
61.0 60.0 61.0 63.0 
62.0 61.0 60.0 62.0 
70.0 59.0 71.0 73.0 
60.0 59.0 61.0 62.0 
62.0 59.0 61.0 62.0 
62.0 59.0 61.0 62.0 
69.0 60.0 72.0 73.0 
60.0 57.0 61.0 62.0 
61.0 60.0 61.0 63.0 
61.0 60.0 61.0 63.0 
71.0 59.0 73.0 73.0 
61.0 59.0 60.0 63.0 
61.0 59.0 61.0 63.0 
62.0 60.0 61.0 61.0 
72.0 60.0 72.0 73.0 
61.0 59.0 61.0 62.0 
61.0 60.0 61.0 63.0 
61.0 60.0 60.0 62.0 
72.0 60.0 73.0 73.0 
61.0 58.0 61.0 62.0 
61.0 59.0 61.0 63.0 
62.0 60.0 61.0 62.0 
71.0 60.0 73.0 72.0 
62.0 59.0 60.0 63.0 
62.0 59.0 62.0 63.0 
61.0 59.0 60.0 62.0 
71.0 60.0 72.0 73.0 
61.0 60.0 61.0 63.0 
61.0 59.0 61.0 63.0 
62.0 60.0 60.0 61.0 
72.0 60.0 73.0 73.0 
60.0 59.0 61.0 63.0 
61.0 60.0 60.0 63.0 
61.0 60.0 61.0 62.0 
71.0 60.0 72.0 74.0 
61.0 59.0 61.0 62.0 
62.0 58.0 61.0 63.0 
61.0 60.0 60.0 62.0 
71.0 61.0 72.0 73.0 
61.0 59.0 61.0 63.0 
62.0 61.0 61.0 63.0 
61.0 60.0 61.0 61.0 
71.0 61.0 73.0 73.0 
61.0 59.0 61.0 62.0 
61.0 58.0 61.0 62.0 
61.0 59.0 61.0 61.0 
71.0 59.0 72.0 73.0 
61.0 59.0 61.0 62.0 
62.0 59.0 61.0 62.0 
62.0 60.0 60.0 61.0 
71.0 60.0 72.0 73.0 
60.0 59.0 61.0 62.0 
61.0 59.0 61.0 63.0 
62.0 60.0 62.0 61.0 
72.0 59.0 72.0 73.0 
61.0 59.0 61.0 63.0 
61.0 59.0 62.0 63.0 
62.0 60.0 60.0 62.0 
71.0 61.0 72.0 73.0 
61.0 59.0 61.0 62.0 
61.0 60.0 61.0 63.0 
61.0 61.0 61.0 61.0 
72.0 59.0 72.0 73.0 
60.0 57.0 60.0 63.0 
62.0 59.0 61.0 62.0 
61.0 60.0 60.0 62.0 
74.0 59.0 72.0 73.0 
61.0 58.0 61.0 62.0 
61.0 60.0 60.0 63.0 
61.0 61.0 60.0 62.0 
73.0 60.0 73.0 73.0 
61.0 57.0 61.0 62.0 
61.0 59.0 61.0 61.0 
61.0 60.0 60.0 62.0 
72.0 59.0 72.0 73.0 
61.0 60.0 61.0 62.0 
61.0 59.0 60.0 62.0 
61.0 61.0 61.0 62.0 
73.0 61.0 73.0 73.0 
60.0 59.0 61.0 62.0 
61.0 59.0 60.0 62.0 
61.0 60.0 61.0 62.0 
75.0 60.0 73.0 74.0 
61.0 59.0 61.0 63.0 
61.0 59.0 60.0 63.0 
61.0 61.0 60.0 62.0 
76.0 59.0 72.0 75.0 
61.0 58.0 61.0 62.0 
62.0 59.0 61.0 62.0 
61.0 58.0 61.0 61.0 
76.0 60.0 73.0 74.0 
60.0 58.0 61.0 62.0 
61.0 60.0 61.0 63.0 
61.0 59.0 62.0 62.0 
75.0 59.0 73.0 74.0 
60.0 58.0 61.0 62.0 
61.0 59.0 61.0 63.0 
60.0 61.0 60.0 60.0 
76.0 59.0 73.0 73.0 
61.0 59.0 61.0 62.0 
61.0 59.0 61.0 62.0 
61.0 59.0 61.0 62.0 
75.0 59.0 72.0 74.0 
61.0 59.0 61.0 62.0 
61.0 60.0 60.0 63.0 
61.0 60.0 61.0 61.0 
75.0 59.0 73.0 74.0 
61.0 58.0 61.0 62.0 
61.0 59.0 60.0 64.0 
62.0 58.0 60.0 61.0 
75.0 58.0 72.0 73.0 
