75.0 63.0 64.0 63.0 
60.0 56.0 58.0 58.0 
55.0 62.0 58.0 62.0 
56.0 60.0 58.0 60.0 
74.0 61.0 69.0 61.0 
55.0 58.0 58.0 57.0 
60.0 56.0 60.0 60.0 
59.0 57.0 63.0 55.0 
75.0 60.0 67.0 64.0 
57.0 57.0 60.0 55.0 
62.0 56.0 62.0 58.0 
57.0 62.0 58.0 62.0 
73.0 60.0 68.0 61.0 
55.0 60.0 57.0 59.0 
57.0 63.0 58.0 63.0 
61.0 56.0 61.0 57.0 
72.0 64.0 65.0 63.0 
59.0 57.0 57.0 58.0 
62.0 57.0 63.0 58.0 
58.0 60.0 58.0 59.0 
73.0 65.0 63.0 66.0 
57.0 57.0 58.0 59.0 
55.0 63.0 59.0 64.0 
61.0 56.0 62.0 59.0 
72.0 60.0 66.0 63.0 
62.0 55.0 59.0 60.0 
58.0 63.0 58.0 64.0 
57.0 60.0 58.0 60.0 
73.0 61.0 64.0 63.0 
58.0 57.0 60.0 56.0 
58.0 59.0 61.0 62.0 
60.0 57.0 59.0 59.0 
75.0 59.0 65.0 61.0 
55.0 60.0 57.0 62.0 
57.0 63.0 58.0 64.0 
59.0 59.0 59.0 58.0 
80.0 61.0 66.0 62.0 
60.0 56.0 60.0 56.0 
59.0 60.0 60.0 63.0 
60.0 59.0 59.0 59.0 
77.0 62.0 65.0 61.0 
56.0 60.0 57.0 62.0 
57.0 61.0 61.0 60.0 
55.0 59.0 59.0 55.0 
74.0 65.0 62.0 64.0 
59.0 56.0 58.0 59.0 
62.0 57.0 61.0 60.0 
58.0 60.0 56.0 62.0 
79.0 61.0 64.0 63.0 
57.0 59.0 59.0 61.0 
57.0 61.0 59.0 65.0 
60.0 57.0 62.0 56.0 
77.0 63.0 64.0 63.0 
60.0 56.0 60.0 58.0 
61.0 59.0 62.0 62.0 
63.0 57.0 62.0 58.0 
79.0 61.0 66.0 62.0 
59.0 57.0 62.0 57.0 
56.0 62.0 59.0 63.0 
61.0 56.0 61.0 55.0 
85.0 63.0 65.0 64.0 
57.0 57.0 61.0 58.0 
61.0 59.0 59.0 64.0 
61.0 58.0 61.0 60.0 
78.0 66.0 61.0 67.0 
61.0 55.0 61.0 57.0 
58.0 59.0 61.0 59.0 
56.0 61.0 58.0 60.0 
78.0 66.0 62.0 65.0 
61.0 56.0 59.0 59.0 
61.0 59.0 61.0 62.0 
60.0 59.0 59.0 58.0 
70.0 64.0 61.0 65.0 
62.0 56.0 61.0 58.0 
60.0 60.0 60.0 63.0 
63.0 56.0 60.0 59.0 
80.0 64.0 64.0 63.0 
55.0 60.0 57.0 62.0 
59.0 59.0 60.0 64.0 
60.0 56.0 61.0 60.0 
80.0 62.0 65.0 62.0 
57.0 59.0 62.0 57.0 
61.0 59.0 62.0 61.0 
56.0 60.0 58.0 61.0 
82.0 63.0 66.0 62.0 
55.0 60.0 58.0 60.0 
56.0 62.0 59.0 63.0 
63.0 57.0 61.0 56.0 
73.0 64.0 61.0 67.0 
58.0 58.0 57.0 61.0 
62.0 58.0 62.0 60.0 
59.0 56.0 61.0 58.0 
70.0 62.0 63.0 63.0 
57.0 57.0 59.0 60.0 
63.0 58.0 63.0 61.0 
61.0 58.0 61.0 56.0 
68.0 65.0 62.0 66.0 
59.0 57.0 61.0 58.0 
63.0 59.0 61.0 64.0 
62.0 57.0 60.0 58.0 
69.0 60.0 62.0 64.0 
60.0 56.0 61.0 58.0 
63.0 58.0 62.0 61.0 
56.0 61.0 58.0 60.0 
66.0 64.0 61.0 65.0 
60.0 57.0 59.0 60.0 
57.0 63.0 58.0 64.0 
62.0 57.0 60.0 56.0 
72.0 60.0 64.0 60.0 
57.0 60.0 58.0 59.0 
62.0 57.0 63.0 58.0 
59.0 58.0 60.0 59.0 
66.0 64.0 60.0 65.0 
56.0 60.0 57.0 62.0 
63.0 57.0 63.0 60.0 
60.0 60.0 59.0 62.0 
70.0 62.0 60.0 65.0 
59.0 59.0 56.0 59.0 
58.0 59.0 62.0 61.0 
59.0 62.0 58.0 60.0 
73.0 61.0 66.0 63.0 
62.0 57.0 60.0 57.0 
57.0 60.0 62.0 61.0 
57.0 60.0 61.0 60.0 
72.0 61.0 64.0 62.0 
60.0 57.0 57.0 59.0 
60.0 59.0 61.0 60.0 
56.0 61.0 59.0 63.0 
75.0 62.0 64.0 65.0 
60.0 56.0 60.0 56.0 
57.0 61.0 58.0 61.0 
58.0 63.0 59.0 62.0 
79.0 62.0 69.0 63.0 
57.0 58.0 58.0 59.0 
60.0 58.0 62.0 61.0 
61.0 56.0 61.0 59.0 
72.0 56.0 70.0 70.0 
58.0 57.0 59.0 56.0 
59.0 59.0 58.0 60.0 
60.0 57.0 64.0 61.0 
75.0 58.0 71.0 71.0 
55.0 59.0 57.0 60.0 
58.0 58.0 57.0 61.0 
61.0 57.0 63.0 59.0 
76.0 59.0 73.0 73.0 
60.0 58.0 58.0 59.0 
61.0 56.0 60.0 56.0 
59.0 59.0 59.0 60.0 
88.0 59.0 74.0 78.0 
61.0 56.0 58.0 58.0 
56.0 60.0 57.0 59.0 
60.0 57.0 62.0 58.0 
83.0 59.0 71.0 79.0 
58.0 60.0 56.0 60.0 
58.0 60.0 56.0 60.0 
57.0 59.0 62.0 57.0 
88.0 57.0 72.0 77.0 
56.0 60.0 57.0 59.0 
60.0 58.0 58.0 59.0 
59.0 59.0 60.0 57.0 
80.0 59.0 68.0 79.0 
59.0 57.0 57.0 59.0 
61.0 56.0 60.0 56.0 
57.0 61.0 57.0 63.0 
79.0 59.0 59.0 84.0 
56.0 59.0 56.0 60.0 
59.0 58.0 61.0 57.0 
60.0 58.0 59.0 56.0 
80.0 60.0 59.0 87.0 
61.0 56.0 60.0 57.0 
61.0 57.0 59.0 57.0 
57.0 59.0 60.0 58.0 
84.0 57.0 58.0 86.0 
59.0 58.0 57.0 59.0 
54.0 58.0 61.0 56.0 
57.0 60.0 59.0 61.0 
76.0 57.0 60.0 80.0 
61.0 59.0 57.0 66.0 
56.0 59.0 60.0 58.0 
60.0 59.0 57.0 63.0 
85.0 56.0 62.0 81.0 
58.0 59.0 58.0 65.0 
55.0 60.0 59.0 59.0 
61.0 57.0 60.0 56.0 
87.0 57.0 61.0 84.0 
60.0 59.0 58.0 66.0 
59.0 58.0 60.0 58.0 
58.0 60.0 59.0 58.0 
84.0 56.0 61.0 84.0 
63.0 58.0 58.0 66.0 
59.0 59.0 58.0 61.0 
61.0 58.0 59.0 61.0 
81.0 58.0 58.0 89.0 
65.0 56.0 59.0 64.0 
61.0 56.0 60.0 57.0 
57.0 60.0 59.0 58.0 
78.0 60.0 57.0 90.0 
64.0 56.0 59.0 63.0 
61.0 56.0 61.0 56.0 
57.0 62.0 58.0 60.0 
77.0 59.0 57.0 89.0 
63.0 57.0 61.0 62.0 
61.0 57.0 60.0 56.0 
58.0 59.0 59.0 58.0 
82.0 59.0 60.0 88.0 
60.0 60.0 57.0 64.0 
60.0 55.0 61.0 56.0 
61.0 57.0 60.0 56.0 
80.0 58.0 61.0 85.0 
60.0 58.0 59.0 61.0 
60.0 56.0 60.0 57.0 
57.0 58.0 61.0 55.0 
82.0 58.0 61.0 85.0 
59.0 60.0 57.0 65.0 
54.0 60.0 57.0 61.0 
59.0 57.0 62.0 56.0 
80.0 60.0 57.0 92.0 
64.0 57.0 60.0 62.0 
55.0 59.0 58.0 59.0 
61.0 58.0 59.0 56.0 
83.0 60.0 59.0 90.0 
61.0 60.0 56.0 66.0 
59.0 57.0 61.0 56.0 
59.0 59.0 62.0 54.0 
85.0 58.0 65.0 90.0 
66.0 55.0 61.0 62.0 
56.0 59.0 60.0 58.0 
59.0 59.0 57.0 60.0 
84.0 59.0 61.0 90.0 
62.0 60.0 59.0 64.0 
61.0 56.0 61.0 59.0 
59.0 57.0 61.0 57.0 
88.0 57.0 78.0 87.0 
62.0 57.0 60.0 61.0 
60.0 58.0 58.0 58.0 
55.0 61.0 57.0 59.0 
85.0 57.0 87.0 85.0 
64.0 58.0 60.0 63.0 
57.0 57.0 59.0 58.0 
61.0 57.0 60.0 57.0 
87.0 57.0 87.0 83.0 
63.0 60.0 58.0 67.0 
59.0 56.0 60.0 56.0 
56.0 61.0 55.0 60.0 
82.0 60.0 95.0 85.0 
67.0 56.0 62.0 64.0 
59.0 59.0 55.0 60.0 
58.0 61.0 56.0 60.0 
88.0 56.0 103.0 81.0 
66.0 58.0 63.0 62.0 
55.0 60.0 57.0 61.0 
60.0 57.0 58.0 58.0 
85.0 59.0 99.0 85.0 
63.0 57.0 61.0 65.0 
56.0 57.0 58.0 56.0 
56.0 62.0 55.0 59.0 
86.0 58.0 104.0 83.0 
66.0 57.0 62.0 62.0 
58.0 59.0 57.0 60.0 
62.0 59.0 57.0 58.0 
82.0 62.0 105.0 87.0 
65.0 58.0 64.0 63.0 
55.0 61.0 56.0 61.0 
58.0 58.0 58.0 56.0 
85.0 56.0 117.0 85.0 
62.0 57.0 63.0 63.0 
61.0 59.0 57.0 62.0 
62.0 56.0 57.0 59.0 
84.0 61.0 117.0 89.0 
65.0 56.0 64.0 61.0 
59.0 58.0 60.0 57.0 
55.0 61.0 55.0 59.0 
74.0 62.0 136.0 81.0 
58.0 61.0 60.0 66.0 
54.0 59.0 56.0 60.0 
62.0 58.0 57.0 58.0 
73.0 74.0 150.0 83.0 
62.0 61.0 61.0 64.0 
57.0 58.0 56.0 58.0 
54.0 61.0 55.0 59.0 
77.0 71.0 173.0 82.0 
63.0 60.0 61.0 62.0 
57.0 60.0 52.0 61.0 
62.0 56.0 54.0 62.0 
77.0 72.0 179.0 89.0 
65.0 58.0 62.0 61.0 
59.0 58.0 55.0 61.0 
59.0 57.0 54.0 58.0 
72.0 73.0 191.0 85.0 
63.0 59.0 63.0 60.0 
58.0 58.0 54.0 60.0 
61.0 59.0 54.0 60.0 
68.0 74.0 200.0 87.0 
64.0 58.0 63.0 65.0 
61.0 54.0 58.0 56.0 
61.0 57.0 55.0 57.0 
71.0 69.0 208.0 84.0 
64.0 60.0 64.0 60.0 
62.0 56.0 55.0 59.0 
62.0 57.0 56.0 56.0 
71.0 70.0 228.0 86.0 
58.0 62.0 60.0 63.0 
56.0 59.0 54.0 56.0 
54.0 59.0 54.0 56.0 
71.0 73.0 253.0 90.0 
62.0 60.0 59.0 65.0 
55.0 61.0 50.0 60.0 
62.0 57.0 52.0 60.0 
68.0 74.0 281.0 91.0 
62.0 59.0 57.0 59.0 
62.0 56.0 52.0 59.0 
56.0 60.0 49.0 59.0 
68.0 75.0 321.0 93.0 
56.0 59.0 56.0 61.0 
62.0 56.0 55.0 56.0 
58.0 59.0 49.0 58.0 
69.0 75.0 332.0 97.0 
58.0 59.0 53.0 62.0 
58.0 58.0 51.0 58.0 
56.0 59.0 50.0 58.0 
70.0 77.0 355.0 96.0 
55.0 58.0 53.0 57.0 
59.0 54.0 51.0 58.0 
59.0 58.0 51.0 57.0 
71.0 77.0 405.0 103.0 
55.0 61.0 50.0 56.0 
54.0 62.0 46.0 60.0 
63.0 55.0 51.0 57.0 
71.0 84.0 458.0 116.0 
62.0 56.0 52.0 58.0 
56.0 61.0 46.0 61.0 
59.0 57.0 49.0 56.0 
77.0 78.0 456.0 112.0 
59.0 59.0 52.0 56.0 
58.0 58.0 49.0 60.0 
61.0 58.0 48.0 58.0 
74.0 77.0 425.0 111.0 
55.0 61.0 48.0 60.0 
58.0 60.0 46.0 59.0 
59.0 61.0 46.0 59.0 
72.0 83.0 431.0 119.0 
60.0 61.0 48.0 61.0 
56.0 61.0 46.0 61.0 
62.0 56.0 50.0 56.0 
78.0 80.0 464.0 126.0 
58.0 58.0 48.0 58.0 
62.0 57.0 49.0 58.0 
58.0 59.0 48.0 56.0 
79.0 82.0 476.0 136.0 
58.0 58.0 49.0 57.0 
62.0 57.0 49.0 58.0 
61.0 57.0 49.0 56.0 
79.0 85.0 479.0 150.0 
60.0 57.0 51.0 55.0 
58.0 58.0 48.0 58.0 
61.0 56.0 49.0 55.0 
77.0 88.0 470.0 157.0 
60.0 55.0 51.0 57.0 
57.0 60.0 48.0 56.0 
58.0 61.0 45.0 58.0 
75.0 91.0 500.0 186.0 
60.0 57.0 51.0 56.0 
58.0 61.0 46.0 58.0 
61.0 59.0 47.0 59.0 
74.0 96.0 501.0 212.0 
61.0 57.0 50.0 56.0 
60.0 57.0 49.0 59.0 
59.0 56.0 50.0 52.0 
75.0 96.0 448.0 217.0 
59.0 57.0 51.0 58.0 
58.0 57.0 51.0 55.0 
57.0 60.0 48.0 55.0 
80.0 92.0 420.0 226.0 
57.0 60.0 51.0 58.0 
61.0 58.0 51.0 56.0 
60.0 56.0 52.0 53.0 
74.0 101.0 444.0 276.0 
61.0 56.0 55.0 54.0 
59.0 57.0 55.0 54.0 
56.0 59.0 50.0 56.0 
91.0 107.0 408.0 282.0 
57.0 57.0 54.0 52.0 
59.0 56.0 54.0 52.0 
56.0 61.0 48.0 56.0 
91.0 114.0 346.0 314.0 
59.0 59.0 51.0 56.0 
58.0 61.0 51.0 57.0 
59.0 56.0 53.0 51.0 
91.0 128.0 327.0 406.0 
55.0 59.0 51.0 50.0 
62.0 55.0 56.0 52.0 
61.0 55.0 55.0 49.0 
97.0 131.0 305.0 455.0 
55.0 60.0 52.0 52.0 
59.0 56.0 56.0 51.0 
59.0 56.0 55.0 47.0 
98.0 139.0 264.0 481.0 
59.0 54.0 56.0 50.0 
60.0 58.0 55.0 55.0 
62.0 55.0 55.0 49.0 
100.0 149.0 230.0 479.0 
61.0 55.0 57.0 49.0 
61.0 55.0 59.0 48.0 
56.0 59.0 54.0 49.0 
100.0 151.0 214.0 486.0 
59.0 56.0 55.0 52.0 
60.0 55.0 58.0 50.0 
56.0 58.0 55.0 49.0 
100.0 152.0 190.0 457.0 
58.0 56.0 57.0 48.0 
58.0 57.0 59.0 49.0 
56.0 60.0 54.0 51.0 
103.0 153.0 175.0 445.0 
59.0 54.0 58.0 49.0 
58.0 59.0 55.0 54.0 
62.0 55.0 57.0 51.0 
105.0 174.0 176.0 480.0 
58.0 56.0 58.0 49.0 
61.0 57.0 57.0 54.0 
60.0 54.0 59.0 47.0 
107.0 178.0 169.0 470.0 
56.0 58.0 56.0 47.0 
58.0 57.0 57.0 53.0 
59.0 56.0 57.0 49.0 
113.0 206.0 161.0 487.0 
56.0 57.0 55.0 50.0 
57.0 58.0 57.0 51.0 
55.0 58.0 56.0 49.0 
117.0 216.0 135.0 467.0 
59.0 53.0 59.0 48.0 
58.0 54.0 63.0 48.0 
56.0 57.0 57.0 47.0 
116.0 242.0 127.0 470.0 
59.0 55.0 57.0 52.0 
58.0 56.0 58.0 53.0 
58.0 54.0 58.0 49.0 
119.0 267.0 122.0 457.0 
59.0 53.0 60.0 51.0 
61.0 52.0 62.0 49.0 
56.0 57.0 56.0 51.0 
131.0 333.0 124.0 474.0 
60.0 51.0 60.0 49.0 
55.0 55.0 57.0 52.0 
57.0 54.0 58.0 51.0 
141.0 390.0 120.0 445.0 
55.0 55.0 56.0 54.0 
60.0 49.0 60.0 50.0 
58.0 50.0 59.0 48.0 
148.0 446.0 111.0 377.0 
59.0 49.0 59.0 54.0 
57.0 52.0 58.0 52.0 
56.0 50.0 61.0 51.0 
147.0 473.0 109.0 359.0 
59.0 48.0 60.0 57.0 
57.0 50.0 59.0 51.0 
55.0 52.0 58.0 54.0 
176.0 465.0 105.0 325.0 
58.0 49.0 60.0 52.0 
59.0 49.0 60.0 53.0 
55.0 49.0 59.0 53.0 
163.0 513.0 107.0 296.0 
54.0 51.0 57.0 57.0 
59.0 47.0 60.0 51.0 
58.0 47.0 58.0 53.0 
197.0 527.0 100.0 276.0 
56.0 53.0 60.0 60.0 
58.0 48.0 61.0 53.0 
54.0 50.0 57.0 56.0 
176.0 571.0 100.0 265.0 
57.0 50.0 63.0 56.0 
60.0 46.0 58.0 58.0 
60.0 45.0 58.0 54.0 
226.0 513.0 96.0 249.0 
55.0 53.0 60.0 59.0 
56.0 49.0 57.0 59.0 
58.0 45.0 61.0 53.0 
224.0 502.0 96.0 231.0 
58.0 52.0 59.0 62.0 
52.0 60.0 56.0 56.0 
56.0 57.0 62.0 51.0 
219.0 494.0 94.0 210.0 
55.0 55.0 61.0 63.0 
56.0 48.0 60.0 54.0 
56.0 59.0 61.0 52.0 
249.0 502.0 97.0 212.0 
60.0 52.0 64.0 64.0 
56.0 57.0 60.0 54.0 
52.0 58.0 60.0 54.0 
268.0 584.0 97.0 209.0 
55.0 56.0 61.0 60.0 
54.0 49.0 57.0 57.0 
56.0 60.0 58.0 55.0 
298.0 597.0 95.0 211.0 
58.0 53.0 60.0 63.0 
54.0 47.0 58.0 58.0 
54.0 46.0 60.0 53.0 
334.0 649.0 95.0 219.0 
61.0 51.0 63.0 59.0 
53.0 45.0 61.0 54.0 
54.0 45.0 59.0 56.0 
347.0 656.0 92.0 216.0 
55.0 59.0 58.0 63.0 
56.0 45.0 60.0 55.0 
54.0 46.0 60.0 56.0 
374.0 648.0 90.0 207.0 
56.0 56.0 61.0 60.0 
51.0 47.0 60.0 55.0 
50.0 49.0 58.0 58.0 
391.0 611.0 93.0 209.0 
59.0 56.0 61.0 62.0 
55.0 47.0 60.0 55.0 
49.0 49.0 57.0 60.0 
433.0 603.0 95.0 194.0 
58.0 57.0 60.0 63.0 
54.0 47.0 60.0 54.0 
50.0 48.0 59.0 57.0 
455.0 570.0 95.0 189.0 
61.0 55.0 63.0 65.0 
50.0 51.0 59.0 58.0 
53.0 46.0 62.0 56.0 
490.0 541.0 97.0 180.0 
56.0 59.0 60.0 64.0 
50.0 51.0 59.0 57.0 
51.0 49.0 58.0 60.0 
512.0 506.0 105.0 172.0 
61.0 56.0 61.0 62.0 
52.0 50.0 57.0 61.0 
50.0 47.0 61.0 56.0 
507.0 437.0 103.0 159.0 
58.0 58.0 62.0 60.0 
49.0 53.0 58.0 59.0 
52.0 49.0 60.0 58.0 
518.0 377.0 109.0 144.0 
56.0 61.0 60.0 65.0 
50.0 53.0 58.0 58.0 
47.0 53.0 58.0 60.0 
516.0 346.0 112.0 139.0 
61.0 58.0 64.0 62.0 
51.0 51.0 62.0 55.0 
49.0 52.0 59.0 57.0 
521.0 310.0 115.0 132.0 
62.0 57.0 64.0 61.0 
52.0 52.0 58.0 59.0 
51.0 53.0 57.0 60.0 
530.0 293.0 123.0 130.0 
63.0 59.0 63.0 64.0 
51.0 53.0 58.0 57.0 
46.0 55.0 59.0 56.0 
529.0 276.0 126.0 124.0 
60.0 61.0 61.0 62.0 
49.0 55.0 56.0 61.0 
51.0 52.0 59.0 58.0 
521.0 261.0 138.0 121.0 
61.0 58.0 63.0 61.0 
49.0 56.0 58.0 58.0 
44.0 58.0 55.0 61.0 
523.0 191.0 144.0 109.0 
56.0 62.0 61.0 65.0 
49.0 55.0 59.0 57.0 
44.0 59.0 54.0 62.0 
535.0 177.0 154.0 105.0 
56.0 64.0 61.0 63.0 
47.0 56.0 59.0 58.0 
45.0 58.0 59.0 57.0 
525.0 171.0 162.0 101.0 
54.0 62.0 59.0 64.0 
49.0 56.0 57.0 62.0 
50.0 54.0 58.0 58.0 
517.0 170.0 175.0 106.0 
53.0 59.0 57.0 62.0 
52.0 54.0 59.0 58.0 
44.0 59.0 55.0 61.0 
510.0 165.0 191.0 104.0 
56.0 55.0 64.0 59.0 
46.0 59.0 55.0 60.0 
45.0 58.0 54.0 61.0 
479.0 155.0 208.0 102.0 
56.0 57.0 60.0 59.0 
53.0 53.0 59.0 57.0 
46.0 58.0 57.0 58.0 
401.0 146.0 221.0 99.0 
50.0 61.0 58.0 58.0 
48.0 58.0 56.0 59.0 
51.0 56.0 55.0 59.0 
376.0 138.0 239.0 103.0 
54.0 59.0 57.0 61.0 
52.0 58.0 55.0 59.0 
54.0 55.0 55.0 56.0 
362.0 134.0 264.0 103.0 
55.0 58.0 57.0 58.0 
50.0 59.0 53.0 59.0 
55.0 56.0 57.0 57.0 
344.0 129.0 285.0 101.0 
55.0 57.0 58.0 57.0 
49.0 61.0 50.0 58.0 
48.0 61.0 50.0 61.0 
329.0 126.0 305.0 103.0 
53.0 60.0 53.0 62.0 
52.0 61.0 51.0 59.0 
50.0 61.0 51.0 59.0 
306.0 126.0 313.0 103.0 
56.0 55.0 55.0 59.0 
54.0 54.0 56.0 56.0 
49.0 60.0 52.0 61.0 
293.0 125.0 315.0 108.0 
57.0 56.0 56.0 58.0 
49.0 61.0 52.0 60.0 
56.0 56.0 54.0 57.0 
290.0 120.0 317.0 108.0 
52.0 59.0 53.0 60.0 
52.0 58.0 51.0 59.0 
51.0 60.0 49.0 61.0 
275.0 117.0 330.0 112.0 
55.0 60.0 52.0 58.0 
57.0 54.0 56.0 56.0 
55.0 57.0 52.0 58.0 
264.0 114.0 360.0 117.0 
55.0 60.0 51.0 59.0 
59.0 56.0 52.0 58.0 
56.0 55.0 53.0 58.0 
254.0 118.0 382.0 122.0 
56.0 60.0 50.0 61.0 
51.0 60.0 50.0 61.0 
57.0 58.0 52.0 57.0 
252.0 115.0 407.0 128.0 
55.0 58.0 52.0 58.0 
52.0 61.0 51.0 60.0 
57.0 55.0 52.0 56.0 
252.0 115.0 436.0 136.0 
54.0 58.0 53.0 58.0 
58.0 58.0 51.0 60.0 
55.0 59.0 49.0 60.0 
252.0 116.0 474.0 153.0 
52.0 61.0 49.0 60.0 
54.0 58.0 50.0 57.0 
57.0 59.0 45.0 59.0 
237.0 120.0 487.0 167.0 
52.0 59.0 50.0 56.0 
55.0 59.0 50.0 55.0 
55.0 58.0 47.0 59.0 
236.0 116.0 493.0 180.0 
54.0 59.0 49.0 58.0 
52.0 61.0 48.0 59.0 
58.0 58.0 48.0 57.0 
227.0 129.0 493.0 218.0 
60.0 55.0 52.0 60.0 
56.0 56.0 51.0 57.0 
58.0 56.0 51.0 54.0 
213.0 125.0 488.0 230.0 
55.0 59.0 49.0 58.0 
54.0 59.0 50.0 57.0 
58.0 55.0 51.0 54.0 
208.0 130.0 472.0 241.0 
57.0 58.0 48.0 57.0 
55.0 58.0 53.0 56.0 
56.0 56.0 51.0 54.0 
208.0 134.0 459.0 259.0 
53.0 59.0 50.0 55.0 
53.0 61.0 49.0 57.0 
57.0 59.0 47.0 59.0 
179.0 135.0 445.0 283.0 
56.0 59.0 50.0 55.0 
55.0 60.0 48.0 57.0 
59.0 58.0 50.0 53.0 
121.0 130.0 428.0 304.0 
57.0 58.0 52.0 55.0 
61.0 55.0 52.0 54.0 
61.0 57.0 51.0 52.0 
114.0 138.0 406.0 330.0 
57.0 57.0 52.0 54.0 
55.0 60.0 49.0 56.0 
61.0 56.0 52.0 53.0 
121.0 140.0 363.0 351.0 
58.0 59.0 51.0 54.0 
54.0 58.0 53.0 50.0 
57.0 59.0 53.0 53.0 
118.0 148.0 327.0 365.0 
62.0 55.0 55.0 54.0 
62.0 55.0 54.0 52.0 
56.0 59.0 51.0 53.0 
121.0 146.0 289.0 366.0 
59.0 55.0 58.0 50.0 
58.0 55.0 57.0 49.0 
55.0 60.0 51.0 53.0 
114.0 147.0 257.0 376.0 
60.0 54.0 57.0 50.0 
55.0 59.0 52.0 55.0 
57.0 59.0 54.0 53.0 
124.0 158.0 275.0 390.0 
55.0 60.0 53.0 54.0 
55.0 59.0 55.0 51.0 
54.0 60.0 55.0 48.0 
126.0 164.0 252.0 396.0 
57.0 55.0 57.0 50.0 
62.0 55.0 57.0 51.0 
57.0 57.0 56.0 49.0 
128.0 184.0 235.0 437.0 
57.0 56.0 56.0 51.0 
59.0 55.0 55.0 51.0 
56.0 58.0 54.0 50.0 
130.0 191.0 213.0 433.0 
58.0 57.0 55.0 53.0 
57.0 56.0 56.0 51.0 
55.0 59.0 54.0 53.0 
134.0 197.0 191.0 418.0 
60.0 55.0 57.0 51.0 
57.0 56.0 57.0 50.0 
56.0 59.0 55.0 53.0 
136.0 207.0 182.0 415.0 
54.0 57.0 57.0 52.0 
61.0 54.0 57.0 51.0 
58.0 55.0 61.0 47.0 
141.0 224.0 182.0 423.0 
60.0 53.0 59.0 50.0 
54.0 59.0 55.0 54.0 
61.0 53.0 59.0 48.0 
143.0 233.0 173.0 409.0 
61.0 53.0 59.0 50.0 
58.0 55.0 58.0 51.0 
59.0 55.0 57.0 50.0 
149.0 244.0 168.0 385.0 
58.0 57.0 58.0 55.0 
57.0 57.0 58.0 53.0 
54.0 58.0 55.0 54.0 
153.0 261.0 170.0 372.0 
59.0 56.0 58.0 54.0 
55.0 56.0 56.0 53.0 
58.0 54.0 55.0 54.0 
161.0 292.0 155.0 373.0 
55.0 59.0 55.0 54.0 
59.0 53.0 58.0 53.0 
54.0 55.0 56.0 55.0 
170.0 359.0 148.0 366.0 
60.0 54.0 57.0 57.0 
56.0 55.0 55.0 56.0 
59.0 49.0 61.0 49.0 
202.0 397.0 149.0 364.0 
60.0 51.0 60.0 54.0 
59.0 50.0 59.0 53.0 
58.0 50.0 59.0 52.0 
205.0 404.0 131.0 313.0 
57.0 55.0 58.0 53.0 
56.0 51.0 60.0 53.0 
53.0 53.0 57.0 56.0 
251.0 419.0 123.0 293.0 
54.0 55.0 60.0 56.0 
58.0 50.0 58.0 58.0 
58.0 50.0 58.0 58.0 
189.0 425.0 104.0 283.0 
59.0 52.0 61.0 56.0 
60.0 48.0 60.0 53.0 
55.0 50.0 59.0 53.0 
202.0 462.0 102.0 285.0 
61.0 50.0 62.0 54.0 
56.0 49.0 60.0 52.0 
54.0 52.0 57.0 56.0 
214.0 479.0 103.0 280.0 
60.0 51.0 60.0 56.0 
58.0 47.0 61.0 54.0 
58.0 47.0 62.0 52.0 
238.0 496.0 101.0 267.0 
57.0 52.0 59.0 58.0 
59.0 46.0 62.0 53.0 
55.0 50.0 57.0 59.0 
269.0 501.0 98.0 255.0 
60.0 51.0 57.0 60.0 
53.0 50.0 62.0 53.0 
51.0 50.0 60.0 55.0 
274.0 504.0 97.0 240.0 
59.0 51.0 60.0 58.0 
58.0 46.0 61.0 54.0 
54.0 49.0 58.0 57.0 
273.0 497.0 95.0 218.0 
55.0 50.0 61.0 57.0 
55.0 48.0 61.0 54.0 
52.0 51.0 58.0 59.0 
284.0 508.0 94.0 216.0 
58.0 47.0 61.0 53.0 
58.0 47.0 61.0 54.0 
57.0 46.0 62.0 55.0 
294.0 513.0 89.0 216.0 
54.0 51.0 59.0 56.0 
52.0 51.0 58.0 57.0 
54.0 52.0 58.0 56.0 
329.0 523.0 93.0 214.0 
57.0 52.0 56.0 61.0 
51.0 52.0 58.0 59.0 
56.0 47.0 61.0 56.0 
346.0 522.0 90.0 204.0 
55.0 51.0 57.0 61.0 
53.0 51.0 58.0 61.0 
54.0 48.0 60.0 54.0 
350.0 505.0 89.0 196.0 
50.0 51.0 58.0 57.0 
54.0 49.0 59.0 58.0 
50.0 50.0 57.0 59.0 
367.0 504.0 93.0 195.0 
52.0 50.0 58.0 56.0 
53.0 48.0 60.0 58.0 
55.0 46.0 62.0 55.0 
384.0 482.0 86.0 182.0 
55.0 48.0 59.0 59.0 
51.0 53.0 58.0 58.0 
52.0 50.0 58.0 61.0 
408.0 479.0 85.0 178.0 
54.0 49.0 58.0 57.0 
54.0 50.0 60.0 57.0 
50.0 49.0 60.0 56.0 
406.0 467.0 86.0 174.0 
53.0 49.0 61.0 56.0 
50.0 53.0 58.0 59.0 
50.0 51.0 58.0 60.0 
428.0 468.0 87.0 171.0 
55.0 48.0 61.0 54.0 
51.0 51.0 60.0 57.0 
53.0 48.0 62.0 56.0 
428.0 450.0 84.0 169.0 
52.0 50.0 59.0 59.0 
51.0 51.0 59.0 58.0 
50.0 50.0 61.0 55.0 
450.0 441.0 88.0 165.0 
50.0 50.0 62.0 55.0 
53.0 47.0 60.0 56.0 
47.0 52.0 59.0 60.0 
469.0 411.0 83.0 145.0 
53.0 49.0 61.0 55.0 
47.0 54.0 58.0 62.0 
49.0 51.0 60.0 58.0 
491.0 407.0 84.0 142.0 
48.0 54.0 56.0 60.0 
49.0 52.0 59.0 60.0 
49.0 52.0 60.0 59.0 
492.0 391.0 80.0 142.0 
51.0 51.0 60.0 57.0 
48.0 54.0 60.0 59.0 
46.0 53.0 58.0 59.0 
470.0 360.0 79.0 133.0 
51.0 52.0 58.0 57.0 
47.0 53.0 60.0 58.0 
46.0 55.0 60.0 57.0 
479.0 340.0 75.0 131.0 
53.0 50.0 59.0 58.0 
48.0 57.0 59.0 61.0 
50.0 53.0 59.0 56.0 
466.0 317.0 79.0 122.0 
48.0 55.0 57.0 60.0 
47.0 56.0 58.0 61.0 
52.0 51.0 61.0 59.0 
492.0 317.0 76.0 128.0 
53.0 50.0 61.0 55.0 
47.0 54.0 60.0 60.0 
51.0 50.0 62.0 57.0 
499.0 310.0 78.0 121.0 
48.0 55.0 58.0 58.0 
52.0 51.0 64.0 56.0 
48.0 52.0 59.0 59.0 
495.0 303.0 78.0 118.0 
51.0 51.0 59.0 60.0 
53.0 53.0 60.0 61.0 
51.0 49.0 61.0 57.0 
499.0 292.0 78.0 117.0 
47.0 56.0 57.0 60.0 
49.0 54.0 58.0 62.0 
52.0 51.0 61.0 58.0 
489.0 291.0 75.0 118.0 
52.0 53.0 58.0 59.0 
50.0 54.0 59.0 63.0 
50.0 51.0 63.0 56.0 
470.0 256.0 76.0 108.0 
52.0 53.0 61.0 62.0 
49.0 56.0 60.0 61.0 
51.0 54.0 60.0 59.0 
439.0 204.0 71.0 100.0 
52.0 55.0 59.0 57.0 
53.0 55.0 62.0 58.0 
46.0 57.0 60.0 58.0 
450.0 177.0 71.0 92.0 
53.0 53.0 60.0 59.0 
50.0 56.0 59.0 61.0 
51.0 54.0 62.0 57.0 
432.0 169.0 71.0 89.0 
49.0 56.0 59.0 58.0 
47.0 58.0 58.0 61.0 
53.0 53.0 62.0 57.0 
391.0 156.0 69.0 86.0 
49.0 55.0 59.0 57.0 
48.0 58.0 59.0 61.0 
52.0 54.0 62.0 57.0 
391.0 157.0 68.0 87.0 
50.0 56.0 60.0 57.0 
49.0 57.0 60.0 58.0 
48.0 59.0 60.0 61.0 
380.0 145.0 67.0 84.0 
54.0 55.0 61.0 57.0 
49.0 58.0 61.0 57.0 
45.0 59.0 61.0 57.0 
346.0 141.0 66.0 81.0 
50.0 59.0 59.0 58.0 
50.0 55.0 62.0 58.0 
49.0 59.0 60.0 58.0 
330.0 129.0 68.0 78.0 
49.0 59.0 57.0 57.0 
48.0 60.0 58.0 62.0 
53.0 55.0 61.0 58.0 
320.0 130.0 66.0 79.0 
54.0 56.0 61.0 59.0 
51.0 59.0 58.0 62.0 
49.0 58.0 60.0 61.0 
325.0 129.0 66.0 79.0 
48.0 60.0 59.0 59.0 
55.0 56.0 62.0 57.0 
52.0 58.0 59.0 60.0 
324.0 129.0 68.0 76.0 
50.0 58.0 60.0 56.0 
54.0 53.0 62.0 59.0 
49.0 58.0 61.0 59.0 
316.0 126.0 66.0 81.0 
52.0 56.0 60.0 58.0 
51.0 57.0 61.0 57.0 
51.0 59.0 59.0 61.0 
306.0 123.0 67.0 78.0 
50.0 59.0 58.0 61.0 
55.0 55.0 62.0 58.0 
51.0 58.0 60.0 60.0 
299.0 125.0 67.0 80.0 
56.0 54.0 61.0 56.0 
50.0 58.0 59.0 61.0 
54.0 55.0 62.0 58.0 
290.0 119.0 66.0 79.0 
53.0 55.0 60.0 57.0 
50.0 58.0 59.0 57.0 
50.0 60.0 60.0 59.0 
302.0 121.0 67.0 82.0 
56.0 56.0 58.0 61.0 
54.0 56.0 60.0 59.0 
52.0 59.0 60.0 61.0 
287.0 113.0 70.0 76.0 
50.0 60.0 57.0 63.0 
49.0 60.0 58.0 61.0 
55.0 56.0 62.0 59.0 
277.0 116.0 68.0 80.0 
52.0 57.0 59.0 58.0 
50.0 61.0 56.0 62.0 
52.0 58.0 60.0 60.0 
275.0 114.0 68.0 80.0 
56.0 54.0 62.0 57.0 
49.0 60.0 58.0 60.0 
49.0 61.0 57.0 63.0 
266.0 107.0 67.0 77.0 
56.0 56.0 59.0 61.0 
52.0 60.0 58.0 60.0 
53.0 60.0 58.0 62.0 
260.0 107.0 67.0 75.0 
51.0 58.0 59.0 60.0 
55.0 57.0 60.0 59.0 
51.0 59.0 60.0 60.0 
257.0 106.0 68.0 77.0 
57.0 56.0 62.0 58.0 
55.0 55.0 62.0 57.0 
49.0 61.0 58.0 63.0 
241.0 98.0 69.0 74.0 
55.0 56.0 61.0 57.0 
53.0 60.0 58.0 61.0 
54.0 58.0 60.0 60.0 
241.0 97.0 69.0 73.0 
50.0 59.0 57.0 60.0 
55.0 56.0 61.0 58.0 
51.0 60.0 59.0 61.0 
233.0 93.0 69.0 76.0 
57.0 56.0 59.0 62.0 
53.0 56.0 61.0 57.0 
51.0 58.0 61.0 57.0 
222.0 94.0 68.0 73.0 
52.0 59.0 59.0 58.0 
53.0 57.0 60.0 59.0 
54.0 59.0 60.0 60.0 
212.0 88.0 67.0 73.0 
55.0 58.0 57.0 63.0 
54.0 58.0 60.0 63.0 
55.0 58.0 60.0 58.0 
212.0 88.0 68.0 74.0 
57.0 56.0 60.0 59.0 
51.0 61.0 58.0 60.0 
51.0 63.0 57.0 63.0 
208.0 87.0 68.0 73.0 
58.0 55.0 62.0 57.0 
51.0 60.0 60.0 60.0 
53.0 61.0 58.0 60.0 
208.0 89.0 67.0 73.0 
53.0 61.0 56.0 59.0 
52.0 59.0 58.0 60.0 
57.0 56.0 61.0 59.0 
202.0 90.0 66.0 74.0 
57.0 57.0 59.0 59.0 
58.0 57.0 62.0 57.0 
52.0 61.0 58.0 62.0 
193.0 89.0 66.0 74.0 
58.0 57.0 60.0 59.0 
58.0 55.0 61.0 58.0 
52.0 62.0 57.0 61.0 
183.0 83.0 67.0 71.0 
59.0 56.0 61.0 57.0 
59.0 57.0 62.0 59.0 
58.0 58.0 60.0 60.0 
191.0 84.0 69.0 69.0 
52.0 59.0 61.0 57.0 
57.0 58.0 60.0 64.0 
58.0 56.0 61.0 60.0 
194.0 84.0 68.0 67.0 
52.0 60.0 59.0 59.0 
54.0 59.0 58.0 60.0 
54.0 59.0 58.0 63.0 
200.0 83.0 68.0 69.0 
53.0 60.0 58.0 60.0 
52.0 61.0 58.0 62.0 
58.0 57.0 63.0 58.0 
190.0 87.0 65.0 73.0 
57.0 57.0 59.0 58.0 
51.0 61.0 58.0 62.0 
55.0 59.0 61.0 60.0 
190.0 83.0 67.0 71.0 
57.0 55.0 62.0 57.0 
53.0 59.0 60.0 60.0 
56.0 59.0 58.0 62.0 
197.0 81.0 67.0 70.0 
55.0 58.0 61.0 57.0 
55.0 58.0 61.0 58.0 
55.0 58.0 59.0 61.0 
196.0 83.0 68.0 71.0 
54.0 58.0 59.0 59.0 
53.0 60.0 59.0 62.0 
59.0 57.0 62.0 58.0 
192.0 88.0 65.0 72.0 
58.0 56.0 61.0 59.0 
57.0 56.0 61.0 58.0 
55.0 58.0 60.0 59.0 
199.0 84.0 67.0 70.0 
52.0 61.0 58.0 60.0 
58.0 56.0 61.0 59.0 
57.0 56.0 63.0 57.0 
199.0 89.0 65.0 71.0 
53.0 58.0 59.0 59.0 
52.0 58.0 62.0 57.0 
52.0 58.0 62.0 59.0 
203.0 84.0 64.0 71.0 
57.0 56.0 61.0 58.0 
58.0 55.0 61.0 58.0 
52.0 61.0 58.0 61.0 
200.0 89.0 63.0 71.0 
54.0 58.0 59.0 60.0 
55.0 55.0 62.0 58.0 
51.0 61.0 60.0 60.0 
204.0 88.0 65.0 67.0 
55.0 58.0 59.0 60.0 
57.0 55.0 63.0 58.0 
56.0 58.0 61.0 59.0 
207.0 87.0 67.0 70.0 
57.0 55.0 62.0 59.0 
51.0 61.0 58.0 61.0 
53.0 60.0 60.0 62.0 
205.0 90.0 64.0 69.0 
54.0 61.0 57.0 58.0 
55.0 55.0 60.0 61.0 
58.0 57.0 60.0 62.0 
206.0 90.0 62.0 72.0 
58.0 56.0 60.0 60.0 
51.0 61.0 59.0 61.0 
56.0 57.0 62.0 58.0 
206.0 90.0 65.0 69.0 
54.0 57.0 60.0 56.0 
55.0 55.0 62.0 57.0 
51.0 62.0 58.0 63.0 
207.0 90.0 65.0 69.0 
52.0 60.0 56.0 62.0 
57.0 56.0 63.0 58.0 
56.0 58.0 61.0 59.0 
207.0 90.0 67.0 70.0 
58.0 55.0 63.0 56.0 
52.0 60.0 60.0 61.0 
55.0 58.0 58.0 62.0 
205.0 93.0 64.0 74.0 
54.0 61.0 57.0 61.0 
57.0 56.0 60.0 61.0 
53.0 60.0 60.0 60.0 
205.0 92.0 66.0 70.0 
55.0 58.0 56.0 62.0 
54.0 59.0 60.0 60.0 
55.0 59.0 61.0 60.0 
208.0 88.0 68.0 68.0 
52.0 60.0 58.0 60.0 
52.0 59.0 59.0 62.0 
57.0 56.0 63.0 58.0 
208.0 90.0 67.0 70.0 
57.0 56.0 61.0 59.0 
52.0 60.0 58.0 61.0 
54.0 60.0 58.0 63.0 
209.0 89.0 71.0 69.0 
54.0 58.0 58.0 62.0 
54.0 62.0 57.0 61.0 
52.0 61.0 58.0 60.0 
205.0 90.0 71.0 70.0 
53.0 60.0 58.0 60.0 
53.0 60.0 60.0 61.0 
58.0 57.0 61.0 58.0 
204.0 94.0 66.0 74.0 
58.0 55.0 62.0 58.0 
54.0 59.0 60.0 59.0 
55.0 59.0 61.0 61.0 
207.0 93.0 66.0 75.0 
57.0 55.0 61.0 56.0 
53.0 58.0 60.0 62.0 
57.0 57.0 62.0 58.0 
210.0 89.0 70.0 71.0 
53.0 58.0 58.0 59.0 
51.0 61.0 58.0 63.0 
53.0 59.0 59.0 61.0 
205.0 93.0 68.0 70.0 
52.0 59.0 60.0 56.0 
57.0 56.0 63.0 59.0 
52.0 59.0 61.0 59.0 
205.0 91.0 68.0 70.0 
55.0 58.0 59.0 60.0 
57.0 57.0 63.0 59.0 
52.0 59.0 58.0 64.0 
205.0 94.0 66.0 75.0 
55.0 57.0 59.0 59.0 
51.0 61.0 58.0 63.0 
55.0 58.0 61.0 59.0 
207.0 91.0 68.0 73.0 
58.0 55.0 62.0 57.0 
59.0 56.0 62.0 59.0 
57.0 57.0 62.0 57.0 
208.0 88.0 67.0 68.0 
56.0 57.0 59.0 59.0 
57.0 57.0 60.0 60.0 
54.0 57.0 61.0 59.0 
203.0 92.0 63.0 68.0 
56.0 58.0 59.0 61.0 
55.0 58.0 60.0 59.0 
50.0 62.0 58.0 63.0 
203.0 90.0 63.0 70.0 
58.0 55.0 62.0 57.0 
54.0 59.0 60.0 58.0 
55.0 60.0 58.0 62.0 
207.0 89.0 64.0 68.0 
58.0 55.0 62.0 56.0 
55.0 59.0 61.0 59.0 
51.0 62.0 58.0 61.0 
205.0 91.0 64.0 68.0 
51.0 59.0 59.0 60.0 
58.0 56.0 61.0 60.0 
57.0 57.0 62.0 58.0 
202.0 91.0 63.0 68.0 
55.0 59.0 57.0 62.0 
52.0 58.0 63.0 58.0 
52.0 59.0 60.0 58.0 
205.0 90.0 63.0 69.0 
52.0 59.0 57.0 56.0 
52.0 60.0 58.0 62.0 
57.0 58.0 59.0 61.0 
203.0 93.0 61.0 71.0 
57.0 55.0 61.0 57.0 
57.0 59.0 60.0 60.0 
55.0 58.0 61.0 59.0 
206.0 91.0 64.0 68.0 
55.0 57.0 60.0 58.0 
55.0 58.0 58.0 62.0 
58.0 56.0 61.0 61.0 
206.0 91.0 65.0 68.0 
52.0 59.0 58.0 59.0 
58.0 57.0 62.0 58.0 
51.0 61.0 58.0 61.0 
207.0 92.0 61.0 70.0 
56.0 60.0 58.0 59.0 
54.0 57.0 62.0 58.0 
52.0 60.0 60.0 60.0 
208.0 89.0 67.0 67.0 
56.0 57.0 61.0 58.0 
53.0 59.0 60.0 60.0 
55.0 59.0 59.0 60.0 
204.0 94.0 63.0 72.0 
57.0 55.0 62.0 56.0 
53.0 58.0 61.0 60.0 
56.0 58.0 62.0 59.0 
208.0 92.0 65.0 69.0 
59.0 56.0 62.0 57.0 
52.0 60.0 59.0 63.0 
55.0 59.0 60.0 61.0 
203.0 93.0 61.0 72.0 
59.0 55.0 61.0 62.0 
58.0 56.0 62.0 61.0 
57.0 58.0 60.0 63.0 
208.0 89.0 66.0 69.0 
53.0 57.0 61.0 58.0 
55.0 59.0 58.0 64.0 
56.0 57.0 63.0 58.0 
207.0 91.0 62.0 72.0 
56.0 56.0 62.0 56.0 
55.0 57.0 61.0 61.0 
56.0 59.0 60.0 60.0 
208.0 91.0 64.0 70.0 
55.0 58.0 61.0 57.0 
54.0 60.0 60.0 60.0 
57.0 57.0 62.0 58.0 
204.0 93.0 64.0 70.0 
52.0 61.0 57.0 62.0 
57.0 57.0 62.0 57.0 
54.0 59.0 60.0 61.0 
203.0 92.0 63.0 69.0 
54.0 55.0 61.0 59.0 
56.0 55.0 61.0 60.0 
54.0 58.0 63.0 58.0 
207.0 90.0 65.0 67.0 
52.0 60.0 58.0 60.0 
51.0 60.0 59.0 61.0 
56.0 58.0 60.0 60.0 
206.0 88.0 64.0 67.0 
53.0 59.0 58.0 60.0 
52.0 60.0 59.0 62.0 
57.0 59.0 62.0 58.0 
204.0 91.0 62.0 71.0 
55.0 60.0 58.0 57.0 
57.0 56.0 63.0 58.0 
57.0 57.0 62.0 60.0 
204.0 91.0 62.0 71.0 
55.0 58.0 60.0 59.0 
55.0 60.0 61.0 59.0 
55.0 60.0 58.0 62.0 
206.0 91.0 61.0 70.0 
54.0 59.0 59.0 58.0 
58.0 56.0 60.0 61.0 
58.0 57.0 61.0 59.0 
202.0 93.0 62.0 73.0 
55.0 57.0 60.0 59.0 
51.0 61.0 57.0 63.0 
57.0 57.0 61.0 60.0 
205.0 91.0 64.0 69.0 
52.0 61.0 57.0 63.0 
56.0 58.0 62.0 59.0 
52.0 60.0 59.0 61.0 
205.0 89.0 64.0 70.0 
52.0 59.0 58.0 60.0 
52.0 60.0 58.0 63.0 
53.0 60.0 58.0 62.0 
208.0 88.0 67.0 67.0 
54.0 60.0 58.0 62.0 
54.0 62.0 59.0 60.0 
53.0 61.0 59.0 60.0 
202.0 90.0 65.0 69.0 
54.0 59.0 58.0 63.0 
56.0 56.0 60.0 59.0 
52.0 61.0 60.0 61.0 
203.0 94.0 63.0 73.0 
55.0 58.0 59.0 58.0 
52.0 60.0 60.0 59.0 
54.0 59.0 59.0 62.0 
207.0 89.0 68.0 68.0 
52.0 59.0 58.0 62.0 
51.0 62.0 58.0 61.0 
52.0 61.0 59.0 62.0 
205.0 92.0 65.0 71.0 
57.0 56.0 61.0 58.0 
53.0 60.0 59.0 61.0 
58.0 57.0 62.0 60.0 
200.0 93.0 64.0 71.0 
54.0 60.0 59.0 59.0 
54.0 59.0 61.0 59.0 
51.0 62.0 58.0 61.0 
206.0 90.0 67.0 68.0 
57.0 56.0 59.0 59.0 
57.0 57.0 59.0 62.0 
55.0 56.0 62.0 58.0 
206.0 90.0 65.0 70.0 
58.0 57.0 60.0 59.0 
53.0 58.0 60.0 60.0 
55.0 58.0 60.0 60.0 
205.0 90.0 65.0 69.0 
53.0 59.0 58.0 59.0 
58.0 55.0 63.0 58.0 
57.0 57.0 63.0 58.0 
203.0 92.0 63.0 72.0 
56.0 57.0 62.0 57.0 
53.0 58.0 61.0 57.0 
52.0 60.0 61.0 59.0 
205.0 91.0 63.0 73.0 
58.0 56.0 61.0 61.0 
57.0 59.0 60.0 61.0 
55.0 58.0 61.0 61.0 
204.0 91.0 65.0 74.0 
58.0 56.0 60.0 60.0 
52.0 61.0 60.0 60.0 
55.0 58.0 61.0 59.0 
201.0 93.0 62.0 71.0 
57.0 56.0 61.0 59.0 
58.0 57.0 61.0 58.0 
52.0 62.0 58.0 63.0 
203.0 89.0 67.0 69.0 
54.0 58.0 59.0 59.0 
54.0 58.0 60.0 61.0 
55.0 59.0 61.0 60.0 
205.0 88.0 66.0 68.0 
51.0 60.0 58.0 59.0 
53.0 57.0 62.0 59.0 
53.0 57.0 63.0 58.0 
202.0 91.0 64.0 72.0 
53.0 60.0 57.0 62.0 
58.0 56.0 61.0 57.0 
52.0 61.0 58.0 63.0 
203.0 91.0 63.0 72.0 
55.0 57.0 60.0 59.0 
52.0 60.0 60.0 60.0 
57.0 57.0 61.0 60.0 
203.0 88.0 67.0 68.0 
55.0 58.0 58.0 60.0 
57.0 55.0 62.0 60.0 
56.0 58.0 62.0 59.0 
204.0 90.0 64.0 71.0 
56.0 57.0 60.0 59.0 
51.0 61.0 58.0 63.0 
55.0 58.0 62.0 57.0 
204.0 90.0 63.0 72.0 
56.0 57.0 57.0 61.0 
57.0 56.0 61.0 63.0 
56.0 57.0 60.0 59.0 
203.0 90.0 65.0 69.0 
53.0 59.0 59.0 58.0 
53.0 58.0 61.0 60.0 
55.0 59.0 60.0 61.0 
201.0 90.0 64.0 70.0 
58.0 57.0 61.0 56.0 
53.0 60.0 58.0 62.0 
56.0 58.0 60.0 61.0 
200.0 90.0 64.0 72.0 
54.0 58.0 60.0 58.0 
52.0 61.0 58.0 63.0 
52.0 60.0 59.0 62.0 
199.0 93.0 64.0 74.0 
57.0 55.0 60.0 58.0 
52.0 60.0 60.0 59.0 
52.0 61.0 60.0 58.0 
204.0 89.0 66.0 71.0 
53.0 58.0 60.0 58.0 
53.0 60.0 59.0 61.0 
57.0 56.0 61.0 59.0 
202.0 88.0 66.0 70.0 
53.0 59.0 58.0 61.0 
53.0 60.0 57.0 63.0 
57.0 56.0 62.0 59.0 
201.0 90.0 66.0 71.0 
58.0 58.0 60.0 62.0 
55.0 57.0 63.0 58.0 
57.0 57.0 62.0 58.0 
203.0 89.0 68.0 69.0 
55.0 56.0 60.0 58.0 
54.0 59.0 59.0 61.0 
52.0 60.0 59.0 62.0 
201.0 90.0 66.0 73.0 
58.0 56.0 59.0 63.0 
51.0 61.0 60.0 58.0 
51.0 61.0 59.0 60.0 
204.0 88.0 68.0 69.0 
52.0 61.0 57.0 61.0 
58.0 58.0 60.0 63.0 
58.0 57.0 61.0 59.0 
202.0 91.0 66.0 73.0 
55.0 58.0 61.0 59.0 
54.0 59.0 62.0 57.0 
53.0 62.0 58.0 64.0 
202.0 91.0 67.0 73.0 
57.0 57.0 61.0 57.0 
56.0 58.0 61.0 59.0 
52.0 60.0 59.0 60.0 
204.0 89.0 68.0 71.0 
57.0 56.0 61.0 57.0 
55.0 58.0 63.0 58.0 
53.0 61.0 60.0 62.0 
204.0 88.0 67.0 74.0 
58.0 56.0 60.0 60.0 
53.0 61.0 59.0 62.0 
57.0 57.0 61.0 59.0 
198.0 93.0 65.0 73.0 
56.0 54.0 62.0 62.0 
55.0 58.0 61.0 58.0 
55.0 59.0 61.0 61.0 
199.0 93.0 64.0 74.0 
57.0 57.0 60.0 59.0 
55.0 59.0 60.0 61.0 
50.0 62.0 59.0 63.0 
202.0 91.0 65.0 74.0 
56.0 58.0 59.0 60.0 
54.0 59.0 60.0 59.0 
54.0 60.0 60.0 61.0 
200.0 90.0 66.0 72.0 
54.0 58.0 58.0 58.0 
54.0 56.0 62.0 58.0 
53.0 59.0 63.0 57.0 
201.0 88.0 69.0 70.0 
55.0 55.0 60.0 59.0 
55.0 61.0 58.0 61.0 
56.0 59.0 59.0 63.0 
202.0 90.0 66.0 74.0 
55.0 57.0 59.0 60.0 
54.0 59.0 60.0 60.0 
55.0 59.0 58.0 63.0 
202.0 90.0 67.0 71.0 
54.0 58.0 59.0 60.0 
52.0 61.0 58.0 63.0 
54.0 59.0 59.0 60.0 
200.0 91.0 66.0 74.0 
56.0 58.0 59.0 60.0 
54.0 58.0 59.0 60.0 
51.0 62.0 58.0 62.0 
203.0 88.0 69.0 70.0 
53.0 57.0 61.0 61.0 
57.0 56.0 59.0 60.0 
53.0 58.0 60.0 59.0 
200.0 92.0 65.0 72.0 
56.0 57.0 60.0 59.0 
53.0 62.0 58.0 63.0 
55.0 57.0 62.0 58.0 
202.0 89.0 67.0 71.0 
56.0 58.0 60.0 60.0 
57.0 56.0 62.0 57.0 
51.0 61.0 60.0 61.0 
202.0 88.0 67.0 68.0 
55.0 57.0 58.0 58.0 
56.0 58.0 60.0 60.0 
56.0 56.0 62.0 58.0 
202.0 90.0 65.0 73.0 
55.0 57.0 59.0 60.0 
52.0 60.0 58.0 61.0 
57.0 58.0 60.0 63.0 
200.0 91.0 67.0 70.0 
52.0 60.0 59.0 59.0 
57.0 56.0 61.0 60.0 
51.0 61.0 57.0 63.0 
201.0 90.0 66.0 71.0 
53.0 59.0 58.0 61.0 
54.0 59.0 60.0 60.0 
53.0 59.0 63.0 57.0 
200.0 92.0 64.0 74.0 
53.0 59.0 58.0 61.0 
53.0 59.0 59.0 60.0 
51.0 62.0 58.0 65.0 
201.0 89.0 67.0 71.0 
57.0 56.0 62.0 59.0 
51.0 61.0 58.0 62.0 
54.0 60.0 59.0 61.0 
200.0 91.0 66.0 72.0 
57.0 57.0 57.0 62.0 
55.0 56.0 61.0 60.0 
55.0 57.0 61.0 59.0 
201.0 88.0 70.0 69.0 
55.0 61.0 59.0 60.0 
52.0 60.0 59.0 61.0 
57.0 57.0 62.0 58.0 
201.0 90.0 66.0 74.0 
57.0 56.0 61.0 57.0 
57.0 55.0 62.0 58.0 
50.0 61.0 59.0 61.0 
197.0 92.0 66.0 73.0 
56.0 57.0 60.0 59.0 
53.0 59.0 61.0 60.0 
52.0 60.0 60.0 61.0 
203.0 86.0 68.0 70.0 
53.0 61.0 56.0 62.0 
55.0 58.0 60.0 61.0 
56.0 58.0 61.0 61.0 
204.0 89.0 66.0 75.0 
56.0 58.0 58.0 61.0 
52.0 59.0 61.0 58.0 
51.0 61.0 61.0 60.0 
198.0 91.0 64.0 73.0 
55.0 57.0 62.0 58.0 
57.0 58.0 61.0 61.0 
53.0 59.0 61.0 58.0 
197.0 93.0 64.0 73.0 
57.0 56.0 61.0 61.0 
58.0 56.0 62.0 59.0 
51.0 62.0 60.0 63.0 
201.0 90.0 65.0 73.0 
55.0 58.0 59.0 62.0 
53.0 61.0 58.0 63.0 
55.0 60.0 59.0 62.0 
197.0 92.0 64.0 73.0 
55.0 57.0 61.0 57.0 
55.0 58.0 63.0 59.0 
53.0 60.0 62.0 58.0 
201.0 87.0 69.0 69.0 
52.0 59.0 58.0 59.0 
54.0 57.0 59.0 58.0 
54.0 59.0 61.0 62.0 
202.0 90.0 64.0 74.0 
58.0 55.0 61.0 58.0 
58.0 55.0 62.0 58.0 
53.0 60.0 59.0 62.0 
199.0 92.0 65.0 72.0 
52.0 61.0 57.0 62.0 
58.0 55.0 63.0 57.0 
54.0 59.0 60.0 59.0 
197.0 92.0 65.0 71.0 
52.0 60.0 57.0 61.0 
58.0 57.0 62.0 60.0 
57.0 57.0 62.0 58.0 
201.0 90.0 66.0 74.0 
57.0 56.0 59.0 61.0 
53.0 61.0 58.0 60.0 
55.0 59.0 60.0 62.0 
200.0 89.0 67.0 71.0 
53.0 61.0 56.0 56.0 
54.0 59.0 58.0 63.0 
54.0 59.0 60.0 60.0 
204.0 87.0 68.0 69.0 
51.0 59.0 57.0 62.0 
55.0 59.0 59.0 63.0 
55.0 57.0 63.0 58.0 
203.0 92.0 65.0 72.0 
53.0 59.0 57.0 62.0 
55.0 58.0 60.0 60.0 
53.0 61.0 60.0 60.0 
201.0 90.0 67.0 69.0 
54.0 60.0 59.0 59.0 
58.0 56.0 62.0 58.0 
52.0 62.0 58.0 62.0 
203.0 88.0 67.0 72.0 
58.0 55.0 60.0 59.0 
57.0 57.0 59.0 62.0 
56.0 58.0 62.0 58.0 
199.0 92.0 65.0 73.0 
56.0 58.0 59.0 59.0 
52.0 60.0 58.0 63.0 
54.0 59.0 61.0 59.0 
198.0 92.0 65.0 72.0 
57.0 57.0 60.0 59.0 
51.0 61.0 58.0 64.0 
55.0 58.0 60.0 61.0 
202.0 88.0 67.0 68.0 
54.0 58.0 59.0 59.0 
58.0 56.0 62.0 59.0 
55.0 57.0 62.0 59.0 
197.0 93.0 64.0 73.0 
56.0 56.0 61.0 62.0 
57.0 56.0 62.0 59.0 
54.0 56.0 62.0 59.0 
202.0 87.0 67.0 70.0 
54.0 58.0 61.0 58.0 
55.0 59.0 58.0 63.0 
55.0 58.0 60.0 57.0 
201.0 90.0 65.0 73.0 
55.0 56.0 61.0 56.0 
53.0 60.0 59.0 60.0 
57.0 59.0 58.0 62.0 
203.0 88.0 67.0 70.0 
52.0 60.0 59.0 60.0 
52.0 61.0 57.0 63.0 
54.0 59.0 59.0 63.0 
197.0 92.0 66.0 72.0 
52.0 60.0 57.0 62.0 
55.0 59.0 61.0 60.0 
51.0 60.0 59.0 62.0 
200.0 91.0 65.0 72.0 
56.0 57.0 58.0 60.0 
57.0 58.0 58.0 60.0 
54.0 60.0 58.0 63.0 
198.0 91.0 65.0 71.0 
57.0 57.0 60.0 58.0 
58.0 57.0 61.0 61.0 
54.0 57.0 62.0 58.0 
198.0 91.0 65.0 71.0 
54.0 59.0 57.0 62.0 
54.0 62.0 59.0 62.0 
57.0 58.0 60.0 60.0 
197.0 92.0 64.0 74.0 
54.0 58.0 59.0 57.0 
55.0 58.0 60.0 60.0 
52.0 62.0 58.0 63.0 
200.0 89.0 68.0 70.0 
52.0 60.0 58.0 59.0 
52.0 61.0 58.0 63.0 
58.0 57.0 61.0 61.0 
199.0 87.0 68.0 71.0 
55.0 56.0 61.0 57.0 
57.0 56.0 59.0 61.0 
56.0 58.0 62.0 59.0 
197.0 91.0 64.0 73.0 
56.0 57.0 59.0 61.0 
55.0 59.0 60.0 63.0 
55.0 57.0 63.0 57.0 
198.0 89.0 67.0 68.0 
54.0 61.0 58.0 62.0 
55.0 58.0 62.0 59.0 
51.0 62.0 58.0 63.0 
202.0 87.0 68.0 68.0 
53.0 60.0 57.0 61.0 
53.0 60.0 58.0 63.0 
54.0 59.0 60.0 62.0 
196.0 91.0 64.0 74.0 
57.0 55.0 61.0 57.0 
57.0 58.0 60.0 62.0 
57.0 58.0 59.0 65.0 
197.0 90.0 66.0 69.0 
54.0 60.0 57.0 61.0 
54.0 61.0 59.0 63.0 
55.0 58.0 60.0 60.0 
197.0 91.0 65.0 74.0 
55.0 56.0 61.0 60.0 
53.0 59.0 59.0 61.0 
57.0 59.0 60.0 60.0 
197.0 91.0 65.0 73.0 
59.0 56.0 61.0 57.0 
54.0 59.0 61.0 59.0 
52.0 61.0 59.0 62.0 
202.0 87.0 68.0 70.0 
57.0 56.0 61.0 55.0 
52.0 61.0 57.0 63.0 
54.0 58.0 61.0 59.0 
200.0 89.0 68.0 68.0 
53.0 58.0 61.0 57.0 
58.0 55.0 61.0 61.0 
55.0 57.0 62.0 59.0 
199.0 90.0 66.0 69.0 
54.0 61.0 57.0 63.0 
55.0 59.0 60.0 60.0 
52.0 60.0 58.0 62.0 
197.0 92.0 63.0 73.0 
55.0 59.0 57.0 62.0 
55.0 59.0 61.0 60.0 
57.0 58.0 62.0 60.0 
202.0 89.0 65.0 70.0 
57.0 56.0 61.0 58.0 
51.0 61.0 57.0 62.0 
53.0 61.0 58.0 63.0 
201.0 89.0 63.0 71.0 
57.0 55.0 61.0 57.0 
55.0 58.0 61.0 58.0 
52.0 61.0 59.0 61.0 
202.0 86.0 65.0 67.0 
52.0 59.0 59.0 59.0 
53.0 59.0 59.0 61.0 
58.0 57.0 62.0 58.0 
200.0 90.0 62.0 73.0 
59.0 56.0 61.0 58.0 
54.0 59.0 58.0 61.0 
54.0 58.0 61.0 59.0 
197.0 92.0 62.0 72.0 
58.0 55.0 62.0 57.0 
52.0 59.0 60.0 62.0 
58.0 57.0 61.0 60.0 
200.0 89.0 65.0 69.0 
52.0 60.0 58.0 60.0 
58.0 58.0 61.0 60.0 
56.0 58.0 62.0 57.0 
200.0 89.0 65.0 68.0 
54.0 61.0 56.0 61.0 
52.0 59.0 61.0 57.0 
53.0 59.0 63.0 58.0 
199.0 93.0 61.0 69.0 
51.0 60.0 57.0 62.0 
57.0 58.0 62.0 57.0 
52.0 62.0 59.0 61.0 
203.0 86.0 64.0 68.0 
52.0 60.0 58.0 62.0 
54.0 58.0 59.0 62.0 
58.0 57.0 63.0 57.0 
199.0 88.0 63.0 70.0 
58.0 56.0 61.0 58.0 
54.0 59.0 59.0 62.0 
55.0 58.0 61.0 61.0 
201.0 88.0 65.0 67.0 
54.0 58.0 60.0 61.0 
57.0 58.0 60.0 60.0 
55.0 59.0 59.0 62.0 
197.0 89.0 63.0 68.0 
52.0 59.0 62.0 57.0 
52.0 62.0 58.0 61.0 
53.0 59.0 58.0 62.0 
202.0 87.0 65.0 68.0 
53.0 60.0 59.0 59.0 
51.0 60.0 58.0 61.0 
58.0 56.0 63.0 59.0 
197.0 90.0 64.0 68.0 
54.0 61.0 57.0 61.0 
53.0 61.0 58.0 61.0 
57.0 57.0 62.0 58.0 
198.0 89.0 63.0 67.0 
52.0 58.0 59.0 59.0 
55.0 58.0 60.0 61.0 
57.0 59.0 60.0 61.0 
199.0 90.0 63.0 70.0 
52.0 60.0 58.0 61.0 
56.0 58.0 58.0 62.0 
56.0 58.0 57.0 60.0 
198.0 89.0 65.0 67.0 
51.0 59.0 60.0 57.0 
55.0 55.0 62.0 58.0 
52.0 60.0 60.0 60.0 
197.0 90.0 63.0 69.0 
55.0 58.0 58.0 62.0 
53.0 59.0 58.0 62.0 
54.0 59.0 61.0 58.0 
199.0 90.0 62.0 72.0 
59.0 56.0 61.0 62.0 
55.0 57.0 63.0 57.0 
55.0 59.0 60.0 59.0 
198.0 91.0 62.0 71.0 
55.0 58.0 59.0 61.0 
53.0 61.0 59.0 62.0 
56.0 57.0 61.0 59.0 
199.0 90.0 63.0 69.0 
55.0 62.0 58.0 60.0 
55.0 57.0 62.0 59.0 
53.0 59.0 60.0 60.0 
197.0 90.0 62.0 69.0 
57.0 57.0 59.0 60.0 
55.0 58.0 60.0 63.0 
54.0 59.0 61.0 58.0 
203.0 86.0 65.0 69.0 
51.0 61.0 57.0 63.0 
51.0 61.0 57.0 63.0 
57.0 56.0 63.0 58.0 
202.0 86.0 66.0 67.0 
55.0 59.0 59.0 60.0 
58.0 56.0 63.0 58.0 
56.0 58.0 61.0 58.0 
201.0 87.0 66.0 66.0 
55.0 57.0 60.0 59.0 
57.0 55.0 62.0 57.0 
52.0 61.0 60.0 61.0 
201.0 87.0 64.0 69.0 
54.0 58.0 61.0 57.0 
53.0 57.0 58.0 58.0 
55.0 58.0 61.0 60.0 
201.0 89.0 63.0 68.0 
52.0 58.0 58.0 58.0 
53.0 61.0 58.0 62.0 
57.0 56.0 62.0 59.0 
200.0 89.0 62.0 72.0 
55.0 57.0 59.0 57.0 
57.0 58.0 62.0 58.0 
52.0 62.0 58.0 62.0 
196.0 91.0 62.0 71.0 
56.0 58.0 58.0 61.0 
55.0 57.0 62.0 58.0 
53.0 59.0 59.0 59.0 
200.0 88.0 65.0 67.0 
52.0 60.0 59.0 59.0 
53.0 57.0 61.0 58.0 
53.0 59.0 62.0 59.0 
196.0 90.0 62.0 69.0 
56.0 57.0 60.0 57.0 
56.0 57.0 61.0 60.0 
56.0 58.0 60.0 62.0 
202.0 85.0 66.0 67.0 
53.0 60.0 58.0 61.0 
57.0 57.0 60.0 60.0 
53.0 59.0 61.0 59.0 
201.0 89.0 63.0 70.0 
53.0 61.0 58.0 61.0 
55.0 58.0 61.0 58.0 
54.0 60.0 59.0 61.0 
200.0 89.0 64.0 70.0 
56.0 57.0 58.0 60.0 
53.0 59.0 59.0 60.0 
53.0 60.0 59.0 61.0 
199.0 88.0 66.0 67.0 
52.0 58.0 61.0 63.0 
59.0 56.0 61.0 62.0 
56.0 57.0 61.0 58.0 
197.0 91.0 64.0 70.0 
57.0 56.0 61.0 58.0 
52.0 62.0 60.0 61.0 
55.0 58.0 60.0 62.0 
198.0 88.0 67.0 67.0 
52.0 60.0 58.0 61.0 
51.0 61.0 59.0 60.0 
56.0 58.0 60.0 61.0 
201.0 86.0 66.0 66.0 
57.0 56.0 61.0 57.0 
53.0 60.0 58.0 63.0 
54.0 59.0 59.0 62.0 
201.0 87.0 66.0 67.0 
55.0 58.0 60.0 59.0 
57.0 57.0 60.0 61.0 
56.0 56.0 61.0 61.0 
202.0 88.0 63.0 72.0 
55.0 60.0 58.0 61.0 
57.0 59.0 60.0 62.0 
56.0 57.0 62.0 58.0 
200.0 87.0 66.0 68.0 
52.0 59.0 58.0 59.0 
51.0 60.0 58.0 62.0 
58.0 56.0 63.0 59.0 
197.0 89.0 64.0 69.0 
54.0 59.0 57.0 62.0 
54.0 61.0 58.0 63.0 
55.0 58.0 60.0 60.0 
200.0 86.0 66.0 68.0 
55.0 57.0 61.0 62.0 
53.0 61.0 58.0 63.0 
55.0 61.0 60.0 63.0 
198.0 89.0 64.0 69.0 
55.0 59.0 58.0 61.0 
57.0 58.0 60.0 63.0 
57.0 57.0 62.0 60.0 
198.0 91.0 63.0 70.0 
56.0 58.0 59.0 62.0 
54.0 61.0 58.0 63.0 
57.0 56.0 62.0 58.0 
196.0 91.0 63.0 71.0 
57.0 57.0 60.0 58.0 
58.0 56.0 62.0 60.0 
52.0 60.0 60.0 60.0 
202.0 86.0 66.0 68.0 
52.0 60.0 58.0 62.0 
55.0 59.0 60.0 61.0 
53.0 60.0 59.0 61.0 
202.0 86.0 66.0 67.0 
54.0 60.0 58.0 62.0 
55.0 58.0 60.0 59.0 
55.0 60.0 58.0 63.0 
201.0 87.0 63.0 72.0 
57.0 58.0 60.0 62.0 
53.0 61.0 57.0 62.0 
56.0 59.0 60.0 61.0 
201.0 86.0 67.0 68.0 
52.0 60.0 58.0 60.0 
52.0 59.0 58.0 63.0 
54.0 60.0 61.0 60.0 
200.0 88.0 64.0 69.0 
53.0 60.0 57.0 57.0 
55.0 58.0 59.0 61.0 
54.0 60.0 59.0 62.0 
198.0 89.0 62.0 73.0 
55.0 59.0 59.0 59.0 
53.0 61.0 59.0 62.0 
55.0 60.0 59.0 61.0 
198.0 88.0 65.0 70.0 
58.0 56.0 61.0 57.0 
58.0 57.0 60.0 61.0 
58.0 57.0 61.0 64.0 
199.0 87.0 64.0 69.0 
53.0 57.0 62.0 57.0 
55.0 58.0 60.0 60.0 
55.0 59.0 61.0 61.0 
200.0 87.0 65.0 68.0 
52.0 60.0 57.0 62.0 
54.0 60.0 58.0 63.0 
58.0 57.0 62.0 59.0 
196.0 91.0 63.0 70.0 
52.0 61.0 57.0 61.0 
55.0 58.0 60.0 60.0 
57.0 57.0 63.0 59.0 
201.0 87.0 64.0 67.0 
54.0 58.0 60.0 60.0 
56.0 57.0 60.0 60.0 
57.0 57.0 62.0 59.0 
198.0 87.0 65.0 66.0 
52.0 60.0 58.0 57.0 
55.0 55.0 61.0 59.0 
54.0 59.0 63.0 59.0 
197.0 87.0 64.0 67.0 
55.0 58.0 59.0 61.0 
58.0 57.0 60.0 59.0 
52.0 60.0 60.0 61.0 
197.0 87.0 65.0 68.0 
57.0 57.0 61.0 59.0 
52.0 63.0 59.0 61.0 
58.0 57.0 61.0 58.0 
197.0 88.0 64.0 68.0 
52.0 60.0 57.0 60.0 
57.0 58.0 61.0 60.0 
57.0 57.0 62.0 60.0 
196.0 88.0 64.0 68.0 
52.0 61.0 57.0 60.0 
57.0 56.0 61.0 58.0 
52.0 62.0 59.0 61.0 
196.0 91.0 63.0 69.0 
54.0 57.0 58.0 62.0 
52.0 61.0 57.0 62.0 
57.0 56.0 62.0 58.0 
198.0 86.0 65.0 67.0 
58.0 56.0 61.0 58.0 
52.0 60.0 59.0 62.0 
58.0 56.0 63.0 58.0 
195.0 89.0 64.0 69.0 
54.0 61.0 58.0 60.0 
52.0 61.0 58.0 61.0 
57.0 56.0 61.0 59.0 
197.0 87.0 63.0 68.0 
57.0 56.0 62.0 57.0 
53.0 60.0 59.0 62.0 
56.0 58.0 60.0 60.0 
198.0 87.0 63.0 68.0 
56.0 57.0 60.0 60.0 
57.0 58.0 60.0 63.0 
58.0 57.0 59.0 61.0 
197.0 91.0 64.0 68.0 
54.0 60.0 59.0 60.0 
58.0 58.0 60.0 62.0 
56.0 56.0 63.0 60.0 
194.0 90.0 63.0 68.0 
54.0 60.0 57.0 62.0 
54.0 60.0 58.0 63.0 
58.0 56.0 62.0 58.0 
198.0 88.0 63.0 69.0 
55.0 58.0 60.0 58.0 
53.0 58.0 59.0 61.0 
56.0 59.0 61.0 60.0 
197.0 86.0 65.0 67.0 
55.0 57.0 60.0 58.0 
54.0 58.0 61.0 61.0 
57.0 57.0 62.0 60.0 
197.0 87.0 66.0 66.0 
56.0 57.0 57.0 61.0 
56.0 59.0 58.0 63.0 
56.0 58.0 60.0 62.0 
195.0 88.0 63.0 68.0 
55.0 58.0 57.0 62.0 
54.0 59.0 57.0 63.0 
55.0 58.0 61.0 59.0 
196.0 88.0 63.0 68.0 
57.0 57.0 58.0 60.0 
58.0 56.0 63.0 58.0 
55.0 59.0 60.0 60.0 
194.0 90.0 61.0 72.0 
56.0 58.0 60.0 58.0 
52.0 61.0 58.0 63.0 
53.0 61.0 58.0 64.0 
200.0 85.0 64.0 68.0 
58.0 56.0 61.0 56.0 
55.0 59.0 59.0 60.0 
54.0 62.0 58.0 61.0 
198.0 88.0 66.0 65.0 
51.0 59.0 59.0 59.0 
54.0 57.0 62.0 57.0 
51.0 62.0 58.0 63.0 
197.0 87.0 66.0 66.0 
52.0 61.0 57.0 61.0 
53.0 60.0 58.0 61.0 
53.0 58.0 61.0 59.0 
199.0 85.0 66.0 67.0 
53.0 60.0 57.0 62.0 
55.0 59.0 60.0 60.0 
52.0 62.0 59.0 62.0 
194.0 90.0 62.0 69.0 
57.0 55.0 61.0 59.0 
57.0 55.0 62.0 58.0 
56.0 57.0 62.0 59.0 
197.0 88.0 64.0 69.0 
55.0 58.0 59.0 61.0 
53.0 60.0 59.0 61.0 
52.0 62.0 60.0 61.0 
196.0 89.0 63.0 72.0 
56.0 55.0 62.0 57.0 
53.0 59.0 60.0 60.0 
56.0 59.0 58.0 64.0 
196.0 89.0 63.0 70.0 
58.0 55.0 61.0 61.0 
58.0 57.0 62.0 59.0 
53.0 59.0 60.0 59.0 
199.0 85.0 67.0 66.0 
54.0 59.0 58.0 62.0 
51.0 62.0 58.0 61.0 
50.0 61.0 59.0 62.0 
199.0 85.0 66.0 67.0 
57.0 56.0 61.0 57.0 
54.0 58.0 60.0 61.0 
56.0 58.0 61.0 60.0 
195.0 87.0 65.0 68.0 
55.0 56.0 62.0 59.0 
57.0 57.0 59.0 62.0 
55.0 58.0 62.0 59.0 
196.0 88.0 64.0 69.0 
58.0 56.0 60.0 59.0 
57.0 57.0 60.0 62.0 
57.0 56.0 63.0 57.0 
194.0 90.0 62.0 71.0 
55.0 60.0 57.0 62.0 
58.0 56.0 62.0 58.0 
51.0 62.0 58.0 63.0 
194.0 90.0 62.0 72.0 
55.0 58.0 58.0 61.0 
55.0 58.0 61.0 58.0 
55.0 58.0 60.0 59.0 
199.0 86.0 65.0 69.0 
56.0 57.0 60.0 59.0 
57.0 57.0 62.0 59.0 
54.0 58.0 62.0 60.0 
195.0 90.0 63.0 71.0 
57.0 57.0 58.0 60.0 
54.0 61.0 58.0 63.0 
58.0 57.0 62.0 58.0 
193.0 90.0 63.0 70.0 
56.0 58.0 59.0 59.0 
52.0 61.0 58.0 63.0 
55.0 59.0 61.0 61.0 
194.0 89.0 63.0 68.0 
55.0 58.0 59.0 62.0 
56.0 57.0 61.0 60.0 
53.0 61.0 58.0 64.0 
196.0 87.0 64.0 67.0 
53.0 58.0 60.0 59.0 
55.0 58.0 61.0 60.0 
56.0 56.0 62.0 57.0 
196.0 87.0 63.0 71.0 
57.0 55.0 60.0 59.0 
55.0 58.0 57.0 62.0 
56.0 57.0 62.0 60.0 
198.0 85.0 65.0 70.0 
58.0 56.0 61.0 58.0 
52.0 60.0 60.0 61.0 
55.0 60.0 59.0 64.0 
195.0 88.0 65.0 69.0 
56.0 58.0 59.0 59.0 
58.0 56.0 62.0 57.0 
55.0 58.0 60.0 61.0 
198.0 86.0 67.0 68.0 
52.0 60.0 57.0 63.0 
54.0 58.0 61.0 60.0 
52.0 61.0 59.0 63.0 
198.0 85.0 66.0 67.0 
56.0 56.0 60.0 62.0 
56.0 57.0 62.0 56.0 
52.0 61.0 58.0 61.0 
193.0 88.0 68.0 68.0 
52.0 58.0 59.0 59.0 
56.0 58.0 59.0 63.0 
55.0 58.0 61.0 58.0 
194.0 89.0 65.0 71.0 
57.0 56.0 61.0 59.0 
56.0 57.0 62.0 58.0 
56.0 59.0 59.0 60.0 
192.0 92.0 63.0 73.0 
55.0 58.0 60.0 59.0 
53.0 60.0 58.0 62.0 
54.0 59.0 60.0 60.0 
196.0 87.0 66.0 70.0 
57.0 56.0 61.0 58.0 
54.0 59.0 60.0 62.0 
54.0 58.0 61.0 60.0 
196.0 87.0 66.0 69.0 
55.0 57.0 60.0 58.0 
54.0 61.0 59.0 61.0 
55.0 61.0 58.0 61.0 
194.0 90.0 63.0 72.0 
59.0 55.0 59.0 61.0 
57.0 56.0 61.0 58.0 
52.0 59.0 59.0 63.0 
198.0 86.0 66.0 67.0 
54.0 59.0 59.0 59.0 
57.0 57.0 61.0 60.0 
54.0 59.0 61.0 59.0 
194.0 88.0 64.0 69.0 
52.0 60.0 57.0 57.0 
55.0 58.0 61.0 58.0 
54.0 58.0 60.0 59.0 
195.0 89.0 64.0 71.0 
57.0 57.0 60.0 59.0 
56.0 58.0 60.0 60.0 
57.0 58.0 60.0 59.0 
195.0 86.0 67.0 67.0 
53.0 59.0 61.0 58.0 
57.0 58.0 60.0 62.0 
57.0 57.0 61.0 61.0 
195.0 88.0 63.0 72.0 
57.0 55.0 61.0 59.0 
58.0 56.0 61.0 60.0 
53.0 60.0 60.0 60.0 
197.0 86.0 66.0 69.0 
52.0 60.0 57.0 62.0 
53.0 61.0 59.0 62.0 
58.0 57.0 62.0 58.0 
195.0 88.0 64.0 71.0 
58.0 56.0 60.0 59.0 
57.0 56.0 62.0 59.0 
55.0 58.0 60.0 59.0 
194.0 88.0 65.0 68.0 
52.0 59.0 58.0 61.0 
57.0 57.0 61.0 60.0 
54.0 60.0 60.0 57.0 
197.0 85.0 64.0 72.0 
58.0 57.0 60.0 63.0 
53.0 60.0 60.0 59.0 
55.0 60.0 58.0 63.0 
197.0 85.0 67.0 68.0 
52.0 59.0 59.0 59.0 
54.0 58.0 61.0 57.0 
54.0 59.0 58.0 63.0 
192.0 88.0 63.0 69.0 
55.0 60.0 58.0 62.0 
55.0 59.0 61.0 59.0 
54.0 59.0 60.0 61.0 
192.0 90.0 62.0 69.0 
54.0 59.0 58.0 62.0 
55.0 58.0 60.0 59.0 
53.0 59.0 59.0 62.0 
195.0 87.0 66.0 68.0 
54.0 60.0 57.0 61.0 
51.0 59.0 60.0 58.0 
50.0 62.0 60.0 59.0 
191.0 90.0 61.0 72.0 
58.0 57.0 61.0 58.0 
56.0 57.0 61.0 59.0 
56.0 59.0 59.0 64.0 
196.0 86.0 67.0 69.0 
57.0 56.0 61.0 58.0 
52.0 60.0 58.0 63.0 
55.0 57.0 62.0 58.0 
195.0 87.0 64.0 70.0 
54.0 58.0 59.0 60.0 
53.0 61.0 57.0 63.0 
55.0 60.0 60.0 60.0 
194.0 87.0 64.0 70.0 
57.0 58.0 59.0 60.0 
52.0 59.0 59.0 61.0 
53.0 60.0 61.0 61.0 
193.0 88.0 66.0 67.0 
53.0 57.0 62.0 62.0 
56.0 58.0 58.0 62.0 
57.0 58.0 60.0 61.0 
193.0 90.0 62.0 71.0 
58.0 57.0 60.0 59.0 
52.0 61.0 57.0 63.0 
55.0 59.0 61.0 60.0 
196.0 86.0 66.0 67.0 
53.0 60.0 57.0 62.0 
52.0 61.0 58.0 63.0 
56.0 57.0 63.0 58.0 
196.0 86.0 65.0 67.0 
54.0 59.0 60.0 58.0 
57.0 57.0 60.0 60.0 
58.0 57.0 63.0 58.0 
196.0 85.0 66.0 68.0 
55.0 57.0 59.0 59.0 
56.0 57.0 61.0 61.0 
58.0 57.0 60.0 63.0 
191.0 88.0 64.0 69.0 
54.0 56.0 62.0 56.0 
52.0 60.0 59.0 61.0 
58.0 57.0 62.0 57.0 
193.0 86.0 67.0 68.0 
54.0 58.0 59.0 57.0 
54.0 58.0 60.0 58.0 
53.0 59.0 58.0 63.0 
192.0 87.0 65.0 69.0 
53.0 60.0 58.0 61.0 
55.0 58.0 60.0 60.0 
52.0 61.0 58.0 62.0 
192.0 88.0 64.0 70.0 
58.0 56.0 62.0 59.0 
53.0 61.0 57.0 63.0 
54.0 60.0 60.0 61.0 
195.0 84.0 66.0 67.0 
52.0 59.0 59.0 59.0 
57.0 61.0 58.0 62.0 
56.0 63.0 59.0 62.0 
191.0 89.0 61.0 71.0 
59.0 55.0 61.0 58.0 
55.0 57.0 61.0 56.0 
52.0 62.0 58.0 62.0 
190.0 89.0 62.0 72.0 
57.0 56.0 62.0 58.0 
57.0 56.0 61.0 60.0 
54.0 59.0 61.0 58.0 
192.0 86.0 64.0 69.0 
57.0 56.0 61.0 58.0 
56.0 58.0 60.0 61.0 
57.0 56.0 62.0 57.0 
190.0 90.0 61.0 71.0 
56.0 56.0 61.0 57.0 
55.0 60.0 59.0 60.0 
54.0 59.0 61.0 59.0 
190.0 89.0 63.0 68.0 
52.0 59.0 61.0 57.0 
58.0 57.0 61.0 60.0 
55.0 58.0 63.0 59.0 
192.0 86.0 64.0 68.0 
55.0 60.0 57.0 62.0 
52.0 60.0 59.0 61.0 
56.0 58.0 60.0 61.0 
194.0 85.0 67.0 68.0 
51.0 60.0 57.0 58.0 
51.0 60.0 58.0 62.0 
58.0 56.0 63.0 57.0 
193.0 87.0 67.0 68.0 
55.0 57.0 60.0 58.0 
57.0 57.0 62.0 57.0 
57.0 58.0 62.0 57.0 
193.0 87.0 68.0 69.0 
52.0 61.0 58.0 61.0 
52.0 61.0 59.0 60.0 
54.0 62.0 60.0 61.0 
190.0 87.0 67.0 68.0 
52.0 60.0 59.0 60.0 
53.0 59.0 60.0 59.0 
56.0 59.0 60.0 60.0 
191.0 86.0 68.0 68.0 
52.0 59.0 58.0 60.0 
52.0 61.0 59.0 61.0 
56.0 56.0 62.0 58.0 
191.0 87.0 67.0 67.0 
54.0 58.0 60.0 59.0 
55.0 58.0 60.0 60.0 
52.0 61.0 60.0 63.0 
190.0 89.0 65.0 73.0 
55.0 58.0 59.0 59.0 
53.0 60.0 59.0 59.0 
53.0 61.0 59.0 64.0 
189.0 90.0 62.0 73.0 
55.0 56.0 62.0 58.0 
57.0 56.0 60.0 62.0 
57.0 57.0 59.0 63.0 
190.0 86.0 67.0 68.0 
54.0 58.0 61.0 61.0 
57.0 56.0 61.0 59.0 
53.0 59.0 61.0 60.0 
191.0 89.0 62.0 72.0 
58.0 55.0 61.0 59.0 
53.0 61.0 58.0 62.0 
57.0 57.0 63.0 58.0 
193.0 87.0 67.0 69.0 
52.0 60.0 59.0 60.0 
57.0 56.0 62.0 59.0 
55.0 58.0 63.0 59.0 
190.0 90.0 64.0 73.0 
56.0 56.0 60.0 59.0 
52.0 60.0 59.0 61.0 
57.0 59.0 59.0 62.0 
190.0 90.0 65.0 70.0 
53.0 57.0 61.0 57.0 
55.0 58.0 58.0 61.0 
57.0 59.0 59.0 64.0 
191.0 89.0 65.0 71.0 
52.0 60.0 57.0 62.0 
55.0 59.0 60.0 61.0 
55.0 59.0 60.0 62.0 
191.0 87.0 66.0 70.0 
54.0 59.0 59.0 61.0 
54.0 59.0 60.0 60.0 
51.0 61.0 58.0 61.0 
191.0 89.0 64.0 73.0 
56.0 58.0 59.0 59.0 
53.0 59.0 61.0 59.0 
52.0 61.0 59.0 60.0 
189.0 89.0 66.0 71.0 
52.0 60.0 58.0 56.0 
52.0 60.0 61.0 58.0 
51.0 60.0 61.0 59.0 
194.0 86.0 67.0 68.0 
53.0 60.0 58.0 61.0 
52.0 61.0 57.0 63.0 
56.0 57.0 62.0 59.0 
191.0 87.0 65.0 70.0 
57.0 56.0 60.0 58.0 
56.0 55.0 62.0 58.0 
52.0 61.0 59.0 60.0 
190.0 89.0 63.0 73.0 
55.0 58.0 59.0 59.0 
50.0 60.0 58.0 62.0 
52.0 61.0 57.0 63.0 
191.0 88.0 64.0 72.0 
56.0 57.0 60.0 59.0 
52.0 61.0 58.0 62.0 
55.0 58.0 61.0 59.0 
192.0 86.0 68.0 71.0 
56.0 57.0 57.0 62.0 
56.0 57.0 61.0 62.0 
57.0 56.0 62.0 60.0 
194.0 86.0 67.0 68.0 
55.0 59.0 59.0 59.0 
56.0 58.0 59.0 63.0 
56.0 56.0 63.0 58.0 
190.0 89.0 65.0 72.0 
57.0 56.0 59.0 59.0 
57.0 57.0 62.0 58.0 
53.0 61.0 59.0 61.0 
193.0 87.0 66.0 71.0 
57.0 55.0 60.0 58.0 
52.0 60.0 58.0 61.0 
53.0 61.0 60.0 61.0 
190.0 89.0 64.0 72.0 
57.0 56.0 61.0 57.0 
54.0 61.0 58.0 63.0 
57.0 58.0 58.0 61.0 
193.0 88.0 63.0 74.0 
55.0 60.0 57.0 60.0 
53.0 57.0 60.0 58.0 
51.0 61.0 59.0 61.0 
192.0 87.0 66.0 72.0 
55.0 57.0 59.0 59.0 
52.0 61.0 59.0 61.0 
58.0 56.0 62.0 58.0 
194.0 86.0 66.0 70.0 
55.0 57.0 61.0 57.0 
55.0 59.0 59.0 59.0 
58.0 58.0 63.0 58.0 
192.0 86.0 66.0 68.0 
54.0 59.0 58.0 62.0 
53.0 60.0 58.0 63.0 
54.0 61.0 59.0 63.0 
194.0 84.0 66.0 67.0 
55.0 58.0 58.0 63.0 
54.0 62.0 58.0 61.0 
55.0 60.0 61.0 58.0 
189.0 88.0 66.0 68.0 
52.0 58.0 59.0 56.0 
56.0 56.0 63.0 58.0 
52.0 61.0 59.0 61.0 
189.0 89.0 64.0 70.0 
57.0 57.0 61.0 61.0 
55.0 58.0 61.0 59.0 
55.0 60.0 59.0 62.0 
188.0 89.0 62.0 70.0 
58.0 57.0 60.0 58.0 
54.0 60.0 61.0 60.0 
53.0 60.0 59.0 63.0 
188.0 87.0 64.0 69.0 
52.0 60.0 59.0 59.0 
56.0 57.0 61.0 60.0 
56.0 58.0 62.0 59.0 
193.0 85.0 64.0 70.0 
58.0 57.0 59.0 63.0 
52.0 59.0 60.0 59.0 
51.0 61.0 59.0 61.0 
188.0 89.0 64.0 68.0 
55.0 60.0 58.0 62.0 
52.0 61.0 59.0 62.0 
57.0 56.0 61.0 58.0 
190.0 87.0 66.0 70.0 
53.0 60.0 57.0 62.0 
57.0 58.0 61.0 58.0 
56.0 57.0 61.0 58.0 
189.0 90.0 64.0 73.0 
56.0 58.0 59.0 59.0 
53.0 59.0 61.0 59.0 
52.0 62.0 57.0 62.0 
192.0 87.0 69.0 70.0 
55.0 58.0 59.0 57.0 
55.0 57.0 62.0 58.0 
52.0 61.0 60.0 58.0 
192.0 90.0 65.0 71.0 
55.0 61.0 57.0 57.0 
53.0 61.0 59.0 61.0 
58.0 57.0 61.0 59.0 
189.0 89.0 66.0 70.0 
55.0 58.0 57.0 62.0 
52.0 61.0 59.0 62.0 
58.0 57.0 61.0 62.0 
192.0 90.0 64.0 74.0 
55.0 57.0 59.0 58.0 
51.0 61.0 57.0 63.0 
55.0 59.0 60.0 61.0 
194.0 86.0 68.0 69.0 
53.0 59.0 58.0 60.0 
57.0 56.0 61.0 58.0 
53.0 60.0 59.0 62.0 
192.0 89.0 65.0 73.0 
58.0 56.0 60.0 61.0 
54.0 59.0 59.0 61.0 
53.0 61.0 57.0 63.0 
193.0 88.0 66.0 74.0 
55.0 58.0 57.0 61.0 
57.0 56.0 62.0 57.0 
52.0 61.0 58.0 63.0 
194.0 85.0 69.0 69.0 
55.0 58.0 57.0 62.0 
54.0 58.0 58.0 62.0 
57.0 57.0 62.0 58.0 
192.0 87.0 67.0 69.0 
52.0 60.0 57.0 60.0 
58.0 56.0 60.0 60.0 
57.0 57.0 62.0 59.0 
192.0 89.0 67.0 72.0 
59.0 56.0 60.0 59.0 
52.0 60.0 59.0 62.0 
58.0 57.0 60.0 61.0 
189.0 91.0 66.0 71.0 
52.0 61.0 57.0 59.0 
57.0 58.0 61.0 60.0 
54.0 57.0 62.0 57.0 
188.0 90.0 65.0 73.0 
58.0 54.0 61.0 57.0 
53.0 60.0 60.0 62.0 
55.0 59.0 60.0 58.0 
193.0 87.0 66.0 71.0 
55.0 57.0 59.0 57.0 
55.0 57.0 60.0 61.0 
56.0 59.0 61.0 60.0 
191.0 88.0 66.0 72.0 
58.0 56.0 62.0 58.0 
53.0 61.0 58.0 62.0 
53.0 61.0 58.0 63.0 
193.0 85.0 68.0 68.0 
54.0 58.0 60.0 58.0 
53.0 61.0 59.0 61.0 
55.0 62.0 58.0 61.0 
194.0 87.0 68.0 73.0 
57.0 55.0 59.0 58.0 
58.0 57.0 61.0 59.0 
53.0 61.0 59.0 62.0 
189.0 90.0 64.0 74.0 
55.0 58.0 59.0 59.0 
52.0 61.0 58.0 62.0 
58.0 56.0 62.0 57.0 
193.0 86.0 69.0 68.0 
52.0 61.0 57.0 57.0 
52.0 61.0 58.0 62.0 
53.0 60.0 59.0 62.0 
191.0 86.0 66.0 73.0 
56.0 57.0 60.0 60.0 
54.0 59.0 60.0 61.0 
58.0 56.0 61.0 59.0 
191.0 87.0 67.0 73.0 
58.0 56.0 61.0 58.0 
54.0 60.0 58.0 62.0 
57.0 59.0 61.0 62.0 
191.0 86.0 67.0 70.0 
54.0 59.0 59.0 59.0 
51.0 60.0 58.0 62.0 
55.0 58.0 61.0 60.0 
193.0 85.0 69.0 69.0 
55.0 59.0 59.0 61.0 
56.0 57.0 60.0 60.0 
51.0 60.0 59.0 63.0 
188.0 89.0 64.0 72.0 
58.0 56.0 61.0 56.0 
55.0 59.0 60.0 59.0 
51.0 61.0 59.0 62.0 
187.0 90.0 66.0 71.0 
52.0 60.0 57.0 62.0 
55.0 58.0 59.0 61.0 
54.0 57.0 61.0 61.0 
188.0 87.0 69.0 69.0 
54.0 58.0 61.0 56.0 
58.0 55.0 61.0 59.0 
52.0 61.0 60.0 60.0 
193.0 85.0 67.0 70.0 
54.0 57.0 61.0 61.0 
55.0 58.0 61.0 58.0 
54.0 60.0 60.0 61.0 
187.0 88.0 67.0 70.0 
57.0 58.0 59.0 59.0 
52.0 61.0 57.0 61.0 
55.0 59.0 60.0 61.0 
189.0 90.0 64.0 74.0 
56.0 57.0 59.0 60.0 
52.0 60.0 60.0 60.0 
53.0 61.0 58.0 62.0 
190.0 87.0 66.0 71.0 
55.0 58.0 57.0 62.0 
53.0 58.0 61.0 57.0 
52.0 60.0 61.0 58.0 
187.0 89.0 66.0 71.0 
54.0 58.0 57.0 63.0 
54.0 59.0 58.0 61.0 
55.0 58.0 62.0 59.0 
191.0 87.0 68.0 70.0 
52.0 60.0 58.0 59.0 
57.0 59.0 59.0 63.0 
56.0 56.0 62.0 59.0 
187.0 90.0 64.0 74.0 
56.0 57.0 59.0 59.0 
52.0 59.0 60.0 59.0 
52.0 62.0 57.0 63.0 
188.0 89.0 65.0 73.0 
54.0 57.0 60.0 59.0 
52.0 60.0 59.0 62.0 
57.0 57.0 62.0 59.0 
192.0 85.0 67.0 71.0 
57.0 55.0 59.0 60.0 
54.0 61.0 58.0 61.0 
55.0 59.0 59.0 61.0 
188.0 88.0 66.0 71.0 
53.0 59.0 59.0 58.0 
55.0 59.0 59.0 62.0 
56.0 57.0 63.0 57.0 
190.0 87.0 67.0 72.0 
53.0 58.0 60.0 57.0 
54.0 59.0 59.0 60.0 
56.0 58.0 61.0 60.0 
192.0 86.0 70.0 70.0 
57.0 56.0 61.0 57.0 
53.0 60.0 57.0 62.0 
52.0 62.0 59.0 62.0 
188.0 90.0 65.0 73.0 
54.0 58.0 59.0 59.0 
53.0 59.0 61.0 57.0 
53.0 61.0 59.0 59.0 
188.0 88.0 70.0 68.0 
58.0 56.0 59.0 62.0 
56.0 56.0 61.0 59.0 
55.0 58.0 63.0 57.0 
189.0 86.0 69.0 68.0 
52.0 60.0 58.0 61.0 
53.0 61.0 58.0 63.0 
54.0 58.0 61.0 58.0 
188.0 88.0 65.0 73.0 
56.0 57.0 61.0 57.0 
53.0 59.0 60.0 61.0 
57.0 56.0 60.0 60.0 
186.0 89.0 67.0 71.0 
52.0 61.0 59.0 60.0 
58.0 57.0 60.0 61.0 
58.0 56.0 62.0 60.0 
187.0 89.0 65.0 73.0 
56.0 58.0 56.0 60.0 
58.0 57.0 61.0 59.0 
54.0 58.0 62.0 57.0 
186.0 90.0 65.0 71.0 
56.0 57.0 59.0 60.0 
56.0 58.0 59.0 59.0 
53.0 61.0 59.0 61.0 
189.0 88.0 66.0 72.0 
55.0 57.0 58.0 60.0 
53.0 60.0 59.0 61.0 
57.0 57.0 61.0 59.0 
186.0 89.0 65.0 72.0 
58.0 56.0 61.0 57.0 
52.0 61.0 57.0 62.0 
54.0 58.0 59.0 62.0 
189.0 87.0 66.0 72.0 
55.0 57.0 60.0 57.0 
52.0 61.0 59.0 61.0 
55.0 57.0 63.0 57.0 
189.0 85.0 68.0 71.0 
55.0 57.0 62.0 57.0 
57.0 56.0 62.0 56.0 
54.0 61.0 58.0 63.0 
188.0 89.0 65.0 73.0 
55.0 56.0 61.0 57.0 
57.0 57.0 60.0 60.0 
54.0 59.0 60.0 57.0 
187.0 87.0 67.0 69.0 
55.0 59.0 59.0 59.0 
55.0 58.0 59.0 60.0 
53.0 59.0 60.0 61.0 
185.0 88.0 66.0 71.0 
52.0 60.0 58.0 59.0 
54.0 58.0 60.0 58.0 
54.0 58.0 61.0 59.0 
187.0 85.0 67.0 70.0 
53.0 59.0 59.0 60.0 
54.0 58.0 62.0 58.0 
54.0 59.0 61.0 59.0 
185.0 86.0 67.0 70.0 
55.0 57.0 58.0 60.0 
56.0 58.0 60.0 58.0 
52.0 61.0 58.0 62.0 
189.0 85.0 67.0 71.0 
54.0 58.0 59.0 59.0 
53.0 60.0 59.0 60.0 
57.0 58.0 61.0 60.0 
184.0 88.0 64.0 73.0 
55.0 57.0 59.0 59.0 
53.0 61.0 57.0 63.0 
54.0 60.0 59.0 63.0 
186.0 85.0 67.0 69.0 
52.0 59.0 59.0 59.0 
58.0 56.0 60.0 59.0 
56.0 58.0 61.0 59.0 
189.0 84.0 67.0 70.0 
53.0 57.0 62.0 58.0 
58.0 58.0 60.0 61.0 
55.0 57.0 63.0 57.0 
187.0 83.0 68.0 69.0 
53.0 61.0 57.0 59.0 
56.0 59.0 58.0 62.0 
59.0 57.0 61.0 59.0 
186.0 85.0 66.0 69.0 
53.0 60.0 58.0 60.0 
57.0 56.0 60.0 59.0 
53.0 60.0 61.0 61.0 
185.0 86.0 65.0 71.0 
59.0 56.0 60.0 59.0 
52.0 61.0 57.0 63.0 
54.0 60.0 59.0 61.0 
184.0 87.0 65.0 72.0 
56.0 57.0 59.0 58.0 
52.0 61.0 58.0 62.0 
57.0 58.0 60.0 64.0 
184.0 86.0 68.0 68.0 
52.0 59.0 58.0 60.0 
53.0 58.0 60.0 58.0 
52.0 62.0 59.0 63.0 
183.0 87.0 64.0 72.0 
54.0 58.0 60.0 60.0 
53.0 61.0 58.0 62.0 
55.0 56.0 63.0 57.0 
186.0 86.0 64.0 73.0 
58.0 56.0 61.0 57.0 
55.0 58.0 62.0 58.0 
55.0 59.0 61.0 59.0 
188.0 84.0 65.0 70.0 
59.0 55.0 61.0 59.0 
53.0 60.0 60.0 60.0 
51.0 62.0 59.0 61.0 
184.0 86.0 64.0 71.0 
57.0 59.0 59.0 59.0 
54.0 61.0 59.0 59.0 
52.0 61.0 60.0 59.0 
185.0 83.0 68.0 68.0 
53.0 58.0 60.0 57.0 
57.0 59.0 60.0 61.0 
54.0 59.0 61.0 60.0 
187.0 82.0 68.0 68.0 
52.0 60.0 58.0 62.0 
53.0 61.0 58.0 62.0 
54.0 59.0 59.0 61.0 
188.0 84.0 67.0 69.0 
53.0 60.0 57.0 61.0 
54.0 59.0 61.0 60.0 
53.0 61.0 58.0 62.0 
185.0 86.0 62.0 73.0 
54.0 59.0 58.0 62.0 
55.0 58.0 60.0 59.0 
52.0 62.0 59.0 63.0 
188.0 85.0 66.0 72.0 
51.0 59.0 57.0 57.0 
51.0 60.0 60.0 59.0 
55.0 61.0 58.0 61.0 
186.0 84.0 65.0 71.0 
57.0 55.0 61.0 57.0 
55.0 56.0 62.0 57.0 
54.0 60.0 59.0 61.0 
182.0 88.0 63.0 73.0 
56.0 56.0 61.0 58.0 
57.0 56.0 62.0 57.0 
55.0 60.0 59.0 61.0 
185.0 85.0 66.0 70.0 
58.0 56.0 61.0 62.0 
54.0 59.0 59.0 61.0 
58.0 57.0 61.0 60.0 
188.0 83.0 68.0 68.0 
54.0 59.0 58.0 61.0 
53.0 60.0 61.0 57.0 
53.0 59.0 61.0 58.0 
185.0 83.0 69.0 69.0 
53.0 59.0 60.0 59.0 
54.0 59.0 59.0 59.0 
57.0 58.0 62.0 60.0 
189.0 83.0 65.0 70.0 
55.0 56.0 61.0 56.0 
56.0 56.0 63.0 57.0 
52.0 61.0 58.0 63.0 
190.0 83.0 66.0 69.0 
52.0 60.0 58.0 60.0 
52.0 60.0 59.0 61.0 
53.0 61.0 58.0 64.0 
185.0 86.0 64.0 73.0 
56.0 57.0 60.0 57.0 
56.0 57.0 61.0 58.0 
54.0 60.0 60.0 60.0 
188.0 83.0 66.0 70.0 
53.0 59.0 60.0 57.0 
57.0 56.0 60.0 61.0 
58.0 58.0 62.0 60.0 
188.0 83.0 66.0 71.0 
54.0 58.0 58.0 59.0 
52.0 61.0 59.0 62.0 
56.0 58.0 60.0 60.0 
189.0 85.0 66.0 70.0 
56.0 58.0 56.0 58.0 
55.0 58.0 60.0 62.0 
55.0 58.0 63.0 58.0 
185.0 86.0 65.0 73.0 
55.0 58.0 59.0 60.0 
54.0 60.0 58.0 63.0 
55.0 59.0 61.0 61.0 
184.0 86.0 65.0 70.0 
52.0 60.0 57.0 62.0 
57.0 56.0 62.0 58.0 
53.0 61.0 59.0 62.0 
187.0 85.0 64.0 71.0 
55.0 60.0 58.0 59.0 
55.0 57.0 61.0 58.0 
54.0 59.0 62.0 58.0 
185.0 87.0 64.0 72.0 
57.0 56.0 61.0 58.0 
58.0 57.0 60.0 59.0 
52.0 61.0 60.0 63.0 
186.0 84.0 67.0 68.0 
58.0 55.0 61.0 58.0 
54.0 59.0 59.0 59.0 
56.0 58.0 59.0 62.0 
186.0 86.0 64.0 72.0 
55.0 58.0 59.0 58.0 
53.0 60.0 58.0 61.0 
52.0 61.0 58.0 63.0 
184.0 88.0 63.0 73.0 
58.0 56.0 62.0 57.0 
54.0 57.0 61.0 59.0 
55.0 56.0 62.0 60.0 
188.0 84.0 65.0 71.0 
57.0 57.0 58.0 58.0 
55.0 61.0 58.0 62.0 
58.0 57.0 61.0 59.0 
183.0 86.0 65.0 69.0 
55.0 58.0 58.0 62.0 
52.0 60.0 60.0 59.0 
57.0 58.0 62.0 59.0 
187.0 85.0 63.0 72.0 
56.0 57.0 61.0 57.0 
54.0 59.0 60.0 60.0 
58.0 56.0 62.0 58.0 
184.0 87.0 65.0 71.0 
52.0 61.0 58.0 59.0 
58.0 57.0 60.0 60.0 
57.0 56.0 62.0 58.0 
186.0 85.0 68.0 68.0 
53.0 58.0 60.0 59.0 
57.0 57.0 60.0 62.0 
55.0 57.0 63.0 57.0 
189.0 83.0 66.0 69.0 
58.0 57.0 59.0 59.0 
54.0 58.0 61.0 60.0 
56.0 59.0 59.0 60.0 
189.0 83.0 68.0 68.0 
52.0 61.0 57.0 62.0 
55.0 58.0 60.0 62.0 
55.0 58.0 60.0 59.0 
184.0 87.0 65.0 72.0 
57.0 57.0 62.0 57.0 
53.0 61.0 58.0 63.0 
55.0 59.0 60.0 62.0 
184.0 87.0 65.0 70.0 
53.0 60.0 57.0 58.0 
55.0 57.0 60.0 59.0 
54.0 58.0 62.0 58.0 
186.0 82.0 68.0 70.0 
54.0 57.0 58.0 59.0 
58.0 58.0 60.0 61.0 
53.0 60.0 59.0 62.0 
187.0 82.0 68.0 68.0 
53.0 60.0 58.0 59.0 
52.0 61.0 58.0 61.0 
58.0 56.0 62.0 59.0 
183.0 87.0 65.0 71.0 
58.0 56.0 62.0 58.0 
57.0 57.0 62.0 58.0 
56.0 59.0 61.0 59.0 
185.0 84.0 66.0 69.0 
52.0 60.0 58.0 59.0 
57.0 58.0 59.0 60.0 
57.0 56.0 62.0 59.0 
185.0 86.0 64.0 71.0 
52.0 60.0 57.0 61.0 
56.0 59.0 58.0 62.0 
57.0 58.0 59.0 62.0 
188.0 84.0 66.0 70.0 
54.0 59.0 59.0 60.0 
52.0 60.0 58.0 62.0 
56.0 57.0 62.0 58.0 
185.0 85.0 66.0 70.0 
58.0 56.0 62.0 57.0 
56.0 56.0 62.0 57.0 
52.0 62.0 60.0 61.0 
188.0 82.0 67.0 68.0 
53.0 59.0 58.0 59.0 
58.0 56.0 63.0 57.0 
56.0 56.0 62.0 59.0 
188.0 83.0 67.0 67.0 
56.0 58.0 60.0 59.0 
56.0 58.0 61.0 59.0 
56.0 58.0 60.0 61.0 
185.0 85.0 68.0 67.0 
53.0 59.0 62.0 58.0 
57.0 56.0 60.0 61.0 
56.0 58.0 63.0 60.0 
185.0 86.0 65.0 72.0 
55.0 57.0 60.0 57.0 
53.0 60.0 59.0 61.0 
58.0 58.0 60.0 62.0 
184.0 85.0 65.0 72.0 
55.0 56.0 62.0 57.0 
57.0 56.0 62.0 57.0 
53.0 61.0 58.0 62.0 
183.0 88.0 64.0 72.0 
58.0 56.0 61.0 57.0 
55.0 58.0 61.0 57.0 
54.0 60.0 60.0 60.0 
185.0 87.0 65.0 72.0 
56.0 56.0 60.0 57.0 
54.0 58.0 60.0 59.0 
53.0 61.0 60.0 60.0 
187.0 84.0 65.0 73.0 
58.0 56.0 59.0 59.0 
56.0 59.0 59.0 62.0 
56.0 58.0 63.0 59.0 
183.0 87.0 65.0 70.0 
55.0 58.0 58.0 59.0 
55.0 58.0 61.0 60.0 
54.0 60.0 60.0 60.0 
185.0 85.0 67.0 67.0 
54.0 59.0 59.0 61.0 
52.0 61.0 58.0 62.0 
54.0 59.0 60.0 61.0 
183.0 87.0 64.0 72.0 
54.0 61.0 57.0 60.0 
57.0 57.0 61.0 59.0 
58.0 56.0 62.0 59.0 
184.0 85.0 65.0 70.0 
55.0 56.0 61.0 58.0 
57.0 57.0 57.0 62.0 
57.0 59.0 61.0 64.0 
188.0 82.0 67.0 71.0 
55.0 57.0 60.0 56.0 
55.0 59.0 61.0 59.0 
55.0 62.0 58.0 62.0 
185.0 85.0 64.0 73.0 
55.0 59.0 57.0 61.0 
55.0 56.0 62.0 57.0 
54.0 59.0 58.0 62.0 
185.0 84.0 68.0 67.0 
55.0 58.0 59.0 58.0 
56.0 57.0 60.0 60.0 
57.0 57.0 63.0 58.0 
184.0 85.0 64.0 71.0 
56.0 58.0 60.0 58.0 
50.0 60.0 58.0 62.0 
57.0 56.0 62.0 58.0 
182.0 85.0 66.0 69.0 
52.0 58.0 61.0 61.0 
57.0 57.0 60.0 62.0 
57.0 56.0 61.0 61.0 
186.0 83.0 67.0 68.0 
52.0 58.0 59.0 57.0 
56.0 59.0 58.0 62.0 
55.0 56.0 63.0 58.0 
183.0 85.0 65.0 70.0 
56.0 58.0 60.0 58.0 
57.0 56.0 62.0 57.0 
54.0 59.0 61.0 61.0 
185.0 83.0 65.0 70.0 
54.0 60.0 58.0 62.0 
57.0 57.0 61.0 58.0 
56.0 59.0 60.0 59.0 
182.0 86.0 64.0 72.0 
58.0 55.0 61.0 58.0 
58.0 56.0 61.0 59.0 
59.0 56.0 59.0 63.0 
183.0 86.0 63.0 72.0 
53.0 60.0 58.0 60.0 
58.0 56.0 63.0 58.0 
56.0 59.0 59.0 62.0 
186.0 83.0 66.0 70.0 
55.0 56.0 61.0 57.0 
55.0 57.0 62.0 58.0 
53.0 61.0 58.0 63.0 
180.0 87.0 64.0 72.0 
58.0 55.0 62.0 56.0 
55.0 58.0 60.0 60.0 
58.0 56.0 62.0 58.0 
184.0 83.0 66.0 68.0 
54.0 58.0 59.0 61.0 
57.0 58.0 60.0 60.0 
58.0 58.0 60.0 60.0 
181.0 86.0 64.0 71.0 
57.0 58.0 58.0 62.0 
58.0 57.0 60.0 61.0 
56.0 57.0 63.0 58.0 
182.0 86.0 64.0 71.0 
59.0 55.0 62.0 57.0 
55.0 58.0 60.0 60.0 
57.0 57.0 62.0 58.0 
182.0 84.0 65.0 70.0 
54.0 59.0 59.0 59.0 
53.0 59.0 59.0 61.0 
58.0 57.0 63.0 57.0 
183.0 85.0 66.0 69.0 
56.0 57.0 60.0 59.0 
54.0 58.0 60.0 60.0 
57.0 57.0 62.0 58.0 
180.0 85.0 64.0 73.0 
56.0 58.0 61.0 57.0 
54.0 61.0 58.0 62.0 
58.0 57.0 62.0 61.0 
181.0 82.0 66.0 70.0 
57.0 57.0 58.0 60.0 
56.0 60.0 59.0 59.0 
55.0 61.0 57.0 62.0 
185.0 81.0 67.0 68.0 
53.0 58.0 60.0 56.0 
55.0 58.0 61.0 57.0 
54.0 60.0 59.0 63.0 
182.0 81.0 68.0 68.0 
52.0 60.0 58.0 58.0 
52.0 61.0 60.0 60.0 
57.0 58.0 60.0 59.0 
185.0 82.0 67.0 70.0 
57.0 56.0 61.0 57.0 
58.0 56.0 61.0 59.0 
57.0 56.0 62.0 58.0 
180.0 86.0 64.0 73.0 
58.0 56.0 59.0 59.0 
56.0 57.0 60.0 62.0 
59.0 57.0 62.0 60.0 
180.0 84.0 67.0 67.0 
53.0 57.0 62.0 56.0 
58.0 57.0 60.0 62.0 
58.0 56.0 62.0 59.0 
182.0 86.0 63.0 71.0 
57.0 57.0 60.0 59.0 
58.0 57.0 62.0 59.0 
53.0 60.0 59.0 62.0 
181.0 83.0 66.0 67.0 
55.0 57.0 61.0 57.0 
56.0 58.0 61.0 61.0 
53.0 61.0 59.0 62.0 
181.0 84.0 64.0 67.0 
53.0 58.0 59.0 59.0 
57.0 56.0 62.0 57.0 
56.0 59.0 60.0 63.0 
184.0 82.0 65.0 69.0 
55.0 56.0 59.0 62.0 
53.0 60.0 57.0 60.0 
56.0 59.0 59.0 63.0 
183.0 84.0 64.0 70.0 
55.0 56.0 61.0 59.0 
53.0 60.0 60.0 61.0 
58.0 57.0 62.0 58.0 
183.0 84.0 64.0 68.0 
56.0 57.0 58.0 60.0 
52.0 62.0 59.0 61.0 
59.0 57.0 63.0 57.0 
183.0 83.0 64.0 69.0 
52.0 61.0 57.0 60.0 
57.0 56.0 62.0 58.0 
57.0 57.0 61.0 58.0 
183.0 82.0 66.0 67.0 
56.0 59.0 60.0 58.0 
57.0 57.0 62.0 57.0 
52.0 61.0 59.0 61.0 
182.0 83.0 67.0 67.0 
51.0 60.0 59.0 58.0 
53.0 58.0 61.0 60.0 
56.0 58.0 61.0 60.0 
180.0 86.0 64.0 70.0 
53.0 61.0 58.0 61.0 
55.0 59.0 61.0 60.0 
56.0 59.0 60.0 60.0 
184.0 83.0 65.0 69.0 
57.0 56.0 60.0 59.0 
55.0 58.0 60.0 59.0 
57.0 57.0 62.0 58.0 
182.0 84.0 65.0 68.0 
52.0 60.0 57.0 63.0 
58.0 56.0 62.0 57.0 
55.0 59.0 60.0 60.0 
185.0 81.0 67.0 67.0 
52.0 60.0 58.0 56.0 
54.0 58.0 63.0 58.0 
52.0 59.0 59.0 60.0 
183.0 83.0 67.0 67.0 
55.0 59.0 58.0 62.0 
51.0 61.0 58.0 62.0 
58.0 57.0 61.0 59.0 
184.0 81.0 65.0 68.0 
52.0 60.0 58.0 62.0 
53.0 60.0 57.0 63.0 
58.0 56.0 62.0 59.0 
181.0 85.0 64.0 70.0 
59.0 54.0 62.0 56.0 
53.0 61.0 58.0 62.0 
54.0 59.0 59.0 61.0 
181.0 85.0 63.0 72.0 
56.0 58.0 59.0 59.0 
52.0 62.0 58.0 61.0 
57.0 56.0 62.0 58.0 
182.0 82.0 68.0 67.0 
57.0 57.0 58.0 62.0 
58.0 56.0 62.0 60.0 
56.0 57.0 61.0 58.0 
183.0 84.0 65.0 70.0 
57.0 57.0 60.0 60.0 
56.0 59.0 59.0 60.0 
53.0 59.0 60.0 60.0 
186.0 82.0 64.0 68.0 
54.0 59.0 60.0 57.0 
54.0 58.0 60.0 57.0 
54.0 60.0 59.0 62.0 
187.0 82.0 67.0 68.0 
57.0 57.0 61.0 60.0 
53.0 60.0 58.0 63.0 
54.0 60.0 58.0 61.0 
186.0 82.0 66.0 68.0 
55.0 57.0 58.0 59.0 
52.0 60.0 60.0 58.0 
53.0 60.0 59.0 59.0 
180.0 85.0 65.0 66.0 
54.0 61.0 58.0 61.0 
52.0 60.0 60.0 60.0 
56.0 59.0 61.0 61.0 
186.0 82.0 67.0 68.0 
54.0 58.0 59.0 59.0 
53.0 61.0 58.0 62.0 
57.0 56.0 62.0 58.0 
181.0 86.0 65.0 70.0 
58.0 56.0 62.0 58.0 
56.0 57.0 60.0 58.0 
57.0 58.0 62.0 58.0 
181.0 86.0 63.0 71.0 
58.0 55.0 61.0 57.0 
56.0 56.0 63.0 57.0 
55.0 58.0 60.0 60.0 
184.0 83.0 64.0 72.0 
59.0 56.0 59.0 61.0 
53.0 61.0 57.0 61.0 
56.0 59.0 58.0 63.0 
182.0 85.0 65.0 71.0 
58.0 57.0 59.0 60.0 
57.0 57.0 60.0 60.0 
53.0 60.0 59.0 62.0 
184.0 83.0 65.0 70.0 
53.0 59.0 59.0 57.0 
53.0 60.0 58.0 61.0 
57.0 56.0 62.0 58.0 
181.0 86.0 64.0 72.0 
58.0 55.0 62.0 58.0 
59.0 56.0 63.0 57.0 
53.0 59.0 60.0 59.0 
181.0 86.0 63.0 73.0 
55.0 58.0 59.0 59.0 
52.0 61.0 58.0 63.0 
58.0 58.0 61.0 62.0 
184.0 82.0 68.0 67.0 
52.0 60.0 59.0 59.0 
53.0 60.0 57.0 61.0 
58.0 57.0 62.0 57.0 
184.0 84.0 69.0 66.0 
52.0 60.0 58.0 59.0 
53.0 59.0 59.0 60.0 
57.0 58.0 61.0 59.0 
182.0 85.0 65.0 71.0 
55.0 59.0 58.0 59.0 
55.0 59.0 60.0 60.0 
57.0 57.0 63.0 57.0 
183.0 83.0 67.0 68.0 
52.0 60.0 57.0 62.0 
56.0 56.0 62.0 57.0 
55.0 59.0 60.0 60.0 
185.0 83.0 67.0 68.0 
52.0 60.0 57.0 60.0 
52.0 59.0 59.0 57.0 
53.0 60.0 59.0 58.0 
187.0 84.0 66.0 72.0 
56.0 57.0 60.0 61.0 
56.0 57.0 63.0 57.0 
54.0 59.0 59.0 61.0 
185.0 84.0 67.0 69.0 
53.0 59.0 59.0 60.0 
55.0 59.0 60.0 58.0 
55.0 60.0 58.0 63.0 
186.0 83.0 66.0 70.0 
58.0 57.0 60.0 56.0 
54.0 60.0 58.0 62.0 
53.0 61.0 59.0 64.0 
184.0 86.0 64.0 73.0 
56.0 57.0 61.0 60.0 
52.0 59.0 58.0 60.0 
54.0 59.0 60.0 61.0 
184.0 83.0 68.0 68.0 
52.0 59.0 61.0 56.0 
58.0 57.0 59.0 60.0 
55.0 56.0 61.0 59.0 
181.0 87.0 65.0 71.0 
52.0 60.0 57.0 61.0 
58.0 57.0 62.0 59.0 
53.0 59.0 61.0 58.0 
186.0 83.0 68.0 68.0 
54.0 58.0 58.0 61.0 
52.0 62.0 59.0 62.0 
58.0 56.0 62.0 59.0 
183.0 86.0 64.0 71.0 
56.0 57.0 59.0 60.0 
55.0 58.0 60.0 59.0 
53.0 59.0 60.0 60.0 
187.0 82.0 68.0 67.0 
56.0 57.0 59.0 61.0 
57.0 57.0 61.0 59.0 
55.0 56.0 61.0 59.0 
187.0 84.0 65.0 72.0 
58.0 57.0 59.0 60.0 
53.0 58.0 61.0 57.0 
53.0 60.0 59.0 61.0 
188.0 83.0 66.0 70.0 
56.0 56.0 61.0 56.0 
55.0 58.0 62.0 59.0 
55.0 58.0 60.0 60.0 
184.0 84.0 66.0 69.0 
56.0 58.0 60.0 59.0 
58.0 57.0 61.0 58.0 
52.0 62.0 59.0 64.0 
188.0 81.0 68.0 68.0 
57.0 57.0 61.0 56.0 
53.0 60.0 59.0 61.0 
52.0 61.0 58.0 63.0 
189.0 84.0 67.0 68.0 
55.0 57.0 61.0 56.0 
53.0 59.0 63.0 58.0 
52.0 60.0 59.0 60.0 
189.0 83.0 66.0 71.0 
56.0 56.0 60.0 60.0 
55.0 59.0 58.0 62.0 
57.0 57.0 61.0 60.0 
191.0 82.0 69.0 69.0 
52.0 59.0 59.0 61.0 
52.0 61.0 59.0 62.0 
58.0 57.0 62.0 58.0 
185.0 86.0 64.0 72.0 
58.0 55.0 61.0 60.0 
54.0 61.0 58.0 62.0 
57.0 57.0 61.0 59.0 
187.0 85.0 67.0 69.0 
53.0 59.0 58.0 61.0 
52.0 61.0 59.0 62.0 
58.0 57.0 61.0 59.0 
188.0 85.0 64.0 71.0 
57.0 58.0 59.0 63.0 
54.0 61.0 57.0 63.0 
58.0 57.0 61.0 58.0 
190.0 82.0 69.0 67.0 
55.0 61.0 57.0 61.0 
51.0 61.0 57.0 62.0 
56.0 57.0 62.0 58.0 
190.0 82.0 69.0 67.0 
54.0 59.0 57.0 62.0 
57.0 57.0 60.0 60.0 
51.0 60.0 59.0 62.0 
188.0 85.0 66.0 70.0 
52.0 59.0 58.0 59.0 
53.0 61.0 58.0 62.0 
54.0 59.0 60.0 62.0 
188.0 83.0 68.0 68.0 
53.0 60.0 57.0 63.0 
54.0 60.0 59.0 62.0 
58.0 59.0 58.0 63.0 
187.0 86.0 65.0 68.0 
52.0 61.0 59.0 59.0 
55.0 58.0 62.0 57.0 
52.0 62.0 58.0 62.0 
190.0 82.0 68.0 68.0 
52.0 60.0 56.0 58.0 
56.0 58.0 60.0 62.0 
56.0 57.0 63.0 59.0 
187.0 84.0 67.0 70.0 
57.0 56.0 61.0 58.0 
54.0 58.0 59.0 59.0 
51.0 62.0 58.0 60.0 
187.0 84.0 66.0 70.0 
58.0 57.0 59.0 58.0 
52.0 59.0 59.0 60.0 
53.0 61.0 58.0 63.0 
188.0 85.0 67.0 67.0 
53.0 61.0 58.0 59.0 
55.0 56.0 62.0 58.0 
54.0 59.0 63.0 57.0 
190.0 83.0 67.0 69.0 
52.0 60.0 57.0 62.0 
55.0 59.0 59.0 61.0 
57.0 57.0 62.0 58.0 
190.0 83.0 67.0 68.0 
55.0 58.0 60.0 57.0 
55.0 59.0 58.0 63.0 
57.0 57.0 62.0 57.0 
190.0 82.0 68.0 68.0 
53.0 57.0 59.0 59.0 
55.0 59.0 59.0 60.0 
58.0 58.0 60.0 61.0 
189.0 83.0 68.0 67.0 
55.0 58.0 59.0 59.0 
58.0 56.0 62.0 58.0 
51.0 61.0 59.0 60.0 
190.0 85.0 64.0 72.0 
56.0 58.0 57.0 57.0 
52.0 60.0 59.0 59.0 
54.0 61.0 58.0 63.0 
191.0 83.0 68.0 68.0 
52.0 61.0 58.0 59.0 
52.0 60.0 60.0 60.0 
56.0 58.0 59.0 60.0 
188.0 84.0 66.0 68.0 
53.0 60.0 59.0 59.0 
52.0 60.0 61.0 59.0 
56.0 59.0 60.0 60.0 
188.0 83.0 65.0 70.0 
58.0 56.0 62.0 56.0 
52.0 61.0 58.0 63.0 
54.0 60.0 59.0 62.0 
185.0 86.0 65.0 72.0 
59.0 56.0 60.0 59.0 
55.0 58.0 58.0 62.0 
56.0 60.0 59.0 62.0 
186.0 84.0 70.0 69.0 
58.0 57.0 58.0 62.0 
57.0 56.0 61.0 59.0 
53.0 60.0 60.0 61.0 
187.0 85.0 66.0 69.0 
56.0 57.0 58.0 59.0 
57.0 57.0 60.0 59.0 
55.0 58.0 62.0 58.0 
191.0 83.0 68.0 69.0 
52.0 60.0 58.0 60.0 
54.0 58.0 59.0 59.0 
53.0 61.0 58.0 63.0 
186.0 85.0 67.0 71.0 
52.0 60.0 58.0 61.0 
58.0 57.0 61.0 59.0 
55.0 57.0 62.0 60.0 
189.0 84.0 68.0 73.0 
58.0 56.0 59.0 61.0 
57.0 56.0 61.0 60.0 
57.0 57.0 61.0 60.0 
188.0 83.0 67.0 70.0 
54.0 58.0 59.0 58.0 
52.0 60.0 60.0 59.0 
54.0 61.0 57.0 62.0 
191.0 83.0 70.0 69.0 
52.0 61.0 57.0 62.0 
55.0 59.0 60.0 60.0 
55.0 58.0 60.0 61.0 
189.0 84.0 67.0 71.0 
53.0 60.0 57.0 63.0 
57.0 57.0 61.0 58.0 
54.0 58.0 60.0 58.0 
189.0 85.0 68.0 71.0 
54.0 58.0 59.0 60.0 
54.0 59.0 60.0 59.0 
55.0 61.0 59.0 61.0 
188.0 82.0 68.0 73.0 
58.0 56.0 59.0 62.0 
53.0 60.0 59.0 62.0 
56.0 58.0 60.0 60.0 
189.0 84.0 68.0 69.0 
55.0 58.0 57.0 62.0 
54.0 59.0 60.0 59.0 
53.0 61.0 60.0 62.0 
190.0 83.0 69.0 70.0 
52.0 59.0 58.0 58.0 
51.0 61.0 57.0 63.0 
55.0 58.0 60.0 60.0 
187.0 87.0 66.0 72.0 
55.0 57.0 59.0 59.0 
55.0 59.0 58.0 61.0 
58.0 56.0 62.0 58.0 
189.0 84.0 68.0 70.0 
54.0 58.0 60.0 56.0 
59.0 57.0 60.0 62.0 
57.0 57.0 61.0 62.0 
188.0 86.0 67.0 73.0 
55.0 54.0 61.0 56.0 
56.0 58.0 60.0 58.0 
54.0 61.0 58.0 62.0 
187.0 87.0 66.0 72.0 
56.0 56.0 62.0 57.0 
56.0 55.0 62.0 57.0 
52.0 61.0 60.0 61.0 
189.0 84.0 70.0 69.0 
53.0 59.0 58.0 61.0 
55.0 57.0 60.0 60.0 
58.0 57.0 60.0 59.0 
191.0 84.0 68.0 70.0 
57.0 56.0 61.0 57.0 
53.0 59.0 59.0 60.0 
58.0 57.0 61.0 60.0 
189.0 88.0 67.0 71.0 
55.0 60.0 57.0 62.0 
50.0 62.0 59.0 59.0 
53.0 61.0 59.0 62.0 
188.0 85.0 67.0 71.0 
53.0 59.0 59.0 59.0 
55.0 57.0 61.0 57.0 
54.0 61.0 59.0 63.0 
191.0 82.0 69.0 70.0 
53.0 58.0 59.0 58.0 
56.0 58.0 60.0 60.0 
55.0 58.0 61.0 58.0 
187.0 85.0 66.0 73.0 
55.0 58.0 59.0 61.0 
55.0 58.0 60.0 58.0 
54.0 58.0 61.0 59.0 
191.0 82.0 69.0 67.0 
54.0 57.0 59.0 60.0 
56.0 58.0 60.0 62.0 
57.0 58.0 60.0 63.0 
191.0 82.0 67.0 72.0 
58.0 55.0 60.0 59.0 
56.0 58.0 59.0 62.0 
57.0 57.0 61.0 59.0 
187.0 85.0 66.0 68.0 
55.0 57.0 60.0 56.0 
54.0 60.0 56.0 63.0 
55.0 58.0 61.0 59.0 
190.0 84.0 66.0 70.0 
55.0 57.0 59.0 58.0 
52.0 59.0 59.0 61.0 
56.0 57.0 61.0 60.0 
188.0 85.0 66.0 71.0 
58.0 57.0 59.0 59.0 
52.0 59.0 59.0 60.0 
51.0 60.0 59.0 63.0 
189.0 85.0 66.0 72.0 
56.0 55.0 61.0 61.0 
55.0 61.0 58.0 59.0 
55.0 60.0 60.0 62.0 
187.0 86.0 66.0 72.0 
56.0 58.0 57.0 59.0 
53.0 62.0 59.0 60.0 
55.0 59.0 58.0 63.0 
186.0 88.0 65.0 71.0 
58.0 56.0 61.0 56.0 
56.0 57.0 62.0 57.0 
54.0 61.0 58.0 62.0 
191.0 83.0 67.0 70.0 
52.0 60.0 58.0 62.0 
56.0 57.0 61.0 58.0 
52.0 61.0 58.0 61.0 
189.0 85.0 67.0 72.0 
55.0 58.0 59.0 60.0 
53.0 59.0 60.0 60.0 
53.0 59.0 60.0 58.0 
189.0 82.0 68.0 70.0 
57.0 58.0 58.0 61.0 
54.0 57.0 64.0 56.0 
54.0 62.0 59.0 63.0 
192.0 82.0 66.0 71.0 
55.0 58.0 62.0 57.0 
55.0 58.0 60.0 58.0 
55.0 59.0 60.0 60.0 
186.0 87.0 66.0 70.0 
56.0 57.0 58.0 59.0 
57.0 56.0 61.0 57.0 
54.0 59.0 60.0 61.0 
188.0 85.0 65.0 71.0 
57.0 55.0 62.0 61.0 
54.0 59.0 59.0 61.0 
57.0 59.0 60.0 58.0 
186.0 87.0 65.0 72.0 
55.0 57.0 60.0 57.0 
57.0 60.0 58.0 63.0 
57.0 60.0 57.0 62.0 
190.0 83.0 66.0 71.0 
56.0 57.0 61.0 57.0 
53.0 59.0 60.0 61.0 
57.0 56.0 61.0 60.0 
190.0 84.0 67.0 69.0 
53.0 60.0 58.0 61.0 
54.0 60.0 59.0 63.0 
59.0 57.0 61.0 59.0 
186.0 86.0 65.0 71.0 
57.0 55.0 61.0 57.0 
55.0 59.0 59.0 62.0 
56.0 58.0 60.0 61.0 
187.0 86.0 66.0 71.0 
57.0 58.0 59.0 60.0 
59.0 56.0 62.0 57.0 
56.0 58.0 61.0 59.0 
189.0 86.0 67.0 70.0 
55.0 60.0 56.0 59.0 
56.0 57.0 60.0 62.0 
54.0 60.0 59.0 59.0 
187.0 87.0 64.0 72.0 
59.0 56.0 60.0 58.0 
55.0 60.0 57.0 61.0 
55.0 60.0 58.0 62.0 
190.0 85.0 65.0 72.0 
55.0 56.0 61.0 62.0 
59.0 56.0 61.0 59.0 
52.0 60.0 60.0 61.0 
189.0 83.0 69.0 68.0 
54.0 57.0 59.0 59.0 
55.0 59.0 59.0 60.0 
51.0 62.0 58.0 62.0 
188.0 87.0 64.0 73.0 
55.0 58.0 59.0 61.0 
51.0 61.0 59.0 61.0 
57.0 58.0 59.0 63.0 
188.0 86.0 66.0 70.0 
54.0 61.0 57.0 62.0 
52.0 59.0 60.0 60.0 
56.0 58.0 61.0 60.0 
188.0 87.0 66.0 71.0 
57.0 57.0 58.0 61.0 
55.0 58.0 60.0 61.0 
55.0 59.0 60.0 59.0 
191.0 85.0 65.0 71.0 
55.0 58.0 58.0 61.0 
57.0 56.0 62.0 57.0 
54.0 59.0 59.0 63.0 
190.0 85.0 67.0 68.0 
53.0 58.0 58.0 59.0 
57.0 59.0 60.0 60.0 
57.0 58.0 61.0 59.0 
190.0 85.0 66.0 71.0 
54.0 56.0 62.0 57.0 
58.0 57.0 58.0 62.0 
59.0 58.0 60.0 61.0 
188.0 87.0 65.0 71.0 
55.0 58.0 56.0 57.0 
54.0 61.0 58.0 62.0 
55.0 57.0 62.0 58.0 
188.0 87.0 65.0 72.0 
58.0 55.0 60.0 57.0 
55.0 59.0 58.0 60.0 
57.0 57.0 60.0 60.0 
190.0 85.0 65.0 74.0 
55.0 57.0 60.0 57.0 
53.0 59.0 59.0 61.0 
55.0 57.0 63.0 58.0 
193.0 83.0 68.0 69.0 
56.0 56.0 61.0 57.0 
54.0 58.0 61.0 61.0 
57.0 58.0 60.0 61.0 
191.0 88.0 65.0 70.0 
54.0 60.0 58.0 60.0 
53.0 58.0 62.0 57.0 
52.0 61.0 59.0 61.0 
193.0 83.0 67.0 69.0 
57.0 56.0 60.0 58.0 
53.0 60.0 58.0 61.0 
57.0 56.0 62.0 57.0 
193.0 83.0 67.0 69.0 
52.0 59.0 58.0 60.0 
51.0 61.0 57.0 62.0 
54.0 60.0 60.0 61.0 
189.0 84.0 66.0 69.0 
51.0 61.0 57.0 60.0 
57.0 56.0 62.0 57.0 
55.0 59.0 61.0 59.0 
191.0 84.0 66.0 70.0 
57.0 56.0 60.0 61.0 
58.0 56.0 61.0 60.0 
54.0 57.0 61.0 59.0 
190.0 85.0 69.0 68.0 
52.0 58.0 59.0 59.0 
55.0 59.0 60.0 60.0 
55.0 60.0 60.0 59.0 
189.0 86.0 65.0 71.0 
57.0 57.0 60.0 58.0 
56.0 57.0 63.0 57.0 
52.0 60.0 60.0 59.0 
191.0 85.0 68.0 68.0 
55.0 58.0 59.0 60.0 
58.0 57.0 61.0 57.0 
53.0 59.0 60.0 59.0 
189.0 87.0 65.0 72.0 
56.0 59.0 58.0 60.0 
54.0 58.0 60.0 60.0 
53.0 60.0 59.0 61.0 
190.0 85.0 66.0 71.0 
55.0 60.0 56.0 61.0 
56.0 60.0 58.0 59.0 
54.0 61.0 59.0 60.0 
189.0 86.0 65.0 70.0 
57.0 56.0 60.0 58.0 
57.0 55.0 62.0 58.0 
52.0 58.0 61.0 59.0 
191.0 85.0 67.0 69.0 
56.0 57.0 58.0 62.0 
53.0 61.0 58.0 62.0 
56.0 59.0 60.0 60.0 
189.0 87.0 64.0 72.0 
53.0 59.0 58.0 57.0 
54.0 57.0 62.0 58.0 
52.0 61.0 59.0 61.0 
191.0 86.0 66.0 71.0 
57.0 56.0 60.0 56.0 
58.0 57.0 61.0 58.0 
51.0 61.0 59.0 60.0 
192.0 88.0 64.0 69.0 
52.0 59.0 59.0 57.0 
56.0 55.0 61.0 61.0 
55.0 56.0 62.0 59.0 
189.0 86.0 66.0 72.0 
57.0 58.0 59.0 62.0 
54.0 59.0 58.0 62.0 
55.0 58.0 63.0 57.0 
192.0 84.0 67.0 69.0 
55.0 59.0 59.0 58.0 
53.0 60.0 59.0 61.0 
58.0 57.0 62.0 58.0 
189.0 88.0 64.0 72.0 
57.0 56.0 61.0 55.0 
53.0 59.0 60.0 59.0 
51.0 62.0 59.0 62.0 
192.0 86.0 66.0 71.0 
58.0 56.0 60.0 58.0 
57.0 57.0 60.0 61.0 
58.0 58.0 60.0 63.0 
192.0 88.0 64.0 71.0 
56.0 58.0 58.0 61.0 
53.0 61.0 58.0 62.0 
58.0 56.0 61.0 59.0 
193.0 84.0 66.0 71.0 
54.0 58.0 60.0 58.0 
52.0 61.0 58.0 62.0 
58.0 57.0 62.0 57.0 
193.0 84.0 67.0 69.0 
54.0 58.0 59.0 60.0 
55.0 57.0 61.0 59.0 
56.0 57.0 62.0 58.0 
194.0 82.0 69.0 69.0 
58.0 55.0 62.0 58.0 
52.0 61.0 59.0 61.0 
52.0 60.0 59.0 63.0 
194.0 82.0 67.0 69.0 
55.0 56.0 61.0 57.0 
55.0 58.0 58.0 62.0 
56.0 57.0 60.0 61.0 
194.0 84.0 67.0 69.0 
53.0 58.0 58.0 59.0 
51.0 60.0 57.0 62.0 
58.0 57.0 63.0 58.0 
191.0 85.0 65.0 72.0 
56.0 56.0 60.0 60.0 
53.0 58.0 60.0 60.0 
56.0 59.0 60.0 62.0 
189.0 87.0 65.0 72.0 
56.0 57.0 59.0 59.0 
51.0 61.0 57.0 62.0 
54.0 59.0 59.0 63.0 
191.0 86.0 65.0 72.0 
55.0 59.0 59.0 61.0 
54.0 59.0 59.0 62.0 
53.0 57.0 63.0 59.0 
194.0 85.0 65.0 72.0 
56.0 61.0 58.0 59.0 
59.0 55.0 59.0 63.0 
56.0 57.0 60.0 62.0 
192.0 84.0 68.0 68.0 
53.0 58.0 60.0 56.0 
56.0 59.0 59.0 62.0 
55.0 59.0 60.0 58.0 
189.0 87.0 65.0 71.0 
59.0 55.0 60.0 58.0 
57.0 57.0 61.0 59.0 
55.0 59.0 60.0 59.0 
193.0 85.0 68.0 68.0 
52.0 60.0 58.0 60.0 
57.0 55.0 62.0 58.0 
55.0 58.0 61.0 58.0 
192.0 85.0 66.0 71.0 
54.0 57.0 62.0 57.0 
57.0 57.0 59.0 62.0 
55.0 60.0 59.0 60.0 
194.0 86.0 64.0 73.0 
53.0 59.0 56.0 62.0 
58.0 56.0 62.0 58.0 
51.0 61.0 59.0 60.0 
194.0 85.0 67.0 70.0 
55.0 55.0 61.0 57.0 
57.0 57.0 61.0 57.0 
53.0 61.0 58.0 64.0 
194.0 83.0 69.0 68.0 
54.0 59.0 59.0 61.0 
57.0 58.0 61.0 60.0 
53.0 59.0 60.0 60.0 
194.0 83.0 67.0 71.0 
58.0 55.0 62.0 59.0 
53.0 60.0 58.0 62.0 
58.0 57.0 62.0 57.0 
192.0 86.0 66.0 73.0 
59.0 56.0 59.0 61.0 
54.0 58.0 62.0 58.0 
51.0 61.0 59.0 59.0 
192.0 85.0 67.0 69.0 
56.0 57.0 60.0 59.0 
58.0 56.0 61.0 59.0 
51.0 62.0 58.0 63.0 
190.0 86.0 65.0 70.0 
55.0 59.0 57.0 62.0 
52.0 61.0 58.0 61.0 
57.0 57.0 62.0 58.0 
193.0 84.0 68.0 66.0 
55.0 57.0 60.0 57.0 
54.0 60.0 58.0 62.0 
54.0 59.0 59.0 63.0 
189.0 88.0 64.0 72.0 
54.0 58.0 57.0 61.0 
57.0 56.0 61.0 60.0 
58.0 58.0 60.0 64.0 
191.0 87.0 65.0 71.0 
54.0 60.0 57.0 59.0 
53.0 58.0 62.0 58.0 
53.0 59.0 61.0 57.0 
189.0 85.0 67.0 67.0 
51.0 59.0 59.0 59.0 
54.0 58.0 60.0 59.0 
55.0 59.0 60.0 62.0 
192.0 85.0 65.0 72.0 
58.0 55.0 62.0 62.0 
58.0 56.0 62.0 58.0 
52.0 61.0 59.0 61.0 
194.0 83.0 68.0 67.0 
55.0 57.0 59.0 58.0 
56.0 59.0 60.0 59.0 
52.0 61.0 58.0 61.0 
190.0 85.0 67.0 68.0 
55.0 60.0 58.0 59.0 
54.0 56.0 63.0 58.0 
53.0 59.0 60.0 59.0 
193.0 86.0 65.0 71.0 
57.0 56.0 60.0 59.0 
57.0 58.0 59.0 61.0 
54.0 57.0 62.0 58.0 
194.0 84.0 66.0 70.0 
54.0 57.0 58.0 59.0 
52.0 60.0 58.0 62.0 
57.0 56.0 63.0 57.0 
190.0 87.0 64.0 73.0 
54.0 59.0 59.0 60.0 
52.0 60.0 58.0 62.0 
58.0 57.0 62.0 60.0 
195.0 83.0 68.0 69.0 
