75.0 59.0 73.0 68.0 
60.0 58.0 61.0 62.0 
59.0 58.0 61.0 62.0 
60.0 58.0 60.0 60.0 
75.0 58.0 73.0 67.0 
61.0 57.0 63.0 62.0 
60.0 58.0 61.0 62.0 
60.0 58.0 61.0 59.0 
76.0 58.0 73.0 68.0 
60.0 57.0 63.0 62.0 
60.0 57.0 62.0 62.0 
59.0 59.0 60.0 60.0 
76.0 57.0 73.0 68.0 
58.0 58.0 62.0 61.0 
60.0 59.0 62.0 62.0 
60.0 59.0 59.0 61.0 
75.0 59.0 72.0 68.0 
61.0 57.0 63.0 62.0 
60.0 58.0 62.0 62.0 
60.0 59.0 60.0 61.0 
75.0 58.0 73.0 67.0 
60.0 58.0 63.0 62.0 
60.0 58.0 61.0 62.0 
60.0 58.0 60.0 60.0 
75.0 59.0 73.0 69.0 
59.0 58.0 62.0 62.0 
60.0 58.0 62.0 62.0 
59.0 59.0 59.0 61.0 
75.0 58.0 72.0 69.0 
60.0 57.0 62.0 62.0 
60.0 59.0 61.0 62.0 
60.0 58.0 60.0 61.0 
74.0 58.0 73.0 69.0 
60.0 57.0 62.0 62.0 
59.0 58.0 61.0 62.0 
60.0 58.0 60.0 61.0 
76.0 59.0 73.0 68.0 
61.0 57.0 63.0 61.0 
60.0 58.0 62.0 63.0 
61.0 59.0 60.0 60.0 
76.0 58.0 72.0 68.0 
60.0 57.0 63.0 62.0 
60.0 59.0 62.0 63.0 
60.0 58.0 62.0 60.0 
75.0 59.0 73.0 68.0 
60.0 57.0 63.0 61.0 
60.0 58.0 61.0 62.0 
60.0 60.0 60.0 61.0 
76.0 59.0 72.0 69.0 
60.0 57.0 63.0 62.0 
61.0 58.0 62.0 63.0 
60.0 58.0 60.0 60.0 
75.0 60.0 73.0 68.0 
60.0 58.0 62.0 62.0 
60.0 58.0 62.0 62.0 
59.0 59.0 60.0 61.0 
75.0 59.0 72.0 68.0 
60.0 57.0 62.0 61.0 
61.0 57.0 61.0 62.0 
60.0 59.0 61.0 60.0 
76.0 59.0 72.0 69.0 
61.0 58.0 62.0 62.0 
60.0 59.0 63.0 62.0 
60.0 58.0 60.0 60.0 
74.0 58.0 72.0 68.0 
60.0 58.0 62.0 62.0 
61.0 59.0 61.0 63.0 
60.0 59.0 60.0 61.0 
75.0 58.0 73.0 68.0 
60.0 57.0 63.0 61.0 
60.0 58.0 61.0 62.0 
60.0 59.0 60.0 61.0 
75.0 57.0 73.0 68.0 
60.0 57.0 62.0 61.0 
61.0 58.0 62.0 63.0 
60.0 59.0 60.0 60.0 
76.0 58.0 74.0 68.0 
60.0 58.0 62.0 62.0 
59.0 59.0 61.0 63.0 
60.0 59.0 60.0 60.0 
75.0 58.0 72.0 68.0 
59.0 57.0 62.0 61.0 
59.0 58.0 61.0 63.0 
61.0 59.0 60.0 60.0 
75.0 59.0 73.0 68.0 
60.0 57.0 64.0 63.0 
60.0 59.0 62.0 62.0 
60.0 59.0 59.0 61.0 
75.0 58.0 72.0 68.0 
59.0 58.0 63.0 63.0 
60.0 57.0 62.0 62.0 
60.0 58.0 60.0 61.0 
73.0 59.0 72.0 68.0 
60.0 57.0 62.0 62.0 
60.0 57.0 62.0 62.0 
60.0 59.0 59.0 61.0 
76.0 58.0 73.0 67.0 
59.0 58.0 63.0 61.0 
60.0 59.0 63.0 61.0 
60.0 58.0 58.0 61.0 
76.0 59.0 72.0 68.0 
60.0 58.0 61.0 62.0 
60.0 59.0 63.0 62.0 
60.0 58.0 60.0 60.0 
76.0 59.0 72.0 69.0 
61.0 58.0 63.0 62.0 
61.0 60.0 62.0 63.0 
60.0 59.0 60.0 61.0 
76.0 59.0 73.0 68.0 
60.0 58.0 63.0 62.0 
60.0 58.0 62.0 62.0 
60.0 59.0 59.0 61.0 
76.0 59.0 72.0 67.0 
60.0 58.0 63.0 61.0 
60.0 59.0 63.0 63.0 
60.0 58.0 59.0 61.0 
76.0 58.0 72.0 68.0 
60.0 57.0 62.0 62.0 
60.0 58.0 62.0 61.0 
60.0 59.0 59.0 61.0 
75.0 59.0 73.0 68.0 
61.0 59.0 63.0 63.0 
61.0 58.0 62.0 62.0 
59.0 59.0 61.0 62.0 
76.0 58.0 72.0 69.0 
60.0 58.0 63.0 61.0 
61.0 58.0 62.0 63.0 
60.0 58.0 60.0 60.0 
75.0 58.0 73.0 68.0 
60.0 58.0 64.0 62.0 
60.0 58.0 61.0 62.0 
60.0 59.0 61.0 60.0 
75.0 59.0 72.0 68.0 
61.0 58.0 63.0 62.0 
60.0 59.0 62.0 62.0 
60.0 60.0 60.0 60.0 
75.0 59.0 72.0 68.0 
60.0 58.0 62.0 62.0 
59.0 59.0 61.0 63.0 
60.0 59.0 61.0 62.0 
76.0 59.0 73.0 68.0 
60.0 58.0 63.0 62.0 
60.0 57.0 62.0 62.0 
60.0 58.0 60.0 60.0 
76.0 59.0 73.0 68.0 
60.0 58.0 63.0 62.0 
61.0 58.0 61.0 63.0 
61.0 58.0 60.0 61.0 
75.0 59.0 72.0 68.0 
59.0 58.0 63.0 62.0 
61.0 58.0 61.0 63.0 
60.0 57.0 61.0 61.0 
76.0 59.0 73.0 68.0 
60.0 58.0 63.0 62.0 
61.0 59.0 63.0 62.0 
59.0 59.0 60.0 61.0 
76.0 59.0 73.0 68.0 
60.0 58.0 63.0 62.0 
60.0 59.0 62.0 63.0 
60.0 59.0 60.0 60.0 
76.0 58.0 72.0 67.0 
60.0 58.0 63.0 63.0 
61.0 58.0 62.0 63.0 
61.0 59.0 60.0 61.0 
76.0 59.0 72.0 68.0 
60.0 58.0 62.0 63.0 
60.0 59.0 62.0 64.0 
60.0 59.0 60.0 60.0 
76.0 59.0 72.0 67.0 
61.0 58.0 62.0 62.0 
60.0 59.0 62.0 62.0 
60.0 59.0 60.0 61.0 
76.0 59.0 72.0 68.0 
59.0 58.0 62.0 62.0 
60.0 59.0 62.0 62.0 
59.0 59.0 60.0 61.0 
76.0 61.0 72.0 68.0 
60.0 58.0 63.0 63.0 
60.0 58.0 62.0 63.0 
61.0 59.0 61.0 60.0 
76.0 59.0 73.0 68.0 
60.0 58.0 63.0 62.0 
61.0 58.0 62.0 62.0 
60.0 59.0 60.0 60.0 
75.0 59.0 72.0 68.0 
60.0 59.0 63.0 62.0 
61.0 59.0 62.0 63.0 
59.0 60.0 60.0 60.0 
76.0 59.0 72.0 68.0 
60.0 59.0 62.0 62.0 
60.0 57.0 62.0 62.0 
60.0 59.0 60.0 61.0 
75.0 59.0 72.0 68.0 
60.0 58.0 62.0 63.0 
61.0 59.0 62.0 63.0 
60.0 59.0 60.0 61.0 
76.0 59.0 72.0 68.0 
60.0 58.0 63.0 63.0 
60.0 58.0 62.0 62.0 
60.0 60.0 61.0 61.0 
77.0 58.0 72.0 68.0 
60.0 56.0 62.0 62.0 
61.0 57.0 63.0 63.0 
60.0 59.0 61.0 61.0 
76.0 59.0 72.0 68.0 
60.0 58.0 63.0 62.0 
60.0 59.0 62.0 62.0 
60.0 60.0 60.0 61.0 
76.0 60.0 73.0 68.0 
60.0 58.0 63.0 64.0 
62.0 58.0 63.0 62.0 
61.0 59.0 61.0 61.0 
77.0 59.0 72.0 68.0 
61.0 58.0 64.0 63.0 
60.0 59.0 62.0 62.0 
60.0 60.0 60.0 61.0 
75.0 59.0 72.0 68.0 
60.0 58.0 63.0 63.0 
60.0 59.0 61.0 62.0 
60.0 59.0 60.0 60.0 
77.0 59.0 73.0 69.0 
60.0 58.0 63.0 63.0 
60.0 58.0 62.0 62.0 
60.0 59.0 60.0 62.0 
77.0 59.0 72.0 68.0 
61.0 57.0 63.0 61.0 
61.0 59.0 63.0 62.0 
60.0 60.0 59.0 61.0 
77.0 58.0 72.0 68.0 
61.0 58.0 63.0 63.0 
60.0 60.0 62.0 63.0 
60.0 58.0 61.0 61.0 
76.0 59.0 72.0 68.0 
61.0 58.0 63.0 63.0 
60.0 60.0 62.0 63.0 
60.0 60.0 61.0 60.0 
76.0 59.0 72.0 69.0 
60.0 57.0 63.0 63.0 
61.0 58.0 62.0 63.0 
60.0 58.0 60.0 61.0 
76.0 60.0 73.0 69.0 
61.0 58.0 63.0 63.0 
61.0 59.0 61.0 64.0 
60.0 59.0 60.0 61.0 
77.0 59.0 73.0 68.0 
61.0 58.0 64.0 63.0 
62.0 59.0 63.0 62.0 
60.0 59.0 61.0 61.0 
76.0 60.0 72.0 69.0 
60.0 58.0 63.0 63.0 
60.0 58.0 62.0 62.0 
61.0 60.0 60.0 61.0 
76.0 58.0 73.0 69.0 
60.0 58.0 63.0 62.0 
60.0 59.0 63.0 62.0 
61.0 59.0 60.0 61.0 
76.0 59.0 73.0 69.0 
61.0 58.0 64.0 62.0 
60.0 58.0 62.0 63.0 
61.0 59.0 60.0 61.0 
76.0 59.0 73.0 69.0 
61.0 58.0 62.0 62.0 
60.0 59.0 62.0 63.0 
61.0 59.0 61.0 61.0 
77.0 59.0 73.0 69.0 
61.0 58.0 64.0 62.0 
60.0 59.0 61.0 63.0 
61.0 59.0 60.0 61.0 
75.0 58.0 72.0 69.0 
60.0 58.0 63.0 64.0 
61.0 59.0 61.0 64.0 
60.0 59.0 61.0 61.0 
76.0 59.0 72.0 69.0 
60.0 58.0 63.0 62.0 
60.0 58.0 61.0 63.0 
60.0 59.0 60.0 60.0 
77.0 59.0 73.0 68.0 
60.0 59.0 63.0 63.0 
61.0 61.0 62.0 63.0 
60.0 59.0 60.0 61.0 
77.0 60.0 72.0 69.0 
61.0 58.0 63.0 61.0 
61.0 58.0 62.0 63.0 
61.0 59.0 61.0 60.0 
76.0 59.0 74.0 69.0 
59.0 58.0 63.0 62.0 
61.0 58.0 63.0 62.0 
61.0 59.0 60.0 60.0 
75.0 59.0 73.0 69.0 
61.0 57.0 63.0 62.0 
61.0 59.0 62.0 63.0 
61.0 60.0 59.0 62.0 
76.0 59.0 73.0 69.0 
61.0 58.0 63.0 63.0 
61.0 58.0 63.0 63.0 
61.0 60.0 60.0 62.0 
77.0 59.0 73.0 70.0 
60.0 58.0 63.0 63.0 
61.0 61.0 62.0 62.0 
60.0 59.0 60.0 61.0 
78.0 58.0 73.0 68.0 
61.0 58.0 63.0 62.0 
62.0 59.0 62.0 62.0 
61.0 59.0 59.0 61.0 
77.0 59.0 73.0 68.0 
61.0 58.0 63.0 63.0 
61.0 58.0 62.0 63.0 
61.0 59.0 60.0 61.0 
77.0 59.0 73.0 69.0 
61.0 58.0 63.0 63.0 
61.0 58.0 62.0 63.0 
60.0 59.0 60.0 61.0 
76.0 59.0 73.0 69.0 
60.0 58.0 63.0 62.0 
61.0 59.0 63.0 63.0 
61.0 60.0 60.0 60.0 
77.0 58.0 73.0 69.0 
60.0 59.0 63.0 62.0 
61.0 58.0 63.0 63.0 
61.0 59.0 61.0 60.0 
76.0 60.0 73.0 69.0 
60.0 59.0 63.0 63.0 
61.0 59.0 62.0 63.0 
61.0 58.0 60.0 61.0 
76.0 59.0 73.0 69.0 
61.0 59.0 63.0 62.0 
61.0 59.0 63.0 63.0 
61.0 59.0 61.0 61.0 
77.0 59.0 73.0 70.0 
61.0 58.0 63.0 63.0 
61.0 59.0 62.0 63.0 
60.0 59.0 61.0 61.0 
76.0 59.0 73.0 70.0 
61.0 58.0 64.0 63.0 
61.0 59.0 63.0 62.0 
60.0 60.0 60.0 61.0 
75.0 59.0 74.0 69.0 
60.0 58.0 63.0 63.0 
61.0 59.0 62.0 62.0 
60.0 60.0 60.0 61.0 
76.0 59.0 73.0 70.0 
61.0 58.0 65.0 62.0 
60.0 59.0 62.0 63.0 
60.0 60.0 60.0 61.0 
76.0 59.0 73.0 69.0 
60.0 58.0 64.0 62.0 
61.0 58.0 63.0 63.0 
60.0 59.0 60.0 61.0 
78.0 59.0 73.0 69.0 
61.0 58.0 64.0 63.0 
61.0 59.0 62.0 63.0 
60.0 59.0 61.0 60.0 
76.0 59.0 73.0 69.0 
60.0 58.0 64.0 63.0 
61.0 59.0 63.0 62.0 
60.0 59.0 60.0 61.0 
76.0 60.0 73.0 69.0 
61.0 58.0 64.0 63.0 
62.0 59.0 63.0 63.0 
61.0 58.0 61.0 60.0 
77.0 59.0 73.0 69.0 
61.0 59.0 64.0 62.0 
60.0 59.0 62.0 63.0 
59.0 60.0 60.0 61.0 
77.0 60.0 73.0 70.0 
62.0 58.0 63.0 62.0 
61.0 59.0 62.0 63.0 
60.0 59.0 61.0 62.0 
76.0 60.0 72.0 70.0 
61.0 58.0 65.0 63.0 
61.0 58.0 62.0 62.0 
61.0 59.0 60.0 61.0 
76.0 59.0 72.0 69.0 
60.0 59.0 63.0 63.0 
61.0 59.0 62.0 63.0 
60.0 60.0 60.0 60.0 
76.0 58.0 72.0 69.0 
61.0 59.0 64.0 62.0 
61.0 59.0 63.0 62.0 
60.0 60.0 60.0 61.0 
76.0 59.0 73.0 69.0 
61.0 59.0 63.0 63.0 
60.0 59.0 62.0 62.0 
60.0 60.0 60.0 61.0 
76.0 60.0 73.0 70.0 
61.0 58.0 64.0 62.0 
61.0 59.0 63.0 64.0 
60.0 59.0 61.0 61.0 
77.0 59.0 72.0 69.0 
61.0 58.0 65.0 63.0 
61.0 59.0 63.0 63.0 
61.0 59.0 60.0 60.0 
76.0 58.0 73.0 69.0 
61.0 58.0 64.0 63.0 
61.0 59.0 64.0 63.0 
61.0 60.0 59.0 61.0 
77.0 60.0 73.0 70.0 
60.0 58.0 63.0 63.0 
61.0 60.0 63.0 63.0 
61.0 60.0 60.0 61.0 
77.0 59.0 74.0 70.0 
61.0 59.0 64.0 63.0 
61.0 58.0 62.0 64.0 
60.0 59.0 61.0 60.0 
77.0 59.0 72.0 70.0 
61.0 58.0 64.0 63.0 
61.0 58.0 63.0 63.0 
60.0 59.0 60.0 61.0 
77.0 59.0 73.0 70.0 
61.0 59.0 64.0 63.0 
61.0 59.0 63.0 63.0 
60.0 61.0 60.0 61.0 
77.0 59.0 74.0 70.0 
61.0 58.0 63.0 62.0 
62.0 59.0 63.0 63.0 
61.0 59.0 60.0 61.0 
77.0 60.0 73.0 69.0 
61.0 58.0 64.0 63.0 
61.0 59.0 63.0 63.0 
60.0 60.0 61.0 60.0 
77.0 59.0 73.0 70.0 
61.0 58.0 64.0 63.0 
61.0 59.0 63.0 63.0 
60.0 59.0 60.0 61.0 
77.0 59.0 73.0 70.0 
61.0 58.0 64.0 63.0 
61.0 59.0 62.0 63.0 
60.0 59.0 61.0 60.0 
77.0 60.0 72.0 70.0 
61.0 58.0 64.0 63.0 
61.0 59.0 63.0 63.0 
60.0 60.0 61.0 60.0 
77.0 59.0 74.0 70.0 
61.0 60.0 64.0 63.0 
61.0 59.0 62.0 64.0 
60.0 60.0 60.0 62.0 
76.0 59.0 75.0 70.0 
61.0 59.0 64.0 63.0 
61.0 58.0 63.0 63.0 
60.0 60.0 60.0 60.0 
75.0 59.0 74.0 70.0 
62.0 59.0 64.0 62.0 
60.0 59.0 63.0 63.0 
60.0 60.0 60.0 61.0 
77.0 60.0 72.0 70.0 
61.0 58.0 64.0 63.0 
61.0 59.0 64.0 63.0 
60.0 60.0 60.0 61.0 
78.0 58.0 74.0 70.0 
60.0 59.0 63.0 63.0 
62.0 59.0 63.0 63.0 
60.0 60.0 60.0 62.0 
76.0 59.0 73.0 71.0 
61.0 59.0 64.0 63.0 
61.0 59.0 63.0 63.0 
60.0 59.0 61.0 60.0 
77.0 59.0 73.0 70.0 
61.0 58.0 64.0 62.0 
60.0 60.0 62.0 63.0 
60.0 59.0 60.0 60.0 
77.0 59.0 73.0 70.0 
62.0 59.0 64.0 63.0 
61.0 58.0 63.0 63.0 
60.0 59.0 60.0 61.0 
76.0 60.0 73.0 70.0 
62.0 58.0 65.0 63.0 
62.0 59.0 64.0 63.0 
61.0 60.0 60.0 61.0 
77.0 60.0 73.0 70.0 
59.0 58.0 64.0 63.0 
61.0 59.0 62.0 64.0 
60.0 60.0 60.0 60.0 
76.0 59.0 73.0 70.0 
61.0 57.0 64.0 63.0 
61.0 60.0 63.0 63.0 
61.0 60.0 60.0 60.0 
77.0 59.0 75.0 70.0 
60.0 58.0 63.0 63.0 
61.0 59.0 62.0 62.0 
60.0 60.0 60.0 61.0 
77.0 60.0 74.0 69.0 
60.0 59.0 65.0 63.0 
61.0 59.0 62.0 63.0 
60.0 60.0 61.0 61.0 
77.0 59.0 73.0 70.0 
61.0 58.0 65.0 63.0 
61.0 59.0 62.0 63.0 
59.0 60.0 59.0 61.0 
76.0 60.0 73.0 69.0 
62.0 57.0 64.0 62.0 
60.0 61.0 62.0 63.0 
62.0 59.0 60.0 62.0 
77.0 58.0 73.0 70.0 
61.0 58.0 64.0 63.0 
62.0 59.0 62.0 62.0 
60.0 60.0 59.0 61.0 
76.0 58.0 75.0 70.0 
60.0 60.0 63.0 63.0 
61.0 59.0 62.0 63.0 
61.0 60.0 61.0 61.0 
77.0 59.0 74.0 69.0 
61.0 59.0 64.0 63.0 
61.0 58.0 63.0 63.0 
60.0 60.0 60.0 62.0 
78.0 60.0 73.0 70.0 
61.0 59.0 64.0 62.0 
61.0 59.0 63.0 63.0 
61.0 60.0 61.0 61.0 
77.0 60.0 74.0 70.0 
62.0 58.0 64.0 62.0 
62.0 58.0 63.0 63.0 
61.0 61.0 61.0 61.0 
76.0 60.0 73.0 70.0 
61.0 59.0 64.0 64.0 
61.0 59.0 63.0 63.0 
60.0 59.0 61.0 61.0 
78.0 59.0 73.0 70.0 
61.0 58.0 64.0 63.0 
61.0 59.0 63.0 63.0 
60.0 60.0 60.0 61.0 
78.0 59.0 74.0 70.0 
61.0 59.0 63.0 63.0 
61.0 59.0 63.0 63.0 
60.0 59.0 61.0 61.0 
78.0 58.0 74.0 70.0 
62.0 58.0 64.0 63.0 
60.0 59.0 63.0 64.0 
60.0 60.0 61.0 61.0 
78.0 59.0 73.0 70.0 
60.0 59.0 64.0 63.0 
61.0 60.0 63.0 63.0 
60.0 59.0 59.0 60.0 
77.0 59.0 74.0 70.0 
61.0 59.0 65.0 63.0 
60.0 59.0 62.0 63.0 
61.0 60.0 61.0 61.0 
77.0 58.0 73.0 70.0 
62.0 58.0 64.0 64.0 
60.0 59.0 62.0 63.0 
61.0 59.0 61.0 62.0 
77.0 60.0 73.0 70.0 
60.0 58.0 64.0 64.0 
61.0 59.0 63.0 62.0 
61.0 60.0 61.0 62.0 
78.0 59.0 74.0 69.0 
61.0 59.0 64.0 63.0 
60.0 59.0 63.0 62.0 
60.0 60.0 61.0 62.0 
78.0 59.0 73.0 70.0 
62.0 58.0 64.0 63.0 
60.0 60.0 62.0 62.0 
61.0 59.0 60.0 63.0 
76.0 59.0 73.0 71.0 
62.0 58.0 65.0 63.0 
60.0 60.0 62.0 63.0 
61.0 59.0 61.0 62.0 
77.0 61.0 73.0 70.0 
63.0 58.0 69.0 66.0 
61.0 59.0 62.0 62.0 
61.0 59.0 63.0 62.0 
77.0 60.0 73.0 70.0 
62.0 58.0 68.0 66.0 
62.0 58.0 62.0 62.0 
62.0 58.0 64.0 63.0 
75.0 60.0 72.0 67.0 
63.0 59.0 68.0 66.0 
59.0 59.0 61.0 63.0 
62.0 60.0 62.0 62.0 
76.0 58.0 73.0 69.0 
62.0 59.0 68.0 66.0 
61.0 59.0 62.0 63.0 
61.0 60.0 61.0 62.0 
76.0 59.0 73.0 68.0 
63.0 59.0 68.0 66.0 
61.0 59.0 63.0 63.0 
61.0 61.0 61.0 62.0 
76.0 58.0 72.0 68.0 
63.0 59.0 68.0 66.0 
61.0 57.0 63.0 62.0 
62.0 60.0 61.0 63.0 
74.0 59.0 73.0 68.0 
62.0 59.0 69.0 68.0 
61.0 59.0 62.0 62.0 
61.0 60.0 61.0 63.0 
76.0 60.0 73.0 68.0 
63.0 58.0 68.0 67.0 
61.0 60.0 62.0 63.0 
61.0 59.0 62.0 63.0 
77.0 59.0 71.0 69.0 
63.0 58.0 68.0 67.0 
61.0 59.0 62.0 63.0 
62.0 59.0 62.0 63.0 
76.0 59.0 73.0 69.0 
62.0 59.0 67.0 66.0 
61.0 59.0 63.0 63.0 
61.0 59.0 61.0 62.0 
76.0 60.0 75.0 69.0 
63.0 58.0 70.0 67.0 
61.0 59.0 62.0 63.0 
61.0 60.0 61.0 62.0 
78.0 60.0 73.0 70.0 
63.0 59.0 69.0 66.0 
62.0 58.0 63.0 63.0 
61.0 60.0 62.0 62.0 
78.0 60.0 74.0 69.0 
63.0 59.0 68.0 67.0 
60.0 58.0 63.0 63.0 
62.0 60.0 61.0 62.0 
76.0 60.0 73.0 71.0 
63.0 58.0 68.0 66.0 
60.0 59.0 63.0 64.0 
61.0 60.0 62.0 62.0 
76.0 60.0 74.0 68.0 
63.0 58.0 68.0 67.0 
61.0 60.0 62.0 63.0 
61.0 60.0 62.0 63.0 
78.0 60.0 72.0 68.0 
63.0 58.0 69.0 67.0 
61.0 60.0 63.0 63.0 
62.0 60.0 62.0 63.0 
77.0 59.0 74.0 69.0 
63.0 58.0 69.0 67.0 
61.0 59.0 62.0 63.0 
61.0 59.0 62.0 63.0 
78.0 59.0 73.0 71.0 
63.0 59.0 70.0 67.0 
61.0 58.0 62.0 63.0 
61.0 60.0 60.0 62.0 
77.0 59.0 74.0 70.0 
63.0 59.0 70.0 67.0 
61.0 59.0 63.0 62.0 
61.0 60.0 60.0 62.0 
77.0 60.0 71.0 69.0 
64.0 59.0 69.0 68.0 
61.0 59.0 62.0 63.0 
61.0 59.0 62.0 61.0 
77.0 60.0 72.0 69.0 
64.0 58.0 70.0 68.0 
60.0 58.0 62.0 63.0 
61.0 60.0 61.0 62.0 
77.0 60.0 73.0 69.0 
64.0 58.0 69.0 68.0 
61.0 59.0 63.0 63.0 
61.0 60.0 62.0 62.0 
77.0 60.0 72.0 69.0 
64.0 58.0 69.0 68.0 
61.0 59.0 63.0 63.0 
61.0 60.0 61.0 62.0 
77.0 59.0 74.0 68.0 
63.0 58.0 68.0 68.0 
60.0 59.0 63.0 64.0 
61.0 61.0 61.0 62.0 
78.0 59.0 76.0 69.0 
63.0 59.0 68.0 68.0 
61.0 58.0 62.0 63.0 
63.0 60.0 61.0 61.0 
78.0 59.0 76.0 71.0 
65.0 58.0 69.0 68.0 
59.0 59.0 62.0 64.0 
61.0 60.0 61.0 62.0 
76.0 60.0 76.0 69.0 
63.0 59.0 69.0 67.0 
61.0 59.0 62.0 63.0 
62.0 59.0 61.0 62.0 
78.0 59.0 77.0 72.0 
63.0 59.0 70.0 69.0 
61.0 59.0 62.0 62.0 
61.0 60.0 60.0 62.0 
78.0 59.0 78.0 72.0 
64.0 59.0 71.0 69.0 
60.0 59.0 62.0 63.0 
61.0 62.0 59.0 62.0 
78.0 59.0 78.0 71.0 
64.0 58.0 73.0 68.0 
60.0 58.0 60.0 63.0 
60.0 57.0 61.0 62.0 
74.0 59.0 78.0 71.0 
64.0 59.0 72.0 68.0 
60.0 59.0 61.0 62.0 
61.0 60.0 61.0 62.0 
75.0 60.0 79.0 71.0 
65.0 59.0 73.0 68.0 
61.0 59.0 61.0 62.0 
61.0 60.0 61.0 62.0 
74.0 60.0 80.0 70.0 
64.0 59.0 74.0 69.0 
61.0 58.0 60.0 62.0 
61.0 60.0 61.0 62.0 
73.0 60.0 79.0 71.0 
64.0 59.0 73.0 69.0 
60.0 59.0 60.0 60.0 
62.0 61.0 62.0 62.0 
76.0 59.0 79.0 70.0 
65.0 59.0 73.0 68.0 
59.0 58.0 59.0 60.0 
61.0 60.0 62.0 61.0 
75.0 59.0 79.0 70.0 
64.0 58.0 73.0 68.0 
59.0 59.0 59.0 60.0 
61.0 60.0 62.0 62.0 
76.0 60.0 82.0 71.0 
64.0 59.0 73.0 68.0 
58.0 59.0 60.0 60.0 
61.0 60.0 62.0 61.0 
77.0 60.0 81.0 71.0 
64.0 59.0 73.0 69.0 
59.0 59.0 59.0 60.0 
60.0 60.0 62.0 62.0 
78.0 60.0 81.0 72.0 
64.0 59.0 73.0 69.0 
58.0 59.0 60.0 61.0 
61.0 60.0 63.0 62.0 
72.0 60.0 79.0 72.0 
64.0 59.0 70.0 68.0 
59.0 60.0 59.0 60.0 
61.0 60.0 63.0 62.0 
66.0 60.0 79.0 71.0 
64.0 58.0 70.0 68.0 
59.0 59.0 60.0 61.0 
61.0 60.0 63.0 61.0 
70.0 59.0 80.0 73.0 
63.0 59.0 72.0 67.0 
59.0 59.0 60.0 61.0 
61.0 59.0 65.0 62.0 
77.0 60.0 80.0 74.0 
63.0 58.0 72.0 67.0 
59.0 59.0 60.0 60.0 
63.0 60.0 66.0 62.0 
65.0 60.0 80.0 71.0 
63.0 59.0 72.0 67.0 
60.0 59.0 59.0 60.0 
61.0 60.0 65.0 62.0 
80.0 59.0 79.0 73.0 
63.0 58.0 72.0 67.0 
59.0 59.0 59.0 60.0 
61.0 60.0 65.0 62.0 
78.0 59.0 82.0 74.0 
63.0 59.0 71.0 67.0 
59.0 59.0 60.0 60.0 
61.0 61.0 65.0 63.0 
65.0 59.0 81.0 72.0 
63.0 60.0 69.0 67.0 
59.0 59.0 59.0 61.0 
62.0 60.0 65.0 63.0 
69.0 60.0 80.0 74.0 
64.0 58.0 67.0 67.0 
60.0 60.0 60.0 60.0 
61.0 60.0 64.0 63.0 
79.0 59.0 80.0 74.0 
63.0 59.0 69.0 67.0 
59.0 59.0 60.0 60.0 
61.0 60.0 63.0 64.0 
73.0 59.0 81.0 73.0 
63.0 58.0 69.0 68.0 
60.0 59.0 61.0 60.0 
61.0 60.0 63.0 61.0 
69.0 59.0 79.0 72.0 
64.0 59.0 67.0 68.0 
61.0 59.0 63.0 62.0 
62.0 60.0 60.0 63.0 
74.0 59.0 78.0 73.0 
64.0 59.0 67.0 68.0 
61.0 59.0 60.0 63.0 
62.0 60.0 61.0 62.0 
71.0 60.0 77.0 73.0 
64.0 59.0 67.0 69.0 
61.0 59.0 62.0 63.0 
63.0 60.0 61.0 62.0 
65.0 59.0 77.0 72.0 
65.0 59.0 67.0 68.0 
62.0 59.0 61.0 62.0 
62.0 59.0 61.0 62.0 
64.0 62.0 77.0 71.0 
63.0 64.0 67.0 67.0 
61.0 61.0 61.0 63.0 
61.0 61.0 61.0 62.0 
65.0 59.0 76.0 72.0 
65.0 59.0 67.0 71.0 
61.0 60.0 61.0 63.0 
61.0 60.0 61.0 62.0 
66.0 60.0 76.0 72.0 
63.0 60.0 67.0 70.0 
61.0 58.0 60.0 62.0 
61.0 60.0 60.0 62.0 
67.0 59.0 79.0 74.0 
63.0 59.0 63.0 66.0 
62.0 58.0 63.0 66.0 
62.0 60.0 63.0 64.0 
67.0 60.0 79.0 76.0 
65.0 58.0 67.0 70.0 
62.0 60.0 61.0 64.0 
61.0 60.0 61.0 62.0 
68.0 59.0 75.0 74.0 
66.0 59.0 67.0 70.0 
62.0 59.0 61.0 64.0 
62.0 60.0 61.0 62.0 
65.0 64.0 75.0 72.0 
64.0 63.0 66.0 67.0 
62.0 62.0 61.0 63.0 
61.0 63.0 60.0 63.0 
64.0 63.0 74.0 72.0 
63.0 63.0 64.0 68.0 
61.0 62.0 60.0 63.0 
63.0 63.0 61.0 63.0 
63.0 64.0 74.0 72.0 
63.0 62.0 64.0 67.0 
63.0 63.0 63.0 65.0 
63.0 63.0 62.0 64.0 
64.0 64.0 72.0 73.0 
62.0 63.0 63.0 67.0 
63.0 64.0 61.0 65.0 
64.0 64.0 60.0 65.0 
64.0 64.0 71.0 74.0 
62.0 62.0 61.0 66.0 
62.0 63.0 62.0 65.0 
64.0 66.0 62.0 66.0 
64.0 65.0 66.0 78.0 
61.0 64.0 61.0 65.0 
63.0 63.0 61.0 66.0 
66.0 66.0 61.0 67.0 
64.0 65.0 61.0 80.0 
62.0 62.0 60.0 66.0 
64.0 64.0 60.0 67.0 
66.0 66.0 61.0 67.0 
64.0 66.0 61.0 82.0 
61.0 62.0 59.0 67.0 
64.0 66.0 60.0 68.0 
65.0 66.0 61.0 67.0 
63.0 67.0 61.0 82.0 
62.0 63.0 60.0 68.0 
68.0 69.0 60.0 72.0 
59.0 60.0 60.0 66.0 
63.0 65.0 62.0 83.0 
63.0 63.0 59.0 69.0 
69.0 70.0 61.0 73.0 
58.0 59.0 61.0 58.0 
64.0 66.0 70.0 81.0 
63.0 63.0 61.0 68.0 
69.0 71.0 61.0 74.0 
58.0 59.0 60.0 59.0 
63.0 66.0 73.0 80.0 
63.0 63.0 63.0 68.0 
69.0 71.0 62.0 72.0 
58.0 59.0 59.0 59.0 
63.0 64.0 84.0 61.0 
64.0 68.0 65.0 60.0 
72.0 75.0 64.0 61.0 
58.0 59.0 58.0 62.0 
68.0 59.0 88.0 81.0 
65.0 59.0 66.0 70.0 
75.0 59.0 65.0 76.0 
58.0 61.0 58.0 59.0 
70.0 59.0 96.0 81.0 
65.0 60.0 65.0 70.0 
74.0 60.0 64.0 77.0 
58.0 61.0 58.0 59.0 
68.0 59.0 102.0 79.0 
65.0 59.0 68.0 69.0 
76.0 60.0 66.0 77.0 
59.0 60.0 58.0 59.0 
71.0 59.0 108.0 80.0 
65.0 59.0 72.0 69.0 
75.0 58.0 87.0 78.0 
58.0 60.0 56.0 59.0 
68.0 59.0 113.0 80.0 
64.0 59.0 72.0 69.0 
70.0 59.0 83.0 74.0 
69.0 60.0 76.0 71.0 
71.0 59.0 114.0 81.0 
62.0 60.0 71.0 68.0 
70.0 59.0 90.0 73.0 
71.0 59.0 81.0 70.0 
65.0 59.0 118.0 80.0 
63.0 58.0 71.0 66.0 
70.0 59.0 91.0 73.0 
70.0 59.0 82.0 70.0 
66.0 59.0 128.0 81.0 
63.0 58.0 73.0 67.0 
71.0 59.0 96.0 75.0 
70.0 60.0 85.0 72.0 
67.0 59.0 135.0 82.0 
63.0 59.0 71.0 66.0 
71.0 59.0 99.0 75.0 
70.0 60.0 99.0 72.0 
65.0 60.0 138.0 84.0 
62.0 59.0 72.0 66.0 
70.0 59.0 145.0 78.0 
71.0 60.0 136.0 74.0 
71.0 59.0 154.0 85.0 
62.0 58.0 74.0 65.0 
70.0 59.0 166.0 81.0 
71.0 60.0 156.0 78.0 
69.0 59.0 175.0 87.0 
62.0 59.0 76.0 65.0 
72.0 59.0 233.0 86.0 
71.0 60.0 213.0 81.0 
68.0 60.0 228.0 91.0 
61.0 60.0 78.0 64.0 
74.0 61.0 324.0 95.0 
71.0 60.0 262.0 85.0 
69.0 60.0 269.0 94.0 
61.0 59.0 79.0 64.0 
76.0 63.0 373.0 102.0 
72.0 61.0 311.0 91.0 
71.0 61.0 303.0 100.0 
60.0 58.0 80.0 64.0 
77.0 63.0 390.0 105.0 
73.0 62.0 323.0 93.0 
74.0 60.0 312.0 104.0 
61.0 59.0 79.0 65.0 
82.0 62.0 460.0 117.0 
73.0 63.0 346.0 98.0 
78.0 61.0 344.0 109.0 
61.0 58.0 81.0 64.0 
86.0 66.0 504.0 129.0 
74.0 63.0 344.0 99.0 
81.0 63.0 351.0 120.0 
60.0 60.0 76.0 64.0 
87.0 67.0 525.0 132.0 
75.0 62.0 365.0 105.0 
86.0 63.0 378.0 127.0 
61.0 59.0 74.0 63.0 
82.0 64.0 456.0 123.0 
75.0 62.0 353.0 104.0 
88.0 64.0 413.0 136.0 
60.0 59.0 73.0 62.0 
81.0 64.0 425.0 119.0 
78.0 63.0 391.0 112.0 
92.0 65.0 466.0 158.0 
59.0 58.0 69.0 62.0 
80.0 62.0 414.0 119.0 
76.0 61.0 386.0 112.0 
95.0 66.0 479.0 167.0 
60.0 58.0 69.0 62.0 
83.0 64.0 432.0 125.0 
78.0 64.0 368.0 111.0 
95.0 65.0 490.0 171.0 
60.0 59.0 68.0 62.0 
83.0 63.0 423.0 127.0 
78.0 62.0 374.0 114.0 
94.0 65.0 463.0 172.0 
60.0 59.0 68.0 62.0 
81.0 63.0 402.0 130.0 
78.0 63.0 366.0 119.0 
92.0 62.0 393.0 185.0 
60.0 59.0 69.0 62.0 
82.0 64.0 408.0 136.0 
76.0 64.0 356.0 119.0 
95.0 63.0 414.0 214.0 
59.0 59.0 66.0 61.0 
85.0 63.0 420.0 153.0 
76.0 62.0 343.0 129.0 
98.0 65.0 443.0 266.0 
59.0 59.0 66.0 61.0 
87.0 63.0 392.0 180.0 
76.0 62.0 325.0 137.0 
101.0 66.0 412.0 324.0 
60.0 59.0 66.0 60.0 
89.0 62.0 377.0 238.0 
76.0 61.0 297.0 165.0 
103.0 65.0 375.0 359.0 
59.0 59.0 64.0 59.0 
93.0 62.0 333.0 306.0 
76.0 60.0 267.0 187.0 
104.0 64.0 331.0 386.0 
59.0 59.0 64.0 58.0 
101.0 63.0 323.0 407.0 
74.0 60.0 224.0 196.0 
102.0 62.0 299.0 403.0 
59.0 59.0 65.0 56.0 
109.0 65.0 310.0 472.0 
76.0 60.0 200.0 209.0 
111.0 65.0 306.0 503.0 
59.0 59.0 65.0 55.0 
109.0 65.0 270.0 474.0 
74.0 60.0 177.0 193.0 
113.0 66.0 277.0 495.0 
58.0 59.0 66.0 54.0 
110.0 65.0 245.0 475.0 
72.0 60.0 148.0 181.0 
117.0 66.0 271.0 517.0 
59.0 59.0 69.0 56.0 
111.0 64.0 236.0 488.0 
71.0 61.0 137.0 178.0 
112.0 65.0 251.0 487.0 
59.0 59.0 72.0 52.0 
109.0 64.0 224.0 484.0 
73.0 61.0 129.0 190.0 
114.0 66.0 244.0 505.0 
58.0 59.0 70.0 54.0 
108.0 63.0 194.0 456.0 
71.0 60.0 123.0 178.0 
115.0 65.0 234.0 512.0 
57.0 59.0 67.0 51.0 
116.0 65.0 208.0 517.0 
71.0 60.0 118.0 168.0 
117.0 65.0 211.0 480.0 
58.0 59.0 66.0 50.0 
110.0 64.0 185.0 479.0 
72.0 60.0 108.0 161.0 
120.0 65.0 201.0 484.0 
58.0 59.0 68.0 52.0 
106.0 62.0 160.0 432.0 
69.0 60.0 97.0 139.0 
126.0 65.0 196.0 497.0 
58.0 59.0 68.0 54.0 
109.0 65.0 161.0 462.0 
67.0 60.0 93.0 141.0 
133.0 65.0 176.0 534.0 
59.0 59.0 68.0 53.0 
104.0 62.0 130.0 406.0 
68.0 60.0 85.0 132.0 
136.0 66.0 159.0 488.0 
59.0 59.0 68.0 55.0 
108.0 62.0 135.0 425.0 
66.0 61.0 80.0 119.0 
137.0 64.0 145.0 473.0 
58.0 59.0 67.0 56.0 
107.0 61.0 115.0 355.0 
73.0 60.0 88.0 167.0 
151.0 64.0 148.0 482.0 
59.0 58.0 67.0 56.0 
110.0 61.0 111.0 354.0 
74.0 61.0 77.0 166.0 
153.0 63.0 139.0 459.0 
58.0 59.0 68.0 58.0 
114.0 61.0 102.0 344.0 
72.0 60.0 74.0 153.0 
148.0 63.0 129.0 413.0 
59.0 58.0 69.0 59.0 
128.0 61.0 105.0 351.0 
72.0 61.0 72.0 147.0 
155.0 62.0 128.0 395.0 
59.0 58.0 68.0 63.0 
129.0 61.0 106.0 337.0 
66.0 60.0 66.0 96.0 
157.0 61.0 119.0 360.0 
59.0 60.0 68.0 64.0 
133.0 60.0 100.0 325.0 
64.0 60.0 63.0 82.0 
165.0 62.0 119.0 352.0 
59.0 59.0 68.0 64.0 
140.0 60.0 103.0 305.0 
63.0 61.0 62.0 67.0 
175.0 61.0 119.0 345.0 
59.0 59.0 69.0 64.0 
139.0 61.0 97.0 274.0 
64.0 60.0 63.0 70.0 
170.0 491.0 114.0 299.0 
58.0 60.0 67.0 65.0 
131.0 343.0 92.0 234.0 
66.0 60.0 64.0 77.0 
180.0 618.0 112.0 293.0 
58.0 57.0 68.0 65.0 
120.0 365.0 87.0 203.0 
65.0 89.0 64.0 75.0 
187.0 595.0 110.0 272.0 
59.0 58.0 67.0 65.0 
124.0 366.0 86.0 191.0 
63.0 77.0 63.0 68.0 
195.0 611.0 107.0 256.0 
60.0 57.0 67.0 65.0 
129.0 378.0 84.0 165.0 
65.0 84.0 64.0 68.0 
202.0 630.0 104.0 237.0 
58.0 57.0 67.0 65.0 
136.0 393.0 82.0 160.0 
62.0 76.0 62.0 66.0 
215.0 627.0 102.0 221.0 
58.0 57.0 66.0 63.0 
141.0 387.0 82.0 155.0 
62.0 75.0 63.0 68.0 
229.0 628.0 104.0 208.0 
58.0 59.0 67.0 64.0 
133.0 351.0 80.0 136.0 
65.0 76.0 64.0 67.0 
253.0 646.0 102.0 209.0 
59.0 60.0 68.0 66.0 
139.0 332.0 82.0 135.0 
62.0 72.0 68.0 66.0 
270.0 635.0 101.0 200.0 
61.0 63.0 71.0 66.0 
148.0 347.0 81.0 124.0 
62.0 75.0 66.0 67.0 
290.0 604.0 100.0 188.0 
61.0 63.0 70.0 68.0 
163.0 368.0 78.0 126.0 
64.0 78.0 63.0 66.0 
332.0 562.0 100.0 176.0 
62.0 67.0 71.0 68.0 
167.0 352.0 78.0 119.0 
63.0 75.0 62.0 65.0 
355.0 558.0 100.0 172.0 
65.0 72.0 72.0 70.0 
173.0 346.0 77.0 116.0 
63.0 72.0 63.0 64.0 
429.0 504.0 100.0 153.0 
66.0 71.0 74.0 69.0 
185.0 279.0 76.0 105.0 
47.0 42.0 59.0 56.0 
458.0 447.0 100.0 141.0 
68.0 69.0 73.0 69.0 
249.0 257.0 77.0 105.0 
45.0 45.0 58.0 58.0 
503.0 412.0 100.0 135.0 
70.0 68.0 74.0 68.0 
273.0 214.0 76.0 97.0 
43.0 48.0 59.0 59.0 
523.0 350.0 97.0 124.0 
71.0 68.0 74.0 68.0 
288.0 194.0 75.0 94.0 
43.0 49.0 59.0 58.0 
549.0 326.0 99.0 122.0 
72.0 68.0 75.0 69.0 
269.0 153.0 74.0 87.0 
41.0 50.0 59.0 59.0 
561.0 303.0 100.0 118.0 
76.0 68.0 74.0 69.0 
292.0 149.0 75.0 89.0 
41.0 51.0 59.0 59.0 
577.0 263.0 97.0 111.0 
79.0 66.0 75.0 69.0 
320.0 141.0 78.0 89.0 
39.0 53.0 58.0 58.0 
560.0 217.0 100.0 104.0 
80.0 66.0 76.0 69.0 
300.0 119.0 92.0 86.0 
40.0 54.0 58.0 58.0 
564.0 205.0 102.0 102.0 
77.0 65.0 79.0 70.0 
296.0 115.0 115.0 87.0 
40.0 54.0 57.0 59.0 
520.0 186.0 103.0 99.0 
79.0 64.0 80.0 69.0 
335.0 118.0 125.0 88.0 
40.0 55.0 57.0 59.0 
542.0 181.0 104.0 99.0 
76.0 64.0 81.0 70.0 
303.0 109.0 131.0 86.0 
39.0 56.0 56.0 58.0 
526.0 168.0 102.0 96.0 
75.0 64.0 82.0 70.0 
262.0 102.0 139.0 85.0 
41.0 56.0 56.0 59.0 
506.0 154.0 108.0 97.0 
77.0 64.0 85.0 69.0 
291.0 106.0 188.0 89.0 
40.0 56.0 54.0 59.0 
494.0 139.0 116.0 96.0 
80.0 59.0 87.0 70.0 
318.0 98.0 189.0 91.0 
162.0 61.0 156.0 81.0 
510.0 66.0 107.0 114.0 
69.0 62.0 81.0 67.0 
277.0 101.0 234.0 91.0 
146.0 77.0 188.0 77.0 
434.0 128.0 99.0 87.0 
69.0 64.0 82.0 68.0 
252.0 98.0 343.0 97.0 
138.0 69.0 262.0 84.0 
408.0 109.0 92.0 87.0 
67.0 59.0 86.0 70.0 
200.0 92.0 437.0 108.0 
109.0 68.0 326.0 88.0 
367.0 107.0 84.0 83.0 
66.0 62.0 87.0 70.0 
162.0 95.0 502.0 111.0 
96.0 72.0 372.0 93.0 
353.0 109.0 76.0 79.0 
63.0 61.0 86.0 68.0 
110.0 91.0 531.0 113.0 
77.0 77.0 418.0 96.0 
287.0 98.0 71.0 76.0 
63.0 62.0 85.0 68.0 
93.0 89.0 572.0 113.0 
76.0 78.0 459.0 100.0 
176.0 79.0 65.0 71.0 
62.0 62.0 85.0 67.0 
88.0 85.0 591.0 115.0 
77.0 79.0 491.0 103.0 
160.0 60.0 63.0 78.0 
62.0 59.0 84.0 69.0 
85.0 65.0 610.0 122.0 
80.0 75.0 537.0 110.0 
150.0 60.0 61.0 76.0 
61.0 59.0 85.0 68.0 
78.0 82.0 648.0 121.0 
76.0 81.0 593.0 113.0 
114.0 69.0 57.0 69.0 
61.0 61.0 83.0 67.0 
81.0 84.0 672.0 127.0 
78.0 81.0 621.0 121.0 
108.0 69.0 57.0 68.0 
62.0 62.0 84.0 67.0 
81.0 85.0 681.0 133.0 
78.0 83.0 636.0 126.0 
105.0 68.0 58.0 69.0 
61.0 61.0 83.0 67.0 
81.0 86.0 688.0 142.0 
78.0 83.0 631.0 131.0 
103.0 67.0 58.0 68.0 
60.0 62.0 82.0 68.0 
80.0 87.0 695.0 148.0 
79.0 83.0 634.0 136.0 
102.0 67.0 58.0 68.0 
60.0 61.0 80.0 67.0 
80.0 94.0 699.0 164.0 
78.0 90.0 658.0 153.0 
104.0 59.0 58.0 71.0 
62.0 59.0 78.0 68.0 
94.0 62.0 703.0 196.0 
89.0 64.0 671.0 181.0 
101.0 60.0 57.0 69.0 
61.0 59.0 80.0 69.0 
95.0 63.0 692.0 242.0 
89.0 65.0 650.0 212.0 
97.0 59.0 57.0 68.0 
61.0 59.0 78.0 70.0 
99.0 63.0 700.0 295.0 
82.0 90.0 643.0 258.0 
94.0 60.0 55.0 65.0 
62.0 58.0 79.0 72.0 
104.0 109.0 695.0 360.0 
82.0 95.0 644.0 304.0 
90.0 60.0 55.0 62.0 
61.0 58.0 78.0 72.0 
108.0 111.0 695.0 416.0 
85.0 103.0 654.0 367.0 
89.0 60.0 56.0 61.0 
61.0 59.0 76.0 73.0 
94.0 130.0 677.0 495.0 
88.0 116.0 638.0 419.0 
87.0 59.0 58.0 60.0 
61.0 59.0 75.0 73.0 
96.0 140.0 665.0 543.0 
90.0 119.0 612.0 442.0 
81.0 60.0 59.0 60.0 
61.0 59.0 72.0 71.0 
98.0 143.0 649.0 568.0 
88.0 129.0 599.0 458.0 
81.0 63.0 59.0 60.0 
59.0 62.0 70.0 69.0 
97.0 155.0 631.0 610.0 
89.0 133.0 591.0 473.0 
71.0 59.0 60.0 59.0 
60.0 59.0 70.0 69.0 
103.0 154.0 637.0 644.0 
97.0 133.0 570.0 490.0 
70.0 59.0 61.0 57.0 
61.0 60.0 72.0 70.0 
103.0 152.0 598.0 657.0 
101.0 128.0 555.0 514.0 
66.0 60.0 62.0 57.0 
60.0 59.0 70.0 66.0 
139.0 157.0 569.0 674.0 
100.0 132.0 514.0 511.0 
69.0 60.0 64.0 57.0 
61.0 59.0 69.0 65.0 
138.0 70.0 541.0 676.0 
123.0 73.0 494.0 549.0 
62.0 60.0 64.0 56.0 
61.0 59.0 71.0 64.0 
137.0 70.0 510.0 667.0 
124.0 70.0 470.0 595.0 
61.0 59.0 66.0 56.0 
60.0 58.0 68.0 62.0 
138.0 68.0 485.0 678.0 
125.0 68.0 433.0 599.0 
60.0 59.0 68.0 55.0 
60.0 60.0 68.0 60.0 
140.0 66.0 468.0 689.0 
125.0 68.0 411.0 617.0 
61.0 59.0 69.0 55.0 
59.0 59.0 68.0 60.0 
143.0 66.0 440.0 694.0 
127.0 67.0 388.0 620.0 
60.0 60.0 68.0 54.0 
59.0 58.0 68.0 59.0 
146.0 65.0 407.0 692.0 
129.0 66.0 368.0 625.0 
60.0 59.0 69.0 53.0 
60.0 59.0 70.0 58.0 
145.0 66.0 385.0 687.0 
129.0 66.0 349.0 626.0 
60.0 61.0 71.0 53.0 
60.0 59.0 69.0 57.0 
149.0 64.0 360.0 660.0 
135.0 64.0 337.0 641.0 
60.0 60.0 71.0 52.0 
59.0 59.0 69.0 55.0 
155.0 64.0 340.0 686.0 
141.0 65.0 320.0 655.0 
60.0 59.0 73.0 52.0 
59.0 59.0 68.0 55.0 
157.0 64.0 332.0 676.0 
145.0 64.0 312.0 661.0 
59.0 60.0 73.0 52.0 
60.0 59.0 67.0 54.0 
158.0 64.0 312.0 669.0 
153.0 64.0 300.0 669.0 
59.0 59.0 73.0 53.0 
59.0 59.0 67.0 54.0 
164.0 64.0 309.0 680.0 
155.0 65.0 292.0 669.0 
60.0 60.0 73.0 52.0 
58.0 60.0 67.0 55.0 
176.0 63.0 303.0 691.0 
165.0 64.0 281.0 663.0 
61.0 59.0 76.0 53.0 
59.0 59.0 65.0 52.0 
180.0 63.0 288.0 679.0 
167.0 64.0 271.0 658.0 
62.0 60.0 76.0 54.0 
58.0 59.0 63.0 50.0 
175.0 63.0 283.0 667.0 
165.0 64.0 267.0 646.0 
63.0 61.0 77.0 54.0 
58.0 59.0 63.0 50.0 
177.0 63.0 255.0 652.0 
167.0 63.0 234.0 615.0 
63.0 59.0 78.0 57.0 
57.0 59.0 62.0 49.0 
200.0 64.0 235.0 625.0 
185.0 66.0 214.0 577.0 
64.0 59.0 78.0 56.0 
57.0 60.0 63.0 51.0 
201.0 64.0 231.0 598.0 
189.0 68.0 213.0 566.0 
64.0 60.0 78.0 59.0 
57.0 60.0 65.0 52.0 
212.0 65.0 209.0 575.0 
193.0 67.0 185.0 516.0 
64.0 60.0 79.0 60.0 
57.0 59.0 63.0 52.0 
216.0 66.0 190.0 543.0 
199.0 66.0 173.0 496.0 
63.0 60.0 79.0 61.0 
56.0 59.0 63.0 52.0 
222.0 66.0 178.0 511.0 
202.0 64.0 162.0 461.0 
63.0 60.0 80.0 62.0 
56.0 59.0 63.0 54.0 
225.0 65.0 156.0 487.0 
198.0 63.0 140.0 436.0 
63.0 60.0 81.0 63.0 
56.0 58.0 66.0 56.0 
229.0 64.0 145.0 455.0 
207.0 63.0 143.0 412.0 
62.0 60.0 84.0 61.0 
55.0 59.0 67.0 56.0 
245.0 63.0 145.0 442.0 
221.0 63.0 136.0 366.0 
61.0 60.0 81.0 63.0 
55.0 60.0 68.0 58.0 
249.0 542.0 143.0 403.0 
212.0 501.0 130.0 337.0 
62.0 59.0 82.0 63.0 
55.0 59.0 68.0 58.0 
265.0 62.0 133.0 392.0 
224.0 498.0 123.0 325.0 
60.0 61.0 83.0 65.0 
56.0 59.0 67.0 60.0 
286.0 63.0 128.0 392.0 
252.0 62.0 116.0 329.0 
59.0 60.0 81.0 64.0 
54.0 59.0 66.0 60.0 
313.0 63.0 122.0 369.0 
279.0 62.0 112.0 310.0 
59.0 60.0 80.0 66.0 
53.0 60.0 67.0 61.0 
374.0 64.0 118.0 344.0 
323.0 62.0 106.0 286.0 
56.0 59.0 83.0 66.0 
51.0 59.0 68.0 60.0 
432.0 64.0 120.0 330.0 
369.0 63.0 104.0 264.0 
55.0 59.0 82.0 68.0 
50.0 59.0 69.0 63.0 
475.0 66.0 120.0 316.0 
417.0 64.0 104.0 248.0 
53.0 59.0 83.0 69.0 
50.0 60.0 68.0 63.0 
504.0 67.0 112.0 283.0 
442.0 65.0 95.0 227.0 
54.0 60.0 82.0 68.0 
49.0 59.0 70.0 66.0 
548.0 67.0 109.0 274.0 
461.0 66.0 91.0 216.0 
54.0 59.0 82.0 68.0 
50.0 59.0 73.0 68.0 
569.0 66.0 108.0 262.0 
480.0 66.0 97.0 207.0 
51.0 61.0 82.0 70.0 
49.0 59.0 72.0 68.0 
593.0 65.0 104.0 253.0 
482.0 65.0 94.0 198.0 
51.0 60.0 82.0 70.0 
49.0 59.0 72.0 67.0 
628.0 65.0 105.0 234.0 
513.0 67.0 95.0 185.0 
52.0 59.0 83.0 71.0 
50.0 59.0 71.0 68.0 
649.0 64.0 101.0 230.0 
513.0 67.0 93.0 178.0 
53.0 59.0 85.0 72.0 
49.0 59.0 69.0 66.0 
671.0 64.0 94.0 229.0 
508.0 67.0 86.0 173.0 
63.0 59.0 89.0 77.0 
60.0 59.0 69.0 69.0 
698.0 62.0 89.0 223.0 
497.0 66.0 84.0 165.0 
63.0 60.0 89.0 76.0 
60.0 59.0 69.0 69.0 
785.0 61.0 103.0 223.0 
445.0 65.0 87.0 143.0 
64.0 60.0 90.0 76.0 
59.0 58.0 70.0 67.0 
791.0 62.0 104.0 208.0 
42.0 59.0 58.0 57.0 
64.0 61.0 91.0 78.0 
61.0 59.0 70.0 67.0 
799.0 62.0 101.0 199.0 
42.0 60.0 59.0 57.0 
66.0 60.0 93.0 79.0 
63.0 59.0 69.0 67.0 
808.0 61.0 90.0 189.0 
43.0 60.0 58.0 56.0 
67.0 60.0 95.0 79.0 
63.0 59.0 67.0 67.0 
791.0 61.0 101.0 182.0 
40.0 60.0 58.0 56.0 
66.0 59.0 94.0 79.0 
62.0 59.0 68.0 66.0 
802.0 62.0 92.0 178.0 
40.0 60.0 57.0 56.0 
68.0 60.0 98.0 80.0 
64.0 58.0 67.0 67.0 
785.0 62.0 91.0 170.0 
41.0 60.0 58.0 57.0 
67.0 60.0 100.0 80.0 
65.0 59.0 67.0 67.0 
797.0 61.0 88.0 161.0 
40.0 60.0 58.0 57.0 
67.0 59.0 103.0 79.0 
65.0 60.0 67.0 67.0 
777.0 62.0 85.0 149.0 
427.0 65.0 80.0 112.0 
58.0 59.0 104.0 78.0 
53.0 58.0 67.0 65.0 
696.0 64.0 85.0 144.0 
436.0 65.0 82.0 110.0 
56.0 60.0 107.0 79.0 
55.0 60.0 65.0 65.0 
674.0 62.0 87.0 143.0 
436.0 64.0 81.0 107.0 
54.0 60.0 110.0 79.0 
55.0 59.0 66.0 64.0 
672.0 64.0 85.0 142.0 
424.0 65.0 82.0 107.0 
53.0 59.0 114.0 78.0 
55.0 59.0 66.0 64.0 
659.0 64.0 86.0 138.0 
388.0 63.0 81.0 101.0 
58.0 59.0 116.0 79.0 
55.0 59.0 67.0 64.0 
624.0 64.0 86.0 134.0 
360.0 63.0 80.0 99.0 
57.0 60.0 124.0 79.0 
55.0 58.0 66.0 64.0 
605.0 65.0 86.0 132.0 
335.0 62.0 79.0 95.0 
62.0 59.0 127.0 80.0 
53.0 59.0 65.0 63.0 
548.0 66.0 88.0 130.0 
298.0 60.0 79.0 91.0 
62.0 60.0 133.0 81.0 
55.0 59.0 65.0 62.0 
572.0 66.0 87.0 126.0 
226.0 61.0 76.0 83.0 
62.0 60.0 144.0 82.0 
55.0 59.0 65.0 62.0 
533.0 68.0 107.0 125.0 
214.0 61.0 89.0 83.0 
65.0 58.0 152.0 83.0 
55.0 58.0 66.0 62.0 
482.0 66.0 125.0 119.0 
194.0 61.0 105.0 82.0 
66.0 59.0 163.0 85.0 
55.0 59.0 63.0 62.0 
416.0 63.0 136.0 113.0 
169.0 60.0 109.0 78.0 
68.0 59.0 179.0 86.0 
52.0 59.0 59.0 59.0 
402.0 63.0 145.0 113.0 
139.0 61.0 109.0 77.0 
70.0 60.0 202.0 89.0 
54.0 59.0 59.0 59.0 
361.0 62.0 157.0 108.0 
128.0 60.0 124.0 76.0 
72.0 60.0 229.0 92.0 
54.0 59.0 59.0 59.0 
329.0 63.0 177.0 108.0 
118.0 60.0 127.0 75.0 
73.0 60.0 239.0 93.0 
54.0 60.0 58.0 59.0 
300.0 61.0 167.0 102.0 
107.0 60.0 126.0 73.0 
74.0 61.0 264.0 99.0 
55.0 59.0 58.0 59.0 
263.0 61.0 173.0 99.0 
100.0 60.0 129.0 73.0 
77.0 62.0 327.0 107.0 
56.0 59.0 60.0 59.0 
229.0 60.0 158.0 91.0 
88.0 60.0 137.0 72.0 
80.0 62.0 367.0 116.0 
56.0 57.0 62.0 61.0 
215.0 60.0 153.0 89.0 
85.0 59.0 133.0 73.0 
85.0 63.0 389.0 124.0 
57.0 59.0 56.0 58.0 
193.0 60.0 173.0 88.0 
89.0 60.0 129.0 71.0 
86.0 64.0 403.0 129.0 
57.0 59.0 58.0 60.0 
157.0 60.0 168.0 86.0 
93.0 60.0 127.0 73.0 
86.0 64.0 408.0 133.0 
57.0 60.0 56.0 59.0 
151.0 59.0 173.0 87.0 
92.0 60.0 136.0 74.0 
85.0 63.0 394.0 135.0 
58.0 58.0 55.0 58.0 
140.0 59.0 183.0 86.0 
83.0 61.0 129.0 72.0 
92.0 64.0 439.0 149.0 
59.0 58.0 53.0 58.0 
101.0 60.0 185.0 84.0 
83.0 62.0 128.0 72.0 
91.0 64.0 463.0 160.0 
58.0 58.0 54.0 58.0 
91.0 59.0 196.0 85.0 
67.0 60.0 120.0 69.0 
94.0 66.0 467.0 167.0 
59.0 58.0 58.0 59.0 
78.0 60.0 186.0 82.0 
65.0 60.0 105.0 67.0 
89.0 64.0 443.0 165.0 
59.0 58.0 61.0 60.0 
75.0 59.0 181.0 82.0 
69.0 60.0 117.0 70.0 
90.0 64.0 439.0 175.0 
59.0 58.0 62.0 60.0 
74.0 59.0 162.0 81.0 
68.0 60.0 121.0 73.0 
92.0 65.0 469.0 206.0 
60.0 59.0 59.0 58.0 
73.0 60.0 147.0 84.0 
67.0 61.0 107.0 73.0 
93.0 66.0 464.0 233.0 
59.0 60.0 63.0 59.0 
71.0 59.0 129.0 91.0 
66.0 61.0 90.0 74.0 
91.0 64.0 426.0 247.0 
60.0 58.0 61.0 60.0 
71.0 59.0 123.0 111.0 
65.0 59.0 84.0 79.0 
93.0 63.0 416.0 282.0 
59.0 59.0 61.0 57.0 
73.0 59.0 113.0 138.0 
63.0 61.0 82.0 98.0 
91.0 64.0 370.0 293.0 
59.0 59.0 61.0 57.0 
79.0 60.0 127.0 198.0 
65.0 59.0 78.0 98.0 
93.0 63.0 320.0 302.0 
59.0 59.0 63.0 55.0 
82.0 60.0 116.0 217.0 
65.0 60.0 78.0 102.0 
94.0 62.0 293.0 321.0 
59.0 59.0 64.0 53.0 
83.0 59.0 118.0 241.0 
67.0 60.0 82.0 121.0 
100.0 63.0 284.0 381.0 
58.0 59.0 63.0 53.0 
84.0 59.0 120.0 241.0 
65.0 60.0 87.0 129.0 
102.0 64.0 265.0 406.0 
58.0 59.0 62.0 51.0 
86.0 60.0 119.0 277.0 
64.0 61.0 74.0 102.0 
109.0 64.0 252.0 445.0 
58.0 59.0 62.0 51.0 
91.0 60.0 127.0 314.0 
64.0 60.0 74.0 95.0 
108.0 63.0 235.0 444.0 
59.0 59.0 63.0 51.0 
95.0 59.0 131.0 338.0 
63.0 60.0 73.0 89.0 
109.0 63.0 222.0 442.0 
58.0 59.0 63.0 51.0 
99.0 61.0 132.0 366.0 
60.0 60.0 65.0 61.0 
109.0 64.0 212.0 434.0 
59.0 59.0 64.0 53.0 
94.0 61.0 125.0 315.0 
63.0 60.0 72.0 81.0 
123.0 65.0 210.0 493.0 
59.0 59.0 63.0 51.0 
96.0 62.0 128.0 337.0 
64.0 61.0 76.0 93.0 
120.0 64.0 195.0 465.0 
59.0 59.0 65.0 54.0 
84.0 61.0 106.0 259.0 
64.0 59.0 75.0 95.0 
118.0 64.0 191.0 456.0 
58.0 59.0 64.0 54.0 
93.0 61.0 117.0 307.0 
62.0 60.0 69.0 76.0 
117.0 64.0 168.0 444.0 
59.0 59.0 67.0 55.0 
89.0 60.0 109.0 273.0 
60.0 59.0 67.0 72.0 
121.0 64.0 157.0 443.0 
59.0 58.0 67.0 55.0 
101.0 61.0 119.0 360.0 
61.0 60.0 62.0 67.0 
129.0 65.0 148.0 446.0 
60.0 59.0 65.0 55.0 
95.0 60.0 101.0 311.0 
60.0 60.0 61.0 70.0 
127.0 62.0 138.0 406.0 
59.0 58.0 66.0 56.0 
99.0 62.0 103.0 324.0 
62.0 60.0 63.0 71.0 
137.0 63.0 138.0 417.0 
59.0 58.0 65.0 55.0 
103.0 61.0 105.0 340.0 
61.0 60.0 62.0 66.0 
141.0 65.0 140.0 432.0 
58.0 61.0 66.0 56.0 
102.0 61.0 103.0 334.0 
59.0 60.0 61.0 64.0 
133.0 62.0 132.0 396.0 
58.0 58.0 65.0 55.0 
114.0 61.0 109.0 358.0 
60.0 61.0 61.0 67.0 
129.0 62.0 126.0 366.0 
58.0 60.0 64.0 55.0 
116.0 60.0 104.0 329.0 
61.0 60.0 62.0 67.0 
127.0 61.0 119.0 335.0 
58.0 58.0 66.0 59.0 
119.0 60.0 94.0 298.0 
62.0 60.0 61.0 62.0 
124.0 61.0 117.0 326.0 
58.0 59.0 66.0 59.0 
120.0 59.0 92.0 266.0 
61.0 61.0 60.0 61.0 
124.0 61.0 110.0 282.0 
58.0 59.0 65.0 58.0 
129.0 58.0 90.0 249.0 
61.0 60.0 60.0 60.0 
128.0 60.0 110.0 273.0 
59.0 58.0 66.0 59.0 
122.0 60.0 85.0 208.0 
65.0 60.0 61.0 65.0 
134.0 61.0 110.0 264.0 
58.0 59.0 66.0 59.0 
130.0 60.0 86.0 201.0 
63.0 60.0 61.0 60.0 
138.0 61.0 108.0 250.0 
58.0 58.0 65.0 59.0 
131.0 61.0 86.0 197.0 
64.0 60.0 61.0 60.0 
145.0 60.0 106.0 251.0 
58.0 59.0 66.0 60.0 
133.0 59.0 86.0 192.0 
59.0 60.0 60.0 57.0 
151.0 60.0 106.0 242.0 
57.0 58.0 66.0 61.0 
125.0 59.0 83.0 173.0 
60.0 60.0 60.0 58.0 
153.0 60.0 103.0 234.0 
58.0 58.0 66.0 60.0 
134.0 60.0 85.0 183.0 
59.0 61.0 60.0 57.0 
162.0 61.0 102.0 226.0 
56.0 59.0 66.0 61.0 
136.0 60.0 84.0 180.0 
59.0 60.0 59.0 57.0 
161.0 60.0 102.0 220.0 
57.0 59.0 67.0 61.0 
127.0 59.0 82.0 162.0 
58.0 60.0 59.0 57.0 
172.0 59.0 100.0 217.0 
57.0 59.0 68.0 62.0 
116.0 59.0 79.0 136.0 
60.0 60.0 60.0 59.0 
171.0 60.0 98.0 192.0 
57.0 58.0 66.0 62.0 
132.0 59.0 81.0 147.0 
59.0 60.0 60.0 58.0 
167.0 59.0 93.0 177.0 
57.0 58.0 68.0 61.0 
147.0 60.0 82.0 160.0 
58.0 61.0 59.0 58.0 
183.0 60.0 97.0 177.0 
57.0 59.0 68.0 62.0 
148.0 59.0 84.0 155.0 
58.0 60.0 60.0 59.0 
197.0 60.0 95.0 177.0 
56.0 59.0 67.0 62.0 
153.0 59.0 83.0 149.0 
57.0 60.0 60.0 57.0 
215.0 60.0 97.0 174.0 
57.0 59.0 67.0 60.0 
153.0 60.0 83.0 148.0 
58.0 60.0 60.0 58.0 
224.0 61.0 96.0 161.0 
55.0 59.0 66.0 61.0 
155.0 60.0 77.0 130.0 
56.0 60.0 60.0 59.0 
234.0 60.0 97.0 157.0 
55.0 60.0 65.0 60.0 
182.0 59.0 79.0 137.0 
51.0 60.0 58.0 55.0 
233.0 60.0 95.0 144.0 
54.0 59.0 66.0 61.0 
203.0 59.0 79.0 132.0 
50.0 60.0 59.0 55.0 
235.0 60.0 96.0 139.0 
54.0 59.0 66.0 62.0 
231.0 60.0 76.0 125.0 
49.0 60.0 59.0 56.0 
253.0 61.0 93.0 138.0 
53.0 59.0 67.0 63.0 
279.0 61.0 75.0 118.0 
48.0 60.0 59.0 56.0 
263.0 62.0 95.0 138.0 
52.0 58.0 66.0 63.0 
304.0 61.0 76.0 109.0 
47.0 60.0 59.0 56.0 
343.0 61.0 94.0 142.0 
54.0 59.0 67.0 64.0 
247.0 60.0 72.0 99.0 
51.0 59.0 59.0 58.0 
361.0 62.0 93.0 142.0 
52.0 59.0 68.0 64.0 
264.0 61.0 71.0 97.0 
52.0 59.0 60.0 58.0 
368.0 62.0 92.0 134.0 
54.0 59.0 69.0 64.0 
253.0 61.0 70.0 90.0 
51.0 60.0 60.0 58.0 
376.0 62.0 93.0 134.0 
52.0 59.0 67.0 64.0 
311.0 61.0 72.0 93.0 
46.0 60.0 59.0 59.0 
369.0 63.0 92.0 129.0 
51.0 58.0 68.0 64.0 
301.0 62.0 71.0 94.0 
48.0 60.0 59.0 58.0 
400.0 63.0 91.0 128.0 
51.0 59.0 68.0 63.0 
269.0 61.0 71.0 90.0 
60.0 61.0 60.0 59.0 
387.0 63.0 88.0 124.0 
49.0 59.0 67.0 63.0 
305.0 62.0 70.0 91.0 
74.0 60.0 61.0 61.0 
379.0 63.0 89.0 118.0 
46.0 58.0 66.0 62.0 
398.0 63.0 76.0 102.0 
69.0 59.0 61.0 61.0 
363.0 63.0 88.0 113.0 
45.0 59.0 67.0 63.0 
402.0 64.0 75.0 101.0 
74.0 60.0 61.0 61.0 
388.0 63.0 88.0 113.0 
47.0 60.0 67.0 63.0 
382.0 63.0 76.0 97.0 
77.0 60.0 61.0 61.0 
399.0 63.0 88.0 112.0 
48.0 58.0 67.0 62.0 
290.0 61.0 70.0 88.0 
88.0 60.0 61.0 62.0 
390.0 64.0 87.0 110.0 
48.0 58.0 67.0 63.0 
277.0 60.0 70.0 85.0 
84.0 61.0 61.0 63.0 
382.0 63.0 85.0 108.0 
47.0 58.0 68.0 63.0 
345.0 62.0 72.0 94.0 
82.0 61.0 62.0 63.0 
377.0 62.0 85.0 106.0 
47.0 60.0 68.0 63.0 
317.0 61.0 71.0 91.0 
82.0 60.0 62.0 62.0 
347.0 62.0 82.0 101.0 
47.0 59.0 67.0 63.0 
338.0 62.0 71.0 93.0 
73.0 60.0 61.0 62.0 
340.0 62.0 82.0 99.0 
49.0 58.0 67.0 64.0 
255.0 61.0 70.0 89.0 
69.0 60.0 61.0 62.0 
350.0 62.0 83.0 100.0 
52.0 58.0 68.0 64.0 
192.0 59.0 67.0 78.0 
66.0 60.0 62.0 61.0 
347.0 63.0 82.0 99.0 
51.0 59.0 68.0 64.0 
190.0 59.0 67.0 76.0 
63.0 59.0 60.0 61.0 
333.0 61.0 82.0 98.0 
52.0 58.0 67.0 64.0 
220.0 59.0 67.0 81.0 
61.0 61.0 61.0 62.0 
228.0 60.0 78.0 88.0 
54.0 59.0 68.0 64.0 
196.0 60.0 67.0 79.0 
54.0 60.0 61.0 60.0 
220.0 60.0 79.0 86.0 
54.0 59.0 68.0 63.0 
168.0 59.0 66.0 78.0 
49.0 60.0 60.0 59.0 
222.0 60.0 78.0 85.0 
58.0 59.0 67.0 65.0 
113.0 59.0 65.0 71.0 
53.0 61.0 61.0 60.0 
196.0 61.0 78.0 82.0 
58.0 59.0 66.0 64.0 
89.0 60.0 64.0 68.0 
54.0 60.0 60.0 59.0 
157.0 60.0 77.0 78.0 
60.0 60.0 66.0 64.0 
87.0 59.0 64.0 66.0 
56.0 60.0 60.0 60.0 
153.0 60.0 78.0 77.0 
60.0 59.0 67.0 64.0 
79.0 59.0 63.0 67.0 
57.0 61.0 61.0 60.0 
144.0 60.0 77.0 78.0 
60.0 59.0 68.0 66.0 
75.0 60.0 63.0 67.0 
57.0 61.0 60.0 60.0 
133.0 60.0 77.0 76.0 
60.0 59.0 68.0 66.0 
65.0 61.0 61.0 63.0 
57.0 60.0 60.0 60.0 
121.0 60.0 77.0 75.0 
62.0 59.0 68.0 66.0 
63.0 59.0 61.0 62.0 
59.0 60.0 60.0 61.0 
89.0 60.0 76.0 71.0 
64.0 60.0 66.0 66.0 
62.0 59.0 60.0 62.0 
60.0 60.0 61.0 60.0 
86.0 60.0 76.0 71.0 
64.0 59.0 67.0 65.0 
63.0 59.0 60.0 61.0 
60.0 60.0 61.0 60.0 
83.0 60.0 76.0 70.0 
64.0 58.0 68.0 66.0 
63.0 60.0 60.0 61.0 
60.0 60.0 60.0 60.0 
78.0 59.0 76.0 69.0 
66.0 60.0 68.0 67.0 
63.0 60.0 60.0 62.0 
60.0 61.0 59.0 61.0 
77.0 60.0 76.0 69.0 
65.0 59.0 68.0 66.0 
61.0 59.0 61.0 60.0 
61.0 60.0 60.0 60.0 
76.0 59.0 77.0 69.0 
64.0 59.0 68.0 67.0 
60.0 60.0 59.0 61.0 
60.0 59.0 59.0 60.0 
78.0 59.0 77.0 69.0 
65.0 58.0 68.0 67.0 
60.0 59.0 60.0 60.0 
60.0 59.0 60.0 60.0 
77.0 60.0 77.0 70.0 
64.0 61.0 69.0 68.0 
59.0 59.0 60.0 60.0 
61.0 60.0 60.0 61.0 
77.0 60.0 77.0 69.0 
64.0 59.0 67.0 68.0 
60.0 58.0 61.0 60.0 
61.0 60.0 59.0 60.0 
76.0 60.0 77.0 70.0 
64.0 59.0 69.0 68.0 
60.0 59.0 59.0 60.0 
61.0 61.0 60.0 61.0 
77.0 60.0 78.0 70.0 
64.0 59.0 69.0 67.0 
60.0 59.0 60.0 60.0 
61.0 60.0 61.0 61.0 
73.0 59.0 77.0 69.0 
65.0 60.0 68.0 67.0 
60.0 60.0 60.0 61.0 
62.0 60.0 60.0 61.0 
72.0 60.0 76.0 70.0 
65.0 57.0 69.0 68.0 
60.0 59.0 59.0 61.0 
61.0 60.0 61.0 61.0 
73.0 59.0 77.0 70.0 
65.0 59.0 69.0 68.0 
59.0 59.0 60.0 60.0 
61.0 60.0 60.0 61.0 
68.0 60.0 77.0 69.0 
65.0 58.0 70.0 68.0 
60.0 59.0 61.0 60.0 
60.0 61.0 60.0 61.0 
68.0 60.0 76.0 68.0 
65.0 59.0 69.0 67.0 
60.0 60.0 61.0 61.0 
61.0 60.0 61.0 61.0 
68.0 60.0 76.0 69.0 
64.0 59.0 70.0 69.0 
61.0 60.0 61.0 61.0 
61.0 61.0 61.0 62.0 
72.0 61.0 77.0 69.0 
65.0 60.0 69.0 68.0 
60.0 60.0 60.0 60.0 
61.0 60.0 61.0 61.0 
69.0 59.0 76.0 69.0 
65.0 59.0 70.0 69.0 
60.0 59.0 60.0 60.0 
61.0 60.0 61.0 61.0 
66.0 60.0 76.0 69.0 
64.0 59.0 70.0 68.0 
61.0 59.0 60.0 62.0 
61.0 60.0 61.0 62.0 
67.0 59.0 76.0 68.0 
65.0 59.0 70.0 69.0 
60.0 60.0 59.0 61.0 
61.0 60.0 60.0 61.0 
69.0 59.0 77.0 69.0 
65.0 59.0 71.0 69.0 
61.0 59.0 61.0 61.0 
60.0 60.0 61.0 62.0 
71.0 59.0 77.0 69.0 
64.0 59.0 69.0 68.0 
60.0 58.0 60.0 61.0 
60.0 60.0 60.0 62.0 
68.0 60.0 77.0 68.0 
64.0 58.0 70.0 68.0 
60.0 59.0 60.0 61.0 
62.0 61.0 60.0 62.0 
72.0 59.0 77.0 68.0 
65.0 59.0 70.0 68.0 
60.0 59.0 60.0 61.0 
61.0 60.0 60.0 62.0 
67.0 61.0 78.0 68.0 
64.0 59.0 70.0 68.0 
60.0 60.0 59.0 61.0 
61.0 59.0 61.0 62.0 
66.0 59.0 77.0 69.0 
65.0 59.0 70.0 69.0 
60.0 59.0 60.0 61.0 
62.0 60.0 61.0 61.0 
66.0 60.0 77.0 68.0 
65.0 58.0 71.0 69.0 
60.0 59.0 60.0 61.0 
61.0 60.0 61.0 61.0 
64.0 60.0 75.0 68.0 
65.0 59.0 70.0 69.0 
60.0 59.0 60.0 60.0 
61.0 61.0 60.0 61.0 
64.0 60.0 74.0 67.0 
65.0 59.0 71.0 70.0 
59.0 59.0 60.0 61.0 
61.0 60.0 61.0 61.0 
63.0 60.0 73.0 67.0 
65.0 60.0 72.0 70.0 
60.0 60.0 61.0 59.0 
60.0 60.0 62.0 60.0 
63.0 60.0 74.0 68.0 
65.0 57.0 70.0 68.0 
60.0 59.0 59.0 60.0 
61.0 59.0 60.0 63.0 
64.0 59.0 75.0 68.0 
63.0 59.0 67.0 66.0 
61.0 58.0 60.0 60.0 
61.0 60.0 61.0 61.0 
64.0 60.0 76.0 69.0 
63.0 59.0 65.0 66.0 
60.0 59.0 61.0 61.0 
62.0 61.0 61.0 61.0 
64.0 59.0 75.0 68.0 
63.0 59.0 66.0 65.0 
60.0 61.0 60.0 61.0 
61.0 59.0 60.0 62.0 
64.0 60.0 72.0 66.0 
64.0 60.0 68.0 66.0 
60.0 59.0 60.0 61.0 
61.0 61.0 61.0 63.0 
63.0 60.0 70.0 66.0 
62.0 59.0 69.0 67.0 
60.0 59.0 61.0 61.0 
62.0 60.0 61.0 62.0 
63.0 59.0 71.0 66.0 
64.0 58.0 69.0 66.0 
61.0 59.0 60.0 61.0 
61.0 60.0 61.0 62.0 
63.0 59.0 72.0 67.0 
64.0 59.0 68.0 67.0 
61.0 59.0 61.0 60.0 
62.0 60.0 60.0 62.0 
63.0 59.0 72.0 66.0 
64.0 59.0 68.0 66.0 
59.0 59.0 60.0 60.0 
62.0 60.0 61.0 63.0 
65.0 60.0 72.0 67.0 
64.0 59.0 68.0 67.0 
61.0 59.0 60.0 61.0 
62.0 60.0 61.0 61.0 
63.0 59.0 72.0 66.0 
64.0 59.0 68.0 66.0 
61.0 59.0 61.0 60.0 
62.0 61.0 61.0 62.0 
63.0 60.0 71.0 65.0 
64.0 59.0 68.0 67.0 
60.0 60.0 62.0 60.0 
61.0 60.0 61.0 61.0 
64.0 60.0 70.0 65.0 
64.0 59.0 69.0 67.0 
60.0 59.0 59.0 61.0 
62.0 59.0 62.0 62.0 
64.0 60.0 72.0 66.0 
64.0 61.0 68.0 67.0 
60.0 59.0 61.0 60.0 
62.0 60.0 61.0 62.0 
64.0 60.0 71.0 66.0 
64.0 59.0 68.0 67.0 
61.0 60.0 60.0 61.0 
62.0 60.0 62.0 62.0 
67.0 60.0 71.0 66.0 
65.0 59.0 69.0 67.0 
60.0 60.0 60.0 61.0 
62.0 60.0 60.0 62.0 
65.0 60.0 71.0 66.0 
65.0 59.0 69.0 67.0 
60.0 59.0 60.0 61.0 
62.0 60.0 61.0 62.0 
64.0 60.0 71.0 65.0 
64.0 58.0 68.0 67.0 
61.0 59.0 60.0 61.0 
62.0 62.0 62.0 62.0 
62.0 59.0 71.0 67.0 
65.0 59.0 69.0 68.0 
62.0 59.0 61.0 60.0 
62.0 60.0 61.0 62.0 
63.0 60.0 71.0 66.0 
64.0 59.0 69.0 68.0 
61.0 59.0 60.0 60.0 
61.0 60.0 61.0 62.0 
64.0 60.0 72.0 66.0 
64.0 59.0 69.0 67.0 
60.0 59.0 60.0 61.0 
62.0 59.0 61.0 61.0 
65.0 61.0 72.0 67.0 
65.0 59.0 69.0 67.0 
60.0 60.0 60.0 61.0 
62.0 61.0 61.0 62.0 
67.0 59.0 72.0 66.0 
64.0 59.0 69.0 67.0 
60.0 59.0 61.0 61.0 
62.0 60.0 61.0 62.0 
66.0 60.0 72.0 66.0 
65.0 59.0 69.0 67.0 
61.0 59.0 60.0 61.0 
61.0 60.0 61.0 61.0 
63.0 60.0 71.0 66.0 
64.0 59.0 68.0 67.0 
60.0 58.0 61.0 62.0 
63.0 59.0 62.0 62.0 
64.0 59.0 71.0 67.0 
64.0 59.0 69.0 68.0 
60.0 60.0 61.0 61.0 
62.0 59.0 61.0 62.0 
64.0 60.0 71.0 67.0 
64.0 58.0 69.0 68.0 
60.0 59.0 60.0 61.0 
62.0 60.0 62.0 61.0 
64.0 60.0 71.0 65.0 
64.0 58.0 69.0 67.0 
60.0 60.0 60.0 61.0 
61.0 59.0 62.0 60.0 
64.0 60.0 72.0 66.0 
64.0 59.0 69.0 67.0 
60.0 60.0 60.0 62.0 
61.0 60.0 62.0 62.0 
63.0 60.0 72.0 67.0 
64.0 59.0 69.0 67.0 
60.0 59.0 61.0 61.0 
61.0 60.0 61.0 62.0 
64.0 60.0 73.0 67.0 
64.0 59.0 68.0 67.0 
60.0 59.0 60.0 61.0 
61.0 60.0 61.0 61.0 
63.0 61.0 72.0 67.0 
64.0 59.0 68.0 67.0 
61.0 59.0 61.0 61.0 
60.0 61.0 61.0 62.0 
64.0 59.0 73.0 67.0 
64.0 58.0 68.0 68.0 
61.0 60.0 61.0 61.0 
62.0 60.0 61.0 62.0 
63.0 59.0 73.0 67.0 
64.0 59.0 67.0 66.0 
60.0 59.0 60.0 61.0 
62.0 60.0 61.0 61.0 
64.0 59.0 73.0 67.0 
63.0 59.0 66.0 65.0 
60.0 59.0 60.0 62.0 
61.0 60.0 61.0 62.0 
65.0 60.0 73.0 68.0 
63.0 59.0 66.0 67.0 
60.0 61.0 60.0 61.0 
61.0 59.0 61.0 62.0 
64.0 59.0 72.0 68.0 
63.0 59.0 67.0 68.0 
61.0 59.0 61.0 62.0 
61.0 60.0 61.0 61.0 
64.0 59.0 73.0 66.0 
63.0 59.0 67.0 65.0 
60.0 60.0 61.0 62.0 
61.0 60.0 61.0 61.0 
63.0 60.0 72.0 67.0 
64.0 59.0 67.0 66.0 
61.0 59.0 60.0 62.0 
61.0 60.0 61.0 61.0 
63.0 60.0 72.0 67.0 
63.0 59.0 68.0 68.0 
61.0 60.0 61.0 62.0 
62.0 59.0 62.0 62.0 
63.0 59.0 71.0 66.0 
64.0 59.0 68.0 67.0 
62.0 58.0 61.0 61.0 
61.0 60.0 61.0 62.0 
63.0 60.0 72.0 66.0 
64.0 58.0 68.0 67.0 
61.0 59.0 60.0 61.0 
61.0 60.0 62.0 62.0 
63.0 60.0 71.0 66.0 
64.0 59.0 68.0 67.0 
60.0 60.0 62.0 61.0 
62.0 60.0 62.0 62.0 
63.0 60.0 71.0 66.0 
63.0 59.0 68.0 67.0 
60.0 61.0 61.0 61.0 
62.0 59.0 62.0 62.0 
64.0 59.0 72.0 66.0 
63.0 61.0 68.0 67.0 
61.0 59.0 59.0 62.0 
61.0 60.0 61.0 62.0 
63.0 61.0 70.0 66.0 
64.0 59.0 69.0 67.0 
60.0 59.0 61.0 62.0 
62.0 61.0 62.0 62.0 
65.0 59.0 73.0 66.0 
63.0 59.0 69.0 67.0 
61.0 60.0 61.0 62.0 
62.0 60.0 61.0 62.0 
63.0 60.0 72.0 66.0 
64.0 59.0 68.0 66.0 
60.0 59.0 61.0 61.0 
61.0 60.0 62.0 62.0 
64.0 60.0 72.0 67.0 
63.0 59.0 68.0 66.0 
60.0 60.0 60.0 61.0 
62.0 59.0 61.0 62.0 
63.0 59.0 72.0 66.0 
64.0 59.0 68.0 67.0 
61.0 59.0 61.0 61.0 
61.0 61.0 61.0 62.0 
63.0 61.0 71.0 67.0 
64.0 59.0 68.0 66.0 
60.0 59.0 61.0 61.0 
61.0 60.0 61.0 62.0 
64.0 59.0 72.0 66.0 
63.0 60.0 67.0 66.0 
60.0 60.0 61.0 62.0 
63.0 59.0 63.0 62.0 
64.0 60.0 72.0 67.0 
63.0 59.0 68.0 66.0 
60.0 59.0 60.0 61.0 
62.0 60.0 62.0 62.0 
63.0 59.0 72.0 66.0 
63.0 60.0 68.0 66.0 
61.0 60.0 60.0 61.0 
62.0 60.0 61.0 62.0 
63.0 60.0 72.0 66.0 
64.0 59.0 67.0 67.0 
61.0 59.0 61.0 64.0 
61.0 59.0 61.0 62.0 
63.0 60.0 72.0 67.0 
63.0 59.0 68.0 67.0 
60.0 60.0 61.0 60.0 
61.0 61.0 61.0 62.0 
64.0 58.0 72.0 66.0 
64.0 59.0 68.0 66.0 
60.0 59.0 61.0 62.0 
61.0 60.0 62.0 62.0 
64.0 60.0 72.0 67.0 
63.0 58.0 68.0 67.0 
61.0 59.0 60.0 61.0 
61.0 61.0 62.0 62.0 
63.0 60.0 72.0 67.0 
63.0 59.0 68.0 67.0 
60.0 59.0 60.0 61.0 
62.0 60.0 62.0 61.0 
63.0 60.0 72.0 67.0 
64.0 59.0 69.0 67.0 
60.0 59.0 62.0 61.0 
61.0 61.0 61.0 60.0 
64.0 59.0 73.0 66.0 
64.0 58.0 68.0 68.0 
60.0 60.0 60.0 61.0 
62.0 60.0 61.0 62.0 
64.0 60.0 72.0 66.0 
64.0 59.0 68.0 67.0 
60.0 60.0 60.0 61.0 
62.0 60.0 62.0 62.0 
63.0 61.0 73.0 67.0 
65.0 58.0 69.0 67.0 
61.0 60.0 61.0 61.0 
61.0 59.0 61.0 61.0 
63.0 59.0 73.0 66.0 
64.0 59.0 68.0 67.0 
61.0 59.0 61.0 60.0 
61.0 60.0 60.0 61.0 
64.0 58.0 73.0 66.0 
65.0 60.0 69.0 67.0 
60.0 61.0 59.0 61.0 
62.0 59.0 59.0 61.0 
63.0 59.0 73.0 67.0 
64.0 60.0 69.0 67.0 
61.0 60.0 60.0 61.0 
62.0 60.0 61.0 62.0 
64.0 59.0 74.0 68.0 
64.0 59.0 68.0 67.0 
60.0 60.0 60.0 62.0 
62.0 59.0 62.0 62.0 
64.0 60.0 73.0 67.0 
65.0 59.0 68.0 67.0 
61.0 60.0 59.0 62.0 
61.0 61.0 61.0 61.0 
63.0 59.0 73.0 67.0 
64.0 58.0 69.0 67.0 
61.0 60.0 60.0 60.0 
61.0 60.0 60.0 62.0 
63.0 60.0 72.0 67.0 
64.0 59.0 68.0 67.0 
60.0 59.0 61.0 61.0 
61.0 61.0 61.0 61.0 
63.0 60.0 74.0 67.0 
64.0 60.0 68.0 67.0 
61.0 59.0 60.0 61.0 
61.0 60.0 60.0 61.0 
63.0 60.0 74.0 67.0 
64.0 59.0 69.0 68.0 
61.0 60.0 61.0 61.0 
61.0 60.0 61.0 61.0 
64.0 61.0 73.0 67.0 
64.0 59.0 68.0 67.0 
60.0 60.0 60.0 61.0 
61.0 60.0 60.0 61.0 
63.0 60.0 73.0 67.0 
64.0 59.0 68.0 67.0 
61.0 59.0 61.0 60.0 
61.0 61.0 61.0 62.0 
63.0 60.0 73.0 67.0 
64.0 59.0 68.0 67.0 
61.0 60.0 60.0 61.0 
62.0 59.0 62.0 62.0 
63.0 60.0 73.0 66.0 
64.0 59.0 69.0 68.0 
60.0 61.0 61.0 60.0 
62.0 60.0 61.0 61.0 
63.0 60.0 73.0 67.0 
64.0 59.0 68.0 68.0 
61.0 60.0 60.0 61.0 
61.0 59.0 62.0 62.0 
63.0 60.0 74.0 67.0 
64.0 58.0 69.0 68.0 
60.0 60.0 61.0 61.0 
61.0 60.0 61.0 62.0 
64.0 60.0 72.0 67.0 
64.0 59.0 69.0 68.0 
59.0 60.0 59.0 61.0 
61.0 60.0 61.0 61.0 
62.0 60.0 71.0 67.0 
64.0 59.0 69.0 69.0 
60.0 59.0 60.0 60.0 
62.0 59.0 62.0 62.0 
63.0 60.0 72.0 66.0 
64.0 60.0 69.0 68.0 
60.0 59.0 60.0 61.0 
61.0 61.0 61.0 61.0 
63.0 59.0 73.0 67.0 
64.0 59.0 70.0 68.0 
60.0 59.0 60.0 60.0 
60.0 60.0 60.0 61.0 
63.0 60.0 73.0 67.0 
64.0 59.0 70.0 67.0 
60.0 60.0 60.0 60.0 
61.0 61.0 60.0 61.0 
63.0 60.0 72.0 67.0 
64.0 59.0 68.0 67.0 
60.0 61.0 60.0 60.0 
61.0 60.0 61.0 61.0 
64.0 59.0 73.0 67.0 
64.0 59.0 68.0 68.0 
60.0 60.0 60.0 61.0 
62.0 60.0 61.0 61.0 
63.0 60.0 72.0 66.0 
65.0 58.0 69.0 67.0 
62.0 59.0 61.0 60.0 
61.0 60.0 61.0 61.0 
63.0 60.0 71.0 68.0 
65.0 59.0 69.0 68.0 
60.0 59.0 60.0 60.0 
61.0 60.0 62.0 62.0 
64.0 61.0 72.0 66.0 
64.0 59.0 68.0 67.0 
61.0 59.0 61.0 60.0 
61.0 59.0 61.0 61.0 
63.0 60.0 73.0 66.0 
65.0 59.0 70.0 68.0 
60.0 60.0 61.0 60.0 
60.0 60.0 62.0 61.0 
63.0 58.0 72.0 67.0 
64.0 59.0 70.0 67.0 
60.0 59.0 61.0 60.0 
61.0 60.0 61.0 62.0 
63.0 60.0 73.0 67.0 
65.0 59.0 68.0 67.0 
59.0 60.0 61.0 61.0 
61.0 59.0 61.0 61.0 
63.0 60.0 72.0 67.0 
64.0 59.0 69.0 67.0 
59.0 61.0 60.0 61.0 
61.0 61.0 61.0 61.0 
63.0 60.0 71.0 68.0 
65.0 59.0 70.0 68.0 
60.0 59.0 61.0 60.0 
62.0 60.0 60.0 62.0 
63.0 59.0 72.0 67.0 
64.0 58.0 70.0 68.0 
59.0 60.0 60.0 60.0 
61.0 60.0 61.0 60.0 
63.0 59.0 72.0 67.0 
64.0 58.0 70.0 67.0 
61.0 59.0 61.0 60.0 
60.0 61.0 60.0 62.0 
63.0 59.0 72.0 66.0 
64.0 59.0 69.0 68.0 
60.0 59.0 61.0 61.0 
61.0 60.0 60.0 61.0 
63.0 59.0 70.0 67.0 
64.0 59.0 69.0 68.0 
60.0 59.0 60.0 61.0 
62.0 59.0 60.0 61.0 
63.0 60.0 72.0 67.0 
64.0 58.0 70.0 68.0 
60.0 59.0 60.0 61.0 
62.0 60.0 61.0 62.0 
62.0 60.0 72.0 67.0 
64.0 58.0 69.0 68.0 
60.0 60.0 61.0 61.0 
61.0 60.0 61.0 62.0 
63.0 60.0 74.0 66.0 
64.0 60.0 69.0 68.0 
61.0 59.0 61.0 60.0 
61.0 60.0 61.0 62.0 
63.0 60.0 72.0 67.0 
65.0 59.0 69.0 67.0 
60.0 59.0 61.0 60.0 
61.0 60.0 60.0 62.0 
62.0 60.0 71.0 67.0 
64.0 59.0 69.0 68.0 
60.0 60.0 61.0 60.0 
61.0 61.0 61.0 62.0 
63.0 59.0 72.0 67.0 
64.0 59.0 69.0 68.0 
60.0 60.0 60.0 60.0 
61.0 60.0 61.0 61.0 
63.0 60.0 72.0 67.0 
65.0 59.0 69.0 68.0 
61.0 59.0 61.0 61.0 
61.0 59.0 61.0 61.0 
63.0 60.0 73.0 67.0 
63.0 59.0 68.0 67.0 
61.0 59.0 60.0 61.0 
62.0 60.0 60.0 61.0 
63.0 59.0 74.0 67.0 
65.0 59.0 68.0 68.0 
60.0 59.0 61.0 60.0 
61.0 60.0 61.0 61.0 
63.0 60.0 72.0 67.0 
63.0 58.0 68.0 68.0 
60.0 59.0 62.0 60.0 
61.0 60.0 61.0 61.0 
64.0 61.0 73.0 67.0 
64.0 59.0 67.0 67.0 
61.0 60.0 59.0 62.0 
61.0 60.0 62.0 62.0 
64.0 59.0 72.0 67.0 
64.0 59.0 69.0 67.0 
60.0 60.0 60.0 60.0 
62.0 60.0 61.0 62.0 
63.0 59.0 73.0 67.0 
64.0 59.0 69.0 68.0 
60.0 59.0 61.0 60.0 
60.0 59.0 60.0 61.0 
64.0 60.0 73.0 67.0 
64.0 59.0 69.0 66.0 
60.0 58.0 60.0 62.0 
61.0 60.0 61.0 60.0 
63.0 59.0 73.0 67.0 
64.0 59.0 69.0 68.0 
60.0 59.0 61.0 60.0 
61.0 60.0 60.0 61.0 
63.0 60.0 73.0 67.0 
64.0 59.0 68.0 68.0 
59.0 59.0 60.0 60.0 
61.0 60.0 61.0 61.0 
63.0 61.0 72.0 66.0 
64.0 59.0 69.0 68.0 
60.0 60.0 60.0 61.0 
61.0 60.0 61.0 61.0 
63.0 60.0 73.0 67.0 
65.0 59.0 69.0 68.0 
60.0 59.0 61.0 61.0 
61.0 59.0 61.0 61.0 
64.0 59.0 73.0 67.0 
64.0 59.0 69.0 68.0 
60.0 60.0 60.0 60.0 
60.0 60.0 61.0 62.0 
64.0 60.0 72.0 67.0 
64.0 60.0 69.0 67.0 
59.0 59.0 60.0 61.0 
61.0 60.0 61.0 61.0 
63.0 60.0 73.0 67.0 
65.0 59.0 68.0 68.0 
60.0 59.0 60.0 60.0 
61.0 60.0 61.0 61.0 
64.0 60.0 73.0 67.0 
65.0 59.0 69.0 68.0 
60.0 60.0 60.0 61.0 
62.0 59.0 61.0 61.0 
64.0 60.0 73.0 67.0 
64.0 58.0 69.0 68.0 
59.0 59.0 60.0 60.0 
60.0 60.0 60.0 61.0 
63.0 60.0 73.0 67.0 
64.0 58.0 69.0 67.0 
60.0 59.0 60.0 61.0 
62.0 60.0 61.0 61.0 
64.0 59.0 73.0 67.0 
64.0 59.0 68.0 68.0 
60.0 59.0 61.0 62.0 
62.0 60.0 60.0 62.0 
64.0 61.0 73.0 67.0 
65.0 59.0 69.0 67.0 
60.0 59.0 60.0 61.0 
62.0 60.0 61.0 61.0 
63.0 59.0 74.0 67.0 
64.0 59.0 69.0 67.0 
60.0 61.0 60.0 60.0 
61.0 60.0 60.0 61.0 
64.0 60.0 72.0 67.0 
65.0 58.0 69.0 68.0 
60.0 59.0 59.0 61.0 
61.0 60.0 61.0 61.0 
64.0 59.0 73.0 67.0 
64.0 59.0 69.0 68.0 
60.0 59.0 61.0 61.0 
60.0 61.0 60.0 61.0 
64.0 60.0 71.0 67.0 
64.0 59.0 69.0 67.0 
60.0 59.0 60.0 61.0 
62.0 60.0 61.0 61.0 
62.0 60.0 72.0 67.0 
65.0 59.0 69.0 69.0 
60.0 59.0 60.0 61.0 
61.0 59.0 62.0 62.0 
63.0 60.0 72.0 67.0 
64.0 60.0 70.0 68.0 
59.0 59.0 61.0 61.0 
61.0 60.0 61.0 61.0 
64.0 59.0 72.0 66.0 
66.0 58.0 69.0 68.0 
60.0 60.0 60.0 60.0 
62.0 61.0 60.0 62.0 
64.0 60.0 72.0 67.0 
64.0 59.0 69.0 68.0 
59.0 59.0 60.0 61.0 
62.0 59.0 61.0 62.0 
64.0 60.0 72.0 67.0 
64.0 58.0 68.0 68.0 
60.0 61.0 61.0 60.0 
60.0 60.0 61.0 62.0 
64.0 59.0 73.0 66.0 
64.0 59.0 68.0 68.0 
60.0 60.0 59.0 60.0 
61.0 61.0 61.0 62.0 
64.0 60.0 72.0 67.0 
63.0 58.0 68.0 68.0 
58.0 59.0 60.0 61.0 
61.0 61.0 61.0 61.0 
64.0 59.0 72.0 67.0 
64.0 59.0 69.0 67.0 
60.0 60.0 59.0 60.0 
60.0 61.0 60.0 62.0 
63.0 60.0 73.0 66.0 
65.0 58.0 70.0 68.0 
61.0 59.0 60.0 61.0 
61.0 60.0 60.0 62.0 
63.0 59.0 72.0 67.0 
65.0 59.0 70.0 68.0 
60.0 60.0 60.0 61.0 
61.0 61.0 60.0 62.0 
63.0 60.0 72.0 66.0 
64.0 59.0 70.0 68.0 
60.0 59.0 60.0 60.0 
61.0 60.0 61.0 61.0 
63.0 59.0 71.0 67.0 
65.0 58.0 69.0 68.0 
60.0 59.0 61.0 60.0 
61.0 60.0 60.0 61.0 
63.0 59.0 72.0 67.0 
63.0 58.0 69.0 69.0 
59.0 60.0 60.0 59.0 
61.0 61.0 61.0 62.0 
64.0 59.0 73.0 67.0 
64.0 59.0 69.0 68.0 
60.0 59.0 61.0 61.0 
61.0 60.0 61.0 61.0 
63.0 60.0 73.0 67.0 
64.0 59.0 69.0 67.0 
60.0 60.0 60.0 61.0 
61.0 60.0 61.0 61.0 
64.0 60.0 74.0 67.0 
63.0 59.0 69.0 68.0 
60.0 58.0 60.0 61.0 
60.0 61.0 61.0 61.0 
63.0 59.0 73.0 66.0 
65.0 59.0 69.0 68.0 
61.0 59.0 60.0 59.0 
62.0 60.0 61.0 60.0 
63.0 60.0 75.0 67.0 
64.0 59.0 68.0 68.0 
60.0 60.0 61.0 61.0 
61.0 60.0 61.0 61.0 
62.0 60.0 72.0 67.0 
65.0 59.0 70.0 68.0 
61.0 59.0 61.0 61.0 
60.0 60.0 61.0 61.0 
63.0 60.0 73.0 66.0 
64.0 59.0 69.0 68.0 
60.0 60.0 60.0 60.0 
61.0 60.0 59.0 62.0 
63.0 61.0 72.0 67.0 
64.0 59.0 70.0 68.0 
60.0 61.0 61.0 61.0 
61.0 61.0 61.0 62.0 
64.0 59.0 74.0 67.0 
64.0 59.0 69.0 68.0 
60.0 59.0 60.0 61.0 
60.0 59.0 60.0 61.0 
63.0 60.0 73.0 67.0 
65.0 59.0 69.0 68.0 
61.0 59.0 61.0 61.0 
61.0 60.0 62.0 62.0 
64.0 61.0 74.0 67.0 
64.0 58.0 68.0 67.0 
60.0 59.0 60.0 61.0 
61.0 58.0 61.0 60.0 
63.0 60.0 74.0 67.0 
64.0 59.0 70.0 68.0 
61.0 59.0 60.0 60.0 
62.0 60.0 61.0 61.0 
64.0 59.0 74.0 67.0 
64.0 60.0 69.0 68.0 
61.0 59.0 61.0 61.0 
61.0 60.0 60.0 62.0 
63.0 60.0 73.0 66.0 
64.0 59.0 68.0 68.0 
61.0 59.0 61.0 60.0 
61.0 60.0 61.0 61.0 
64.0 61.0 73.0 67.0 
64.0 59.0 69.0 67.0 
60.0 59.0 59.0 61.0 
60.0 60.0 61.0 61.0 
63.0 60.0 74.0 67.0 
64.0 59.0 68.0 68.0 
60.0 60.0 61.0 60.0 
61.0 61.0 61.0 61.0 
64.0 60.0 73.0 67.0 
64.0 59.0 70.0 67.0 
59.0 59.0 59.0 62.0 
61.0 60.0 62.0 61.0 
64.0 60.0 73.0 67.0 
64.0 60.0 69.0 68.0 
59.0 58.0 59.0 61.0 
61.0 61.0 61.0 62.0 
64.0 59.0 75.0 67.0 
65.0 59.0 69.0 67.0 
60.0 60.0 60.0 61.0 
61.0 60.0 62.0 62.0 
63.0 60.0 74.0 67.0 
64.0 59.0 69.0 68.0 
60.0 60.0 60.0 59.0 
62.0 59.0 61.0 62.0 
63.0 60.0 74.0 67.0 
64.0 58.0 69.0 67.0 
59.0 60.0 60.0 60.0 
63.0 60.0 61.0 61.0 
64.0 59.0 74.0 67.0 
62.0 60.0 69.0 68.0 
59.0 59.0 59.0 60.0 
61.0 61.0 60.0 62.0 
62.0 60.0 74.0 67.0 
64.0 58.0 69.0 68.0 
58.0 60.0 60.0 60.0 
61.0 60.0 61.0 61.0 
64.0 59.0 75.0 67.0 
64.0 58.0 69.0 67.0 
60.0 60.0 60.0 60.0 
61.0 61.0 61.0 62.0 
64.0 60.0 74.0 68.0 
64.0 59.0 69.0 67.0 
59.0 59.0 59.0 61.0 
61.0 61.0 61.0 62.0 
64.0 60.0 74.0 67.0 
64.0 59.0 69.0 67.0 
59.0 59.0 59.0 61.0 
61.0 60.0 61.0 61.0 
64.0 59.0 74.0 67.0 
64.0 59.0 69.0 67.0 
60.0 60.0 60.0 61.0 
61.0 59.0 60.0 61.0 
63.0 59.0 76.0 67.0 
64.0 58.0 68.0 67.0 
60.0 58.0 61.0 61.0 
61.0 60.0 61.0 62.0 
63.0 60.0 74.0 67.0 
64.0 59.0 69.0 68.0 
60.0 60.0 60.0 60.0 
61.0 60.0 61.0 61.0 
64.0 59.0 75.0 67.0 
65.0 58.0 69.0 67.0 
60.0 59.0 60.0 61.0 
61.0 60.0 61.0 62.0 
64.0 60.0 74.0 68.0 
64.0 59.0 69.0 67.0 
60.0 59.0 60.0 61.0 
61.0 59.0 62.0 60.0 
64.0 60.0 75.0 66.0 
63.0 59.0 68.0 68.0 
61.0 59.0 60.0 60.0 
62.0 60.0 61.0 61.0 
64.0 59.0 74.0 67.0 
64.0 58.0 67.0 67.0 
58.0 59.0 60.0 61.0 
61.0 60.0 61.0 61.0 
64.0 59.0 74.0 67.0 
64.0 58.0 68.0 67.0 
59.0 59.0 60.0 61.0 
61.0 60.0 61.0 62.0 
64.0 60.0 73.0 68.0 
64.0 59.0 68.0 67.0 
60.0 59.0 60.0 61.0 
62.0 60.0 59.0 62.0 
63.0 61.0 73.0 68.0 
64.0 58.0 68.0 67.0 
59.0 59.0 60.0 60.0 
61.0 60.0 60.0 62.0 
64.0 59.0 74.0 67.0 
64.0 59.0 68.0 67.0 
60.0 59.0 60.0 61.0 
61.0 60.0 61.0 62.0 
65.0 60.0 74.0 68.0 
64.0 59.0 68.0 68.0 
60.0 59.0 59.0 61.0 
60.0 60.0 62.0 61.0 
64.0 60.0 75.0 68.0 
64.0 59.0 68.0 67.0 
60.0 59.0 60.0 61.0 
63.0 60.0 60.0 62.0 
65.0 60.0 75.0 68.0 
64.0 58.0 67.0 67.0 
59.0 61.0 59.0 60.0 
61.0 61.0 61.0 61.0 
64.0 59.0 74.0 68.0 
63.0 59.0 68.0 68.0 
60.0 59.0 59.0 61.0 
62.0 58.0 61.0 62.0 
63.0 59.0 74.0 67.0 
64.0 58.0 68.0 68.0 
60.0 59.0 61.0 61.0 
61.0 60.0 63.0 62.0 
64.0 60.0 74.0 67.0 
65.0 59.0 69.0 67.0 
60.0 59.0 60.0 61.0 
61.0 61.0 60.0 62.0 
64.0 59.0 75.0 67.0 
65.0 58.0 69.0 67.0 
60.0 59.0 60.0 61.0 
61.0 61.0 61.0 62.0 
64.0 61.0 74.0 67.0 
64.0 58.0 68.0 67.0 
60.0 59.0 60.0 61.0 
61.0 60.0 61.0 61.0 
64.0 61.0 73.0 68.0 
64.0 59.0 68.0 67.0 
60.0 59.0 60.0 61.0 
61.0 60.0 61.0 62.0 
64.0 59.0 74.0 68.0 
64.0 59.0 68.0 68.0 
60.0 59.0 59.0 61.0 
61.0 60.0 61.0 62.0 
64.0 60.0 73.0 69.0 
64.0 58.0 69.0 67.0 
60.0 60.0 60.0 61.0 
61.0 60.0 61.0 62.0 
64.0 59.0 74.0 67.0 
64.0 60.0 68.0 68.0 
60.0 59.0 60.0 61.0 
61.0 60.0 60.0 62.0 
64.0 59.0 74.0 68.0 
63.0 58.0 68.0 67.0 
60.0 59.0 60.0 61.0 
61.0 60.0 61.0 61.0 
63.0 60.0 74.0 68.0 
64.0 59.0 68.0 68.0 
60.0 60.0 60.0 60.0 
61.0 60.0 61.0 62.0 
65.0 60.0 74.0 68.0 
64.0 59.0 69.0 67.0 
60.0 60.0 59.0 61.0 
61.0 60.0 62.0 62.0 
64.0 59.0 74.0 68.0 
64.0 58.0 68.0 68.0 
60.0 59.0 60.0 61.0 
62.0 60.0 61.0 61.0 
63.0 59.0 74.0 68.0 
65.0 58.0 69.0 68.0 
59.0 60.0 60.0 61.0 
62.0 60.0 60.0 61.0 
64.0 59.0 74.0 67.0 
65.0 59.0 68.0 68.0 
60.0 59.0 61.0 61.0 
62.0 60.0 60.0 62.0 
64.0 59.0 74.0 68.0 
64.0 59.0 68.0 67.0 
60.0 59.0 60.0 61.0 
61.0 60.0 60.0 62.0 
64.0 60.0 75.0 66.0 
64.0 60.0 68.0 68.0 
60.0 59.0 59.0 61.0 
61.0 60.0 61.0 62.0 
65.0 60.0 73.0 69.0 
64.0 58.0 69.0 67.0 
60.0 59.0 60.0 60.0 
61.0 60.0 61.0 60.0 
63.0 60.0 75.0 68.0 
65.0 59.0 68.0 67.0 
59.0 59.0 60.0 60.0 
61.0 59.0 59.0 62.0 
64.0 59.0 74.0 68.0 
64.0 59.0 69.0 68.0 
60.0 60.0 60.0 61.0 
61.0 60.0 61.0 61.0 
64.0 59.0 74.0 67.0 
64.0 59.0 68.0 68.0 
60.0 60.0 59.0 60.0 
61.0 60.0 60.0 61.0 
64.0 59.0 75.0 67.0 
64.0 59.0 68.0 67.0 
60.0 59.0 60.0 61.0 
61.0 60.0 61.0 62.0 
64.0 60.0 74.0 69.0 
64.0 59.0 69.0 67.0 
60.0 59.0 58.0 62.0 
61.0 60.0 61.0 61.0 
63.0 60.0 74.0 68.0 
64.0 59.0 68.0 67.0 
60.0 59.0 60.0 60.0 
61.0 61.0 61.0 61.0 
64.0 60.0 74.0 68.0 
64.0 60.0 69.0 67.0 
59.0 60.0 59.0 61.0 
62.0 60.0 61.0 62.0 
64.0 60.0 75.0 68.0 
64.0 59.0 69.0 67.0 
59.0 60.0 59.0 61.0 
61.0 60.0 61.0 62.0 
63.0 60.0 74.0 68.0 
64.0 59.0 68.0 67.0 
60.0 60.0 60.0 61.0 
62.0 60.0 61.0 62.0 
64.0 60.0 74.0 68.0 
65.0 59.0 69.0 67.0 
60.0 59.0 59.0 61.0 
61.0 60.0 61.0 61.0 
64.0 60.0 74.0 68.0 
64.0 58.0 69.0 68.0 
60.0 59.0 59.0 60.0 
62.0 60.0 61.0 62.0 
64.0 58.0 75.0 67.0 
64.0 59.0 69.0 67.0 
60.0 59.0 60.0 61.0 
61.0 60.0 61.0 62.0 
64.0 59.0 75.0 68.0 
64.0 59.0 69.0 68.0 
60.0 60.0 59.0 61.0 
61.0 59.0 60.0 62.0 
64.0 60.0 74.0 68.0 
64.0 59.0 69.0 67.0 
60.0 60.0 60.0 60.0 
61.0 60.0 60.0 64.0 
64.0 59.0 73.0 67.0 
64.0 59.0 68.0 67.0 
60.0 59.0 60.0 61.0 
61.0 60.0 61.0 61.0 
65.0 59.0 75.0 66.0 
64.0 58.0 68.0 67.0 
60.0 59.0 59.0 61.0 
60.0 60.0 60.0 63.0 
65.0 59.0 76.0 68.0 
64.0 59.0 68.0 67.0 
60.0 60.0 60.0 61.0 
62.0 60.0 62.0 61.0 
64.0 60.0 75.0 68.0 
66.0 58.0 69.0 68.0 
60.0 60.0 58.0 61.0 
62.0 59.0 62.0 61.0 
64.0 60.0 75.0 68.0 
65.0 59.0 69.0 67.0 
59.0 59.0 59.0 60.0 
60.0 61.0 61.0 62.0 
63.0 61.0 74.0 67.0 
65.0 57.0 69.0 67.0 
60.0 58.0 61.0 61.0 
61.0 60.0 61.0 61.0 
65.0 60.0 74.0 68.0 
64.0 59.0 68.0 67.0 
60.0 60.0 60.0 60.0 
61.0 60.0 61.0 62.0 
64.0 60.0 75.0 68.0 
64.0 58.0 68.0 67.0 
60.0 60.0 60.0 61.0 
61.0 60.0 61.0 62.0 
65.0 60.0 75.0 68.0 
64.0 59.0 68.0 66.0 
60.0 58.0 59.0 61.0 
62.0 60.0 61.0 62.0 
65.0 60.0 76.0 68.0 
63.0 59.0 69.0 67.0 
60.0 59.0 58.0 61.0 
62.0 59.0 61.0 61.0 
64.0 60.0 75.0 68.0 
64.0 59.0 68.0 66.0 
61.0 59.0 60.0 61.0 
60.0 60.0 61.0 62.0 
64.0 60.0 75.0 68.0 
62.0 59.0 69.0 67.0 
60.0 59.0 60.0 61.0 
60.0 61.0 61.0 62.0 
63.0 60.0 74.0 68.0 
64.0 59.0 68.0 67.0 
60.0 59.0 61.0 60.0 
61.0 59.0 61.0 62.0 
64.0 60.0 75.0 68.0 
64.0 57.0 68.0 67.0 
60.0 60.0 59.0 61.0 
63.0 60.0 60.0 61.0 
61.0 59.0 74.0 68.0 
64.0 59.0 67.0 66.0 
59.0 60.0 60.0 61.0 
62.0 60.0 61.0 62.0 
64.0 59.0 74.0 69.0 
64.0 58.0 68.0 67.0 
60.0 60.0 59.0 61.0 
62.0 60.0 61.0 61.0 
64.0 59.0 76.0 68.0 
64.0 59.0 69.0 66.0 
60.0 59.0 59.0 61.0 
61.0 59.0 61.0 62.0 
63.0 59.0 75.0 68.0 
65.0 59.0 68.0 66.0 
60.0 58.0 60.0 61.0 
61.0 62.0 60.0 61.0 
63.0 60.0 74.0 69.0 
64.0 59.0 68.0 67.0 
62.0 59.0 59.0 60.0 
61.0 60.0 61.0 62.0 
64.0 60.0 75.0 68.0 
64.0 59.0 68.0 67.0 
60.0 59.0 60.0 61.0 
61.0 61.0 61.0 62.0 
64.0 60.0 75.0 68.0 
64.0 59.0 69.0 67.0 
61.0 60.0 60.0 60.0 
62.0 60.0 60.0 62.0 
64.0 59.0 76.0 67.0 
64.0 59.0 68.0 67.0 
60.0 58.0 59.0 62.0 
61.0 60.0 60.0 61.0 
64.0 60.0 75.0 68.0 
64.0 59.0 68.0 67.0 
60.0 59.0 61.0 61.0 
61.0 60.0 60.0 61.0 
64.0 61.0 75.0 67.0 
64.0 59.0 68.0 67.0 
60.0 61.0 60.0 61.0 
60.0 60.0 61.0 61.0 
63.0 60.0 74.0 68.0 
64.0 58.0 69.0 69.0 
60.0 59.0 60.0 60.0 
62.0 59.0 61.0 61.0 
63.0 60.0 75.0 68.0 
64.0 59.0 69.0 67.0 
61.0 59.0 60.0 60.0 
61.0 60.0 61.0 61.0 
64.0 59.0 75.0 67.0 
64.0 59.0 69.0 68.0 
59.0 60.0 59.0 61.0 
60.0 59.0 60.0 61.0 
64.0 59.0 76.0 67.0 
63.0 59.0 69.0 68.0 
62.0 59.0 60.0 61.0 
62.0 60.0 60.0 61.0 
63.0 60.0 75.0 68.0 
64.0 59.0 67.0 67.0 
60.0 60.0 60.0 60.0 
62.0 61.0 61.0 62.0 
64.0 59.0 76.0 68.0 
64.0 59.0 68.0 67.0 
60.0 59.0 60.0 61.0 
61.0 61.0 60.0 61.0 
63.0 60.0 75.0 68.0 
64.0 59.0 69.0 67.0 
60.0 59.0 60.0 61.0 
61.0 60.0 61.0 61.0 
64.0 60.0 76.0 68.0 
64.0 59.0 70.0 67.0 
60.0 60.0 59.0 61.0 
61.0 60.0 61.0 61.0 
63.0 60.0 75.0 68.0 
63.0 59.0 69.0 67.0 
60.0 59.0 60.0 60.0 
62.0 61.0 61.0 61.0 
63.0 60.0 76.0 68.0 
63.0 59.0 69.0 67.0 
59.0 60.0 60.0 61.0 
61.0 60.0 61.0 62.0 
64.0 60.0 75.0 67.0 
64.0 59.0 69.0 67.0 
60.0 59.0 60.0 61.0 
61.0 60.0 62.0 61.0 
64.0 59.0 75.0 69.0 
64.0 59.0 68.0 67.0 
61.0 59.0 60.0 61.0 
61.0 60.0 60.0 61.0 
64.0 59.0 76.0 67.0 
63.0 60.0 68.0 68.0 
60.0 59.0 60.0 61.0 
60.0 60.0 61.0 61.0 
64.0 60.0 75.0 67.0 
64.0 58.0 69.0 68.0 
60.0 60.0 59.0 61.0 
62.0 60.0 60.0 63.0 
63.0 61.0 75.0 67.0 
64.0 59.0 68.0 68.0 
60.0 59.0 60.0 60.0 
62.0 61.0 60.0 62.0 
63.0 59.0 75.0 68.0 
64.0 59.0 69.0 67.0 
60.0 60.0 60.0 61.0 
62.0 60.0 60.0 61.0 
63.0 60.0 75.0 67.0 
64.0 58.0 69.0 67.0 
58.0 60.0 60.0 62.0 
61.0 60.0 60.0 61.0 
63.0 60.0 74.0 68.0 
64.0 59.0 69.0 68.0 
60.0 60.0 60.0 61.0 
60.0 60.0 61.0 62.0 
63.0 60.0 75.0 68.0 
64.0 59.0 68.0 68.0 
60.0 60.0 60.0 60.0 
61.0 61.0 61.0 62.0 
62.0 59.0 76.0 67.0 
64.0 59.0 69.0 67.0 
60.0 59.0 61.0 60.0 
61.0 60.0 61.0 62.0 
64.0 60.0 74.0 68.0 
65.0 59.0 69.0 67.0 
60.0 59.0 60.0 61.0 
61.0 60.0 61.0 62.0 
62.0 60.0 75.0 68.0 
64.0 57.0 69.0 68.0 
60.0 60.0 60.0 61.0 
61.0 60.0 61.0 62.0 
64.0 60.0 75.0 68.0 
64.0 59.0 68.0 68.0 
60.0 59.0 59.0 59.0 
61.0 60.0 61.0 61.0 
63.0 60.0 75.0 68.0 
64.0 59.0 68.0 68.0 
60.0 60.0 61.0 61.0 
61.0 60.0 60.0 62.0 
63.0 60.0 75.0 68.0 
64.0 58.0 69.0 67.0 
60.0 59.0 60.0 60.0 
61.0 59.0 61.0 62.0 
63.0 60.0 74.0 68.0 
64.0 58.0 68.0 68.0 
60.0 59.0 60.0 61.0 
61.0 60.0 61.0 61.0 
64.0 59.0 75.0 68.0 
65.0 56.0 69.0 67.0 
60.0 60.0 60.0 61.0 
61.0 60.0 59.0 61.0 
63.0 61.0 74.0 67.0 
65.0 58.0 69.0 67.0 
60.0 60.0 60.0 59.0 
61.0 60.0 61.0 62.0 
63.0 59.0 75.0 67.0 
65.0 58.0 68.0 68.0 
59.0 60.0 61.0 60.0 
62.0 60.0 60.0 61.0 
63.0 60.0 76.0 67.0 
64.0 59.0 69.0 68.0 
60.0 60.0 61.0 60.0 
62.0 59.0 61.0 61.0 
64.0 59.0 74.0 67.0 
64.0 59.0 69.0 69.0 
59.0 61.0 59.0 61.0 
61.0 59.0 61.0 62.0 
63.0 60.0 75.0 68.0 
64.0 59.0 69.0 67.0 
60.0 60.0 60.0 60.0 
61.0 60.0 60.0 61.0 
64.0 60.0 75.0 67.0 
65.0 59.0 68.0 68.0 
60.0 60.0 59.0 61.0 
61.0 61.0 60.0 62.0 
64.0 59.0 75.0 67.0 
64.0 59.0 69.0 67.0 
60.0 60.0 59.0 61.0 
62.0 60.0 60.0 61.0 
63.0 60.0 76.0 67.0 
64.0 59.0 68.0 68.0 
60.0 58.0 60.0 60.0 
61.0 60.0 61.0 61.0 
63.0 59.0 76.0 68.0 
64.0 59.0 69.0 67.0 
61.0 59.0 60.0 61.0 
61.0 60.0 60.0 62.0 
63.0 59.0 74.0 67.0 
64.0 59.0 68.0 67.0 
60.0 59.0 60.0 61.0 
61.0 60.0 61.0 61.0 
63.0 60.0 75.0 67.0 
62.0 59.0 69.0 68.0 
60.0 59.0 60.0 60.0 
61.0 60.0 61.0 61.0 
64.0 60.0 75.0 67.0 
64.0 59.0 70.0 67.0 
60.0 60.0 61.0 61.0 
61.0 59.0 61.0 61.0 
63.0 60.0 75.0 68.0 
64.0 59.0 69.0 68.0 
59.0 60.0 60.0 61.0 
61.0 60.0 62.0 61.0 
64.0 60.0 75.0 68.0 
63.0 60.0 69.0 68.0 
60.0 57.0 60.0 61.0 
61.0 60.0 61.0 62.0 
64.0 59.0 75.0 67.0 
65.0 59.0 69.0 68.0 
60.0 60.0 59.0 60.0 
61.0 60.0 61.0 62.0 
64.0 60.0 75.0 67.0 
65.0 59.0 69.0 68.0 
60.0 59.0 60.0 61.0 
61.0 61.0 60.0 61.0 
63.0 60.0 76.0 68.0 
64.0 58.0 69.0 68.0 
60.0 59.0 60.0 60.0 
60.0 60.0 61.0 61.0 
64.0 60.0 75.0 67.0 
64.0 59.0 69.0 66.0 
61.0 59.0 59.0 62.0 
62.0 60.0 61.0 61.0 
62.0 60.0 75.0 67.0 
65.0 60.0 69.0 67.0 
60.0 60.0 60.0 61.0 
62.0 60.0 61.0 61.0 
64.0 59.0 74.0 68.0 
64.0 59.0 69.0 67.0 
60.0 60.0 60.0 61.0 
61.0 60.0 60.0 61.0 
63.0 59.0 75.0 68.0 
64.0 58.0 69.0 68.0 
59.0 60.0 60.0 60.0 
61.0 60.0 61.0 62.0 
63.0 60.0 75.0 68.0 
64.0 59.0 70.0 68.0 
60.0 59.0 60.0 61.0 
62.0 60.0 61.0 62.0 
64.0 59.0 74.0 68.0 
64.0 58.0 70.0 68.0 
61.0 60.0 60.0 61.0 
61.0 60.0 60.0 62.0 
64.0 59.0 75.0 67.0 
64.0 58.0 69.0 67.0 
60.0 59.0 60.0 62.0 
62.0 59.0 61.0 62.0 
61.0 59.0 75.0 67.0 
64.0 59.0 68.0 67.0 
61.0 59.0 60.0 61.0 
61.0 60.0 60.0 62.0 
63.0 60.0 75.0 67.0 
64.0 58.0 69.0 68.0 
61.0 60.0 60.0 61.0 
61.0 60.0 61.0 62.0 
64.0 60.0 74.0 67.0 
65.0 58.0 70.0 67.0 
60.0 59.0 60.0 61.0 
61.0 60.0 61.0 62.0 
63.0 60.0 75.0 67.0 
64.0 58.0 68.0 67.0 
60.0 59.0 60.0 60.0 
61.0 59.0 62.0 63.0 
64.0 60.0 74.0 67.0 
65.0 59.0 70.0 67.0 
60.0 62.0 60.0 61.0 
61.0 61.0 61.0 61.0 
64.0 59.0 75.0 68.0 
64.0 61.0 68.0 67.0 
60.0 60.0 60.0 61.0 
61.0 60.0 61.0 62.0 
64.0 59.0 75.0 68.0 
65.0 58.0 68.0 67.0 
60.0 58.0 61.0 61.0 
61.0 61.0 61.0 62.0 
64.0 59.0 75.0 67.0 
63.0 59.0 69.0 68.0 
60.0 59.0 60.0 60.0 
62.0 60.0 60.0 61.0 
63.0 60.0 75.0 67.0 
65.0 59.0 69.0 67.0 
60.0 58.0 61.0 62.0 
61.0 61.0 61.0 62.0 
63.0 60.0 75.0 66.0 
65.0 59.0 69.0 67.0 
60.0 59.0 61.0 61.0 
61.0 59.0 61.0 62.0 
63.0 61.0 75.0 68.0 
64.0 58.0 68.0 67.0 
60.0 59.0 61.0 61.0 
61.0 60.0 60.0 62.0 
64.0 59.0 75.0 67.0 
64.0 59.0 68.0 66.0 
60.0 59.0 58.0 61.0 
61.0 61.0 60.0 61.0 
63.0 59.0 75.0 67.0 
64.0 58.0 68.0 67.0 
61.0 60.0 59.0 60.0 
61.0 59.0 60.0 61.0 
64.0 60.0 75.0 67.0 
64.0 59.0 69.0 67.0 
60.0 59.0 59.0 61.0 
61.0 60.0 61.0 62.0 
63.0 60.0 75.0 67.0 
64.0 59.0 69.0 68.0 
60.0 60.0 60.0 61.0 
61.0 60.0 62.0 61.0 
63.0 59.0 75.0 67.0 
64.0 60.0 69.0 67.0 
61.0 58.0 60.0 61.0 
60.0 60.0 60.0 61.0 
63.0 60.0 74.0 67.0 
65.0 59.0 68.0 67.0 
60.0 61.0 60.0 61.0 
62.0 60.0 61.0 62.0 
64.0 60.0 75.0 67.0 
65.0 59.0 69.0 67.0 
60.0 60.0 60.0 61.0 
61.0 60.0 61.0 62.0 
64.0 60.0 74.0 68.0 
64.0 59.0 68.0 68.0 
60.0 59.0 61.0 61.0 
61.0 60.0 61.0 62.0 
63.0 59.0 74.0 68.0 
64.0 59.0 68.0 68.0 
61.0 59.0 61.0 60.0 
61.0 60.0 60.0 62.0 
64.0 60.0 75.0 67.0 
64.0 59.0 68.0 67.0 
60.0 60.0 60.0 61.0 
61.0 60.0 61.0 61.0 
64.0 60.0 74.0 68.0 
64.0 58.0 69.0 67.0 
60.0 59.0 60.0 61.0 
62.0 61.0 62.0 61.0 
64.0 59.0 75.0 67.0 
64.0 59.0 68.0 67.0 
59.0 59.0 60.0 62.0 
61.0 60.0 60.0 63.0 
64.0 60.0 76.0 66.0 
64.0 59.0 68.0 67.0 
61.0 59.0 60.0 62.0 
62.0 60.0 60.0 61.0 
64.0 59.0 75.0 68.0 
64.0 59.0 68.0 67.0 
61.0 59.0 60.0 60.0 
61.0 60.0 60.0 61.0 
63.0 60.0 75.0 67.0 
63.0 59.0 67.0 68.0 
60.0 59.0 60.0 61.0 
60.0 60.0 61.0 61.0 
63.0 60.0 74.0 68.0 
64.0 59.0 68.0 67.0 
60.0 59.0 60.0 60.0 
61.0 60.0 60.0 62.0 
64.0 61.0 74.0 68.0 
63.0 59.0 68.0 67.0 
60.0 59.0 60.0 61.0 
61.0 60.0 61.0 61.0 
63.0 60.0 74.0 66.0 
64.0 59.0 67.0 67.0 
60.0 60.0 61.0 60.0 
61.0 60.0 60.0 62.0 
64.0 59.0 76.0 67.0 
63.0 60.0 67.0 67.0 
60.0 59.0 59.0 61.0 
61.0 60.0 60.0 62.0 
64.0 60.0 74.0 68.0 
64.0 58.0 68.0 67.0 
60.0 60.0 59.0 62.0 
61.0 60.0 62.0 62.0 
64.0 59.0 74.0 67.0 
64.0 60.0 68.0 67.0 
60.0 60.0 60.0 62.0 
61.0 60.0 61.0 62.0 
64.0 59.0 75.0 68.0 
63.0 59.0 68.0 67.0 
61.0 59.0 60.0 61.0 
61.0 59.0 60.0 61.0 
64.0 59.0 74.0 67.0 
64.0 59.0 68.0 67.0 
60.0 59.0 61.0 61.0 
61.0 61.0 60.0 61.0 
63.0 60.0 74.0 68.0 
64.0 59.0 68.0 67.0 
59.0 60.0 61.0 60.0 
62.0 60.0 61.0 61.0 
64.0 60.0 74.0 68.0 
64.0 59.0 69.0 67.0 
60.0 58.0 61.0 61.0 
62.0 60.0 62.0 61.0 
63.0 59.0 74.0 68.0 
64.0 60.0 68.0 67.0 
61.0 60.0 61.0 60.0 
60.0 61.0 62.0 61.0 
64.0 60.0 74.0 68.0 
64.0 59.0 68.0 67.0 
60.0 60.0 60.0 61.0 
62.0 60.0 61.0 61.0 
64.0 60.0 75.0 68.0 
65.0 59.0 68.0 66.0 
60.0 60.0 59.0 60.0 
61.0 60.0 61.0 62.0 
64.0 60.0 74.0 67.0 
64.0 59.0 68.0 68.0 
60.0 59.0 60.0 61.0 
62.0 60.0 61.0 61.0 
63.0 60.0 75.0 68.0 
64.0 57.0 68.0 67.0 
60.0 60.0 61.0 61.0 
61.0 59.0 61.0 61.0 
63.0 59.0 74.0 68.0 
64.0 59.0 67.0 67.0 
60.0 59.0 60.0 61.0 
62.0 60.0 61.0 60.0 
64.0 60.0 74.0 67.0 
64.0 59.0 68.0 67.0 
60.0 60.0 60.0 61.0 
61.0 60.0 61.0 62.0 
64.0 60.0 74.0 67.0 
64.0 59.0 68.0 67.0 
60.0 59.0 60.0 61.0 
62.0 60.0 61.0 61.0 
64.0 60.0 74.0 68.0 
64.0 59.0 68.0 67.0 
60.0 59.0 60.0 62.0 
62.0 60.0 61.0 61.0 
64.0 60.0 74.0 66.0 
64.0 59.0 68.0 67.0 
61.0 60.0 60.0 62.0 
62.0 60.0 61.0 62.0 
63.0 59.0 74.0 67.0 
64.0 59.0 69.0 67.0 
59.0 59.0 60.0 61.0 
61.0 61.0 60.0 61.0 
63.0 59.0 74.0 68.0 
64.0 59.0 68.0 67.0 
60.0 60.0 61.0 61.0 
61.0 60.0 61.0 61.0 
64.0 59.0 74.0 67.0 
64.0 58.0 68.0 66.0 
60.0 60.0 59.0 61.0 
61.0 59.0 61.0 61.0 
64.0 60.0 74.0 67.0 
64.0 59.0 69.0 67.0 
60.0 59.0 60.0 61.0 
61.0 60.0 60.0 61.0 
63.0 60.0 75.0 67.0 
64.0 59.0 68.0 67.0 
60.0 59.0 61.0 60.0 
60.0 60.0 61.0 61.0 
63.0 60.0 75.0 66.0 
63.0 58.0 68.0 67.0 
60.0 59.0 60.0 61.0 
61.0 61.0 60.0 62.0 
63.0 60.0 75.0 67.0 
64.0 59.0 68.0 67.0 
60.0 59.0 60.0 60.0 
61.0 60.0 61.0 61.0 
64.0 60.0 75.0 68.0 
64.0 58.0 67.0 67.0 
60.0 60.0 60.0 61.0 
61.0 59.0 60.0 62.0 
63.0 59.0 74.0 67.0 
63.0 59.0 68.0 67.0 
60.0 59.0 61.0 60.0 
61.0 60.0 60.0 62.0 
63.0 60.0 75.0 68.0 
64.0 59.0 68.0 67.0 
60.0 59.0 59.0 61.0 
61.0 60.0 61.0 61.0 
63.0 59.0 75.0 67.0 
64.0 58.0 69.0 67.0 
61.0 58.0 60.0 61.0 
61.0 60.0 60.0 62.0 
64.0 59.0 75.0 67.0 
64.0 59.0 68.0 67.0 
61.0 59.0 59.0 62.0 
61.0 60.0 61.0 62.0 
64.0 59.0 74.0 67.0 
64.0 59.0 68.0 67.0 
60.0 59.0 60.0 61.0 
62.0 60.0 60.0 61.0 
64.0 59.0 75.0 68.0 
64.0 59.0 68.0 67.0 
60.0 59.0 59.0 61.0 
61.0 60.0 60.0 61.0 
64.0 60.0 74.0 68.0 
64.0 58.0 68.0 67.0 
60.0 61.0 60.0 61.0 
61.0 60.0 61.0 60.0 
64.0 59.0 76.0 68.0 
64.0 59.0 67.0 67.0 
60.0 59.0 60.0 61.0 
61.0 60.0 60.0 61.0 
64.0 59.0 75.0 67.0 
63.0 59.0 68.0 67.0 
60.0 59.0 61.0 61.0 
60.0 59.0 60.0 62.0 
64.0 59.0 75.0 68.0 
65.0 58.0 69.0 67.0 
60.0 60.0 60.0 62.0 
61.0 60.0 60.0 61.0 
63.0 60.0 75.0 67.0 
63.0 59.0 68.0 66.0 
60.0 60.0 61.0 61.0 
61.0 60.0 60.0 61.0 
64.0 59.0 75.0 68.0 
63.0 60.0 67.0 67.0 
59.0 60.0 60.0 61.0 
61.0 60.0 61.0 61.0 
64.0 59.0 75.0 67.0 
64.0 59.0 68.0 67.0 
61.0 59.0 61.0 61.0 
61.0 60.0 60.0 62.0 
63.0 59.0 75.0 67.0 
65.0 59.0 67.0 67.0 
60.0 59.0 61.0 60.0 
61.0 59.0 61.0 61.0 
64.0 60.0 75.0 68.0 
64.0 59.0 67.0 67.0 
60.0 59.0 60.0 61.0 
61.0 61.0 62.0 61.0 
64.0 60.0 75.0 68.0 
64.0 59.0 69.0 66.0 
60.0 59.0 60.0 61.0 
63.0 60.0 61.0 61.0 
63.0 59.0 74.0 68.0 
64.0 59.0 68.0 67.0 
60.0 59.0 60.0 61.0 
61.0 61.0 61.0 61.0 
63.0 60.0 74.0 68.0 
64.0 58.0 68.0 68.0 
61.0 59.0 61.0 60.0 
62.0 60.0 61.0 62.0 
64.0 61.0 75.0 67.0 
64.0 60.0 68.0 67.0 
60.0 60.0 60.0 62.0 
61.0 61.0 61.0 61.0 
63.0 60.0 74.0 69.0 
64.0 58.0 68.0 67.0 
61.0 59.0 60.0 61.0 
62.0 60.0 61.0 61.0 
64.0 60.0 75.0 67.0 
64.0 59.0 68.0 67.0 
60.0 59.0 60.0 61.0 
61.0 60.0 61.0 62.0 
63.0 60.0 74.0 68.0 
64.0 59.0 68.0 67.0 
61.0 58.0 61.0 61.0 
61.0 59.0 61.0 61.0 
63.0 60.0 75.0 68.0 
64.0 59.0 69.0 66.0 
60.0 59.0 60.0 61.0 
61.0 61.0 61.0 62.0 
63.0 60.0 76.0 68.0 
64.0 59.0 68.0 67.0 
60.0 59.0 61.0 61.0 
60.0 60.0 60.0 62.0 
63.0 60.0 75.0 67.0 
63.0 59.0 69.0 68.0 
61.0 59.0 60.0 61.0 
61.0 60.0 60.0 61.0 
63.0 60.0 74.0 67.0 
64.0 59.0 68.0 67.0 
60.0 60.0 61.0 61.0 
61.0 60.0 61.0 60.0 
63.0 60.0 74.0 67.0 
64.0 59.0 69.0 67.0 
59.0 58.0 60.0 61.0 
60.0 61.0 61.0 62.0 
63.0 60.0 74.0 68.0 
65.0 59.0 68.0 66.0 
60.0 59.0 59.0 61.0 
61.0 59.0 61.0 62.0 
64.0 60.0 75.0 67.0 
64.0 59.0 68.0 67.0 
61.0 59.0 60.0 62.0 
61.0 59.0 61.0 61.0 
64.0 59.0 74.0 67.0 
64.0 59.0 68.0 66.0 
60.0 60.0 60.0 62.0 
61.0 60.0 60.0 62.0 
64.0 59.0 75.0 67.0 
63.0 59.0 68.0 67.0 
60.0 60.0 60.0 61.0 
62.0 59.0 62.0 62.0 
64.0 60.0 74.0 69.0 
64.0 59.0 68.0 68.0 
60.0 59.0 60.0 61.0 
62.0 61.0 60.0 61.0 
64.0 58.0 75.0 67.0 
64.0 59.0 67.0 67.0 
61.0 60.0 60.0 61.0 
60.0 60.0 61.0 62.0 
64.0 59.0 75.0 67.0 
64.0 59.0 68.0 67.0 
61.0 59.0 60.0 62.0 
61.0 59.0 61.0 61.0 
63.0 60.0 74.0 68.0 
64.0 58.0 68.0 67.0 
60.0 60.0 61.0 61.0 
61.0 60.0 61.0 61.0 
64.0 60.0 75.0 68.0 
64.0 58.0 68.0 67.0 
60.0 59.0 60.0 61.0 
61.0 61.0 60.0 61.0 
64.0 60.0 75.0 66.0 
63.0 59.0 68.0 67.0 
60.0 60.0 59.0 61.0 
61.0 61.0 61.0 61.0 
63.0 60.0 75.0 67.0 
64.0 59.0 68.0 68.0 
60.0 60.0 61.0 61.0 
61.0 60.0 61.0 60.0 
64.0 60.0 75.0 68.0 
64.0 59.0 68.0 67.0 
60.0 60.0 60.0 61.0 
61.0 60.0 61.0 62.0 
64.0 59.0 75.0 69.0 
64.0 58.0 68.0 67.0 
61.0 59.0 60.0 62.0 
60.0 60.0 60.0 61.0 
64.0 60.0 75.0 67.0 
64.0 59.0 68.0 67.0 
61.0 58.0 59.0 61.0 
61.0 60.0 61.0 62.0 
64.0 60.0 75.0 68.0 
64.0 58.0 68.0 67.0 
60.0 59.0 60.0 62.0 
62.0 60.0 62.0 61.0 
64.0 59.0 76.0 68.0 
64.0 59.0 68.0 67.0 
61.0 58.0 60.0 61.0 
61.0 59.0 61.0 62.0 
64.0 60.0 74.0 68.0 
64.0 60.0 67.0 67.0 
60.0 60.0 60.0 62.0 
61.0 60.0 61.0 61.0 
62.0 59.0 75.0 67.0 
63.0 59.0 66.0 67.0 
60.0 59.0 61.0 61.0 
61.0 60.0 60.0 62.0 
64.0 59.0 75.0 68.0 
64.0 59.0 67.0 67.0 
61.0 60.0 60.0 62.0 
61.0 60.0 60.0 62.0 
63.0 60.0 75.0 69.0 
62.0 58.0 66.0 67.0 
60.0 60.0 62.0 61.0 
61.0 60.0 61.0 61.0 
64.0 60.0 76.0 68.0 
63.0 58.0 68.0 67.0 
60.0 59.0 62.0 61.0 
61.0 60.0 61.0 62.0 
64.0 62.0 76.0 68.0 
64.0 58.0 68.0 67.0 
60.0 60.0 60.0 62.0 
61.0 60.0 61.0 61.0 
64.0 59.0 76.0 68.0 
64.0 60.0 67.0 67.0 
60.0 59.0 60.0 61.0 
61.0 60.0 61.0 62.0 
64.0 59.0 75.0 68.0 
64.0 59.0 67.0 66.0 
61.0 60.0 60.0 61.0 
62.0 59.0 61.0 62.0 
65.0 60.0 76.0 68.0 
63.0 58.0 66.0 66.0 
60.0 59.0 61.0 62.0 
63.0 59.0 60.0 62.0 
64.0 60.0 76.0 69.0 
63.0 59.0 66.0 65.0 
60.0 59.0 60.0 61.0 
61.0 60.0 61.0 62.0 
65.0 60.0 76.0 69.0 
63.0 60.0 66.0 65.0 
61.0 59.0 60.0 62.0 
61.0 60.0 61.0 61.0 
64.0 60.0 76.0 69.0 
64.0 58.0 66.0 66.0 
60.0 60.0 60.0 61.0 
61.0 60.0 61.0 62.0 
65.0 60.0 76.0 68.0 
63.0 59.0 65.0 64.0 
60.0 58.0 61.0 61.0 
61.0 59.0 62.0 61.0 
64.0 60.0 75.0 69.0 
63.0 59.0 64.0 65.0 
60.0 58.0 61.0 62.0 
62.0 60.0 61.0 61.0 
66.0 60.0 76.0 67.0 
62.0 59.0 66.0 65.0 
60.0 60.0 60.0 62.0 
62.0 60.0 61.0 62.0 
65.0 59.0 76.0 69.0 
63.0 58.0 66.0 65.0 
60.0 60.0 61.0 61.0 
62.0 60.0 61.0 62.0 
65.0 60.0 76.0 68.0 
63.0 59.0 67.0 65.0 
60.0 60.0 61.0 62.0 
61.0 58.0 62.0 61.0 
64.0 61.0 76.0 69.0 
63.0 59.0 67.0 66.0 
60.0 58.0 60.0 61.0 
61.0 61.0 61.0 61.0 
64.0 60.0 75.0 68.0 
64.0 59.0 67.0 66.0 
60.0 60.0 61.0 61.0 
62.0 60.0 61.0 62.0 
65.0 59.0 76.0 67.0 
63.0 59.0 66.0 66.0 
61.0 59.0 60.0 61.0 
61.0 60.0 60.0 63.0 
65.0 59.0 76.0 69.0 
64.0 57.0 68.0 67.0 
59.0 58.0 61.0 61.0 
59.0 60.0 59.0 61.0 
66.0 59.0 77.0 68.0 
63.0 59.0 67.0 65.0 
60.0 59.0 60.0 61.0 
61.0 60.0 61.0 62.0 
66.0 60.0 75.0 67.0 
64.0 59.0 68.0 67.0 
59.0 59.0 60.0 62.0 
61.0 60.0 61.0 62.0 
66.0 59.0 76.0 68.0 
63.0 59.0 67.0 67.0 
60.0 59.0 60.0 62.0 
61.0 59.0 60.0 61.0 
67.0 59.0 75.0 68.0 
64.0 59.0 67.0 66.0 
60.0 59.0 60.0 62.0 
61.0 59.0 61.0 61.0 
66.0 60.0 75.0 69.0 
64.0 57.0 67.0 66.0 
60.0 59.0 60.0 61.0 
61.0 60.0 61.0 61.0 
66.0 59.0 76.0 67.0 
64.0 59.0 68.0 66.0 
60.0 59.0 61.0 61.0 
61.0 59.0 61.0 62.0 
66.0 58.0 75.0 69.0 
63.0 58.0 68.0 67.0 
60.0 59.0 60.0 62.0 
61.0 59.0 62.0 61.0 
66.0 60.0 75.0 68.0 
64.0 58.0 67.0 66.0 
61.0 59.0 61.0 62.0 
61.0 60.0 62.0 62.0 
65.0 60.0 75.0 67.0 
64.0 59.0 67.0 66.0 
60.0 59.0 60.0 61.0 
61.0 60.0 61.0 62.0 
66.0 59.0 76.0 68.0 
65.0 58.0 68.0 66.0 
61.0 59.0 60.0 62.0 
61.0 59.0 61.0 60.0 
65.0 61.0 75.0 67.0 
64.0 59.0 67.0 66.0 
60.0 59.0 61.0 62.0 
61.0 60.0 60.0 61.0 
65.0 60.0 75.0 69.0 
64.0 59.0 67.0 66.0 
60.0 59.0 61.0 62.0 
61.0 60.0 62.0 61.0 
66.0 61.0 75.0 68.0 
62.0 59.0 68.0 66.0 
60.0 59.0 60.0 62.0 
62.0 59.0 61.0 62.0 
66.0 59.0 76.0 69.0 
63.0 60.0 66.0 66.0 
61.0 59.0 60.0 61.0 
61.0 60.0 60.0 62.0 
66.0 60.0 74.0 68.0 
64.0 59.0 68.0 67.0 
58.0 60.0 61.0 63.0 
60.0 60.0 61.0 62.0 
66.0 61.0 76.0 68.0 
64.0 60.0 68.0 66.0 
60.0 59.0 60.0 61.0 
61.0 60.0 61.0 61.0 
66.0 59.0 76.0 67.0 
63.0 59.0 68.0 66.0 
59.0 60.0 60.0 61.0 
61.0 60.0 61.0 61.0 
66.0 59.0 75.0 68.0 
64.0 59.0 68.0 67.0 
60.0 59.0 60.0 62.0 
61.0 60.0 60.0 61.0 
65.0 60.0 76.0 68.0 
63.0 59.0 67.0 66.0 
61.0 59.0 60.0 62.0 
62.0 60.0 62.0 62.0 
65.0 59.0 75.0 69.0 
64.0 59.0 68.0 67.0 
60.0 59.0 61.0 62.0 
62.0 60.0 61.0 62.0 
66.0 59.0 74.0 69.0 
63.0 59.0 67.0 66.0 
60.0 59.0 60.0 61.0 
62.0 60.0 60.0 61.0 
66.0 59.0 75.0 68.0 
64.0 59.0 67.0 66.0 
60.0 59.0 60.0 61.0 
62.0 60.0 61.0 61.0 
65.0 59.0 76.0 68.0 
63.0 59.0 68.0 66.0 
60.0 60.0 61.0 62.0 
61.0 61.0 61.0 62.0 
68.0 60.0 75.0 68.0 
63.0 58.0 68.0 66.0 
59.0 60.0 62.0 62.0 
61.0 60.0 61.0 62.0 
66.0 60.0 75.0 68.0 
63.0 59.0 67.0 67.0 
60.0 60.0 59.0 62.0 
61.0 60.0 60.0 62.0 
65.0 60.0 75.0 68.0 
64.0 59.0 67.0 67.0 
61.0 59.0 60.0 61.0 
61.0 61.0 61.0 62.0 
66.0 59.0 76.0 68.0 
64.0 59.0 66.0 67.0 
60.0 59.0 60.0 61.0 
61.0 61.0 61.0 61.0 
65.0 59.0 74.0 68.0 
64.0 59.0 69.0 66.0 
60.0 59.0 59.0 61.0 
62.0 59.0 61.0 63.0 
66.0 58.0 76.0 68.0 
63.0 59.0 68.0 67.0 
60.0 59.0 60.0 62.0 
61.0 60.0 61.0 62.0 
66.0 60.0 75.0 69.0 
64.0 60.0 67.0 65.0 
60.0 59.0 60.0 61.0 
61.0 61.0 61.0 62.0 
65.0 61.0 75.0 68.0 
64.0 59.0 68.0 66.0 
60.0 60.0 60.0 61.0 
62.0 60.0 61.0 61.0 
67.0 59.0 76.0 68.0 
64.0 58.0 67.0 66.0 
61.0 58.0 59.0 61.0 
61.0 61.0 61.0 62.0 
65.0 58.0 75.0 68.0 
64.0 59.0 68.0 66.0 
61.0 58.0 59.0 62.0 
61.0 60.0 60.0 63.0 
66.0 60.0 76.0 68.0 
63.0 59.0 67.0 67.0 
61.0 59.0 60.0 61.0 
61.0 60.0 61.0 62.0 
66.0 59.0 75.0 68.0 
64.0 58.0 68.0 67.0 
60.0 59.0 60.0 61.0 
60.0 60.0 60.0 62.0 
66.0 60.0 75.0 68.0 
64.0 59.0 67.0 66.0 
60.0 59.0 60.0 61.0 
61.0 60.0 61.0 62.0 
67.0 61.0 75.0 68.0 
64.0 58.0 68.0 67.0 
60.0 60.0 61.0 61.0 
62.0 59.0 61.0 62.0 
67.0 60.0 76.0 68.0 
64.0 57.0 68.0 67.0 
60.0 60.0 60.0 61.0 
61.0 60.0 61.0 61.0 
66.0 59.0 75.0 68.0 
63.0 61.0 67.0 66.0 
59.0 60.0 60.0 61.0 
61.0 60.0 60.0 62.0 
67.0 60.0 75.0 68.0 
64.0 59.0 67.0 66.0 
61.0 59.0 61.0 61.0 
62.0 59.0 61.0 61.0 
66.0 60.0 74.0 68.0 
64.0 58.0 68.0 66.0 
60.0 59.0 60.0 61.0 
61.0 60.0 61.0 62.0 
66.0 59.0 75.0 68.0 
64.0 60.0 67.0 67.0 
60.0 58.0 61.0 61.0 
61.0 60.0 60.0 61.0 
65.0 60.0 75.0 68.0 
63.0 57.0 68.0 67.0 
61.0 59.0 60.0 62.0 
61.0 60.0 60.0 61.0 
65.0 60.0 75.0 68.0 
64.0 58.0 68.0 66.0 
60.0 59.0 60.0 61.0 
61.0 60.0 61.0 61.0 
65.0 59.0 75.0 68.0 
63.0 59.0 68.0 66.0 
60.0 60.0 60.0 61.0 
61.0 59.0 61.0 61.0 
66.0 60.0 75.0 67.0 
64.0 60.0 67.0 67.0 
60.0 59.0 60.0 61.0 
61.0 60.0 61.0 61.0 
66.0 60.0 75.0 68.0 
64.0 58.0 69.0 66.0 
60.0 60.0 60.0 61.0 
60.0 60.0 61.0 61.0 
65.0 60.0 75.0 68.0 
64.0 59.0 68.0 67.0 
60.0 59.0 60.0 61.0 
61.0 60.0 61.0 61.0 
65.0 60.0 74.0 68.0 
64.0 59.0 67.0 66.0 
60.0 59.0 60.0 61.0 
61.0 60.0 61.0 62.0 
66.0 60.0 75.0 68.0 
64.0 60.0 67.0 67.0 
60.0 60.0 60.0 61.0 
61.0 60.0 62.0 61.0 
65.0 58.0 75.0 68.0 
64.0 58.0 67.0 67.0 
61.0 58.0 60.0 61.0 
61.0 61.0 61.0 60.0 
66.0 59.0 75.0 68.0 
64.0 58.0 68.0 67.0 
60.0 60.0 60.0 61.0 
61.0 60.0 61.0 61.0 
66.0 59.0 75.0 69.0 
64.0 59.0 67.0 66.0 
60.0 60.0 60.0 61.0 
61.0 60.0 61.0 62.0 
66.0 60.0 76.0 67.0 
63.0 60.0 69.0 67.0 
60.0 59.0 60.0 61.0 
61.0 60.0 61.0 61.0 
67.0 60.0 75.0 68.0 
63.0 59.0 67.0 66.0 
60.0 59.0 61.0 61.0 
61.0 60.0 61.0 62.0 
67.0 60.0 74.0 68.0 
65.0 58.0 67.0 66.0 
58.0 60.0 60.0 61.0 
61.0 60.0 61.0 61.0 
67.0 60.0 74.0 68.0 
64.0 59.0 67.0 67.0 
60.0 59.0 60.0 61.0 
61.0 60.0 61.0 62.0 
67.0 59.0 74.0 68.0 
63.0 58.0 68.0 67.0 
61.0 59.0 60.0 61.0 
61.0 59.0 61.0 61.0 
66.0 59.0 75.0 68.0 
64.0 59.0 68.0 66.0 
60.0 59.0 60.0 61.0 
60.0 59.0 60.0 61.0 
67.0 59.0 75.0 68.0 
64.0 59.0 68.0 67.0 
59.0 60.0 60.0 61.0 
62.0 60.0 60.0 61.0 
66.0 61.0 75.0 68.0 
65.0 56.0 68.0 66.0 
60.0 60.0 60.0 62.0 
60.0 60.0 61.0 61.0 
67.0 59.0 75.0 68.0 
64.0 59.0 68.0 68.0 
61.0 59.0 60.0 61.0 
62.0 60.0 60.0 61.0 
67.0 59.0 75.0 69.0 
65.0 60.0 67.0 67.0 
60.0 60.0 59.0 60.0 
