75.0 57.0 84.0 69.0 
59.0 58.0 63.0 61.0 
60.0 58.0 62.0 63.0 
60.0 58.0 60.0 61.0 
70.0 58.0 84.0 70.0 
60.0 57.0 63.0 61.0 
61.0 57.0 62.0 63.0 
61.0 58.0 60.0 61.0 
73.0 58.0 85.0 69.0 
60.0 57.0 63.0 61.0 
60.0 58.0 62.0 62.0 
60.0 58.0 61.0 61.0 
79.0 58.0 88.0 72.0 
60.0 57.0 62.0 61.0 
59.0 58.0 60.0 61.0 
61.0 58.0 60.0 61.0 
77.0 59.0 87.0 72.0 
61.0 57.0 63.0 62.0 
60.0 58.0 60.0 61.0 
60.0 59.0 60.0 61.0 
81.0 58.0 89.0 73.0 
60.0 57.0 62.0 63.0 
57.0 59.0 57.0 58.0 
59.0 58.0 58.0 60.0 
82.0 58.0 93.0 75.0 
60.0 58.0 62.0 63.0 
58.0 57.0 57.0 59.0 
59.0 58.0 58.0 60.0 
84.0 58.0 89.0 74.0 
60.0 57.0 63.0 62.0 
56.0 58.0 58.0 58.0 
60.0 58.0 59.0 60.0 
83.0 58.0 93.0 77.0 
61.0 57.0 62.0 63.0 
57.0 58.0 57.0 59.0 
60.0 59.0 59.0 60.0 
83.0 58.0 93.0 77.0 
60.0 57.0 62.0 63.0 
57.0 58.0 57.0 59.0 
60.0 59.0 59.0 62.0 
84.0 58.0 99.0 79.0 
61.0 58.0 61.0 63.0 
57.0 58.0 58.0 59.0 
59.0 59.0 59.0 60.0 
85.0 58.0 101.0 80.0 
61.0 57.0 61.0 62.0 
59.0 58.0 57.0 59.0 
60.0 58.0 58.0 60.0 
85.0 58.0 103.0 81.0 
60.0 58.0 60.0 63.0 
58.0 58.0 58.0 58.0 
59.0 60.0 58.0 59.0 
84.0 58.0 103.0 81.0 
61.0 58.0 61.0 62.0 
58.0 59.0 57.0 59.0 
60.0 58.0 58.0 59.0 
84.0 58.0 105.0 82.0 
60.0 57.0 60.0 62.0 
58.0 58.0 57.0 59.0 
59.0 59.0 58.0 60.0 
84.0 58.0 105.0 82.0 
60.0 57.0 60.0 62.0 
61.0 58.0 60.0 62.0 
59.0 59.0 57.0 60.0 
87.0 58.0 108.0 81.0 
61.0 57.0 61.0 62.0 
61.0 57.0 58.0 62.0 
59.0 58.0 57.0 59.0 
88.0 58.0 111.0 81.0 
60.0 58.0 61.0 62.0 
61.0 57.0 58.0 63.0 
59.0 58.0 57.0 59.0 
87.0 58.0 121.0 82.0 
60.0 57.0 60.0 62.0 
61.0 59.0 59.0 63.0 
59.0 59.0 57.0 60.0 
88.0 58.0 128.0 83.0 
62.0 57.0 61.0 63.0 
62.0 58.0 59.0 63.0 
58.0 58.0 56.0 59.0 
89.0 58.0 136.0 83.0 
62.0 57.0 63.0 64.0 
61.0 58.0 57.0 62.0 
58.0 59.0 55.0 57.0 
88.0 58.0 140.0 83.0 
62.0 58.0 63.0 64.0 
61.0 58.0 58.0 63.0 
57.0 58.0 56.0 58.0 
89.0 59.0 141.0 83.0 
62.0 57.0 63.0 64.0 
61.0 58.0 58.0 62.0 
58.0 58.0 57.0 58.0 
89.0 58.0 144.0 83.0 
62.0 57.0 63.0 65.0 
62.0 57.0 58.0 63.0 
57.0 59.0 55.0 59.0 
87.0 58.0 147.0 85.0 
62.0 57.0 63.0 64.0 
61.0 58.0 58.0 63.0 
58.0 58.0 54.0 58.0 
88.0 59.0 148.0 84.0 
62.0 57.0 65.0 64.0 
61.0 58.0 59.0 63.0 
59.0 59.0 55.0 58.0 
87.0 58.0 152.0 85.0 
62.0 58.0 63.0 64.0 
61.0 59.0 58.0 62.0 
58.0 58.0 55.0 58.0 
91.0 58.0 161.0 87.0 
61.0 58.0 61.0 63.0 
60.0 58.0 56.0 63.0 
58.0 58.0 55.0 58.0 
91.0 58.0 170.0 88.0 
60.0 58.0 61.0 62.0 
62.0 59.0 58.0 62.0 
58.0 58.0 54.0 58.0 
85.0 59.0 177.0 89.0 
61.0 57.0 61.0 62.0 
61.0 57.0 58.0 61.0 
58.0 59.0 54.0 59.0 
85.0 58.0 185.0 90.0 
62.0 57.0 60.0 62.0 
61.0 59.0 57.0 63.0 
59.0 59.0 54.0 58.0 
84.0 59.0 185.0 89.0 
60.0 57.0 62.0 62.0 
62.0 59.0 58.0 62.0 
58.0 59.0 54.0 58.0 
84.0 59.0 203.0 92.0 
60.0 58.0 61.0 62.0 
61.0 58.0 58.0 63.0 
59.0 59.0 54.0 58.0 
87.0 58.0 219.0 94.0 
61.0 58.0 60.0 61.0 
61.0 58.0 57.0 63.0 
59.0 59.0 53.0 58.0 
85.0 58.0 224.0 93.0 
60.0 57.0 61.0 62.0 
62.0 58.0 57.0 63.0 
59.0 58.0 54.0 59.0 
84.0 58.0 223.0 93.0 
60.0 58.0 60.0 63.0 
61.0 58.0 58.0 63.0 
58.0 59.0 53.0 59.0 
85.0 59.0 239.0 94.0 
61.0 58.0 61.0 62.0 
62.0 58.0 57.0 63.0 
59.0 59.0 53.0 58.0 
85.0 60.0 273.0 98.0 
61.0 58.0 61.0 62.0 
61.0 58.0 57.0 62.0 
57.0 59.0 52.0 58.0 
83.0 59.0 277.0 99.0 
61.0 56.0 62.0 62.0 
61.0 57.0 57.0 62.0 
58.0 59.0 51.0 58.0 
83.0 60.0 257.0 96.0 
61.0 58.0 63.0 62.0 
61.0 58.0 58.0 63.0 
58.0 59.0 53.0 58.0 
81.0 59.0 283.0 101.0 
60.0 58.0 63.0 62.0 
62.0 58.0 58.0 63.0 
59.0 58.0 52.0 59.0 
81.0 60.0 327.0 110.0 
60.0 58.0 63.0 62.0 
62.0 57.0 57.0 62.0 
60.0 59.0 52.0 57.0 
81.0 59.0 278.0 104.0 
61.0 57.0 65.0 62.0 
62.0 58.0 58.0 63.0 
59.0 59.0 52.0 59.0 
89.0 61.0 353.0 159.0 
60.0 57.0 63.0 62.0 
60.0 58.0 53.0 60.0 
59.0 58.0 51.0 58.0 
94.0 62.0 397.0 185.0 
61.0 58.0 62.0 60.0 
60.0 58.0 52.0 58.0 
58.0 59.0 51.0 56.0 
94.0 61.0 388.0 185.0 
61.0 59.0 64.0 60.0 
60.0 57.0 54.0 59.0 
59.0 59.0 50.0 56.0 
94.0 60.0 326.0 172.0 
61.0 58.0 64.0 61.0 
60.0 58.0 55.0 59.0 
59.0 59.0 52.0 56.0 
98.0 60.0 347.0 207.0 
60.0 58.0 62.0 60.0 
60.0 58.0 55.0 59.0 
59.0 58.0 52.0 55.0 
103.0 62.0 397.0 229.0 
60.0 58.0 61.0 59.0 
59.0 58.0 53.0 57.0 
59.0 58.0 52.0 54.0 
104.0 62.0 399.0 258.0 
61.0 57.0 62.0 59.0 
59.0 58.0 54.0 58.0 
58.0 58.0 51.0 53.0 
98.0 61.0 338.0 241.0 
60.0 58.0 63.0 59.0 
59.0 58.0 55.0 57.0 
58.0 59.0 52.0 54.0 
104.0 61.0 349.0 273.0 
61.0 57.0 63.0 59.0 
60.0 58.0 55.0 56.0 
59.0 59.0 52.0 53.0 
106.0 61.0 331.0 296.0 
60.0 58.0 63.0 58.0 
59.0 58.0 55.0 56.0 
60.0 59.0 53.0 53.0 
110.0 62.0 301.0 334.0 
60.0 58.0 63.0 58.0 
59.0 58.0 55.0 54.0 
58.0 59.0 53.0 52.0 
115.0 62.0 276.0 383.0 
60.0 58.0 63.0 56.0 
59.0 58.0 56.0 54.0 
58.0 59.0 55.0 51.0 
111.0 61.0 244.0 378.0 
60.0 58.0 65.0 56.0 
59.0 58.0 57.0 53.0 
58.0 59.0 55.0 50.0 
108.0 61.0 218.0 366.0 
60.0 58.0 65.0 57.0 
59.0 58.0 58.0 53.0 
59.0 59.0 55.0 51.0 
110.0 61.0 212.0 367.0 
61.0 58.0 65.0 57.0 
59.0 58.0 57.0 52.0 
58.0 59.0 55.0 53.0 
109.0 61.0 201.0 377.0 
60.0 57.0 65.0 57.0 
57.0 59.0 55.0 49.0 
58.0 60.0 57.0 51.0 
111.0 61.0 193.0 358.0 
60.0 58.0 65.0 57.0 
57.0 58.0 55.0 51.0 
58.0 59.0 57.0 53.0 
114.0 62.0 193.0 390.0 
60.0 58.0 67.0 57.0 
57.0 59.0 55.0 49.0 
59.0 59.0 57.0 52.0 
118.0 62.0 196.0 424.0 
61.0 58.0 66.0 56.0 
57.0 58.0 55.0 49.0 
59.0 59.0 57.0 51.0 
116.0 61.0 187.0 364.0 
60.0 57.0 66.0 58.0 
57.0 59.0 55.0 50.0 
59.0 59.0 58.0 52.0 
129.0 61.0 185.0 400.0 
61.0 58.0 67.0 57.0 
57.0 58.0 56.0 50.0 
56.0 59.0 59.0 52.0 
134.0 61.0 179.0 393.0 
60.0 58.0 67.0 58.0 
55.0 58.0 57.0 49.0 
56.0 59.0 56.0 49.0 
144.0 61.0 176.0 358.0 
60.0 58.0 66.0 59.0 
57.0 58.0 56.0 50.0 
56.0 59.0 58.0 53.0 
141.0 61.0 164.0 317.0 
61.0 58.0 68.0 59.0 
57.0 58.0 57.0 50.0 
56.0 59.0 57.0 51.0 
146.0 60.0 162.0 307.0 
60.0 58.0 69.0 60.0 
56.0 59.0 56.0 52.0 
56.0 59.0 57.0 51.0 
149.0 59.0 153.0 294.0 
59.0 58.0 68.0 60.0 
58.0 59.0 62.0 56.0 
56.0 60.0 56.0 52.0 
153.0 59.0 130.0 279.0 
59.0 57.0 69.0 60.0 
58.0 58.0 61.0 57.0 
55.0 59.0 57.0 53.0 
175.0 59.0 130.0 283.0 
60.0 58.0 70.0 61.0 
59.0 59.0 61.0 56.0 
55.0 59.0 56.0 51.0 
179.0 59.0 130.0 284.0 
59.0 58.0 71.0 61.0 
58.0 58.0 61.0 56.0 
54.0 59.0 55.0 52.0 
186.0 59.0 127.0 269.0 
59.0 57.0 70.0 61.0 
58.0 58.0 62.0 58.0 
54.0 60.0 57.0 52.0 
189.0 60.0 126.0 266.0 
59.0 58.0 71.0 61.0 
60.0 58.0 63.0 57.0 
54.0 59.0 57.0 52.0 
188.0 60.0 124.0 257.0 
59.0 58.0 71.0 62.0 
58.0 59.0 62.0 57.0 
54.0 60.0 57.0 53.0 
184.0 59.0 118.0 233.0 
60.0 57.0 72.0 63.0 
59.0 58.0 62.0 58.0 
54.0 59.0 56.0 54.0 
209.0 59.0 116.0 191.0 
62.0 58.0 72.0 64.0 
58.0 58.0 63.0 60.0 
53.0 59.0 56.0 54.0 
179.0 380.0 116.0 188.0 
60.0 58.0 72.0 65.0 
58.0 58.0 63.0 60.0 
54.0 59.0 57.0 54.0 
191.0 465.0 120.0 199.0 
61.0 58.0 73.0 64.0 
57.0 58.0 62.0 59.0 
54.0 59.0 57.0 54.0 
188.0 464.0 121.0 197.0 
59.0 58.0 72.0 64.0 
58.0 58.0 62.0 60.0 
54.0 59.0 57.0 53.0 
197.0 473.0 122.0 199.0 
60.0 58.0 74.0 66.0 
58.0 58.0 63.0 60.0 
53.0 59.0 56.0 54.0 
206.0 506.0 120.0 194.0 
60.0 57.0 75.0 65.0 
57.0 58.0 63.0 61.0 
52.0 59.0 57.0 54.0 
217.0 481.0 118.0 189.0 
60.0 58.0 75.0 65.0 
60.0 55.0 64.0 63.0 
55.0 48.0 56.0 56.0 
236.0 458.0 116.0 187.0 
59.0 58.0 74.0 65.0 
58.0 59.0 65.0 64.0 
52.0 60.0 57.0 54.0 
248.0 482.0 115.0 175.0 
60.0 58.0 74.0 65.0 
60.0 56.0 66.0 65.0 
55.0 48.0 57.0 56.0 
242.0 438.0 113.0 166.0 
61.0 59.0 75.0 66.0 
59.0 57.0 66.0 66.0 
54.0 50.0 57.0 56.0 
263.0 455.0 115.0 168.0 
61.0 60.0 78.0 66.0 
60.0 58.0 67.0 65.0 
53.0 49.0 58.0 56.0 
311.0 432.0 117.0 165.0 
62.0 63.0 80.0 68.0 
60.0 59.0 67.0 66.0 
52.0 49.0 56.0 56.0 
352.0 425.0 117.0 159.0 
63.0 66.0 80.0 68.0 
60.0 59.0 66.0 67.0 
51.0 51.0 57.0 57.0 
360.0 348.0 116.0 141.0 
64.0 65.0 80.0 68.0 
60.0 62.0 66.0 68.0 
52.0 54.0 59.0 60.0 
364.0 330.0 111.0 138.0 
63.0 64.0 81.0 69.0 
60.0 60.0 66.0 66.0 
53.0 55.0 60.0 60.0 
307.0 244.0 117.0 114.0 
66.0 66.0 81.0 70.0 
60.0 63.0 65.0 66.0 
55.0 58.0 60.0 62.0 
331.0 244.0 118.0 115.0 
70.0 69.0 83.0 73.0 
50.0 54.0 56.0 58.0 
56.0 60.0 62.0 63.0 
351.0 235.0 115.0 110.0 
70.0 70.0 85.0 73.0 
50.0 53.0 56.0 58.0 
56.0 60.0 62.0 64.0 
367.0 225.0 118.0 108.0 
72.0 70.0 84.0 74.0 
50.0 53.0 57.0 58.0 
57.0 60.0 62.0 64.0 
353.0 201.0 121.0 101.0 
74.0 70.0 84.0 74.0 
50.0 54.0 56.0 58.0 
57.0 61.0 62.0 64.0 
347.0 163.0 122.0 92.0 
75.0 69.0 84.0 73.0 
50.0 56.0 56.0 59.0 
57.0 63.0 61.0 64.0 
353.0 179.0 127.0 95.0 
76.0 70.0 84.0 73.0 
50.0 56.0 56.0 58.0 
57.0 63.0 62.0 65.0 
334.0 125.0 128.0 89.0 
81.0 59.0 86.0 76.0 
49.0 60.0 56.0 57.0 
58.0 60.0 63.0 66.0 
283.0 120.0 128.0 91.0 
75.0 69.0 97.0 74.0 
51.0 57.0 55.0 58.0 
58.0 63.0 67.0 64.0 
286.0 120.0 128.0 83.0 
72.0 70.0 100.0 74.0 
51.0 57.0 55.0 58.0 
58.0 63.0 71.0 66.0 
255.0 107.0 128.0 82.0 
72.0 69.0 105.0 76.0 
52.0 57.0 55.0 59.0 
59.0 63.0 73.0 64.0 
243.0 103.0 132.0 82.0 
71.0 69.0 120.0 76.0 
53.0 57.0 54.0 58.0 
59.0 64.0 79.0 66.0 
209.0 97.0 133.0 80.0 
69.0 68.0 132.0 76.0 
55.0 60.0 72.0 63.0 
59.0 63.0 82.0 66.0 
212.0 96.0 132.0 80.0 
68.0 66.0 142.0 76.0 
57.0 61.0 106.0 67.0 
58.0 64.0 95.0 66.0 
216.0 98.0 123.0 78.0 
66.0 66.0 166.0 76.0 
62.0 66.0 205.0 80.0 
57.0 62.0 107.0 66.0 
211.0 95.0 118.0 77.0 
66.0 65.0 174.0 77.0 
69.0 72.0 331.0 97.0 
57.0 62.0 108.0 67.0 
210.0 94.0 115.0 78.0 
65.0 66.0 185.0 78.0 
69.0 73.0 369.0 101.0 
57.0 62.0 110.0 68.0 
205.0 92.0 107.0 76.0 
67.0 67.0 198.0 81.0 
70.0 77.0 411.0 109.0 
56.0 62.0 112.0 69.0 
204.0 92.0 105.0 75.0 
67.0 66.0 201.0 81.0 
77.0 82.0 493.0 122.0 
57.0 62.0 109.0 67.0 
199.0 90.0 108.0 76.0 
65.0 66.0 208.0 83.0 
78.0 83.0 510.0 126.0 
58.0 61.0 116.0 68.0 
190.0 90.0 114.0 76.0 
65.0 66.0 206.0 82.0 
80.0 86.0 539.0 132.0 
58.0 62.0 120.0 69.0 
184.0 95.0 116.0 109.0 
65.0 66.0 204.0 84.0 
77.0 84.0 509.0 130.0 
58.0 62.0 120.0 69.0 
161.0 93.0 103.0 107.0 
63.0 65.0 201.0 83.0 
75.0 85.0 522.0 135.0 
60.0 62.0 118.0 69.0 
153.0 92.0 102.0 115.0 
63.0 64.0 187.0 81.0 
78.0 86.0 544.0 140.0 
60.0 63.0 119.0 67.0 
148.0 91.0 100.0 114.0 
62.0 64.0 183.0 83.0 
84.0 65.0 516.0 157.0 
61.0 59.0 122.0 70.0 
131.0 59.0 101.0 128.0 
64.0 58.0 177.0 83.0 
82.0 63.0 519.0 149.0 
62.0 59.0 127.0 71.0 
131.0 59.0 105.0 128.0 
64.0 58.0 171.0 85.0 
82.0 64.0 501.0 157.0 
62.0 61.0 125.0 73.0 
132.0 59.0 129.0 143.0 
66.0 58.0 176.0 90.0 
88.0 66.0 536.0 181.0 
62.0 59.0 122.0 74.0 
132.0 58.0 129.0 141.0 
65.0 58.0 175.0 96.0 
85.0 64.0 479.0 236.0 
62.0 59.0 115.0 76.0 
143.0 59.0 126.0 140.0 
66.0 58.0 166.0 103.0 
109.0 65.0 620.0 346.0 
62.0 59.0 107.0 79.0 
131.0 59.0 129.0 140.0 
64.0 58.0 155.0 106.0 
87.0 65.0 472.0 254.0 
62.0 59.0 104.0 83.0 
132.0 59.0 128.0 138.0 
66.0 59.0 153.0 113.0 
91.0 65.0 495.0 297.0 
62.0 59.0 100.0 86.0 
90.0 60.0 131.0 138.0 
66.0 58.0 146.0 116.0 
91.0 65.0 445.0 289.0 
63.0 58.0 98.0 87.0 
93.0 59.0 128.0 137.0 
67.0 58.0 148.0 125.0 
87.0 63.0 413.0 290.0 
64.0 59.0 95.0 87.0 
91.0 59.0 133.0 143.0 
67.0 58.0 146.0 127.0 
91.0 62.0 432.0 317.0 
63.0 60.0 92.0 88.0 
97.0 58.0 130.0 143.0 
66.0 58.0 137.0 120.0 
91.0 65.0 416.0 313.0 
62.0 60.0 91.0 90.0 
98.0 59.0 136.0 151.0 
65.0 58.0 105.0 103.0 
90.0 63.0 385.0 307.0 
63.0 59.0 91.0 89.0 
94.0 60.0 137.0 153.0 
65.0 58.0 105.0 99.0 
91.0 64.0 412.0 388.0 
62.0 59.0 87.0 88.0 
92.0 59.0 131.0 149.0 
63.0 59.0 98.0 92.0 
97.0 63.0 345.0 419.0 
62.0 60.0 85.0 89.0 
99.0 60.0 138.0 161.0 
65.0 57.0 95.0 96.0 
101.0 65.0 328.0 444.0 
62.0 59.0 82.0 86.0 
98.0 59.0 136.0 155.0 
64.0 58.0 92.0 91.0 
107.0 73.0 342.0 604.0 
63.0 58.0 80.0 86.0 
98.0 60.0 125.0 146.0 
64.0 58.0 92.0 89.0 
133.0 65.0 323.0 606.0 
62.0 59.0 78.0 84.0 
105.0 59.0 124.0 151.0 
63.0 58.0 88.0 82.0 
124.0 67.0 295.0 557.0 
61.0 59.0 75.0 80.0 
103.0 58.0 126.0 154.0 
64.0 58.0 86.0 79.0 
123.0 66.0 279.0 518.0 
61.0 59.0 70.0 73.0 
104.0 59.0 122.0 145.0 
64.0 58.0 87.0 89.0 
116.0 65.0 250.0 490.0 
58.0 59.0 66.0 62.0 
104.0 59.0 105.0 137.0 
66.0 59.0 90.0 101.0 
122.0 65.0 241.0 521.0 
59.0 58.0 65.0 61.0 
119.0 59.0 142.0 169.0 
68.0 59.0 90.0 107.0 
124.0 66.0 234.0 538.0 
58.0 60.0 63.0 57.0 
117.0 58.0 134.0 141.0 
68.0 58.0 92.0 117.0 
134.0 64.0 240.0 598.0 
58.0 59.0 64.0 58.0 
146.0 59.0 138.0 151.0 
73.0 58.0 95.0 130.0 
139.0 64.0 230.0 580.0 
57.0 59.0 63.0 56.0 
164.0 59.0 137.0 162.0 
74.0 59.0 93.0 131.0 
142.0 66.0 213.0 573.0 
57.0 59.0 63.0 56.0 
169.0 59.0 129.0 162.0 
74.0 58.0 94.0 137.0 
129.0 64.0 193.0 509.0 
56.0 59.0 61.0 54.0 
168.0 60.0 137.0 173.0 
75.0 59.0 94.0 141.0 
119.0 63.0 177.0 427.0 
57.0 59.0 63.0 55.0 
190.0 59.0 142.0 228.0 
77.0 58.0 96.0 145.0 
110.0 61.0 165.0 396.0 
55.0 60.0 62.0 54.0 
222.0 59.0 138.0 228.0 
79.0 59.0 93.0 142.0 
126.0 63.0 162.0 460.0 
56.0 59.0 62.0 53.0 
215.0 60.0 122.0 228.0 
84.0 59.0 91.0 150.0 
132.0 63.0 162.0 452.0 
55.0 61.0 62.0 53.0 
189.0 60.0 119.0 223.0 
87.0 58.0 87.0 144.0 
127.0 63.0 129.0 385.0 
57.0 59.0 61.0 57.0 
235.0 60.0 120.0 237.0 
88.0 58.0 85.0 142.0 
124.0 60.0 119.0 344.0 
58.0 59.0 60.0 56.0 
239.0 60.0 122.0 239.0 
89.0 58.0 83.0 129.0 
125.0 60.0 117.0 309.0 
58.0 60.0 61.0 58.0 
244.0 58.0 120.0 224.0 
89.0 59.0 80.0 126.0 
146.0 60.0 120.0 332.0 
56.0 61.0 61.0 58.0 
267.0 60.0 122.0 234.0 
89.0 58.0 79.0 122.0 
180.0 60.0 121.0 346.0 
57.0 59.0 61.0 57.0 
288.0 60.0 119.0 233.0 
89.0 58.0 78.0 115.0 
175.0 60.0 115.0 324.0 
55.0 60.0 62.0 58.0 
283.0 62.0 118.0 221.0 
86.0 58.0 74.0 105.0 
190.0 59.0 111.0 305.0 
55.0 59.0 61.0 58.0 
295.0 60.0 116.0 201.0 
95.0 58.0 72.0 103.0 
194.0 59.0 108.0 281.0 
56.0 59.0 61.0 58.0 
302.0 60.0 117.0 209.0 
99.0 59.0 73.0 101.0 
199.0 61.0 105.0 267.0 
57.0 59.0 61.0 57.0 
301.0 61.0 117.0 208.0 
93.0 59.0 73.0 96.0 
210.0 59.0 104.0 265.0 
55.0 58.0 61.0 58.0 
310.0 62.0 116.0 200.0 
93.0 58.0 71.0 89.0 
223.0 60.0 100.0 233.0 
55.0 59.0 61.0 58.0 
329.0 61.0 115.0 191.0 
95.0 59.0 67.0 85.0 
269.0 60.0 102.0 234.0 
50.0 60.0 60.0 55.0 
353.0 62.0 113.0 189.0 
91.0 59.0 69.0 84.0 
286.0 60.0 99.0 218.0 
48.0 58.0 61.0 55.0 
356.0 63.0 112.0 179.0 
90.0 59.0 69.0 81.0 
334.0 65.0 108.0 232.0 
45.0 60.0 60.0 53.0 
369.0 63.0 111.0 175.0 
90.0 57.0 70.0 81.0 
333.0 61.0 97.0 208.0 
48.0 59.0 60.0 55.0 
371.0 62.0 112.0 172.0 
92.0 58.0 70.0 80.0 
358.0 62.0 97.0 211.0 
46.0 60.0 59.0 55.0 
365.0 63.0 111.0 169.0 
81.0 59.0 68.0 71.0 
350.0 62.0 95.0 197.0 
47.0 59.0 59.0 54.0 
360.0 61.0 109.0 161.0 
81.0 59.0 68.0 70.0 
364.0 61.0 94.0 191.0 
45.0 60.0 58.0 53.0 
337.0 62.0 109.0 154.0 
81.0 59.0 68.0 70.0 
522.0 66.0 102.0 191.0 
42.0 60.0 58.0 54.0 
300.0 60.0 107.0 147.0 
94.0 58.0 68.0 73.0 
565.0 65.0 102.0 191.0 
42.0 60.0 58.0 54.0 
310.0 61.0 109.0 147.0 
83.0 59.0 68.0 69.0 
609.0 64.0 99.0 186.0 
41.0 59.0 58.0 54.0 
314.0 61.0 108.0 147.0 
91.0 58.0 69.0 73.0 
605.0 65.0 97.0 180.0 
41.0 59.0 58.0 54.0 
293.0 60.0 109.0 142.0 
99.0 58.0 70.0 73.0 
641.0 64.0 97.0 172.0 
41.0 59.0 58.0 55.0 
283.0 60.0 112.0 133.0 
116.0 58.0 71.0 76.0 
657.0 63.0 97.0 169.0 
42.0 60.0 57.0 54.0 
309.0 61.0 112.0 138.0 
77.0 58.0 66.0 66.0 
609.0 64.0 96.0 164.0 
41.0 59.0 57.0 55.0 
292.0 60.0 114.0 141.0 
72.0 59.0 64.0 64.0 
650.0 63.0 93.0 151.0 
41.0 60.0 58.0 55.0 
307.0 60.0 114.0 137.0 
72.0 58.0 65.0 63.0 
540.0 67.0 93.0 139.0 
41.0 60.0 57.0 56.0 
300.0 61.0 118.0 136.0 
68.0 58.0 65.0 63.0 
546.0 67.0 91.0 138.0 
42.0 60.0 58.0 56.0 
300.0 60.0 117.0 134.0 
92.0 59.0 65.0 67.0 
514.0 66.0 89.0 133.0 
44.0 60.0 58.0 56.0 
271.0 60.0 116.0 122.0 
82.0 59.0 65.0 64.0 
569.0 65.0 90.0 132.0 
42.0 60.0 58.0 56.0 
256.0 60.0 111.0 119.0 
74.0 58.0 66.0 64.0 
570.0 66.0 88.0 128.0 
42.0 59.0 57.0 57.0 
260.0 60.0 113.0 119.0 
73.0 58.0 65.0 63.0 
473.0 64.0 85.0 119.0 
45.0 60.0 58.0 57.0 
253.0 59.0 112.0 119.0 
63.0 57.0 64.0 62.0 
483.0 65.0 85.0 115.0 
44.0 60.0 57.0 56.0 
241.0 60.0 112.0 117.0 
46.0 58.0 61.0 59.0 
526.0 67.0 86.0 119.0 
43.0 60.0 58.0 57.0 
239.0 60.0 113.0 118.0 
47.0 59.0 63.0 60.0 
516.0 66.0 86.0 115.0 
43.0 60.0 58.0 58.0 
196.0 59.0 112.0 111.0 
48.0 58.0 63.0 60.0 
455.0 64.0 80.0 106.0 
46.0 60.0 58.0 57.0 
230.0 60.0 113.0 115.0 
49.0 58.0 63.0 59.0 
406.0 63.0 80.0 104.0 
47.0 60.0 58.0 57.0 
181.0 59.0 108.0 108.0 
50.0 59.0 63.0 59.0 
404.0 63.0 79.0 101.0 
49.0 59.0 57.0 58.0 
196.0 60.0 111.0 110.0 
49.0 58.0 63.0 60.0 
383.0 63.0 77.0 97.0 
48.0 59.0 59.0 59.0 
216.0 59.0 109.0 111.0 
49.0 58.0 64.0 59.0 
328.0 61.0 75.0 94.0 
48.0 59.0 59.0 58.0 
208.0 60.0 106.0 101.0 
52.0 58.0 65.0 61.0 
262.0 60.0 72.0 89.0 
50.0 60.0 60.0 59.0 
204.0 60.0 100.0 86.0 
55.0 59.0 67.0 61.0 
207.0 59.0 71.0 84.0 
51.0 60.0 59.0 59.0 
208.0 59.0 100.0 84.0 
54.0 58.0 67.0 62.0 
191.0 60.0 69.0 83.0 
51.0 59.0 58.0 59.0 
209.0 59.0 100.0 85.0 
53.0 58.0 65.0 61.0 
178.0 59.0 69.0 81.0 
52.0 59.0 60.0 59.0 
208.0 60.0 101.0 86.0 
54.0 58.0 65.0 61.0 
154.0 59.0 70.0 80.0 
52.0 59.0 59.0 58.0 
217.0 59.0 102.0 85.0 
54.0 59.0 66.0 62.0 
124.0 59.0 68.0 76.0 
52.0 60.0 59.0 59.0 
214.0 59.0 103.0 86.0 
55.0 58.0 66.0 61.0 
103.0 59.0 67.0 73.0 
52.0 59.0 59.0 59.0 
205.0 60.0 105.0 86.0 
57.0 58.0 66.0 62.0 
90.0 59.0 65.0 71.0 
54.0 59.0 59.0 59.0 
199.0 60.0 104.0 85.0 
57.0 59.0 66.0 63.0 
88.0 60.0 66.0 71.0 
55.0 60.0 59.0 59.0 
197.0 60.0 104.0 83.0 
57.0 58.0 65.0 62.0 
84.0 58.0 65.0 70.0 
55.0 60.0 61.0 60.0 
219.0 59.0 107.0 87.0 
57.0 59.0 66.0 63.0 
74.0 60.0 63.0 68.0 
56.0 60.0 58.0 61.0 
185.0 60.0 143.0 97.0 
58.0 60.0 64.0 63.0 
76.0 61.0 62.0 67.0 
56.0 60.0 58.0 60.0 
183.0 59.0 144.0 99.0 
58.0 58.0 65.0 63.0 
76.0 59.0 61.0 67.0 
56.0 59.0 59.0 60.0 
200.0 60.0 144.0 102.0 
59.0 58.0 66.0 63.0 
59.0 59.0 57.0 59.0 
56.0 60.0 59.0 60.0 
206.0 59.0 146.0 132.0 
59.0 57.0 66.0 63.0 
58.0 60.0 58.0 60.0 
55.0 59.0 57.0 58.0 
205.0 60.0 149.0 145.0 
58.0 58.0 66.0 62.0 
56.0 58.0 58.0 57.0 
56.0 59.0 59.0 58.0 
181.0 59.0 149.0 152.0 
60.0 58.0 66.0 61.0 
55.0 59.0 57.0 57.0 
56.0 60.0 58.0 59.0 
160.0 59.0 143.0 153.0 
60.0 59.0 64.0 61.0 
57.0 59.0 57.0 57.0 
58.0 59.0 58.0 58.0 
168.0 59.0 147.0 159.0 
60.0 58.0 64.0 62.0 
56.0 59.0 58.0 57.0 
58.0 59.0 59.0 58.0 
160.0 59.0 142.0 159.0 
61.0 59.0 67.0 63.0 
58.0 60.0 57.0 56.0 
59.0 60.0 58.0 59.0 
111.0 59.0 136.0 154.0 
61.0 58.0 67.0 62.0 
58.0 58.0 57.0 57.0 
60.0 60.0 59.0 59.0 
109.0 59.0 141.0 157.0 
61.0 60.0 68.0 63.0 
58.0 59.0 60.0 58.0 
59.0 59.0 58.0 59.0 
108.0 59.0 126.0 154.0 
61.0 59.0 67.0 62.0 
60.0 59.0 61.0 60.0 
59.0 60.0 59.0 58.0 
100.0 59.0 108.0 146.0 
62.0 57.0 68.0 62.0 
59.0 59.0 60.0 59.0 
60.0 60.0 60.0 58.0 
97.0 59.0 109.0 147.0 
62.0 58.0 67.0 62.0 
60.0 59.0 60.0 58.0 
60.0 59.0 60.0 59.0 
106.0 59.0 109.0 151.0 
61.0 58.0 65.0 63.0 
58.0 59.0 61.0 60.0 
59.0 60.0 60.0 58.0 
103.0 59.0 108.0 147.0 
61.0 58.0 66.0 62.0 
60.0 59.0 61.0 61.0 
60.0 59.0 58.0 58.0 
98.0 60.0 108.0 147.0 
61.0 59.0 67.0 62.0 
59.0 60.0 60.0 60.0 
60.0 59.0 60.0 59.0 
157.0 60.0 112.0 158.0 
59.0 57.0 62.0 60.0 
60.0 59.0 62.0 58.0 
60.0 60.0 60.0 57.0 
157.0 59.0 112.0 163.0 
59.0 58.0 65.0 61.0 
59.0 59.0 60.0 59.0 
58.0 60.0 60.0 57.0 
169.0 59.0 110.0 154.0 
58.0 57.0 62.0 60.0 
58.0 59.0 61.0 62.0 
58.0 60.0 60.0 60.0 
176.0 60.0 101.0 121.0 
56.0 59.0 59.0 59.0 
57.0 59.0 63.0 62.0 
57.0 59.0 60.0 58.0 
190.0 60.0 98.0 125.0 
55.0 59.0 61.0 59.0 
57.0 59.0 64.0 62.0 
56.0 60.0 61.0 59.0 
194.0 60.0 97.0 126.0 
56.0 58.0 61.0 59.0 
57.0 58.0 63.0 63.0 
56.0 60.0 61.0 59.0 
197.0 60.0 98.0 134.0 
56.0 58.0 61.0 58.0 
57.0 59.0 63.0 62.0 
55.0 60.0 60.0 59.0 
210.0 59.0 102.0 166.0 
55.0 58.0 61.0 57.0 
57.0 58.0 63.0 62.0 
55.0 60.0 59.0 57.0 
221.0 60.0 104.0 181.0 
55.0 57.0 61.0 57.0 
56.0 59.0 63.0 60.0 
54.0 59.0 60.0 56.0 
229.0 60.0 110.0 193.0 
55.0 58.0 60.0 56.0 
56.0 59.0 63.0 60.0 
54.0 59.0 59.0 56.0 
236.0 60.0 114.0 207.0 
55.0 58.0 60.0 56.0 
55.0 59.0 62.0 59.0 
54.0 59.0 60.0 56.0 
235.0 60.0 104.0 188.0 
55.0 59.0 65.0 58.0 
56.0 59.0 62.0 60.0 
54.0 59.0 60.0 57.0 
235.0 59.0 100.0 171.0 
55.0 59.0 64.0 60.0 
56.0 61.0 62.0 60.0 
54.0 58.0 58.0 57.0 
234.0 59.0 96.0 165.0 
57.0 59.0 67.0 61.0 
56.0 59.0 62.0 61.0 
54.0 59.0 60.0 57.0 
226.0 60.0 93.0 157.0 
57.0 59.0 67.0 62.0 
56.0 59.0 61.0 61.0 
54.0 60.0 60.0 58.0 
235.0 60.0 93.0 156.0 
56.0 59.0 67.0 62.0 
55.0 60.0 61.0 61.0 
54.0 59.0 60.0 57.0 
252.0 60.0 96.0 173.0 
56.0 59.0 68.0 60.0 
56.0 59.0 62.0 59.0 
54.0 60.0 60.0 56.0 
254.0 61.0 95.0 171.0 
57.0 58.0 68.0 61.0 
55.0 59.0 63.0 59.0 
53.0 60.0 60.0 57.0 
203.0 60.0 93.0 166.0 
58.0 59.0 68.0 61.0 
57.0 58.0 61.0 59.0 
55.0 60.0 60.0 55.0 
234.0 60.0 94.0 167.0 
58.0 58.0 69.0 62.0 
57.0 59.0 62.0 60.0 
55.0 60.0 60.0 57.0 
257.0 60.0 96.0 170.0 
56.0 59.0 68.0 62.0 
55.0 60.0 62.0 60.0 
53.0 59.0 61.0 56.0 
251.0 60.0 95.0 166.0 
56.0 58.0 69.0 62.0 
56.0 59.0 63.0 60.0 
53.0 60.0 60.0 58.0 
238.0 60.0 93.0 161.0 
57.0 58.0 69.0 62.0 
56.0 59.0 62.0 60.0 
54.0 60.0 60.0 58.0 
232.0 60.0 93.0 160.0 
58.0 58.0 66.0 62.0 
57.0 59.0 61.0 59.0 
54.0 60.0 60.0 57.0 
239.0 60.0 93.0 162.0 
57.0 59.0 68.0 62.0 
56.0 59.0 62.0 60.0 
54.0 60.0 60.0 57.0 
249.0 60.0 93.0 159.0 
56.0 60.0 69.0 62.0 
57.0 59.0 62.0 59.0 
54.0 60.0 60.0 56.0 
254.0 62.0 93.0 155.0 
57.0 59.0 69.0 63.0 
57.0 59.0 64.0 60.0 
54.0 60.0 60.0 58.0 
254.0 60.0 90.0 144.0 
58.0 59.0 69.0 63.0 
56.0 59.0 63.0 60.0 
54.0 61.0 59.0 59.0 
290.0 60.0 90.0 142.0 
57.0 58.0 69.0 63.0 
55.0 59.0 62.0 59.0 
53.0 59.0 61.0 58.0 
319.0 62.0 92.0 145.0 
55.0 58.0 69.0 62.0 
53.0 59.0 62.0 60.0 
52.0 60.0 59.0 58.0 
316.0 62.0 90.0 137.0 
56.0 59.0 69.0 63.0 
54.0 59.0 63.0 61.0 
52.0 60.0 60.0 59.0 
328.0 61.0 90.0 139.0 
55.0 58.0 69.0 63.0 
54.0 59.0 62.0 61.0 
52.0 60.0 61.0 59.0 
321.0 62.0 89.0 133.0 
55.0 59.0 70.0 63.0 
54.0 59.0 62.0 61.0 
52.0 60.0 61.0 59.0 
333.0 61.0 89.0 130.0 
55.0 59.0 69.0 63.0 
54.0 59.0 63.0 61.0 
52.0 60.0 60.0 60.0 
340.0 61.0 91.0 130.0 
55.0 59.0 70.0 63.0 
54.0 58.0 62.0 61.0 
52.0 59.0 61.0 60.0 
340.0 62.0 89.0 127.0 
55.0 59.0 69.0 63.0 
54.0 59.0 62.0 61.0 
51.0 60.0 60.0 59.0 
333.0 62.0 89.0 127.0 
55.0 58.0 69.0 62.0 
53.0 60.0 63.0 62.0 
51.0 60.0 60.0 59.0 
340.0 61.0 89.0 129.0 
54.0 59.0 69.0 64.0 
53.0 59.0 65.0 63.0 
51.0 60.0 60.0 60.0 
336.0 61.0 88.0 126.0 
55.0 58.0 70.0 63.0 
53.0 58.0 62.0 62.0 
51.0 59.0 61.0 59.0 
342.0 61.0 89.0 128.0 
55.0 59.0 69.0 63.0 
53.0 59.0 63.0 61.0 
51.0 60.0 60.0 59.0 
338.0 61.0 87.0 124.0 
55.0 58.0 70.0 63.0 
53.0 59.0 62.0 61.0 
51.0 60.0 61.0 59.0 
315.0 61.0 86.0 119.0 
55.0 58.0 70.0 63.0 
54.0 59.0 62.0 61.0 
52.0 60.0 61.0 60.0 
310.0 61.0 85.0 118.0 
55.0 58.0 70.0 63.0 
54.0 59.0 63.0 61.0 
52.0 58.0 61.0 60.0 
308.0 61.0 87.0 116.0 
55.0 59.0 69.0 63.0 
54.0 59.0 64.0 61.0 
52.0 60.0 61.0 60.0 
314.0 61.0 86.0 115.0 
56.0 58.0 70.0 63.0 
54.0 60.0 63.0 62.0 
53.0 60.0 61.0 61.0 
304.0 61.0 85.0 112.0 
55.0 58.0 69.0 64.0 
54.0 60.0 63.0 61.0 
52.0 60.0 61.0 60.0 
294.0 60.0 85.0 112.0 
55.0 59.0 69.0 64.0 
55.0 59.0 62.0 62.0 
53.0 60.0 62.0 60.0 
288.0 61.0 87.0 109.0 
56.0 58.0 70.0 63.0 
55.0 58.0 62.0 62.0 
53.0 60.0 61.0 60.0 
282.0 61.0 84.0 106.0 
56.0 59.0 70.0 64.0 
55.0 59.0 62.0 62.0 
52.0 60.0 61.0 61.0 
276.0 60.0 84.0 103.0 
57.0 59.0 70.0 64.0 
55.0 58.0 63.0 62.0 
53.0 60.0 61.0 61.0 
274.0 60.0 84.0 105.0 
56.0 58.0 70.0 64.0 
55.0 59.0 62.0 62.0 
54.0 61.0 61.0 60.0 
277.0 60.0 83.0 103.0 
56.0 59.0 70.0 65.0 
55.0 59.0 63.0 62.0 
54.0 60.0 61.0 61.0 
260.0 60.0 82.0 92.0 
56.0 58.0 70.0 65.0 
55.0 59.0 62.0 62.0 
53.0 60.0 61.0 61.0 
260.0 61.0 84.0 91.0 
56.0 59.0 69.0 65.0 
55.0 59.0 63.0 62.0 
54.0 60.0 61.0 60.0 
271.0 60.0 85.0 92.0 
56.0 59.0 70.0 64.0 
55.0 59.0 63.0 63.0 
54.0 60.0 60.0 61.0 
276.0 60.0 85.0 92.0 
57.0 58.0 70.0 64.0 
55.0 59.0 63.0 62.0 
53.0 60.0 61.0 60.0 
267.0 60.0 82.0 90.0 
57.0 58.0 70.0 65.0 
55.0 59.0 63.0 62.0 
53.0 61.0 61.0 61.0 
260.0 60.0 83.0 91.0 
57.0 59.0 70.0 65.0 
54.0 60.0 63.0 62.0 
54.0 60.0 61.0 60.0 
258.0 61.0 83.0 89.0 
57.0 59.0 70.0 65.0 
55.0 59.0 63.0 61.0 
54.0 60.0 61.0 60.0 
252.0 60.0 83.0 89.0 
57.0 59.0 71.0 65.0 
57.0 59.0 63.0 63.0 
55.0 60.0 60.0 61.0 
246.0 60.0 84.0 88.0 
57.0 59.0 69.0 65.0 
55.0 59.0 63.0 62.0 
53.0 60.0 61.0 62.0 
248.0 59.0 84.0 89.0 
57.0 59.0 69.0 64.0 
55.0 59.0 63.0 63.0 
53.0 60.0 60.0 61.0 
247.0 60.0 83.0 87.0 
58.0 59.0 68.0 65.0 
55.0 59.0 63.0 62.0 
54.0 60.0 61.0 62.0 
247.0 60.0 82.0 86.0 
57.0 58.0 69.0 65.0 
56.0 59.0 63.0 62.0 
55.0 60.0 62.0 60.0 
241.0 60.0 82.0 87.0 
56.0 59.0 68.0 65.0 
56.0 59.0 62.0 62.0 
54.0 60.0 62.0 61.0 
239.0 59.0 83.0 86.0 
57.0 58.0 71.0 65.0 
55.0 59.0 62.0 63.0 
54.0 60.0 61.0 60.0 
247.0 59.0 80.0 86.0 
57.0 58.0 70.0 65.0 
55.0 59.0 63.0 62.0 
53.0 60.0 60.0 60.0 
250.0 61.0 82.0 86.0 
56.0 59.0 71.0 65.0 
55.0 59.0 63.0 63.0 
54.0 59.0 61.0 61.0 
246.0 60.0 82.0 85.0 
56.0 59.0 70.0 65.0 
54.0 59.0 63.0 63.0 
53.0 60.0 62.0 60.0 
242.0 60.0 82.0 85.0 
57.0 59.0 70.0 65.0 
55.0 60.0 62.0 63.0 
54.0 60.0 62.0 61.0 
236.0 60.0 80.0 84.0 
57.0 59.0 71.0 65.0 
55.0 58.0 63.0 63.0 
53.0 60.0 61.0 63.0 
236.0 60.0 82.0 85.0 
57.0 59.0 70.0 65.0 
55.0 59.0 63.0 62.0 
54.0 60.0 61.0 60.0 
239.0 60.0 84.0 86.0 
57.0 59.0 71.0 66.0 
56.0 59.0 63.0 63.0 
54.0 59.0 62.0 60.0 
236.0 61.0 84.0 85.0 
58.0 58.0 71.0 65.0 
56.0 59.0 64.0 62.0 
54.0 60.0 61.0 61.0 
236.0 60.0 83.0 86.0 
57.0 59.0 71.0 65.0 
55.0 59.0 63.0 62.0 
54.0 60.0 62.0 61.0 
223.0 60.0 82.0 84.0 
58.0 58.0 71.0 65.0 
56.0 60.0 62.0 63.0 
55.0 59.0 60.0 60.0 
225.0 59.0 80.0 84.0 
57.0 59.0 71.0 66.0 
56.0 61.0 62.0 63.0 
54.0 59.0 61.0 61.0 
219.0 60.0 79.0 83.0 
58.0 58.0 71.0 66.0 
56.0 59.0 62.0 62.0 
55.0 60.0 61.0 61.0 
210.0 60.0 80.0 81.0 
58.0 58.0 72.0 65.0 
56.0 57.0 62.0 63.0 
55.0 59.0 61.0 60.0 
205.0 59.0 83.0 82.0 
59.0 57.0 70.0 64.0 
56.0 59.0 62.0 63.0 
56.0 60.0 60.0 61.0 
199.0 59.0 80.0 82.0 
58.0 58.0 70.0 65.0 
56.0 59.0 62.0 62.0 
55.0 60.0 61.0 61.0 
193.0 61.0 80.0 81.0 
58.0 59.0 70.0 65.0 
56.0 59.0 62.0 62.0 
56.0 60.0 62.0 61.0 
202.0 59.0 82.0 81.0 
58.0 58.0 71.0 65.0 
56.0 59.0 62.0 63.0 
56.0 61.0 60.0 62.0 
189.0 60.0 80.0 80.0 
59.0 59.0 69.0 65.0 
58.0 58.0 63.0 62.0 
58.0 60.0 61.0 60.0 
184.0 59.0 80.0 80.0 
59.0 58.0 70.0 64.0 
57.0 59.0 63.0 61.0 
56.0 60.0 62.0 61.0 
182.0 59.0 80.0 79.0 
59.0 60.0 69.0 65.0 
57.0 59.0 64.0 62.0 
56.0 59.0 61.0 61.0 
180.0 60.0 81.0 80.0 
59.0 58.0 69.0 65.0 
57.0 59.0 63.0 62.0 
55.0 60.0 61.0 61.0 
183.0 59.0 82.0 80.0 
58.0 59.0 70.0 65.0 
57.0 59.0 63.0 62.0 
56.0 61.0 61.0 61.0 
184.0 60.0 78.0 80.0 
58.0 58.0 71.0 64.0 
57.0 59.0 64.0 62.0 
56.0 60.0 61.0 61.0 
185.0 59.0 78.0 79.0 
59.0 58.0 69.0 64.0 
57.0 59.0 63.0 62.0 
56.0 61.0 60.0 61.0 
185.0 60.0 78.0 79.0 
59.0 58.0 70.0 65.0 
57.0 59.0 62.0 63.0 
56.0 60.0 61.0 61.0 
189.0 59.0 78.0 80.0 
59.0 58.0 69.0 66.0 
57.0 60.0 64.0 62.0 
56.0 60.0 61.0 61.0 
186.0 59.0 77.0 79.0 
58.0 58.0 69.0 64.0 
58.0 59.0 62.0 63.0 
57.0 60.0 61.0 61.0 
181.0 59.0 77.0 79.0 
58.0 58.0 69.0 65.0 
57.0 59.0 63.0 62.0 
55.0 60.0 60.0 62.0 
173.0 59.0 77.0 78.0 
58.0 60.0 70.0 66.0 
57.0 59.0 61.0 62.0 
56.0 60.0 61.0 61.0 
171.0 60.0 78.0 77.0 
60.0 59.0 70.0 64.0 
59.0 59.0 61.0 62.0 
57.0 60.0 61.0 61.0 
161.0 59.0 78.0 78.0 
58.0 59.0 66.0 63.0 
58.0 59.0 63.0 63.0 
60.0 60.0 62.0 61.0 
162.0 60.0 78.0 78.0 
60.0 58.0 68.0 64.0 
59.0 58.0 62.0 64.0 
59.0 60.0 62.0 62.0 
167.0 60.0 79.0 78.0 
59.0 59.0 70.0 64.0 
58.0 59.0 63.0 62.0 
59.0 59.0 61.0 61.0 
171.0 60.0 78.0 78.0 
57.0 59.0 61.0 60.0 
59.0 60.0 64.0 63.0 
57.0 60.0 62.0 61.0 
157.0 60.0 78.0 79.0 
58.0 58.0 60.0 61.0 
58.0 59.0 63.0 63.0 
59.0 60.0 62.0 61.0 
165.0 59.0 79.0 78.0 
57.0 58.0 61.0 61.0 
59.0 59.0 63.0 63.0 
59.0 60.0 61.0 61.0 
165.0 60.0 78.0 78.0 
57.0 58.0 64.0 62.0 
59.0 59.0 64.0 64.0 
58.0 61.0 61.0 63.0 
168.0 59.0 78.0 78.0 
58.0 59.0 63.0 61.0 
59.0 59.0 63.0 63.0 
59.0 60.0 62.0 62.0 
171.0 60.0 78.0 78.0 
57.0 58.0 62.0 61.0 
58.0 59.0 64.0 63.0 
58.0 59.0 62.0 62.0 
166.0 60.0 77.0 78.0 
58.0 58.0 62.0 60.0 
59.0 59.0 64.0 63.0 
59.0 60.0 62.0 63.0 
170.0 60.0 78.0 78.0 
58.0 59.0 64.0 62.0 
58.0 59.0 63.0 63.0 
58.0 60.0 62.0 62.0 
176.0 60.0 79.0 78.0 
57.0 58.0 64.0 62.0 
57.0 59.0 63.0 63.0 
57.0 60.0 63.0 62.0 
174.0 60.0 77.0 78.0 
57.0 59.0 65.0 63.0 
57.0 60.0 65.0 63.0 
57.0 60.0 63.0 61.0 
177.0 61.0 79.0 79.0 
57.0 59.0 65.0 63.0 
57.0 59.0 63.0 63.0 
57.0 60.0 62.0 61.0 
175.0 60.0 79.0 79.0 
57.0 58.0 63.0 61.0 
58.0 59.0 64.0 63.0 
57.0 60.0 62.0 61.0 
173.0 60.0 79.0 79.0 
56.0 59.0 63.0 60.0 
58.0 60.0 64.0 62.0 
56.0 60.0 62.0 61.0 
175.0 60.0 79.0 79.0 
56.0 58.0 64.0 62.0 
57.0 60.0 64.0 63.0 
56.0 60.0 61.0 62.0 
175.0 59.0 79.0 79.0 
57.0 58.0 64.0 63.0 
57.0 59.0 63.0 63.0 
57.0 59.0 62.0 61.0 
173.0 61.0 79.0 78.0 
56.0 58.0 61.0 60.0 
58.0 58.0 64.0 63.0 
57.0 60.0 62.0 62.0 
172.0 60.0 79.0 78.0 
56.0 58.0 61.0 60.0 
58.0 60.0 64.0 63.0 
58.0 60.0 62.0 62.0 
170.0 59.0 79.0 78.0 
58.0 58.0 62.0 59.0 
59.0 60.0 64.0 63.0 
57.0 60.0 62.0 62.0 
169.0 59.0 79.0 78.0 
56.0 58.0 61.0 61.0 
58.0 59.0 63.0 62.0 
58.0 60.0 62.0 62.0 
171.0 59.0 78.0 78.0 
57.0 58.0 61.0 61.0 
58.0 59.0 63.0 63.0 
57.0 59.0 61.0 61.0 
172.0 61.0 80.0 78.0 
57.0 58.0 62.0 60.0 
58.0 58.0 64.0 63.0 
57.0 60.0 61.0 62.0 
170.0 60.0 79.0 79.0 
57.0 59.0 61.0 61.0 
58.0 59.0 63.0 63.0 
58.0 60.0 62.0 61.0 
172.0 60.0 80.0 79.0 
57.0 59.0 61.0 60.0 
59.0 60.0 64.0 63.0 
58.0 59.0 62.0 61.0 
170.0 60.0 79.0 78.0 
57.0 58.0 61.0 61.0 
58.0 59.0 63.0 64.0 
57.0 60.0 62.0 62.0 
166.0 61.0 79.0 78.0 
58.0 58.0 62.0 61.0 
60.0 59.0 64.0 62.0 
58.0 60.0 62.0 61.0 
165.0 60.0 79.0 79.0 
58.0 59.0 62.0 61.0 
59.0 59.0 65.0 63.0 
58.0 60.0 62.0 60.0 
158.0 59.0 79.0 77.0 
59.0 59.0 62.0 61.0 
59.0 59.0 64.0 63.0 
60.0 60.0 61.0 62.0 
158.0 60.0 79.0 79.0 
57.0 59.0 61.0 61.0 
61.0 59.0 64.0 64.0 
60.0 59.0 62.0 61.0 
154.0 59.0 79.0 77.0 
59.0 58.0 61.0 61.0 
60.0 59.0 63.0 63.0 
60.0 60.0 62.0 61.0 
153.0 60.0 79.0 78.0 
59.0 60.0 62.0 61.0 
60.0 59.0 64.0 63.0 
60.0 60.0 62.0 61.0 
158.0 59.0 79.0 77.0 
58.0 59.0 62.0 60.0 
60.0 59.0 64.0 64.0 
59.0 60.0 61.0 62.0 
151.0 59.0 78.0 78.0 
58.0 59.0 63.0 61.0 
61.0 60.0 63.0 65.0 
60.0 60.0 61.0 62.0 
164.0 59.0 80.0 78.0 
59.0 58.0 62.0 61.0 
60.0 59.0 63.0 64.0 
60.0 60.0 62.0 62.0 
166.0 59.0 80.0 77.0 
59.0 58.0 61.0 61.0 
60.0 61.0 64.0 64.0 
61.0 60.0 62.0 62.0 
159.0 60.0 79.0 78.0 
59.0 58.0 62.0 61.0 
60.0 58.0 64.0 64.0 
60.0 59.0 62.0 61.0 
159.0 60.0 79.0 78.0 
60.0 58.0 62.0 60.0 
60.0 60.0 64.0 63.0 
60.0 60.0 61.0 62.0 
163.0 59.0 79.0 78.0 
59.0 58.0 62.0 61.0 
60.0 59.0 63.0 62.0 
60.0 60.0 62.0 62.0 
161.0 60.0 79.0 77.0 
59.0 58.0 62.0 61.0 
59.0 59.0 63.0 63.0 
59.0 61.0 60.0 63.0 
161.0 59.0 80.0 77.0 
58.0 59.0 61.0 60.0 
60.0 58.0 63.0 63.0 
59.0 60.0 62.0 61.0 
163.0 59.0 80.0 77.0 
58.0 59.0 61.0 61.0 
60.0 59.0 63.0 64.0 
59.0 59.0 62.0 61.0 
163.0 59.0 80.0 79.0 
59.0 59.0 61.0 62.0 
60.0 59.0 63.0 63.0 
59.0 60.0 60.0 62.0 
161.0 61.0 79.0 78.0 
58.0 58.0 63.0 61.0 
60.0 61.0 64.0 63.0 
59.0 60.0 62.0 62.0 
163.0 60.0 80.0 77.0 
58.0 60.0 61.0 62.0 
60.0 60.0 63.0 63.0 
59.0 60.0 62.0 62.0 
161.0 59.0 80.0 78.0 
59.0 58.0 62.0 60.0 
60.0 59.0 63.0 64.0 
60.0 59.0 61.0 62.0 
158.0 59.0 79.0 77.0 
58.0 58.0 62.0 61.0 
60.0 60.0 63.0 63.0 
59.0 61.0 61.0 62.0 
157.0 59.0 79.0 77.0 
59.0 58.0 61.0 62.0 
60.0 60.0 64.0 63.0 
59.0 60.0 62.0 62.0 
154.0 59.0 80.0 77.0 
59.0 59.0 62.0 60.0 
60.0 59.0 64.0 64.0 
60.0 60.0 61.0 61.0 
155.0 60.0 80.0 78.0 
59.0 58.0 62.0 61.0 
60.0 59.0 64.0 63.0 
60.0 60.0 61.0 61.0 
158.0 60.0 79.0 77.0 
58.0 59.0 62.0 61.0 
59.0 60.0 64.0 62.0 
58.0 59.0 62.0 61.0 
156.0 60.0 80.0 77.0 
59.0 60.0 60.0 59.0 
60.0 60.0 63.0 64.0 
59.0 60.0 62.0 61.0 
154.0 60.0 80.0 77.0 
59.0 58.0 63.0 61.0 
60.0 59.0 65.0 63.0 
60.0 60.0 61.0 61.0 
153.0 59.0 79.0 77.0 
58.0 60.0 62.0 61.0 
59.0 59.0 63.0 63.0 
59.0 60.0 61.0 61.0 
155.0 60.0 79.0 77.0 
59.0 58.0 62.0 60.0 
60.0 59.0 63.0 63.0 
59.0 60.0 60.0 62.0 
158.0 60.0 78.0 78.0 
58.0 59.0 62.0 60.0 
60.0 59.0 64.0 63.0 
58.0 60.0 61.0 60.0 
158.0 59.0 79.0 77.0 
58.0 58.0 62.0 60.0 
59.0 59.0 65.0 63.0 
58.0 60.0 60.0 61.0 
155.0 60.0 79.0 77.0 
59.0 58.0 61.0 61.0 
60.0 59.0 63.0 63.0 
59.0 59.0 61.0 61.0 
148.0 59.0 79.0 78.0 
59.0 59.0 62.0 60.0 
60.0 59.0 64.0 63.0 
59.0 60.0 61.0 61.0 
154.0 60.0 79.0 76.0 
59.0 58.0 62.0 62.0 
60.0 61.0 64.0 63.0 
59.0 61.0 62.0 60.0 
153.0 59.0 78.0 77.0 
59.0 59.0 63.0 61.0 
60.0 59.0 64.0 63.0 
59.0 59.0 59.0 61.0 
154.0 60.0 79.0 77.0 
58.0 58.0 61.0 61.0 
60.0 59.0 64.0 63.0 
59.0 60.0 61.0 61.0 
157.0 59.0 77.0 77.0 
58.0 59.0 61.0 61.0 
59.0 59.0 64.0 63.0 
58.0 60.0 61.0 62.0 
157.0 59.0 78.0 77.0 
58.0 58.0 62.0 61.0 
59.0 60.0 64.0 63.0 
58.0 60.0 61.0 62.0 
157.0 59.0 78.0 78.0 
57.0 59.0 62.0 61.0 
59.0 59.0 66.0 64.0 
58.0 59.0 62.0 61.0 
169.0 60.0 77.0 78.0 
58.0 58.0 62.0 60.0 
60.0 60.0 64.0 64.0 
58.0 61.0 60.0 61.0 
164.0 60.0 77.0 78.0 
58.0 59.0 62.0 61.0 
59.0 60.0 64.0 62.0 
57.0 61.0 62.0 61.0 
162.0 59.0 78.0 77.0 
58.0 59.0 63.0 60.0 
60.0 59.0 64.0 63.0 
58.0 60.0 61.0 60.0 
164.0 60.0 77.0 78.0 
58.0 58.0 62.0 61.0 
58.0 59.0 65.0 64.0 
58.0 60.0 61.0 61.0 
169.0 60.0 78.0 79.0 
57.0 58.0 63.0 60.0 
59.0 60.0 64.0 63.0 
57.0 60.0 62.0 61.0 
169.0 60.0 78.0 78.0 
57.0 59.0 61.0 61.0 
58.0 60.0 63.0 63.0 
58.0 60.0 62.0 61.0 
169.0 59.0 79.0 79.0 
57.0 59.0 62.0 60.0 
58.0 59.0 63.0 63.0 
57.0 60.0 61.0 62.0 
168.0 60.0 78.0 78.0 
56.0 59.0 62.0 60.0 
58.0 59.0 64.0 64.0 
58.0 60.0 62.0 61.0 
169.0 60.0 78.0 77.0 
57.0 59.0 62.0 61.0 
60.0 59.0 64.0 63.0 
58.0 60.0 61.0 62.0 
165.0 60.0 78.0 78.0 
58.0 59.0 62.0 62.0 
60.0 59.0 65.0 63.0 
59.0 60.0 62.0 61.0 
160.0 60.0 77.0 78.0 
58.0 58.0 62.0 61.0 
60.0 60.0 64.0 62.0 
58.0 60.0 61.0 61.0 
164.0 60.0 78.0 78.0 
57.0 59.0 62.0 60.0 
59.0 60.0 64.0 63.0 
58.0 60.0 62.0 61.0 
170.0 59.0 78.0 78.0 
57.0 59.0 61.0 60.0 
59.0 58.0 64.0 63.0 
58.0 60.0 61.0 61.0 
167.0 60.0 78.0 79.0 
57.0 58.0 62.0 61.0 
59.0 59.0 64.0 63.0 
58.0 60.0 63.0 62.0 
169.0 60.0 79.0 78.0 
58.0 59.0 62.0 61.0 
59.0 58.0 64.0 63.0 
57.0 60.0 61.0 61.0 
169.0 59.0 78.0 77.0 
56.0 60.0 62.0 61.0 
58.0 60.0 63.0 63.0 
57.0 60.0 62.0 61.0 
170.0 60.0 78.0 78.0 
58.0 58.0 62.0 61.0 
59.0 59.0 64.0 63.0 
59.0 60.0 61.0 62.0 
169.0 59.0 79.0 77.0 
57.0 59.0 61.0 60.0 
59.0 60.0 63.0 63.0 
59.0 60.0 61.0 62.0 
164.0 60.0 78.0 78.0 
58.0 58.0 62.0 61.0 
60.0 59.0 65.0 63.0 
59.0 60.0 62.0 61.0 
168.0 60.0 78.0 78.0 
58.0 59.0 63.0 60.0 
58.0 60.0 65.0 64.0 
58.0 60.0 60.0 61.0 
166.0 60.0 79.0 79.0 
58.0 59.0 62.0 61.0 
59.0 60.0 64.0 63.0 
58.0 59.0 62.0 61.0 
166.0 60.0 80.0 78.0 
57.0 59.0 62.0 62.0 
60.0 59.0 64.0 63.0 
58.0 60.0 62.0 62.0 
163.0 60.0 79.0 78.0 
58.0 58.0 62.0 62.0 
60.0 59.0 64.0 63.0 
58.0 60.0 61.0 62.0 
164.0 60.0 79.0 78.0 
59.0 58.0 62.0 61.0 
59.0 59.0 63.0 64.0 
58.0 61.0 62.0 61.0 
165.0 60.0 79.0 80.0 
58.0 58.0 66.0 61.0 
60.0 59.0 64.0 63.0 
58.0 60.0 62.0 60.0 
166.0 60.0 80.0 79.0 
57.0 59.0 62.0 61.0 
60.0 59.0 65.0 63.0 
58.0 60.0 62.0 62.0 
166.0 59.0 81.0 78.0 
57.0 59.0 61.0 61.0 
59.0 59.0 64.0 63.0 
57.0 61.0 61.0 61.0 
166.0 60.0 81.0 79.0 
57.0 60.0 62.0 61.0 
59.0 59.0 64.0 62.0 
57.0 59.0 61.0 61.0 
169.0 60.0 80.0 78.0 
58.0 59.0 62.0 61.0 
60.0 59.0 64.0 63.0 
58.0 60.0 62.0 61.0 
164.0 59.0 79.0 78.0 
58.0 59.0 63.0 61.0 
60.0 60.0 64.0 63.0 
58.0 60.0 60.0 61.0 
166.0 59.0 79.0 78.0 
58.0 58.0 63.0 61.0 
60.0 59.0 64.0 63.0 
58.0 60.0 60.0 62.0 
163.0 60.0 79.0 78.0 
58.0 59.0 61.0 61.0 
59.0 59.0 64.0 63.0 
58.0 61.0 61.0 62.0 
165.0 61.0 79.0 78.0 
58.0 59.0 61.0 60.0 
59.0 59.0 64.0 66.0 
58.0 59.0 62.0 62.0 
164.0 59.0 79.0 78.0 
58.0 59.0 62.0 60.0 
59.0 59.0 64.0 64.0 
58.0 60.0 61.0 62.0 
167.0 60.0 79.0 78.0 
57.0 59.0 62.0 60.0 
59.0 60.0 63.0 64.0 
58.0 60.0 62.0 61.0 
166.0 60.0 78.0 78.0 
58.0 58.0 62.0 60.0 
59.0 59.0 65.0 64.0 
58.0 60.0 62.0 61.0 
164.0 60.0 79.0 77.0 
58.0 59.0 62.0 61.0 
59.0 60.0 63.0 64.0 
58.0 60.0 61.0 61.0 
162.0 60.0 79.0 77.0 
57.0 59.0 61.0 61.0 
58.0 59.0 64.0 63.0 
58.0 60.0 60.0 61.0 
160.0 60.0 79.0 77.0 
59.0 59.0 61.0 61.0 
60.0 59.0 64.0 63.0 
59.0 60.0 62.0 62.0 
153.0 60.0 77.0 77.0 
59.0 58.0 62.0 62.0 
60.0 59.0 64.0 63.0 
59.0 59.0 62.0 61.0 
147.0 60.0 78.0 76.0 
59.0 59.0 62.0 61.0 
61.0 60.0 63.0 64.0 
60.0 60.0 61.0 62.0 
147.0 59.0 77.0 76.0 
59.0 59.0 62.0 61.0 
60.0 59.0 64.0 64.0 
60.0 60.0 62.0 62.0 
147.0 60.0 77.0 76.0 
59.0 59.0 62.0 61.0 
60.0 60.0 63.0 63.0 
59.0 59.0 62.0 62.0 
150.0 60.0 77.0 77.0 
59.0 59.0 61.0 62.0 
60.0 59.0 64.0 63.0 
59.0 61.0 62.0 61.0 
149.0 60.0 77.0 76.0 
59.0 58.0 62.0 61.0 
60.0 59.0 64.0 63.0 
59.0 60.0 62.0 62.0 
150.0 60.0 77.0 76.0 
59.0 58.0 62.0 60.0 
60.0 59.0 63.0 63.0 
59.0 60.0 62.0 63.0 
152.0 59.0 76.0 77.0 
59.0 59.0 62.0 61.0 
59.0 60.0 64.0 64.0 
59.0 60.0 61.0 62.0 
150.0 59.0 77.0 75.0 
57.0 59.0 60.0 61.0 
59.0 59.0 64.0 63.0 
60.0 59.0 62.0 62.0 
147.0 60.0 76.0 76.0 
58.0 58.0 63.0 60.0 
60.0 59.0 64.0 64.0 
59.0 59.0 61.0 61.0 
147.0 59.0 77.0 77.0 
59.0 59.0 62.0 61.0 
60.0 60.0 64.0 63.0 
59.0 60.0 61.0 61.0 
154.0 60.0 77.0 76.0 
59.0 58.0 62.0 61.0 
60.0 60.0 63.0 63.0 
59.0 60.0 62.0 62.0 
148.0 60.0 76.0 75.0 
58.0 59.0 61.0 62.0 
61.0 60.0 65.0 63.0 
59.0 61.0 61.0 61.0 
146.0 60.0 79.0 75.0 
59.0 58.0 62.0 61.0 
60.0 59.0 63.0 63.0 
59.0 59.0 61.0 62.0 
142.0 60.0 77.0 74.0 
58.0 59.0 61.0 61.0 
60.0 59.0 64.0 63.0 
60.0 60.0 62.0 62.0 
143.0 60.0 77.0 76.0 
59.0 59.0 63.0 61.0 
61.0 59.0 64.0 63.0 
60.0 60.0 61.0 62.0 
144.0 59.0 78.0 76.0 
59.0 60.0 61.0 62.0 
60.0 59.0 64.0 63.0 
59.0 60.0 62.0 62.0 
145.0 59.0 78.0 77.0 
57.0 59.0 60.0 61.0 
61.0 59.0 64.0 64.0 
59.0 60.0 61.0 62.0 
150.0 60.0 78.0 76.0 
59.0 59.0 61.0 60.0 
59.0 59.0 64.0 64.0 
59.0 60.0 61.0 62.0 
152.0 60.0 78.0 76.0 
58.0 59.0 62.0 60.0 
60.0 60.0 64.0 63.0 
59.0 60.0 62.0 61.0 
151.0 60.0 78.0 78.0 
57.0 59.0 62.0 62.0 
60.0 59.0 64.0 63.0 
58.0 60.0 62.0 60.0 
160.0 59.0 78.0 78.0 
58.0 58.0 62.0 60.0 
60.0 59.0 64.0 64.0 
58.0 59.0 61.0 60.0 
158.0 59.0 78.0 77.0 
58.0 59.0 62.0 61.0 
59.0 58.0 64.0 64.0 
59.0 60.0 60.0 62.0 
156.0 60.0 78.0 77.0 
58.0 59.0 62.0 61.0 
59.0 59.0 64.0 63.0 
58.0 60.0 61.0 63.0 
154.0 60.0 77.0 77.0 
58.0 58.0 62.0 61.0 
59.0 59.0 64.0 63.0 
58.0 60.0 62.0 61.0 
159.0 61.0 77.0 77.0 
58.0 58.0 62.0 61.0 
60.0 60.0 64.0 63.0 
58.0 60.0 62.0 62.0 
158.0 59.0 78.0 78.0 
59.0 57.0 62.0 61.0 
59.0 59.0 64.0 64.0 
59.0 61.0 61.0 62.0 
158.0 60.0 77.0 77.0 
59.0 59.0 61.0 60.0 
60.0 60.0 64.0 64.0 
59.0 60.0 61.0 61.0 
157.0 59.0 77.0 75.0 
57.0 58.0 61.0 61.0 
59.0 59.0 64.0 63.0 
58.0 60.0 62.0 62.0 
157.0 60.0 77.0 77.0 
58.0 58.0 62.0 61.0 
61.0 57.0 64.0 63.0 
59.0 60.0 62.0 62.0 
144.0 60.0 77.0 75.0 
59.0 58.0 63.0 60.0 
60.0 59.0 63.0 64.0 
58.0 60.0 62.0 61.0 
143.0 60.0 77.0 76.0 
59.0 59.0 62.0 60.0 
61.0 58.0 63.0 63.0 
59.0 60.0 62.0 61.0 
142.0 60.0 77.0 75.0 
58.0 60.0 62.0 61.0 
60.0 60.0 64.0 63.0 
60.0 60.0 61.0 61.0 
142.0 60.0 77.0 75.0 
58.0 59.0 62.0 60.0 
60.0 60.0 64.0 63.0 
60.0 60.0 62.0 61.0 
143.0 60.0 79.0 75.0 
58.0 59.0 62.0 61.0 
60.0 59.0 64.0 63.0 
59.0 60.0 63.0 62.0 
140.0 59.0 78.0 76.0 
59.0 58.0 62.0 61.0 
60.0 59.0 64.0 63.0 
60.0 59.0 62.0 62.0 
143.0 58.0 80.0 76.0 
59.0 59.0 62.0 61.0 
59.0 59.0 64.0 63.0 
59.0 60.0 61.0 62.0 
143.0 59.0 81.0 76.0 
59.0 59.0 64.0 61.0 
61.0 59.0 65.0 63.0 
59.0 60.0 61.0 61.0 
145.0 60.0 80.0 76.0 
58.0 59.0 62.0 61.0 
59.0 59.0 62.0 64.0 
59.0 60.0 62.0 61.0 
141.0 60.0 79.0 77.0 
59.0 59.0 62.0 60.0 
61.0 60.0 64.0 63.0 
58.0 61.0 61.0 61.0 
141.0 59.0 80.0 76.0 
58.0 59.0 62.0 60.0 
60.0 59.0 64.0 64.0 
59.0 60.0 62.0 62.0 
143.0 60.0 79.0 77.0 
59.0 58.0 62.0 60.0 
60.0 59.0 65.0 63.0 
59.0 60.0 61.0 62.0 
139.0 60.0 80.0 76.0 
59.0 58.0 62.0 61.0 
61.0 59.0 64.0 63.0 
59.0 59.0 62.0 61.0 
144.0 61.0 81.0 76.0 
59.0 59.0 62.0 61.0 
60.0 60.0 64.0 63.0 
60.0 60.0 61.0 62.0 
138.0 60.0 80.0 77.0 
58.0 58.0 62.0 62.0 
59.0 59.0 63.0 64.0 
58.0 60.0 61.0 62.0 
143.0 60.0 81.0 76.0 
59.0 59.0 61.0 61.0 
60.0 59.0 65.0 63.0 
59.0 60.0 61.0 62.0 
141.0 59.0 81.0 77.0 
59.0 58.0 62.0 61.0 
61.0 60.0 64.0 64.0 
60.0 59.0 61.0 61.0 
138.0 59.0 81.0 76.0 
59.0 59.0 61.0 62.0 
60.0 59.0 64.0 63.0 
59.0 60.0 61.0 61.0 
134.0 61.0 80.0 76.0 
59.0 58.0 62.0 61.0 
61.0 58.0 64.0 63.0 
60.0 60.0 61.0 61.0 
130.0 60.0 81.0 74.0 
59.0 59.0 62.0 61.0 
61.0 58.0 64.0 62.0 
60.0 60.0 61.0 62.0 
132.0 60.0 81.0 76.0 
60.0 58.0 62.0 61.0 
60.0 59.0 64.0 63.0 
59.0 60.0 61.0 61.0 
136.0 61.0 81.0 76.0 
59.0 59.0 61.0 61.0 
61.0 59.0 63.0 64.0 
60.0 60.0 61.0 61.0 
136.0 60.0 82.0 76.0 
59.0 58.0 62.0 61.0 
60.0 59.0 64.0 63.0 
59.0 61.0 62.0 63.0 
136.0 60.0 81.0 77.0 
59.0 57.0 62.0 62.0 
61.0 60.0 63.0 64.0 
59.0 60.0 62.0 61.0 
136.0 60.0 81.0 77.0 
59.0 59.0 61.0 61.0 
60.0 59.0 63.0 63.0 
60.0 60.0 61.0 62.0 
139.0 59.0 81.0 76.0 
58.0 58.0 62.0 61.0 
61.0 60.0 63.0 64.0 
60.0 60.0 60.0 62.0 
139.0 59.0 82.0 75.0 
59.0 59.0 61.0 61.0 
61.0 59.0 64.0 63.0 
59.0 59.0 61.0 60.0 
141.0 59.0 81.0 76.0 
59.0 58.0 62.0 61.0 
61.0 59.0 65.0 63.0 
59.0 59.0 61.0 62.0 
142.0 58.0 81.0 76.0 
59.0 59.0 62.0 61.0 
60.0 59.0 63.0 62.0 
61.0 59.0 62.0 61.0 
144.0 60.0 81.0 76.0 
59.0 59.0 61.0 61.0 
61.0 60.0 63.0 64.0 
60.0 59.0 61.0 60.0 
142.0 60.0 81.0 76.0 
58.0 59.0 62.0 61.0 
60.0 59.0 64.0 63.0 
59.0 61.0 60.0 62.0 
139.0 59.0 81.0 77.0 
59.0 58.0 62.0 62.0 
61.0 60.0 63.0 63.0 
60.0 60.0 61.0 61.0 
135.0 59.0 80.0 76.0 
59.0 59.0 62.0 61.0 
61.0 59.0 64.0 64.0 
60.0 60.0 61.0 61.0 
134.0 60.0 80.0 76.0 
60.0 59.0 62.0 61.0 
61.0 60.0 64.0 64.0 
60.0 59.0 61.0 61.0 
136.0 60.0 80.0 75.0 
60.0 58.0 62.0 61.0 
62.0 59.0 63.0 64.0 
60.0 59.0 62.0 62.0 
136.0 60.0 80.0 76.0 
60.0 59.0 62.0 61.0 
62.0 59.0 64.0 64.0 
61.0 60.0 61.0 62.0 
143.0 59.0 80.0 75.0 
59.0 59.0 62.0 62.0 
61.0 59.0 64.0 63.0 
60.0 60.0 62.0 61.0 
141.0 60.0 80.0 77.0 
59.0 59.0 62.0 61.0 
59.0 59.0 64.0 64.0 
60.0 59.0 61.0 61.0 
137.0 61.0 81.0 76.0 
60.0 59.0 61.0 61.0 
61.0 59.0 63.0 64.0 
60.0 60.0 61.0 62.0 
141.0 60.0 80.0 76.0 
59.0 59.0 61.0 61.0 
61.0 59.0 64.0 64.0 
59.0 60.0 63.0 60.0 
141.0 60.0 79.0 76.0 
59.0 58.0 62.0 61.0 
61.0 59.0 64.0 64.0 
60.0 60.0 62.0 62.0 
141.0 59.0 81.0 76.0 
59.0 59.0 62.0 61.0 
61.0 60.0 63.0 64.0 
60.0 59.0 61.0 62.0 
139.0 60.0 80.0 77.0 
60.0 59.0 61.0 61.0 
61.0 59.0 64.0 63.0 
60.0 60.0 62.0 61.0 
136.0 60.0 80.0 77.0 
60.0 59.0 62.0 61.0 
61.0 59.0 63.0 63.0 
60.0 60.0 62.0 61.0 
138.0 59.0 80.0 71.0 
59.0 59.0 62.0 61.0 
61.0 59.0 64.0 63.0 
60.0 60.0 62.0 62.0 
95.0 59.0 80.0 73.0 
59.0 58.0 62.0 61.0 
61.0 60.0 64.0 64.0 
61.0 59.0 61.0 64.0 
95.0 59.0 79.0 72.0 
59.0 59.0 62.0 62.0 
61.0 59.0 64.0 63.0 
60.0 60.0 61.0 61.0 
94.0 60.0 81.0 72.0 
59.0 59.0 61.0 61.0 
61.0 59.0 63.0 64.0 
60.0 61.0 61.0 61.0 
94.0 60.0 81.0 72.0 
59.0 59.0 61.0 62.0 
61.0 60.0 64.0 65.0 
60.0 60.0 60.0 61.0 
94.0 59.0 82.0 71.0 
60.0 59.0 62.0 61.0 
61.0 60.0 64.0 64.0 
60.0 60.0 61.0 62.0 
92.0 60.0 81.0 72.0 
60.0 58.0 61.0 61.0 
61.0 59.0 64.0 64.0 
60.0 60.0 61.0 62.0 
92.0 60.0 82.0 71.0 
59.0 59.0 62.0 61.0 
61.0 59.0 63.0 64.0 
59.0 62.0 61.0 61.0 
92.0 60.0 80.0 71.0 
60.0 58.0 62.0 60.0 
61.0 59.0 64.0 64.0 
61.0 61.0 61.0 61.0 
92.0 60.0 81.0 72.0 
60.0 59.0 61.0 61.0 
61.0 61.0 63.0 64.0 
60.0 60.0 61.0 61.0 
92.0 60.0 81.0 71.0 
60.0 59.0 61.0 60.0 
61.0 60.0 64.0 63.0 
60.0 61.0 61.0 61.0 
92.0 60.0 80.0 72.0 
60.0 58.0 62.0 61.0 
61.0 60.0 64.0 64.0 
60.0 59.0 61.0 61.0 
93.0 59.0 80.0 72.0 
59.0 58.0 61.0 61.0 
61.0 60.0 64.0 64.0 
60.0 60.0 60.0 60.0 
92.0 60.0 81.0 71.0 
60.0 59.0 61.0 61.0 
61.0 59.0 64.0 64.0 
61.0 59.0 61.0 62.0 
92.0 59.0 80.0 72.0 
59.0 59.0 63.0 61.0 
61.0 59.0 64.0 64.0 
60.0 61.0 60.0 62.0 
95.0 61.0 81.0 73.0 
60.0 59.0 62.0 60.0 
62.0 59.0 64.0 64.0 
60.0 61.0 60.0 61.0 
94.0 61.0 81.0 72.0 
60.0 58.0 62.0 61.0 
61.0 59.0 64.0 64.0 
60.0 60.0 61.0 62.0 
92.0 60.0 81.0 71.0 
59.0 59.0 61.0 61.0 
61.0 60.0 64.0 64.0 
60.0 59.0 61.0 62.0 
93.0 60.0 80.0 71.0 
59.0 58.0 61.0 62.0 
61.0 59.0 64.0 63.0 
60.0 60.0 60.0 61.0 
93.0 60.0 80.0 72.0 
60.0 59.0 61.0 62.0 
62.0 59.0 64.0 64.0 
60.0 60.0 61.0 60.0 
90.0 60.0 81.0 71.0 
60.0 58.0 62.0 61.0 
61.0 58.0 63.0 64.0 
61.0 60.0 61.0 61.0 
92.0 60.0 80.0 71.0 
60.0 58.0 61.0 60.0 
61.0 59.0 65.0 64.0 
60.0 60.0 62.0 62.0 
91.0 60.0 81.0 72.0 
60.0 59.0 60.0 60.0 
61.0 59.0 63.0 64.0 
60.0 60.0 61.0 62.0 
91.0 60.0 81.0 71.0 
59.0 59.0 61.0 62.0 
61.0 59.0 63.0 63.0 
61.0 60.0 61.0 61.0 
92.0 60.0 81.0 72.0 
59.0 59.0 61.0 60.0 
61.0 59.0 64.0 64.0 
60.0 59.0 62.0 62.0 
92.0 60.0 81.0 72.0 
59.0 58.0 62.0 60.0 
61.0 59.0 64.0 63.0 
62.0 60.0 62.0 62.0 
89.0 59.0 81.0 71.0 
59.0 58.0 61.0 61.0 
61.0 59.0 64.0 64.0 
61.0 60.0 62.0 62.0 
92.0 59.0 81.0 72.0 
60.0 59.0 61.0 61.0 
61.0 59.0 64.0 64.0 
60.0 60.0 61.0 61.0 
90.0 60.0 81.0 72.0 
60.0 58.0 62.0 61.0 
61.0 60.0 64.0 64.0 
60.0 60.0 60.0 62.0 
90.0 60.0 81.0 72.0 
60.0 58.0 61.0 61.0 
61.0 59.0 63.0 64.0 
61.0 60.0 61.0 61.0 
89.0 60.0 81.0 71.0 
58.0 59.0 63.0 61.0 
61.0 58.0 63.0 64.0 
60.0 59.0 62.0 60.0 
91.0 60.0 82.0 71.0 
60.0 59.0 62.0 61.0 
61.0 59.0 64.0 64.0 
60.0 60.0 62.0 62.0 
89.0 60.0 81.0 71.0 
60.0 58.0 62.0 61.0 
62.0 59.0 63.0 64.0 
60.0 60.0 61.0 61.0 
90.0 59.0 81.0 72.0 
59.0 58.0 61.0 61.0 
62.0 60.0 63.0 64.0 
60.0 60.0 60.0 62.0 
90.0 61.0 81.0 72.0 
60.0 58.0 62.0 59.0 
62.0 59.0 64.0 63.0 
61.0 60.0 61.0 61.0 
90.0 60.0 83.0 72.0 
59.0 56.0 60.0 61.0 
61.0 59.0 64.0 64.0 
60.0 61.0 61.0 62.0 
89.0 59.0 81.0 72.0 
61.0 59.0 62.0 61.0 
62.0 58.0 64.0 64.0 
61.0 60.0 61.0 61.0 
90.0 60.0 81.0 71.0 
60.0 58.0 61.0 61.0 
62.0 59.0 63.0 63.0 
60.0 60.0 61.0 62.0 
91.0 59.0 82.0 72.0 
60.0 58.0 61.0 60.0 
61.0 60.0 64.0 64.0 
60.0 60.0 60.0 61.0 
90.0 60.0 81.0 71.0 
59.0 60.0 61.0 61.0 
62.0 59.0 64.0 64.0 
60.0 62.0 61.0 62.0 
91.0 60.0 81.0 72.0 
60.0 59.0 62.0 60.0 
62.0 59.0 63.0 64.0 
61.0 60.0 62.0 62.0 
89.0 59.0 82.0 71.0 
60.0 59.0 62.0 61.0 
61.0 60.0 63.0 63.0 
60.0 60.0 61.0 62.0 
91.0 60.0 82.0 71.0 
59.0 60.0 61.0 62.0 
61.0 59.0 63.0 63.0 
60.0 61.0 61.0 62.0 
91.0 59.0 82.0 71.0 
59.0 59.0 61.0 60.0 
61.0 59.0 63.0 65.0 
61.0 60.0 59.0 62.0 
90.0 60.0 80.0 72.0 
59.0 59.0 61.0 61.0 
61.0 58.0 64.0 63.0 
61.0 60.0 61.0 61.0 
90.0 60.0 80.0 71.0 
60.0 58.0 61.0 61.0 
61.0 59.0 64.0 63.0 
59.0 59.0 61.0 62.0 
90.0 59.0 82.0 71.0 
59.0 59.0 61.0 61.0 
61.0 59.0 63.0 64.0 
60.0 59.0 60.0 61.0 
90.0 60.0 81.0 70.0 
60.0 58.0 61.0 61.0 
61.0 59.0 64.0 63.0 
60.0 60.0 61.0 61.0 
90.0 59.0 82.0 72.0 
59.0 60.0 61.0 60.0 
60.0 59.0 65.0 63.0 
60.0 60.0 60.0 62.0 
91.0 60.0 82.0 71.0 
60.0 59.0 61.0 60.0 
60.0 59.0 63.0 64.0 
60.0 60.0 61.0 62.0 
92.0 59.0 81.0 73.0 
60.0 59.0 60.0 61.0 
61.0 60.0 64.0 65.0 
60.0 60.0 61.0 61.0 
90.0 59.0 82.0 72.0 
60.0 58.0 62.0 60.0 
61.0 59.0 63.0 64.0 
60.0 61.0 61.0 62.0 
91.0 60.0 81.0 73.0 
60.0 58.0 62.0 60.0 
62.0 59.0 64.0 64.0 
60.0 60.0 61.0 61.0 
92.0 59.0 82.0 72.0 
59.0 59.0 61.0 61.0 
61.0 60.0 64.0 64.0 
60.0 59.0 61.0 62.0 
92.0 59.0 82.0 72.0 
59.0 58.0 60.0 61.0 
61.0 58.0 65.0 63.0 
59.0 60.0 60.0 61.0 
92.0 60.0 82.0 73.0 
60.0 58.0 61.0 61.0 
60.0 59.0 64.0 63.0 
61.0 61.0 61.0 62.0 
93.0 60.0 82.0 73.0 
59.0 59.0 61.0 61.0 
61.0 59.0 63.0 65.0 
60.0 60.0 61.0 61.0 
93.0 60.0 82.0 72.0 
59.0 58.0 62.0 61.0 
60.0 61.0 64.0 64.0 
60.0 61.0 61.0 60.0 
93.0 59.0 82.0 72.0 
59.0 58.0 61.0 61.0 
61.0 59.0 64.0 64.0 
60.0 60.0 60.0 61.0 
94.0 61.0 83.0 73.0 
60.0 59.0 61.0 61.0 
61.0 60.0 64.0 64.0 
59.0 60.0 61.0 62.0 
94.0 59.0 81.0 73.0 
60.0 59.0 61.0 61.0 
61.0 59.0 64.0 64.0 
60.0 60.0 60.0 61.0 
95.0 59.0 82.0 72.0 
59.0 58.0 61.0 62.0 
61.0 59.0 64.0 64.0 
59.0 58.0 60.0 61.0 
92.0 59.0 81.0 72.0 
60.0 60.0 61.0 61.0 
61.0 59.0 64.0 63.0 
60.0 61.0 60.0 61.0 
92.0 60.0 81.0 72.0 
59.0 59.0 61.0 61.0 
61.0 59.0 63.0 64.0 
61.0 60.0 60.0 61.0 
91.0 59.0 81.0 72.0 
58.0 59.0 61.0 60.0 
61.0 58.0 62.0 62.0 
59.0 59.0 61.0 61.0 
92.0 59.0 81.0 74.0 
59.0 59.0 61.0 61.0 
61.0 59.0 64.0 63.0 
60.0 61.0 62.0 62.0 
93.0 59.0 82.0 73.0 
59.0 59.0 62.0 62.0 
60.0 59.0 64.0 65.0 
60.0 60.0 60.0 62.0 
94.0 59.0 82.0 73.0 
60.0 60.0 60.0 61.0 
61.0 59.0 65.0 64.0 
60.0 61.0 61.0 61.0 
94.0 59.0 81.0 73.0 
59.0 59.0 61.0 60.0 
61.0 60.0 63.0 64.0 
60.0 61.0 60.0 61.0 
93.0 59.0 81.0 73.0 
59.0 59.0 61.0 61.0 
62.0 59.0 64.0 63.0 
60.0 60.0 61.0 62.0 
91.0 61.0 80.0 73.0 
60.0 59.0 63.0 61.0 
60.0 59.0 64.0 64.0 
60.0 61.0 61.0 62.0 
91.0 60.0 82.0 73.0 
59.0 59.0 61.0 61.0 
61.0 59.0 63.0 64.0 
60.0 60.0 61.0 61.0 
91.0 60.0 81.0 73.0 
60.0 59.0 61.0 61.0 
61.0 59.0 64.0 63.0 
59.0 60.0 61.0 62.0 
91.0 60.0 81.0 73.0 
59.0 60.0 60.0 61.0 
62.0 60.0 63.0 64.0 
60.0 60.0 61.0 61.0 
92.0 60.0 81.0 73.0 
59.0 59.0 63.0 61.0 
61.0 59.0 65.0 63.0 
60.0 60.0 61.0 62.0 
91.0 60.0 81.0 73.0 
59.0 59.0 61.0 61.0 
60.0 59.0 64.0 64.0 
60.0 60.0 61.0 62.0 
91.0 60.0 82.0 72.0 
60.0 59.0 61.0 62.0 
61.0 59.0 64.0 63.0 
59.0 59.0 62.0 61.0 
90.0 58.0 81.0 73.0 
60.0 59.0 60.0 61.0 
61.0 60.0 63.0 64.0 
61.0 61.0 61.0 61.0 
92.0 61.0 82.0 73.0 
59.0 58.0 62.0 61.0 
62.0 59.0 63.0 65.0 
61.0 60.0 61.0 61.0 
91.0 59.0 81.0 74.0 
59.0 59.0 61.0 61.0 
61.0 59.0 64.0 64.0 
60.0 60.0 61.0 61.0 
91.0 60.0 82.0 72.0 
59.0 59.0 61.0 62.0 
62.0 59.0 64.0 64.0 
60.0 61.0 62.0 62.0 
91.0 60.0 81.0 72.0 
60.0 59.0 62.0 61.0 
61.0 61.0 63.0 64.0 
60.0 60.0 62.0 61.0 
92.0 59.0 82.0 72.0 
60.0 59.0 61.0 62.0 
62.0 59.0 64.0 63.0 
60.0 60.0 61.0 62.0 
91.0 60.0 81.0 72.0 
60.0 59.0 62.0 61.0 
61.0 60.0 62.0 64.0 
61.0 60.0 61.0 62.0 
91.0 60.0 80.0 71.0 
60.0 58.0 61.0 61.0 
61.0 59.0 64.0 64.0 
60.0 61.0 61.0 62.0 
92.0 61.0 81.0 71.0 
59.0 59.0 62.0 61.0 
62.0 59.0 62.0 64.0 
60.0 60.0 60.0 62.0 
92.0 59.0 81.0 71.0 
60.0 58.0 61.0 62.0 
61.0 60.0 65.0 64.0 
60.0 60.0 60.0 63.0 
93.0 59.0 81.0 72.0 
59.0 59.0 62.0 61.0 
61.0 59.0 64.0 63.0 
60.0 60.0 61.0 62.0 
92.0 59.0 81.0 72.0 
59.0 59.0 61.0 61.0 
61.0 59.0 64.0 64.0 
60.0 59.0 61.0 62.0 
90.0 59.0 81.0 72.0 
60.0 59.0 61.0 60.0 
61.0 60.0 63.0 64.0 
60.0 61.0 60.0 62.0 
90.0 60.0 82.0 72.0 
59.0 57.0 61.0 61.0 
61.0 60.0 64.0 64.0 
60.0 60.0 61.0 62.0 
92.0 59.0 82.0 71.0 
60.0 59.0 63.0 61.0 
61.0 59.0 64.0 63.0 
60.0 60.0 61.0 61.0 
92.0 60.0 81.0 73.0 
60.0 59.0 61.0 61.0 
61.0 60.0 64.0 64.0 
61.0 60.0 61.0 62.0 
93.0 60.0 81.0 72.0 
59.0 58.0 62.0 61.0 
61.0 59.0 64.0 64.0 
61.0 60.0 61.0 62.0 
92.0 59.0 81.0 72.0 
59.0 59.0 62.0 61.0 
62.0 58.0 64.0 64.0 
61.0 60.0 60.0 60.0 
91.0 60.0 82.0 71.0 
59.0 59.0 62.0 61.0 
61.0 59.0 64.0 63.0 
61.0 60.0 61.0 61.0 
91.0 59.0 80.0 72.0 
59.0 59.0 62.0 61.0 
61.0 59.0 63.0 64.0 
60.0 61.0 60.0 62.0 
91.0 59.0 81.0 72.0 
59.0 59.0 61.0 60.0 
61.0 60.0 64.0 64.0 
60.0 60.0 61.0 61.0 
91.0 59.0 81.0 72.0 
59.0 59.0 62.0 60.0 
62.0 59.0 64.0 63.0 
60.0 60.0 60.0 61.0 
92.0 59.0 81.0 73.0 
59.0 58.0 62.0 61.0 
60.0 60.0 63.0 64.0 
60.0 60.0 60.0 62.0 
91.0 59.0 81.0 72.0 
60.0 59.0 61.0 61.0 
61.0 59.0 62.0 63.0 
60.0 60.0 61.0 62.0 
91.0 60.0 80.0 72.0 
59.0 59.0 62.0 61.0 
61.0 59.0 64.0 63.0 
60.0 60.0 60.0 61.0 
89.0 60.0 81.0 72.0 
60.0 58.0 62.0 60.0 
61.0 59.0 64.0 64.0 
60.0 60.0 61.0 62.0 
89.0 60.0 82.0 71.0 
60.0 59.0 61.0 61.0 
61.0 60.0 62.0 65.0 
61.0 59.0 62.0 61.0 
91.0 59.0 81.0 71.0 
60.0 59.0 62.0 61.0 
60.0 61.0 63.0 64.0 
62.0 60.0 60.0 63.0 
89.0 60.0 82.0 70.0 
59.0 59.0 61.0 62.0 
60.0 60.0 64.0 64.0 
60.0 60.0 61.0 62.0 
89.0 58.0 80.0 72.0 
59.0 60.0 62.0 60.0 
61.0 59.0 63.0 64.0 
60.0 60.0 60.0 61.0 
87.0 59.0 82.0 72.0 
60.0 59.0 63.0 62.0 
61.0 59.0 63.0 64.0 
61.0 60.0 61.0 61.0 
89.0 59.0 81.0 72.0 
60.0 58.0 62.0 61.0 
62.0 60.0 63.0 64.0 
61.0 59.0 61.0 62.0 
89.0 61.0 80.0 72.0 
60.0 58.0 62.0 62.0 
63.0 58.0 64.0 63.0 
61.0 60.0 62.0 62.0 
88.0 60.0 81.0 72.0 
60.0 59.0 61.0 60.0 
61.0 59.0 63.0 64.0 
60.0 60.0 61.0 62.0 
89.0 59.0 80.0 72.0 
59.0 59.0 61.0 61.0 
62.0 59.0 63.0 64.0 
61.0 60.0 61.0 60.0 
89.0 59.0 81.0 72.0 
60.0 59.0 61.0 61.0 
61.0 59.0 64.0 65.0 
61.0 60.0 60.0 62.0 
89.0 58.0 81.0 71.0 
60.0 60.0 62.0 61.0 
61.0 60.0 63.0 64.0 
60.0 59.0 61.0 62.0 
88.0 60.0 81.0 71.0 
60.0 58.0 60.0 61.0 
62.0 59.0 64.0 64.0 
61.0 60.0 60.0 61.0 
88.0 59.0 81.0 72.0 
59.0 59.0 61.0 61.0 
62.0 59.0 63.0 63.0 
60.0 60.0 62.0 62.0 
90.0 59.0 81.0 71.0 
59.0 59.0 61.0 61.0 
61.0 59.0 63.0 64.0 
60.0 60.0 61.0 61.0 
88.0 60.0 81.0 72.0 
59.0 59.0 61.0 61.0 
62.0 59.0 64.0 64.0 
61.0 60.0 61.0 58.0 
89.0 59.0 81.0 72.0 
61.0 59.0 61.0 61.0 
63.0 60.0 64.0 63.0 
61.0 61.0 61.0 61.0 
89.0 59.0 80.0 71.0 
60.0 58.0 62.0 61.0 
61.0 58.0 63.0 65.0 
61.0 60.0 60.0 62.0 
90.0 60.0 81.0 71.0 
59.0 59.0 62.0 61.0 
61.0 59.0 64.0 63.0 
61.0 60.0 62.0 62.0 
90.0 59.0 82.0 72.0 
60.0 59.0 62.0 61.0 
62.0 59.0 64.0 64.0 
61.0 60.0 62.0 61.0 
89.0 59.0 82.0 72.0 
60.0 58.0 62.0 60.0 
61.0 59.0 63.0 64.0 
61.0 60.0 61.0 62.0 
89.0 58.0 82.0 70.0 
60.0 58.0 62.0 61.0 
61.0 59.0 64.0 63.0 
60.0 60.0 61.0 61.0 
88.0 59.0 81.0 71.0 
60.0 58.0 61.0 61.0 
61.0 59.0 63.0 64.0 
61.0 60.0 60.0 62.0 
88.0 60.0 81.0 72.0 
60.0 59.0 61.0 61.0 
61.0 58.0 65.0 63.0 
60.0 61.0 61.0 62.0 
88.0 60.0 81.0 72.0 
60.0 58.0 62.0 61.0 
61.0 59.0 63.0 63.0 
61.0 60.0 61.0 61.0 
88.0 60.0 81.0 72.0 
59.0 59.0 61.0 62.0 
61.0 60.0 62.0 64.0 
60.0 60.0 61.0 62.0 
88.0 60.0 81.0 71.0 
59.0 59.0 60.0 61.0 
61.0 59.0 63.0 64.0 
60.0 60.0 61.0 62.0 
88.0 60.0 80.0 72.0 
60.0 59.0 62.0 61.0 
61.0 60.0 63.0 64.0 
61.0 60.0 61.0 62.0 
88.0 59.0 80.0 71.0 
59.0 60.0 63.0 60.0 
61.0 58.0 63.0 64.0 
60.0 60.0 60.0 61.0 
88.0 60.0 80.0 71.0 
60.0 59.0 63.0 60.0 
61.0 59.0 63.0 64.0 
61.0 61.0 59.0 61.0 
87.0 59.0 80.0 71.0 
59.0 59.0 62.0 61.0 
61.0 59.0 64.0 64.0 
60.0 60.0 61.0 61.0 
88.0 59.0 81.0 71.0 
59.0 58.0 61.0 62.0 
61.0 59.0 64.0 64.0 
60.0 60.0 61.0 62.0 
88.0 61.0 80.0 72.0 
59.0 59.0 62.0 60.0 
61.0 59.0 63.0 63.0 
61.0 60.0 62.0 61.0 
88.0 61.0 80.0 71.0 
60.0 59.0 62.0 60.0 
61.0 60.0 63.0 64.0 
60.0 60.0 62.0 61.0 
87.0 61.0 80.0 71.0 
60.0 59.0 60.0 61.0 
62.0 59.0 64.0 64.0 
59.0 59.0 62.0 61.0 
88.0 60.0 80.0 71.0 
59.0 58.0 61.0 61.0 
60.0 60.0 63.0 64.0 
60.0 60.0 62.0 63.0 
88.0 58.0 81.0 71.0 
59.0 59.0 61.0 61.0 
61.0 60.0 63.0 64.0 
61.0 60.0 61.0 61.0 
88.0 59.0 80.0 71.0 
59.0 59.0 61.0 61.0 
61.0 59.0 63.0 65.0 
61.0 60.0 61.0 61.0 
88.0 61.0 80.0 71.0 
60.0 58.0 62.0 61.0 
61.0 61.0 64.0 63.0 
60.0 60.0 61.0 62.0 
88.0 59.0 81.0 71.0 
60.0 59.0 62.0 61.0 
61.0 59.0 64.0 64.0 
61.0 60.0 61.0 62.0 
87.0 59.0 82.0 71.0 
60.0 58.0 62.0 62.0 
60.0 59.0 64.0 64.0 
60.0 60.0 61.0 62.0 
87.0 60.0 80.0 70.0 
59.0 59.0 61.0 61.0 
61.0 59.0 64.0 63.0 
61.0 60.0 62.0 62.0 
88.0 59.0 81.0 71.0 
59.0 60.0 61.0 61.0 
62.0 59.0 64.0 64.0 
60.0 59.0 62.0 62.0 
87.0 60.0 81.0 71.0 
60.0 59.0 62.0 60.0 
62.0 59.0 64.0 64.0 
61.0 59.0 60.0 62.0 
86.0 60.0 81.0 70.0 
60.0 60.0 62.0 61.0 
60.0 61.0 64.0 65.0 
60.0 60.0 61.0 61.0 
86.0 59.0 80.0 70.0 
59.0 58.0 61.0 62.0 
61.0 59.0 63.0 64.0 
60.0 59.0 61.0 62.0 
86.0 59.0 80.0 70.0 
59.0 59.0 61.0 61.0 
61.0 59.0 64.0 64.0 
62.0 60.0 61.0 62.0 
86.0 58.0 81.0 70.0 
60.0 59.0 62.0 60.0 
61.0 59.0 63.0 64.0 
60.0 60.0 60.0 62.0 
86.0 60.0 81.0 71.0 
59.0 58.0 62.0 61.0 
61.0 59.0 64.0 64.0 
60.0 60.0 61.0 62.0 
86.0 60.0 80.0 71.0 
59.0 58.0 61.0 61.0 
61.0 60.0 64.0 65.0 
60.0 60.0 62.0 62.0 
86.0 60.0 80.0 71.0 
60.0 59.0 62.0 61.0 
61.0 58.0 64.0 64.0 
60.0 61.0 61.0 61.0 
87.0 59.0 80.0 70.0 
59.0 59.0 63.0 61.0 
61.0 60.0 64.0 65.0 
60.0 59.0 61.0 62.0 
87.0 59.0 81.0 71.0 
59.0 58.0 61.0 61.0 
60.0 59.0 63.0 64.0 
60.0 60.0 61.0 62.0 
87.0 57.0 80.0 71.0 
61.0 57.0 62.0 60.0 
60.0 59.0 64.0 65.0 
60.0 60.0 60.0 63.0 
86.0 60.0 81.0 71.0 
59.0 59.0 61.0 61.0 
61.0 59.0 64.0 64.0 
60.0 59.0 62.0 61.0 
86.0 59.0 79.0 71.0 
59.0 59.0 61.0 60.0 
61.0 60.0 64.0 64.0 
60.0 61.0 61.0 62.0 
86.0 60.0 80.0 71.0 
60.0 58.0 62.0 61.0 
61.0 59.0 64.0 64.0 
61.0 60.0 61.0 62.0 
87.0 59.0 81.0 71.0 
61.0 58.0 62.0 59.0 
61.0 60.0 63.0 64.0 
62.0 59.0 61.0 62.0 
83.0 60.0 81.0 70.0 
59.0 58.0 62.0 60.0 
61.0 60.0 62.0 65.0 
61.0 60.0 62.0 61.0 
83.0 60.0 80.0 70.0 
60.0 59.0 62.0 61.0 
62.0 60.0 63.0 64.0 
61.0 60.0 61.0 61.0 
83.0 60.0 80.0 70.0 
60.0 59.0 61.0 62.0 
62.0 59.0 64.0 63.0 
61.0 61.0 61.0 61.0 
84.0 60.0 81.0 71.0 
59.0 59.0 61.0 61.0 
61.0 60.0 64.0 65.0 
60.0 60.0 62.0 62.0 
84.0 59.0 81.0 70.0 
60.0 58.0 62.0 60.0 
62.0 58.0 64.0 64.0 
61.0 60.0 61.0 61.0 
83.0 59.0 81.0 70.0 
60.0 58.0 62.0 61.0 
61.0 59.0 63.0 64.0 
61.0 60.0 61.0 62.0 
82.0 60.0 81.0 70.0 
59.0 58.0 61.0 61.0 
61.0 60.0 63.0 64.0 
61.0 60.0 62.0 62.0 
84.0 58.0 81.0 70.0 
59.0 58.0 61.0 61.0 
62.0 59.0 64.0 65.0 
61.0 60.0 61.0 61.0 
84.0 59.0 81.0 70.0 
59.0 59.0 61.0 61.0 
61.0 59.0 64.0 65.0 
61.0 60.0 60.0 61.0 
83.0 60.0 80.0 71.0 
59.0 59.0 61.0 62.0 
62.0 60.0 63.0 65.0 
61.0 59.0 61.0 62.0 
84.0 60.0 81.0 70.0 
59.0 58.0 61.0 61.0 
61.0 60.0 64.0 63.0 
60.0 60.0 62.0 61.0 
83.0 61.0 81.0 70.0 
60.0 59.0 61.0 61.0 
61.0 59.0 63.0 64.0 
60.0 60.0 61.0 61.0 
83.0 60.0 81.0 71.0 
59.0 58.0 62.0 60.0 
61.0 59.0 63.0 64.0 
60.0 60.0 61.0 61.0 
83.0 59.0 81.0 71.0 
60.0 59.0 62.0 62.0 
61.0 59.0 62.0 63.0 
60.0 60.0 61.0 62.0 
84.0 61.0 81.0 71.0 
60.0 59.0 62.0 60.0 
62.0 57.0 64.0 64.0 
61.0 61.0 61.0 62.0 
85.0 60.0 81.0 70.0 
59.0 58.0 61.0 61.0 
61.0 59.0 64.0 64.0 
61.0 59.0 60.0 62.0 
84.0 60.0 80.0 71.0 
59.0 59.0 61.0 61.0 
61.0 60.0 64.0 65.0 
61.0 61.0 61.0 62.0 
84.0 60.0 81.0 72.0 
60.0 58.0 61.0 61.0 
61.0 60.0 63.0 64.0 
61.0 58.0 62.0 61.0 
84.0 59.0 82.0 70.0 
60.0 59.0 61.0 61.0 
63.0 59.0 65.0 65.0 
60.0 60.0 61.0 60.0 
83.0 60.0 80.0 71.0 
60.0 58.0 61.0 62.0 
61.0 59.0 63.0 64.0 
61.0 59.0 61.0 62.0 
84.0 60.0 80.0 70.0 
60.0 59.0 61.0 61.0 
61.0 59.0 65.0 63.0 
60.0 60.0 61.0 62.0 
83.0 61.0 81.0 70.0 
59.0 59.0 61.0 61.0 
62.0 59.0 64.0 64.0 
59.0 60.0 60.0 62.0 
85.0 59.0 80.0 71.0 
59.0 58.0 61.0 61.0 
61.0 60.0 64.0 64.0 
61.0 59.0 62.0 59.0 
86.0 59.0 82.0 70.0 
59.0 59.0 63.0 61.0 
61.0 59.0 64.0 64.0 
60.0 60.0 61.0 62.0 
85.0 60.0 81.0 70.0 
59.0 59.0 62.0 62.0 
61.0 59.0 65.0 64.0 
60.0 60.0 61.0 61.0 
85.0 60.0 82.0 71.0 
59.0 59.0 61.0 61.0 
61.0 61.0 63.0 64.0 
61.0 60.0 62.0 62.0 
87.0 60.0 81.0 72.0 
60.0 58.0 61.0 60.0 
61.0 59.0 63.0 64.0 
60.0 59.0 61.0 61.0 
85.0 60.0 80.0 71.0 
61.0 59.0 62.0 61.0 
61.0 60.0 64.0 64.0 
60.0 60.0 61.0 61.0 
86.0 60.0 81.0 71.0 
59.0 58.0 62.0 60.0 
61.0 58.0 64.0 64.0 
60.0 59.0 61.0 62.0 
86.0 60.0 80.0 70.0 
59.0 59.0 62.0 61.0 
62.0 58.0 64.0 64.0 
60.0 60.0 61.0 61.0 
85.0 60.0 81.0 71.0 
60.0 58.0 62.0 61.0 
61.0 58.0 65.0 62.0 
60.0 60.0 61.0 62.0 
85.0 60.0 81.0 71.0 
60.0 58.0 62.0 60.0 
60.0 59.0 63.0 65.0 
60.0 61.0 61.0 62.0 
85.0 60.0 80.0 71.0 
60.0 59.0 61.0 61.0 
61.0 60.0 65.0 64.0 
60.0 60.0 61.0 61.0 
85.0 60.0 81.0 70.0 
59.0 58.0 62.0 62.0 
60.0 60.0 65.0 64.0 
60.0 60.0 62.0 61.0 
85.0 59.0 80.0 71.0 
60.0 59.0 62.0 60.0 
61.0 58.0 64.0 65.0 
61.0 60.0 61.0 61.0 
84.0 60.0 80.0 70.0 
59.0 60.0 61.0 61.0 
61.0 59.0 64.0 64.0 
60.0 60.0 61.0 62.0 
84.0 58.0 80.0 71.0 
59.0 59.0 61.0 61.0 
61.0 59.0 64.0 65.0 
59.0 59.0 62.0 61.0 
83.0 60.0 81.0 71.0 
60.0 59.0 61.0 59.0 
61.0 59.0 63.0 64.0 
61.0 61.0 61.0 62.0 
83.0 60.0 80.0 70.0 
59.0 59.0 60.0 61.0 
60.0 59.0 64.0 64.0 
60.0 59.0 61.0 61.0 
84.0 60.0 81.0 70.0 
59.0 58.0 61.0 61.0 
61.0 59.0 64.0 64.0 
61.0 60.0 61.0 60.0 
83.0 60.0 81.0 71.0 
59.0 59.0 61.0 61.0 
61.0 59.0 63.0 65.0 
60.0 59.0 60.0 61.0 
83.0 59.0 81.0 69.0 
60.0 58.0 60.0 63.0 
62.0 57.0 63.0 64.0 
60.0 61.0 60.0 61.0 
84.0 60.0 81.0 69.0 
59.0 58.0 61.0 61.0 
61.0 60.0 64.0 64.0 
60.0 59.0 61.0 61.0 
83.0 60.0 80.0 70.0 
60.0 58.0 61.0 61.0 
61.0 59.0 63.0 65.0 
61.0 60.0 62.0 61.0 
83.0 60.0 81.0 70.0 
60.0 58.0 61.0 61.0 
63.0 59.0 63.0 64.0 
60.0 60.0 61.0 62.0 
83.0 60.0 81.0 70.0 
60.0 58.0 62.0 61.0 
61.0 60.0 63.0 64.0 
59.0 60.0 61.0 62.0 
83.0 60.0 81.0 69.0 
59.0 58.0 61.0 62.0 
61.0 59.0 64.0 64.0 
60.0 60.0 61.0 63.0 
84.0 60.0 81.0 70.0 
60.0 59.0 62.0 60.0 
61.0 60.0 63.0 64.0 
61.0 60.0 62.0 63.0 
83.0 61.0 79.0 71.0 
60.0 58.0 62.0 60.0 
61.0 59.0 63.0 65.0 
60.0 61.0 62.0 61.0 
84.0 59.0 80.0 70.0 
59.0 59.0 62.0 60.0 
61.0 61.0 64.0 63.0 
60.0 61.0 60.0 62.0 
84.0 60.0 81.0 71.0 
59.0 59.0 61.0 61.0 
61.0 59.0 64.0 64.0 
61.0 60.0 62.0 61.0 
83.0 60.0 83.0 70.0 
60.0 58.0 60.0 61.0 
60.0 59.0 64.0 65.0 
61.0 61.0 62.0 62.0 
83.0 58.0 81.0 71.0 
59.0 59.0 61.0 61.0 
62.0 59.0 63.0 64.0 
60.0 59.0 61.0 61.0 
84.0 60.0 81.0 70.0 
60.0 58.0 61.0 61.0 
61.0 59.0 64.0 63.0 
59.0 60.0 61.0 61.0 
84.0 59.0 82.0 70.0 
59.0 59.0 61.0 61.0 
61.0 59.0 64.0 63.0 
59.0 58.0 60.0 62.0 
84.0 59.0 81.0 69.0 
60.0 59.0 63.0 60.0 
61.0 60.0 64.0 65.0 
61.0 60.0 61.0 61.0 
84.0 60.0 80.0 70.0 
60.0 59.0 62.0 61.0 
61.0 59.0 65.0 64.0 
60.0 60.0 61.0 61.0 
83.0 60.0 81.0 71.0 
59.0 58.0 63.0 61.0 
62.0 59.0 63.0 65.0 
60.0 60.0 62.0 62.0 
84.0 61.0 81.0 71.0 
59.0 58.0 62.0 62.0 
61.0 60.0 64.0 64.0 
61.0 61.0 61.0 61.0 
84.0 60.0 81.0 70.0 
61.0 59.0 61.0 61.0 
61.0 59.0 64.0 64.0 
60.0 60.0 62.0 62.0 
82.0 60.0 81.0 71.0 
60.0 59.0 61.0 60.0 
61.0 59.0 63.0 64.0 
61.0 60.0 61.0 61.0 
82.0 60.0 80.0 70.0 
60.0 56.0 62.0 61.0 
62.0 59.0 63.0 64.0 
61.0 61.0 61.0 62.0 
82.0 59.0 81.0 70.0 
59.0 60.0 61.0 60.0 
61.0 60.0 64.0 63.0 
61.0 59.0 60.0 62.0 
81.0 60.0 81.0 70.0 
60.0 58.0 62.0 61.0 
61.0 59.0 64.0 65.0 
59.0 60.0 60.0 62.0 
82.0 59.0 79.0 71.0 
60.0 58.0 61.0 61.0 
61.0 60.0 63.0 64.0 
61.0 59.0 62.0 60.0 
81.0 59.0 82.0 70.0 
60.0 59.0 61.0 62.0 
61.0 60.0 64.0 64.0 
60.0 59.0 62.0 62.0 
81.0 60.0 81.0 70.0 
60.0 59.0 62.0 60.0 
61.0 58.0 64.0 65.0 
60.0 59.0 62.0 60.0 
81.0 60.0 80.0 70.0 
60.0 58.0 61.0 60.0 
61.0 59.0 63.0 65.0 
61.0 60.0 62.0 61.0 
79.0 59.0 82.0 70.0 
60.0 59.0 61.0 61.0 
61.0 59.0 65.0 64.0 
61.0 60.0 61.0 61.0 
81.0 61.0 82.0 71.0 
60.0 58.0 61.0 60.0 
61.0 59.0 64.0 64.0 
61.0 61.0 61.0 61.0 
81.0 60.0 81.0 71.0 
59.0 60.0 61.0 61.0 
61.0 59.0 64.0 64.0 
61.0 60.0 61.0 61.0 
82.0 59.0 80.0 71.0 
60.0 58.0 61.0 61.0 
61.0 60.0 62.0 64.0 
60.0 60.0 60.0 61.0 
82.0 60.0 81.0 72.0 
60.0 59.0 62.0 61.0 
62.0 59.0 64.0 65.0 
61.0 60.0 61.0 62.0 
83.0 60.0 81.0 71.0 
60.0 58.0 62.0 61.0 
63.0 60.0 63.0 64.0 
61.0 60.0 61.0 61.0 
81.0 59.0 82.0 71.0 
59.0 59.0 62.0 61.0 
61.0 59.0 63.0 63.0 
60.0 60.0 60.0 61.0 
83.0 60.0 81.0 70.0 
59.0 58.0 61.0 61.0 
61.0 59.0 63.0 65.0 
60.0 60.0 61.0 61.0 
82.0 60.0 80.0 71.0 
60.0 58.0 62.0 59.0 
62.0 59.0 64.0 63.0 
60.0 60.0 61.0 62.0 
82.0 60.0 81.0 71.0 
59.0 58.0 62.0 60.0 
62.0 59.0 64.0 64.0 
60.0 61.0 60.0 61.0 
81.0 59.0 80.0 71.0 
59.0 59.0 62.0 61.0 
62.0 59.0 65.0 62.0 
60.0 61.0 61.0 62.0 
80.0 60.0 81.0 70.0 
60.0 57.0 62.0 61.0 
61.0 59.0 63.0 65.0 
61.0 60.0 61.0 62.0 
80.0 60.0 81.0 70.0 
59.0 59.0 61.0 61.0 
61.0 60.0 63.0 64.0 
61.0 60.0 62.0 61.0 
80.0 59.0 80.0 70.0 
60.0 59.0 62.0 60.0 
62.0 59.0 64.0 64.0 
60.0 60.0 60.0 62.0 
81.0 60.0 80.0 71.0 
60.0 59.0 61.0 61.0 
61.0 59.0 63.0 64.0 
61.0 61.0 61.0 62.0 
81.0 59.0 81.0 69.0 
60.0 59.0 62.0 61.0 
61.0 60.0 63.0 65.0 
61.0 59.0 61.0 62.0 
80.0 59.0 80.0 71.0 
60.0 60.0 61.0 61.0 
61.0 59.0 63.0 63.0 
60.0 60.0 60.0 61.0 
81.0 60.0 82.0 70.0 
59.0 58.0 62.0 60.0 
61.0 59.0 64.0 63.0 
60.0 60.0 61.0 62.0 
80.0 59.0 80.0 71.0 
59.0 58.0 61.0 62.0 
61.0 58.0 63.0 64.0 
60.0 60.0 59.0 62.0 
81.0 60.0 81.0 70.0 
60.0 58.0 62.0 62.0 
61.0 59.0 63.0 65.0 
59.0 60.0 61.0 62.0 
79.0 60.0 80.0 71.0 
59.0 58.0 62.0 61.0 
62.0 59.0 64.0 64.0 
60.0 60.0 61.0 61.0 
80.0 60.0 79.0 70.0 
59.0 59.0 62.0 61.0 
61.0 60.0 63.0 64.0 
60.0 60.0 61.0 61.0 
77.0 60.0 81.0 70.0 
60.0 59.0 61.0 61.0 
62.0 59.0 64.0 64.0 
62.0 59.0 62.0 61.0 
77.0 60.0 80.0 70.0 
60.0 59.0 61.0 61.0 
62.0 59.0 64.0 63.0 
61.0 58.0 61.0 62.0 
80.0 60.0 79.0 72.0 
60.0 59.0 61.0 60.0 
61.0 59.0 63.0 64.0 
60.0 60.0 62.0 62.0 
79.0 59.0 80.0 71.0 
59.0 59.0 60.0 62.0 
61.0 60.0 63.0 64.0 
61.0 60.0 61.0 61.0 
80.0 59.0 80.0 69.0 
59.0 59.0 62.0 61.0 
61.0 59.0 63.0 65.0 
59.0 61.0 60.0 62.0 
80.0 60.0 80.0 70.0 
60.0 58.0 62.0 61.0 
62.0 59.0 61.0 64.0 
60.0 60.0 61.0 60.0 
76.0 60.0 80.0 69.0 
61.0 59.0 63.0 61.0 
61.0 59.0 63.0 65.0 
63.0 60.0 61.0 62.0 
79.0 60.0 81.0 70.0 
60.0 58.0 62.0 60.0 
62.0 60.0 64.0 64.0 
60.0 59.0 61.0 61.0 
78.0 59.0 80.0 70.0 
59.0 59.0 62.0 61.0 
61.0 60.0 64.0 64.0 
60.0 60.0 60.0 62.0 
78.0 59.0 81.0 70.0 
60.0 59.0 61.0 61.0 
63.0 59.0 64.0 63.0 
60.0 60.0 60.0 62.0 
78.0 60.0 80.0 70.0 
60.0 59.0 61.0 61.0 
62.0 59.0 64.0 65.0 
61.0 60.0 61.0 62.0 
79.0 60.0 81.0 69.0 
61.0 59.0 62.0 61.0 
62.0 58.0 64.0 63.0 
61.0 60.0 61.0 61.0 
78.0 60.0 79.0 71.0 
60.0 58.0 62.0 61.0 
62.0 59.0 64.0 65.0 
61.0 61.0 60.0 61.0 
79.0 59.0 78.0 70.0 
61.0 59.0 62.0 61.0 
62.0 59.0 64.0 64.0 
60.0 60.0 61.0 61.0 
81.0 59.0 80.0 70.0 
60.0 58.0 62.0 61.0 
62.0 59.0 63.0 64.0 
61.0 60.0 61.0 61.0 
79.0 59.0 80.0 70.0 
59.0 59.0 61.0 62.0 
61.0 60.0 64.0 63.0 
61.0 60.0 60.0 61.0 
77.0 59.0 81.0 70.0 
60.0 59.0 61.0 61.0 
62.0 59.0 64.0 64.0 
60.0 59.0 61.0 61.0 
77.0 59.0 80.0 70.0 
61.0 58.0 61.0 61.0 
62.0 60.0 64.0 64.0 
61.0 60.0 61.0 61.0 
78.0 59.0 80.0 70.0 
59.0 59.0 61.0 61.0 
61.0 59.0 64.0 64.0 
61.0 60.0 61.0 60.0 
79.0 58.0 80.0 70.0 
60.0 58.0 61.0 61.0 
62.0 60.0 64.0 64.0 
61.0 60.0 61.0 61.0 
80.0 60.0 80.0 70.0 
59.0 59.0 60.0 61.0 
62.0 58.0 63.0 64.0 
61.0 60.0 61.0 62.0 
81.0 60.0 80.0 70.0 
61.0 59.0 62.0 61.0 
63.0 58.0 64.0 64.0 
61.0 60.0 62.0 62.0 
80.0 60.0 79.0 71.0 
60.0 59.0 62.0 61.0 
62.0 59.0 64.0 64.0 
61.0 59.0 61.0 61.0 
81.0 59.0 81.0 70.0 
60.0 59.0 61.0 61.0 
62.0 60.0 64.0 64.0 
61.0 60.0 60.0 61.0 
80.0 60.0 80.0 70.0 
60.0 59.0 61.0 62.0 
62.0 59.0 64.0 65.0 
61.0 59.0 62.0 62.0 
80.0 60.0 80.0 70.0 
60.0 59.0 62.0 60.0 
62.0 60.0 62.0 63.0 
61.0 60.0 61.0 61.0 
80.0 59.0 80.0 70.0 
60.0 58.0 62.0 60.0 
62.0 59.0 63.0 64.0 
61.0 60.0 61.0 61.0 
81.0 59.0 80.0 71.0 
60.0 59.0 62.0 61.0 
62.0 60.0 64.0 64.0 
60.0 59.0 60.0 60.0 
81.0 59.0 80.0 71.0 
60.0 59.0 61.0 61.0 
62.0 59.0 63.0 63.0 
60.0 61.0 60.0 61.0 
80.0 60.0 80.0 70.0 
60.0 58.0 62.0 60.0 
61.0 60.0 63.0 64.0 
61.0 60.0 62.0 62.0 
80.0 59.0 81.0 71.0 
60.0 61.0 60.0 60.0 
61.0 59.0 63.0 64.0 
60.0 59.0 60.0 61.0 
80.0 60.0 81.0 72.0 
60.0 58.0 61.0 60.0 
61.0 60.0 63.0 63.0 
60.0 60.0 61.0 62.0 
80.0 60.0 80.0 71.0 
60.0 59.0 61.0 61.0 
61.0 59.0 62.0 64.0 
61.0 60.0 61.0 62.0 
79.0 60.0 81.0 70.0 
60.0 58.0 61.0 61.0 
61.0 59.0 63.0 64.0 
59.0 58.0 60.0 61.0 
80.0 59.0 81.0 70.0 
59.0 59.0 62.0 61.0 
62.0 59.0 64.0 64.0 
61.0 60.0 60.0 62.0 
78.0 60.0 81.0 71.0 
59.0 58.0 61.0 61.0 
62.0 60.0 62.0 64.0 
60.0 60.0 60.0 61.0 
76.0 60.0 80.0 70.0 
60.0 59.0 61.0 62.0 
61.0 59.0 63.0 64.0 
61.0 60.0 61.0 61.0 
78.0 60.0 80.0 70.0 
59.0 58.0 62.0 61.0 
63.0 59.0 64.0 64.0 
60.0 61.0 61.0 62.0 
79.0 59.0 80.0 70.0 
60.0 59.0 61.0 61.0 
61.0 59.0 63.0 64.0 
60.0 60.0 59.0 60.0 
80.0 59.0 80.0 70.0 
60.0 59.0 62.0 61.0 
62.0 59.0 64.0 64.0 
61.0 61.0 59.0 61.0 
76.0 60.0 80.0 70.0 
61.0 59.0 61.0 61.0 
62.0 60.0 63.0 64.0 
61.0 60.0 61.0 61.0 
78.0 60.0 80.0 70.0 
60.0 58.0 62.0 60.0 
63.0 59.0 64.0 63.0 
60.0 60.0 60.0 62.0 
78.0 59.0 81.0 70.0 
61.0 59.0 60.0 61.0 
62.0 59.0 64.0 64.0 
61.0 61.0 60.0 61.0 
78.0 59.0 80.0 70.0 
60.0 58.0 61.0 61.0 
62.0 59.0 63.0 63.0 
60.0 60.0 60.0 61.0 
79.0 59.0 81.0 71.0 
59.0 58.0 62.0 61.0 
62.0 58.0 64.0 64.0 
61.0 60.0 61.0 61.0 
78.0 59.0 80.0 71.0 
60.0 58.0 62.0 61.0 
61.0 60.0 63.0 64.0 
60.0 60.0 60.0 62.0 
78.0 59.0 80.0 71.0 
60.0 58.0 62.0 61.0 
62.0 59.0 64.0 65.0 
61.0 60.0 60.0 62.0 
78.0 59.0 80.0 70.0 
60.0 59.0 62.0 61.0 
61.0 60.0 64.0 64.0 
61.0 60.0 61.0 60.0 
77.0 59.0 80.0 69.0 
59.0 58.0 61.0 61.0 
62.0 59.0 64.0 64.0 
61.0 59.0 61.0 61.0 
77.0 59.0 79.0 70.0 
60.0 59.0 61.0 61.0 
62.0 59.0 64.0 64.0 
61.0 60.0 60.0 61.0 
76.0 59.0 80.0 71.0 
60.0 58.0 62.0 61.0 
62.0 59.0 64.0 64.0 
61.0 60.0 60.0 62.0 
76.0 60.0 80.0 70.0 
60.0 59.0 61.0 61.0 
62.0 60.0 64.0 64.0 
60.0 60.0 61.0 61.0 
77.0 60.0 80.0 70.0 
60.0 59.0 60.0 61.0 
63.0 59.0 64.0 64.0 
60.0 60.0 60.0 62.0 
77.0 60.0 81.0 71.0 
60.0 59.0 61.0 61.0 
61.0 60.0 64.0 64.0 
62.0 59.0 61.0 61.0 
76.0 60.0 80.0 71.0 
60.0 59.0 62.0 61.0 
62.0 59.0 63.0 64.0 
60.0 60.0 61.0 61.0 
77.0 59.0 81.0 70.0 
60.0 59.0 62.0 61.0 
62.0 59.0 64.0 64.0 
61.0 59.0 60.0 61.0 
77.0 59.0 80.0 70.0 
60.0 58.0 62.0 61.0 
61.0 59.0 64.0 65.0 
60.0 60.0 61.0 61.0 
75.0 60.0 80.0 70.0 
60.0 58.0 62.0 60.0 
62.0 59.0 64.0 63.0 
61.0 60.0 61.0 61.0 
74.0 59.0 80.0 69.0 
61.0 58.0 61.0 61.0 
62.0 59.0 63.0 64.0 
61.0 60.0 60.0 61.0 
72.0 59.0 80.0 70.0 
60.0 58.0 60.0 62.0 
63.0 59.0 63.0 64.0 
61.0 59.0 60.0 61.0 
72.0 59.0 80.0 69.0 
60.0 59.0 61.0 61.0 
62.0 59.0 63.0 65.0 
61.0 60.0 61.0 61.0 
73.0 59.0 80.0 69.0 
60.0 58.0 61.0 61.0 
62.0 59.0 64.0 64.0 
61.0 59.0 60.0 60.0 
76.0 60.0 81.0 71.0 
59.0 58.0 61.0 61.0 
63.0 59.0 65.0 64.0 
61.0 60.0 60.0 62.0 
77.0 59.0 80.0 71.0 
60.0 58.0 62.0 61.0 
62.0 58.0 64.0 65.0 
61.0 60.0 61.0 61.0 
75.0 59.0 81.0 69.0 
60.0 59.0 61.0 61.0 
61.0 59.0 63.0 64.0 
61.0 60.0 60.0 61.0 
75.0 59.0 80.0 70.0 
60.0 58.0 61.0 61.0 
61.0 59.0 64.0 64.0 
61.0 60.0 61.0 60.0 
73.0 60.0 81.0 70.0 
60.0 59.0 62.0 62.0 
62.0 59.0 62.0 64.0 
60.0 61.0 60.0 61.0 
75.0 60.0 81.0 70.0 
59.0 59.0 61.0 61.0 
62.0 59.0 64.0 64.0 
62.0 59.0 61.0 61.0 
75.0 59.0 80.0 70.0 
60.0 59.0 61.0 61.0 
63.0 59.0 64.0 64.0 
60.0 60.0 60.0 61.0 
75.0 60.0 80.0 70.0 
60.0 58.0 61.0 61.0 
62.0 59.0 64.0 64.0 
61.0 60.0 60.0 62.0 
75.0 60.0 80.0 70.0 
60.0 59.0 61.0 62.0 
62.0 59.0 63.0 64.0 
60.0 60.0 61.0 61.0 
75.0 59.0 80.0 69.0 
60.0 59.0 61.0 61.0 
61.0 60.0 63.0 64.0 
61.0 60.0 60.0 62.0 
75.0 60.0 80.0 71.0 
59.0 59.0 62.0 61.0 
62.0 60.0 63.0 64.0 
60.0 60.0 60.0 61.0 
74.0 59.0 81.0 70.0 
60.0 58.0 62.0 61.0 
62.0 59.0 63.0 62.0 
59.0 60.0 60.0 62.0 
79.0 59.0 81.0 70.0 
60.0 59.0 61.0 61.0 
63.0 59.0 63.0 65.0 
61.0 59.0 60.0 60.0 
75.0 60.0 80.0 71.0 
60.0 59.0 61.0 61.0 
62.0 58.0 64.0 64.0 
60.0 60.0 62.0 61.0 
79.0 60.0 80.0 70.0 
60.0 59.0 62.0 63.0 
63.0 59.0 63.0 64.0 
61.0 60.0 60.0 61.0 
79.0 59.0 80.0 71.0 
60.0 59.0 62.0 62.0 
61.0 60.0 63.0 64.0 
61.0 60.0 61.0 62.0 
79.0 61.0 80.0 71.0 
60.0 58.0 62.0 61.0 
62.0 58.0 64.0 64.0 
61.0 60.0 61.0 61.0 
78.0 58.0 81.0 70.0 
59.0 59.0 61.0 61.0 
62.0 60.0 64.0 64.0 
60.0 60.0 60.0 61.0 
79.0 60.0 80.0 71.0 
59.0 59.0 59.0 61.0 
61.0 60.0 63.0 64.0 
61.0 60.0 59.0 61.0 
79.0 59.0 80.0 70.0 
60.0 59.0 61.0 61.0 
62.0 60.0 64.0 64.0 
62.0 60.0 60.0 61.0 
78.0 60.0 80.0 70.0 
61.0 58.0 62.0 61.0 
63.0 59.0 64.0 64.0 
61.0 60.0 60.0 61.0 
78.0 60.0 80.0 70.0 
59.0 59.0 62.0 61.0 
62.0 59.0 64.0 64.0 
61.0 60.0 61.0 61.0 
77.0 60.0 81.0 70.0 
61.0 59.0 61.0 61.0 
62.0 59.0 64.0 64.0 
60.0 61.0 60.0 61.0 
77.0 59.0 80.0 69.0 
60.0 59.0 62.0 60.0 
61.0 60.0 64.0 65.0 
61.0 60.0 60.0 61.0 
78.0 59.0 81.0 69.0 
60.0 58.0 61.0 61.0 
61.0 59.0 63.0 65.0 
61.0 59.0 60.0 61.0 
78.0 60.0 81.0 70.0 
60.0 58.0 61.0 61.0 
62.0 61.0 64.0 63.0 
60.0 61.0 60.0 62.0 
79.0 60.0 80.0 70.0 
60.0 59.0 61.0 61.0 
63.0 60.0 63.0 65.0 
