63.0 58.0 61.0 66.0 
59.0 57.0 58.0 59.0 
61.0 58.0 60.0 63.0 
60.0 58.0 58.0 60.0 
63.0 58.0 62.0 64.0 
59.0 58.0 58.0 59.0 
63.0 58.0 60.0 63.0 
60.0 58.0 59.0 62.0 
65.0 58.0 62.0 64.0 
59.0 57.0 59.0 59.0 
62.0 58.0 60.0 64.0 
61.0 58.0 59.0 60.0 
62.0 58.0 62.0 64.0 
58.0 57.0 58.0 59.0 
62.0 59.0 60.0 63.0 
61.0 58.0 59.0 61.0 
63.0 58.0 62.0 65.0 
59.0 57.0 58.0 60.0 
62.0 58.0 61.0 63.0 
60.0 58.0 60.0 61.0 
62.0 58.0 62.0 64.0 
59.0 58.0 59.0 59.0 
62.0 58.0 61.0 63.0 
60.0 58.0 59.0 60.0 
62.0 58.0 62.0 64.0 
58.0 57.0 58.0 59.0 
61.0 58.0 61.0 64.0 
61.0 58.0 60.0 62.0 
64.0 58.0 60.0 66.0 
61.0 57.0 59.0 64.0 
62.0 58.0 59.0 64.0 
61.0 59.0 59.0 61.0 
67.0 58.0 60.0 66.0 
61.0 57.0 58.0 64.0 
62.0 58.0 59.0 64.0 
61.0 59.0 60.0 62.0 
63.0 58.0 60.0 66.0 
62.0 57.0 59.0 65.0 
62.0 58.0 59.0 64.0 
60.0 59.0 59.0 61.0 
64.0 58.0 60.0 66.0 
62.0 57.0 59.0 65.0 
62.0 58.0 60.0 64.0 
59.0 58.0 59.0 59.0 
63.0 59.0 60.0 67.0 
62.0 57.0 60.0 65.0 
62.0 58.0 60.0 63.0 
60.0 59.0 58.0 61.0 
62.0 58.0 60.0 65.0 
63.0 58.0 59.0 67.0 
60.0 58.0 60.0 64.0 
61.0 59.0 59.0 59.0 
64.0 58.0 61.0 68.0 
63.0 57.0 60.0 65.0 
62.0 58.0 59.0 63.0 
61.0 58.0 59.0 60.0 
69.0 58.0 62.0 72.0 
62.0 58.0 59.0 64.0 
61.0 58.0 60.0 62.0 
61.0 58.0 60.0 61.0 
67.0 58.0 61.0 73.0 
63.0 57.0 59.0 64.0 
60.0 58.0 59.0 62.0 
60.0 58.0 59.0 60.0 
68.0 58.0 63.0 73.0 
63.0 57.0 59.0 64.0 
58.0 58.0 59.0 59.0 
61.0 58.0 59.0 62.0 
67.0 59.0 63.0 73.0 
63.0 57.0 58.0 65.0 
59.0 58.0 59.0 58.0 
61.0 59.0 59.0 60.0 
69.0 58.0 63.0 75.0 
63.0 58.0 59.0 64.0 
58.0 59.0 59.0 58.0 
59.0 59.0 60.0 61.0 
67.0 58.0 63.0 74.0 
63.0 58.0 59.0 64.0 
59.0 59.0 58.0 58.0 
60.0 58.0 59.0 60.0 
68.0 58.0 62.0 74.0 
63.0 57.0 59.0 64.0 
58.0 58.0 59.0 58.0 
60.0 59.0 58.0 59.0 
69.0 58.0 63.0 74.0 
63.0 57.0 58.0 64.0 
57.0 58.0 59.0 58.0 
60.0 59.0 59.0 59.0 
74.0 59.0 61.0 76.0 
63.0 57.0 59.0 64.0 
58.0 58.0 58.0 58.0 
59.0 59.0 59.0 59.0 
69.0 58.0 62.0 75.0 
62.0 57.0 59.0 64.0 
59.0 58.0 59.0 58.0 
60.0 59.0 59.0 59.0 
69.0 58.0 60.0 75.0 
63.0 58.0 59.0 65.0 
58.0 58.0 59.0 58.0 
60.0 58.0 59.0 59.0 
70.0 58.0 60.0 75.0 
63.0 57.0 58.0 64.0 
58.0 58.0 59.0 58.0 
59.0 59.0 59.0 59.0 
70.0 59.0 59.0 76.0 
62.0 58.0 59.0 64.0 
58.0 59.0 58.0 58.0 
60.0 59.0 59.0 59.0 
70.0 58.0 60.0 75.0 
63.0 57.0 58.0 64.0 
58.0 58.0 59.0 58.0 
59.0 59.0 58.0 59.0 
69.0 58.0 59.0 75.0 
63.0 59.0 58.0 64.0 
58.0 59.0 59.0 59.0 
60.0 58.0 59.0 59.0 
72.0 58.0 60.0 74.0 
63.0 58.0 58.0 64.0 
58.0 58.0 59.0 58.0 
59.0 59.0 59.0 59.0 
71.0 58.0 59.0 74.0 
63.0 57.0 59.0 64.0 
58.0 58.0 58.0 58.0 
59.0 59.0 59.0 60.0 
69.0 58.0 62.0 74.0 
63.0 58.0 58.0 64.0 
60.0 58.0 59.0 61.0 
60.0 59.0 58.0 58.0 
68.0 58.0 61.0 74.0 
62.0 57.0 58.0 63.0 
61.0 58.0 60.0 63.0 
59.0 59.0 59.0 58.0 
69.0 59.0 61.0 74.0 
62.0 58.0 59.0 63.0 
63.0 58.0 60.0 63.0 
60.0 59.0 59.0 58.0 
70.0 58.0 61.0 73.0 
63.0 57.0 58.0 64.0 
62.0 58.0 60.0 63.0 
59.0 58.0 59.0 60.0 
70.0 58.0 61.0 74.0 
62.0 57.0 59.0 63.0 
63.0 58.0 59.0 64.0 
60.0 58.0 59.0 59.0 
74.0 59.0 60.0 73.0 
63.0 57.0 59.0 63.0 
64.0 58.0 59.0 64.0 
60.0 59.0 59.0 59.0 
70.0 58.0 60.0 74.0 
63.0 57.0 58.0 64.0 
64.0 58.0 59.0 65.0 
60.0 58.0 59.0 60.0 
72.0 58.0 59.0 74.0 
63.0 58.0 58.0 63.0 
64.0 59.0 59.0 64.0 
60.0 59.0 59.0 60.0 
73.0 58.0 59.0 73.0 
63.0 58.0 58.0 64.0 
64.0 58.0 59.0 65.0 
60.0 59.0 60.0 60.0 
72.0 59.0 59.0 73.0 
63.0 58.0 58.0 64.0 
64.0 57.0 59.0 64.0 
61.0 59.0 59.0 61.0 
70.0 68.0 59.0 71.0 
61.0 62.0 58.0 64.0 
63.0 64.0 59.0 64.0 
60.0 60.0 60.0 60.0 
71.0 62.0 59.0 73.0 
64.0 58.0 58.0 66.0 
65.0 63.0 60.0 65.0 
57.0 59.0 59.0 61.0 
68.0 67.0 59.0 72.0 
61.0 63.0 58.0 64.0 
62.0 60.0 59.0 66.0 
61.0 59.0 59.0 62.0 
73.0 58.0 59.0 75.0 
64.0 57.0 58.0 66.0 
61.0 60.0 59.0 64.0 
62.0 61.0 59.0 61.0 
67.0 67.0 60.0 71.0 
61.0 63.0 58.0 64.0 
61.0 62.0 59.0 62.0 
62.0 64.0 60.0 63.0 
68.0 67.0 59.0 71.0 
61.0 63.0 58.0 64.0 
63.0 64.0 59.0 65.0 
62.0 64.0 59.0 63.0 
67.0 66.0 59.0 70.0 
60.0 62.0 58.0 64.0 
64.0 66.0 58.0 66.0 
61.0 62.0 58.0 62.0 
67.0 65.0 59.0 70.0 
61.0 63.0 58.0 64.0 
64.0 66.0 59.0 66.0 
62.0 62.0 59.0 62.0 
68.0 65.0 60.0 69.0 
60.0 62.0 58.0 64.0 
65.0 67.0 60.0 67.0 
61.0 63.0 59.0 63.0 
68.0 66.0 59.0 71.0 
61.0 62.0 58.0 65.0 
67.0 68.0 59.0 67.0 
62.0 64.0 58.0 62.0 
68.0 66.0 59.0 71.0 
60.0 63.0 58.0 64.0 
68.0 69.0 59.0 69.0 
57.0 58.0 59.0 57.0 
68.0 68.0 59.0 71.0 
61.0 63.0 58.0 63.0 
68.0 71.0 60.0 68.0 
57.0 57.0 59.0 58.0 
68.0 68.0 60.0 73.0 
61.0 62.0 58.0 63.0 
68.0 71.0 60.0 69.0 
57.0 58.0 60.0 58.0 
69.0 69.0 59.0 72.0 
61.0 63.0 58.0 62.0 
68.0 72.0 59.0 68.0 
57.0 58.0 59.0 58.0 
66.0 69.0 59.0 71.0 
61.0 63.0 58.0 63.0 
70.0 72.0 59.0 68.0 
57.0 58.0 59.0 59.0 
67.0 69.0 59.0 72.0 
61.0 63.0 59.0 63.0 
69.0 72.0 58.0 67.0 
57.0 58.0 59.0 59.0 
68.0 69.0 59.0 72.0 
62.0 64.0 58.0 64.0 
69.0 72.0 59.0 68.0 
58.0 58.0 60.0 59.0 
70.0 69.0 59.0 73.0 
62.0 65.0 59.0 64.0 
69.0 73.0 60.0 68.0 
58.0 57.0 59.0 58.0 
71.0 71.0 59.0 72.0 
62.0 64.0 58.0 64.0 
70.0 72.0 59.0 68.0 
58.0 57.0 58.0 59.0 
71.0 70.0 61.0 73.0 
62.0 64.0 59.0 64.0 
70.0 72.0 60.0 68.0 
57.0 58.0 59.0 58.0 
70.0 70.0 66.0 73.0 
62.0 64.0 59.0 64.0 
70.0 72.0 60.0 67.0 
57.0 58.0 59.0 59.0 
71.0 71.0 62.0 75.0 
62.0 64.0 59.0 65.0 
70.0 72.0 59.0 69.0 
57.0 58.0 59.0 58.0 
70.0 69.0 76.0 74.0 
62.0 63.0 62.0 65.0 
69.0 72.0 61.0 69.0 
57.0 57.0 59.0 58.0 
75.0 59.0 78.0 78.0 
66.0 57.0 61.0 68.0 
73.0 58.0 60.0 71.0 
66.0 59.0 59.0 64.0 
75.0 59.0 77.0 79.0 
64.0 57.0 62.0 66.0 
71.0 59.0 61.0 70.0 
67.0 59.0 59.0 65.0 
74.0 58.0 76.0 78.0 
64.0 58.0 63.0 66.0 
71.0 58.0 77.0 70.0 
68.0 58.0 68.0 65.0 
66.0 68.0 82.0 75.0 
62.0 63.0 65.0 64.0 
66.0 67.0 80.0 66.0 
65.0 67.0 71.0 64.0 
65.0 67.0 88.0 77.0 
61.0 62.0 66.0 64.0 
65.0 67.0 85.0 67.0 
66.0 66.0 77.0 65.0 
64.0 67.0 92.0 78.0 
61.0 61.0 68.0 64.0 
61.0 61.0 69.0 61.0 
66.0 68.0 87.0 66.0 
63.0 65.0 105.0 76.0 
60.0 61.0 67.0 63.0 
67.0 69.0 99.0 68.0 
65.0 66.0 81.0 65.0 
62.0 66.0 114.0 76.0 
60.0 60.0 69.0 63.0 
67.0 68.0 123.0 69.0 
65.0 66.0 94.0 65.0 
62.0 65.0 135.0 74.0 
60.0 59.0 71.0 63.0 
69.0 65.0 160.0 72.0 
66.0 63.0 105.0 68.0 
67.0 58.0 102.0 85.0 
60.0 58.0 60.0 65.0 
75.0 59.0 122.0 84.0 
69.0 58.0 76.0 72.0 
67.0 59.0 147.0 81.0 
60.0 58.0 71.0 63.0 
75.0 58.0 199.0 83.0 
68.0 59.0 121.0 71.0 
67.0 59.0 203.0 80.0 
60.0 57.0 78.0 61.0 
75.0 61.0 338.0 87.0 
66.0 59.0 160.0 69.0 
67.0 59.0 230.0 81.0 
60.0 58.0 80.0 62.0 
76.0 61.0 367.0 90.0 
66.0 59.0 166.0 69.0 
68.0 60.0 265.0 85.0 
60.0 58.0 84.0 63.0 
76.0 60.0 359.0 91.0 
66.0 59.0 160.0 69.0 
67.0 60.0 241.0 83.0 
60.0 58.0 83.0 62.0 
79.0 62.0 410.0 100.0 
65.0 59.0 157.0 70.0 
70.0 60.0 292.0 92.0 
60.0 58.0 80.0 62.0 
81.0 63.0 433.0 106.0 
65.0 59.0 152.0 70.0 
69.0 60.0 281.0 93.0 
59.0 58.0 79.0 62.0 
80.0 62.0 410.0 105.0 
64.0 59.0 154.0 71.0 
69.0 59.0 269.0 97.0 
60.0 58.0 77.0 61.0 
79.0 62.0 420.0 111.0 
64.0 59.0 141.0 69.0 
72.0 60.0 333.0 110.0 
59.0 58.0 73.0 61.0 
80.0 63.0 403.0 110.0 
63.0 59.0 133.0 69.0 
76.0 61.0 370.0 128.0 
59.0 58.0 70.0 61.0 
78.0 61.0 373.0 106.0 
64.0 59.0 128.0 68.0 
71.0 60.0 290.0 115.0 
59.0 58.0 69.0 60.0 
81.0 61.0 374.0 114.0 
63.0 59.0 125.0 70.0 
71.0 59.0 284.0 121.0 
59.0 58.0 72.0 61.0 
79.0 61.0 358.0 117.0 
63.0 59.0 114.0 69.0 
75.0 60.0 325.0 151.0 
59.0 58.0 73.0 61.0 
82.0 62.0 393.0 130.0 
61.0 59.0 106.0 67.0 
73.0 60.0 279.0 152.0 
59.0 59.0 73.0 62.0 
83.0 62.0 360.0 132.0 
62.0 60.0 97.0 66.0 
78.0 61.0 357.0 199.0 
59.0 58.0 71.0 61.0 
86.0 60.0 340.0 170.0 
60.0 59.0 78.0 63.0 
74.0 59.0 271.0 185.0 
59.0 57.0 74.0 63.0 
88.0 60.0 312.0 219.0 
61.0 59.0 76.0 65.0 
78.0 60.0 289.0 222.0 
59.0 58.0 68.0 61.0 
85.0 60.0 264.0 232.0 
60.0 59.0 73.0 65.0 
84.0 60.0 262.0 290.0 
60.0 58.0 79.0 71.0 
87.0 59.0 244.0 278.0 
60.0 59.0 73.0 67.0 
86.0 61.0 232.0 311.0 
58.0 57.0 69.0 60.0 
94.0 60.0 210.0 344.0 
60.0 59.0 67.0 66.0 
92.0 60.0 233.0 366.0 
58.0 58.0 66.0 58.0 
91.0 60.0 163.0 338.0 
60.0 59.0 64.0 67.0 
94.0 61.0 209.0 397.0 
58.0 58.0 68.0 59.0 
91.0 60.0 155.0 355.0 
60.0 59.0 67.0 72.0 
93.0 62.0 179.0 376.0 
59.0 57.0 65.0 63.0 
93.0 60.0 129.0 360.0 
60.0 60.0 68.0 73.0 
93.0 61.0 179.0 406.0 
58.0 58.0 64.0 57.0 
93.0 60.0 123.0 375.0 
59.0 59.0 65.0 70.0 
96.0 61.0 158.0 376.0 
58.0 57.0 62.0 54.0 
99.0 62.0 130.0 450.0 
60.0 59.0 62.0 67.0 
93.0 60.0 143.0 339.0 
57.0 58.0 61.0 53.0 
99.0 62.0 116.0 421.0 
60.0 59.0 61.0 71.0 
79.0 59.0 103.0 248.0 
58.0 58.0 61.0 56.0 
93.0 60.0 96.0 359.0 
59.0 59.0 60.0 63.0 
92.0 60.0 108.0 332.0 
59.0 58.0 62.0 57.0 
93.0 60.0 96.0 364.0 
59.0 59.0 60.0 58.0 
94.0 59.0 99.0 336.0 
58.0 58.0 62.0 57.0 
96.0 61.0 94.0 380.0 
58.0 59.0 59.0 54.0 
105.0 61.0 107.0 372.0 
58.0 58.0 62.0 56.0 
97.0 60.0 89.0 359.0 
57.0 59.0 60.0 51.0 
96.0 59.0 98.0 317.0 
59.0 58.0 63.0 62.0 
95.0 59.0 83.0 313.0 
58.0 59.0 60.0 50.0 
104.0 60.0 98.0 334.0 
60.0 58.0 63.0 65.0 
84.0 59.0 77.0 269.0 
58.0 60.0 60.0 53.0 
124.0 62.0 99.0 377.0 
59.0 58.0 63.0 64.0 
98.0 59.0 81.0 315.0 
56.0 60.0 59.0 47.0 
133.0 62.0 100.0 395.0 
59.0 58.0 63.0 61.0 
105.0 60.0 81.0 312.0 
56.0 59.0 59.0 45.0 
142.0 61.0 96.0 375.0 
60.0 58.0 63.0 64.0 
89.0 60.0 80.0 310.0 
56.0 59.0 59.0 47.0 
139.0 60.0 90.0 320.0 
59.0 58.0 62.0 64.0 
115.0 60.0 79.0 311.0 
55.0 60.0 59.0 47.0 
160.0 375.0 89.0 284.0 
60.0 58.0 62.0 65.0 
105.0 211.0 75.0 258.0 
55.0 59.0 59.0 49.0 
133.0 310.0 85.0 255.0 
60.0 58.0 62.0 67.0 
113.0 231.0 73.0 246.0 
54.0 59.0 59.0 48.0 
150.0 330.0 86.0 238.0 
59.0 57.0 63.0 66.0 
118.0 242.0 74.0 234.0 
55.0 60.0 59.0 50.0 
150.0 401.0 89.0 243.0 
60.0 58.0 63.0 65.0 
128.0 326.0 73.0 203.0 
54.0 59.0 58.0 52.0 
148.0 397.0 85.0 233.0 
59.0 58.0 62.0 65.0 
123.0 285.0 72.0 190.0 
60.0 59.0 59.0 51.0 
138.0 366.0 79.0 194.0 
59.0 62.0 62.0 65.0 
98.0 326.0 68.0 145.0 
56.0 49.0 60.0 56.0 
145.0 401.0 80.0 192.0 
59.0 60.0 62.0 65.0 
115.0 344.0 68.0 145.0 
56.0 47.0 60.0 56.0 
160.0 454.0 81.0 196.0 
59.0 62.0 61.0 65.0 
105.0 290.0 67.0 126.0 
56.0 48.0 59.0 57.0 
165.0 452.0 80.0 196.0 
59.0 64.0 61.0 66.0 
101.0 284.0 66.0 121.0 
56.0 50.0 61.0 58.0 
164.0 440.0 78.0 176.0 
60.0 64.0 60.0 66.0 
94.0 242.0 64.0 108.0 
57.0 51.0 59.0 60.0 
176.0 461.0 79.0 169.0 
60.0 64.0 61.0 66.0 
108.0 305.0 66.0 118.0 
56.0 49.0 60.0 59.0 
201.0 531.0 81.0 178.0 
62.0 67.0 62.0 68.0 
108.0 309.0 65.0 111.0 
56.0 49.0 59.0 58.0 
223.0 531.0 68.0 180.0 
63.0 71.0 59.0 71.0 
113.0 263.0 61.0 104.0 
56.0 49.0 60.0 58.0 
239.0 527.0 68.0 181.0 
65.0 75.0 59.0 72.0 
109.0 338.0 62.0 122.0 
52.0 42.0 60.0 55.0 
304.0 561.0 69.0 183.0 
66.0 76.0 58.0 72.0 
197.0 308.0 62.0 115.0 
50.0 42.0 60.0 55.0 
297.0 483.0 68.0 167.0 
68.0 77.0 59.0 72.0 
178.0 300.0 61.0 113.0 
50.0 42.0 60.0 55.0 
300.0 402.0 66.0 147.0 
70.0 75.0 59.0 71.0 
187.0 286.0 61.0 106.0 
49.0 44.0 60.0 56.0 
354.0 386.0 68.0 141.0 
71.0 75.0 59.0 70.0 
154.0 218.0 61.0 93.0 
48.0 46.0 60.0 57.0 
400.0 383.0 71.0 129.0 
75.0 76.0 60.0 69.0 
190.0 231.0 60.0 91.0 
46.0 48.0 59.0 57.0 
416.0 318.0 68.0 119.0 
78.0 76.0 58.0 69.0 
192.0 210.0 60.0 89.0 
45.0 48.0 60.0 57.0 
415.0 292.0 71.0 114.0 
78.0 74.0 60.0 69.0 
185.0 178.0 62.0 85.0 
46.0 49.0 59.0 57.0 
399.0 247.0 75.0 105.0 
85.0 74.0 60.0 69.0 
282.0 164.0 63.0 86.0 
42.0 50.0 59.0 58.0 
397.0 204.0 82.0 100.0 
88.0 74.0 62.0 69.0 
275.0 158.0 64.0 87.0 
43.0 52.0 59.0 58.0 
426.0 180.0 80.0 99.0 
91.0 71.0 61.0 69.0 
269.0 125.0 62.0 82.0 
42.0 54.0 59.0 59.0 
372.0 155.0 79.0 95.0 
92.0 70.0 62.0 68.0 
298.0 125.0 65.0 85.0 
44.0 55.0 59.0 57.0 
365.0 144.0 90.0 91.0 
91.0 68.0 64.0 68.0 
261.0 104.0 65.0 78.0 
75.0 63.0 60.0 62.0 
375.0 142.0 100.0 90.0 
87.0 67.0 65.0 67.0 
246.0 98.0 67.0 77.0 
76.0 64.0 61.0 62.0 
476.0 155.0 106.0 97.0 
88.0 66.0 67.0 67.0 
194.0 90.0 82.0 75.0 
71.0 63.0 65.0 63.0 
455.0 146.0 121.0 93.0 
85.0 66.0 72.0 65.0 
191.0 85.0 97.0 74.0 
71.0 63.0 70.0 63.0 
485.0 147.0 148.0 94.0 
82.0 64.0 74.0 66.0 
170.0 83.0 101.0 74.0 
66.0 63.0 73.0 64.0 
438.0 137.0 166.0 92.0 
95.0 67.0 81.0 66.0 
80.0 64.0 75.0 63.0 
95.0 68.0 83.0 67.0 
366.0 124.0 190.0 90.0 
96.0 66.0 81.0 66.0 
103.0 67.0 78.0 67.0 
103.0 68.0 84.0 67.0 
360.0 118.0 205.0 89.0 
98.0 66.0 82.0 66.0 
127.0 70.0 83.0 67.0 
114.0 70.0 88.0 68.0 
337.0 111.0 212.0 87.0 
78.0 63.0 84.0 64.0 
205.0 86.0 155.0 80.0 
85.0 66.0 100.0 67.0 
319.0 106.0 227.0 87.0 
75.0 62.0 85.0 65.0 
162.0 84.0 216.0 85.0 
78.0 66.0 120.0 69.0 
284.0 100.0 226.0 86.0 
71.0 62.0 91.0 64.0 
135.0 82.0 328.0 92.0 
74.0 66.0 165.0 71.0 
227.0 94.0 231.0 88.0 
68.0 62.0 96.0 65.0 
145.0 92.0 444.0 109.0 
74.0 67.0 198.0 74.0 
206.0 90.0 225.0 87.0 
67.0 61.0 102.0 65.0 
119.0 89.0 486.0 114.0 
70.0 67.0 220.0 77.0 
189.0 87.0 241.0 88.0 
66.0 61.0 102.0 66.0 
109.0 90.0 534.0 123.0 
70.0 66.0 226.0 79.0 
166.0 86.0 267.0 95.0 
62.0 60.0 96.0 65.0 
105.0 91.0 557.0 129.0 
68.0 67.0 228.0 81.0 
145.0 81.0 284.0 99.0 
61.0 60.0 97.0 65.0 
95.0 86.0 585.0 134.0 
67.0 67.0 227.0 82.0 
102.0 75.0 290.0 99.0 
61.0 60.0 97.0 65.0 
86.0 85.0 590.0 141.0 
66.0 67.0 225.0 85.0 
99.0 76.0 309.0 116.0 
61.0 60.0 98.0 67.0 
87.0 88.0 611.0 154.0 
66.0 66.0 224.0 85.0 
101.0 81.0 363.0 133.0 
61.0 60.0 97.0 67.0 
88.0 88.0 619.0 164.0 
65.0 67.0 214.0 86.0 
99.0 79.0 351.0 136.0 
60.0 60.0 97.0 67.0 
88.0 89.0 613.0 170.0 
66.0 67.0 222.0 89.0 
96.0 81.0 363.0 144.0 
60.0 60.0 89.0 65.0 
89.0 91.0 632.0 184.0 
65.0 66.0 209.0 88.0 
99.0 82.0 363.0 151.0 
60.0 59.0 89.0 66.0 
89.0 92.0 643.0 187.0 
66.0 67.0 210.0 92.0 
101.0 91.0 407.0 203.0 
60.0 60.0 87.0 66.0 
89.0 94.0 623.0 206.0 
66.0 68.0 222.0 99.0 
103.0 98.0 402.0 243.0 
60.0 60.0 85.0 67.0 
90.0 98.0 622.0 247.0 
65.0 68.0 213.0 107.0 
112.0 61.0 346.0 256.0 
61.0 58.0 87.0 70.0 
105.0 65.0 610.0 297.0 
69.0 59.0 207.0 116.0 
108.0 62.0 344.0 279.0 
60.0 59.0 85.0 72.0 
110.0 116.0 621.0 364.0 
69.0 60.0 201.0 127.0 
109.0 62.0 324.0 291.0 
61.0 58.0 80.0 71.0 
113.0 68.0 588.0 434.0 
69.0 60.0 193.0 136.0 
122.0 62.0 364.0 332.0 
60.0 59.0 80.0 72.0 
123.0 71.0 580.0 515.0 
68.0 59.0 180.0 143.0 
126.0 64.0 374.0 351.0 
60.0 58.0 78.0 71.0 
126.0 75.0 554.0 575.0 
69.0 60.0 169.0 152.0 
130.0 63.0 343.0 359.0 
60.0 58.0 77.0 70.0 
128.0 70.0 528.0 611.0 
69.0 59.0 151.0 150.0 
136.0 64.0 334.0 383.0 
60.0 58.0 77.0 71.0 
128.0 68.0 484.0 635.0 
68.0 59.0 138.0 148.0 
143.0 64.0 312.0 430.0 
61.0 58.0 76.0 71.0 
126.0 67.0 445.0 608.0 
68.0 59.0 126.0 132.0 
143.0 64.0 298.0 442.0 
61.0 58.0 75.0 69.0 
129.0 66.0 416.0 625.0 
65.0 60.0 118.0 125.0 
143.0 64.0 285.0 458.0 
61.0 58.0 73.0 67.0 
126.0 66.0 394.0 606.0 
66.0 59.0 116.0 123.0 
148.0 64.0 273.0 464.0 
61.0 58.0 76.0 69.0 
130.0 65.0 384.0 646.0 
65.0 60.0 114.0 121.0 
144.0 63.0 241.0 435.0 
61.0 58.0 75.0 68.0 
133.0 63.0 365.0 673.0 
64.0 59.0 109.0 114.0 
144.0 62.0 227.0 422.0 
60.0 58.0 73.0 67.0 
133.0 64.0 336.0 649.0 
65.0 60.0 104.0 110.0 
141.0 63.0 217.0 422.0 
60.0 58.0 72.0 64.0 
132.0 63.0 327.0 639.0 
63.0 59.0 103.0 99.0 
140.0 62.0 204.0 398.0 
60.0 58.0 72.0 64.0 
137.0 63.0 327.0 678.0 
63.0 59.0 98.0 101.0 
140.0 62.0 194.0 453.0 
61.0 58.0 72.0 64.0 
142.0 62.0 314.0 673.0 
64.0 60.0 97.0 102.0 
151.0 64.0 211.0 466.0 
59.0 59.0 69.0 61.0 
141.0 63.0 303.0 648.0 
64.0 60.0 98.0 113.0 
158.0 64.0 207.0 487.0 
60.0 58.0 70.0 59.0 
144.0 63.0 296.0 640.0 
66.0 60.0 96.0 112.0 
152.0 62.0 169.0 410.0 
59.0 58.0 70.0 60.0 
144.0 63.0 280.0 638.0 
67.0 59.0 98.0 121.0 
160.0 64.0 173.0 466.0 
61.0 59.0 70.0 60.0 
144.0 63.0 257.0 608.0 
65.0 60.0 89.0 112.0 
164.0 63.0 153.0 429.0 
60.0 58.0 69.0 60.0 
161.0 63.0 234.0 644.0 
65.0 59.0 85.0 110.0 
174.0 64.0 155.0 463.0 
61.0 58.0 69.0 60.0 
165.0 63.0 209.0 619.0 
66.0 59.0 86.0 113.0 
180.0 65.0 143.0 503.0 
60.0 58.0 66.0 60.0 
163.0 64.0 177.0 598.0 
65.0 59.0 73.0 102.0 
179.0 65.0 142.0 501.0 
59.0 58.0 66.0 58.0 
171.0 63.0 169.0 596.0 
65.0 60.0 71.0 100.0 
182.0 64.0 129.0 482.0 
58.0 58.0 65.0 57.0 
176.0 67.0 159.0 569.0 
66.0 59.0 69.0 93.0 
183.0 64.0 125.0 460.0 
57.0 58.0 64.0 55.0 
179.0 65.0 145.0 537.0 
67.0 59.0 69.0 97.0 
190.0 62.0 117.0 434.0 
57.0 59.0 64.0 55.0 
183.0 64.0 132.0 497.0 
67.0 59.0 66.0 89.0 
190.0 62.0 108.0 401.0 
57.0 58.0 63.0 56.0 
194.0 64.0 119.0 495.0 
69.0 60.0 65.0 94.0 
199.0 62.0 101.0 366.0 
55.0 58.0 63.0 58.0 
198.0 64.0 112.0 456.0 
72.0 59.0 67.0 96.0 
210.0 61.0 98.0 357.0 
57.0 58.0 63.0 57.0 
194.0 62.0 105.0 426.0 
71.0 60.0 66.0 91.0 
231.0 61.0 97.0 338.0 
57.0 59.0 62.0 57.0 
212.0 62.0 102.0 398.0 
67.0 59.0 64.0 77.0 
234.0 61.0 92.0 326.0 
55.0 58.0 60.0 55.0 
219.0 61.0 97.0 375.0 
67.0 60.0 64.0 80.0 
265.0 61.0 90.0 306.0 
53.0 59.0 59.0 53.0 
246.0 61.0 94.0 344.0 
68.0 60.0 64.0 79.0 
302.0 61.0 87.0 284.0 
54.0 59.0 60.0 57.0 
267.0 61.0 90.0 329.0 
67.0 60.0 62.0 72.0 
332.0 62.0 85.0 270.0 
54.0 58.0 61.0 58.0 
306.0 61.0 91.0 319.0 
71.0 60.0 63.0 74.0 
366.0 63.0 84.0 265.0 
54.0 59.0 59.0 55.0 
347.0 63.0 90.0 319.0 
65.0 60.0 61.0 67.0 
410.0 64.0 85.0 262.0 
50.0 58.0 58.0 54.0 
387.0 63.0 89.0 301.0 
64.0 60.0 61.0 67.0 
466.0 65.0 86.0 252.0 
53.0 58.0 59.0 56.0 
448.0 64.0 88.0 294.0 
69.0 59.0 61.0 70.0 
494.0 65.0 85.0 240.0 
51.0 59.0 59.0 55.0 
461.0 64.0 86.0 271.0 
79.0 60.0 62.0 72.0 
517.0 67.0 82.0 226.0 
51.0 58.0 59.0 56.0 
524.0 66.0 86.0 255.0 
77.0 60.0 62.0 71.0 
522.0 67.0 82.0 217.0 
59.0 58.0 59.0 59.0 
555.0 66.0 83.0 230.0 
75.0 60.0 61.0 69.0 
537.0 67.0 82.0 208.0 
60.0 59.0 59.0 59.0 
598.0 65.0 80.0 214.0 
66.0 60.0 61.0 65.0 
550.0 66.0 81.0 204.0 
59.0 59.0 59.0 59.0 
652.0 63.0 79.0 210.0 
74.0 60.0 60.0 67.0 
536.0 67.0 83.0 199.0 
61.0 58.0 59.0 61.0 
645.0 63.0 79.0 204.0 
82.0 60.0 60.0 65.0 
546.0 67.0 81.0 193.0 
70.0 58.0 60.0 63.0 
615.0 64.0 79.0 193.0 
74.0 60.0 60.0 61.0 
573.0 66.0 80.0 188.0 
70.0 59.0 59.0 62.0 
645.0 64.0 78.0 187.0 
73.0 60.0 60.0 62.0 
557.0 66.0 79.0 183.0 
64.0 59.0 59.0 61.0 
679.0 62.0 77.0 187.0 
78.0 59.0 61.0 63.0 
599.0 65.0 78.0 172.0 
63.0 58.0 60.0 60.0 
587.0 65.0 78.0 171.0 
94.0 60.0 60.0 65.0 
603.0 65.0 78.0 165.0 
66.0 58.0 59.0 61.0 
580.0 65.0 78.0 160.0 
85.0 59.0 60.0 63.0 
625.0 64.0 77.0 157.0 
65.0 58.0 59.0 61.0 
689.0 63.0 76.0 167.0 
84.0 59.0 60.0 63.0 
606.0 65.0 76.0 149.0 
54.0 58.0 59.0 59.0 
676.0 63.0 77.0 161.0 
81.0 60.0 60.0 62.0 
611.0 65.0 75.0 150.0 
58.0 59.0 59.0 60.0 
673.0 64.0 76.0 167.0 
77.0 59.0 60.0 62.0 
553.0 66.0 77.0 138.0 
53.0 58.0 59.0 60.0 
663.0 64.0 75.0 152.0 
84.0 60.0 59.0 63.0 
531.0 67.0 76.0 131.0 
38.0 58.0 59.0 56.0 
627.0 64.0 74.0 138.0 
87.0 60.0 59.0 64.0 
562.0 65.0 75.0 130.0 
38.0 58.0 59.0 56.0 
566.0 66.0 75.0 130.0 
87.0 60.0 60.0 63.0 
536.0 67.0 76.0 126.0 
39.0 58.0 58.0 57.0 
544.0 65.0 75.0 126.0 
88.0 59.0 60.0 63.0 
534.0 67.0 76.0 124.0 
38.0 58.0 59.0 56.0 
579.0 65.0 76.0 127.0 
86.0 59.0 60.0 63.0 
516.0 66.0 75.0 120.0 
39.0 58.0 59.0 57.0 
563.0 66.0 77.0 123.0 
86.0 59.0 60.0 63.0 
483.0 66.0 73.0 114.0 
39.0 58.0 59.0 57.0 
533.0 67.0 76.0 119.0 
92.0 60.0 60.0 63.0 
437.0 64.0 71.0 109.0 
39.0 58.0 58.0 57.0 
504.0 66.0 76.0 114.0 
77.0 60.0 60.0 62.0 
396.0 63.0 69.0 104.0 
41.0 59.0 58.0 57.0 
470.0 65.0 73.0 110.0 
61.0 60.0 60.0 59.0 
363.0 62.0 68.0 101.0 
42.0 58.0 60.0 57.0 
433.0 64.0 72.0 107.0 
61.0 60.0 60.0 60.0 
350.0 62.0 67.0 99.0 
43.0 59.0 58.0 58.0 
361.0 62.0 70.0 98.0 
62.0 60.0 60.0 60.0 
339.0 61.0 68.0 97.0 
44.0 59.0 59.0 57.0 
325.0 61.0 68.0 95.0 
54.0 60.0 60.0 60.0 
326.0 61.0 67.0 94.0 
45.0 58.0 58.0 58.0 
278.0 60.0 67.0 90.0 
53.0 60.0 60.0 60.0 
317.0 61.0 67.0 93.0 
46.0 58.0 59.0 57.0 
234.0 59.0 67.0 86.0 
59.0 60.0 60.0 61.0 
309.0 60.0 67.0 92.0 
48.0 58.0 58.0 58.0 
196.0 59.0 66.0 85.0 
53.0 60.0 60.0 59.0 
306.0 61.0 66.0 92.0 
48.0 58.0 59.0 58.0 
172.0 59.0 64.0 81.0 
48.0 59.0 60.0 58.0 
297.0 61.0 66.0 91.0 
50.0 59.0 59.0 58.0 
153.0 61.0 63.0 76.0 
48.0 59.0 60.0 58.0 
284.0 60.0 66.0 90.0 
49.0 59.0 59.0 58.0 
139.0 59.0 64.0 75.0 
49.0 60.0 60.0 59.0 
281.0 61.0 67.0 89.0 
51.0 59.0 59.0 57.0 
119.0 59.0 64.0 73.0 
50.0 59.0 60.0 58.0 
258.0 61.0 66.0 88.0 
51.0 59.0 58.0 58.0 
99.0 59.0 63.0 69.0 
51.0 60.0 60.0 59.0 
250.0 60.0 66.0 86.0 
52.0 58.0 60.0 57.0 
92.0 59.0 62.0 70.0 
52.0 60.0 60.0 60.0 
234.0 60.0 65.0 85.0 
52.0 59.0 59.0 58.0 
90.0 59.0 63.0 71.0 
52.0 60.0 60.0 59.0 
202.0 60.0 64.0 82.0 
53.0 59.0 59.0 59.0 
87.0 59.0 63.0 72.0 
53.0 60.0 60.0 59.0 
159.0 60.0 64.0 78.0 
58.0 59.0 59.0 59.0 
61.0 59.0 61.0 61.0 
58.0 59.0 60.0 59.0 
128.0 59.0 64.0 74.0 
59.0 59.0 59.0 59.0 
61.0 60.0 60.0 61.0 
60.0 60.0 60.0 60.0 
159.0 60.0 64.0 77.0 
58.0 59.0 59.0 60.0 
61.0 59.0 61.0 61.0 
59.0 59.0 61.0 60.0 
98.0 59.0 65.0 71.0 
58.0 58.0 59.0 59.0 
60.0 59.0 60.0 60.0 
60.0 60.0 60.0 60.0 
97.0 59.0 66.0 73.0 
58.0 59.0 59.0 59.0 
60.0 59.0 60.0 60.0 
59.0 61.0 60.0 60.0 
94.0 59.0 65.0 73.0 
59.0 59.0 59.0 59.0 
59.0 59.0 60.0 60.0 
60.0 60.0 61.0 60.0 
93.0 59.0 65.0 72.0 
58.0 58.0 58.0 60.0 
58.0 59.0 61.0 59.0 
60.0 60.0 60.0 60.0 
94.0 59.0 64.0 70.0 
59.0 58.0 59.0 59.0 
58.0 59.0 60.0 60.0 
58.0 60.0 60.0 60.0 
93.0 59.0 65.0 72.0 
59.0 58.0 59.0 59.0 
59.0 59.0 60.0 60.0 
60.0 60.0 60.0 60.0 
93.0 59.0 65.0 73.0 
59.0 59.0 58.0 59.0 
59.0 60.0 60.0 60.0 
60.0 59.0 60.0 60.0 
89.0 60.0 65.0 72.0 
59.0 58.0 59.0 59.0 
59.0 59.0 60.0 60.0 
60.0 59.0 61.0 60.0 
88.0 59.0 65.0 71.0 
59.0 59.0 59.0 59.0 
58.0 59.0 60.0 60.0 
60.0 60.0 59.0 60.0 
87.0 59.0 66.0 73.0 
59.0 58.0 59.0 59.0 
59.0 59.0 60.0 60.0 
60.0 60.0 60.0 60.0 
88.0 59.0 66.0 72.0 
59.0 58.0 59.0 59.0 
59.0 59.0 59.0 60.0 
60.0 59.0 60.0 60.0 
83.0 59.0 65.0 72.0 
59.0 58.0 59.0 59.0 
58.0 59.0 60.0 60.0 
60.0 59.0 60.0 59.0 
83.0 59.0 65.0 72.0 
59.0 59.0 59.0 59.0 
59.0 59.0 60.0 60.0 
61.0 60.0 60.0 60.0 
83.0 60.0 65.0 72.0 
59.0 59.0 59.0 59.0 
59.0 59.0 59.0 60.0 
60.0 60.0 60.0 60.0 
82.0 59.0 64.0 70.0 
59.0 59.0 59.0 59.0 
59.0 59.0 60.0 60.0 
60.0 60.0 59.0 60.0 
77.0 58.0 64.0 69.0 
59.0 59.0 59.0 60.0 
60.0 59.0 60.0 60.0 
61.0 60.0 60.0 60.0 
69.0 59.0 64.0 67.0 
59.0 59.0 59.0 59.0 
60.0 59.0 60.0 60.0 
61.0 60.0 60.0 59.0 
70.0 60.0 65.0 70.0 
59.0 58.0 59.0 59.0 
60.0 59.0 60.0 60.0 
61.0 60.0 60.0 60.0 
65.0 59.0 63.0 67.0 
59.0 58.0 60.0 59.0 
60.0 59.0 59.0 61.0 
60.0 60.0 60.0 60.0 
76.0 59.0 62.0 68.0 
60.0 59.0 59.0 59.0 
59.0 59.0 60.0 60.0 
61.0 60.0 60.0 60.0 
77.0 59.0 63.0 69.0 
59.0 58.0 59.0 59.0 
60.0 58.0 60.0 61.0 
61.0 60.0 60.0 60.0 
74.0 59.0 64.0 69.0 
61.0 59.0 59.0 59.0 
59.0 59.0 59.0 60.0 
60.0 60.0 60.0 60.0 
74.0 59.0 62.0 68.0 
59.0 58.0 59.0 59.0 
59.0 59.0 60.0 60.0 
60.0 61.0 59.0 60.0 
77.0 60.0 62.0 68.0 
60.0 59.0 59.0 59.0 
59.0 59.0 61.0 60.0 
61.0 60.0 60.0 60.0 
78.0 59.0 62.0 68.0 
59.0 59.0 59.0 59.0 
59.0 59.0 60.0 60.0 
60.0 60.0 60.0 60.0 
79.0 59.0 63.0 68.0 
59.0 58.0 59.0 59.0 
60.0 59.0 60.0 60.0 
61.0 59.0 60.0 60.0 
79.0 59.0 64.0 69.0 
58.0 58.0 59.0 59.0 
59.0 59.0 60.0 60.0 
60.0 60.0 60.0 60.0 
79.0 59.0 63.0 69.0 
59.0 59.0 59.0 60.0 
60.0 59.0 60.0 60.0 
61.0 59.0 60.0 59.0 
79.0 59.0 63.0 68.0 
59.0 58.0 59.0 59.0 
59.0 59.0 60.0 60.0 
61.0 60.0 60.0 60.0 
80.0 60.0 63.0 68.0 
59.0 59.0 59.0 59.0 
60.0 59.0 60.0 60.0 
60.0 60.0 60.0 60.0 
79.0 59.0 63.0 68.0 
59.0 59.0 59.0 60.0 
60.0 59.0 60.0 60.0 
61.0 60.0 61.0 61.0 
79.0 59.0 63.0 69.0 
59.0 58.0 59.0 59.0 
59.0 59.0 61.0 60.0 
60.0 60.0 61.0 60.0 
79.0 60.0 64.0 69.0 
59.0 59.0 59.0 59.0 
59.0 58.0 60.0 60.0 
60.0 60.0 60.0 60.0 
79.0 59.0 64.0 70.0 
58.0 58.0 59.0 59.0 
59.0 59.0 60.0 60.0 
61.0 59.0 60.0 60.0 
80.0 59.0 63.0 70.0 
60.0 59.0 60.0 59.0 
59.0 60.0 60.0 60.0 
60.0 59.0 60.0 61.0 
80.0 59.0 63.0 69.0 
60.0 59.0 61.0 59.0 
59.0 59.0 60.0 60.0 
61.0 60.0 60.0 60.0 
81.0 59.0 64.0 70.0 
59.0 59.0 59.0 59.0 
59.0 59.0 60.0 60.0 
60.0 60.0 60.0 60.0 
81.0 59.0 64.0 71.0 
59.0 58.0 59.0 59.0 
59.0 59.0 60.0 61.0 
61.0 60.0 60.0 61.0 
80.0 59.0 64.0 70.0 
59.0 59.0 59.0 60.0 
60.0 59.0 59.0 60.0 
60.0 60.0 61.0 60.0 
81.0 59.0 65.0 71.0 
59.0 58.0 59.0 59.0 
59.0 59.0 60.0 60.0 
60.0 60.0 60.0 60.0 
82.0 59.0 64.0 71.0 
58.0 59.0 59.0 59.0 
59.0 59.0 60.0 60.0 
60.0 60.0 60.0 60.0 
82.0 59.0 64.0 72.0 
59.0 58.0 59.0 59.0 
59.0 59.0 59.0 60.0 
60.0 59.0 60.0 60.0 
81.0 60.0 64.0 71.0 
59.0 58.0 59.0 59.0 
59.0 59.0 60.0 60.0 
60.0 60.0 60.0 59.0 
79.0 59.0 66.0 71.0 
59.0 59.0 59.0 59.0 
59.0 57.0 60.0 60.0 
60.0 60.0 60.0 60.0 
78.0 59.0 64.0 70.0 
59.0 58.0 59.0 60.0 
60.0 59.0 60.0 60.0 
60.0 60.0 59.0 60.0 
78.0 59.0 65.0 71.0 
59.0 59.0 59.0 59.0 
59.0 59.0 60.0 60.0 
60.0 60.0 61.0 60.0 
79.0 59.0 64.0 70.0 
59.0 58.0 59.0 59.0 
59.0 60.0 60.0 60.0 
60.0 60.0 60.0 60.0 
78.0 59.0 64.0 69.0 
59.0 57.0 59.0 59.0 
59.0 59.0 60.0 60.0 
60.0 59.0 61.0 60.0 
79.0 59.0 65.0 70.0 
59.0 59.0 58.0 59.0 
59.0 59.0 60.0 60.0 
60.0 59.0 60.0 60.0 
79.0 58.0 64.0 70.0 
59.0 58.0 59.0 59.0 
59.0 59.0 60.0 60.0 
60.0 60.0 60.0 60.0 
80.0 59.0 64.0 70.0 
59.0 58.0 58.0 60.0 
60.0 59.0 60.0 61.0 
60.0 60.0 60.0 60.0 
79.0 59.0 64.0 70.0 
59.0 59.0 59.0 59.0 
59.0 60.0 60.0 60.0 
60.0 60.0 60.0 60.0 
78.0 59.0 64.0 71.0 
59.0 58.0 59.0 59.0 
59.0 59.0 60.0 60.0 
60.0 60.0 60.0 60.0 
79.0 60.0 64.0 71.0 
60.0 58.0 58.0 59.0 
59.0 59.0 60.0 61.0 
61.0 60.0 60.0 59.0 
81.0 60.0 64.0 70.0 
59.0 59.0 59.0 59.0 
58.0 60.0 60.0 60.0 
60.0 59.0 60.0 60.0 
77.0 60.0 64.0 69.0 
59.0 59.0 59.0 58.0 
59.0 59.0 60.0 60.0 
60.0 59.0 60.0 60.0 
76.0 60.0 64.0 70.0 
59.0 58.0 59.0 59.0 
59.0 58.0 60.0 60.0 
60.0 60.0 60.0 60.0 
80.0 59.0 65.0 69.0 
59.0 59.0 59.0 58.0 
60.0 59.0 60.0 60.0 
60.0 60.0 60.0 61.0 
80.0 59.0 64.0 70.0 
60.0 58.0 59.0 59.0 
60.0 58.0 60.0 60.0 
60.0 59.0 60.0 60.0 
80.0 59.0 64.0 71.0 
59.0 59.0 59.0 59.0 
59.0 59.0 60.0 60.0 
61.0 60.0 60.0 60.0 
80.0 59.0 64.0 70.0 
59.0 59.0 59.0 59.0 
59.0 59.0 59.0 60.0 
60.0 60.0 60.0 60.0 
80.0 59.0 64.0 71.0 
59.0 58.0 59.0 60.0 
59.0 58.0 60.0 61.0 
60.0 60.0 59.0 60.0 
81.0 59.0 65.0 70.0 
59.0 58.0 59.0 60.0 
59.0 60.0 60.0 59.0 
60.0 59.0 60.0 60.0 
79.0 59.0 64.0 70.0 
59.0 59.0 58.0 59.0 
59.0 59.0 60.0 60.0 
60.0 60.0 59.0 60.0 
79.0 60.0 64.0 70.0 
59.0 58.0 59.0 59.0 
59.0 59.0 60.0 60.0 
61.0 60.0 60.0 60.0 
80.0 59.0 64.0 70.0 
59.0 59.0 59.0 59.0 
59.0 59.0 59.0 60.0 
60.0 59.0 60.0 60.0 
79.0 59.0 64.0 70.0 
59.0 59.0 58.0 60.0 
59.0 59.0 60.0 60.0 
61.0 60.0 60.0 59.0 
79.0 59.0 64.0 71.0 
59.0 59.0 60.0 59.0 
60.0 59.0 60.0 60.0 
60.0 60.0 59.0 60.0 
79.0 59.0 63.0 70.0 
59.0 59.0 59.0 59.0 
59.0 58.0 60.0 60.0 
60.0 59.0 59.0 61.0 
79.0 59.0 64.0 70.0 
59.0 59.0 59.0 59.0 
59.0 59.0 60.0 60.0 
61.0 59.0 59.0 60.0 
78.0 59.0 64.0 70.0 
60.0 59.0 59.0 59.0 
59.0 59.0 60.0 60.0 
61.0 60.0 60.0 60.0 
78.0 59.0 64.0 70.0 
59.0 59.0 59.0 59.0 
59.0 59.0 60.0 60.0 
61.0 60.0 60.0 59.0 
77.0 60.0 64.0 70.0 
59.0 59.0 59.0 59.0 
59.0 59.0 60.0 60.0 
60.0 60.0 61.0 60.0 
78.0 59.0 64.0 70.0 
59.0 59.0 59.0 59.0 
59.0 59.0 60.0 60.0 
60.0 59.0 60.0 60.0 
79.0 59.0 63.0 70.0 
59.0 58.0 59.0 59.0 
59.0 59.0 60.0 60.0 
60.0 60.0 60.0 60.0 
78.0 60.0 64.0 70.0 
59.0 59.0 59.0 59.0 
58.0 59.0 61.0 60.0 
61.0 59.0 60.0 60.0 
80.0 60.0 65.0 70.0 
60.0 58.0 59.0 59.0 
59.0 59.0 59.0 60.0 
60.0 60.0 60.0 60.0 
79.0 60.0 63.0 71.0 
59.0 59.0 59.0 59.0 
59.0 59.0 60.0 60.0 
60.0 59.0 60.0 60.0 
79.0 58.0 64.0 70.0 
59.0 59.0 59.0 59.0 
59.0 60.0 59.0 60.0 
60.0 59.0 60.0 60.0 
77.0 59.0 64.0 70.0 
60.0 59.0 59.0 59.0 
59.0 59.0 60.0 61.0 
60.0 60.0 59.0 60.0 
77.0 59.0 64.0 69.0 
59.0 59.0 59.0 59.0 
59.0 59.0 60.0 60.0 
60.0 60.0 61.0 60.0 
78.0 59.0 64.0 70.0 
59.0 58.0 59.0 59.0 
59.0 60.0 60.0 60.0 
61.0 59.0 60.0 60.0 
76.0 59.0 64.0 70.0 
59.0 58.0 59.0 60.0 
59.0 59.0 60.0 60.0 
60.0 60.0 60.0 60.0 
77.0 60.0 64.0 70.0 
59.0 59.0 59.0 59.0 
60.0 59.0 61.0 60.0 
60.0 60.0 60.0 60.0 
77.0 59.0 65.0 69.0 
59.0 58.0 59.0 59.0 
59.0 61.0 60.0 60.0 
60.0 60.0 60.0 60.0 
78.0 59.0 64.0 70.0 
59.0 58.0 59.0 59.0 
60.0 59.0 60.0 61.0 
60.0 60.0 60.0 61.0 
78.0 59.0 64.0 70.0 
59.0 59.0 59.0 59.0 
58.0 60.0 60.0 60.0 
61.0 60.0 61.0 60.0 
78.0 59.0 64.0 70.0 
59.0 59.0 58.0 59.0 
59.0 60.0 60.0 60.0 
62.0 60.0 60.0 60.0 
76.0 59.0 64.0 70.0 
59.0 58.0 59.0 60.0 
59.0 59.0 60.0 60.0 
60.0 60.0 60.0 60.0 
75.0 59.0 64.0 70.0 
59.0 59.0 59.0 59.0 
59.0 60.0 59.0 60.0 
60.0 59.0 60.0 60.0 
76.0 60.0 64.0 69.0 
59.0 59.0 59.0 59.0 
59.0 58.0 60.0 60.0 
60.0 60.0 60.0 60.0 
77.0 59.0 63.0 70.0 
60.0 58.0 59.0 60.0 
60.0 60.0 61.0 60.0 
60.0 60.0 59.0 59.0 
78.0 59.0 64.0 70.0 
60.0 59.0 59.0 59.0 
59.0 59.0 61.0 60.0 
60.0 60.0 60.0 60.0 
77.0 60.0 63.0 70.0 
59.0 58.0 59.0 59.0 
59.0 59.0 61.0 60.0 
61.0 60.0 61.0 60.0 
76.0 59.0 64.0 70.0 
60.0 58.0 59.0 59.0 
59.0 59.0 60.0 59.0 
61.0 61.0 60.0 61.0 
77.0 59.0 64.0 69.0 
59.0 58.0 59.0 59.0 
59.0 59.0 60.0 61.0 
61.0 60.0 60.0 60.0 
77.0 60.0 64.0 70.0 
59.0 58.0 59.0 59.0 
60.0 59.0 62.0 60.0 
61.0 59.0 60.0 60.0 
78.0 60.0 64.0 69.0 
60.0 58.0 59.0 59.0 
59.0 60.0 60.0 60.0 
60.0 60.0 60.0 60.0 
77.0 60.0 64.0 70.0 
59.0 59.0 60.0 60.0 
60.0 59.0 62.0 60.0 
60.0 60.0 60.0 60.0 
77.0 59.0 64.0 70.0 
59.0 59.0 61.0 59.0 
59.0 59.0 60.0 60.0 
60.0 60.0 60.0 60.0 
77.0 59.0 64.0 70.0 
59.0 58.0 59.0 59.0 
59.0 59.0 61.0 60.0 
59.0 60.0 60.0 60.0 
76.0 59.0 64.0 70.0 
60.0 59.0 60.0 59.0 
59.0 59.0 60.0 60.0 
61.0 60.0 60.0 60.0 
76.0 59.0 63.0 69.0 
59.0 59.0 59.0 60.0 
60.0 60.0 60.0 60.0 
60.0 60.0 60.0 60.0 
77.0 60.0 64.0 70.0 
60.0 59.0 59.0 59.0 
59.0 58.0 60.0 60.0 
60.0 60.0 61.0 60.0 
76.0 59.0 64.0 70.0 
59.0 59.0 59.0 60.0 
60.0 59.0 60.0 61.0 
60.0 59.0 60.0 60.0 
76.0 60.0 64.0 70.0 
59.0 59.0 59.0 59.0 
60.0 59.0 60.0 60.0 
61.0 60.0 61.0 60.0 
77.0 60.0 64.0 69.0 
59.0 59.0 59.0 59.0 
59.0 59.0 61.0 60.0 
60.0 59.0 60.0 61.0 
78.0 59.0 64.0 70.0 
59.0 59.0 59.0 59.0 
59.0 60.0 60.0 60.0 
61.0 59.0 60.0 58.0 
78.0 60.0 64.0 70.0 
59.0 58.0 59.0 59.0 
60.0 59.0 60.0 60.0 
60.0 60.0 61.0 60.0 
79.0 59.0 64.0 70.0 
60.0 59.0 59.0 59.0 
60.0 59.0 60.0 60.0 
60.0 60.0 60.0 60.0 
79.0 59.0 64.0 70.0 
59.0 59.0 59.0 60.0 
59.0 60.0 60.0 61.0 
61.0 60.0 60.0 60.0 
79.0 59.0 64.0 68.0 
59.0 59.0 59.0 60.0 
60.0 59.0 60.0 60.0 
60.0 59.0 60.0 60.0 
79.0 60.0 64.0 70.0 
60.0 59.0 59.0 59.0 
59.0 59.0 59.0 60.0 
60.0 60.0 61.0 60.0 
78.0 59.0 64.0 69.0 
60.0 59.0 59.0 59.0 
59.0 59.0 60.0 61.0 
61.0 60.0 60.0 60.0 
76.0 60.0 64.0 69.0 
59.0 59.0 59.0 59.0 
60.0 60.0 60.0 61.0 
60.0 60.0 60.0 60.0 
76.0 59.0 63.0 69.0 
59.0 59.0 59.0 60.0 
59.0 59.0 61.0 60.0 
60.0 60.0 59.0 60.0 
75.0 59.0 64.0 69.0 
60.0 59.0 60.0 59.0 
59.0 59.0 60.0 60.0 
60.0 60.0 60.0 60.0 
74.0 59.0 64.0 69.0 
60.0 58.0 60.0 60.0 
60.0 59.0 60.0 60.0 
61.0 60.0 60.0 60.0 
75.0 59.0 64.0 69.0 
59.0 59.0 60.0 60.0 
59.0 60.0 60.0 61.0 
61.0 60.0 60.0 60.0 
76.0 60.0 64.0 69.0 
59.0 58.0 59.0 59.0 
59.0 59.0 60.0 61.0 
61.0 60.0 61.0 60.0 
76.0 59.0 63.0 69.0 
59.0 59.0 60.0 59.0 
59.0 59.0 60.0 60.0 
60.0 60.0 60.0 60.0 
76.0 59.0 64.0 69.0 
59.0 59.0 59.0 59.0 
59.0 60.0 60.0 60.0 
60.0 60.0 60.0 60.0 
76.0 60.0 64.0 69.0 
59.0 58.0 59.0 59.0 
59.0 59.0 61.0 60.0 
60.0 60.0 60.0 60.0 
77.0 59.0 64.0 70.0 
60.0 59.0 58.0 60.0 
59.0 58.0 60.0 59.0 
60.0 60.0 59.0 60.0 
75.0 59.0 64.0 69.0 
59.0 60.0 59.0 59.0 
60.0 59.0 59.0 61.0 
61.0 60.0 60.0 60.0 
74.0 59.0 64.0 69.0 
60.0 59.0 59.0 59.0 
60.0 60.0 60.0 61.0 
61.0 60.0 60.0 60.0 
73.0 59.0 64.0 68.0 
59.0 58.0 59.0 59.0 
60.0 59.0 60.0 60.0 
60.0 60.0 60.0 60.0 
77.0 60.0 64.0 69.0 
60.0 58.0 59.0 59.0 
59.0 59.0 60.0 60.0 
61.0 60.0 61.0 60.0 
76.0 59.0 64.0 69.0 
59.0 59.0 60.0 59.0 
60.0 59.0 60.0 60.0 
61.0 60.0 61.0 60.0 
76.0 60.0 64.0 69.0 
59.0 58.0 59.0 59.0 
58.0 59.0 60.0 60.0 
59.0 60.0 60.0 60.0 
75.0 59.0 64.0 69.0 
59.0 58.0 59.0 59.0 
60.0 59.0 60.0 60.0 
60.0 60.0 60.0 60.0 
75.0 60.0 64.0 69.0 
59.0 58.0 59.0 59.0 
60.0 59.0 60.0 61.0 
60.0 60.0 60.0 60.0 
75.0 59.0 63.0 69.0 
59.0 59.0 60.0 59.0 
59.0 61.0 60.0 60.0 
60.0 59.0 60.0 60.0 
76.0 59.0 64.0 70.0 
60.0 59.0 59.0 59.0 
60.0 59.0 60.0 60.0 
60.0 60.0 60.0 60.0 
76.0 59.0 64.0 70.0 
60.0 59.0 60.0 60.0 
60.0 59.0 60.0 60.0 
60.0 61.0 61.0 60.0 
76.0 59.0 64.0 69.0 
60.0 58.0 60.0 59.0 
60.0 60.0 60.0 60.0 
61.0 59.0 60.0 60.0 
76.0 60.0 64.0 70.0 
60.0 59.0 59.0 59.0 
59.0 59.0 61.0 60.0 
60.0 60.0 60.0 61.0 
76.0 59.0 64.0 69.0 
59.0 59.0 60.0 59.0 
60.0 59.0 60.0 60.0 
60.0 60.0 61.0 60.0 
76.0 59.0 64.0 70.0 
59.0 58.0 59.0 59.0 
60.0 58.0 60.0 60.0 
60.0 60.0 60.0 60.0 
76.0 60.0 64.0 70.0 
59.0 58.0 58.0 60.0 
59.0 60.0 61.0 60.0 
60.0 60.0 60.0 60.0 
76.0 59.0 64.0 70.0 
60.0 59.0 59.0 59.0 
60.0 59.0 61.0 60.0 
60.0 60.0 60.0 60.0 
77.0 59.0 64.0 70.0 
60.0 59.0 59.0 59.0 
60.0 59.0 61.0 60.0 
60.0 60.0 60.0 61.0 
78.0 60.0 64.0 70.0 
60.0 58.0 59.0 59.0 
60.0 59.0 60.0 60.0 
61.0 60.0 61.0 60.0 
78.0 59.0 64.0 70.0 
59.0 58.0 59.0 59.0 
60.0 59.0 60.0 60.0 
60.0 60.0 59.0 61.0 
77.0 59.0 63.0 71.0 
60.0 59.0 60.0 60.0 
60.0 59.0 60.0 61.0 
61.0 60.0 60.0 61.0 
77.0 59.0 64.0 70.0 
60.0 59.0 59.0 59.0 
59.0 60.0 61.0 61.0 
60.0 60.0 60.0 60.0 
77.0 60.0 64.0 70.0 
59.0 59.0 59.0 59.0 
59.0 59.0 61.0 60.0 
60.0 60.0 61.0 60.0 
78.0 59.0 65.0 70.0 
59.0 58.0 59.0 60.0 
59.0 59.0 60.0 60.0 
60.0 60.0 60.0 60.0 
77.0 59.0 64.0 70.0 
59.0 58.0 59.0 59.0 
60.0 59.0 61.0 60.0 
61.0 60.0 60.0 60.0 
77.0 59.0 64.0 70.0 
59.0 59.0 60.0 59.0 
60.0 58.0 61.0 60.0 
60.0 60.0 60.0 60.0 
77.0 60.0 64.0 70.0 
59.0 59.0 59.0 59.0 
59.0 60.0 60.0 60.0 
60.0 60.0 61.0 60.0 
77.0 59.0 64.0 70.0 
60.0 58.0 59.0 60.0 
59.0 60.0 60.0 60.0 
60.0 60.0 60.0 60.0 
76.0 60.0 64.0 69.0 
60.0 59.0 59.0 59.0 
60.0 59.0 60.0 60.0 
60.0 60.0 60.0 60.0 
77.0 59.0 64.0 71.0 
59.0 59.0 59.0 60.0 
59.0 59.0 60.0 60.0 
60.0 60.0 60.0 60.0 
77.0 59.0 65.0 69.0 
59.0 59.0 59.0 59.0 
60.0 59.0 60.0 60.0 
61.0 60.0 60.0 60.0 
78.0 59.0 64.0 70.0 
59.0 59.0 59.0 59.0 
59.0 59.0 60.0 60.0 
60.0 60.0 60.0 60.0 
78.0 59.0 64.0 69.0 
60.0 59.0 59.0 59.0 
59.0 59.0 60.0 60.0 
60.0 60.0 60.0 60.0 
78.0 60.0 64.0 70.0 
59.0 58.0 59.0 59.0 
60.0 59.0 60.0 60.0 
61.0 60.0 60.0 60.0 
79.0 60.0 64.0 69.0 
59.0 59.0 59.0 59.0 
60.0 60.0 60.0 60.0 
60.0 60.0 60.0 59.0 
79.0 59.0 65.0 70.0 
60.0 58.0 60.0 59.0 
59.0 59.0 60.0 60.0 
61.0 60.0 60.0 60.0 
77.0 59.0 65.0 71.0 
59.0 59.0 59.0 59.0 
60.0 59.0 61.0 60.0 
60.0 60.0 60.0 61.0 
76.0 59.0 64.0 69.0 
59.0 59.0 59.0 60.0 
60.0 59.0 60.0 61.0 
61.0 60.0 60.0 60.0 
75.0 59.0 64.0 69.0 
60.0 58.0 59.0 59.0 
59.0 59.0 60.0 61.0 
61.0 60.0 60.0 60.0 
75.0 60.0 64.0 70.0 
59.0 59.0 59.0 59.0 
59.0 59.0 59.0 60.0 
60.0 60.0 61.0 60.0 
76.0 59.0 64.0 69.0 
59.0 59.0 59.0 60.0 
60.0 59.0 60.0 60.0 
60.0 60.0 60.0 60.0 
76.0 59.0 65.0 69.0 
60.0 59.0 59.0 59.0 
60.0 59.0 61.0 60.0 
60.0 60.0 59.0 60.0 
76.0 60.0 64.0 69.0 
59.0 59.0 59.0 59.0 
59.0 59.0 60.0 61.0 
60.0 60.0 60.0 60.0 
77.0 59.0 65.0 69.0 
59.0 59.0 59.0 59.0 
60.0 59.0 60.0 60.0 
61.0 60.0 60.0 60.0 
77.0 59.0 64.0 69.0 
60.0 58.0 59.0 59.0 
59.0 59.0 60.0 60.0 
60.0 60.0 60.0 60.0 
76.0 59.0 64.0 69.0 
58.0 59.0 60.0 60.0 
60.0 60.0 60.0 61.0 
60.0 60.0 60.0 60.0 
77.0 60.0 64.0 69.0 
60.0 59.0 60.0 59.0 
60.0 59.0 61.0 60.0 
61.0 60.0 60.0 61.0 
76.0 60.0 64.0 69.0 
60.0 58.0 60.0 59.0 
60.0 59.0 60.0 59.0 
60.0 60.0 61.0 60.0 
77.0 60.0 64.0 70.0 
59.0 59.0 59.0 60.0 
60.0 59.0 61.0 60.0 
60.0 60.0 60.0 61.0 
77.0 59.0 64.0 69.0 
59.0 58.0 59.0 59.0 
59.0 58.0 60.0 60.0 
60.0 60.0 61.0 60.0 
77.0 59.0 64.0 70.0 
60.0 60.0 59.0 60.0 
60.0 60.0 60.0 61.0 
62.0 60.0 60.0 60.0 
77.0 61.0 64.0 70.0 
59.0 59.0 60.0 60.0 
60.0 60.0 60.0 61.0 
60.0 59.0 61.0 60.0 
77.0 60.0 64.0 69.0 
59.0 59.0 59.0 59.0 
60.0 59.0 61.0 61.0 
61.0 60.0 61.0 60.0 
77.0 60.0 64.0 70.0 
60.0 59.0 59.0 60.0 
60.0 59.0 60.0 60.0 
60.0 59.0 60.0 61.0 
76.0 60.0 65.0 69.0 
59.0 59.0 59.0 59.0 
60.0 60.0 60.0 59.0 
60.0 60.0 61.0 60.0 
76.0 60.0 65.0 70.0 
59.0 59.0 59.0 59.0 
59.0 59.0 60.0 60.0 
61.0 60.0 60.0 60.0 
76.0 60.0 64.0 70.0 
60.0 59.0 59.0 59.0 
60.0 59.0 60.0 60.0 
60.0 60.0 60.0 60.0 
75.0 60.0 64.0 70.0 
60.0 59.0 59.0 59.0 
59.0 59.0 60.0 60.0 
61.0 60.0 61.0 60.0 
76.0 60.0 64.0 70.0 
59.0 59.0 59.0 59.0 
59.0 60.0 60.0 61.0 
61.0 60.0 60.0 60.0 
77.0 60.0 64.0 70.0 
59.0 59.0 59.0 60.0 
60.0 59.0 61.0 60.0 
60.0 60.0 60.0 60.0 
76.0 60.0 64.0 69.0 
60.0 59.0 59.0 59.0 
59.0 59.0 60.0 60.0 
60.0 60.0 60.0 60.0 
76.0 59.0 65.0 70.0 
60.0 59.0 59.0 59.0 
60.0 59.0 60.0 60.0 
61.0 60.0 60.0 61.0 
76.0 59.0 64.0 69.0 
59.0 59.0 59.0 59.0 
60.0 59.0 60.0 60.0 
61.0 59.0 60.0 60.0 
77.0 59.0 64.0 70.0 
59.0 59.0 59.0 60.0 
60.0 59.0 61.0 60.0 
61.0 60.0 60.0 60.0 
76.0 59.0 64.0 70.0 
59.0 59.0 59.0 60.0 
59.0 59.0 60.0 61.0 
59.0 60.0 60.0 61.0 
76.0 59.0 64.0 70.0 
59.0 58.0 59.0 58.0 
60.0 59.0 60.0 60.0 
60.0 59.0 61.0 60.0 
76.0 60.0 65.0 69.0 
59.0 59.0 59.0 59.0 
59.0 59.0 61.0 61.0 
60.0 59.0 60.0 60.0 
77.0 59.0 64.0 70.0 
60.0 59.0 59.0 59.0 
59.0 59.0 60.0 60.0 
60.0 60.0 60.0 59.0 
76.0 60.0 64.0 70.0 
60.0 59.0 59.0 59.0 
59.0 59.0 61.0 60.0 
60.0 60.0 61.0 61.0 
76.0 60.0 64.0 70.0 
59.0 59.0 58.0 59.0 
59.0 60.0 60.0 60.0 
61.0 60.0 60.0 60.0 
76.0 60.0 64.0 70.0 
59.0 59.0 60.0 60.0 
61.0 59.0 60.0 60.0 
60.0 60.0 60.0 60.0 
77.0 59.0 64.0 69.0 
59.0 59.0 59.0 59.0 
60.0 59.0 61.0 60.0 
60.0 60.0 61.0 60.0 
76.0 59.0 64.0 69.0 
60.0 59.0 58.0 60.0 
59.0 59.0 61.0 60.0 
61.0 60.0 60.0 60.0 
76.0 59.0 64.0 70.0 
59.0 59.0 59.0 59.0 
60.0 59.0 60.0 60.0 
60.0 60.0 60.0 60.0 
77.0 60.0 64.0 70.0 
59.0 59.0 59.0 60.0 
59.0 60.0 61.0 60.0 
61.0 60.0 61.0 60.0 
77.0 60.0 64.0 69.0 
60.0 58.0 60.0 59.0 
60.0 59.0 61.0 60.0 
61.0 60.0 61.0 60.0 
76.0 61.0 64.0 71.0 
59.0 59.0 59.0 60.0 
59.0 60.0 61.0 60.0 
60.0 60.0 60.0 60.0 
76.0 60.0 65.0 69.0 
59.0 59.0 60.0 59.0 
59.0 59.0 60.0 61.0 
61.0 60.0 60.0 60.0 
77.0 60.0 64.0 70.0 
59.0 59.0 59.0 59.0 
60.0 59.0 60.0 60.0 
61.0 60.0 61.0 60.0 
77.0 59.0 64.0 70.0 
60.0 59.0 59.0 59.0 
59.0 59.0 60.0 60.0 
60.0 60.0 60.0 60.0 
77.0 59.0 65.0 70.0 
59.0 59.0 59.0 60.0 
60.0 60.0 60.0 61.0 
60.0 60.0 61.0 60.0 
76.0 60.0 64.0 70.0 
59.0 59.0 60.0 60.0 
59.0 59.0 60.0 60.0 
60.0 60.0 60.0 60.0 
77.0 59.0 64.0 70.0 
59.0 59.0 59.0 60.0 
60.0 60.0 61.0 60.0 
60.0 60.0 60.0 60.0 
77.0 60.0 64.0 70.0 
59.0 59.0 59.0 59.0 
59.0 60.0 60.0 61.0 
60.0 60.0 61.0 60.0 
76.0 60.0 64.0 70.0 
59.0 59.0 59.0 59.0 
60.0 59.0 61.0 60.0 
61.0 60.0 60.0 60.0 
78.0 59.0 64.0 70.0 
59.0 59.0 59.0 59.0 
59.0 59.0 61.0 61.0 
60.0 60.0 61.0 60.0 
77.0 58.0 64.0 70.0 
60.0 59.0 59.0 59.0 
60.0 59.0 61.0 60.0 
60.0 60.0 60.0 61.0 
77.0 59.0 64.0 71.0 
60.0 58.0 60.0 59.0 
60.0 59.0 60.0 61.0 
60.0 60.0 60.0 60.0 
77.0 59.0 65.0 70.0 
59.0 59.0 59.0 60.0 
59.0 60.0 61.0 61.0 
60.0 60.0 60.0 60.0 
77.0 59.0 64.0 70.0 
60.0 59.0 60.0 59.0 
59.0 59.0 60.0 60.0 
61.0 60.0 60.0 60.0 
77.0 59.0 64.0 70.0 
59.0 59.0 60.0 60.0 
60.0 60.0 60.0 60.0 
60.0 60.0 60.0 61.0 
77.0 60.0 65.0 69.0 
59.0 59.0 59.0 59.0 
59.0 59.0 59.0 60.0 
61.0 60.0 60.0 60.0 
77.0 59.0 65.0 70.0 
59.0 58.0 59.0 59.0 
59.0 59.0 60.0 60.0 
60.0 60.0 59.0 61.0 
76.0 60.0 64.0 70.0 
59.0 58.0 59.0 59.0 
60.0 59.0 60.0 60.0 
61.0 60.0 60.0 60.0 
76.0 59.0 65.0 70.0 
59.0 59.0 59.0 60.0 
60.0 58.0 59.0 60.0 
61.0 60.0 61.0 60.0 
75.0 60.0 65.0 70.0 
59.0 59.0 60.0 59.0 
59.0 60.0 59.0 61.0 
61.0 60.0 61.0 60.0 
76.0 59.0 64.0 70.0 
59.0 58.0 59.0 60.0 
59.0 59.0 61.0 59.0 
60.0 59.0 60.0 61.0 
75.0 60.0 65.0 69.0 
59.0 59.0 59.0 59.0 
60.0 59.0 60.0 60.0 
62.0 60.0 60.0 60.0 
76.0 60.0 65.0 70.0 
59.0 59.0 59.0 59.0 
60.0 60.0 60.0 60.0 
60.0 61.0 60.0 60.0 
76.0 60.0 64.0 70.0 
59.0 58.0 59.0 60.0 
59.0 59.0 61.0 60.0 
61.0 60.0 60.0 60.0 
76.0 59.0 64.0 70.0 
59.0 59.0 59.0 59.0 
60.0 59.0 60.0 61.0 
60.0 60.0 60.0 60.0 
76.0 58.0 64.0 70.0 
59.0 58.0 60.0 59.0 
59.0 59.0 61.0 61.0 
61.0 60.0 60.0 60.0 
75.0 60.0 65.0 70.0 
59.0 59.0 59.0 60.0 
60.0 59.0 60.0 60.0 
60.0 60.0 61.0 60.0 
74.0 60.0 64.0 69.0 
60.0 59.0 59.0 60.0 
61.0 58.0 60.0 61.0 
61.0 61.0 61.0 60.0 
74.0 60.0 64.0 70.0 
59.0 58.0 59.0 60.0 
60.0 59.0 59.0 60.0 
62.0 60.0 61.0 60.0 
74.0 59.0 64.0 69.0 
60.0 59.0 60.0 59.0 
59.0 59.0 60.0 60.0 
60.0 60.0 60.0 60.0 
74.0 60.0 65.0 69.0 
59.0 59.0 58.0 59.0 
60.0 59.0 60.0 60.0 
60.0 60.0 60.0 60.0 
74.0 60.0 65.0 69.0 
60.0 58.0 59.0 59.0 
59.0 59.0 60.0 60.0 
60.0 60.0 61.0 60.0 
75.0 60.0 64.0 69.0 
59.0 59.0 59.0 60.0 
59.0 60.0 60.0 60.0 
60.0 60.0 60.0 60.0 
75.0 60.0 64.0 68.0 
59.0 59.0 59.0 60.0 
59.0 59.0 60.0 61.0 
61.0 60.0 60.0 60.0 
75.0 60.0 64.0 69.0 
60.0 60.0 59.0 59.0 
60.0 59.0 60.0 60.0 
60.0 60.0 60.0 60.0 
74.0 59.0 64.0 70.0 
60.0 58.0 60.0 59.0 
59.0 59.0 60.0 61.0 
61.0 59.0 60.0 60.0 
74.0 60.0 64.0 70.0 
60.0 59.0 59.0 60.0 
60.0 59.0 60.0 60.0 
60.0 60.0 60.0 61.0 
74.0 60.0 64.0 71.0 
59.0 59.0 60.0 59.0 
59.0 59.0 60.0 60.0 
61.0 60.0 60.0 60.0 
74.0 59.0 65.0 69.0 
59.0 59.0 59.0 59.0 
59.0 61.0 60.0 60.0 
61.0 60.0 60.0 60.0 
74.0 59.0 64.0 69.0 
59.0 59.0 59.0 60.0 
60.0 59.0 60.0 60.0 
60.0 60.0 60.0 60.0 
74.0 60.0 64.0 69.0 
60.0 59.0 59.0 59.0 
59.0 57.0 60.0 60.0 
61.0 60.0 60.0 60.0 
74.0 60.0 64.0 69.0 
59.0 59.0 59.0 60.0 
60.0 59.0 59.0 60.0 
60.0 60.0 60.0 60.0 
74.0 60.0 66.0 70.0 
60.0 58.0 59.0 59.0 
60.0 59.0 60.0 60.0 
61.0 59.0 60.0 60.0 
73.0 60.0 65.0 69.0 
60.0 59.0 59.0 60.0 
60.0 59.0 60.0 60.0 
61.0 60.0 61.0 60.0 
73.0 61.0 65.0 69.0 
60.0 59.0 59.0 60.0 
60.0 60.0 60.0 61.0 
61.0 59.0 61.0 60.0 
72.0 60.0 64.0 69.0 
60.0 58.0 59.0 59.0 
60.0 59.0 60.0 60.0 
61.0 60.0 61.0 60.0 
71.0 59.0 64.0 69.0 
59.0 59.0 60.0 60.0 
60.0 59.0 61.0 60.0 
61.0 60.0 61.0 60.0 
72.0 60.0 65.0 70.0 
60.0 58.0 60.0 60.0 
60.0 59.0 60.0 60.0 
60.0 60.0 60.0 60.0 
73.0 60.0 65.0 69.0 
60.0 59.0 59.0 60.0 
59.0 59.0 60.0 60.0 
61.0 60.0 60.0 61.0 
73.0 59.0 65.0 70.0 
60.0 58.0 60.0 59.0 
59.0 59.0 59.0 61.0 
61.0 60.0 60.0 60.0 
73.0 59.0 65.0 69.0 
60.0 58.0 61.0 59.0 
61.0 59.0 59.0 61.0 
61.0 59.0 60.0 60.0 
73.0 59.0 64.0 69.0 
60.0 58.0 60.0 59.0 
59.0 62.0 60.0 60.0 
61.0 60.0 60.0 60.0 
73.0 60.0 64.0 70.0 
60.0 59.0 59.0 60.0 
60.0 59.0 59.0 60.0 
61.0 60.0 60.0 60.0 
73.0 59.0 65.0 70.0 
59.0 59.0 58.0 59.0 
60.0 59.0 60.0 61.0 
61.0 60.0 60.0 60.0 
73.0 60.0 64.0 70.0 
60.0 58.0 59.0 59.0 
59.0 60.0 60.0 60.0 
61.0 60.0 61.0 60.0 
74.0 60.0 64.0 70.0 
60.0 59.0 59.0 60.0 
59.0 59.0 60.0 60.0 
60.0 60.0 60.0 60.0 
74.0 60.0 65.0 69.0 
60.0 58.0 60.0 59.0 
59.0 59.0 60.0 61.0 
61.0 60.0 61.0 60.0 
73.0 59.0 65.0 69.0 
60.0 58.0 60.0 59.0 
59.0 59.0 59.0 60.0 
61.0 60.0 60.0 61.0 
74.0 59.0 65.0 70.0 
60.0 58.0 59.0 59.0 
59.0 59.0 60.0 60.0 
61.0 60.0 60.0 60.0 
73.0 60.0 64.0 69.0 
60.0 58.0 60.0 59.0 
59.0 59.0 60.0 61.0 
62.0 60.0 61.0 60.0 
74.0 59.0 65.0 70.0 
60.0 59.0 59.0 59.0 
60.0 59.0 60.0 60.0 
61.0 60.0 60.0 60.0 
73.0 59.0 65.0 69.0 
59.0 58.0 59.0 59.0 
60.0 60.0 60.0 60.0 
61.0 61.0 60.0 60.0 
74.0 59.0 64.0 69.0 
59.0 58.0 59.0 58.0 
60.0 61.0 60.0 60.0 
61.0 60.0 60.0 60.0 
71.0 60.0 64.0 70.0 
60.0 59.0 60.0 59.0 
60.0 58.0 60.0 60.0 
60.0 60.0 60.0 61.0 
72.0 59.0 64.0 69.0 
60.0 58.0 59.0 60.0 
60.0 59.0 60.0 60.0 
61.0 59.0 60.0 60.0 
71.0 59.0 64.0 68.0 
59.0 59.0 60.0 59.0 
59.0 59.0 60.0 62.0 
61.0 60.0 60.0 60.0 
71.0 60.0 65.0 69.0 
60.0 59.0 59.0 60.0 
60.0 59.0 60.0 61.0 
61.0 60.0 60.0 60.0 
72.0 59.0 64.0 69.0 
59.0 58.0 59.0 60.0 
60.0 59.0 60.0 60.0 
61.0 60.0 59.0 60.0 
72.0 60.0 65.0 69.0 
60.0 59.0 59.0 59.0 
60.0 59.0 60.0 60.0 
60.0 59.0 60.0 60.0 
72.0 60.0 64.0 69.0 
60.0 59.0 60.0 59.0 
60.0 59.0 60.0 60.0 
61.0 60.0 61.0 60.0 
71.0 59.0 65.0 69.0 
60.0 58.0 59.0 59.0 
59.0 60.0 60.0 60.0 
61.0 60.0 61.0 61.0 
73.0 60.0 64.0 69.0 
59.0 58.0 59.0 60.0 
60.0 59.0 60.0 61.0 
61.0 60.0 60.0 60.0 
73.0 60.0 64.0 70.0 
60.0 58.0 59.0 59.0 
59.0 59.0 60.0 60.0 
61.0 60.0 61.0 60.0 
74.0 59.0 65.0 69.0 
59.0 59.0 60.0 59.0 
60.0 59.0 60.0 60.0 
61.0 60.0 60.0 60.0 
74.0 59.0 64.0 69.0 
59.0 59.0 60.0 59.0 
60.0 59.0 60.0 60.0 
60.0 60.0 60.0 60.0 
73.0 59.0 64.0 70.0 
59.0 59.0 59.0 60.0 
60.0 59.0 60.0 60.0 
61.0 60.0 60.0 61.0 
72.0 60.0 64.0 69.0 
60.0 59.0 59.0 59.0 
60.0 59.0 59.0 60.0 
61.0 61.0 61.0 60.0 
73.0 60.0 64.0 70.0 
60.0 59.0 59.0 59.0 
59.0 59.0 60.0 61.0 
61.0 60.0 60.0 61.0 
74.0 59.0 65.0 69.0 
59.0 59.0 59.0 59.0 
59.0 60.0 60.0 61.0 
60.0 60.0 60.0 60.0 
72.0 60.0 65.0 69.0 
60.0 59.0 59.0 59.0 
60.0 59.0 60.0 60.0 
61.0 60.0 60.0 60.0 
72.0 59.0 64.0 68.0 
60.0 58.0 59.0 59.0 
59.0 59.0 60.0 61.0 
60.0 60.0 60.0 60.0 
71.0 60.0 64.0 69.0 
60.0 58.0 59.0 59.0 
59.0 59.0 60.0 60.0 
61.0 60.0 60.0 61.0 
71.0 60.0 64.0 69.0 
59.0 59.0 59.0 60.0 
60.0 59.0 60.0 60.0 
61.0 60.0 61.0 60.0 
70.0 60.0 64.0 69.0 
61.0 59.0 59.0 60.0 
59.0 59.0 60.0 60.0 
60.0 60.0 60.0 60.0 
71.0 60.0 65.0 70.0 
60.0 58.0 60.0 59.0 
60.0 59.0 60.0 60.0 
61.0 60.0 60.0 61.0 
72.0 61.0 64.0 69.0 
60.0 59.0 59.0 60.0 
60.0 59.0 60.0 60.0 
61.0 60.0 60.0 60.0 
73.0 59.0 64.0 69.0 
60.0 58.0 60.0 60.0 
59.0 61.0 60.0 60.0 
61.0 60.0 60.0 60.0 
72.0 59.0 65.0 69.0 
59.0 59.0 59.0 59.0 
59.0 59.0 60.0 60.0 
61.0 60.0 60.0 60.0 
73.0 60.0 64.0 68.0 
59.0 58.0 59.0 59.0 
60.0 59.0 60.0 60.0 
60.0 60.0 60.0 60.0 
75.0 59.0 64.0 70.0 
60.0 59.0 60.0 59.0 
60.0 59.0 60.0 60.0 
61.0 60.0 60.0 60.0 
75.0 60.0 65.0 70.0 
59.0 59.0 59.0 59.0 
60.0 59.0 60.0 60.0 
61.0 60.0 60.0 60.0 
75.0 59.0 65.0 71.0 
60.0 58.0 59.0 59.0 
59.0 59.0 60.0 60.0 
61.0 60.0 60.0 59.0 
76.0 59.0 65.0 70.0 
60.0 59.0 59.0 59.0 
60.0 58.0 60.0 60.0 
61.0 60.0 60.0 60.0 
76.0 60.0 64.0 70.0 
60.0 59.0 59.0 60.0 
59.0 59.0 61.0 60.0 
60.0 61.0 60.0 59.0 
76.0 59.0 65.0 69.0 
59.0 59.0 60.0 60.0 
61.0 60.0 60.0 60.0 
60.0 60.0 61.0 61.0 
76.0 59.0 65.0 70.0 
59.0 58.0 59.0 59.0 
60.0 59.0 60.0 60.0 
60.0 60.0 60.0 60.0 
76.0 60.0 65.0 71.0 
60.0 58.0 59.0 59.0 
59.0 59.0 60.0 60.0 
61.0 60.0 60.0 60.0 
76.0 60.0 64.0 70.0 
59.0 59.0 59.0 60.0 
60.0 58.0 61.0 60.0 
61.0 60.0 60.0 61.0 
76.0 59.0 65.0 69.0 
59.0 59.0 59.0 60.0 
60.0 59.0 61.0 61.0 
61.0 60.0 59.0 60.0 
76.0 59.0 65.0 70.0 
59.0 58.0 60.0 59.0 
60.0 58.0 60.0 60.0 
61.0 60.0 60.0 60.0 
77.0 59.0 65.0 70.0 
59.0 59.0 59.0 60.0 
60.0 59.0 61.0 60.0 
61.0 60.0 60.0 61.0 
78.0 59.0 64.0 70.0 
59.0 59.0 59.0 58.0 
60.0 59.0 60.0 61.0 
61.0 60.0 59.0 60.0 
76.0 60.0 64.0 70.0 
59.0 59.0 59.0 60.0 
60.0 60.0 60.0 60.0 
60.0 60.0 60.0 60.0 
75.0 60.0 65.0 70.0 
59.0 59.0 60.0 59.0 
59.0 60.0 60.0 60.0 
61.0 60.0 61.0 60.0 
76.0 60.0 64.0 70.0 
59.0 58.0 60.0 60.0 
60.0 59.0 61.0 60.0 
61.0 60.0 61.0 61.0 
75.0 59.0 65.0 70.0 
59.0 59.0 59.0 59.0 
60.0 59.0 60.0 60.0 
61.0 61.0 60.0 61.0 
75.0 59.0 64.0 70.0 
59.0 59.0 59.0 59.0 
59.0 60.0 60.0 60.0 
61.0 60.0 61.0 60.0 
76.0 59.0 65.0 69.0 
60.0 59.0 59.0 60.0 
59.0 59.0 60.0 60.0 
61.0 60.0 60.0 60.0 
76.0 60.0 64.0 70.0 
60.0 58.0 59.0 59.0 
60.0 59.0 62.0 60.0 
61.0 60.0 60.0 60.0 
75.0 60.0 65.0 70.0 
60.0 59.0 59.0 60.0 
60.0 59.0 60.0 61.0 
60.0 60.0 60.0 60.0 
75.0 60.0 64.0 70.0 
60.0 59.0 59.0 59.0 
60.0 61.0 60.0 61.0 
60.0 60.0 60.0 60.0 
76.0 59.0 64.0 70.0 
59.0 60.0 59.0 59.0 
59.0 59.0 60.0 60.0 
61.0 60.0 59.0 60.0 
77.0 60.0 65.0 70.0 
60.0 57.0 60.0 59.0 
59.0 60.0 60.0 61.0 
60.0 60.0 60.0 60.0 
77.0 59.0 64.0 70.0 
59.0 59.0 59.0 60.0 
59.0 59.0 60.0 61.0 
61.0 60.0 60.0 60.0 
75.0 60.0 65.0 70.0 
60.0 58.0 59.0 59.0 
60.0 59.0 60.0 60.0 
61.0 60.0 60.0 60.0 
76.0 59.0 65.0 70.0 
60.0 59.0 60.0 60.0 
60.0 59.0 60.0 61.0 
61.0 60.0 60.0 60.0 
74.0 60.0 65.0 70.0 
60.0 59.0 59.0 59.0 
60.0 59.0 60.0 61.0 
61.0 60.0 60.0 60.0 
75.0 60.0 64.0 70.0 
60.0 58.0 59.0 60.0 
60.0 60.0 60.0 60.0 
61.0 60.0 60.0 60.0 
74.0 59.0 65.0 70.0 
60.0 58.0 60.0 59.0 
59.0 60.0 60.0 60.0 
60.0 60.0 61.0 60.0 
75.0 60.0 64.0 70.0 
60.0 59.0 59.0 59.0 
60.0 60.0 60.0 61.0 
61.0 60.0 61.0 60.0 
75.0 59.0 65.0 69.0 
60.0 59.0 60.0 59.0 
59.0 59.0 59.0 61.0 
61.0 60.0 60.0 60.0 
74.0 59.0 65.0 70.0 
60.0 58.0 60.0 59.0 
60.0 59.0 60.0 60.0 
60.0 60.0 60.0 60.0 
75.0 60.0 64.0 69.0 
59.0 58.0 60.0 59.0 
59.0 59.0 60.0 61.0 
61.0 60.0 61.0 61.0 
74.0 59.0 65.0 69.0 
59.0 59.0 60.0 59.0 
60.0 59.0 60.0 60.0 
61.0 60.0 60.0 60.0 
75.0 60.0 64.0 69.0 
60.0 58.0 60.0 59.0 
60.0 59.0 58.0 61.0 
61.0 60.0 61.0 61.0 
75.0 59.0 65.0 70.0 
60.0 59.0 59.0 60.0 
60.0 60.0 60.0 60.0 
60.0 59.0 61.0 60.0 
75.0 59.0 64.0 70.0 
60.0 59.0 59.0 59.0 
60.0 59.0 60.0 60.0 
60.0 60.0 60.0 60.0 
75.0 60.0 64.0 70.0 
59.0 59.0 59.0 59.0 
60.0 59.0 59.0 60.0 
60.0 60.0 61.0 60.0 
74.0 59.0 64.0 70.0 
60.0 59.0 59.0 59.0 
60.0 60.0 60.0 60.0 
61.0 60.0 60.0 60.0 
76.0 60.0 64.0 71.0 
59.0 59.0 59.0 59.0 
59.0 59.0 61.0 60.0 
61.0 61.0 61.0 61.0 
75.0 59.0 65.0 69.0 
59.0 59.0 59.0 59.0 
60.0 59.0 60.0 61.0 
61.0 60.0 60.0 60.0 
75.0 60.0 64.0 70.0 
60.0 59.0 59.0 59.0 
60.0 60.0 60.0 60.0 
61.0 60.0 60.0 61.0 
75.0 61.0 64.0 70.0 
60.0 59.0 59.0 59.0 
60.0 59.0 60.0 60.0 
61.0 60.0 61.0 61.0 
74.0 59.0 65.0 70.0 
59.0 59.0 59.0 60.0 
60.0 60.0 60.0 60.0 
61.0 60.0 60.0 61.0 
74.0 60.0 65.0 70.0 
59.0 59.0 60.0 59.0 
59.0 59.0 59.0 60.0 
60.0 60.0 61.0 60.0 
75.0 60.0 64.0 69.0 
59.0 59.0 59.0 59.0 
59.0 59.0 60.0 61.0 
61.0 60.0 60.0 60.0 
74.0 59.0 64.0 70.0 
60.0 59.0 59.0 59.0 
60.0 59.0 59.0 61.0 
60.0 60.0 60.0 60.0 
74.0 59.0 65.0 69.0 
59.0 59.0 59.0 59.0 
59.0 58.0 60.0 60.0 
61.0 60.0 61.0 60.0 
74.0 60.0 64.0 69.0 
59.0 59.0 60.0 59.0 
60.0 60.0 59.0 60.0 
61.0 60.0 60.0 60.0 
74.0 60.0 64.0 70.0 
59.0 59.0 59.0 59.0 
59.0 59.0 59.0 60.0 
61.0 60.0 61.0 60.0 
74.0 60.0 65.0 70.0 
60.0 59.0 59.0 59.0 
60.0 59.0 60.0 60.0 
61.0 60.0 61.0 60.0 
74.0 59.0 65.0 70.0 
59.0 58.0 59.0 59.0 
60.0 59.0 60.0 60.0 
60.0 60.0 60.0 60.0 
75.0 59.0 64.0 70.0 
60.0 58.0 59.0 59.0 
59.0 60.0 59.0 60.0 
61.0 61.0 60.0 61.0 
74.0 59.0 64.0 70.0 
59.0 59.0 59.0 60.0 
60.0 59.0 60.0 60.0 
61.0 60.0 59.0 60.0 
72.0 59.0 64.0 70.0 
60.0 59.0 59.0 59.0 
59.0 60.0 60.0 60.0 
60.0 60.0 60.0 60.0 
73.0 59.0 65.0 70.0 
60.0 59.0 59.0 59.0 
59.0 60.0 60.0 60.0 
61.0 60.0 60.0 59.0 
72.0 60.0 64.0 69.0 
60.0 59.0 59.0 59.0 
59.0 59.0 60.0 60.0 
61.0 59.0 61.0 60.0 
73.0 59.0 64.0 69.0 
60.0 59.0 60.0 59.0 
60.0 60.0 59.0 61.0 
61.0 60.0 59.0 61.0 
72.0 60.0 64.0 70.0 
60.0 59.0 58.0 59.0 
59.0 59.0 60.0 60.0 
61.0 60.0 60.0 60.0 
73.0 60.0 64.0 69.0 
60.0 59.0 59.0 59.0 
60.0 59.0 60.0 61.0 
60.0 60.0 60.0 61.0 
72.0 60.0 64.0 70.0 
60.0 59.0 60.0 59.0 
61.0 59.0 60.0 60.0 
61.0 60.0 61.0 60.0 
74.0 60.0 64.0 69.0 
60.0 58.0 59.0 59.0 
60.0 59.0 60.0 60.0 
61.0 61.0 61.0 60.0 
72.0 60.0 64.0 69.0 
60.0 59.0 58.0 60.0 
60.0 59.0 59.0 60.0 
61.0 60.0 61.0 60.0 
73.0 59.0 64.0 71.0 
60.0 58.0 59.0 60.0 
60.0 59.0 59.0 60.0 
61.0 60.0 60.0 60.0 
73.0 60.0 65.0 69.0 
60.0 58.0 59.0 59.0 
60.0 59.0 60.0 61.0 
61.0 60.0 60.0 60.0 
72.0 59.0 64.0 70.0 
60.0 58.0 60.0 60.0 
59.0 59.0 60.0 61.0 
60.0 60.0 60.0 60.0 
72.0 59.0 65.0 70.0 
60.0 58.0 59.0 59.0 
59.0 59.0 59.0 61.0 
61.0 60.0 60.0 60.0 
72.0 59.0 64.0 69.0 
60.0 59.0 59.0 59.0 
60.0 59.0 60.0 61.0 
60.0 59.0 59.0 60.0 
72.0 60.0 64.0 69.0 
60.0 59.0 59.0 59.0 
59.0 60.0 60.0 60.0 
60.0 59.0 61.0 60.0 
73.0 60.0 64.0 69.0 
60.0 59.0 59.0 60.0 
60.0 59.0 59.0 60.0 
60.0 60.0 61.0 60.0 
72.0 59.0 64.0 70.0 
60.0 59.0 59.0 59.0 
61.0 59.0 59.0 61.0 
61.0 60.0 60.0 60.0 
71.0 60.0 64.0 68.0 
61.0 58.0 59.0 59.0 
59.0 59.0 60.0 60.0 
61.0 60.0 61.0 60.0 
73.0 60.0 64.0 70.0 
59.0 58.0 60.0 59.0 
59.0 59.0 60.0 59.0 
61.0 60.0 60.0 61.0 
72.0 59.0 64.0 70.0 
59.0 58.0 59.0 59.0 
59.0 60.0 59.0 60.0 
62.0 60.0 60.0 60.0 
71.0 59.0 64.0 69.0 
60.0 59.0 59.0 59.0 
60.0 59.0 60.0 60.0 
60.0 60.0 60.0 60.0 
71.0 59.0 65.0 70.0 
60.0 58.0 59.0 59.0 
60.0 59.0 59.0 61.0 
61.0 60.0 60.0 61.0 
72.0 60.0 65.0 69.0 
60.0 59.0 59.0 60.0 
59.0 60.0 59.0 61.0 
60.0 60.0 60.0 60.0 
72.0 60.0 64.0 69.0 
60.0 59.0 59.0 59.0 
60.0 58.0 60.0 61.0 
60.0 60.0 60.0 60.0 
72.0 59.0 64.0 69.0 
59.0 58.0 59.0 59.0 
59.0 59.0 59.0 60.0 
61.0 60.0 60.0 61.0 
71.0 59.0 64.0 70.0 
60.0 59.0 59.0 59.0 
59.0 59.0 60.0 60.0 
61.0 60.0 60.0 60.0 
71.0 59.0 64.0 69.0 
59.0 60.0 59.0 60.0 
60.0 59.0 60.0 61.0 
60.0 59.0 61.0 60.0 
71.0 60.0 64.0 70.0 
59.0 59.0 59.0 60.0 
60.0 59.0 60.0 60.0 
60.0 60.0 61.0 60.0 
71.0 60.0 64.0 69.0 
60.0 59.0 59.0 59.0 
60.0 60.0 60.0 60.0 
61.0 60.0 60.0 60.0 
71.0 59.0 64.0 69.0 
60.0 58.0 59.0 60.0 
60.0 59.0 60.0 60.0 
61.0 60.0 60.0 60.0 
71.0 59.0 64.0 69.0 
60.0 59.0 59.0 60.0 
59.0 59.0 61.0 61.0 
61.0 60.0 61.0 60.0 
71.0 59.0 64.0 69.0 
60.0 59.0 59.0 59.0 
60.0 59.0 60.0 61.0 
61.0 60.0 60.0 60.0 
71.0 60.0 65.0 70.0 
60.0 59.0 59.0 59.0 
59.0 59.0 60.0 61.0 
61.0 59.0 60.0 61.0 
71.0 60.0 64.0 69.0 
60.0 59.0 60.0 60.0 
60.0 59.0 60.0 61.0 
61.0 60.0 60.0 60.0 
72.0 60.0 63.0 69.0 
60.0 59.0 59.0 59.0 
60.0 59.0 60.0 59.0 
61.0 60.0 61.0 60.0 
70.0 59.0 64.0 70.0 
60.0 59.0 59.0 60.0 
59.0 60.0 60.0 60.0 
61.0 60.0 60.0 60.0 
71.0 60.0 64.0 70.0 
60.0 58.0 60.0 59.0 
59.0 60.0 60.0 61.0 
61.0 60.0 60.0 61.0 
72.0 59.0 64.0 69.0 
60.0 58.0 59.0 59.0 
60.0 59.0 60.0 60.0 
61.0 60.0 61.0 60.0 
72.0 60.0 64.0 70.0 
60.0 59.0 59.0 60.0 
59.0 60.0 60.0 60.0 
60.0 60.0 60.0 60.0 
71.0 60.0 64.0 69.0 
60.0 59.0 59.0 59.0 
60.0 59.0 60.0 60.0 
61.0 60.0 61.0 60.0 
72.0 59.0 64.0 69.0 
60.0 59.0 60.0 59.0 
59.0 59.0 60.0 61.0 
60.0 60.0 59.0 60.0 
71.0 59.0 64.0 69.0 
60.0 59.0 59.0 59.0 
59.0 59.0 60.0 60.0 
61.0 60.0 60.0 60.0 
71.0 59.0 64.0 69.0 
60.0 58.0 59.0 60.0 
60.0 59.0 60.0 60.0 
61.0 60.0 60.0 60.0 
73.0 60.0 64.0 70.0 
60.0 59.0 59.0 60.0 
60.0 60.0 60.0 60.0 
61.0 60.0 60.0 60.0 
72.0 60.0 65.0 69.0 
60.0 59.0 60.0 59.0 
60.0 59.0 60.0 60.0 
60.0 60.0 60.0 61.0 
72.0 60.0 64.0 70.0 
60.0 58.0 58.0 59.0 
60.0 59.0 60.0 60.0 
61.0 60.0 61.0 61.0 
72.0 59.0 64.0 69.0 
60.0 59.0 59.0 60.0 
60.0 60.0 59.0 60.0 
61.0 59.0 61.0 60.0 
71.0 60.0 64.0 69.0 
60.0 59.0 60.0 59.0 
60.0 59.0 61.0 60.0 
61.0 60.0 60.0 60.0 
70.0 60.0 64.0 69.0 
59.0 58.0 59.0 59.0 
59.0 60.0 60.0 60.0 
61.0 60.0 61.0 61.0 
71.0 59.0 64.0 69.0 
60.0 59.0 59.0 60.0 
60.0 59.0 61.0 60.0 
60.0 60.0 60.0 60.0 
70.0 60.0 63.0 70.0 
59.0 59.0 60.0 59.0 
60.0 60.0 60.0 60.0 
62.0 60.0 60.0 60.0 
70.0 59.0 64.0 68.0 
60.0 58.0 59.0 60.0 
60.0 59.0 60.0 60.0 
60.0 60.0 60.0 60.0 
70.0 58.0 64.0 70.0 
59.0 59.0 59.0 59.0 
59.0 59.0 60.0 61.0 
61.0 60.0 60.0 61.0 
70.0 59.0 64.0 69.0 
59.0 59.0 60.0 59.0 
60.0 59.0 60.0 60.0 
61.0 60.0 61.0 60.0 
70.0 59.0 64.0 69.0 
60.0 58.0 59.0 59.0 
59.0 60.0 60.0 61.0 
61.0 60.0 61.0 60.0 
71.0 59.0 64.0 70.0 
59.0 58.0 59.0 60.0 
60.0 59.0 60.0 60.0 
61.0 60.0 61.0 61.0 
70.0 60.0 64.0 69.0 
60.0 58.0 59.0 59.0 
59.0 59.0 60.0 60.0 
61.0 60.0 61.0 60.0 
70.0 60.0 64.0 70.0 
60.0 58.0 59.0 59.0 
60.0 59.0 60.0 60.0 
60.0 60.0 60.0 60.0 
70.0 59.0 64.0 69.0 
59.0 59.0 59.0 59.0 
60.0 59.0 60.0 60.0 
60.0 60.0 60.0 60.0 
70.0 59.0 64.0 70.0 
60.0 59.0 59.0 59.0 
60.0 58.0 61.0 61.0 
61.0 60.0 60.0 60.0 
70.0 60.0 64.0 69.0 
60.0 59.0 59.0 59.0 
60.0 60.0 60.0 61.0 
61.0 60.0 61.0 60.0 
70.0 60.0 64.0 69.0 
60.0 58.0 59.0 59.0 
60.0 59.0 60.0 60.0 
60.0 60.0 60.0 60.0 
69.0 59.0 64.0 68.0 
60.0 59.0 59.0 59.0 
60.0 60.0 61.0 60.0 
61.0 60.0 60.0 60.0 
70.0 60.0 64.0 69.0 
60.0 59.0 59.0 59.0 
59.0 59.0 60.0 59.0 
60.0 59.0 60.0 60.0 
70.0 60.0 65.0 69.0 
59.0 59.0 59.0 59.0 
60.0 59.0 60.0 60.0 
61.0 60.0 60.0 60.0 
69.0 59.0 64.0 69.0 
60.0 59.0 59.0 59.0 
59.0 59.0 60.0 60.0 
61.0 60.0 59.0 60.0 
71.0 60.0 64.0 69.0 
60.0 58.0 59.0 59.0 
60.0 59.0 60.0 61.0 
60.0 60.0 60.0 60.0 
71.0 59.0 64.0 70.0 
60.0 59.0 59.0 59.0 
59.0 59.0 60.0 60.0 
61.0 60.0 60.0 60.0 
70.0 60.0 64.0 68.0 
60.0 59.0 59.0 59.0 
60.0 59.0 60.0 60.0 
61.0 60.0 61.0 60.0 
70.0 60.0 64.0 70.0 
59.0 59.0 59.0 60.0 
59.0 59.0 60.0 61.0 
61.0 60.0 61.0 60.0 
70.0 59.0 65.0 69.0 
60.0 59.0 59.0 60.0 
59.0 60.0 60.0 60.0 
61.0 60.0 61.0 60.0 
71.0 60.0 64.0 69.0 
59.0 59.0 59.0 60.0 
59.0 59.0 60.0 61.0 
61.0 60.0 61.0 60.0 
71.0 60.0 65.0 69.0 
59.0 59.0 59.0 60.0 
60.0 59.0 60.0 61.0 
60.0 60.0 61.0 60.0 
71.0 59.0 64.0 69.0 
60.0 59.0 59.0 59.0 
60.0 59.0 60.0 60.0 
61.0 60.0 60.0 60.0 
70.0 59.0 64.0 69.0 
59.0 58.0 60.0 59.0 
59.0 59.0 60.0 60.0 
61.0 60.0 60.0 60.0 
71.0 60.0 64.0 69.0 
59.0 59.0 59.0 59.0 
60.0 60.0 59.0 61.0 
61.0 60.0 61.0 60.0 
71.0 60.0 64.0 69.0 
59.0 59.0 59.0 59.0 
60.0 59.0 60.0 61.0 
61.0 60.0 61.0 60.0 
72.0 60.0 64.0 69.0 
59.0 58.0 59.0 60.0 
60.0 59.0 59.0 60.0 
60.0 60.0 61.0 60.0 
70.0 60.0 64.0 69.0 
60.0 59.0 59.0 59.0 
59.0 60.0 60.0 60.0 
61.0 62.0 60.0 60.0 
70.0 60.0 65.0 70.0 
59.0 59.0 59.0 59.0 
60.0 59.0 60.0 60.0 
61.0 60.0 60.0 60.0 
70.0 60.0 65.0 69.0 
60.0 59.0 59.0 60.0 
60.0 59.0 60.0 60.0 
61.0 60.0 61.0 60.0 
71.0 60.0 65.0 69.0 
60.0 60.0 59.0 60.0 
59.0 59.0 60.0 60.0 
60.0 60.0 61.0 61.0 
73.0 60.0 64.0 70.0 
59.0 58.0 60.0 59.0 
60.0 59.0 61.0 61.0 
61.0 60.0 60.0 60.0 
74.0 60.0 64.0 70.0 
60.0 59.0 59.0 60.0 
60.0 58.0 59.0 60.0 
60.0 60.0 61.0 60.0 
74.0 59.0 64.0 70.0 
59.0 58.0 59.0 60.0 
59.0 59.0 59.0 60.0 
61.0 60.0 60.0 60.0 
74.0 60.0 64.0 70.0 
60.0 58.0 59.0 60.0 
60.0 59.0 60.0 60.0 
60.0 60.0 60.0 60.0 
74.0 59.0 64.0 70.0 
60.0 58.0 60.0 60.0 
59.0 60.0 59.0 60.0 
61.0 60.0 60.0 60.0 
73.0 60.0 64.0 69.0 
59.0 58.0 59.0 59.0 
60.0 59.0 60.0 60.0 
61.0 60.0 60.0 60.0 
72.0 59.0 64.0 70.0 
60.0 59.0 59.0 60.0 
60.0 59.0 60.0 60.0 
61.0 60.0 60.0 60.0 
72.0 60.0 64.0 70.0 
59.0 59.0 59.0 59.0 
59.0 59.0 60.0 61.0 
61.0 60.0 61.0 60.0 
73.0 59.0 64.0 70.0 
58.0 59.0 59.0 59.0 
60.0 59.0 60.0 60.0 
60.0 59.0 60.0 60.0 
72.0 60.0 64.0 70.0 
59.0 59.0 59.0 59.0 
59.0 60.0 60.0 61.0 
60.0 60.0 61.0 60.0 
73.0 60.0 65.0 70.0 
60.0 59.0 59.0 60.0 
60.0 60.0 60.0 60.0 
60.0 60.0 60.0 60.0 
73.0 60.0 64.0 70.0 
59.0 59.0 59.0 59.0 
60.0 59.0 60.0 61.0 
60.0 60.0 60.0 60.0 
73.0 59.0 64.0 70.0 
60.0 58.0 59.0 60.0 
57.0 60.0 60.0 60.0 
58.0 57.0 62.0 60.0 
75.0 59.0 64.0 70.0 
59.0 59.0 59.0 59.0 
59.0 58.0 60.0 59.0 
60.0 59.0 60.0 60.0 
74.0 59.0 65.0 71.0 
60.0 59.0 60.0 59.0 
60.0 59.0 60.0 60.0 
61.0 60.0 60.0 60.0 
74.0 59.0 65.0 69.0 
59.0 58.0 59.0 59.0 
59.0 59.0 60.0 60.0 
60.0 59.0 60.0 60.0 
74.0 60.0 64.0 70.0 
59.0 59.0 59.0 59.0 
59.0 59.0 60.0 61.0 
61.0 60.0 61.0 60.0 
74.0 59.0 64.0 70.0 
59.0 59.0 59.0 60.0 
59.0 59.0 60.0 61.0 
61.0 60.0 60.0 60.0 
73.0 60.0 64.0 70.0 
60.0 59.0 59.0 59.0 
60.0 59.0 60.0 60.0 
61.0 60.0 60.0 60.0 
74.0 60.0 64.0 70.0 
60.0 59.0 60.0 59.0 
60.0 59.0 60.0 61.0 
61.0 60.0 61.0 60.0 
72.0 60.0 64.0 70.0 
60.0 58.0 60.0 59.0 
59.0 60.0 60.0 60.0 
60.0 60.0 61.0 60.0 
72.0 60.0 65.0 70.0 
60.0 58.0 59.0 60.0 
60.0 59.0 60.0 61.0 
61.0 60.0 61.0 60.0 
72.0 59.0 65.0 69.0 
60.0 59.0 59.0 60.0 
60.0 59.0 60.0 60.0 
60.0 60.0 60.0 60.0 
72.0 60.0 64.0 69.0 
60.0 59.0 59.0 60.0 
60.0 59.0 60.0 60.0 
61.0 59.0 61.0 60.0 
72.0 60.0 65.0 70.0 
59.0 59.0 60.0 59.0 
61.0 60.0 60.0 60.0 
61.0 60.0 60.0 60.0 
72.0 59.0 65.0 70.0 
60.0 59.0 59.0 59.0 
60.0 59.0 59.0 60.0 
61.0 60.0 60.0 60.0 
72.0 60.0 65.0 70.0 
59.0 59.0 59.0 60.0 
59.0 59.0 60.0 60.0 
61.0 60.0 61.0 60.0 
71.0 59.0 65.0 69.0 
59.0 58.0 59.0 59.0 
60.0 59.0 60.0 59.0 
60.0 60.0 60.0 60.0 
71.0 60.0 64.0 69.0 
60.0 59.0 59.0 59.0 
60.0 59.0 60.0 61.0 
60.0 60.0 60.0 60.0 
71.0 60.0 65.0 69.0 
60.0 59.0 59.0 59.0 
60.0 59.0 61.0 60.0 
61.0 61.0 60.0 60.0 
70.0 60.0 64.0 69.0 
59.0 60.0 59.0 60.0 
60.0 60.0 60.0 60.0 
61.0 60.0 60.0 60.0 
71.0 59.0 64.0 69.0 
60.0 58.0 59.0 59.0 
59.0 59.0 60.0 60.0 
61.0 60.0 60.0 60.0 
71.0 59.0 64.0 70.0 
59.0 59.0 59.0 59.0 
60.0 60.0 60.0 61.0 
60.0 60.0 60.0 60.0 
72.0 59.0 64.0 70.0 
60.0 59.0 59.0 60.0 
61.0 59.0 59.0 60.0 
61.0 60.0 60.0 60.0 
72.0 60.0 65.0 70.0 
60.0 59.0 60.0 59.0 
60.0 59.0 60.0 60.0 
61.0 60.0 61.0 60.0 
72.0 60.0 65.0 70.0 
59.0 60.0 59.0 59.0 
59.0 59.0 60.0 61.0 
60.0 60.0 60.0 60.0 
70.0 59.0 64.0 70.0 
60.0 59.0 60.0 59.0 
59.0 61.0 60.0 60.0 
60.0 60.0 60.0 60.0 
71.0 60.0 64.0 69.0 
59.0 59.0 59.0 59.0 
60.0 59.0 61.0 60.0 
61.0 60.0 60.0 60.0 
71.0 60.0 64.0 69.0 
60.0 58.0 59.0 60.0 
60.0 59.0 61.0 60.0 
60.0 60.0 60.0 60.0 
70.0 59.0 64.0 69.0 
60.0 59.0 59.0 59.0 
59.0 58.0 61.0 60.0 
60.0 60.0 60.0 60.0 
70.0 59.0 65.0 69.0 
59.0 59.0 59.0 59.0 
60.0 59.0 59.0 60.0 
61.0 60.0 60.0 60.0 
70.0 59.0 64.0 69.0 
60.0 59.0 59.0 59.0 
60.0 59.0 61.0 60.0 
61.0 60.0 60.0 60.0 
70.0 59.0 64.0 69.0 
60.0 58.0 60.0 59.0 
59.0 59.0 60.0 61.0 
61.0 60.0 60.0 60.0 
70.0 60.0 64.0 69.0 
60.0 59.0 59.0 59.0 
60.0 60.0 60.0 61.0 
61.0 60.0 60.0 59.0 
70.0 59.0 64.0 70.0 
60.0 58.0 59.0 59.0 
59.0 59.0 60.0 61.0 
61.0 60.0 60.0 60.0 
70.0 59.0 64.0 69.0 
59.0 59.0 59.0 59.0 
59.0 59.0 60.0 60.0 
61.0 60.0 60.0 61.0 
70.0 60.0 65.0 69.0 
60.0 59.0 60.0 60.0 
59.0 59.0 60.0 60.0 
60.0 60.0 61.0 60.0 
69.0 59.0 64.0 69.0 
59.0 59.0 59.0 59.0 
60.0 60.0 60.0 60.0 
61.0 60.0 60.0 61.0 
70.0 60.0 64.0 70.0 
60.0 59.0 59.0 59.0 
60.0 58.0 60.0 60.0 
61.0 60.0 60.0 60.0 
70.0 60.0 65.0 70.0 
59.0 59.0 59.0 59.0 
59.0 59.0 60.0 60.0 
60.0 60.0 60.0 60.0 
71.0 59.0 65.0 70.0 
60.0 58.0 59.0 59.0 
60.0 59.0 60.0 60.0 
61.0 60.0 60.0 60.0 
70.0 59.0 64.0 69.0 
59.0 59.0 59.0 59.0 
60.0 59.0 60.0 61.0 
61.0 59.0 60.0 60.0 
70.0 60.0 64.0 69.0 
60.0 59.0 58.0 59.0 
60.0 60.0 60.0 60.0 
61.0 60.0 61.0 60.0 
70.0 60.0 63.0 70.0 
60.0 58.0 59.0 59.0 
60.0 59.0 60.0 60.0 
60.0 60.0 61.0 60.0 
71.0 60.0 64.0 70.0 
60.0 58.0 59.0 59.0 
59.0 59.0 60.0 60.0 
61.0 60.0 61.0 60.0 
72.0 60.0 64.0 70.0 
60.0 58.0 60.0 60.0 
60.0 59.0 60.0 60.0 
61.0 60.0 60.0 60.0 
71.0 59.0 66.0 70.0 
59.0 59.0 60.0 60.0 
60.0 59.0 60.0 60.0 
61.0 60.0 60.0 61.0 
71.0 60.0 64.0 70.0 
60.0 59.0 60.0 60.0 
60.0 59.0 61.0 60.0 
61.0 60.0 60.0 60.0 
69.0 59.0 64.0 70.0 
60.0 58.0 59.0 60.0 
60.0 59.0 60.0 61.0 
61.0 60.0 60.0 60.0 
70.0 60.0 64.0 70.0 
60.0 59.0 59.0 60.0 
60.0 59.0 60.0 60.0 
61.0 60.0 61.0 60.0 
72.0 59.0 65.0 70.0 
60.0 59.0 59.0 59.0 
60.0 60.0 60.0 60.0 
61.0 60.0 60.0 59.0 
72.0 59.0 65.0 69.0 
60.0 59.0 59.0 59.0 
60.0 59.0 60.0 60.0 
61.0 60.0 60.0 60.0 
71.0 60.0 64.0 70.0 
60.0 58.0 59.0 58.0 
60.0 59.0 61.0 60.0 
60.0 60.0 60.0 61.0 
71.0 59.0 65.0 70.0 
60.0 59.0 59.0 59.0 
59.0 59.0 60.0 60.0 
61.0 60.0 60.0 60.0 
71.0 60.0 64.0 69.0 
59.0 59.0 59.0 59.0 
60.0 59.0 60.0 61.0 
60.0 60.0 60.0 60.0 
70.0 60.0 64.0 69.0 
59.0 59.0 59.0 59.0 
59.0 59.0 60.0 60.0 
60.0 60.0 59.0 60.0 
71.0 59.0 64.0 69.0 
60.0 59.0 60.0 59.0 
60.0 59.0 60.0 60.0 
61.0 60.0 60.0 61.0 
71.0 60.0 64.0 70.0 
59.0 59.0 59.0 60.0 
60.0 59.0 60.0 60.0 
61.0 60.0 60.0 59.0 
71.0 60.0 65.0 70.0 
60.0 59.0 60.0 59.0 
59.0 60.0 61.0 61.0 
61.0 60.0 60.0 60.0 
71.0 58.0 64.0 69.0 
60.0 60.0 59.0 59.0 
60.0 59.0 61.0 60.0 
61.0 60.0 60.0 60.0 
71.0 60.0 64.0 70.0 
59.0 59.0 60.0 59.0 
59.0 59.0 61.0 60.0 
60.0 60.0 61.0 59.0 
71.0 59.0 65.0 70.0 
59.0 59.0 59.0 59.0 
60.0 60.0 60.0 61.0 
61.0 60.0 60.0 61.0 
72.0 60.0 64.0 70.0 
60.0 59.0 59.0 59.0 
59.0 59.0 60.0 60.0 
61.0 60.0 60.0 60.0 
71.0 60.0 64.0 70.0 
60.0 59.0 59.0 59.0 
60.0 59.0 61.0 60.0 
61.0 60.0 60.0 61.0 
72.0 59.0 64.0 68.0 
59.0 59.0 59.0 59.0 
59.0 59.0 59.0 60.0 
60.0 60.0 60.0 60.0 
71.0 60.0 64.0 70.0 
59.0 58.0 59.0 59.0 
60.0 59.0 60.0 60.0 
61.0 60.0 61.0 60.0 
71.0 59.0 65.0 70.0 
60.0 58.0 59.0 59.0 
59.0 59.0 60.0 60.0 
61.0 60.0 62.0 60.0 
70.0 59.0 64.0 70.0 
59.0 59.0 59.0 59.0 
60.0 59.0 60.0 60.0 
60.0 60.0 60.0 60.0 
71.0 60.0 64.0 70.0 
59.0 58.0 59.0 59.0 
59.0 60.0 60.0 60.0 
60.0 60.0 61.0 60.0 
70.0 60.0 64.0 70.0 
60.0 59.0 59.0 59.0 
59.0 59.0 60.0 61.0 
61.0 60.0 60.0 61.0 
71.0 59.0 64.0 70.0 
59.0 59.0 59.0 60.0 
60.0 59.0 60.0 60.0 
61.0 60.0 60.0 60.0 
71.0 60.0 65.0 70.0 
59.0 59.0 59.0 59.0 
59.0 59.0 60.0 60.0 
61.0 60.0 60.0 60.0 
71.0 60.0 65.0 69.0 
59.0 59.0 59.0 59.0 
61.0 59.0 60.0 60.0 
61.0 60.0 61.0 60.0 
71.0 60.0 64.0 70.0 
59.0 59.0 59.0 60.0 
60.0 60.0 60.0 61.0 
61.0 59.0 61.0 60.0 
72.0 60.0 64.0 70.0 
60.0 59.0 59.0 60.0 
60.0 60.0 60.0 60.0 
61.0 60.0 61.0 59.0 
71.0 59.0 64.0 68.0 
60.0 59.0 59.0 60.0 
60.0 59.0 60.0 60.0 
61.0 60.0 59.0 60.0 
72.0 60.0 64.0 69.0 
59.0 59.0 59.0 59.0 
60.0 59.0 60.0 60.0 
60.0 60.0 60.0 60.0 
72.0 60.0 64.0 70.0 
60.0 59.0 58.0 60.0 
60.0 59.0 60.0 60.0 
61.0 60.0 60.0 60.0 
72.0 60.0 64.0 70.0 
59.0 59.0 59.0 59.0 
60.0 59.0 60.0 60.0 
60.0 60.0 61.0 60.0 
70.0 59.0 63.0 70.0 
60.0 58.0 60.0 60.0 
60.0 59.0 60.0 60.0 
60.0 60.0 60.0 61.0 
71.0 59.0 64.0 70.0 
59.0 59.0 59.0 59.0 
59.0 59.0 60.0 60.0 
61.0 60.0 60.0 60.0 
70.0 60.0 64.0 70.0 
59.0 59.0 59.0 59.0 
60.0 59.0 60.0 60.0 
61.0 61.0 61.0 60.0 
71.0 59.0 64.0 69.0 
59.0 59.0 59.0 59.0 
59.0 59.0 60.0 60.0 
60.0 60.0 60.0 60.0 
70.0 58.0 64.0 69.0 
60.0 58.0 59.0 60.0 
60.0 59.0 60.0 60.0 
61.0 60.0 61.0 60.0 
70.0 59.0 64.0 69.0 
60.0 58.0 59.0 59.0 
60.0 59.0 60.0 60.0 
61.0 60.0 59.0 60.0 
71.0 59.0 65.0 69.0 
60.0 59.0 59.0 60.0 
59.0 60.0 60.0 60.0 
61.0 60.0 60.0 60.0 
70.0 59.0 64.0 69.0 
58.0 59.0 59.0 59.0 
60.0 59.0 60.0 60.0 
61.0 60.0 60.0 60.0 
71.0 59.0 65.0 69.0 
59.0 59.0 59.0 59.0 
60.0 59.0 60.0 60.0 
60.0 60.0 60.0 60.0 
70.0 59.0 64.0 69.0 
60.0 59.0 59.0 59.0 
60.0 59.0 60.0 60.0 
60.0 60.0 60.0 60.0 
71.0 59.0 64.0 70.0 
60.0 59.0 59.0 59.0 
60.0 59.0 60.0 60.0 
60.0 60.0 60.0 60.0 
70.0 59.0 65.0 69.0 
60.0 59.0 59.0 59.0 
60.0 60.0 60.0 60.0 
61.0 60.0 61.0 60.0 
71.0 60.0 64.0 70.0 
60.0 59.0 59.0 59.0 
59.0 59.0 60.0 61.0 
60.0 60.0 60.0 60.0 
71.0 60.0 65.0 69.0 
60.0 59.0 59.0 59.0 
59.0 59.0 60.0 60.0 
60.0 60.0 60.0 61.0 
71.0 59.0 64.0 70.0 
60.0 59.0 59.0 60.0 
60.0 60.0 61.0 60.0 
61.0 59.0 60.0 60.0 
70.0 59.0 65.0 69.0 
60.0 59.0 59.0 59.0 
60.0 59.0 60.0 60.0 
61.0 60.0 61.0 60.0 
71.0 60.0 64.0 69.0 
60.0 59.0 59.0 59.0 
60.0 59.0 60.0 60.0 
61.0 60.0 60.0 60.0 
70.0 60.0 64.0 69.0 
59.0 59.0 59.0 60.0 
60.0 59.0 61.0 59.0 
61.0 60.0 61.0 60.0 
70.0 59.0 64.0 69.0 
59.0 59.0 59.0 60.0 
60.0 59.0 61.0 60.0 
60.0 59.0 60.0 60.0 
70.0 60.0 64.0 70.0 
61.0 59.0 59.0 60.0 
60.0 60.0 60.0 60.0 
60.0 60.0 61.0 60.0 
71.0 60.0 64.0 70.0 
60.0 58.0 59.0 59.0 
60.0 59.0 60.0 60.0 
61.0 60.0 60.0 60.0 
70.0 59.0 64.0 70.0 
60.0 59.0 59.0 60.0 
60.0 59.0 60.0 60.0 
61.0 60.0 60.0 60.0 
71.0 60.0 64.0 70.0 
59.0 59.0 59.0 59.0 
60.0 59.0 60.0 60.0 
60.0 60.0 61.0 60.0 
70.0 59.0 64.0 70.0 
60.0 59.0 59.0 59.0 
60.0 59.0 60.0 60.0 
60.0 60.0 60.0 61.0 
70.0 59.0 64.0 70.0 
60.0 58.0 59.0 59.0 
60.0 59.0 60.0 60.0 
60.0 60.0 60.0 60.0 
72.0 59.0 65.0 70.0 
60.0 59.0 59.0 60.0 
60.0 59.0 59.0 60.0 
60.0 59.0 60.0 60.0 
72.0 59.0 65.0 70.0 
60.0 58.0 59.0 60.0 
60.0 59.0 61.0 61.0 
61.0 60.0 60.0 60.0 
72.0 60.0 64.0 70.0 
60.0 59.0 59.0 59.0 
59.0 60.0 60.0 60.0 
60.0 60.0 60.0 60.0 
71.0 59.0 64.0 70.0 
60.0 59.0 59.0 59.0 
59.0 59.0 61.0 60.0 
61.0 60.0 60.0 60.0 
70.0 59.0 65.0 69.0 
59.0 59.0 59.0 60.0 
60.0 59.0 60.0 60.0 
61.0 60.0 60.0 60.0 
69.0 60.0 64.0 69.0 
60.0 59.0 59.0 60.0 
59.0 59.0 60.0 60.0 
61.0 60.0 61.0 60.0 
69.0 59.0 64.0 70.0 
59.0 59.0 59.0 59.0 
60.0 59.0 61.0 60.0 
60.0 60.0 60.0 60.0 
69.0 59.0 64.0 69.0 
60.0 59.0 59.0 59.0 
60.0 59.0 60.0 61.0 
61.0 60.0 60.0 60.0 
70.0 60.0 64.0 70.0 
60.0 59.0 59.0 59.0 
59.0 59.0 60.0 60.0 
60.0 60.0 60.0 60.0 
69.0 60.0 65.0 70.0 
59.0 59.0 59.0 59.0 
60.0 59.0 60.0 61.0 
61.0 59.0 61.0 60.0 
69.0 59.0 64.0 70.0 
59.0 59.0 59.0 59.0 
59.0 61.0 60.0 61.0 
60.0 60.0 60.0 60.0 
69.0 60.0 64.0 70.0 
59.0 59.0 59.0 59.0 
59.0 59.0 60.0 61.0 
61.0 60.0 60.0 60.0 
70.0 60.0 65.0 70.0 
60.0 58.0 58.0 60.0 
59.0 59.0 60.0 61.0 
61.0 60.0 60.0 60.0 
70.0 60.0 64.0 70.0 
60.0 59.0 59.0 59.0 
61.0 59.0 60.0 60.0 
61.0 60.0 61.0 60.0 
69.0 59.0 64.0 69.0 
59.0 58.0 59.0 59.0 
60.0 59.0 61.0 60.0 
61.0 60.0 60.0 60.0 
69.0 61.0 64.0 70.0 
60.0 59.0 60.0 59.0 
59.0 59.0 61.0 61.0 
61.0 60.0 61.0 60.0 
70.0 59.0 65.0 70.0 
59.0 59.0 59.0 59.0 
59.0 59.0 60.0 60.0 
61.0 60.0 60.0 60.0 
69.0 59.0 64.0 69.0 
59.0 59.0 59.0 60.0 
59.0 59.0 60.0 60.0 
60.0 60.0 60.0 60.0 
70.0 59.0 64.0 69.0 
59.0 59.0 59.0 59.0 
60.0 59.0 60.0 60.0 
61.0 60.0 59.0 60.0 
71.0 60.0 64.0 69.0 
60.0 59.0 59.0 59.0 
60.0 59.0 60.0 61.0 
60.0 59.0 60.0 60.0 
70.0 59.0 64.0 70.0 
60.0 59.0 59.0 59.0 
60.0 59.0 60.0 61.0 
61.0 60.0 60.0 60.0 
70.0 59.0 64.0 70.0 
59.0 59.0 59.0 59.0 
59.0 59.0 60.0 60.0 
61.0 60.0 61.0 60.0 
69.0 59.0 65.0 69.0 
60.0 58.0 59.0 59.0 
59.0 59.0 60.0 61.0 
60.0 60.0 60.0 60.0 
68.0 59.0 65.0 69.0 
59.0 58.0 59.0 59.0 
60.0 59.0 61.0 60.0 
60.0 60.0 61.0 60.0 
68.0 60.0 65.0 69.0 
60.0 59.0 60.0 59.0 
60.0 59.0 60.0 60.0 
61.0 60.0 61.0 60.0 
67.0 59.0 65.0 69.0 
59.0 59.0 59.0 59.0 
60.0 59.0 59.0 61.0 
62.0 60.0 60.0 60.0 
68.0 59.0 64.0 69.0 
60.0 59.0 59.0 59.0 
60.0 60.0 60.0 60.0 
60.0 59.0 60.0 60.0 
68.0 59.0 64.0 69.0 
60.0 59.0 59.0 59.0 
59.0 59.0 60.0 59.0 
61.0 60.0 60.0 59.0 
69.0 59.0 64.0 69.0 
59.0 58.0 59.0 59.0 
59.0 59.0 61.0 61.0 
61.0 60.0 59.0 60.0 
69.0 59.0 64.0 69.0 
59.0 58.0 59.0 60.0 
59.0 59.0 61.0 60.0 
61.0 61.0 60.0 59.0 
68.0 60.0 64.0 70.0 
59.0 59.0 60.0 59.0 
59.0 59.0 60.0 60.0 
61.0 60.0 60.0 60.0 
68.0 59.0 64.0 69.0 
60.0 58.0 59.0 59.0 
60.0 59.0 60.0 60.0 
60.0 59.0 60.0 60.0 
68.0 60.0 64.0 69.0 
60.0 59.0 59.0 59.0 
59.0 59.0 60.0 61.0 
61.0 60.0 60.0 60.0 
68.0 59.0 64.0 69.0 
60.0 59.0 60.0 59.0 
60.0 59.0 60.0 60.0 
61.0 60.0 61.0 60.0 
67.0 60.0 64.0 70.0 
59.0 59.0 59.0 59.0 
60.0 60.0 59.0 60.0 
61.0 60.0 60.0 60.0 
67.0 61.0 64.0 69.0 
60.0 59.0 59.0 60.0 
60.0 59.0 60.0 60.0 
60.0 60.0 60.0 60.0 
69.0 60.0 64.0 69.0 
60.0 59.0 59.0 60.0 
60.0 59.0 60.0 60.0 
60.0 60.0 60.0 61.0 
68.0 59.0 64.0 69.0 
59.0 59.0 59.0 59.0 
59.0 59.0 61.0 60.0 
61.0 60.0 60.0 60.0 
67.0 60.0 64.0 69.0 
60.0 58.0 59.0 59.0 
60.0 59.0 60.0 60.0 
61.0 59.0 59.0 60.0 
68.0 59.0 64.0 69.0 
60.0 59.0 59.0 60.0 
60.0 60.0 60.0 60.0 
60.0 60.0 60.0 60.0 
68.0 60.0 65.0 69.0 
59.0 59.0 59.0 59.0 
60.0 59.0 60.0 60.0 
61.0 60.0 60.0 60.0 
68.0 59.0 64.0 69.0 
59.0 59.0 59.0 59.0 
59.0 59.0 60.0 60.0 
61.0 60.0 60.0 59.0 
69.0 59.0 64.0 69.0 
60.0 58.0 59.0 60.0 
60.0 60.0 61.0 60.0 
61.0 60.0 61.0 60.0 
68.0 60.0 65.0 69.0 
60.0 59.0 60.0 59.0 
59.0 60.0 60.0 61.0 
61.0 60.0 61.0 60.0 
68.0 59.0 64.0 69.0 
60.0 58.0 59.0 59.0 
59.0 59.0 60.0 60.0 
60.0 60.0 60.0 60.0 
68.0 59.0 65.0 69.0 
59.0 59.0 59.0 59.0 
59.0 59.0 61.0 60.0 
61.0 60.0 60.0 60.0 
69.0 60.0 64.0 69.0 
60.0 59.0 59.0 59.0 
60.0 59.0 60.0 60.0 
61.0 60.0 60.0 60.0 
69.0 60.0 64.0 70.0 
60.0 59.0 59.0 59.0 
59.0 60.0 61.0 61.0 
60.0 60.0 60.0 60.0 
68.0 60.0 65.0 68.0 
59.0 59.0 59.0 59.0 
60.0 59.0 60.0 60.0 
60.0 60.0 61.0 60.0 
68.0 60.0 64.0 69.0 
60.0 60.0 59.0 59.0 
61.0 59.0 61.0 60.0 
61.0 60.0 60.0 60.0 
69.0 60.0 65.0 69.0 
60.0 59.0 60.0 59.0 
59.0 61.0 60.0 60.0 
61.0 60.0 59.0 60.0 
69.0 59.0 64.0 69.0 
59.0 59.0 58.0 59.0 
59.0 59.0 60.0 60.0 
61.0 60.0 60.0 59.0 
70.0 59.0 64.0 70.0 
60.0 59.0 59.0 59.0 
59.0 59.0 60.0 61.0 
61.0 60.0 60.0 60.0 
69.0 60.0 64.0 70.0 
60.0 58.0 59.0 59.0 
59.0 59.0 61.0 60.0 
60.0 59.0 60.0 59.0 
71.0 60.0 64.0 70.0 
60.0 59.0 59.0 59.0 
60.0 59.0 60.0 60.0 
62.0 60.0 61.0 60.0 
69.0 60.0 65.0 70.0 
60.0 59.0 60.0 59.0 
60.0 59.0 60.0 60.0 
60.0 60.0 60.0 61.0 
71.0 60.0 64.0 70.0 
60.0 60.0 59.0 59.0 
59.0 59.0 60.0 61.0 
61.0 60.0 60.0 59.0 
70.0 60.0 65.0 70.0 
60.0 59.0 60.0 59.0 
60.0 58.0 61.0 60.0 
61.0 60.0 61.0 61.0 
71.0 59.0 64.0 69.0 
59.0 59.0 59.0 59.0 
60.0 60.0 60.0 60.0 
61.0 60.0 60.0 60.0 
71.0 59.0 65.0 69.0 
59.0 58.0 60.0 59.0 
59.0 59.0 60.0 60.0 
61.0 60.0 60.0 61.0 
70.0 60.0 65.0 70.0 
59.0 59.0 59.0 60.0 
59.0 58.0 60.0 61.0 
60.0 60.0 61.0 60.0 
70.0 59.0 65.0 70.0 
60.0 59.0 59.0 59.0 
59.0 59.0 60.0 60.0 
60.0 61.0 60.0 59.0 
71.0 59.0 64.0 69.0 
59.0 59.0 59.0 59.0 
60.0 59.0 60.0 60.0 
61.0 60.0 60.0 60.0 
70.0 60.0 64.0 70.0 
59.0 59.0 58.0 59.0 
60.0 58.0 60.0 60.0 
61.0 59.0 60.0 60.0 
70.0 60.0 64.0 70.0 
60.0 58.0 59.0 59.0 
59.0 60.0 60.0 60.0 
61.0 60.0 60.0 60.0 
69.0 59.0 64.0 69.0 
60.0 59.0 59.0 59.0 
60.0 59.0 59.0 60.0 
60.0 60.0 60.0 60.0 
71.0 60.0 64.0 69.0 
60.0 59.0 59.0 59.0 
59.0 60.0 61.0 60.0 
60.0 60.0 60.0 60.0 
71.0 60.0 65.0 70.0 
59.0 59.0 59.0 59.0 
60.0 59.0 60.0 60.0 
60.0 60.0 61.0 60.0 
70.0 60.0 64.0 70.0 
60.0 59.0 59.0 59.0 
60.0 60.0 60.0 60.0 
60.0 60.0 61.0 60.0 
70.0 59.0 64.0 69.0 
60.0 59.0 59.0 59.0 
59.0 60.0 60.0 60.0 
61.0 60.0 61.0 60.0 
70.0 59.0 64.0 69.0 
59.0 59.0 59.0 59.0 
60.0 59.0 61.0 61.0 
61.0 59.0 61.0 60.0 
70.0 59.0 64.0 69.0 
60.0 58.0 59.0 59.0 
60.0 59.0 60.0 60.0 
61.0 60.0 59.0 60.0 
70.0 60.0 65.0 70.0 
59.0 58.0 59.0 59.0 
60.0 59.0 60.0 60.0 
61.0 60.0 60.0 60.0 
70.0 60.0 64.0 69.0 
60.0 59.0 59.0 60.0 
60.0 59.0 60.0 60.0 
61.0 60.0 60.0 61.0 
71.0 60.0 64.0 70.0 
61.0 59.0 59.0 59.0 
60.0 60.0 60.0 60.0 
61.0 60.0 60.0 60.0 
71.0 60.0 64.0 70.0 
60.0 59.0 59.0 59.0 
59.0 59.0 60.0 60.0 
61.0 60.0 61.0 59.0 
71.0 59.0 65.0 70.0 
59.0 58.0 59.0 60.0 
59.0 59.0 60.0 60.0 
60.0 60.0 60.0 60.0 
71.0 59.0 64.0 70.0 
60.0 58.0 60.0 59.0 
59.0 59.0 60.0 60.0 
61.0 60.0 60.0 60.0 
71.0 60.0 65.0 70.0 
60.0 58.0 59.0 59.0 
59.0 59.0 60.0 60.0 
61.0 60.0 60.0 60.0 
72.0 60.0 65.0 70.0 
59.0 59.0 59.0 59.0 
60.0 59.0 59.0 60.0 
60.0 60.0 60.0 60.0 
74.0 60.0 64.0 70.0 
60.0 58.0 59.0 59.0 
60.0 59.0 60.0 59.0 
61.0 59.0 60.0 60.0 
75.0 60.0 64.0 70.0 
60.0 59.0 59.0 59.0 
59.0 59.0 60.0 60.0 
60.0 60.0 61.0 60.0 
73.0 60.0 65.0 70.0 
59.0 59.0 60.0 59.0 
59.0 60.0 59.0 60.0 
60.0 61.0 60.0 60.0 
76.0 59.0 64.0 70.0 
60.0 58.0 59.0 60.0 
60.0 59.0 60.0 61.0 
61.0 60.0 60.0 60.0 
74.0 59.0 65.0 70.0 
59.0 59.0 60.0 59.0 
59.0 59.0 60.0 60.0 
60.0 60.0 60.0 60.0 
75.0 60.0 64.0 70.0 
60.0 59.0 59.0 59.0 
59.0 59.0 60.0 60.0 
60.0 60.0 60.0 61.0 
75.0 59.0 64.0 70.0 
59.0 59.0 58.0 59.0 
59.0 59.0 59.0 60.0 
61.0 60.0 60.0 60.0 
75.0 60.0 65.0 70.0 
59.0 59.0 59.0 59.0 
59.0 59.0 60.0 59.0 
60.0 59.0 60.0 60.0 
75.0 60.0 65.0 70.0 
60.0 58.0 59.0 59.0 
59.0 59.0 59.0 61.0 
61.0 60.0 61.0 60.0 
74.0 60.0 65.0 70.0 
60.0 59.0 60.0 59.0 
60.0 60.0 59.0 60.0 
60.0 60.0 61.0 60.0 
75.0 59.0 64.0 70.0 
60.0 59.0 59.0 59.0 
60.0 60.0 60.0 60.0 
60.0 60.0 62.0 60.0 
75.0 59.0 65.0 70.0 
59.0 59.0 59.0 59.0 
60.0 59.0 60.0 60.0 
60.0 60.0 60.0 60.0 
75.0 59.0 64.0 71.0 
59.0 58.0 59.0 59.0 
59.0 59.0 60.0 60.0 
60.0 60.0 60.0 60.0 
76.0 59.0 65.0 70.0 
59.0 59.0 60.0 59.0 
59.0 60.0 61.0 60.0 
61.0 60.0 60.0 60.0 
75.0 59.0 65.0 71.0 
59.0 59.0 59.0 59.0 
60.0 60.0 60.0 60.0 
60.0 59.0 60.0 60.0 
76.0 59.0 65.0 71.0 
59.0 58.0 59.0 59.0 
59.0 59.0 60.0 60.0 
60.0 60.0 59.0 61.0 
76.0 59.0 65.0 70.0 
59.0 59.0 59.0 59.0 
59.0 59.0 59.0 60.0 
60.0 60.0 60.0 60.0 
75.0 60.0 65.0 70.0 
60.0 59.0 59.0 59.0 
59.0 59.0 60.0 60.0 
61.0 60.0 61.0 60.0 
75.0 60.0 64.0 71.0 
59.0 59.0 58.0 60.0 
59.0 60.0 60.0 60.0 
60.0 59.0 60.0 60.0 
75.0 60.0 65.0 70.0 
59.0 58.0 59.0 59.0 
59.0 59.0 60.0 60.0 
60.0 59.0 60.0 60.0 
75.0 59.0 65.0 70.0 
59.0 59.0 59.0 59.0 
59.0 60.0 60.0 61.0 
61.0 60.0 60.0 60.0 
75.0 60.0 64.0 71.0 
59.0 58.0 59.0 59.0 
59.0 59.0 60.0 60.0 
60.0 59.0 60.0 60.0 
75.0 60.0 64.0 71.0 
59.0 59.0 59.0 59.0 
59.0 59.0 60.0 60.0 
60.0 60.0 60.0 59.0 
75.0 59.0 65.0 70.0 
59.0 58.0 59.0 60.0 
59.0 59.0 60.0 60.0 
60.0 60.0 60.0 61.0 
76.0 59.0 65.0 71.0 
59.0 58.0 59.0 59.0 
60.0 59.0 60.0 61.0 
60.0 60.0 61.0 60.0 
76.0 60.0 64.0 70.0 
59.0 59.0 59.0 59.0 
60.0 59.0 61.0 60.0 
61.0 60.0 61.0 59.0 
75.0 60.0 64.0 71.0 
60.0 59.0 59.0 59.0 
60.0 60.0 59.0 60.0 
61.0 60.0 60.0 60.0 
75.0 59.0 64.0 70.0 
60.0 59.0 60.0 59.0 
59.0 58.0 59.0 61.0 
61.0 60.0 60.0 60.0 
74.0 59.0 65.0 71.0 
60.0 59.0 59.0 60.0 
60.0 59.0 60.0 60.0 
60.0 60.0 60.0 60.0 
75.0 59.0 64.0 70.0 
59.0 59.0 60.0 59.0 
59.0 59.0 60.0 60.0 
60.0 60.0 60.0 60.0 
75.0 59.0 64.0 70.0 
59.0 58.0 60.0 59.0 
60.0 59.0 59.0 60.0 
60.0 60.0 60.0 60.0 
75.0 59.0 65.0 70.0 
59.0 60.0 59.0 59.0 
59.0 58.0 60.0 60.0 
60.0 60.0 60.0 60.0 
74.0 59.0 64.0 70.0 
60.0 58.0 59.0 59.0 
59.0 59.0 60.0 60.0 
61.0 60.0 60.0 60.0 
74.0 59.0 65.0 70.0 
59.0 59.0 59.0 59.0 
59.0 60.0 59.0 60.0 
61.0 60.0 60.0 59.0 
74.0 59.0 64.0 70.0 
59.0 60.0 59.0 59.0 
60.0 60.0 59.0 60.0 
60.0 60.0 60.0 60.0 
73.0 60.0 65.0 70.0 
60.0 58.0 59.0 59.0 
60.0 59.0 60.0 60.0 
61.0 60.0 61.0 60.0 
73.0 60.0 64.0 70.0 
59.0 58.0 60.0 59.0 
60.0 59.0 60.0 61.0 
60.0 60.0 60.0 60.0 
73.0 60.0 64.0 70.0 
59.0 59.0 59.0 60.0 
60.0 60.0 60.0 61.0 
61.0 60.0 60.0 60.0 
74.0 59.0 65.0 71.0 
59.0 59.0 59.0 60.0 
60.0 59.0 59.0 61.0 
61.0 60.0 59.0 60.0 
74.0 60.0 64.0 71.0 
60.0 59.0 59.0 60.0 
60.0 59.0 60.0 61.0 
61.0 60.0 60.0 60.0 
73.0 59.0 64.0 70.0 
59.0 59.0 59.0 59.0 
59.0 59.0 59.0 60.0 
60.0 60.0 60.0 60.0 
75.0 59.0 65.0 70.0 
60.0 59.0 59.0 59.0 
59.0 59.0 60.0 61.0 
61.0 60.0 60.0 59.0 
74.0 60.0 65.0 70.0 
60.0 59.0 59.0 59.0 
59.0 60.0 60.0 61.0 
60.0 61.0 60.0 60.0 
74.0 59.0 65.0 70.0 
59.0 59.0 59.0 59.0 
60.0 60.0 59.0 60.0 
60.0 60.0 59.0 60.0 
74.0 60.0 64.0 70.0 
59.0 58.0 59.0 59.0 
59.0 59.0 60.0 60.0 
60.0 60.0 60.0 61.0 
74.0 58.0 65.0 70.0 
60.0 59.0 59.0 60.0 
60.0 60.0 60.0 60.0 
60.0 59.0 60.0 60.0 
72.0 60.0 64.0 70.0 
59.0 59.0 59.0 59.0 
60.0 59.0 59.0 60.0 
60.0 60.0 60.0 61.0 
72.0 59.0 65.0 70.0 
60.0 59.0 59.0 59.0 
59.0 59.0 61.0 60.0 
60.0 60.0 60.0 60.0 
72.0 59.0 64.0 70.0 
60.0 58.0 59.0 60.0 
59.0 59.0 60.0 61.0 
61.0 60.0 60.0 60.0 
73.0 60.0 64.0 70.0 
59.0 59.0 59.0 59.0 
60.0 59.0 59.0 61.0 
61.0 60.0 61.0 60.0 
71.0 59.0 65.0 68.0 
59.0 59.0 60.0 59.0 
60.0 59.0 60.0 60.0 
61.0 61.0 60.0 60.0 
73.0 59.0 64.0 70.0 
59.0 59.0 59.0 59.0 
60.0 59.0 61.0 60.0 
60.0 60.0 60.0 60.0 
71.0 60.0 64.0 70.0 
60.0 59.0 59.0 59.0 
60.0 60.0 61.0 60.0 
60.0 60.0 60.0 60.0 
70.0 59.0 64.0 69.0 
59.0 59.0 59.0 59.0 
60.0 60.0 60.0 60.0 
61.0 60.0 60.0 60.0 
70.0 59.0 64.0 69.0 
59.0 58.0 59.0 59.0 
60.0 60.0 60.0 61.0 
60.0 59.0 60.0 60.0 
72.0 61.0 65.0 70.0 
60.0 59.0 59.0 59.0 
60.0 59.0 60.0 61.0 
61.0 60.0 61.0 60.0 
71.0 58.0 65.0 70.0 
60.0 59.0 60.0 59.0 
60.0 59.0 61.0 60.0 
60.0 60.0 60.0 61.0 
71.0 59.0 64.0 70.0 
60.0 58.0 59.0 59.0 
60.0 59.0 61.0 61.0 
61.0 60.0 60.0 60.0 
72.0 59.0 64.0 70.0 
60.0 59.0 60.0 59.0 
60.0 60.0 60.0 60.0 
61.0 60.0 60.0 60.0 
71.0 59.0 64.0 70.0 
60.0 59.0 59.0 60.0 
60.0 59.0 61.0 61.0 
60.0 60.0 60.0 60.0 
70.0 59.0 64.0 70.0 
60.0 59.0 59.0 59.0 
60.0 59.0 60.0 60.0 
61.0 60.0 60.0 60.0 
70.0 59.0 64.0 70.0 
60.0 58.0 59.0 59.0 
60.0 59.0 61.0 60.0 
60.0 60.0 60.0 60.0 
71.0 60.0 64.0 69.0 
59.0 58.0 59.0 59.0 
60.0 59.0 60.0 61.0 
61.0 60.0 61.0 60.0 
70.0 59.0 64.0 70.0 
59.0 59.0 59.0 59.0 
60.0 59.0 60.0 60.0 
61.0 60.0 60.0 60.0 
69.0 59.0 64.0 69.0 
60.0 58.0 59.0 59.0 
60.0 59.0 61.0 60.0 
61.0 60.0 60.0 60.0 
69.0 59.0 64.0 69.0 
59.0 59.0 59.0 59.0 
60.0 59.0 61.0 61.0 
61.0 60.0 60.0 60.0 
69.0 60.0 64.0 69.0 
60.0 59.0 59.0 59.0 
59.0 60.0 60.0 61.0 
61.0 60.0 60.0 60.0 
68.0 60.0 64.0 69.0 
59.0 59.0 59.0 59.0 
60.0 60.0 61.0 61.0 
61.0 59.0 60.0 60.0 
69.0 59.0 64.0 69.0 
59.0 59.0 59.0 59.0 
60.0 59.0 61.0 60.0 
61.0 60.0 60.0 60.0 
68.0 59.0 64.0 69.0 
60.0 59.0 60.0 59.0 
59.0 59.0 60.0 60.0 
61.0 60.0 60.0 60.0 
67.0 59.0 64.0 69.0 
60.0 58.0 59.0 59.0 
60.0 59.0 60.0 60.0 
60.0 60.0 60.0 60.0 
