76.0 63.0 63.0 63.0 
58.0 53.0 59.0 61.0 
56.0 61.0 57.0 59.0 
58.0 62.0 57.0 60.0 
78.0 62.0 63.0 62.0 
55.0 59.0 59.0 58.0 
56.0 60.0 59.0 59.0 
62.0 56.0 61.0 57.0 
80.0 63.0 62.0 64.0 
57.0 58.0 57.0 59.0 
54.0 61.0 56.0 62.0 
58.0 58.0 59.0 59.0 
81.0 62.0 63.0 61.0 
56.0 58.0 58.0 59.0 
62.0 55.0 60.0 58.0 
61.0 55.0 62.0 57.0 
75.0 67.0 59.0 66.0 
57.0 58.0 57.0 58.0 
53.0 59.0 58.0 59.0 
55.0 62.0 59.0 58.0 
78.0 67.0 59.0 64.0 
56.0 61.0 58.0 58.0 
57.0 58.0 60.0 56.0 
58.0 62.0 57.0 62.0 
75.0 67.0 61.0 63.0 
56.0 62.0 56.0 60.0 
54.0 60.0 58.0 60.0 
56.0 62.0 57.0 59.0 
76.0 65.0 61.0 64.0 
61.0 55.0 59.0 57.0 
59.0 58.0 59.0 59.0 
62.0 56.0 62.0 56.0 
74.0 68.0 59.0 65.0 
55.0 60.0 57.0 60.0 
59.0 57.0 60.0 57.0 
54.0 63.0 60.0 57.0 
76.0 65.0 61.0 65.0 
58.0 59.0 55.0 59.0 
58.0 55.0 60.0 63.0 
60.0 60.0 56.0 60.0 
82.0 61.0 62.0 63.0 
56.0 58.0 59.0 56.0 
60.0 57.0 60.0 59.0 
55.0 62.0 57.0 62.0 
74.0 68.0 59.0 66.0 
59.0 56.0 61.0 55.0 
60.0 55.0 61.0 57.0 
55.0 63.0 57.0 63.0 
82.0 61.0 64.0 61.0 
60.0 55.0 62.0 58.0 
54.0 61.0 58.0 59.0 
56.0 59.0 60.0 57.0 
77.0 66.0 61.0 65.0 
63.0 54.0 60.0 55.0 
57.0 57.0 60.0 58.0 
56.0 62.0 58.0 58.0 
76.0 67.0 62.0 61.0 
57.0 54.0 60.0 59.0 
57.0 62.0 59.0 60.0 
58.0 57.0 61.0 57.0 
81.0 61.0 63.0 61.0 
55.0 61.0 56.0 61.0 
58.0 58.0 58.0 59.0 
55.0 62.0 56.0 62.0 
82.0 61.0 62.0 62.0 
55.0 59.0 58.0 59.0 
54.0 61.0 55.0 62.0 
58.0 59.0 58.0 60.0 
78.0 66.0 60.0 67.0 
58.0 58.0 58.0 61.0 
59.0 56.0 61.0 58.0 
62.0 56.0 61.0 59.0 
81.0 64.0 61.0 64.0 
54.0 59.0 56.0 60.0 
63.0 57.0 59.0 62.0 
63.0 58.0 57.0 61.0 
78.0 62.0 62.0 64.0 
59.0 54.0 60.0 58.0 
60.0 58.0 56.0 62.0 
62.0 57.0 61.0 58.0 
80.0 63.0 61.0 64.0 
57.0 58.0 59.0 58.0 
54.0 62.0 56.0 62.0 
61.0 56.0 62.0 56.0 
79.0 64.0 59.0 67.0 
59.0 54.0 62.0 55.0 
59.0 58.0 59.0 60.0 
62.0 56.0 62.0 57.0 
82.0 62.0 62.0 63.0 
56.0 59.0 58.0 56.0 
56.0 59.0 59.0 59.0 
60.0 58.0 62.0 56.0 
82.0 64.0 60.0 66.0 
61.0 59.0 59.0 56.0 
55.0 60.0 58.0 58.0 
60.0 61.0 58.0 62.0 
76.0 64.0 62.0 62.0 
56.0 58.0 60.0 55.0 
58.0 57.0 62.0 56.0 
56.0 62.0 57.0 63.0 
77.0 64.0 61.0 61.0 
59.0 56.0 59.0 57.0 
62.0 55.0 62.0 56.0 
57.0 59.0 59.0 61.0 
77.0 65.0 59.0 67.0 
57.0 60.0 57.0 61.0 
56.0 62.0 58.0 63.0 
59.0 58.0 59.0 61.0 
81.0 62.0 61.0 64.0 
62.0 55.0 62.0 55.0 
57.0 59.0 58.0 58.0 
56.0 62.0 59.0 59.0 
77.0 67.0 59.0 63.0 
55.0 60.0 56.0 57.0 
59.0 56.0 63.0 57.0 
55.0 61.0 58.0 61.0 
76.0 69.0 58.0 66.0 
61.0 54.0 59.0 57.0 
62.0 55.0 62.0 57.0 
55.0 63.0 57.0 61.0 
75.0 67.0 58.0 67.0 
59.0 58.0 59.0 58.0 
54.0 62.0 57.0 59.0 
62.0 58.0 59.0 60.0 
81.0 61.0 63.0 61.0 
59.0 61.0 55.0 62.0 
58.0 59.0 58.0 61.0 
61.0 58.0 59.0 58.0 
78.0 64.0 61.0 64.0 
55.0 58.0 58.0 56.0 
61.0 54.0 59.0 61.0 
63.0 59.0 56.0 61.0 
79.0 65.0 59.0 67.0 
61.0 57.0 57.0 61.0 
59.0 61.0 56.0 62.0 
62.0 56.0 61.0 58.0 
79.0 62.0 63.0 61.0 
58.0 58.0 59.0 58.0 
55.0 61.0 57.0 61.0 
61.0 57.0 60.0 59.0 
79.0 65.0 61.0 64.0 
54.0 61.0 56.0 59.0 
62.0 56.0 59.0 59.0 
63.0 55.0 60.0 58.0 
78.0 64.0 62.0 62.0 
57.0 58.0 57.0 59.0 
62.0 55.0 62.0 57.0 
55.0 62.0 57.0 61.0 
75.0 64.0 64.0 62.0 
59.0 54.0 59.0 60.0 
54.0 61.0 59.0 60.0 
61.0 56.0 59.0 59.0 
79.0 61.0 63.0 63.0 
61.0 57.0 59.0 59.0 
57.0 58.0 60.0 58.0 
57.0 60.0 58.0 59.0 
77.0 64.0 60.0 65.0 
57.0 57.0 60.0 56.0 
56.0 58.0 60.0 58.0 
58.0 58.0 60.0 59.0 
79.0 65.0 62.0 66.0 
62.0 54.0 58.0 57.0 
56.0 59.0 60.0 59.0 
58.0 60.0 60.0 58.0 
77.0 65.0 60.0 64.0 
57.0 59.0 58.0 58.0 
56.0 58.0 62.0 56.0 
58.0 59.0 61.0 58.0 
81.0 63.0 59.0 66.0 
59.0 58.0 57.0 59.0 
62.0 58.0 56.0 62.0 
62.0 58.0 59.0 59.0 
77.0 66.0 57.0 66.0 
60.0 58.0 58.0 61.0 
58.0 58.0 59.0 62.0 
61.0 58.0 60.0 58.0 
72.0 68.0 59.0 66.0 
62.0 54.0 61.0 55.0 
56.0 59.0 58.0 62.0 
59.0 59.0 60.0 60.0 
79.0 62.0 64.0 64.0 
62.0 55.0 59.0 58.0 
58.0 58.0 60.0 58.0 
56.0 59.0 59.0 59.0 
81.0 61.0 64.0 62.0 
62.0 57.0 57.0 61.0 
61.0 62.0 56.0 61.0 
57.0 59.0 62.0 58.0 
80.0 66.0 58.0 66.0 
59.0 58.0 56.0 61.0 
56.0 59.0 60.0 57.0 
56.0 62.0 58.0 61.0 
79.0 64.0 61.0 64.0 
57.0 57.0 58.0 57.0 
54.0 59.0 59.0 60.0 
62.0 57.0 60.0 57.0 
82.0 61.0 64.0 63.0 
60.0 56.0 61.0 56.0 
57.0 59.0 58.0 61.0 
59.0 59.0 59.0 62.0 
82.0 63.0 61.0 65.0 
62.0 55.0 61.0 59.0 
61.0 57.0 61.0 56.0 
54.0 62.0 58.0 59.0 
79.0 63.0 63.0 64.0 
60.0 57.0 56.0 59.0 
55.0 56.0 61.0 56.0 
56.0 59.0 61.0 56.0 
79.0 61.0 62.0 62.0 
57.0 59.0 60.0 58.0 
57.0 58.0 59.0 59.0 
61.0 58.0 60.0 60.0 
77.0 64.0 61.0 63.0 
60.0 57.0 59.0 58.0 
62.0 54.0 60.0 56.0 
60.0 57.0 61.0 56.0 
80.0 64.0 62.0 63.0 
59.0 57.0 58.0 59.0 
62.0 55.0 62.0 59.0 
60.0 57.0 62.0 57.0 
80.0 62.0 62.0 63.0 
55.0 61.0 55.0 60.0 
54.0 62.0 58.0 60.0 
55.0 61.0 62.0 59.0 
77.0 61.0 63.0 62.0 
57.0 58.0 59.0 56.0 
56.0 59.0 61.0 59.0 
60.0 58.0 59.0 63.0 
75.0 67.0 60.0 65.0 
60.0 57.0 59.0 59.0 
63.0 56.0 61.0 59.0 
59.0 57.0 62.0 57.0 
79.0 64.0 61.0 64.0 
61.0 56.0 60.0 56.0 
61.0 55.0 62.0 58.0 
61.0 57.0 63.0 56.0 
77.0 67.0 60.0 63.0 
55.0 61.0 56.0 62.0 
62.0 55.0 63.0 57.0 
57.0 61.0 57.0 62.0 
81.0 65.0 61.0 66.0 
61.0 56.0 58.0 61.0 
57.0 55.0 59.0 61.0 
62.0 60.0 58.0 61.0 
79.0 65.0 57.0 67.0 
62.0 55.0 61.0 58.0 
63.0 55.0 62.0 56.0 
58.0 60.0 57.0 61.0 
78.0 69.0 59.0 68.0 
61.0 57.0 58.0 61.0 
63.0 56.0 60.0 59.0 
56.0 60.0 61.0 60.0 
78.0 65.0 61.0 66.0 
58.0 58.0 60.0 59.0 
58.0 58.0 60.0 57.0 
58.0 58.0 60.0 57.0 
75.0 66.0 60.0 64.0 
54.0 61.0 57.0 60.0 
55.0 61.0 57.0 61.0 
61.0 60.0 57.0 61.0 
76.0 67.0 61.0 60.0 
57.0 54.0 60.0 60.0 
57.0 62.0 59.0 59.0 
54.0 62.0 59.0 58.0 
75.0 68.0 58.0 66.0 
61.0 57.0 58.0 58.0 
62.0 55.0 61.0 57.0 
54.0 62.0 57.0 60.0 
81.0 68.0 58.0 65.0 
62.0 55.0 61.0 57.0 
62.0 55.0 62.0 57.0 
59.0 58.0 60.0 59.0 
79.0 64.0 60.0 65.0 
57.0 58.0 58.0 60.0 
59.0 56.0 61.0 57.0 
61.0 57.0 61.0 58.0 
79.0 64.0 61.0 63.0 
57.0 56.0 62.0 56.0 
62.0 57.0 58.0 61.0 
58.0 62.0 56.0 59.0 
77.0 63.0 62.0 65.0 
55.0 60.0 58.0 57.0 
54.0 61.0 60.0 57.0 
56.0 62.0 58.0 61.0 
78.0 62.0 63.0 61.0 
53.0 61.0 56.0 61.0 
57.0 59.0 58.0 60.0 
59.0 58.0 62.0 58.0 
78.0 65.0 61.0 63.0 
58.0 58.0 59.0 58.0 
62.0 55.0 62.0 56.0 
60.0 58.0 60.0 58.0 
77.0 67.0 59.0 67.0 
55.0 60.0 57.0 58.0 
61.0 56.0 62.0 56.0 
57.0 62.0 57.0 63.0 
79.0 64.0 60.0 66.0 
61.0 57.0 57.0 61.0 
60.0 60.0 57.0 60.0 
59.0 61.0 56.0 61.0 
79.0 63.0 64.0 64.0 
55.0 60.0 58.0 59.0 
54.0 61.0 59.0 59.0 
59.0 61.0 58.0 63.0 
78.0 64.0 62.0 62.0 
59.0 60.0 56.0 61.0 
58.0 58.0 59.0 60.0 
56.0 62.0 58.0 61.0 
78.0 65.0 62.0 64.0 
54.0 61.0 56.0 59.0 
62.0 56.0 61.0 60.0 
62.0 55.0 62.0 58.0 
82.0 63.0 63.0 62.0 
55.0 60.0 58.0 60.0 
61.0 58.0 58.0 62.0 
63.0 58.0 58.0 63.0 
77.0 61.0 62.0 64.0 
63.0 55.0 58.0 60.0 
59.0 58.0 59.0 63.0 
62.0 56.0 62.0 58.0 
76.0 65.0 61.0 62.0 
58.0 60.0 56.0 61.0 
59.0 59.0 59.0 61.0 
59.0 58.0 62.0 57.0 
82.0 62.0 63.0 63.0 
56.0 60.0 56.0 58.0 
63.0 55.0 61.0 59.0 
62.0 56.0 63.0 56.0 
78.0 68.0 60.0 65.0 
54.0 61.0 56.0 60.0 
55.0 61.0 59.0 60.0 
56.0 61.0 58.0 62.0 
75.0 67.0 61.0 65.0 
59.0 60.0 57.0 62.0 
57.0 56.0 61.0 59.0 
62.0 57.0 58.0 63.0 
80.0 63.0 61.0 65.0 
58.0 55.0 61.0 57.0 
62.0 55.0 61.0 57.0 
56.0 63.0 57.0 62.0 
77.0 67.0 60.0 66.0 
61.0 56.0 61.0 58.0 
61.0 58.0 60.0 60.0 
57.0 60.0 59.0 60.0 
76.0 69.0 59.0 68.0 
60.0 55.0 62.0 57.0 
61.0 56.0 62.0 59.0 
62.0 55.0 61.0 59.0 
80.0 65.0 61.0 66.0 
62.0 56.0 61.0 56.0 
57.0 59.0 59.0 60.0 
61.0 59.0 58.0 63.0 
80.0 62.0 63.0 65.0 
63.0 57.0 57.0 61.0 
57.0 56.0 59.0 59.0 
61.0 57.0 61.0 63.0 
77.0 68.0 60.0 66.0 
61.0 57.0 58.0 59.0 
58.0 61.0 57.0 63.0 
62.0 56.0 62.0 58.0 
84.0 63.0 62.0 66.0 
58.0 58.0 61.0 55.0 
60.0 59.0 60.0 59.0 
56.0 61.0 58.0 62.0 
80.0 65.0 60.0 65.0 
61.0 55.0 60.0 59.0 
58.0 59.0 60.0 58.0 
58.0 59.0 60.0 59.0 
81.0 62.0 64.0 62.0 
54.0 60.0 58.0 60.0 
55.0 59.0 60.0 56.0 
58.0 58.0 62.0 60.0 
78.0 63.0 63.0 67.0 
60.0 56.0 58.0 63.0 
54.0 61.0 61.0 56.0 
56.0 60.0 61.0 60.0 
77.0 69.0 59.0 65.0 
55.0 59.0 58.0 61.0 
60.0 58.0 59.0 60.0 
56.0 62.0 60.0 60.0 
81.0 65.0 58.0 68.0 
63.0 55.0 61.0 56.0 
58.0 59.0 59.0 61.0 
63.0 55.0 63.0 57.0 
84.0 65.0 62.0 66.0 
60.0 57.0 58.0 61.0 
60.0 58.0 61.0 57.0 
58.0 60.0 60.0 61.0 
78.0 67.0 61.0 62.0 
55.0 59.0 60.0 62.0 
61.0 59.0 58.0 63.0 
64.0 57.0 59.0 59.0 
78.0 66.0 63.0 63.0 
55.0 58.0 59.0 58.0 
60.0 58.0 59.0 59.0 
57.0 58.0 59.0 59.0 
85.0 64.0 63.0 63.0 
59.0 60.0 57.0 61.0 
62.0 58.0 61.0 59.0 
55.0 62.0 58.0 61.0 
81.0 64.0 62.0 63.0 
58.0 59.0 59.0 59.0 
62.0 57.0 59.0 60.0 
63.0 57.0 60.0 60.0 
76.0 69.0 58.0 67.0 
56.0 58.0 58.0 60.0 
54.0 61.0 59.0 60.0 
59.0 61.0 59.0 61.0 
77.0 67.0 61.0 64.0 
57.0 62.0 57.0 58.0 
54.0 61.0 60.0 59.0 
58.0 63.0 57.0 61.0 
78.0 67.0 61.0 62.0 
58.0 61.0 57.0 62.0 
58.0 59.0 58.0 63.0 
59.0 59.0 60.0 60.0 
80.0 65.0 60.0 66.0 
59.0 58.0 59.0 59.0 
55.0 63.0 58.0 62.0 
60.0 58.0 59.0 60.0 
79.0 66.0 61.0 65.0 
63.0 56.0 61.0 58.0 
54.0 62.0 57.0 60.0 
56.0 62.0 59.0 62.0 
84.0 63.0 64.0 62.0 
57.0 62.0 57.0 60.0 
63.0 58.0 59.0 63.0 
59.0 63.0 59.0 59.0 
82.0 64.0 60.0 66.0 
62.0 54.0 60.0 57.0 
62.0 56.0 62.0 57.0 
59.0 62.0 57.0 62.0 
82.0 64.0 62.0 65.0 
57.0 58.0 59.0 58.0 
56.0 61.0 58.0 62.0 
62.0 58.0 61.0 58.0 
77.0 69.0 59.0 68.0 
58.0 60.0 57.0 62.0 
59.0 57.0 63.0 57.0 
61.0 58.0 62.0 58.0 
78.0 66.0 60.0 64.0 
63.0 55.0 62.0 56.0 
57.0 59.0 58.0 63.0 
62.0 56.0 62.0 57.0 
75.0 67.0 60.0 62.0 
56.0 58.0 60.0 60.0 
55.0 62.0 60.0 58.0 
58.0 56.0 61.0 61.0 
78.0 69.0 59.0 67.0 
62.0 55.0 61.0 57.0 
62.0 57.0 60.0 60.0 
62.0 56.0 62.0 57.0 
79.0 65.0 63.0 62.0 
55.0 61.0 58.0 58.0 
56.0 60.0 59.0 60.0 
60.0 59.0 60.0 61.0 
84.0 62.0 64.0 63.0 
60.0 56.0 60.0 57.0 
61.0 55.0 61.0 59.0 
63.0 56.0 62.0 59.0 
81.0 65.0 61.0 65.0 
62.0 56.0 61.0 56.0 
58.0 58.0 62.0 56.0 
55.0 61.0 59.0 57.0 
81.0 66.0 59.0 63.0 
56.0 58.0 60.0 59.0 
60.0 61.0 58.0 61.0 
60.0 62.0 58.0 61.0 
81.0 64.0 62.0 64.0 
55.0 60.0 57.0 60.0 
58.0 60.0 58.0 61.0 
58.0 59.0 60.0 58.0 
79.0 67.0 58.0 67.0 
56.0 60.0 56.0 63.0 
61.0 56.0 61.0 59.0 
61.0 59.0 60.0 59.0 
80.0 67.0 60.0 67.0 
55.0 61.0 57.0 59.0 
61.0 59.0 60.0 62.0 
60.0 59.0 60.0 61.0 
80.0 64.0 64.0 62.0 
55.0 57.0 61.0 57.0 
60.0 59.0 56.0 62.0 
61.0 60.0 60.0 63.0 
81.0 65.0 61.0 67.0 
62.0 55.0 60.0 60.0 
61.0 57.0 59.0 60.0 
60.0 56.0 63.0 57.0 
78.0 69.0 59.0 66.0 
63.0 54.0 61.0 57.0 
58.0 58.0 60.0 59.0 
56.0 63.0 59.0 63.0 
83.0 63.0 64.0 61.0 
58.0 57.0 59.0 58.0 
63.0 56.0 61.0 57.0 
61.0 58.0 63.0 56.0 
80.0 65.0 64.0 60.0 
61.0 56.0 61.0 56.0 
54.0 61.0 57.0 64.0 
60.0 59.0 62.0 58.0 
83.0 65.0 59.0 65.0 
58.0 61.0 56.0 59.0 
56.0 56.0 62.0 58.0 
57.0 60.0 60.0 59.0 
76.0 68.0 60.0 65.0 
55.0 60.0 60.0 59.0 
59.0 60.0 58.0 63.0 
59.0 59.0 60.0 60.0 
80.0 65.0 60.0 65.0 
58.0 59.0 60.0 59.0 
54.0 62.0 57.0 63.0 
60.0 59.0 59.0 62.0 
81.0 63.0 62.0 63.0 
56.0 61.0 57.0 61.0 
62.0 56.0 62.0 58.0 
62.0 58.0 62.0 57.0 
76.0 67.0 60.0 64.0 
56.0 62.0 57.0 57.0 
56.0 63.0 58.0 59.0 
59.0 62.0 60.0 58.0 
80.0 68.0 59.0 66.0 
62.0 57.0 58.0 60.0 
56.0 61.0 59.0 61.0 
62.0 57.0 61.0 59.0 
84.0 64.0 62.0 64.0 
56.0 58.0 61.0 56.0 
58.0 58.0 59.0 58.0 
57.0 63.0 59.0 61.0 
82.0 65.0 61.0 64.0 
55.0 61.0 56.0 61.0 
60.0 57.0 61.0 57.0 
60.0 58.0 61.0 59.0 
79.0 67.0 60.0 65.0 
62.0 56.0 60.0 58.0 
55.0 63.0 57.0 63.0 
61.0 58.0 62.0 59.0 
78.0 67.0 60.0 65.0 
56.0 56.0 61.0 59.0 
62.0 56.0 60.0 64.0 
62.0 59.0 58.0 62.0 
76.0 66.0 61.0 61.0 
55.0 60.0 58.0 60.0 
56.0 61.0 59.0 60.0 
61.0 59.0 60.0 63.0 
80.0 64.0 61.0 65.0 
56.0 59.0 58.0 59.0 
57.0 59.0 59.0 57.0 
58.0 60.0 58.0 64.0 
75.0 66.0 60.0 64.0 
55.0 61.0 57.0 58.0 
62.0 56.0 62.0 58.0 
62.0 55.0 63.0 58.0 
76.0 69.0 60.0 64.0 
54.0 61.0 57.0 60.0 
55.0 63.0 57.0 63.0 
63.0 56.0 62.0 59.0 
76.0 66.0 63.0 61.0 
56.0 57.0 61.0 56.0 
61.0 58.0 60.0 63.0 
62.0 57.0 61.0 59.0 
80.0 61.0 64.0 62.0 
56.0 61.0 58.0 61.0 
55.0 62.0 57.0 63.0 
58.0 59.0 60.0 59.0 
76.0 65.0 62.0 63.0 
59.0 59.0 58.0 62.0 
60.0 60.0 60.0 61.0 
56.0 63.0 57.0 63.0 
76.0 67.0 59.0 67.0 
61.0 54.0 61.0 59.0 
61.0 59.0 60.0 61.0 
59.0 59.0 59.0 62.0 
83.0 62.0 64.0 62.0 
56.0 62.0 57.0 61.0 
56.0 58.0 62.0 60.0 
61.0 56.0 61.0 63.0 
76.0 66.0 62.0 64.0 
57.0 55.0 61.0 58.0 
59.0 60.0 57.0 62.0 
61.0 60.0 58.0 63.0 
80.0 62.0 63.0 64.0 
56.0 59.0 58.0 56.0 
56.0 63.0 57.0 63.0 
58.0 60.0 59.0 62.0 
79.0 64.0 61.0 65.0 
57.0 60.0 58.0 60.0 
58.0 60.0 60.0 61.0 
63.0 56.0 63.0 57.0 
75.0 63.0 63.0 61.0 
61.0 56.0 61.0 57.0 
58.0 60.0 58.0 62.0 
63.0 57.0 62.0 58.0 
68.0 67.0 59.0 63.0 
56.0 60.0 60.0 56.0 
60.0 57.0 58.0 62.0 
61.0 61.0 57.0 64.0 
73.0 68.0 60.0 65.0 
60.0 59.0 57.0 62.0 
56.0 62.0 59.0 62.0 
63.0 58.0 61.0 60.0 
70.0 65.0 61.0 65.0 
56.0 62.0 57.0 62.0 
59.0 59.0 61.0 59.0 
61.0 58.0 61.0 59.0 
71.0 63.0 61.0 65.0 
61.0 58.0 59.0 59.0 
58.0 60.0 61.0 58.0 
60.0 59.0 62.0 58.0 
71.0 62.0 62.0 62.0 
59.0 61.0 58.0 61.0 
60.0 59.0 59.0 63.0 
64.0 57.0 60.0 62.0 
72.0 60.0 62.0 65.0 
63.0 56.0 60.0 60.0 
60.0 62.0 57.0 62.0 
63.0 58.0 61.0 60.0 
71.0 67.0 59.0 65.0 
61.0 57.0 59.0 59.0 
56.0 63.0 58.0 63.0 
63.0 56.0 61.0 58.0 
70.0 66.0 61.0 67.0 
59.0 58.0 60.0 59.0 
56.0 62.0 57.0 63.0 
58.0 63.0 58.0 63.0 
71.0 67.0 62.0 69.0 
60.0 57.0 60.0 59.0 
58.0 60.0 61.0 60.0 
56.0 62.0 57.0 63.0 
68.0 66.0 62.0 69.0 
58.0 57.0 61.0 57.0 
60.0 56.0 61.0 62.0 
63.0 60.0 58.0 62.0 
70.0 67.0 63.0 65.0 
59.0 56.0 62.0 57.0 
56.0 60.0 60.0 60.0 
60.0 59.0 58.0 63.0 
72.0 64.0 65.0 66.0 
57.0 59.0 58.0 60.0 
54.0 61.0 59.0 60.0 
61.0 59.0 60.0 59.0 
70.0 64.0 63.0 68.0 
57.0 59.0 58.0 60.0 
56.0 62.0 57.0 64.0 
59.0 60.0 59.0 62.0 
70.0 66.0 62.0 68.0 
58.0 60.0 58.0 56.0 
59.0 59.0 60.0 61.0 
57.0 61.0 60.0 60.0 
69.0 68.0 63.0 65.0 
56.0 58.0 61.0 58.0 
56.0 60.0 63.0 61.0 
59.0 57.0 61.0 60.0 
72.0 65.0 64.0 67.0 
59.0 59.0 59.0 58.0 
59.0 56.0 62.0 58.0 
57.0 61.0 58.0 60.0 
71.0 66.0 65.0 64.0 
55.0 61.0 57.0 60.0 
55.0 62.0 58.0 62.0 
63.0 57.0 62.0 57.0 
73.0 65.0 65.0 66.0 
58.0 59.0 60.0 57.0 
58.0 61.0 58.0 64.0 
57.0 63.0 57.0 63.0 
76.0 63.0 67.0 64.0 
59.0 57.0 61.0 57.0 
55.0 60.0 61.0 58.0 
61.0 57.0 61.0 61.0 
70.0 61.0 66.0 66.0 
61.0 58.0 59.0 62.0 
61.0 65.0 62.0 66.0 
62.0 60.0 58.0 63.0 
65.0 62.0 63.0 63.0 
56.0 61.0 57.0 62.0 
63.0 62.0 64.0 64.0 
58.0 61.0 59.0 60.0 
65.0 62.0 62.0 66.0 
59.0 57.0 61.0 60.0 
60.0 64.0 61.0 68.0 
62.0 59.0 61.0 60.0 
61.0 63.0 62.0 67.0 
57.0 61.0 57.0 61.0 
66.0 59.0 66.0 63.0 
63.0 58.0 62.0 58.0 
65.0 65.0 62.0 68.0 
61.0 59.0 56.0 61.0 
60.0 61.0 66.0 65.0 
60.0 58.0 61.0 59.0 
66.0 62.0 64.0 68.0 
63.0 57.0 59.0 60.0 
63.0 63.0 61.0 67.0 
60.0 57.0 63.0 60.0 
59.0 65.0 63.0 66.0 
61.0 57.0 60.0 59.0 
65.0 60.0 63.0 64.0 
57.0 61.0 59.0 63.0 
65.0 59.0 68.0 62.0 
58.0 59.0 58.0 60.0 
66.0 60.0 64.0 63.0 
63.0 57.0 62.0 56.0 
62.0 61.0 64.0 63.0 
57.0 60.0 57.0 61.0 
64.0 61.0 64.0 65.0 
59.0 59.0 63.0 59.0 
61.0 63.0 64.0 61.0 
57.0 58.0 62.0 58.0 
64.0 62.0 62.0 67.0 
63.0 58.0 61.0 60.0 
65.0 64.0 65.0 70.0 
62.0 55.0 60.0 61.0 
65.0 60.0 65.0 64.0 
57.0 62.0 59.0 61.0 
71.0 65.0 64.0 66.0 
61.0 58.0 60.0 58.0 
61.0 64.0 62.0 65.0 
59.0 62.0 57.0 62.0 
67.0 60.0 68.0 62.0 
60.0 58.0 60.0 58.0 
61.0 63.0 62.0 67.0 
61.0 59.0 60.0 59.0 
67.0 61.0 67.0 62.0 
56.0 61.0 58.0 61.0 
59.0 63.0 63.0 63.0 
58.0 58.0 60.0 61.0 
64.0 65.0 62.0 65.0 
59.0 59.0 57.0 63.0 
62.0 64.0 60.0 68.0 
63.0 57.0 62.0 58.0 
64.0 60.0 67.0 64.0 
62.0 55.0 61.0 59.0 
59.0 65.0 60.0 68.0 
63.0 58.0 61.0 59.0 
61.0 66.0 63.0 70.0 
60.0 58.0 59.0 60.0 
60.0 62.0 64.0 63.0 
59.0 60.0 60.0 59.0 
60.0 65.0 64.0 69.0 
58.0 60.0 58.0 63.0 
61.0 62.0 63.0 65.0 
58.0 62.0 59.0 60.0 
62.0 66.0 63.0 67.0 
61.0 60.0 57.0 59.0 
64.0 61.0 62.0 66.0 
60.0 60.0 60.0 58.0 
65.0 59.0 66.0 65.0 
58.0 61.0 57.0 63.0 
62.0 62.0 64.0 65.0 
58.0 59.0 61.0 59.0 
62.0 61.0 63.0 66.0 
59.0 57.0 62.0 58.0 
64.0 61.0 66.0 64.0 
57.0 61.0 60.0 61.0 
63.0 60.0 65.0 63.0 
61.0 58.0 61.0 57.0 
59.0 65.0 62.0 65.0 
57.0 60.0 61.0 59.0 
60.0 64.0 63.0 68.0 
61.0 58.0 61.0 56.0 
62.0 62.0 66.0 63.0 
58.0 59.0 61.0 58.0 
64.0 63.0 64.0 70.0 
58.0 58.0 62.0 59.0 
62.0 60.0 63.0 65.0 
60.0 57.0 62.0 59.0 
62.0 64.0 63.0 68.0 
59.0 59.0 57.0 62.0 
62.0 63.0 63.0 66.0 
61.0 60.0 60.0 61.0 
63.0 62.0 65.0 64.0 
59.0 59.0 58.0 63.0 
62.0 63.0 62.0 64.0 
57.0 62.0 58.0 63.0 
64.0 62.0 65.0 65.0 
58.0 59.0 62.0 62.0 
60.0 65.0 60.0 65.0 
58.0 62.0 59.0 63.0 
64.0 63.0 64.0 67.0 
59.0 58.0 63.0 58.0 
60.0 65.0 64.0 62.0 
57.0 59.0 63.0 58.0 
63.0 61.0 64.0 66.0 
62.0 59.0 58.0 62.0 
59.0 64.0 63.0 64.0 
58.0 63.0 60.0 60.0 
65.0 61.0 63.0 68.0 
60.0 57.0 62.0 58.0 
62.0 62.0 65.0 63.0 
60.0 60.0 58.0 62.0 
66.0 61.0 65.0 65.0 
57.0 59.0 60.0 60.0 
64.0 62.0 63.0 65.0 
62.0 57.0 62.0 58.0 
65.0 62.0 66.0 65.0 
56.0 62.0 58.0 60.0 
60.0 64.0 61.0 69.0 
61.0 58.0 62.0 57.0 
65.0 63.0 62.0 68.0 
60.0 62.0 59.0 59.0 
65.0 61.0 62.0 68.0 
63.0 59.0 60.0 61.0 
63.0 66.0 64.0 67.0 
56.0 61.0 59.0 59.0 
62.0 60.0 65.0 64.0 
58.0 61.0 60.0 61.0 
62.0 67.0 66.0 74.0 
62.0 55.0 61.0 62.0 
62.0 60.0 62.0 63.0 
61.0 59.0 60.0 58.0 
70.0 58.0 71.0 72.0 
59.0 58.0 58.0 57.0 
65.0 58.0 64.0 62.0 
61.0 59.0 60.0 58.0 
70.0 58.0 70.0 73.0 
60.0 57.0 60.0 58.0 
64.0 58.0 62.0 66.0 
63.0 59.0 58.0 62.0 
70.0 58.0 71.0 80.0 
61.0 58.0 59.0 61.0 
58.0 60.0 58.0 60.0 
62.0 59.0 60.0 60.0 
64.0 61.0 70.0 77.0 
61.0 58.0 59.0 58.0 
61.0 58.0 60.0 59.0 
59.0 60.0 62.0 58.0 
69.0 58.0 69.0 77.0 
62.0 57.0 61.0 56.0 
59.0 58.0 61.0 59.0 
60.0 60.0 61.0 60.0 
70.0 59.0 71.0 76.0 
60.0 58.0 60.0 58.0 
59.0 59.0 59.0 61.0 
62.0 58.0 62.0 57.0 
73.0 58.0 66.0 77.0 
57.0 61.0 57.0 60.0 
57.0 59.0 62.0 58.0 
62.0 60.0 59.0 59.0 
69.0 57.0 66.0 77.0 
56.0 59.0 59.0 57.0 
56.0 61.0 58.0 62.0 
62.0 58.0 62.0 59.0 
75.0 57.0 67.0 78.0 
56.0 61.0 57.0 60.0 
62.0 58.0 61.0 58.0 
59.0 60.0 61.0 59.0 
72.0 60.0 61.0 81.0 
57.0 60.0 58.0 59.0 
60.0 59.0 60.0 60.0 
61.0 59.0 60.0 61.0 
71.0 62.0 61.0 84.0 
58.0 60.0 57.0 61.0 
60.0 58.0 61.0 59.0 
59.0 60.0 62.0 57.0 
76.0 60.0 59.0 85.0 
59.0 59.0 61.0 58.0 
59.0 61.0 60.0 57.0 
58.0 59.0 62.0 59.0 
71.0 61.0 60.0 84.0 
57.0 59.0 61.0 57.0 
58.0 60.0 60.0 59.0 
60.0 61.0 58.0 62.0 
73.0 58.0 63.0 80.0 
61.0 60.0 59.0 65.0 
56.0 60.0 58.0 61.0 
63.0 58.0 61.0 58.0 
73.0 59.0 61.0 85.0 
65.0 57.0 61.0 64.0 
58.0 60.0 60.0 58.0 
60.0 60.0 61.0 58.0 
71.0 61.0 59.0 87.0 
65.0 57.0 61.0 67.0 
61.0 59.0 58.0 62.0 
60.0 62.0 59.0 57.0 
73.0 62.0 60.0 84.0 
62.0 60.0 61.0 64.0 
56.0 62.0 59.0 59.0 
58.0 62.0 60.0 60.0 
75.0 58.0 63.0 82.0 
60.0 61.0 58.0 67.0 
56.0 61.0 57.0 61.0 
60.0 58.0 62.0 56.0 
77.0 59.0 62.0 82.0 
62.0 61.0 58.0 68.0 
58.0 60.0 60.0 59.0 
57.0 62.0 58.0 61.0 
78.0 59.0 59.0 86.0 
64.0 59.0 58.0 67.0 
59.0 58.0 62.0 57.0 
59.0 60.0 58.0 59.0 
83.0 58.0 60.0 86.0 
61.0 58.0 61.0 63.0 
59.0 57.0 61.0 59.0 
62.0 59.0 59.0 59.0 
83.0 58.0 61.0 82.0 
64.0 56.0 61.0 62.0 
61.0 58.0 61.0 59.0 
57.0 60.0 60.0 59.0 
84.0 60.0 60.0 84.0 
63.0 59.0 59.0 65.0 
55.0 62.0 58.0 61.0 
59.0 60.0 61.0 59.0 
83.0 59.0 61.0 83.0 
62.0 60.0 57.0 64.0 
62.0 58.0 62.0 59.0 
61.0 57.0 61.0 58.0 
80.0 62.0 60.0 84.0 
62.0 61.0 58.0 66.0 
57.0 60.0 60.0 58.0 
59.0 61.0 59.0 57.0 
80.0 58.0 62.0 83.0 
68.0 57.0 59.0 67.0 
57.0 61.0 59.0 61.0 
61.0 58.0 60.0 59.0 
80.0 60.0 71.0 80.0 
63.0 62.0 59.0 65.0 
56.0 61.0 59.0 61.0 
61.0 59.0 60.0 59.0 
79.0 60.0 87.0 81.0 
68.0 58.0 62.0 62.0 
58.0 60.0 59.0 61.0 
61.0 60.0 59.0 61.0 
80.0 60.0 91.0 83.0 
69.0 57.0 61.0 65.0 
61.0 57.0 61.0 58.0 
61.0 57.0 62.0 56.0 
81.0 59.0 102.0 81.0 
67.0 58.0 62.0 67.0 
58.0 62.0 56.0 59.0 
58.0 60.0 60.0 57.0 
74.0 59.0 105.0 79.0 
62.0 60.0 63.0 63.0 
59.0 57.0 61.0 57.0 
56.0 62.0 55.0 61.0 
77.0 59.0 106.0 80.0 
61.0 62.0 60.0 62.0 
58.0 61.0 58.0 62.0 
60.0 59.0 56.0 62.0 
80.0 58.0 110.0 81.0 
66.0 57.0 65.0 63.0 
62.0 60.0 58.0 65.0 
58.0 60.0 56.0 60.0 
82.0 57.0 109.0 82.0 
64.0 58.0 63.0 64.0 
63.0 56.0 61.0 59.0 
59.0 62.0 55.0 62.0 
79.0 61.0 113.0 86.0 
66.0 57.0 61.0 66.0 
61.0 59.0 57.0 62.0 
58.0 63.0 57.0 56.0 
78.0 61.0 127.0 82.0 
62.0 59.0 62.0 65.0 
58.0 60.0 59.0 61.0 
58.0 62.0 55.0 62.0 
71.0 71.0 137.0 82.0 
61.0 61.0 65.0 61.0 
57.0 61.0 58.0 62.0 
62.0 59.0 58.0 58.0 
68.0 74.0 146.0 83.0 
60.0 64.0 60.0 65.0 
63.0 59.0 57.0 62.0 
59.0 60.0 55.0 63.0 
70.0 72.0 165.0 82.0 
64.0 59.0 63.0 62.0 
62.0 60.0 56.0 64.0 
62.0 57.0 54.0 60.0 
68.0 72.0 178.0 81.0 
61.0 59.0 63.0 62.0 
58.0 63.0 57.0 59.0 
56.0 62.0 55.0 59.0 
73.0 70.0 191.0 85.0 
58.0 65.0 59.0 63.0 
63.0 58.0 57.0 60.0 
56.0 62.0 53.0 61.0 
72.0 71.0 193.0 86.0 
60.0 62.0 60.0 61.0 
56.0 63.0 54.0 63.0 
58.0 61.0 53.0 62.0 
69.0 74.0 203.0 90.0 
59.0 62.0 59.0 63.0 
63.0 58.0 56.0 62.0 
59.0 58.0 54.0 60.0 
71.0 70.0 230.0 84.0 
57.0 63.0 59.0 61.0 
61.0 57.0 56.0 64.0 
59.0 61.0 51.0 59.0 
72.0 72.0 252.0 93.0 
61.0 59.0 61.0 60.0 
59.0 59.0 57.0 58.0 
57.0 60.0 52.0 57.0 
68.0 78.0 282.0 95.0 
64.0 56.0 57.0 57.0 
59.0 58.0 57.0 58.0 
59.0 59.0 52.0 61.0 
70.0 76.0 315.0 95.0 
62.0 57.0 56.0 56.0 
60.0 60.0 53.0 61.0 
63.0 56.0 54.0 57.0 
73.0 73.0 326.0 92.0 
61.0 56.0 55.0 60.0 
57.0 62.0 51.0 62.0 
63.0 57.0 51.0 58.0 
75.0 72.0 361.0 102.0 
63.0 59.0 52.0 63.0 
61.0 58.0 53.0 59.0 
57.0 61.0 48.0 59.0 
69.0 80.0 405.0 106.0 
59.0 62.0 49.0 61.0 
58.0 61.0 49.0 62.0 
62.0 58.0 52.0 57.0 
74.0 79.0 439.0 112.0 
62.0 56.0 52.0 57.0 
60.0 59.0 50.0 61.0 
65.0 57.0 48.0 60.0 
75.0 80.0 440.0 115.0 
62.0 56.0 53.0 56.0 
55.0 63.0 47.0 60.0 
56.0 63.0 45.0 61.0 
78.0 80.0 443.0 114.0 
59.0 59.0 52.0 57.0 
58.0 62.0 49.0 59.0 
57.0 62.0 50.0 56.0 
73.0 82.0 445.0 123.0 
59.0 59.0 50.0 57.0 
59.0 58.0 52.0 57.0 
57.0 63.0 44.0 62.0 
75.0 90.0 510.0 146.0 
63.0 56.0 52.0 56.0 
61.0 56.0 51.0 56.0 
56.0 60.0 46.0 58.0 
78.0 88.0 511.0 148.0 
57.0 60.0 48.0 55.0 
60.0 58.0 52.0 56.0 
60.0 58.0 48.0 55.0 
76.0 84.0 458.0 149.0 
61.0 56.0 51.0 56.0 
63.0 58.0 54.0 56.0 
58.0 61.0 45.0 60.0 
74.0 92.0 497.0 178.0 
60.0 61.0 48.0 58.0 
60.0 59.0 51.0 62.0 
62.0 61.0 47.0 57.0 
78.0 87.0 492.0 181.0 
56.0 61.0 48.0 60.0 
61.0 62.0 50.0 61.0 
62.0 59.0 48.0 57.0 
82.0 90.0 490.0 208.0 
59.0 58.0 49.0 59.0 
58.0 63.0 51.0 62.0 
62.0 57.0 50.0 53.0 
75.0 92.0 433.0 216.0 
60.0 58.0 51.0 57.0 
62.0 60.0 55.0 59.0 
60.0 58.0 50.0 57.0 
78.0 98.0 452.0 255.0 
61.0 58.0 51.0 55.0 
58.0 62.0 53.0 58.0 
59.0 58.0 47.0 58.0 
88.0 114.0 432.0 281.0 
56.0 57.0 54.0 53.0 
60.0 61.0 53.0 60.0 
59.0 59.0 48.0 56.0 
88.0 119.0 374.0 314.0 
60.0 55.0 55.0 56.0 
62.0 60.0 56.0 59.0 
60.0 57.0 55.0 53.0 
96.0 134.0 346.0 394.0 
59.0 57.0 56.0 49.0 
61.0 58.0 59.0 53.0 
55.0 60.0 50.0 51.0 
99.0 142.0 319.0 460.0 
61.0 55.0 56.0 50.0 
58.0 59.0 58.0 54.0 
56.0 60.0 53.0 49.0 
102.0 144.0 300.0 473.0 
56.0 58.0 55.0 49.0 
61.0 57.0 61.0 56.0 
61.0 57.0 53.0 53.0 
102.0 152.0 256.0 501.0 
62.0 55.0 56.0 51.0 
60.0 61.0 57.0 55.0 
61.0 56.0 56.0 48.0 
98.0 153.0 217.0 479.0 
56.0 58.0 56.0 52.0 
63.0 56.0 62.0 52.0 
56.0 60.0 53.0 54.0 
106.0 161.0 216.0 520.0 
59.0 57.0 57.0 49.0 
62.0 58.0 61.0 53.0 
62.0 55.0 58.0 45.0 
102.0 159.0 196.0 477.0 
60.0 55.0 58.0 47.0 
58.0 61.0 59.0 56.0 
59.0 57.0 59.0 47.0 
99.0 167.0 176.0 470.0 
55.0 58.0 59.0 53.0 
62.0 59.0 58.0 56.0 
58.0 59.0 56.0 51.0 
103.0 175.0 173.0 469.0 
58.0 55.0 60.0 48.0 
64.0 56.0 63.0 54.0 
57.0 58.0 57.0 50.0 
104.0 187.0 169.0 469.0 
57.0 58.0 55.0 53.0 
61.0 57.0 61.0 53.0 
55.0 59.0 55.0 52.0 
113.0 202.0 163.0 465.0 
59.0 56.0 56.0 50.0 
63.0 56.0 63.0 54.0 
60.0 55.0 59.0 47.0 
113.0 217.0 159.0 469.0 
59.0 55.0 57.0 50.0 
63.0 56.0 61.0 55.0 
58.0 53.0 58.0 49.0 
120.0 254.0 142.0 473.0 
55.0 55.0 58.0 47.0 
56.0 59.0 59.0 55.0 
61.0 54.0 59.0 49.0 
117.0 270.0 123.0 450.0 
60.0 52.0 60.0 49.0 
60.0 56.0 62.0 54.0 
59.0 55.0 57.0 52.0 
126.0 324.0 120.0 429.0 
62.0 51.0 61.0 49.0 
57.0 57.0 60.0 58.0 
58.0 54.0 58.0 53.0 
125.0 324.0 108.0 340.0 
59.0 53.0 59.0 52.0 
58.0 57.0 61.0 58.0 
57.0 54.0 58.0 54.0 
139.0 421.0 112.0 338.0 
58.0 51.0 56.0 56.0 
63.0 54.0 60.0 58.0 
56.0 50.0 61.0 51.0 
155.0 510.0 111.0 358.0 
59.0 49.0 59.0 54.0 
59.0 53.0 61.0 58.0 
56.0 49.0 59.0 54.0 
183.0 547.0 110.0 325.0 
56.0 51.0 56.0 57.0 
56.0 53.0 61.0 58.0 
58.0 49.0 57.0 56.0 
226.0 552.0 106.0 302.0 
59.0 46.0 61.0 53.0 
56.0 54.0 61.0 59.0 
54.0 50.0 58.0 55.0 
246.0 583.0 101.0 300.0 
58.0 50.0 62.0 56.0 
55.0 54.0 60.0 60.0 
58.0 47.0 59.0 58.0 
255.0 590.0 100.0 266.0 
57.0 51.0 63.0 60.0 
55.0 61.0 60.0 55.0 
50.0 62.0 60.0 50.0 
262.0 613.0 94.0 262.0 
58.0 52.0 64.0 57.0 
56.0 57.0 62.0 51.0 
53.0 60.0 60.0 53.0 
262.0 564.0 96.0 240.0 
57.0 53.0 63.0 63.0 
55.0 47.0 62.0 55.0 
54.0 48.0 60.0 55.0 
264.0 532.0 93.0 222.0 
58.0 55.0 61.0 64.0 
52.0 52.0 58.0 57.0 
52.0 50.0 58.0 57.0 
269.0 600.0 87.0 221.0 
60.0 55.0 64.0 60.0 
57.0 47.0 61.0 56.0 
57.0 47.0 59.0 61.0 
286.0 583.0 86.0 211.0 
58.0 56.0 60.0 62.0 
56.0 45.0 61.0 57.0 
55.0 45.0 63.0 55.0 
303.0 613.0 90.0 210.0 
59.0 54.0 63.0 59.0 
54.0 47.0 61.0 56.0 
56.0 46.0 60.0 58.0 
313.0 651.0 87.0 212.0 
56.0 57.0 59.0 64.0 
57.0 46.0 61.0 57.0 
56.0 44.0 60.0 57.0 
350.0 635.0 87.0 208.0 
61.0 53.0 63.0 62.0 
52.0 51.0 60.0 59.0 
50.0 48.0 59.0 59.0 
376.0 632.0 83.0 208.0 
60.0 57.0 58.0 65.0 
52.0 47.0 62.0 56.0 
50.0 58.0 61.0 53.0 
405.0 627.0 85.0 203.0 
55.0 58.0 61.0 62.0 
52.0 49.0 63.0 54.0 
45.0 61.0 58.0 57.0 
437.0 613.0 87.0 200.0 
60.0 56.0 62.0 61.0 
52.0 49.0 60.0 61.0 
50.0 48.0 58.0 58.0 
472.0 583.0 84.0 196.0 
62.0 55.0 62.0 61.0 
51.0 52.0 59.0 60.0 
52.0 47.0 61.0 57.0 
491.0 544.0 94.0 185.0 
58.0 58.0 61.0 63.0 
54.0 48.0 62.0 57.0 
46.0 51.0 59.0 58.0 
504.0 485.0 97.0 170.0 
57.0 59.0 62.0 61.0 
54.0 50.0 61.0 59.0 
48.0 50.0 60.0 58.0 
493.0 416.0 100.0 154.0 
62.0 57.0 62.0 63.0 
50.0 53.0 63.0 56.0 
46.0 54.0 57.0 59.0 
481.0 372.0 105.0 145.0 
60.0 60.0 61.0 63.0 
48.0 57.0 57.0 61.0 
49.0 53.0 58.0 60.0 
502.0 348.0 110.0 140.0 
60.0 61.0 62.0 65.0 
50.0 52.0 59.0 57.0 
45.0 56.0 57.0 62.0 
501.0 313.0 113.0 135.0 
65.0 58.0 63.0 65.0 
51.0 53.0 57.0 61.0 
45.0 55.0 58.0 56.0 
521.0 309.0 119.0 130.0 
59.0 64.0 61.0 64.0 
51.0 52.0 60.0 55.0 
45.0 56.0 57.0 61.0 
522.0 294.0 130.0 126.0 
57.0 63.0 60.0 65.0 
48.0 56.0 56.0 61.0 
50.0 53.0 57.0 62.0 
522.0 290.0 139.0 126.0 
64.0 58.0 65.0 62.0 
45.0 56.0 57.0 59.0 
44.0 58.0 56.0 60.0 
530.0 249.0 154.0 115.0 
60.0 60.0 63.0 61.0 
49.0 55.0 58.0 57.0 
48.0 55.0 57.0 62.0 
531.0 208.0 160.0 110.0 
59.0 61.0 61.0 61.0 
48.0 55.0 60.0 60.0 
48.0 57.0 55.0 61.0 
527.0 172.0 166.0 105.0 
59.0 59.0 62.0 61.0 
48.0 59.0 55.0 61.0 
50.0 56.0 58.0 61.0 
523.0 166.0 175.0 106.0 
54.0 55.0 62.0 59.0 
50.0 55.0 57.0 59.0 
47.0 56.0 58.0 58.0 
468.0 153.0 194.0 100.0 
53.0 57.0 59.0 63.0 
49.0 56.0 56.0 61.0 
49.0 57.0 55.0 61.0 
417.0 143.0 208.0 101.0 
52.0 60.0 57.0 60.0 
54.0 55.0 57.0 60.0 
53.0 56.0 56.0 62.0 
397.0 139.0 228.0 101.0 
56.0 57.0 59.0 62.0 
50.0 59.0 56.0 58.0 
47.0 61.0 54.0 60.0 
369.0 131.0 244.0 100.0 
53.0 58.0 59.0 57.0 
52.0 55.0 57.0 57.0 
48.0 60.0 51.0 63.0 
346.0 129.0 262.0 105.0 
59.0 56.0 59.0 59.0 
56.0 55.0 57.0 57.0 
52.0 59.0 54.0 58.0 
324.0 124.0 283.0 102.0 
54.0 60.0 53.0 63.0 
52.0 59.0 53.0 62.0 
52.0 59.0 53.0 61.0 
311.0 123.0 301.0 105.0 
55.0 60.0 53.0 60.0 
51.0 54.0 56.0 58.0 
56.0 55.0 53.0 61.0 
295.0 118.0 312.0 108.0 
57.0 57.0 52.0 61.0 
51.0 60.0 53.0 58.0 
53.0 60.0 50.0 62.0 
267.0 113.0 319.0 107.0 
53.0 58.0 53.0 57.0 
50.0 60.0 51.0 61.0 
54.0 59.0 52.0 59.0 
248.0 107.0 335.0 106.0 
55.0 58.0 54.0 58.0 
55.0 58.0 52.0 59.0 
51.0 61.0 51.0 58.0 
247.0 105.0 333.0 110.0 
58.0 55.0 54.0 58.0 
51.0 61.0 52.0 62.0 
53.0 59.0 53.0 57.0 
230.0 108.0 349.0 112.0 
54.0 58.0 55.0 55.0 
56.0 59.0 50.0 60.0 
58.0 58.0 51.0 60.0 
222.0 104.0 369.0 116.0 
51.0 60.0 52.0 59.0 
54.0 59.0 52.0 59.0 
56.0 59.0 50.0 60.0 
215.0 109.0 394.0 128.0 
51.0 61.0 50.0 59.0 
60.0 56.0 54.0 57.0 
52.0 62.0 47.0 61.0 
196.0 107.0 459.0 147.0 
60.0 56.0 52.0 57.0 
52.0 59.0 50.0 58.0 
53.0 61.0 47.0 58.0 
191.0 101.0 460.0 148.0 
57.0 58.0 49.0 59.0 
59.0 58.0 49.0 60.0 
57.0 61.0 47.0 59.0 
191.0 113.0 485.0 168.0 
55.0 59.0 48.0 55.0 
55.0 60.0 49.0 57.0 
58.0 60.0 47.0 58.0 
182.0 117.0 493.0 202.0 
58.0 58.0 48.0 59.0 
56.0 59.0 51.0 56.0 
60.0 59.0 47.0 60.0 
172.0 117.0 485.0 234.0 
54.0 61.0 47.0 59.0 
59.0 56.0 53.0 53.0 
56.0 59.0 49.0 55.0 
184.0 118.0 491.0 251.0 
62.0 55.0 53.0 55.0 
54.0 62.0 48.0 57.0 
59.0 57.0 52.0 53.0 
99.0 108.0 475.0 260.0 
57.0 60.0 48.0 52.0 
62.0 58.0 48.0 56.0 
58.0 59.0 49.0 55.0 
98.0 108.0 452.0 274.0 
59.0 59.0 49.0 55.0 
58.0 58.0 52.0 52.0 
55.0 61.0 48.0 55.0 
102.0 112.0 443.0 290.0 
57.0 59.0 51.0 52.0 
59.0 56.0 53.0 52.0 
56.0 61.0 48.0 56.0 
102.0 114.0 422.0 301.0 
63.0 56.0 50.0 55.0 
56.0 58.0 51.0 53.0 
58.0 59.0 51.0 53.0 
98.0 121.0 402.0 322.0 
60.0 57.0 53.0 53.0 
56.0 60.0 50.0 54.0 
60.0 59.0 48.0 54.0 
95.0 125.0 391.0 343.0 
61.0 57.0 52.0 56.0 
61.0 59.0 51.0 56.0 
60.0 60.0 50.0 54.0 
101.0 124.0 349.0 354.0 
58.0 57.0 55.0 50.0 
58.0 58.0 54.0 51.0 
57.0 59.0 52.0 53.0 
97.0 133.0 301.0 373.0 
58.0 61.0 53.0 55.0 
56.0 61.0 51.0 56.0 
60.0 56.0 56.0 49.0 
97.0 136.0 276.0 373.0 
55.0 60.0 53.0 53.0 
61.0 56.0 55.0 53.0 
63.0 57.0 54.0 50.0 
106.0 157.0 262.0 395.0 
62.0 54.0 58.0 51.0 
58.0 56.0 57.0 52.0 
63.0 55.0 56.0 51.0 
103.0 170.0 235.0 438.0 
57.0 56.0 59.0 49.0 
61.0 55.0 56.0 52.0 
60.0 54.0 58.0 46.0 
104.0 192.0 224.0 466.0 
63.0 53.0 58.0 49.0 
57.0 58.0 56.0 50.0 
59.0 56.0 55.0 50.0 
112.0 197.0 215.0 465.0 
56.0 57.0 56.0 49.0 
55.0 59.0 54.0 53.0 
58.0 56.0 57.0 50.0 
112.0 213.0 196.0 452.0 
59.0 57.0 55.0 53.0 
55.0 59.0 55.0 54.0 
57.0 56.0 56.0 49.0 
116.0 220.0 188.0 430.0 
62.0 54.0 58.0 54.0 
56.0 56.0 58.0 49.0 
55.0 56.0 57.0 48.0 
115.0 235.0 177.0 423.0 
60.0 55.0 55.0 55.0 
55.0 58.0 56.0 52.0 
62.0 54.0 58.0 50.0 
125.0 257.0 175.0 427.0 
63.0 51.0 60.0 49.0 
59.0 54.0 58.0 51.0 
62.0 53.0 59.0 48.0 
136.0 270.0 178.0 412.0 
56.0 56.0 57.0 52.0 
62.0 52.0 60.0 49.0 
59.0 53.0 59.0 50.0 
136.0 344.0 167.0 414.0 
59.0 54.0 57.0 54.0 
55.0 55.0 55.0 53.0 
60.0 53.0 56.0 52.0 
141.0 359.0 166.0 399.0 
60.0 51.0 59.0 53.0 
57.0 55.0 55.0 54.0 
61.0 51.0 58.0 52.0 
151.0 393.0 166.0 384.0 
57.0 57.0 56.0 52.0 
55.0 55.0 55.0 56.0 
58.0 48.0 60.0 50.0 
172.0 393.0 151.0 353.0 
57.0 55.0 57.0 55.0 
54.0 55.0 56.0 55.0 
54.0 53.0 56.0 55.0 
189.0 412.0 145.0 323.0 
61.0 51.0 60.0 55.0 
53.0 51.0 59.0 54.0 
54.0 50.0 57.0 54.0 
188.0 442.0 141.0 318.0 
58.0 55.0 57.0 57.0 
54.0 50.0 61.0 54.0 
58.0 46.0 58.0 55.0 
238.0 482.0 140.0 317.0 
58.0 53.0 56.0 60.0 
55.0 53.0 57.0 57.0 
61.0 47.0 60.0 52.0 
273.0 507.0 126.0 307.0 
57.0 51.0 59.0 58.0 
54.0 49.0 61.0 53.0 
52.0 51.0 58.0 56.0 
270.0 497.0 108.0 279.0 
60.0 50.0 60.0 57.0 
55.0 50.0 60.0 54.0 
54.0 49.0 60.0 53.0 
280.0 515.0 105.0 273.0 
58.0 49.0 59.0 56.0 
51.0 52.0 57.0 57.0 
58.0 46.0 61.0 54.0 
302.0 527.0 105.0 260.0 
52.0 50.0 60.0 59.0 
55.0 50.0 56.0 58.0 
56.0 50.0 57.0 58.0 
301.0 529.0 106.0 250.0 
54.0 50.0 59.0 56.0 
57.0 47.0 62.0 54.0 
52.0 51.0 56.0 58.0 
309.0 534.0 101.0 243.0 
57.0 48.0 58.0 56.0 
56.0 49.0 60.0 56.0 
51.0 51.0 58.0 59.0 
320.0 548.0 103.0 237.0 
54.0 49.0 59.0 55.0 
53.0 51.0 56.0 60.0 
51.0 51.0 57.0 58.0 
337.0 551.0 103.0 235.0 
51.0 52.0 57.0 59.0 
52.0 51.0 57.0 59.0 
52.0 49.0 60.0 54.0 
347.0 540.0 102.0 224.0 
52.0 49.0 59.0 54.0 
50.0 50.0 60.0 54.0 
49.0 51.0 59.0 56.0 
352.0 529.0 98.0 214.0 
55.0 48.0 59.0 57.0 
56.0 46.0 63.0 54.0 
50.0 51.0 57.0 58.0 
372.0 511.0 97.0 203.0 
53.0 50.0 59.0 57.0 
50.0 53.0 58.0 60.0 
51.0 50.0 60.0 58.0 
378.0 492.0 97.0 191.0 
54.0 49.0 60.0 59.0 
50.0 53.0 57.0 61.0 
51.0 50.0 59.0 58.0 
389.0 466.0 90.0 176.0 
53.0 54.0 58.0 57.0 
53.0 55.0 58.0 58.0 
51.0 51.0 58.0 61.0 
387.0 452.0 91.0 162.0 
50.0 53.0 58.0 57.0 
49.0 52.0 59.0 57.0 
51.0 51.0 57.0 61.0 
394.0 439.0 89.0 155.0 
49.0 54.0 57.0 60.0 
51.0 52.0 57.0 61.0 
52.0 49.0 60.0 58.0 
410.0 426.0 84.0 156.0 
51.0 52.0 58.0 60.0 
52.0 50.0 60.0 58.0 
49.0 51.0 60.0 57.0 
430.0 416.0 86.0 150.0 
53.0 50.0 59.0 58.0 
54.0 49.0 62.0 56.0 
48.0 53.0 59.0 57.0 
432.0 410.0 82.0 149.0 
48.0 55.0 60.0 56.0 
56.0 51.0 59.0 60.0 
53.0 48.0 61.0 57.0 
452.0 399.0 82.0 150.0 
54.0 50.0 59.0 58.0 
53.0 50.0 60.0 58.0 
48.0 52.0 59.0 61.0 
467.0 404.0 87.0 149.0 
51.0 51.0 59.0 60.0 
54.0 49.0 60.0 57.0 
51.0 49.0 63.0 55.0 
512.0 396.0 87.0 148.0 
47.0 54.0 57.0 58.0 
53.0 49.0 61.0 57.0 
51.0 49.0 62.0 56.0 
506.0 354.0 85.0 138.0 
47.0 54.0 58.0 58.0 
48.0 52.0 61.0 58.0 
50.0 50.0 60.0 62.0 
502.0 349.0 82.0 135.0 
47.0 54.0 57.0 58.0 
47.0 54.0 60.0 58.0 
48.0 53.0 58.0 62.0 
523.0 328.0 79.0 135.0 
50.0 50.0 62.0 56.0 
49.0 53.0 59.0 59.0 
49.0 54.0 58.0 61.0 
533.0 330.0 79.0 134.0 
51.0 51.0 61.0 55.0 
48.0 52.0 61.0 57.0 
46.0 54.0 60.0 60.0 
537.0 326.0 82.0 131.0 
48.0 54.0 59.0 59.0 
50.0 52.0 60.0 59.0 
49.0 52.0 61.0 57.0 
527.0 319.0 86.0 129.0 
46.0 54.0 61.0 55.0 
49.0 56.0 58.0 57.0 
44.0 55.0 60.0 55.0 
511.0 307.0 79.0 129.0 
52.0 50.0 61.0 61.0 
49.0 51.0 62.0 57.0 
45.0 55.0 60.0 59.0 
491.0 269.0 77.0 120.0 
52.0 51.0 60.0 59.0 
46.0 57.0 59.0 60.0 
49.0 54.0 61.0 59.0 
484.0 244.0 78.0 112.0 
48.0 55.0 58.0 58.0 
49.0 55.0 59.0 61.0 
48.0 55.0 60.0 62.0 
472.0 240.0 76.0 109.0 
47.0 56.0 58.0 59.0 
53.0 53.0 61.0 60.0 
47.0 54.0 61.0 60.0 
449.0 234.0 75.0 104.0 
48.0 52.0 62.0 57.0 
50.0 58.0 58.0 60.0 
50.0 55.0 57.0 62.0 
431.0 203.0 72.0 101.0 
47.0 57.0 59.0 57.0 
49.0 58.0 58.0 61.0 
52.0 53.0 61.0 59.0 
417.0 197.0 71.0 103.0 
52.0 53.0 61.0 57.0 
49.0 57.0 59.0 60.0 
50.0 55.0 61.0 59.0 
408.0 185.0 73.0 99.0 
53.0 56.0 59.0 60.0 
49.0 54.0 61.0 57.0 
50.0 55.0 62.0 57.0 
388.0 145.0 70.0 87.0 
51.0 58.0 57.0 56.0 
49.0 55.0 62.0 59.0 
51.0 56.0 60.0 61.0 
372.0 139.0 70.0 87.0 
54.0 55.0 60.0 61.0 
49.0 57.0 62.0 56.0 
46.0 61.0 59.0 61.0 
347.0 135.0 70.0 84.0 
54.0 54.0 60.0 58.0 
55.0 54.0 62.0 58.0 
48.0 61.0 59.0 62.0 
333.0 130.0 71.0 81.0 
49.0 59.0 59.0 59.0 
54.0 55.0 63.0 58.0 
51.0 58.0 59.0 60.0 
324.0 136.0 67.0 87.0 
51.0 60.0 56.0 62.0 
53.0 55.0 62.0 57.0 
48.0 61.0 57.0 62.0 
307.0 131.0 68.0 81.0 
56.0 56.0 57.0 60.0 
49.0 59.0 61.0 56.0 
52.0 58.0 63.0 59.0 
303.0 121.0 69.0 80.0 
52.0 55.0 62.0 57.0 
55.0 55.0 62.0 57.0 
47.0 61.0 58.0 63.0 
301.0 118.0 70.0 79.0 
50.0 60.0 56.0 62.0 
52.0 58.0 59.0 60.0 
51.0 59.0 60.0 61.0 
300.0 122.0 66.0 83.0 
53.0 58.0 61.0 57.0 
51.0 57.0 61.0 58.0 
49.0 59.0 59.0 60.0 
295.0 121.0 67.0 80.0 
49.0 60.0 58.0 61.0 
52.0 58.0 63.0 57.0 
49.0 58.0 64.0 60.0 
276.0 116.0 68.0 75.0 
53.0 54.0 61.0 60.0 
52.0 62.0 59.0 59.0 
52.0 61.0 58.0 61.0 
267.0 110.0 67.0 78.0 
52.0 58.0 60.0 58.0 
51.0 59.0 59.0 60.0 
54.0 58.0 58.0 63.0 
264.0 108.0 69.0 75.0 
54.0 57.0 60.0 58.0 
54.0 58.0 60.0 61.0 
57.0 57.0 60.0 60.0 
256.0 108.0 66.0 78.0 
54.0 57.0 60.0 58.0 
50.0 61.0 58.0 62.0 
53.0 57.0 61.0 58.0 
252.0 111.0 65.0 79.0 
56.0 57.0 58.0 63.0 
50.0 59.0 63.0 59.0 
56.0 57.0 61.0 63.0 
248.0 103.0 69.0 74.0 
51.0 60.0 59.0 60.0 
51.0 59.0 59.0 60.0 
55.0 59.0 59.0 64.0 
224.0 91.0 68.0 71.0 
51.0 60.0 58.0 57.0 
51.0 60.0 60.0 60.0 
54.0 61.0 58.0 61.0 
217.0 100.0 63.0 76.0 
54.0 59.0 57.0 61.0 
52.0 62.0 57.0 63.0 
52.0 61.0 58.0 61.0 
224.0 99.0 65.0 77.0 
52.0 58.0 58.0 61.0 
54.0 59.0 59.0 62.0 
54.0 57.0 63.0 58.0 
225.0 97.0 68.0 72.0 
55.0 54.0 61.0 61.0 
51.0 60.0 61.0 58.0 
50.0 59.0 62.0 59.0 
210.0 94.0 65.0 77.0 
57.0 55.0 62.0 58.0 
52.0 60.0 58.0 63.0 
54.0 59.0 60.0 60.0 
216.0 92.0 66.0 71.0 
57.0 55.0 60.0 58.0 
52.0 60.0 59.0 61.0 
56.0 58.0 61.0 60.0 
222.0 96.0 64.0 76.0 
53.0 61.0 57.0 62.0 
57.0 56.0 60.0 61.0 
56.0 58.0 61.0 61.0 
220.0 88.0 68.0 72.0 
51.0 60.0 59.0 60.0 
52.0 59.0 63.0 58.0 
51.0 57.0 61.0 63.0 
223.0 90.0 69.0 75.0 
56.0 58.0 57.0 56.0 
52.0 59.0 61.0 58.0 
51.0 61.0 60.0 59.0 
224.0 94.0 70.0 73.0 
51.0 60.0 59.0 59.0 
57.0 59.0 60.0 60.0 
52.0 60.0 60.0 60.0 
228.0 96.0 67.0 75.0 
57.0 54.0 61.0 56.0 
53.0 60.0 57.0 64.0 
54.0 59.0 59.0 63.0 
219.0 92.0 68.0 71.0 
55.0 57.0 60.0 58.0 
53.0 59.0 59.0 62.0 
57.0 56.0 63.0 58.0 
208.0 92.0 66.0 73.0 
53.0 61.0 60.0 57.0 
58.0 58.0 59.0 62.0 
57.0 57.0 58.0 64.0 
213.0 95.0 65.0 73.0 
54.0 57.0 62.0 57.0 
52.0 59.0 61.0 60.0 
54.0 59.0 58.0 63.0 
208.0 95.0 66.0 75.0 
59.0 55.0 63.0 57.0 
54.0 59.0 60.0 60.0 
56.0 57.0 63.0 58.0 
204.0 93.0 65.0 76.0 
58.0 55.0 62.0 57.0 
53.0 60.0 58.0 63.0 
53.0 59.0 60.0 62.0 
211.0 91.0 69.0 73.0 
57.0 56.0 61.0 62.0 
53.0 58.0 60.0 59.0 
55.0 60.0 58.0 62.0 
205.0 93.0 68.0 74.0 
57.0 56.0 61.0 59.0 
53.0 59.0 62.0 58.0 
52.0 61.0 60.0 62.0 
204.0 96.0 65.0 74.0 
54.0 61.0 57.0 62.0 
53.0 60.0 58.0 62.0 
57.0 57.0 62.0 58.0 
204.0 96.0 64.0 77.0 
58.0 55.0 61.0 56.0 
55.0 58.0 61.0 60.0 
57.0 56.0 62.0 58.0 
211.0 95.0 65.0 76.0 
56.0 57.0 60.0 59.0 
53.0 59.0 59.0 61.0 
51.0 61.0 58.0 63.0 
213.0 94.0 66.0 74.0 
56.0 56.0 58.0 61.0 
58.0 56.0 60.0 62.0 
56.0 60.0 60.0 60.0 
213.0 95.0 67.0 73.0 
51.0 60.0 58.0 60.0 
51.0 60.0 60.0 60.0 
55.0 58.0 60.0 62.0 
219.0 92.0 68.0 70.0 
54.0 58.0 59.0 60.0 
58.0 55.0 62.0 58.0 
52.0 61.0 58.0 62.0 
221.0 92.0 68.0 70.0 
55.0 58.0 59.0 61.0 
55.0 59.0 60.0 61.0 
56.0 59.0 60.0 61.0 
219.0 94.0 69.0 71.0 
55.0 56.0 60.0 57.0 
58.0 56.0 61.0 60.0 
56.0 58.0 61.0 59.0 
222.0 95.0 65.0 76.0 
56.0 58.0 58.0 59.0 
56.0 58.0 59.0 63.0 
53.0 60.0 58.0 60.0 
221.0 95.0 64.0 75.0 
56.0 57.0 59.0 59.0 
56.0 57.0 60.0 60.0 
52.0 60.0 60.0 61.0 
220.0 96.0 66.0 72.0 
52.0 61.0 58.0 61.0 
52.0 59.0 61.0 59.0 
54.0 59.0 60.0 60.0 
224.0 93.0 68.0 74.0 
53.0 58.0 59.0 59.0 
50.0 59.0 61.0 59.0 
53.0 59.0 61.0 59.0 
223.0 95.0 68.0 72.0 
54.0 58.0 58.0 60.0 
56.0 58.0 59.0 62.0 
57.0 56.0 61.0 62.0 
225.0 96.0 65.0 73.0 
50.0 58.0 61.0 59.0 
55.0 60.0 59.0 60.0 
52.0 61.0 59.0 60.0 
220.0 94.0 67.0 72.0 
54.0 60.0 57.0 57.0 
52.0 59.0 61.0 59.0 
54.0 59.0 58.0 63.0 
218.0 97.0 65.0 73.0 
58.0 55.0 61.0 57.0 
56.0 57.0 61.0 58.0 
53.0 59.0 60.0 60.0 
219.0 98.0 64.0 73.0 
52.0 60.0 59.0 58.0 
53.0 60.0 58.0 63.0 
51.0 61.0 58.0 63.0 
224.0 93.0 65.0 75.0 
57.0 55.0 59.0 62.0 
50.0 58.0 63.0 57.0 
51.0 57.0 63.0 58.0 
223.0 93.0 65.0 75.0 
57.0 58.0 59.0 62.0 
50.0 60.0 60.0 60.0 
54.0 61.0 57.0 63.0 
222.0 95.0 65.0 71.0 
55.0 56.0 61.0 57.0 
51.0 61.0 58.0 63.0 
55.0 58.0 61.0 59.0 
221.0 95.0 64.0 76.0 
56.0 56.0 62.0 56.0 
54.0 59.0 60.0 60.0 
57.0 57.0 63.0 58.0 
218.0 95.0 65.0 71.0 
53.0 59.0 59.0 58.0 
55.0 58.0 59.0 60.0 
55.0 58.0 61.0 60.0 
220.0 94.0 69.0 72.0 
56.0 54.0 60.0 60.0 
53.0 60.0 58.0 60.0 
57.0 59.0 61.0 61.0 
221.0 92.0 66.0 73.0 
57.0 55.0 60.0 59.0 
52.0 60.0 60.0 58.0 
53.0 61.0 57.0 62.0 
221.0 93.0 68.0 70.0 
55.0 57.0 60.0 58.0 
57.0 56.0 63.0 60.0 
55.0 58.0 62.0 58.0 
220.0 96.0 65.0 74.0 
57.0 55.0 61.0 57.0 
51.0 61.0 57.0 62.0 
53.0 60.0 58.0 62.0 
221.0 94.0 67.0 71.0 
51.0 60.0 58.0 62.0 
54.0 58.0 59.0 63.0 
55.0 60.0 61.0 60.0 
220.0 95.0 68.0 71.0 
56.0 58.0 57.0 62.0 
58.0 56.0 62.0 59.0 
52.0 59.0 61.0 59.0 
224.0 93.0 67.0 73.0 
52.0 59.0 60.0 60.0 
51.0 61.0 58.0 61.0 
57.0 58.0 59.0 62.0 
219.0 97.0 66.0 76.0 
57.0 55.0 60.0 58.0 
51.0 62.0 59.0 60.0 
50.0 61.0 59.0 61.0 
219.0 99.0 65.0 77.0 
54.0 58.0 59.0 56.0 
53.0 60.0 60.0 59.0 
51.0 62.0 58.0 62.0 
218.0 98.0 65.0 76.0 
56.0 59.0 57.0 61.0 
54.0 61.0 58.0 60.0 
50.0 60.0 61.0 58.0 
221.0 93.0 68.0 73.0 
52.0 59.0 59.0 59.0 
50.0 61.0 59.0 61.0 
55.0 58.0 59.0 63.0 
223.0 92.0 69.0 71.0 
52.0 61.0 58.0 61.0 
52.0 59.0 60.0 59.0 
54.0 60.0 59.0 64.0 
223.0 93.0 69.0 72.0 
56.0 56.0 63.0 56.0 
52.0 61.0 58.0 60.0 
50.0 61.0 60.0 60.0 
221.0 93.0 68.0 71.0 
53.0 58.0 58.0 60.0 
58.0 56.0 61.0 60.0 
51.0 60.0 61.0 58.0 
218.0 98.0 66.0 71.0 
52.0 58.0 60.0 58.0 
53.0 59.0 58.0 60.0 
54.0 61.0 58.0 62.0 
217.0 97.0 63.0 75.0 
57.0 55.0 61.0 59.0 
57.0 56.0 62.0 59.0 
51.0 61.0 58.0 63.0 
220.0 96.0 63.0 76.0 
58.0 56.0 62.0 62.0 
58.0 55.0 63.0 57.0 
53.0 61.0 58.0 63.0 
217.0 98.0 64.0 73.0 
50.0 61.0 58.0 59.0 
54.0 57.0 61.0 59.0 
56.0 56.0 63.0 59.0 
222.0 94.0 68.0 71.0 
53.0 61.0 58.0 61.0 
52.0 57.0 62.0 58.0 
55.0 56.0 63.0 60.0 
222.0 95.0 65.0 76.0 
56.0 58.0 58.0 61.0 
55.0 59.0 58.0 64.0 
55.0 57.0 62.0 58.0 
221.0 92.0 67.0 70.0 
52.0 61.0 57.0 62.0 
54.0 59.0 60.0 61.0 
53.0 59.0 61.0 59.0 
219.0 95.0 64.0 74.0 
56.0 56.0 61.0 56.0 
55.0 57.0 61.0 57.0 
54.0 58.0 61.0 60.0 
219.0 96.0 63.0 75.0 
54.0 59.0 58.0 61.0 
54.0 58.0 60.0 60.0 
50.0 60.0 58.0 62.0 
221.0 92.0 68.0 72.0 
54.0 55.0 60.0 63.0 
51.0 59.0 63.0 59.0 
51.0 58.0 62.0 58.0 
221.0 94.0 65.0 74.0 
58.0 56.0 60.0 61.0 
56.0 58.0 60.0 59.0 
53.0 59.0 60.0 60.0 
217.0 96.0 65.0 73.0 
58.0 56.0 62.0 58.0 
57.0 56.0 62.0 60.0 
55.0 56.0 62.0 56.0 
218.0 94.0 66.0 71.0 
51.0 60.0 57.0 62.0 
55.0 57.0 61.0 57.0 
54.0 58.0 61.0 60.0 
221.0 94.0 67.0 74.0 
58.0 55.0 62.0 57.0 
54.0 58.0 63.0 57.0 
51.0 59.0 61.0 58.0 
221.0 94.0 64.0 76.0 
57.0 58.0 58.0 61.0 
53.0 60.0 59.0 62.0 
57.0 57.0 62.0 58.0 
219.0 93.0 69.0 71.0 
57.0 55.0 61.0 57.0 
51.0 61.0 58.0 63.0 
57.0 56.0 62.0 59.0 
218.0 95.0 67.0 72.0 
55.0 56.0 60.0 58.0 
57.0 55.0 62.0 60.0 
56.0 57.0 63.0 56.0 
221.0 94.0 67.0 73.0 
56.0 55.0 61.0 56.0 
52.0 61.0 58.0 63.0 
54.0 58.0 61.0 60.0 
219.0 95.0 66.0 73.0 
52.0 59.0 61.0 61.0 
56.0 59.0 58.0 60.0 
50.0 58.0 62.0 59.0 
218.0 96.0 66.0 72.0 
54.0 60.0 57.0 62.0 
54.0 61.0 58.0 62.0 
55.0 56.0 61.0 60.0 
219.0 96.0 67.0 72.0 
56.0 58.0 59.0 59.0 
56.0 58.0 58.0 63.0 
57.0 56.0 62.0 59.0 
220.0 94.0 69.0 71.0 
54.0 58.0 59.0 59.0 
55.0 59.0 60.0 61.0 
55.0 59.0 60.0 62.0 
220.0 95.0 67.0 74.0 
58.0 55.0 61.0 57.0 
52.0 60.0 60.0 63.0 
57.0 57.0 62.0 60.0 
218.0 95.0 68.0 71.0 
56.0 57.0 59.0 59.0 
51.0 57.0 62.0 59.0 
54.0 56.0 61.0 63.0 
217.0 98.0 64.0 76.0 
55.0 56.0 62.0 58.0 
58.0 56.0 60.0 60.0 
53.0 59.0 60.0 60.0 
221.0 92.0 68.0 71.0 
52.0 59.0 59.0 59.0 
52.0 60.0 60.0 61.0 
57.0 57.0 63.0 58.0 
217.0 95.0 65.0 75.0 
54.0 58.0 59.0 56.0 
55.0 57.0 62.0 57.0 
55.0 57.0 63.0 57.0 
215.0 96.0 63.0 74.0 
55.0 56.0 61.0 57.0 
54.0 61.0 58.0 61.0 
54.0 61.0 59.0 59.0 
219.0 97.0 65.0 71.0 
50.0 59.0 59.0 56.0 
58.0 57.0 60.0 62.0 
57.0 57.0 60.0 60.0 
218.0 94.0 67.0 70.0 
51.0 60.0 57.0 61.0 
53.0 59.0 59.0 61.0 
53.0 60.0 59.0 62.0 
220.0 93.0 66.0 72.0 
54.0 57.0 61.0 57.0 
54.0 59.0 60.0 59.0 
56.0 57.0 62.0 57.0 
222.0 93.0 67.0 74.0 
53.0 58.0 60.0 58.0 
52.0 58.0 60.0 60.0 
51.0 61.0 57.0 63.0 
218.0 94.0 68.0 70.0 
51.0 59.0 59.0 57.0 
55.0 57.0 57.0 61.0 
53.0 62.0 60.0 59.0 
219.0 93.0 68.0 73.0 
56.0 55.0 60.0 59.0 
54.0 58.0 57.0 62.0 
56.0 58.0 60.0 61.0 
215.0 96.0 67.0 72.0 
54.0 59.0 56.0 58.0 
55.0 59.0 60.0 61.0 
52.0 59.0 60.0 61.0 
218.0 95.0 66.0 72.0 
51.0 60.0 57.0 62.0 
50.0 62.0 58.0 62.0 
53.0 61.0 58.0 62.0 
217.0 97.0 65.0 73.0 
51.0 60.0 56.0 61.0 
58.0 56.0 62.0 58.0 
53.0 62.0 58.0 63.0 
216.0 96.0 68.0 71.0 
55.0 56.0 60.0 58.0 
54.0 60.0 59.0 62.0 
56.0 58.0 60.0 61.0 
214.0 97.0 65.0 73.0 
55.0 56.0 59.0 60.0 
57.0 57.0 61.0 60.0 
52.0 62.0 58.0 61.0 
220.0 92.0 69.0 70.0 
53.0 59.0 60.0 59.0 
57.0 56.0 64.0 57.0 
55.0 58.0 62.0 57.0 
218.0 94.0 66.0 72.0 
56.0 56.0 61.0 56.0 
53.0 61.0 58.0 63.0 
53.0 58.0 60.0 62.0 
221.0 94.0 67.0 72.0 
55.0 57.0 60.0 59.0 
57.0 60.0 60.0 63.0 
57.0 58.0 59.0 60.0 
215.0 97.0 65.0 70.0 
52.0 61.0 58.0 57.0 
52.0 62.0 58.0 63.0 
55.0 58.0 62.0 57.0 
218.0 93.0 69.0 71.0 
52.0 60.0 57.0 61.0 
53.0 59.0 61.0 58.0 
51.0 60.0 59.0 60.0 
217.0 96.0 66.0 72.0 
51.0 60.0 57.0 62.0 
58.0 55.0 60.0 60.0 
56.0 56.0 63.0 60.0 
216.0 97.0 65.0 73.0 
52.0 59.0 57.0 62.0 
54.0 58.0 60.0 61.0 
51.0 59.0 59.0 59.0 
217.0 95.0 65.0 75.0 
57.0 57.0 58.0 60.0 
53.0 56.0 62.0 60.0 
57.0 57.0 60.0 63.0 
219.0 93.0 69.0 71.0 
56.0 56.0 61.0 57.0 
51.0 60.0 59.0 62.0 
58.0 56.0 63.0 58.0 
216.0 97.0 64.0 75.0 
56.0 55.0 61.0 58.0 
55.0 57.0 59.0 62.0 
55.0 57.0 62.0 58.0 
214.0 97.0 65.0 72.0 
51.0 61.0 57.0 61.0 
58.0 58.0 60.0 59.0 
56.0 59.0 59.0 63.0 
216.0 95.0 65.0 73.0 
52.0 61.0 58.0 58.0 
54.0 59.0 58.0 62.0 
57.0 59.0 59.0 62.0 
216.0 97.0 66.0 71.0 
52.0 59.0 61.0 56.0 
50.0 62.0 59.0 60.0 
54.0 60.0 58.0 62.0 
220.0 93.0 68.0 71.0 
52.0 60.0 57.0 60.0 
57.0 55.0 63.0 57.0 
55.0 59.0 60.0 61.0 
220.0 94.0 65.0 76.0 
57.0 56.0 61.0 57.0 
55.0 55.0 62.0 58.0 
53.0 58.0 59.0 61.0 
217.0 94.0 67.0 70.0 
54.0 57.0 61.0 56.0 
52.0 61.0 59.0 61.0 
50.0 61.0 59.0 60.0 
217.0 94.0 67.0 70.0 
54.0 56.0 62.0 58.0 
55.0 56.0 61.0 61.0 
56.0 59.0 59.0 63.0 
215.0 97.0 67.0 72.0 
51.0 59.0 59.0 59.0 
53.0 58.0 63.0 58.0 
51.0 62.0 59.0 61.0 
214.0 97.0 65.0 74.0 
58.0 55.0 60.0 58.0 
55.0 57.0 60.0 60.0 
54.0 59.0 60.0 60.0 
218.0 92.0 68.0 70.0 
51.0 61.0 56.0 57.0 
54.0 57.0 60.0 58.0 
51.0 61.0 60.0 60.0 
215.0 94.0 66.0 71.0 
51.0 59.0 59.0 59.0 
53.0 59.0 60.0 61.0 
53.0 58.0 60.0 59.0 
216.0 92.0 68.0 72.0 
56.0 55.0 60.0 62.0 
54.0 60.0 58.0 60.0 
53.0 59.0 59.0 63.0 
214.0 97.0 67.0 72.0 
53.0 60.0 57.0 60.0 
51.0 60.0 59.0 60.0 
56.0 58.0 60.0 60.0 
215.0 96.0 67.0 73.0 
57.0 56.0 60.0 58.0 
58.0 55.0 63.0 58.0 
53.0 60.0 60.0 61.0 
218.0 93.0 69.0 71.0 
55.0 57.0 60.0 59.0 
57.0 55.0 62.0 60.0 
57.0 57.0 62.0 58.0 
219.0 92.0 70.0 70.0 
55.0 57.0 59.0 58.0 
57.0 57.0 60.0 60.0 
55.0 57.0 60.0 62.0 
220.0 93.0 68.0 75.0 
56.0 55.0 58.0 59.0 
56.0 59.0 59.0 62.0 
57.0 56.0 62.0 58.0 
215.0 94.0 66.0 71.0 
52.0 60.0 58.0 58.0 
51.0 60.0 60.0 60.0 
56.0 57.0 61.0 60.0 
219.0 92.0 69.0 70.0 
55.0 58.0 59.0 59.0 
52.0 59.0 60.0 60.0 
51.0 60.0 60.0 60.0 
215.0 95.0 66.0 74.0 
55.0 57.0 59.0 61.0 
52.0 59.0 60.0 60.0 
51.0 61.0 59.0 63.0 
215.0 95.0 66.0 73.0 
54.0 58.0 57.0 61.0 
52.0 58.0 62.0 61.0 
55.0 58.0 58.0 61.0 
215.0 96.0 64.0 75.0 
57.0 55.0 62.0 56.0 
53.0 59.0 60.0 61.0 
55.0 58.0 59.0 61.0 
215.0 95.0 65.0 75.0 
55.0 58.0 60.0 59.0 
56.0 56.0 62.0 60.0 
51.0 59.0 61.0 59.0 
215.0 94.0 67.0 72.0 
57.0 55.0 60.0 59.0 
52.0 59.0 59.0 59.0 
52.0 59.0 60.0 59.0 
215.0 95.0 66.0 73.0 
52.0 60.0 57.0 61.0 
54.0 58.0 60.0 62.0 
57.0 56.0 63.0 60.0 
214.0 98.0 66.0 70.0 
53.0 55.0 60.0 59.0 
51.0 58.0 60.0 60.0 
54.0 56.0 62.0 59.0 
216.0 95.0 67.0 73.0 
54.0 56.0 62.0 57.0 
51.0 61.0 58.0 61.0 
55.0 58.0 60.0 61.0 
215.0 92.0 68.0 71.0 
53.0 57.0 59.0 59.0 
53.0 59.0 60.0 59.0 
55.0 58.0 61.0 60.0 
215.0 95.0 67.0 72.0 
50.0 59.0 59.0 58.0 
55.0 59.0 60.0 61.0 
55.0 59.0 60.0 62.0 
211.0 97.0 65.0 75.0 
55.0 56.0 62.0 56.0 
57.0 57.0 60.0 63.0 
58.0 59.0 57.0 60.0 
216.0 91.0 67.0 75.0 
54.0 58.0 61.0 57.0 
52.0 58.0 60.0 58.0 
51.0 60.0 59.0 61.0 
216.0 95.0 65.0 76.0 
57.0 55.0 61.0 56.0 
54.0 58.0 60.0 59.0 
55.0 58.0 60.0 60.0 
215.0 95.0 67.0 72.0 
55.0 57.0 59.0 61.0 
57.0 56.0 61.0 59.0 
55.0 58.0 61.0 59.0 
214.0 96.0 64.0 75.0 
52.0 61.0 57.0 60.0 
57.0 56.0 60.0 61.0 
57.0 56.0 62.0 58.0 
212.0 96.0 64.0 75.0 
59.0 56.0 61.0 59.0 
53.0 58.0 61.0 64.0 
56.0 59.0 59.0 61.0 
215.0 96.0 65.0 72.0 
53.0 60.0 58.0 60.0 
51.0 59.0 61.0 57.0 
51.0 61.0 59.0 60.0 
217.0 92.0 68.0 72.0 
51.0 59.0 58.0 62.0 
54.0 59.0 59.0 61.0 
51.0 61.0 58.0 64.0 
218.0 92.0 68.0 72.0 
56.0 55.0 61.0 56.0 
52.0 61.0 57.0 62.0 
51.0 61.0 59.0 60.0 
214.0 96.0 65.0 75.0 
58.0 56.0 60.0 59.0 
57.0 56.0 62.0 58.0 
54.0 61.0 59.0 63.0 
211.0 94.0 69.0 70.0 
58.0 57.0 58.0 61.0 
54.0 57.0 61.0 59.0 
54.0 55.0 62.0 61.0 
215.0 92.0 68.0 72.0 
53.0 58.0 59.0 58.0 
55.0 58.0 60.0 60.0 
56.0 59.0 58.0 62.0 
217.0 93.0 68.0 71.0 
52.0 59.0 58.0 57.0 
52.0 61.0 58.0 63.0 
52.0 60.0 59.0 63.0 
216.0 91.0 69.0 71.0 
57.0 56.0 61.0 56.0 
56.0 57.0 63.0 58.0 
56.0 57.0 62.0 58.0 
213.0 94.0 67.0 73.0 
54.0 58.0 61.0 57.0 
57.0 55.0 61.0 62.0 
55.0 61.0 60.0 60.0 
217.0 91.0 67.0 73.0 
54.0 57.0 59.0 59.0 
53.0 60.0 59.0 62.0 
57.0 56.0 63.0 57.0 
218.0 92.0 68.0 73.0 
52.0 58.0 58.0 59.0 
53.0 59.0 59.0 58.0 
51.0 60.0 59.0 61.0 
216.0 95.0 67.0 73.0 
57.0 56.0 62.0 56.0 
55.0 56.0 62.0 58.0 
54.0 59.0 60.0 59.0 
212.0 96.0 65.0 74.0 
52.0 59.0 57.0 62.0 
56.0 56.0 63.0 58.0 
54.0 60.0 58.0 63.0 
218.0 91.0 70.0 72.0 
53.0 54.0 59.0 61.0 
51.0 59.0 62.0 57.0 
53.0 58.0 63.0 59.0 
216.0 94.0 67.0 74.0 
55.0 57.0 60.0 59.0 
51.0 60.0 59.0 64.0 
54.0 58.0 60.0 60.0 
218.0 92.0 68.0 71.0 
52.0 58.0 61.0 56.0 
55.0 61.0 59.0 63.0 
57.0 56.0 62.0 58.0 
218.0 92.0 68.0 73.0 
57.0 55.0 61.0 57.0 
51.0 61.0 58.0 60.0 
51.0 59.0 61.0 61.0 
214.0 94.0 67.0 72.0 
52.0 59.0 59.0 60.0 
53.0 60.0 60.0 59.0 
51.0 58.0 62.0 59.0 
215.0 93.0 66.0 76.0 
55.0 60.0 59.0 59.0 
56.0 56.0 60.0 63.0 
57.0 57.0 60.0 63.0 
216.0 92.0 68.0 72.0 
56.0 58.0 59.0 62.0 
57.0 56.0 61.0 59.0 
51.0 61.0 59.0 63.0 
211.0 96.0 67.0 74.0 
57.0 56.0 61.0 57.0 
55.0 58.0 59.0 60.0 
56.0 57.0 62.0 60.0 
212.0 95.0 65.0 75.0 
54.0 60.0 58.0 62.0 
56.0 56.0 62.0 57.0 
55.0 58.0 61.0 59.0 
212.0 94.0 65.0 75.0 
58.0 57.0 58.0 56.0 
53.0 59.0 63.0 59.0 
52.0 59.0 63.0 57.0 
211.0 96.0 66.0 72.0 
52.0 60.0 58.0 61.0 
58.0 57.0 60.0 59.0 
53.0 58.0 60.0 58.0 
210.0 96.0 65.0 74.0 
58.0 55.0 61.0 57.0 
53.0 58.0 60.0 60.0 
55.0 57.0 60.0 59.0 
214.0 93.0 67.0 73.0 
52.0 59.0 58.0 61.0 
53.0 60.0 58.0 62.0 
53.0 61.0 59.0 63.0 
213.0 94.0 66.0 74.0 
55.0 59.0 59.0 62.0 
55.0 58.0 62.0 58.0 
52.0 61.0 58.0 62.0 
209.0 95.0 67.0 71.0 
56.0 57.0 58.0 61.0 
53.0 61.0 59.0 58.0 
51.0 59.0 63.0 58.0 
214.0 93.0 68.0 70.0 
54.0 61.0 57.0 61.0 
51.0 60.0 59.0 61.0 
56.0 58.0 61.0 59.0 
214.0 91.0 69.0 71.0 
51.0 60.0 57.0 62.0 
53.0 59.0 59.0 61.0 
54.0 59.0 60.0 61.0 
212.0 93.0 67.0 72.0 
52.0 61.0 57.0 59.0 
58.0 56.0 61.0 60.0 
57.0 56.0 63.0 60.0 
212.0 93.0 69.0 70.0 
54.0 59.0 59.0 62.0 
52.0 59.0 60.0 58.0 
52.0 58.0 61.0 61.0 
210.0 93.0 69.0 69.0 
52.0 58.0 58.0 59.0 
53.0 59.0 59.0 60.0 
55.0 59.0 60.0 61.0 
211.0 96.0 65.0 75.0 
58.0 54.0 61.0 58.0 
57.0 55.0 62.0 58.0 
54.0 61.0 58.0 62.0 
209.0 96.0 64.0 75.0 
55.0 57.0 59.0 59.0 
52.0 59.0 59.0 60.0 
51.0 60.0 59.0 61.0 
214.0 92.0 68.0 72.0 
51.0 62.0 57.0 62.0 
53.0 59.0 59.0 61.0 
57.0 57.0 62.0 58.0 
212.0 92.0 68.0 71.0 
53.0 58.0 62.0 59.0 
53.0 61.0 58.0 57.0 
50.0 60.0 62.0 59.0 
209.0 96.0 66.0 73.0 
56.0 56.0 60.0 60.0 
58.0 56.0 60.0 59.0 
54.0 58.0 62.0 57.0 
209.0 94.0 67.0 71.0 
55.0 58.0 58.0 57.0 
51.0 61.0 58.0 61.0 
56.0 58.0 61.0 60.0 
212.0 92.0 69.0 69.0 
55.0 57.0 62.0 57.0 
52.0 61.0 58.0 63.0 
51.0 61.0 59.0 60.0 
211.0 96.0 64.0 75.0 
53.0 59.0 58.0 61.0 
52.0 61.0 57.0 62.0 
56.0 57.0 61.0 62.0 
207.0 95.0 68.0 72.0 
54.0 55.0 58.0 62.0 
54.0 57.0 62.0 60.0 
59.0 57.0 60.0 60.0 
206.0 96.0 65.0 73.0 
56.0 57.0 57.0 62.0 
52.0 61.0 58.0 62.0 
57.0 57.0 60.0 59.0 
208.0 94.0 67.0 71.0 
52.0 58.0 59.0 59.0 
56.0 57.0 60.0 59.0 
52.0 60.0 60.0 61.0 
213.0 92.0 67.0 71.0 
58.0 55.0 59.0 59.0 
53.0 58.0 60.0 59.0 
54.0 59.0 61.0 58.0 
209.0 94.0 66.0 72.0 
56.0 57.0 58.0 61.0 
50.0 60.0 60.0 57.0 
51.0 59.0 63.0 58.0 
211.0 96.0 65.0 73.0 
55.0 59.0 57.0 57.0 
52.0 61.0 59.0 60.0 
56.0 59.0 60.0 60.0 
210.0 94.0 70.0 70.0 
55.0 59.0 58.0 61.0 
51.0 62.0 57.0 63.0 
54.0 59.0 61.0 59.0 
212.0 92.0 69.0 71.0 
51.0 60.0 57.0 62.0 
54.0 58.0 60.0 61.0 
52.0 61.0 58.0 63.0 
209.0 95.0 66.0 72.0 
52.0 58.0 59.0 59.0 
55.0 58.0 60.0 60.0 
55.0 58.0 61.0 60.0 
213.0 91.0 68.0 76.0 
56.0 57.0 56.0 62.0 
50.0 59.0 63.0 58.0 
54.0 57.0 63.0 58.0 
209.0 95.0 66.0 73.0 
52.0 58.0 60.0 58.0 
54.0 61.0 57.0 62.0 
55.0 59.0 60.0 62.0 
211.0 91.0 70.0 71.0 
55.0 58.0 58.0 59.0 
55.0 56.0 61.0 60.0 
51.0 61.0 58.0 62.0 
208.0 94.0 68.0 72.0 
57.0 56.0 60.0 57.0 
55.0 57.0 60.0 60.0 
56.0 57.0 63.0 58.0 
208.0 95.0 66.0 75.0 
56.0 57.0 60.0 59.0 
53.0 58.0 60.0 58.0 
51.0 59.0 61.0 59.0 
206.0 94.0 69.0 70.0 
53.0 58.0 61.0 58.0 
53.0 61.0 59.0 62.0 
57.0 58.0 60.0 61.0 
207.0 95.0 67.0 72.0 
55.0 58.0 58.0 60.0 
55.0 57.0 61.0 59.0 
52.0 60.0 61.0 58.0 
212.0 92.0 69.0 71.0 
52.0 60.0 57.0 61.0 
57.0 56.0 63.0 58.0 
54.0 58.0 62.0 57.0 
209.0 93.0 68.0 72.0 
52.0 59.0 59.0 59.0 
58.0 56.0 62.0 60.0 
56.0 57.0 62.0 60.0 
209.0 95.0 68.0 72.0 
57.0 57.0 60.0 59.0 
56.0 57.0 59.0 61.0 
53.0 60.0 60.0 57.0 
208.0 95.0 67.0 74.0 
56.0 58.0 57.0 61.0 
51.0 61.0 59.0 61.0 
58.0 57.0 61.0 61.0 
206.0 93.0 67.0 70.0 
55.0 58.0 59.0 60.0 
55.0 59.0 58.0 63.0 
57.0 57.0 61.0 58.0 
207.0 93.0 68.0 71.0 
56.0 55.0 61.0 60.0 
52.0 61.0 58.0 63.0 
53.0 61.0 58.0 62.0 
207.0 91.0 69.0 70.0 
54.0 58.0 60.0 57.0 
55.0 58.0 61.0 60.0 
52.0 60.0 59.0 59.0 
204.0 93.0 68.0 70.0 
56.0 56.0 58.0 62.0 
51.0 58.0 63.0 58.0 
53.0 58.0 62.0 59.0 
213.0 91.0 70.0 71.0 
52.0 59.0 57.0 61.0 
51.0 59.0 60.0 60.0 
55.0 59.0 60.0 60.0 
211.0 95.0 66.0 76.0 
58.0 56.0 60.0 59.0 
57.0 56.0 61.0 58.0 
51.0 61.0 58.0 62.0 
207.0 91.0 69.0 69.0 
53.0 60.0 56.0 59.0 
50.0 61.0 59.0 60.0 
51.0 60.0 59.0 61.0 
208.0 92.0 70.0 70.0 
54.0 58.0 58.0 62.0 
54.0 60.0 57.0 61.0 
55.0 61.0 59.0 60.0 
208.0 92.0 68.0 75.0 
56.0 57.0 57.0 60.0 
52.0 58.0 60.0 58.0 
52.0 62.0 59.0 61.0 
209.0 92.0 70.0 71.0 
53.0 59.0 59.0 59.0 
54.0 59.0 60.0 59.0 
56.0 58.0 60.0 60.0 
209.0 96.0 66.0 74.0 
57.0 56.0 61.0 57.0 
55.0 58.0 61.0 57.0 
54.0 59.0 59.0 59.0 
213.0 95.0 66.0 74.0 
54.0 57.0 57.0 62.0 
57.0 56.0 62.0 60.0 
58.0 57.0 63.0 59.0 
214.0 93.0 69.0 70.0 
54.0 57.0 61.0 58.0 
55.0 60.0 59.0 60.0 
56.0 58.0 60.0 62.0 
211.0 94.0 70.0 72.0 
53.0 57.0 61.0 57.0 
57.0 55.0 61.0 59.0 
51.0 60.0 60.0 61.0 
211.0 96.0 66.0 74.0 
52.0 59.0 58.0 60.0 
55.0 59.0 59.0 60.0 
57.0 56.0 62.0 57.0 
215.0 92.0 70.0 70.0 
52.0 59.0 58.0 60.0 
57.0 56.0 62.0 58.0 
53.0 59.0 60.0 59.0 
210.0 94.0 67.0 74.0 
54.0 58.0 59.0 59.0 
52.0 60.0 57.0 63.0 
56.0 56.0 62.0 59.0 
210.0 94.0 66.0 73.0 
54.0 60.0 57.0 58.0 
53.0 57.0 62.0 57.0 
51.0 60.0 59.0 61.0 
207.0 94.0 68.0 74.0 
55.0 57.0 61.0 57.0 
56.0 58.0 59.0 60.0 
53.0 60.0 60.0 61.0 
202.0 93.0 67.0 73.0 
53.0 58.0 58.0 60.0 
52.0 60.0 59.0 61.0 
53.0 61.0 58.0 64.0 
208.0 93.0 67.0 71.0 
52.0 60.0 58.0 60.0 
57.0 56.0 60.0 59.0 
57.0 56.0 62.0 58.0 
204.0 92.0 68.0 72.0 
52.0 59.0 58.0 60.0 
52.0 59.0 62.0 58.0 
55.0 57.0 61.0 61.0 
210.0 93.0 67.0 74.0 
53.0 60.0 58.0 60.0 
56.0 59.0 60.0 60.0 
54.0 59.0 61.0 58.0 
201.0 94.0 68.0 71.0 
54.0 60.0 58.0 62.0 
54.0 60.0 57.0 62.0 
55.0 57.0 62.0 57.0 
204.0 95.0 67.0 75.0 
57.0 55.0 61.0 58.0 
52.0 61.0 60.0 60.0 
53.0 61.0 57.0 63.0 
206.0 96.0 66.0 72.0 
51.0 59.0 57.0 57.0 
56.0 57.0 61.0 58.0 
51.0 61.0 58.0 62.0 
205.0 92.0 67.0 75.0 
58.0 56.0 59.0 63.0 
57.0 61.0 58.0 60.0 
52.0 60.0 63.0 58.0 
208.0 93.0 68.0 73.0 
53.0 60.0 58.0 60.0 
52.0 59.0 59.0 58.0 
54.0 59.0 58.0 63.0 
205.0 92.0 70.0 70.0 
52.0 60.0 59.0 59.0 
52.0 60.0 59.0 61.0 
55.0 59.0 60.0 60.0 
203.0 94.0 67.0 74.0 
55.0 57.0 59.0 60.0 
53.0 59.0 60.0 60.0 
53.0 59.0 60.0 59.0 
200.0 94.0 66.0 73.0 
58.0 56.0 62.0 57.0 
52.0 60.0 57.0 62.0 
56.0 58.0 58.0 61.0 
205.0 90.0 66.0 75.0 
56.0 60.0 59.0 59.0 
58.0 58.0 58.0 61.0 
51.0 62.0 60.0 57.0 
202.0 90.0 68.0 72.0 
55.0 56.0 61.0 57.0 
57.0 55.0 62.0 59.0 
51.0 62.0 59.0 62.0 
200.0 93.0 65.0 75.0 
58.0 55.0 62.0 62.0 
58.0 56.0 62.0 58.0 
54.0 59.0 60.0 60.0 
200.0 95.0 67.0 72.0 
52.0 58.0 59.0 58.0 
57.0 57.0 61.0 60.0 
56.0 57.0 63.0 60.0 
197.0 94.0 67.0 72.0 
55.0 60.0 57.0 60.0 
54.0 55.0 61.0 60.0 
57.0 56.0 61.0 62.0 
198.0 92.0 69.0 72.0 
55.0 56.0 61.0 59.0 
55.0 58.0 60.0 63.0 
57.0 57.0 62.0 59.0 
203.0 94.0 68.0 72.0 
56.0 58.0 59.0 59.0 
56.0 56.0 60.0 59.0 
52.0 61.0 59.0 63.0 
203.0 96.0 65.0 75.0 
57.0 56.0 61.0 58.0 
54.0 59.0 60.0 60.0 
52.0 62.0 57.0 62.0 
200.0 92.0 69.0 70.0 
56.0 57.0 61.0 57.0 
53.0 61.0 58.0 61.0 
57.0 56.0 61.0 59.0 
195.0 92.0 66.0 75.0 
56.0 59.0 58.0 58.0 
58.0 56.0 59.0 64.0 
57.0 58.0 60.0 63.0 
194.0 92.0 65.0 74.0 
57.0 57.0 59.0 59.0 
53.0 60.0 57.0 63.0 
58.0 58.0 59.0 62.0 
195.0 92.0 67.0 71.0 
55.0 58.0 58.0 59.0 
53.0 61.0 58.0 62.0 
58.0 56.0 62.0 59.0 
195.0 94.0 64.0 74.0 
54.0 59.0 59.0 62.0 
56.0 56.0 61.0 57.0 
55.0 58.0 62.0 57.0 
191.0 92.0 66.0 71.0 
52.0 60.0 57.0 62.0 
55.0 59.0 58.0 62.0 
59.0 58.0 59.0 62.0 
191.0 92.0 65.0 75.0 
59.0 58.0 59.0 58.0 
56.0 57.0 60.0 60.0 
53.0 60.0 60.0 62.0 
189.0 92.0 66.0 74.0 
56.0 57.0 59.0 59.0 
52.0 61.0 59.0 62.0 
57.0 58.0 61.0 60.0 
197.0 89.0 69.0 70.0 
54.0 58.0 58.0 59.0 
59.0 55.0 61.0 61.0 
58.0 57.0 61.0 61.0 
190.0 94.0 65.0 73.0 
52.0 60.0 57.0 60.0 
57.0 56.0 62.0 57.0 
56.0 59.0 61.0 60.0 
192.0 89.0 69.0 69.0 
53.0 59.0 59.0 60.0 
57.0 58.0 58.0 63.0 
57.0 59.0 58.0 63.0 
193.0 89.0 68.0 72.0 
56.0 56.0 61.0 59.0 
52.0 61.0 58.0 61.0 
58.0 58.0 61.0 60.0 
191.0 91.0 67.0 72.0 
55.0 57.0 60.0 57.0 
55.0 59.0 60.0 59.0 
56.0 59.0 59.0 60.0 
192.0 89.0 69.0 70.0 
57.0 55.0 61.0 56.0 
52.0 61.0 57.0 63.0 
53.0 61.0 58.0 61.0 
186.0 93.0 64.0 72.0 
54.0 59.0 57.0 62.0 
56.0 58.0 59.0 60.0 
54.0 59.0 64.0 59.0 
186.0 92.0 65.0 68.0 
56.0 58.0 57.0 61.0 
52.0 59.0 59.0 57.0 
53.0 59.0 62.0 58.0 
186.0 91.0 66.0 70.0 
55.0 58.0 57.0 62.0 
56.0 58.0 58.0 62.0 
58.0 57.0 60.0 60.0 
188.0 90.0 69.0 69.0 
52.0 59.0 60.0 60.0 
53.0 58.0 60.0 59.0 
57.0 58.0 61.0 58.0 
191.0 88.0 70.0 69.0 
57.0 55.0 61.0 59.0 
54.0 57.0 61.0 58.0 
55.0 58.0 61.0 57.0 
187.0 90.0 66.0 71.0 
55.0 58.0 61.0 57.0 
55.0 62.0 59.0 59.0 
52.0 60.0 63.0 58.0 
189.0 93.0 64.0 71.0 
51.0 58.0 62.0 57.0 
56.0 61.0 58.0 61.0 
55.0 62.0 58.0 61.0 
187.0 90.0 64.0 74.0 
58.0 56.0 59.0 59.0 
56.0 58.0 60.0 59.0 
53.0 60.0 58.0 62.0 
185.0 92.0 67.0 70.0 
55.0 60.0 57.0 62.0 
57.0 57.0 61.0 59.0 
52.0 62.0 58.0 63.0 
186.0 89.0 67.0 68.0 
53.0 60.0 57.0 62.0 
52.0 61.0 58.0 61.0 
53.0 61.0 59.0 62.0 
187.0 90.0 69.0 68.0 
52.0 59.0 59.0 57.0 
58.0 58.0 57.0 60.0 
53.0 59.0 60.0 56.0 
191.0 88.0 67.0 73.0 
58.0 55.0 61.0 58.0 
57.0 58.0 60.0 60.0 
54.0 60.0 60.0 60.0 
189.0 87.0 69.0 68.0 
55.0 58.0 57.0 59.0 
56.0 59.0 59.0 60.0 
54.0 60.0 62.0 59.0 
186.0 90.0 67.0 71.0 
52.0 60.0 57.0 62.0 
52.0 61.0 58.0 63.0 
54.0 60.0 58.0 62.0 
187.0 90.0 67.0 70.0 
55.0 58.0 59.0 60.0 
58.0 56.0 61.0 59.0 
52.0 59.0 60.0 57.0 
186.0 89.0 64.0 73.0 
55.0 60.0 57.0 62.0 
52.0 61.0 59.0 60.0 
56.0 59.0 60.0 62.0 
184.0 92.0 65.0 71.0 
58.0 57.0 58.0 60.0 
56.0 57.0 59.0 60.0 
54.0 60.0 60.0 60.0 
184.0 90.0 66.0 72.0 
52.0 60.0 58.0 61.0 
56.0 58.0 61.0 59.0 
57.0 57.0 62.0 59.0 
183.0 87.0 68.0 69.0 
55.0 57.0 61.0 56.0 
52.0 60.0 57.0 62.0 
54.0 60.0 59.0 62.0 
181.0 90.0 64.0 73.0 
57.0 55.0 61.0 57.0 
59.0 58.0 59.0 61.0 
54.0 61.0 60.0 57.0 
180.0 89.0 66.0 72.0 
57.0 56.0 59.0 61.0 
58.0 57.0 62.0 58.0 
53.0 60.0 59.0 61.0 
181.0 88.0 65.0 73.0 
56.0 56.0 61.0 57.0 
58.0 57.0 61.0 59.0 
55.0 58.0 61.0 59.0 
180.0 87.0 67.0 71.0 
53.0 60.0 57.0 62.0 
58.0 56.0 62.0 59.0 
57.0 56.0 62.0 60.0 
180.0 89.0 66.0 73.0 
57.0 57.0 59.0 59.0 
52.0 60.0 59.0 62.0 
57.0 55.0 62.0 58.0 
182.0 89.0 64.0 73.0 
55.0 61.0 59.0 58.0 
57.0 56.0 59.0 62.0 
57.0 58.0 60.0 61.0 
184.0 85.0 69.0 70.0 
58.0 56.0 60.0 58.0 
51.0 60.0 59.0 59.0 
55.0 60.0 58.0 63.0 
182.0 90.0 64.0 74.0 
58.0 57.0 60.0 60.0 
56.0 57.0 60.0 60.0 
55.0 58.0 61.0 58.0 
185.0 85.0 69.0 71.0 
57.0 56.0 61.0 58.0 
52.0 59.0 60.0 58.0 
53.0 59.0 61.0 59.0 
183.0 86.0 69.0 68.0 
53.0 61.0 57.0 57.0 
54.0 61.0 58.0 60.0 
55.0 62.0 60.0 58.0 
181.0 90.0 65.0 70.0 
53.0 60.0 59.0 59.0 
56.0 55.0 62.0 58.0 
54.0 59.0 60.0 59.0 
185.0 89.0 66.0 72.0 
57.0 58.0 58.0 61.0 
55.0 59.0 58.0 62.0 
55.0 59.0 61.0 59.0 
185.0 87.0 67.0 70.0 
54.0 59.0 59.0 59.0 
52.0 61.0 58.0 63.0 
55.0 59.0 60.0 60.0 
182.0 87.0 68.0 70.0 
54.0 59.0 59.0 59.0 
54.0 59.0 59.0 61.0 
57.0 59.0 61.0 60.0 
183.0 85.0 68.0 69.0 
58.0 57.0 59.0 62.0 
57.0 60.0 57.0 62.0 
56.0 60.0 58.0 64.0 
185.0 87.0 64.0 73.0 
57.0 57.0 60.0 62.0 
54.0 61.0 57.0 62.0 
58.0 57.0 63.0 59.0 
182.0 85.0 68.0 68.0 
52.0 61.0 57.0 61.0 
55.0 58.0 60.0 59.0 
53.0 60.0 60.0 62.0 
182.0 88.0 65.0 70.0 
57.0 57.0 61.0 62.0 
55.0 58.0 61.0 59.0 
57.0 57.0 63.0 58.0 
179.0 90.0 64.0 70.0 
52.0 61.0 57.0 61.0 
52.0 61.0 57.0 62.0 
57.0 57.0 63.0 58.0 
186.0 88.0 64.0 72.0 
55.0 60.0 58.0 59.0 
55.0 56.0 61.0 59.0 
53.0 59.0 61.0 57.0 
186.0 87.0 66.0 73.0 
58.0 56.0 59.0 59.0 
55.0 58.0 59.0 62.0 
56.0 58.0 62.0 58.0 
179.0 90.0 64.0 73.0 
55.0 57.0 61.0 57.0 
53.0 61.0 57.0 62.0 
55.0 59.0 60.0 61.0 
181.0 88.0 65.0 72.0 
53.0 61.0 57.0 61.0 
54.0 59.0 59.0 61.0 
58.0 56.0 62.0 58.0 
180.0 88.0 66.0 70.0 
54.0 59.0 58.0 60.0 
53.0 60.0 59.0 59.0 
52.0 60.0 61.0 59.0 
184.0 86.0 66.0 72.0 
57.0 55.0 60.0 58.0 
58.0 56.0 61.0 60.0 
53.0 61.0 60.0 60.0 
184.0 86.0 66.0 70.0 
55.0 58.0 59.0 59.0 
54.0 60.0 59.0 60.0 
55.0 62.0 58.0 63.0 
179.0 90.0 65.0 73.0 
54.0 58.0 59.0 60.0 
55.0 60.0 59.0 62.0 
57.0 58.0 59.0 60.0 
183.0 87.0 67.0 70.0 
58.0 56.0 61.0 57.0 
55.0 59.0 60.0 60.0 
56.0 58.0 62.0 63.0 
181.0 87.0 65.0 73.0 
58.0 57.0 59.0 62.0 
54.0 57.0 62.0 61.0 
57.0 58.0 60.0 61.0 
181.0 85.0 69.0 68.0 
53.0 60.0 59.0 59.0 
53.0 60.0 60.0 60.0 
54.0 61.0 59.0 62.0 
180.0 88.0 66.0 71.0 
53.0 60.0 59.0 59.0 
52.0 60.0 59.0 62.0 
58.0 59.0 60.0 60.0 
184.0 84.0 68.0 70.0 
58.0 56.0 62.0 58.0 
52.0 62.0 58.0 60.0 
52.0 62.0 60.0 61.0 
180.0 89.0 64.0 74.0 
56.0 58.0 60.0 58.0 
55.0 58.0 62.0 57.0 
53.0 59.0 62.0 57.0 
180.0 86.0 67.0 74.0 
57.0 59.0 57.0 56.0 
55.0 56.0 62.0 60.0 
58.0 57.0 61.0 60.0 
183.0 85.0 67.0 68.0 
53.0 60.0 58.0 59.0 
60.0 56.0 61.0 58.0 
52.0 60.0 59.0 61.0 
181.0 85.0 68.0 70.0 
52.0 59.0 60.0 57.0 
55.0 59.0 60.0 59.0 
56.0 59.0 61.0 60.0 
184.0 86.0 68.0 70.0 
58.0 55.0 61.0 59.0 
52.0 58.0 59.0 59.0 
53.0 60.0 59.0 60.0 
181.0 88.0 66.0 71.0 
58.0 57.0 59.0 62.0 
52.0 61.0 59.0 58.0 
53.0 60.0 62.0 58.0 
181.0 89.0 66.0 69.0 
56.0 55.0 61.0 59.0 
55.0 56.0 63.0 58.0 
53.0 60.0 60.0 61.0 
185.0 86.0 67.0 71.0 
55.0 57.0 60.0 57.0 
54.0 58.0 60.0 60.0 
56.0 57.0 61.0 59.0 
183.0 87.0 66.0 70.0 
57.0 57.0 60.0 58.0 
57.0 58.0 60.0 60.0 
57.0 58.0 62.0 58.0 
185.0 87.0 67.0 70.0 
57.0 57.0 59.0 57.0 
54.0 58.0 61.0 59.0 
52.0 62.0 59.0 62.0 
184.0 85.0 68.0 69.0 
54.0 55.0 60.0 62.0 
59.0 57.0 60.0 64.0 
57.0 58.0 60.0 64.0 
183.0 85.0 68.0 70.0 
55.0 57.0 61.0 57.0 
59.0 57.0 62.0 58.0 
54.0 59.0 63.0 57.0 
181.0 88.0 64.0 73.0 
55.0 57.0 59.0 57.0 
54.0 59.0 60.0 61.0 
58.0 57.0 62.0 58.0 
179.0 90.0 65.0 74.0 
55.0 57.0 59.0 60.0 
53.0 60.0 59.0 59.0 
52.0 61.0 58.0 63.0 
182.0 86.0 69.0 67.0 
54.0 59.0 59.0 59.0 
57.0 57.0 60.0 61.0 
57.0 57.0 61.0 64.0 
182.0 86.0 66.0 72.0 
57.0 56.0 59.0 61.0 
54.0 60.0 59.0 62.0 
58.0 57.0 62.0 58.0 
179.0 86.0 68.0 68.0 
55.0 60.0 56.0 62.0 
56.0 58.0 60.0 59.0 
54.0 58.0 61.0 58.0 
177.0 87.0 67.0 71.0 
58.0 55.0 62.0 60.0 
54.0 61.0 58.0 63.0 
55.0 61.0 59.0 63.0 
181.0 86.0 65.0 70.0 
58.0 55.0 63.0 56.0 
58.0 57.0 63.0 58.0 
56.0 58.0 59.0 60.0 
177.0 89.0 64.0 72.0 
58.0 55.0 59.0 60.0 
54.0 61.0 60.0 57.0 
54.0 57.0 61.0 63.0 
178.0 89.0 66.0 70.0 
56.0 59.0 57.0 62.0 
56.0 59.0 59.0 60.0 
54.0 60.0 59.0 61.0 
181.0 85.0 65.0 69.0 
54.0 60.0 59.0 59.0 
53.0 58.0 63.0 58.0 
52.0 62.0 58.0 62.0 
177.0 88.0 65.0 70.0 
55.0 57.0 59.0 58.0 
54.0 59.0 59.0 59.0 
52.0 61.0 60.0 59.0 
178.0 87.0 65.0 72.0 
55.0 58.0 58.0 61.0 
56.0 58.0 59.0 59.0 
54.0 61.0 60.0 60.0 
176.0 85.0 69.0 67.0 
56.0 55.0 60.0 62.0 
53.0 60.0 61.0 59.0 
52.0 59.0 62.0 58.0 
180.0 85.0 66.0 69.0 
52.0 60.0 59.0 58.0 
53.0 59.0 61.0 58.0 
56.0 59.0 60.0 61.0 
178.0 85.0 65.0 69.0 
55.0 60.0 57.0 62.0 
53.0 60.0 61.0 60.0 
58.0 57.0 62.0 59.0 
178.0 88.0 64.0 72.0 
55.0 58.0 59.0 60.0 
54.0 58.0 61.0 58.0 
55.0 59.0 60.0 59.0 
178.0 86.0 65.0 71.0 
58.0 56.0 60.0 58.0 
58.0 57.0 59.0 62.0 
56.0 59.0 58.0 60.0 
175.0 87.0 65.0 66.0 
55.0 58.0 62.0 59.0 
57.0 58.0 58.0 63.0 
58.0 57.0 60.0 60.0 
177.0 85.0 67.0 68.0 
55.0 56.0 62.0 56.0 
54.0 59.0 59.0 61.0 
55.0 59.0 59.0 61.0 
180.0 84.0 67.0 67.0 
54.0 60.0 57.0 62.0 
57.0 57.0 61.0 58.0 
53.0 60.0 60.0 60.0 
177.0 87.0 66.0 69.0 
54.0 58.0 60.0 58.0 
54.0 60.0 58.0 61.0 
55.0 58.0 61.0 61.0 
179.0 86.0 64.0 72.0 
57.0 58.0 57.0 56.0 
55.0 57.0 61.0 59.0 
57.0 56.0 62.0 61.0 
179.0 86.0 63.0 71.0 
56.0 60.0 56.0 61.0 
59.0 57.0 60.0 59.0 
53.0 59.0 61.0 60.0 
181.0 86.0 65.0 72.0 
55.0 57.0 60.0 59.0 
52.0 60.0 60.0 61.0 
58.0 57.0 62.0 58.0 
181.0 87.0 64.0 70.0 
52.0 60.0 57.0 62.0 
57.0 56.0 62.0 57.0 
56.0 58.0 61.0 59.0 
181.0 86.0 64.0 72.0 
55.0 58.0 58.0 61.0 
55.0 58.0 60.0 60.0 
54.0 59.0 63.0 58.0 
180.0 82.0 67.0 71.0 
56.0 61.0 57.0 62.0 
56.0 58.0 59.0 61.0 
55.0 60.0 60.0 60.0 
178.0 84.0 67.0 67.0 
52.0 59.0 58.0 60.0 
52.0 60.0 58.0 61.0 
58.0 55.0 63.0 58.0 
177.0 85.0 65.0 70.0 
54.0 59.0 59.0 61.0 
55.0 59.0 59.0 59.0 
53.0 61.0 60.0 60.0 
173.0 88.0 63.0 72.0 
54.0 59.0 57.0 57.0 
58.0 56.0 62.0 57.0 
57.0 56.0 62.0 58.0 
177.0 85.0 65.0 69.0 
58.0 56.0 61.0 59.0 
52.0 61.0 60.0 60.0 
53.0 60.0 60.0 60.0 
173.0 85.0 64.0 71.0 
59.0 55.0 61.0 57.0 
57.0 56.0 62.0 58.0 
53.0 61.0 58.0 61.0 
171.0 85.0 64.0 71.0 
56.0 58.0 59.0 59.0 
53.0 59.0 59.0 59.0 
55.0 60.0 58.0 63.0 
174.0 88.0 63.0 72.0 
56.0 58.0 57.0 61.0 
57.0 57.0 63.0 57.0 
57.0 58.0 61.0 58.0 
178.0 85.0 65.0 69.0 
53.0 59.0 58.0 59.0 
53.0 59.0 58.0 62.0 
59.0 57.0 62.0 60.0 
178.0 82.0 66.0 70.0 
55.0 55.0 59.0 60.0 
54.0 57.0 62.0 58.0 
58.0 58.0 60.0 63.0 
176.0 84.0 67.0 67.0 
53.0 59.0 58.0 60.0 
57.0 58.0 58.0 60.0 
55.0 58.0 63.0 57.0 
175.0 86.0 65.0 69.0 
56.0 56.0 62.0 62.0 
59.0 56.0 61.0 59.0 
53.0 60.0 59.0 62.0 
174.0 87.0 63.0 72.0 
55.0 60.0 58.0 61.0 
52.0 62.0 60.0 60.0 
56.0 59.0 60.0 58.0 
176.0 84.0 66.0 69.0 
52.0 60.0 57.0 61.0 
53.0 60.0 58.0 61.0 
54.0 61.0 60.0 59.0 
177.0 87.0 64.0 71.0 
53.0 58.0 58.0 58.0 
54.0 56.0 61.0 59.0 
54.0 59.0 62.0 58.0 
173.0 86.0 65.0 70.0 
56.0 57.0 59.0 61.0 
57.0 57.0 61.0 58.0 
52.0 61.0 59.0 61.0 
173.0 85.0 66.0 67.0 
55.0 58.0 60.0 59.0 
58.0 57.0 61.0 58.0 
54.0 59.0 60.0 61.0 
180.0 83.0 68.0 69.0 
58.0 56.0 61.0 57.0 
52.0 61.0 59.0 60.0 
53.0 61.0 58.0 63.0 
176.0 86.0 65.0 68.0 
54.0 60.0 56.0 60.0 
53.0 58.0 62.0 59.0 
57.0 57.0 60.0 61.0 
177.0 87.0 64.0 69.0 
52.0 59.0 59.0 58.0 
54.0 59.0 62.0 57.0 
54.0 61.0 58.0 62.0 
175.0 85.0 66.0 69.0 
57.0 58.0 59.0 59.0 
56.0 59.0 60.0 60.0 
55.0 60.0 60.0 62.0 
169.0 88.0 64.0 70.0 
59.0 55.0 62.0 56.0 
52.0 60.0 58.0 62.0 
55.0 59.0 60.0 62.0 
174.0 88.0 65.0 69.0 
52.0 60.0 59.0 60.0 
59.0 56.0 62.0 57.0 
55.0 60.0 59.0 63.0 
172.0 87.0 65.0 68.0 
54.0 58.0 62.0 57.0 
58.0 57.0 61.0 62.0 
58.0 57.0 62.0 59.0 
171.0 84.0 68.0 66.0 
59.0 55.0 60.0 58.0 
53.0 59.0 59.0 59.0 
58.0 58.0 60.0 60.0 
173.0 87.0 63.0 72.0 
55.0 58.0 59.0 59.0 
52.0 61.0 58.0 62.0 
55.0 60.0 60.0 62.0 
174.0 86.0 64.0 71.0 
55.0 59.0 58.0 61.0 
56.0 57.0 61.0 58.0 
56.0 59.0 61.0 59.0 
167.0 83.0 67.0 67.0 
54.0 58.0 59.0 59.0 
58.0 57.0 60.0 61.0 
57.0 57.0 61.0 60.0 
165.0 82.0 64.0 72.0 
60.0 57.0 60.0 59.0 
53.0 62.0 58.0 60.0 
59.0 57.0 61.0 59.0 
165.0 84.0 63.0 71.0 
58.0 57.0 59.0 61.0 
56.0 58.0 59.0 62.0 
56.0 59.0 62.0 57.0 
164.0 84.0 65.0 67.0 
57.0 57.0 60.0 58.0 
57.0 58.0 60.0 61.0 
58.0 57.0 61.0 60.0 
167.0 84.0 65.0 70.0 
59.0 57.0 60.0 59.0 
54.0 59.0 60.0 59.0 
54.0 61.0 59.0 61.0 
166.0 81.0 67.0 68.0 
59.0 58.0 60.0 62.0 
58.0 60.0 59.0 58.0 
54.0 58.0 62.0 60.0 
167.0 82.0 66.0 68.0 
54.0 58.0 58.0 60.0 
53.0 61.0 57.0 61.0 
60.0 59.0 60.0 62.0 
165.0 81.0 68.0 68.0 
54.0 59.0 58.0 61.0 
55.0 59.0 58.0 62.0 
57.0 58.0 62.0 58.0 
162.0 86.0 64.0 71.0 
56.0 59.0 58.0 58.0 
58.0 56.0 61.0 57.0 
58.0 57.0 63.0 59.0 
164.0 84.0 68.0 68.0 
54.0 59.0 58.0 60.0 
53.0 61.0 58.0 61.0 
59.0 57.0 59.0 61.0 
162.0 81.0 66.0 72.0 
59.0 58.0 57.0 62.0 
53.0 58.0 62.0 58.0 
54.0 59.0 62.0 58.0 
160.0 85.0 66.0 71.0 
58.0 56.0 61.0 58.0 
59.0 56.0 62.0 57.0 
58.0 59.0 61.0 59.0 
165.0 83.0 66.0 72.0 
59.0 55.0 61.0 58.0 
58.0 55.0 63.0 56.0 
56.0 59.0 58.0 61.0 
167.0 82.0 68.0 69.0 
53.0 60.0 59.0 58.0 
54.0 59.0 60.0 59.0 
56.0 59.0 60.0 59.0 
164.0 85.0 64.0 72.0 
57.0 55.0 61.0 57.0 
58.0 58.0 58.0 62.0 
56.0 62.0 59.0 61.0 
167.0 84.0 65.0 72.0 
58.0 60.0 57.0 60.0 
55.0 58.0 62.0 59.0 
54.0 59.0 61.0 58.0 
162.0 85.0 66.0 68.0 
54.0 61.0 56.0 57.0 
53.0 60.0 57.0 62.0 
58.0 58.0 61.0 58.0 
164.0 81.0 69.0 68.0 
54.0 60.0 58.0 62.0 
56.0 59.0 61.0 59.0 
53.0 61.0 58.0 63.0 
165.0 87.0 65.0 70.0 
54.0 61.0 57.0 59.0 
59.0 56.0 63.0 58.0 
57.0 58.0 62.0 60.0 
161.0 87.0 66.0 70.0 
54.0 59.0 60.0 56.0 
58.0 60.0 57.0 62.0 
58.0 60.0 58.0 63.0 
162.0 84.0 68.0 67.0 
55.0 58.0 61.0 57.0 
58.0 56.0 60.0 59.0 
53.0 60.0 61.0 60.0 
167.0 83.0 69.0 69.0 
58.0 55.0 62.0 57.0 
56.0 59.0 59.0 60.0 
54.0 61.0 58.0 63.0 
166.0 84.0 69.0 69.0 
55.0 57.0 58.0 59.0 
58.0 57.0 61.0 60.0 
59.0 58.0 61.0 60.0 
163.0 88.0 66.0 71.0 
53.0 59.0 57.0 62.0 
56.0 59.0 59.0 62.0 
58.0 56.0 61.0 60.0 
166.0 83.0 69.0 73.0 
60.0 56.0 60.0 58.0 
57.0 60.0 58.0 62.0 
59.0 57.0 60.0 59.0 
168.0 83.0 68.0 71.0 
57.0 57.0 61.0 57.0 
57.0 59.0 59.0 60.0 
55.0 59.0 60.0 60.0 
165.0 85.0 66.0 71.0 
55.0 58.0 59.0 60.0 
54.0 59.0 59.0 59.0 
52.0 62.0 59.0 60.0 
165.0 87.0 66.0 73.0 
56.0 59.0 58.0 60.0 
55.0 59.0 61.0 59.0 
53.0 61.0 58.0 63.0 
165.0 86.0 66.0 72.0 
59.0 56.0 60.0 61.0 
55.0 61.0 60.0 59.0 
55.0 58.0 63.0 60.0 
160.0 85.0 67.0 70.0 
56.0 57.0 61.0 57.0 
55.0 61.0 58.0 62.0 
56.0 58.0 61.0 60.0 
162.0 82.0 69.0 70.0 
54.0 59.0 58.0 61.0 
56.0 61.0 57.0 62.0 
58.0 58.0 60.0 60.0 
157.0 86.0 65.0 74.0 
55.0 59.0 57.0 61.0 
59.0 56.0 63.0 59.0 
59.0 57.0 62.0 60.0 
159.0 84.0 68.0 70.0 
60.0 56.0 62.0 58.0 
54.0 60.0 59.0 62.0 
59.0 57.0 62.0 59.0 
158.0 86.0 65.0 70.0 
52.0 59.0 60.0 59.0 
56.0 57.0 61.0 60.0 
60.0 60.0 58.0 61.0 
157.0 87.0 65.0 72.0 
59.0 54.0 61.0 57.0 
58.0 57.0 60.0 60.0 
57.0 57.0 63.0 59.0 
161.0 81.0 68.0 71.0 
56.0 57.0 61.0 57.0 
56.0 58.0 61.0 58.0 
56.0 60.0 60.0 61.0 
156.0 84.0 67.0 70.0 
53.0 59.0 59.0 59.0 
56.0 59.0 59.0 62.0 
55.0 60.0 59.0 63.0 
158.0 85.0 66.0 71.0 
55.0 60.0 56.0 62.0 
59.0 57.0 60.0 62.0 
60.0 58.0 60.0 64.0 
160.0 82.0 66.0 71.0 
55.0 59.0 59.0 57.0 
59.0 57.0 59.0 62.0 
60.0 57.0 61.0 60.0 
158.0 84.0 67.0 68.0 
52.0 60.0 58.0 60.0 
53.0 61.0 58.0 61.0 
60.0 57.0 63.0 58.0 
159.0 86.0 64.0 72.0 
58.0 56.0 60.0 61.0 
57.0 59.0 61.0 59.0 
58.0 58.0 62.0 59.0 
162.0 81.0 68.0 68.0 
59.0 56.0 62.0 59.0 
57.0 59.0 59.0 62.0 
57.0 59.0 59.0 61.0 
162.0 80.0 66.0 67.0 
55.0 58.0 61.0 56.0 
58.0 58.0 57.0 61.0 
56.0 61.0 57.0 60.0 
161.0 82.0 64.0 71.0 
58.0 58.0 59.0 62.0 
55.0 61.0 57.0 62.0 
60.0 56.0 61.0 58.0 
160.0 82.0 65.0 70.0 
55.0 59.0 60.0 60.0 
53.0 61.0 58.0 61.0 
58.0 56.0 62.0 60.0 
162.0 82.0 68.0 67.0 
54.0 60.0 58.0 61.0 
59.0 57.0 60.0 60.0 
59.0 57.0 62.0 58.0 
160.0 85.0 64.0 72.0 
55.0 59.0 57.0 62.0 
58.0 56.0 60.0 59.0 
54.0 61.0 59.0 61.0 
160.0 85.0 65.0 67.0 
52.0 59.0 60.0 57.0 
59.0 57.0 61.0 59.0 
55.0 61.0 60.0 61.0 
158.0 84.0 66.0 66.0 
54.0 60.0 58.0 57.0 
54.0 60.0 60.0 60.0 
59.0 58.0 60.0 60.0 
160.0 84.0 65.0 71.0 
57.0 58.0 61.0 56.0 
56.0 59.0 59.0 60.0 
57.0 60.0 59.0 60.0 
165.0 82.0 68.0 67.0 
57.0 57.0 61.0 57.0 
55.0 61.0 59.0 63.0 
54.0 61.0 58.0 62.0 
161.0 83.0 66.0 69.0 
56.0 58.0 58.0 62.0 
55.0 61.0 59.0 61.0 
55.0 59.0 62.0 59.0 
158.0 84.0 69.0 68.0 
54.0 58.0 61.0 56.0 
58.0 56.0 63.0 57.0 
53.0 61.0 59.0 60.0 
163.0 81.0 67.0 69.0 
59.0 56.0 61.0 57.0 
53.0 61.0 58.0 60.0 
58.0 58.0 59.0 63.0 
160.0 84.0 65.0 71.0 
59.0 57.0 61.0 59.0 
52.0 60.0 60.0 59.0 
53.0 62.0 58.0 61.0 
160.0 82.0 67.0 68.0 
55.0 57.0 58.0 58.0 
58.0 58.0 60.0 60.0 
57.0 58.0 60.0 60.0 
161.0 84.0 64.0 73.0 
60.0 57.0 59.0 56.0 
57.0 58.0 60.0 60.0 
60.0 59.0 59.0 61.0 
160.0 83.0 66.0 71.0 
56.0 57.0 60.0 58.0 
58.0 59.0 59.0 61.0 
59.0 56.0 61.0 60.0 
159.0 84.0 66.0 70.0 
59.0 56.0 59.0 60.0 
56.0 58.0 60.0 60.0 
57.0 59.0 61.0 60.0 
160.0 84.0 66.0 69.0 
54.0 60.0 57.0 60.0 
59.0 56.0 62.0 60.0 
59.0 56.0 62.0 60.0 
157.0 86.0 65.0 70.0 
55.0 59.0 58.0 60.0 
54.0 61.0 60.0 60.0 
57.0 61.0 57.0 63.0 
163.0 83.0 65.0 72.0 
56.0 56.0 60.0 61.0 
58.0 57.0 59.0 63.0 
59.0 58.0 60.0 63.0 
165.0 81.0 68.0 69.0 
55.0 58.0 61.0 57.0 
56.0 58.0 62.0 57.0 
56.0 61.0 57.0 62.0 
161.0 85.0 64.0 72.0 
60.0 56.0 60.0 59.0 
59.0 56.0 61.0 58.0 
54.0 61.0 58.0 64.0 
163.0 82.0 68.0 68.0 
56.0 57.0 61.0 60.0 
54.0 61.0 60.0 59.0 
55.0 62.0 57.0 63.0 
163.0 86.0 64.0 73.0 
59.0 56.0 60.0 59.0 
54.0 59.0 62.0 58.0 
58.0 56.0 61.0 61.0 
162.0 82.0 66.0 69.0 
57.0 55.0 60.0 59.0 
56.0 60.0 57.0 62.0 
59.0 57.0 60.0 60.0 
162.0 84.0 64.0 72.0 
58.0 55.0 62.0 57.0 
56.0 58.0 59.0 60.0 
58.0 58.0 60.0 60.0 
165.0 82.0 68.0 68.0 
57.0 56.0 59.0 58.0 
56.0 58.0 61.0 61.0 
58.0 58.0 61.0 61.0 
166.0 82.0 67.0 69.0 
55.0 58.0 59.0 59.0 
54.0 59.0 59.0 59.0 
54.0 61.0 58.0 60.0 
164.0 82.0 68.0 69.0 
58.0 59.0 56.0 60.0 
55.0 56.0 61.0 59.0 
56.0 57.0 61.0 60.0 
163.0 82.0 68.0 68.0 
53.0 57.0 60.0 57.0 
56.0 58.0 62.0 57.0 
56.0 59.0 59.0 64.0 
160.0 86.0 65.0 72.0 
59.0 55.0 61.0 62.0 
56.0 58.0 60.0 59.0 
57.0 58.0 61.0 58.0 
159.0 86.0 65.0 71.0 
56.0 58.0 59.0 59.0 
55.0 59.0 59.0 62.0 
57.0 58.0 60.0 60.0 
160.0 84.0 65.0 72.0 
58.0 56.0 63.0 56.0 
57.0 57.0 63.0 58.0 
54.0 58.0 62.0 61.0 
160.0 87.0 66.0 70.0 
53.0 60.0 60.0 57.0 
55.0 56.0 61.0 60.0 
54.0 59.0 61.0 58.0 
160.0 82.0 67.0 67.0 
56.0 57.0 58.0 59.0 
58.0 56.0 61.0 57.0 
55.0 59.0 59.0 62.0 
160.0 86.0 64.0 73.0 
57.0 58.0 59.0 59.0 
54.0 63.0 57.0 63.0 
55.0 60.0 60.0 62.0 
165.0 81.0 68.0 69.0 
59.0 56.0 60.0 59.0 
56.0 58.0 60.0 59.0 
53.0 61.0 58.0 62.0 
162.0 83.0 67.0 70.0 
55.0 58.0 61.0 56.0 
58.0 58.0 57.0 60.0 
55.0 62.0 58.0 58.0 
160.0 87.0 66.0 71.0 
58.0 57.0 59.0 60.0 
58.0 57.0 59.0 59.0 
54.0 60.0 60.0 58.0 
166.0 81.0 69.0 68.0 
53.0 59.0 57.0 61.0 
59.0 57.0 60.0 60.0 
55.0 57.0 64.0 57.0 
160.0 85.0 66.0 72.0 
59.0 56.0 58.0 59.0 
53.0 60.0 58.0 59.0 
54.0 61.0 59.0 60.0 
163.0 85.0 66.0 70.0 
53.0 60.0 59.0 59.0 
60.0 56.0 61.0 57.0 
54.0 62.0 58.0 62.0 
164.0 84.0 70.0 68.0 
57.0 57.0 59.0 60.0 
57.0 57.0 59.0 61.0 
58.0 59.0 58.0 61.0 
165.0 82.0 69.0 68.0 
59.0 56.0 61.0 59.0 
56.0 57.0 62.0 57.0 
54.0 62.0 58.0 62.0 
161.0 86.0 65.0 71.0 
57.0 58.0 59.0 60.0 
58.0 58.0 60.0 58.0 
54.0 62.0 58.0 62.0 
167.0 82.0 69.0 68.0 
57.0 57.0 61.0 57.0 
53.0 60.0 59.0 60.0 
53.0 59.0 60.0 59.0 
163.0 86.0 65.0 73.0 
59.0 55.0 61.0 61.0 
56.0 58.0 57.0 60.0 
56.0 62.0 59.0 59.0 
163.0 84.0 65.0 72.0 
56.0 58.0 57.0 62.0 
57.0 56.0 62.0 58.0 
53.0 62.0 57.0 63.0 
162.0 87.0 66.0 71.0 
58.0 57.0 59.0 59.0 
58.0 58.0 60.0 60.0 
55.0 59.0 60.0 58.0 
167.0 82.0 70.0 68.0 
55.0 58.0 59.0 58.0 
57.0 58.0 60.0 60.0 
59.0 56.0 61.0 59.0 
161.0 86.0 66.0 70.0 
53.0 60.0 59.0 60.0 
58.0 58.0 59.0 60.0 
58.0 56.0 62.0 58.0 
164.0 83.0 66.0 72.0 
57.0 60.0 57.0 58.0 
54.0 59.0 63.0 58.0 
53.0 59.0 61.0 58.0 
165.0 82.0 68.0 72.0 
59.0 56.0 60.0 60.0 
57.0 58.0 59.0 63.0 
58.0 57.0 62.0 58.0 
163.0 82.0 69.0 68.0 
54.0 60.0 57.0 62.0 
56.0 59.0 59.0 60.0 
55.0 61.0 58.0 61.0 
160.0 86.0 66.0 73.0 
57.0 59.0 59.0 58.0 
54.0 60.0 59.0 59.0 
53.0 61.0 59.0 61.0 
161.0 85.0 66.0 72.0 
56.0 58.0 58.0 60.0 
56.0 59.0 58.0 59.0 
56.0 62.0 59.0 61.0 
160.0 83.0 69.0 68.0 
57.0 55.0 61.0 58.0 
56.0 60.0 58.0 61.0 
60.0 58.0 60.0 59.0 
161.0 84.0 65.0 73.0 
59.0 56.0 60.0 58.0 
57.0 59.0 57.0 63.0 
59.0 56.0 62.0 58.0 
159.0 85.0 67.0 71.0 
60.0 56.0 60.0 58.0 
59.0 56.0 62.0 58.0 
57.0 58.0 62.0 58.0 
159.0 84.0 67.0 70.0 
56.0 56.0 59.0 60.0 
59.0 58.0 60.0 59.0 
59.0 57.0 61.0 60.0 
162.0 81.0 69.0 67.0 
53.0 61.0 56.0 60.0 
55.0 59.0 61.0 58.0 
58.0 56.0 60.0 62.0 
163.0 82.0 67.0 72.0 
60.0 56.0 59.0 58.0 
57.0 58.0 57.0 62.0 
59.0 57.0 62.0 58.0 
163.0 82.0 68.0 70.0 
54.0 59.0 59.0 58.0 
52.0 61.0 59.0 60.0 
54.0 62.0 59.0 62.0 
162.0 81.0 69.0 67.0 
57.0 57.0 59.0 58.0 
58.0 57.0 62.0 58.0 
57.0 58.0 62.0 57.0 
157.0 85.0 65.0 73.0 
56.0 59.0 59.0 61.0 
57.0 57.0 61.0 57.0 
54.0 61.0 58.0 62.0 
159.0 80.0 69.0 70.0 
56.0 55.0 60.0 60.0 
54.0 60.0 60.0 56.0 
56.0 59.0 62.0 57.0 
162.0 82.0 69.0 68.0 
53.0 60.0 57.0 61.0 
57.0 58.0 60.0 62.0 
58.0 56.0 62.0 58.0 
158.0 85.0 66.0 72.0 
54.0 59.0 58.0 60.0 
57.0 59.0 59.0 61.0 
56.0 59.0 61.0 59.0 
162.0 84.0 66.0 72.0 
56.0 58.0 57.0 61.0 
59.0 56.0 61.0 59.0 
59.0 58.0 61.0 61.0 
163.0 82.0 70.0 69.0 
57.0 57.0 60.0 58.0 
59.0 57.0 61.0 59.0 
56.0 58.0 62.0 58.0 
161.0 83.0 67.0 73.0 
57.0 58.0 57.0 58.0 
56.0 56.0 60.0 60.0 
57.0 56.0 62.0 59.0 
160.0 87.0 66.0 72.0 
59.0 58.0 59.0 61.0 
54.0 60.0 59.0 59.0 
56.0 60.0 59.0 59.0 
163.0 83.0 67.0 71.0 
56.0 58.0 59.0 59.0 
54.0 60.0 58.0 62.0 
56.0 59.0 59.0 61.0 
160.0 87.0 65.0 71.0 
54.0 60.0 59.0 59.0 
55.0 59.0 59.0 63.0 
55.0 60.0 60.0 61.0 
159.0 85.0 66.0 70.0 
56.0 61.0 57.0 61.0 
55.0 56.0 60.0 61.0 
58.0 59.0 59.0 63.0 
161.0 85.0 66.0 70.0 
54.0 58.0 59.0 57.0 
57.0 61.0 57.0 61.0 
60.0 58.0 61.0 60.0 
161.0 84.0 67.0 70.0 
57.0 58.0 60.0 59.0 
53.0 60.0 59.0 60.0 
58.0 59.0 60.0 60.0 
156.0 85.0 65.0 74.0 
56.0 58.0 59.0 60.0 
56.0 59.0 60.0 59.0 
53.0 61.0 58.0 60.0 
162.0 83.0 69.0 67.0 
57.0 57.0 60.0 62.0 
55.0 59.0 59.0 60.0 
58.0 59.0 60.0 62.0 
161.0 83.0 65.0 72.0 
56.0 59.0 57.0 60.0 
59.0 58.0 58.0 61.0 
60.0 57.0 61.0 60.0 
156.0 86.0 65.0 71.0 
58.0 57.0 59.0 59.0 
58.0 58.0 59.0 62.0 
57.0 58.0 63.0 58.0 
161.0 80.0 69.0 67.0 
56.0 58.0 59.0 59.0 
60.0 56.0 61.0 57.0 
56.0 59.0 61.0 60.0 
158.0 83.0 66.0 70.0 
55.0 59.0 57.0 61.0 
58.0 56.0 61.0 58.0 
57.0 59.0 61.0 59.0 
159.0 82.0 67.0 67.0 
56.0 58.0 59.0 58.0 
57.0 58.0 59.0 62.0 
58.0 58.0 58.0 63.0 
157.0 84.0 68.0 66.0 
55.0 57.0 62.0 56.0 
59.0 56.0 61.0 59.0 
56.0 58.0 61.0 57.0 
163.0 81.0 68.0 69.0 
54.0 59.0 59.0 60.0 
53.0 60.0 59.0 62.0 
58.0 58.0 60.0 62.0 
159.0 84.0 65.0 70.0 
54.0 61.0 57.0 57.0 
58.0 57.0 62.0 57.0 
58.0 58.0 62.0 58.0 
164.0 80.0 68.0 68.0 
59.0 57.0 61.0 57.0 
58.0 60.0 61.0 59.0 
55.0 61.0 59.0 60.0 
160.0 84.0 66.0 72.0 
60.0 55.0 59.0 62.0 
56.0 58.0 61.0 59.0 
58.0 57.0 60.0 60.0 
158.0 85.0 65.0 70.0 
58.0 57.0 59.0 59.0 
59.0 57.0 60.0 59.0 
56.0 56.0 62.0 58.0 
159.0 86.0 65.0 70.0 
57.0 58.0 57.0 62.0 
53.0 59.0 60.0 57.0 
56.0 62.0 58.0 60.0 
162.0 81.0 69.0 67.0 
56.0 60.0 58.0 61.0 
58.0 58.0 59.0 59.0 
59.0 57.0 62.0 58.0 
157.0 85.0 64.0 71.0 
55.0 60.0 58.0 62.0 
58.0 58.0 60.0 59.0 
56.0 59.0 62.0 57.0 
161.0 82.0 65.0 71.0 
57.0 60.0 59.0 58.0 
59.0 59.0 59.0 62.0 
59.0 59.0 59.0 63.0 
160.0 80.0 68.0 69.0 
54.0 59.0 58.0 58.0 
54.0 60.0 59.0 60.0 
60.0 57.0 61.0 58.0 
156.0 84.0 64.0 71.0 
59.0 58.0 59.0 60.0 
55.0 60.0 60.0 59.0 
60.0 57.0 61.0 59.0 
159.0 80.0 68.0 66.0 
58.0 56.0 61.0 56.0 
55.0 61.0 58.0 61.0 
54.0 62.0 58.0 63.0 
148.0 84.0 64.0 70.0 
61.0 55.0 60.0 59.0 
59.0 59.0 58.0 61.0 
57.0 62.0 61.0 58.0 
149.0 80.0 67.0 70.0 
60.0 55.0 60.0 62.0 
55.0 61.0 59.0 60.0 
57.0 60.0 58.0 64.0 
152.0 86.0 63.0 70.0 
53.0 60.0 58.0 60.0 
60.0 56.0 61.0 58.0 
54.0 62.0 59.0 62.0 
147.0 84.0 63.0 71.0 
60.0 56.0 61.0 58.0 
55.0 61.0 57.0 62.0 
57.0 59.0 59.0 62.0 
159.0 84.0 63.0 71.0 
56.0 62.0 58.0 59.0 
59.0 59.0 60.0 61.0 
59.0 59.0 60.0 60.0 
144.0 81.0 66.0 71.0 
60.0 58.0 57.0 56.0 
56.0 56.0 61.0 59.0 
58.0 58.0 62.0 60.0 
157.0 82.0 63.0 71.0 
57.0 59.0 57.0 61.0 
61.0 58.0 61.0 60.0 
58.0 58.0 63.0 57.0 
157.0 81.0 64.0 71.0 
58.0 56.0 61.0 56.0 
57.0 58.0 61.0 59.0 
58.0 59.0 59.0 60.0 
149.0 83.0 64.0 72.0 
56.0 59.0 58.0 62.0 
58.0 56.0 62.0 58.0 
59.0 57.0 61.0 60.0 
155.0 82.0 66.0 71.0 
59.0 57.0 62.0 57.0 
56.0 59.0 60.0 58.0 
56.0 61.0 60.0 59.0 
152.0 80.0 68.0 70.0 
57.0 61.0 58.0 60.0 
58.0 58.0 59.0 61.0 
58.0 58.0 62.0 58.0 
151.0 81.0 69.0 68.0 
52.0 60.0 58.0 60.0 
53.0 61.0 58.0 62.0 
59.0 56.0 62.0 58.0 
153.0 85.0 64.0 72.0 
57.0 58.0 59.0 58.0 
54.0 61.0 59.0 60.0 
54.0 62.0 59.0 61.0 
140.0 81.0 66.0 71.0 
60.0 57.0 59.0 59.0 
55.0 60.0 59.0 60.0 
55.0 61.0 58.0 63.0 
138.0 81.0 65.0 71.0 
57.0 57.0 61.0 57.0 
54.0 60.0 59.0 57.0 
58.0 58.0 60.0 63.0 
141.0 81.0 65.0 72.0 
60.0 56.0 60.0 58.0 
61.0 56.0 63.0 57.0 
55.0 60.0 60.0 60.0 
139.0 81.0 65.0 72.0 
58.0 58.0 59.0 58.0 
57.0 58.0 61.0 57.0 
55.0 62.0 58.0 62.0 
140.0 82.0 65.0 72.0 
57.0 58.0 58.0 62.0 
60.0 56.0 63.0 58.0 
60.0 57.0 62.0 60.0 
140.0 81.0 66.0 71.0 
56.0 58.0 59.0 58.0 
54.0 61.0 58.0 61.0 
60.0 57.0 62.0 59.0 
141.0 81.0 65.0 70.0 
56.0 59.0 59.0 57.0 
60.0 57.0 60.0 62.0 
60.0 57.0 60.0 60.0 
141.0 78.0 69.0 68.0 
55.0 59.0 59.0 60.0 
54.0 60.0 59.0 61.0 
60.0 57.0 63.0 58.0 
144.0 78.0 66.0 69.0 
57.0 57.0 61.0 61.0 
57.0 58.0 60.0 57.0 
57.0 59.0 59.0 59.0 
141.0 79.0 68.0 67.0 
57.0 59.0 60.0 58.0 
59.0 58.0 62.0 59.0 
60.0 57.0 62.0 60.0 
145.0 79.0 68.0 67.0 
57.0 58.0 58.0 62.0 
57.0 60.0 58.0 60.0 
57.0 62.0 59.0 59.0 
144.0 79.0 65.0 69.0 
57.0 57.0 61.0 58.0 
58.0 59.0 58.0 60.0 
57.0 62.0 58.0 61.0 
141.0 80.0 69.0 66.0 
54.0 59.0 58.0 59.0 
54.0 60.0 58.0 62.0 
60.0 57.0 62.0 59.0 
141.0 80.0 65.0 72.0 
58.0 58.0 59.0 59.0 
55.0 60.0 57.0 62.0 
58.0 59.0 59.0 60.0 
141.0 79.0 68.0 67.0 
59.0 56.0 61.0 56.0 
54.0 59.0 60.0 59.0 
55.0 61.0 60.0 60.0 
143.0 78.0 69.0 67.0 
56.0 59.0 60.0 57.0 
58.0 59.0 58.0 61.0 
57.0 62.0 58.0 60.0 
132.0 81.0 67.0 67.0 
55.0 58.0 59.0 60.0 
57.0 55.0 62.0 58.0 
56.0 59.0 60.0 58.0 
134.0 82.0 65.0 71.0 
60.0 55.0 61.0 57.0 
59.0 58.0 61.0 59.0 
55.0 61.0 58.0 62.0 
133.0 82.0 64.0 72.0 
59.0 55.0 61.0 56.0 
56.0 61.0 59.0 62.0 
57.0 59.0 59.0 60.0 
136.0 82.0 65.0 72.0 
56.0 60.0 57.0 62.0 
58.0 58.0 61.0 58.0 
56.0 61.0 60.0 60.0 
135.0 80.0 68.0 67.0 
55.0 58.0 62.0 58.0 
61.0 57.0 60.0 60.0 
57.0 59.0 62.0 58.0 
137.0 80.0 69.0 67.0 
60.0 57.0 60.0 59.0 
58.0 57.0 62.0 57.0 
54.0 62.0 58.0 63.0 
135.0 82.0 65.0 71.0 
56.0 58.0 58.0 59.0 
55.0 61.0 58.0 63.0 
57.0 60.0 60.0 62.0 
140.0 81.0 66.0 70.0 
60.0 55.0 61.0 57.0 
55.0 60.0 58.0 62.0 
59.0 59.0 60.0 60.0 
137.0 81.0 64.0 71.0 
60.0 56.0 61.0 62.0 
59.0 55.0 60.0 60.0 
61.0 59.0 59.0 63.0 
138.0 80.0 68.0 67.0 
55.0 58.0 61.0 58.0 
56.0 59.0 57.0 63.0 
60.0 56.0 62.0 58.0 
140.0 78.0 69.0 68.0 
55.0 59.0 59.0 59.0 
55.0 61.0 58.0 61.0 
59.0 58.0 60.0 61.0 
141.0 79.0 68.0 67.0 
55.0 60.0 58.0 59.0 
59.0 58.0 60.0 61.0 
60.0 59.0 60.0 61.0 
140.0 78.0 68.0 69.0 
59.0 56.0 62.0 56.0 
55.0 61.0 59.0 63.0 
59.0 57.0 63.0 57.0 
138.0 80.0 68.0 66.0 
60.0 56.0 60.0 61.0 
58.0 60.0 59.0 59.0 
54.0 60.0 60.0 58.0 
140.0 80.0 69.0 67.0 
55.0 61.0 57.0 62.0 
56.0 60.0 57.0 62.0 
58.0 57.0 62.0 58.0 
137.0 81.0 66.0 71.0 
59.0 57.0 59.0 63.0 
56.0 61.0 58.0 61.0 
60.0 58.0 60.0 60.0 
137.0 81.0 67.0 71.0 
57.0 59.0 58.0 56.0 
58.0 57.0 61.0 59.0 
59.0 57.0 61.0 60.0 
135.0 80.0 66.0 71.0 
60.0 58.0 59.0 60.0 
57.0 57.0 62.0 56.0 
55.0 62.0 60.0 60.0 
139.0 80.0 65.0 71.0 
56.0 60.0 58.0 57.0 
59.0 57.0 59.0 62.0 
60.0 58.0 60.0 60.0 
140.0 77.0 68.0 68.0 
55.0 60.0 57.0 62.0 
57.0 60.0 59.0 61.0 
56.0 60.0 60.0 61.0 
132.0 80.0 67.0 69.0 
57.0 58.0 59.0 62.0 
59.0 59.0 61.0 58.0 
55.0 61.0 59.0 62.0 
133.0 82.0 66.0 69.0 
59.0 57.0 59.0 61.0 
58.0 59.0 60.0 62.0 
58.0 59.0 59.0 61.0 
135.0 79.0 67.0 70.0 
56.0 59.0 59.0 57.0 
58.0 58.0 62.0 60.0 
60.0 57.0 59.0 64.0 
138.0 81.0 65.0 69.0 
56.0 60.0 58.0 58.0 
57.0 56.0 61.0 59.0 
56.0 59.0 61.0 57.0 
132.0 80.0 66.0 69.0 
58.0 58.0 57.0 58.0 
57.0 58.0 60.0 61.0 
57.0 59.0 60.0 60.0 
133.0 81.0 65.0 71.0 
60.0 55.0 62.0 56.0 
60.0 57.0 63.0 57.0 
58.0 58.0 61.0 58.0 
134.0 81.0 65.0 72.0 
57.0 59.0 58.0 60.0 
58.0 58.0 61.0 59.0 
55.0 60.0 60.0 61.0 
134.0 81.0 66.0 69.0 
55.0 59.0 60.0 58.0 
59.0 58.0 59.0 61.0 
59.0 59.0 59.0 63.0 
139.0 80.0 65.0 72.0 
60.0 57.0 60.0 60.0 
57.0 59.0 58.0 62.0 
58.0 57.0 62.0 57.0 
134.0 82.0 65.0 71.0 
55.0 60.0 57.0 61.0 
58.0 56.0 62.0 57.0 
59.0 59.0 60.0 58.0 
135.0 78.0 68.0 68.0 
54.0 60.0 58.0 60.0 
61.0 56.0 62.0 59.0 
61.0 57.0 62.0 58.0 
134.0 80.0 65.0 72.0 
58.0 58.0 59.0 59.0 
55.0 59.0 61.0 58.0 
55.0 61.0 60.0 58.0 
136.0 81.0 66.0 68.0 
54.0 59.0 60.0 60.0 
59.0 56.0 61.0 58.0 
55.0 60.0 59.0 59.0 
136.0 82.0 65.0 72.0 
59.0 54.0 61.0 58.0 
56.0 60.0 59.0 61.0 
59.0 57.0 61.0 60.0 
138.0 81.0 67.0 70.0 
57.0 57.0 58.0 60.0 
55.0 59.0 60.0 59.0 
55.0 61.0 59.0 61.0 
137.0 78.0 67.0 70.0 
58.0 58.0 59.0 59.0 
56.0 59.0 60.0 58.0 
55.0 62.0 58.0 64.0 
133.0 81.0 66.0 71.0 
57.0 59.0 57.0 60.0 
56.0 56.0 60.0 61.0 
59.0 61.0 59.0 60.0 
135.0 79.0 69.0 66.0 
59.0 54.0 60.0 59.0 
56.0 60.0 59.0 59.0 
58.0 60.0 60.0 61.0 
137.0 77.0 69.0 68.0 
56.0 58.0 57.0 62.0 
54.0 61.0 57.0 60.0 
59.0 58.0 60.0 60.0 
