67.0 59.0 80.0 72.0 
59.0 57.0 60.0 60.0 
58.0 58.0 57.0 58.0 
60.0 58.0 59.0 60.0 
65.0 58.0 79.0 72.0 
58.0 58.0 59.0 61.0 
58.0 58.0 57.0 59.0 
59.0 58.0 59.0 59.0 
65.0 59.0 79.0 73.0 
59.0 57.0 59.0 60.0 
59.0 58.0 58.0 59.0 
60.0 59.0 59.0 60.0 
65.0 57.0 80.0 72.0 
60.0 58.0 60.0 60.0 
60.0 58.0 59.0 59.0 
60.0 58.0 59.0 59.0 
67.0 58.0 80.0 73.0 
60.0 56.0 60.0 60.0 
59.0 57.0 59.0 59.0 
61.0 59.0 59.0 59.0 
67.0 58.0 80.0 72.0 
59.0 58.0 60.0 60.0 
58.0 58.0 58.0 59.0 
61.0 59.0 60.0 62.0 
66.0 59.0 79.0 73.0 
60.0 57.0 59.0 60.0 
58.0 59.0 59.0 59.0 
61.0 58.0 59.0 60.0 
65.0 58.0 79.0 72.0 
59.0 59.0 59.0 61.0 
59.0 59.0 58.0 59.0 
60.0 59.0 59.0 60.0 
65.0 59.0 80.0 72.0 
59.0 58.0 59.0 60.0 
59.0 58.0 57.0 59.0 
60.0 58.0 60.0 61.0 
66.0 59.0 78.0 72.0 
59.0 58.0 59.0 60.0 
59.0 58.0 58.0 59.0 
60.0 59.0 59.0 60.0 
65.0 58.0 79.0 72.0 
59.0 57.0 60.0 61.0 
58.0 58.0 59.0 60.0 
60.0 59.0 61.0 61.0 
66.0 58.0 79.0 72.0 
60.0 58.0 60.0 60.0 
59.0 58.0 58.0 59.0 
59.0 58.0 59.0 61.0 
68.0 58.0 80.0 73.0 
60.0 57.0 60.0 60.0 
59.0 58.0 58.0 59.0 
61.0 58.0 59.0 60.0 
66.0 59.0 80.0 72.0 
59.0 57.0 60.0 60.0 
59.0 59.0 58.0 60.0 
60.0 60.0 59.0 62.0 
67.0 59.0 79.0 73.0 
60.0 58.0 60.0 60.0 
58.0 59.0 58.0 60.0 
60.0 60.0 59.0 60.0 
68.0 58.0 80.0 73.0 
59.0 58.0 60.0 60.0 
58.0 58.0 58.0 59.0 
60.0 59.0 60.0 60.0 
66.0 58.0 80.0 73.0 
59.0 58.0 59.0 61.0 
58.0 58.0 58.0 59.0 
60.0 59.0 59.0 60.0 
67.0 58.0 80.0 72.0 
59.0 58.0 60.0 60.0 
59.0 58.0 57.0 60.0 
61.0 58.0 60.0 60.0 
67.0 58.0 80.0 72.0 
60.0 57.0 60.0 60.0 
59.0 59.0 58.0 60.0 
60.0 59.0 61.0 61.0 
69.0 59.0 79.0 72.0 
59.0 58.0 59.0 58.0 
59.0 58.0 58.0 59.0 
61.0 59.0 60.0 62.0 
65.0 59.0 80.0 73.0 
59.0 57.0 60.0 60.0 
59.0 58.0 58.0 59.0 
61.0 59.0 60.0 61.0 
67.0 58.0 80.0 73.0 
59.0 57.0 60.0 59.0 
59.0 58.0 58.0 59.0 
60.0 60.0 58.0 61.0 
69.0 58.0 80.0 72.0 
59.0 57.0 60.0 60.0 
59.0 58.0 58.0 59.0 
60.0 58.0 60.0 61.0 
68.0 58.0 79.0 73.0 
60.0 58.0 60.0 60.0 
59.0 59.0 59.0 59.0 
61.0 60.0 59.0 61.0 
69.0 58.0 80.0 72.0 
59.0 58.0 60.0 60.0 
59.0 58.0 59.0 59.0 
61.0 59.0 60.0 61.0 
69.0 58.0 80.0 71.0 
60.0 57.0 60.0 61.0 
59.0 58.0 59.0 59.0 
61.0 59.0 60.0 61.0 
67.0 59.0 79.0 72.0 
60.0 58.0 59.0 60.0 
58.0 59.0 58.0 59.0 
61.0 59.0 59.0 61.0 
67.0 58.0 80.0 71.0 
60.0 58.0 59.0 61.0 
59.0 58.0 57.0 59.0 
61.0 60.0 59.0 61.0 
68.0 59.0 79.0 73.0 
59.0 59.0 60.0 60.0 
60.0 58.0 59.0 59.0 
60.0 59.0 60.0 61.0 
69.0 58.0 80.0 72.0 
59.0 58.0 60.0 60.0 
58.0 57.0 59.0 60.0 
61.0 59.0 59.0 61.0 
68.0 60.0 80.0 73.0 
59.0 57.0 60.0 61.0 
59.0 58.0 58.0 60.0 
60.0 59.0 60.0 60.0 
68.0 59.0 79.0 73.0 
59.0 57.0 60.0 60.0 
59.0 58.0 59.0 59.0 
61.0 59.0 60.0 61.0 
69.0 58.0 80.0 73.0 
60.0 57.0 60.0 60.0 
59.0 58.0 59.0 59.0 
61.0 58.0 60.0 60.0 
67.0 59.0 79.0 72.0 
60.0 59.0 60.0 61.0 
61.0 58.0 57.0 59.0 
61.0 59.0 60.0 60.0 
67.0 59.0 80.0 73.0 
60.0 57.0 60.0 60.0 
58.0 59.0 58.0 59.0 
61.0 58.0 60.0 61.0 
68.0 58.0 80.0 73.0 
60.0 58.0 60.0 61.0 
59.0 59.0 59.0 60.0 
61.0 59.0 60.0 61.0 
68.0 60.0 79.0 73.0 
60.0 58.0 59.0 61.0 
59.0 57.0 59.0 58.0 
60.0 58.0 60.0 61.0 
69.0 59.0 79.0 72.0 
60.0 58.0 60.0 60.0 
59.0 58.0 59.0 59.0 
61.0 57.0 60.0 62.0 
68.0 58.0 80.0 73.0 
60.0 58.0 59.0 60.0 
59.0 59.0 59.0 60.0 
60.0 59.0 60.0 61.0 
68.0 59.0 80.0 73.0 
60.0 58.0 60.0 61.0 
59.0 59.0 60.0 59.0 
60.0 59.0 59.0 61.0 
67.0 59.0 80.0 73.0 
60.0 57.0 60.0 60.0 
58.0 59.0 58.0 59.0 
60.0 58.0 60.0 61.0 
67.0 59.0 79.0 73.0 
60.0 58.0 59.0 61.0 
58.0 58.0 58.0 59.0 
60.0 59.0 59.0 61.0 
67.0 58.0 80.0 74.0 
59.0 58.0 60.0 61.0 
59.0 58.0 59.0 59.0 
60.0 60.0 58.0 61.0 
68.0 59.0 79.0 74.0 
60.0 57.0 60.0 61.0 
59.0 58.0 59.0 60.0 
61.0 59.0 60.0 61.0 
66.0 59.0 80.0 73.0 
60.0 58.0 60.0 61.0 
59.0 59.0 58.0 60.0 
60.0 59.0 60.0 61.0 
67.0 59.0 78.0 72.0 
60.0 57.0 60.0 61.0 
59.0 58.0 58.0 60.0 
61.0 58.0 60.0 61.0 
67.0 59.0 79.0 73.0 
59.0 58.0 60.0 61.0 
60.0 59.0 58.0 59.0 
60.0 57.0 59.0 61.0 
66.0 59.0 79.0 73.0 
60.0 56.0 61.0 60.0 
59.0 57.0 59.0 59.0 
61.0 59.0 60.0 61.0 
67.0 58.0 80.0 73.0 
60.0 58.0 61.0 60.0 
59.0 58.0 59.0 59.0 
61.0 59.0 61.0 61.0 
67.0 58.0 79.0 73.0 
60.0 57.0 60.0 60.0 
59.0 58.0 59.0 59.0 
60.0 59.0 60.0 61.0 
67.0 57.0 80.0 72.0 
60.0 58.0 59.0 60.0 
58.0 59.0 58.0 60.0 
60.0 60.0 61.0 61.0 
67.0 58.0 80.0 72.0 
60.0 58.0 60.0 60.0 
59.0 58.0 59.0 59.0 
61.0 59.0 60.0 63.0 
67.0 59.0 80.0 74.0 
60.0 58.0 60.0 60.0 
59.0 59.0 58.0 59.0 
61.0 59.0 61.0 61.0 
68.0 59.0 80.0 73.0 
60.0 58.0 60.0 61.0 
59.0 58.0 58.0 60.0 
61.0 59.0 60.0 61.0 
67.0 58.0 80.0 72.0 
60.0 58.0 60.0 60.0 
60.0 58.0 58.0 59.0 
61.0 58.0 60.0 61.0 
67.0 59.0 79.0 74.0 
60.0 58.0 60.0 60.0 
59.0 58.0 58.0 59.0 
61.0 59.0 60.0 62.0 
67.0 58.0 80.0 72.0 
60.0 58.0 60.0 61.0 
59.0 58.0 58.0 60.0 
61.0 60.0 58.0 61.0 
68.0 59.0 79.0 72.0 
63.0 59.0 60.0 60.0 
59.0 58.0 59.0 60.0 
61.0 59.0 60.0 62.0 
67.0 59.0 80.0 73.0 
60.0 58.0 61.0 60.0 
59.0 59.0 58.0 60.0 
61.0 59.0 61.0 61.0 
68.0 59.0 81.0 72.0 
59.0 58.0 60.0 61.0 
59.0 58.0 59.0 60.0 
61.0 59.0 61.0 63.0 
67.0 59.0 79.0 72.0 
60.0 58.0 60.0 61.0 
59.0 59.0 58.0 60.0 
60.0 60.0 60.0 62.0 
67.0 58.0 80.0 74.0 
59.0 58.0 60.0 61.0 
59.0 59.0 59.0 59.0 
60.0 59.0 60.0 61.0 
68.0 58.0 81.0 71.0 
60.0 58.0 60.0 60.0 
58.0 59.0 59.0 60.0 
61.0 58.0 60.0 61.0 
67.0 59.0 80.0 73.0 
60.0 59.0 60.0 61.0 
59.0 57.0 59.0 59.0 
61.0 59.0 59.0 61.0 
69.0 58.0 80.0 71.0 
61.0 58.0 60.0 60.0 
59.0 58.0 59.0 60.0 
62.0 59.0 60.0 61.0 
68.0 59.0 79.0 73.0 
59.0 58.0 59.0 61.0 
59.0 59.0 59.0 60.0 
61.0 59.0 60.0 61.0 
68.0 60.0 80.0 72.0 
60.0 58.0 60.0 60.0 
60.0 59.0 59.0 60.0 
61.0 59.0 60.0 61.0 
68.0 58.0 81.0 72.0 
60.0 58.0 59.0 59.0 
59.0 57.0 59.0 60.0 
61.0 59.0 60.0 61.0 
68.0 57.0 80.0 73.0 
60.0 59.0 60.0 60.0 
59.0 59.0 58.0 59.0 
61.0 60.0 60.0 61.0 
69.0 58.0 80.0 72.0 
60.0 58.0 61.0 61.0 
59.0 58.0 59.0 60.0 
61.0 58.0 61.0 61.0 
69.0 60.0 80.0 73.0 
60.0 58.0 60.0 62.0 
59.0 59.0 58.0 60.0 
62.0 59.0 60.0 62.0 
69.0 58.0 80.0 73.0 
60.0 58.0 60.0 61.0 
60.0 59.0 59.0 60.0 
61.0 59.0 61.0 61.0 
68.0 59.0 79.0 72.0 
60.0 59.0 59.0 61.0 
59.0 59.0 59.0 59.0 
60.0 58.0 60.0 60.0 
69.0 59.0 80.0 73.0 
60.0 58.0 60.0 61.0 
60.0 59.0 59.0 60.0 
61.0 59.0 59.0 62.0 
69.0 59.0 79.0 72.0 
60.0 58.0 61.0 61.0 
59.0 58.0 59.0 60.0 
61.0 59.0 60.0 61.0 
69.0 59.0 80.0 73.0 
60.0 57.0 60.0 60.0 
60.0 59.0 59.0 60.0 
61.0 60.0 60.0 61.0 
69.0 58.0 81.0 72.0 
60.0 58.0 61.0 61.0 
59.0 59.0 59.0 60.0 
60.0 60.0 60.0 62.0 
68.0 58.0 80.0 73.0 
60.0 58.0 61.0 60.0 
59.0 57.0 59.0 60.0 
60.0 59.0 59.0 62.0 
69.0 59.0 80.0 73.0 
60.0 58.0 60.0 62.0 
60.0 58.0 59.0 59.0 
62.0 59.0 61.0 62.0 
69.0 59.0 80.0 72.0 
60.0 58.0 60.0 61.0 
59.0 58.0 61.0 60.0 
60.0 60.0 60.0 62.0 
69.0 59.0 80.0 73.0 
60.0 58.0 60.0 61.0 
59.0 58.0 59.0 60.0 
62.0 60.0 60.0 61.0 
69.0 59.0 80.0 73.0 
60.0 58.0 61.0 61.0 
59.0 59.0 59.0 60.0 
60.0 60.0 61.0 61.0 
69.0 59.0 80.0 72.0 
60.0 58.0 61.0 61.0 
59.0 60.0 59.0 60.0 
61.0 59.0 61.0 60.0 
70.0 59.0 81.0 73.0 
60.0 59.0 61.0 61.0 
60.0 58.0 59.0 59.0 
61.0 59.0 60.0 61.0 
71.0 59.0 80.0 73.0 
59.0 58.0 60.0 61.0 
58.0 59.0 60.0 59.0 
61.0 59.0 61.0 61.0 
70.0 59.0 79.0 73.0 
59.0 57.0 60.0 61.0 
59.0 59.0 60.0 59.0 
61.0 60.0 60.0 61.0 
70.0 58.0 80.0 72.0 
60.0 59.0 60.0 61.0 
59.0 58.0 59.0 60.0 
61.0 59.0 60.0 61.0 
70.0 59.0 81.0 73.0 
59.0 58.0 60.0 60.0 
59.0 59.0 60.0 60.0 
61.0 59.0 60.0 61.0 
70.0 60.0 78.0 73.0 
60.0 57.0 61.0 61.0 
59.0 60.0 59.0 60.0 
62.0 59.0 60.0 62.0 
70.0 59.0 79.0 73.0 
60.0 58.0 60.0 61.0 
59.0 59.0 59.0 60.0 
62.0 60.0 61.0 62.0 
70.0 59.0 80.0 73.0 
59.0 59.0 60.0 61.0 
59.0 60.0 60.0 60.0 
60.0 60.0 61.0 61.0 
70.0 59.0 80.0 73.0 
60.0 59.0 60.0 61.0 
59.0 57.0 59.0 60.0 
61.0 60.0 60.0 62.0 
69.0 61.0 80.0 74.0 
60.0 58.0 61.0 60.0 
59.0 59.0 59.0 60.0 
62.0 60.0 62.0 61.0 
70.0 59.0 81.0 73.0 
61.0 59.0 60.0 63.0 
60.0 60.0 59.0 60.0 
61.0 60.0 59.0 62.0 
69.0 59.0 79.0 72.0 
60.0 58.0 60.0 61.0 
59.0 59.0 59.0 59.0 
61.0 59.0 60.0 61.0 
70.0 58.0 80.0 73.0 
60.0 57.0 60.0 61.0 
59.0 59.0 59.0 60.0 
61.0 60.0 60.0 61.0 
70.0 59.0 80.0 74.0 
61.0 58.0 61.0 61.0 
59.0 58.0 59.0 60.0 
61.0 60.0 60.0 61.0 
70.0 58.0 80.0 73.0 
61.0 58.0 62.0 61.0 
60.0 58.0 59.0 61.0 
63.0 60.0 61.0 61.0 
70.0 60.0 80.0 73.0 
60.0 59.0 61.0 61.0 
59.0 59.0 59.0 60.0 
62.0 59.0 61.0 62.0 
70.0 60.0 79.0 73.0 
60.0 58.0 60.0 62.0 
59.0 59.0 60.0 60.0 
61.0 59.0 60.0 62.0 
71.0 58.0 80.0 73.0 
60.0 59.0 61.0 61.0 
59.0 58.0 59.0 60.0 
62.0 60.0 60.0 61.0 
70.0 59.0 80.0 73.0 
60.0 58.0 60.0 61.0 
59.0 59.0 60.0 60.0 
61.0 60.0 61.0 62.0 
70.0 60.0 80.0 73.0 
60.0 59.0 60.0 62.0 
60.0 58.0 59.0 60.0 
61.0 60.0 61.0 62.0 
70.0 59.0 80.0 73.0 
60.0 57.0 61.0 61.0 
59.0 59.0 59.0 60.0 
61.0 60.0 61.0 62.0 
71.0 58.0 79.0 74.0 
60.0 58.0 60.0 60.0 
58.0 60.0 59.0 60.0 
60.0 60.0 60.0 61.0 
70.0 59.0 80.0 74.0 
61.0 58.0 61.0 61.0 
60.0 59.0 59.0 60.0 
62.0 60.0 61.0 61.0 
70.0 59.0 80.0 73.0 
61.0 57.0 60.0 61.0 
60.0 58.0 60.0 60.0 
61.0 59.0 61.0 61.0 
69.0 59.0 80.0 73.0 
60.0 58.0 60.0 61.0 
59.0 59.0 59.0 60.0 
61.0 60.0 60.0 61.0 
70.0 60.0 82.0 73.0 
60.0 60.0 60.0 61.0 
59.0 59.0 58.0 60.0 
61.0 59.0 61.0 61.0 
69.0 60.0 80.0 73.0 
60.0 58.0 61.0 61.0 
59.0 58.0 60.0 58.0 
60.0 60.0 61.0 62.0 
69.0 60.0 80.0 73.0 
59.0 59.0 61.0 62.0 
60.0 61.0 58.0 60.0 
61.0 60.0 60.0 60.0 
70.0 60.0 81.0 73.0 
60.0 58.0 60.0 62.0 
59.0 58.0 59.0 60.0 
60.0 59.0 60.0 60.0 
70.0 59.0 80.0 73.0 
61.0 59.0 60.0 61.0 
59.0 59.0 59.0 60.0 
61.0 59.0 60.0 61.0 
70.0 59.0 81.0 73.0 
60.0 59.0 60.0 61.0 
59.0 59.0 60.0 60.0 
60.0 59.0 60.0 61.0 
70.0 60.0 80.0 74.0 
60.0 58.0 62.0 63.0 
59.0 60.0 60.0 60.0 
61.0 59.0 61.0 61.0 
70.0 59.0 80.0 73.0 
61.0 59.0 63.0 65.0 
59.0 59.0 60.0 58.0 
61.0 59.0 60.0 61.0 
69.0 59.0 80.0 73.0 
62.0 58.0 64.0 65.0 
59.0 58.0 59.0 60.0 
60.0 59.0 60.0 61.0 
69.0 60.0 79.0 72.0 
63.0 58.0 64.0 65.0 
59.0 60.0 59.0 60.0 
61.0 59.0 61.0 61.0 
69.0 59.0 78.0 73.0 
62.0 59.0 64.0 65.0 
60.0 59.0 60.0 60.0 
61.0 59.0 60.0 61.0 
70.0 59.0 79.0 74.0 
63.0 58.0 64.0 65.0 
59.0 59.0 60.0 60.0 
62.0 59.0 60.0 61.0 
70.0 59.0 80.0 74.0 
62.0 58.0 64.0 65.0 
60.0 59.0 60.0 60.0 
61.0 59.0 61.0 61.0 
69.0 60.0 78.0 75.0 
63.0 59.0 64.0 65.0 
59.0 59.0 60.0 60.0 
61.0 60.0 61.0 62.0 
70.0 59.0 79.0 75.0 
63.0 59.0 64.0 65.0 
60.0 59.0 59.0 60.0 
61.0 59.0 60.0 61.0 
70.0 59.0 80.0 74.0 
62.0 59.0 64.0 66.0 
59.0 59.0 60.0 59.0 
61.0 60.0 59.0 61.0 
70.0 58.0 78.0 74.0 
63.0 57.0 65.0 65.0 
59.0 60.0 60.0 60.0 
61.0 60.0 60.0 63.0 
70.0 59.0 79.0 73.0 
62.0 59.0 64.0 66.0 
60.0 59.0 59.0 59.0 
62.0 60.0 60.0 63.0 
70.0 58.0 80.0 73.0 
63.0 59.0 64.0 65.0 
59.0 58.0 60.0 61.0 
62.0 60.0 61.0 61.0 
70.0 59.0 80.0 72.0 
63.0 58.0 64.0 66.0 
60.0 59.0 60.0 62.0 
61.0 59.0 60.0 61.0 
69.0 59.0 79.0 72.0 
63.0 58.0 66.0 65.0 
59.0 59.0 60.0 61.0 
62.0 60.0 60.0 60.0 
66.0 59.0 79.0 73.0 
63.0 58.0 65.0 65.0 
60.0 58.0 60.0 59.0 
63.0 59.0 61.0 62.0 
69.0 60.0 79.0 72.0 
63.0 60.0 64.0 66.0 
60.0 59.0 60.0 60.0 
62.0 59.0 61.0 63.0 
68.0 61.0 79.0 72.0 
62.0 58.0 65.0 65.0 
59.0 58.0 60.0 60.0 
62.0 60.0 61.0 62.0 
68.0 59.0 79.0 72.0 
63.0 58.0 66.0 65.0 
60.0 59.0 61.0 60.0 
61.0 60.0 60.0 61.0 
69.0 60.0 78.0 72.0 
63.0 58.0 65.0 65.0 
60.0 59.0 60.0 61.0 
62.0 60.0 61.0 62.0 
69.0 59.0 79.0 72.0 
63.0 58.0 65.0 66.0 
60.0 58.0 61.0 60.0 
62.0 59.0 60.0 62.0 
68.0 60.0 78.0 72.0 
63.0 58.0 66.0 66.0 
60.0 59.0 59.0 60.0 
61.0 60.0 60.0 61.0 
69.0 59.0 79.0 73.0 
64.0 58.0 65.0 67.0 
59.0 59.0 60.0 59.0 
61.0 60.0 60.0 62.0 
68.0 59.0 79.0 74.0 
64.0 58.0 65.0 66.0 
61.0 59.0 61.0 62.0 
61.0 61.0 58.0 61.0 
68.0 59.0 79.0 72.0 
64.0 59.0 65.0 67.0 
60.0 60.0 61.0 61.0 
61.0 59.0 60.0 62.0 
66.0 59.0 78.0 75.0 
64.0 59.0 67.0 68.0 
60.0 59.0 59.0 60.0 
61.0 60.0 59.0 61.0 
67.0 59.0 76.0 74.0 
64.0 59.0 67.0 68.0 
60.0 60.0 60.0 62.0 
61.0 60.0 59.0 60.0 
66.0 58.0 77.0 72.0 
64.0 59.0 66.0 67.0 
61.0 59.0 60.0 62.0 
61.0 61.0 60.0 62.0 
67.0 60.0 77.0 75.0 
63.0 59.0 66.0 66.0 
60.0 59.0 61.0 61.0 
61.0 60.0 60.0 61.0 
66.0 60.0 77.0 72.0 
64.0 59.0 66.0 67.0 
61.0 59.0 59.0 61.0 
61.0 59.0 60.0 61.0 
66.0 60.0 75.0 75.0 
65.0 57.0 65.0 68.0 
60.0 59.0 60.0 62.0 
61.0 60.0 60.0 61.0 
64.0 60.0 72.0 71.0 
64.0 59.0 66.0 68.0 
61.0 59.0 61.0 62.0 
61.0 59.0 60.0 62.0 
64.0 60.0 74.0 73.0 
64.0 58.0 66.0 69.0 
60.0 60.0 60.0 62.0 
62.0 60.0 60.0 61.0 
66.0 58.0 74.0 73.0 
65.0 60.0 66.0 68.0 
60.0 58.0 62.0 62.0 
61.0 60.0 60.0 60.0 
66.0 59.0 74.0 73.0 
65.0 58.0 67.0 67.0 
61.0 59.0 60.0 61.0 
61.0 60.0 60.0 60.0 
65.0 59.0 75.0 73.0 
64.0 60.0 67.0 67.0 
59.0 59.0 61.0 62.0 
61.0 60.0 62.0 60.0 
65.0 60.0 75.0 73.0 
64.0 59.0 68.0 67.0 
61.0 60.0 60.0 62.0 
61.0 60.0 61.0 61.0 
66.0 59.0 75.0 72.0 
63.0 58.0 68.0 68.0 
61.0 59.0 61.0 61.0 
61.0 60.0 61.0 61.0 
66.0 59.0 75.0 73.0 
65.0 59.0 68.0 68.0 
59.0 59.0 59.0 60.0 
62.0 60.0 61.0 60.0 
65.0 60.0 75.0 73.0 
64.0 59.0 68.0 67.0 
59.0 59.0 59.0 60.0 
61.0 60.0 62.0 62.0 
65.0 60.0 74.0 73.0 
65.0 58.0 69.0 68.0 
60.0 60.0 59.0 59.0 
61.0 60.0 61.0 61.0 
65.0 60.0 74.0 73.0 
64.0 58.0 68.0 67.0 
59.0 59.0 58.0 60.0 
61.0 60.0 62.0 61.0 
65.0 59.0 75.0 73.0 
63.0 59.0 68.0 67.0 
59.0 59.0 59.0 60.0 
61.0 60.0 61.0 61.0 
65.0 60.0 75.0 72.0 
63.0 58.0 69.0 68.0 
59.0 59.0 59.0 59.0 
62.0 59.0 61.0 61.0 
65.0 60.0 75.0 73.0 
63.0 58.0 69.0 66.0 
59.0 59.0 58.0 60.0 
61.0 60.0 62.0 61.0 
65.0 61.0 76.0 74.0 
64.0 58.0 70.0 66.0 
59.0 59.0 59.0 60.0 
61.0 60.0 62.0 61.0 
65.0 59.0 75.0 73.0 
62.0 58.0 70.0 66.0 
59.0 59.0 60.0 61.0 
61.0 60.0 62.0 61.0 
63.0 60.0 75.0 73.0 
63.0 59.0 69.0 66.0 
60.0 59.0 60.0 59.0 
61.0 60.0 62.0 61.0 
68.0 60.0 73.0 74.0 
63.0 59.0 66.0 67.0 
60.0 60.0 59.0 60.0 
61.0 60.0 62.0 62.0 
65.0 60.0 73.0 74.0 
63.0 58.0 68.0 67.0 
60.0 59.0 59.0 60.0 
61.0 60.0 63.0 62.0 
65.0 59.0 72.0 74.0 
63.0 59.0 67.0 67.0 
59.0 60.0 59.0 60.0 
62.0 60.0 62.0 62.0 
75.0 59.0 73.0 74.0 
64.0 59.0 68.0 68.0 
59.0 60.0 60.0 59.0 
61.0 60.0 63.0 62.0 
72.0 60.0 74.0 75.0 
64.0 57.0 66.0 68.0 
61.0 60.0 61.0 62.0 
62.0 60.0 63.0 62.0 
72.0 59.0 71.0 75.0 
64.0 58.0 65.0 67.0 
60.0 60.0 60.0 62.0 
62.0 60.0 62.0 62.0 
71.0 60.0 69.0 77.0 
65.0 59.0 64.0 68.0 
60.0 59.0 61.0 62.0 
61.0 60.0 61.0 62.0 
70.0 59.0 71.0 75.0 
64.0 59.0 64.0 69.0 
61.0 60.0 61.0 62.0 
62.0 60.0 60.0 60.0 
71.0 60.0 71.0 74.0 
65.0 59.0 65.0 68.0 
61.0 59.0 60.0 62.0 
63.0 60.0 60.0 62.0 
67.0 59.0 72.0 75.0 
65.0 59.0 65.0 69.0 
61.0 59.0 61.0 63.0 
62.0 60.0 62.0 62.0 
67.0 60.0 71.0 75.0 
65.0 59.0 65.0 68.0 
62.0 59.0 61.0 63.0 
61.0 60.0 61.0 63.0 
70.0 60.0 71.0 77.0 
62.0 59.0 63.0 66.0 
62.0 59.0 61.0 64.0 
61.0 60.0 61.0 61.0 
80.0 59.0 70.0 79.0 
66.0 59.0 64.0 68.0 
62.0 59.0 61.0 64.0 
62.0 60.0 60.0 62.0 
71.0 59.0 70.0 75.0 
65.0 60.0 64.0 70.0 
62.0 59.0 61.0 65.0 
62.0 60.0 60.0 62.0 
68.0 60.0 69.0 73.0 
65.0 59.0 64.0 71.0 
63.0 59.0 62.0 65.0 
61.0 60.0 61.0 62.0 
70.0 59.0 70.0 75.0 
65.0 59.0 64.0 70.0 
64.0 60.0 62.0 66.0 
63.0 60.0 60.0 63.0 
71.0 59.0 65.0 79.0 
65.0 59.0 62.0 72.0 
63.0 59.0 61.0 66.0 
62.0 59.0 60.0 62.0 
73.0 59.0 63.0 80.0 
64.0 59.0 60.0 71.0 
64.0 60.0 61.0 67.0 
62.0 60.0 60.0 63.0 
75.0 59.0 62.0 80.0 
65.0 59.0 61.0 71.0 
64.0 60.0 59.0 66.0 
63.0 60.0 60.0 64.0 
71.0 67.0 61.0 78.0 
62.0 62.0 60.0 68.0 
62.0 62.0 60.0 64.0 
63.0 64.0 60.0 65.0 
70.0 67.0 61.0 77.0 
63.0 63.0 60.0 69.0 
63.0 64.0 61.0 66.0 
64.0 64.0 60.0 66.0 
70.0 68.0 61.0 79.0 
62.0 62.0 60.0 66.0 
63.0 64.0 60.0 66.0 
64.0 66.0 61.0 67.0 
69.0 68.0 61.0 80.0 
62.0 64.0 60.0 67.0 
64.0 64.0 60.0 65.0 
65.0 66.0 60.0 66.0 
71.0 68.0 60.0 80.0 
61.0 63.0 59.0 65.0 
63.0 64.0 60.0 66.0 
66.0 66.0 61.0 67.0 
72.0 70.0 61.0 81.0 
62.0 62.0 59.0 65.0 
65.0 66.0 59.0 66.0 
66.0 66.0 61.0 65.0 
74.0 71.0 61.0 81.0 
62.0 63.0 59.0 66.0 
68.0 70.0 60.0 70.0 
58.0 58.0 60.0 59.0 
85.0 70.0 60.0 82.0 
62.0 64.0 59.0 67.0 
70.0 72.0 61.0 71.0 
58.0 60.0 61.0 59.0 
87.0 58.0 61.0 87.0 
65.0 59.0 59.0 70.0 
75.0 59.0 60.0 75.0 
57.0 60.0 60.0 58.0 
74.0 59.0 67.0 85.0 
65.0 59.0 61.0 70.0 
75.0 59.0 60.0 76.0 
58.0 60.0 60.0 58.0 
72.0 61.0 67.0 88.0 
66.0 59.0 61.0 70.0 
76.0 59.0 60.0 77.0 
58.0 60.0 60.0 58.0 
73.0 59.0 76.0 87.0 
65.0 59.0 63.0 70.0 
76.0 59.0 62.0 76.0 
58.0 60.0 59.0 58.0 
74.0 60.0 84.0 87.0 
65.0 59.0 64.0 69.0 
76.0 59.0 63.0 76.0 
58.0 60.0 60.0 59.0 
85.0 59.0 94.0 88.0 
65.0 59.0 69.0 69.0 
74.0 60.0 86.0 76.0 
58.0 60.0 59.0 58.0 
93.0 60.0 101.0 90.0 
65.0 57.0 69.0 69.0 
75.0 59.0 92.0 77.0 
58.0 60.0 57.0 58.0 
89.0 60.0 110.0 87.0 
65.0 59.0 71.0 68.0 
75.0 59.0 99.0 77.0 
58.0 60.0 56.0 59.0 
88.0 59.0 113.0 87.0 
65.0 59.0 72.0 67.0 
75.0 59.0 104.0 77.0 
57.0 61.0 55.0 58.0 
83.0 59.0 115.0 87.0 
64.0 58.0 71.0 67.0 
76.0 58.0 100.0 75.0 
67.0 60.0 80.0 69.0 
83.0 60.0 128.0 88.0 
63.0 58.0 73.0 66.0 
72.0 60.0 117.0 75.0 
68.0 60.0 92.0 70.0 
93.0 60.0 134.0 91.0 
63.0 59.0 75.0 65.0 
72.0 58.0 151.0 76.0 
67.0 61.0 116.0 70.0 
83.0 59.0 153.0 92.0 
62.0 58.0 77.0 66.0 
71.0 59.0 187.0 79.0 
69.0 59.0 157.0 73.0 
85.0 60.0 192.0 94.0 
62.0 58.0 81.0 65.0 
71.0 59.0 210.0 80.0 
70.0 59.0 204.0 77.0 
86.0 60.0 239.0 98.0 
61.0 59.0 77.0 64.0 
74.0 59.0 296.0 89.0 
71.0 61.0 250.0 82.0 
88.0 63.0 314.0 103.0 
62.0 59.0 80.0 64.0 
73.0 62.0 325.0 93.0 
72.0 64.0 280.0 85.0 
90.0 61.0 311.0 102.0 
60.0 59.0 81.0 65.0 
80.0 63.0 423.0 108.0 
72.0 61.0 303.0 90.0 
95.0 63.0 389.0 117.0 
62.0 58.0 83.0 65.0 
79.0 62.0 403.0 107.0 
75.0 62.0 341.0 95.0 
97.0 64.0 404.0 123.0 
61.0 58.0 83.0 64.0 
82.0 63.0 442.0 113.0 
76.0 62.0 350.0 98.0 
96.0 63.0 420.0 132.0 
60.0 59.0 81.0 64.0 
87.0 65.0 493.0 124.0 
76.0 62.0 357.0 101.0 
96.0 63.0 403.0 133.0 
61.0 58.0 81.0 64.0 
84.0 65.0 450.0 120.0 
80.0 63.0 392.0 109.0 
102.0 65.0 482.0 153.0 
60.0 59.0 73.0 63.0 
82.0 65.0 422.0 117.0 
76.0 62.0 341.0 102.0 
105.0 67.0 511.0 167.0 
60.0 59.0 71.0 62.0 
85.0 63.0 437.0 123.0 
74.0 62.0 322.0 103.0 
103.0 66.0 502.0 173.0 
60.0 59.0 69.0 62.0 
83.0 63.0 404.0 121.0 
79.0 62.0 367.0 111.0 
103.0 66.0 498.0 178.0 
59.0 59.0 69.0 62.0 
82.0 62.0 381.0 122.0 
82.0 63.0 405.0 123.0 
100.0 64.0 461.0 180.0 
59.0 59.0 68.0 62.0 
78.0 62.0 360.0 127.0 
81.0 62.0 392.0 130.0 
103.0 64.0 459.0 211.0 
59.0 59.0 65.0 62.0 
80.0 62.0 379.0 132.0 
80.0 63.0 385.0 132.0 
107.0 66.0 484.0 247.0 
60.0 59.0 65.0 61.0 
81.0 61.0 355.0 146.0 
81.0 63.0 385.0 146.0 
107.0 65.0 451.0 276.0 
60.0 58.0 64.0 60.0 
86.0 62.0 369.0 171.0 
79.0 62.0 358.0 150.0 
109.0 65.0 418.0 322.0 
59.0 59.0 63.0 60.0 
85.0 61.0 326.0 188.0 
81.0 62.0 365.0 182.0 
107.0 63.0 340.0 330.0 
59.0 59.0 63.0 60.0 
86.0 61.0 292.0 246.0 
82.0 61.0 321.0 221.0 
113.0 64.0 349.0 399.0 
59.0 58.0 64.0 60.0 
94.0 61.0 283.0 341.0 
79.0 60.0 275.0 234.0 
115.0 63.0 311.0 427.0 
59.0 59.0 65.0 58.0 
101.0 62.0 265.0 397.0 
79.0 61.0 243.0 234.0 
121.0 65.0 289.0 478.0 
59.0 59.0 66.0 57.0 
109.0 64.0 260.0 448.0 
79.0 60.0 214.0 240.0 
119.0 64.0 251.0 454.0 
59.0 59.0 67.0 57.0 
108.0 64.0 223.0 456.0 
79.0 61.0 173.0 238.0 
123.0 64.0 244.0 462.0 
59.0 59.0 68.0 56.0 
110.0 63.0 223.0 472.0 
77.0 60.0 163.0 230.0 
120.0 65.0 232.0 468.0 
58.0 59.0 68.0 54.0 
111.0 64.0 205.0 465.0 
77.0 61.0 139.0 223.0 
126.0 67.0 234.0 528.0 
59.0 58.0 67.0 53.0 
111.0 64.0 199.0 468.0 
75.0 59.0 133.0 210.0 
116.0 63.0 208.0 466.0 
58.0 59.0 68.0 52.0 
107.0 63.0 183.0 430.0 
78.0 60.0 130.0 227.0 
117.0 64.0 186.0 479.0 
58.0 58.0 70.0 53.0 
107.0 62.0 176.0 432.0 
76.0 60.0 123.0 235.0 
130.0 66.0 187.0 534.0 
59.0 59.0 70.0 54.0 
100.0 62.0 153.0 393.0 
79.0 60.0 116.0 234.0 
134.0 66.0 182.0 534.0 
60.0 59.0 73.0 57.0 
103.0 61.0 140.0 396.0 
76.0 60.0 103.0 210.0 
142.0 67.0 178.0 561.0 
60.0 58.0 70.0 57.0 
100.0 62.0 130.0 363.0 
74.0 60.0 95.0 201.0 
144.0 67.0 160.0 524.0 
59.0 59.0 67.0 54.0 
100.0 61.0 121.0 351.0 
84.0 60.0 101.0 250.0 
146.0 65.0 146.0 476.0 
59.0 58.0 67.0 53.0 
102.0 61.0 115.0 352.0 
83.0 62.0 103.0 259.0 
156.0 65.0 150.0 506.0 
59.0 58.0 67.0 52.0 
102.0 63.0 108.0 325.0 
80.0 58.0 88.0 221.0 
158.0 64.0 137.0 445.0 
57.0 59.0 66.0 53.0 
114.0 62.0 110.0 336.0 
82.0 60.0 84.0 212.0 
160.0 63.0 127.0 403.0 
57.0 59.0 66.0 53.0 
110.0 60.0 98.0 299.0 
82.0 60.0 80.0 196.0 
161.0 63.0 124.0 404.0 
59.0 59.0 66.0 56.0 
109.0 60.0 93.0 270.0 
84.0 59.0 79.0 182.0 
174.0 62.0 121.0 382.0 
58.0 59.0 67.0 59.0 
116.0 59.0 93.0 258.0 
81.0 60.0 75.0 158.0 
181.0 61.0 118.0 366.0 
58.0 56.0 68.0 60.0 
124.0 60.0 92.0 247.0 
81.0 59.0 70.0 120.0 
187.0 62.0 110.0 348.0 
58.0 59.0 67.0 62.0 
120.0 60.0 85.0 212.0 
79.0 61.0 67.0 100.0 
188.0 61.0 110.0 336.0 
57.0 59.0 67.0 61.0 
126.0 60.0 87.0 218.0 
80.0 60.0 69.0 105.0 
187.0 61.0 106.0 313.0 
57.0 59.0 65.0 61.0 
141.0 60.0 87.0 218.0 
93.0 59.0 73.0 122.0 
194.0 60.0 104.0 288.0 
57.0 59.0 65.0 62.0 
133.0 58.0 85.0 192.0 
93.0 60.0 72.0 114.0 
205.0 431.0 104.0 271.0 
57.0 59.0 68.0 62.0 
114.0 193.0 80.0 158.0 
89.0 104.0 70.0 102.0 
218.0 593.0 104.0 260.0 
58.0 54.0 67.0 64.0 
113.0 289.0 76.0 144.0 
73.0 124.0 67.0 81.0 
222.0 627.0 99.0 242.0 
58.0 55.0 66.0 65.0 
114.0 288.0 77.0 142.0 
72.0 107.0 69.0 81.0 
226.0 655.0 97.0 230.0 
58.0 56.0 65.0 65.0 
102.0 236.0 73.0 117.0 
74.0 118.0 71.0 78.0 
257.0 645.0 94.0 208.0 
58.0 57.0 65.0 65.0 
103.0 241.0 75.0 114.0 
72.0 106.0 70.0 74.0 
280.0 641.0 93.0 198.0 
58.0 57.0 66.0 65.0 
132.0 284.0 74.0 122.0 
75.0 115.0 65.0 76.0 
301.0 597.0 96.0 190.0 
61.0 65.0 68.0 68.0 
131.0 296.0 76.0 118.0 
50.0 88.0 63.0 69.0 
317.0 513.0 93.0 173.0 
61.0 66.0 69.0 69.0 
148.0 313.0 76.0 117.0 
51.0 42.0 58.0 56.0 
357.0 513.0 94.0 159.0 
62.0 68.0 71.0 70.0 
171.0 329.0 75.0 119.0 
49.0 43.0 59.0 56.0 
454.0 476.0 96.0 150.0 
63.0 68.0 71.0 68.0 
185.0 287.0 74.0 109.0 
48.0 45.0 59.0 57.0 
483.0 400.0 93.0 135.0 
66.0 69.0 71.0 70.0 
230.0 248.0 74.0 102.0 
44.0 46.0 59.0 57.0 
489.0 375.0 92.0 129.0 
70.0 69.0 72.0 70.0 
324.0 233.0 75.0 102.0 
42.0 47.0 59.0 57.0 
560.0 345.0 94.0 127.0 
69.0 68.0 72.0 69.0 
263.0 158.0 72.0 88.0 
43.0 51.0 59.0 59.0 
547.0 333.0 95.0 125.0 
73.0 67.0 72.0 70.0 
303.0 158.0 73.0 88.0 
40.0 51.0 59.0 58.0 
592.0 304.0 93.0 116.0 
71.0 66.0 74.0 70.0 
290.0 149.0 76.0 87.0 
41.0 52.0 58.0 59.0 
614.0 273.0 90.0 111.0 
73.0 67.0 74.0 70.0 
229.0 121.0 76.0 83.0 
41.0 53.0 59.0 58.0 
549.0 225.0 95.0 106.0 
75.0 66.0 75.0 70.0 
308.0 126.0 87.0 86.0 
41.0 53.0 58.0 59.0 
596.0 218.0 99.0 104.0 
78.0 66.0 77.0 70.0 
298.0 118.0 108.0 86.0 
38.0 56.0 57.0 59.0 
597.0 201.0 103.0 103.0 
77.0 65.0 79.0 70.0 
307.0 115.0 132.0 88.0 
39.0 55.0 56.0 59.0 
543.0 179.0 103.0 101.0 
76.0 65.0 80.0 69.0 
281.0 107.0 142.0 84.0 
40.0 56.0 56.0 57.0 
517.0 160.0 105.0 97.0 
77.0 65.0 80.0 69.0 
273.0 105.0 146.0 85.0 
41.0 56.0 56.0 58.0 
560.0 156.0 110.0 98.0 
75.0 59.0 84.0 70.0 
250.0 60.0 195.0 97.0 
40.0 60.0 54.0 58.0 
561.0 67.0 114.0 121.0 
76.0 58.0 85.0 70.0 
262.0 61.0 225.0 100.0 
38.0 61.0 53.0 74.0 
482.0 66.0 114.0 115.0 
74.0 59.0 90.0 72.0 
261.0 61.0 281.0 103.0 
145.0 60.0 229.0 85.0 
458.0 66.0 111.0 111.0 
72.0 59.0 87.0 71.0 
218.0 62.0 348.0 105.0 
130.0 61.0 280.0 87.0 
298.0 61.0 80.0 91.0 
68.0 59.0 84.0 70.0 
196.0 62.0 398.0 107.0 
115.0 62.0 339.0 90.0 
310.0 61.0 77.0 91.0 
66.0 59.0 85.0 69.0 
158.0 64.0 425.0 107.0 
93.0 64.0 392.0 94.0 
272.0 61.0 74.0 88.0 
64.0 59.0 85.0 69.0 
126.0 65.0 481.0 110.0 
86.0 65.0 438.0 99.0 
220.0 60.0 66.0 84.0 
63.0 58.0 84.0 69.0 
82.0 66.0 506.0 118.0 
77.0 65.0 466.0 109.0 
180.0 60.0 64.0 81.0 
62.0 59.0 80.0 69.0 
77.0 65.0 456.0 117.0 
81.0 67.0 522.0 120.0 
159.0 60.0 62.0 79.0 
62.0 59.0 79.0 70.0 
85.0 67.0 541.0 133.0 
83.0 68.0 564.0 130.0 
142.0 60.0 60.0 78.0 
61.0 58.0 78.0 69.0 
91.0 64.0 613.0 159.0 
84.0 65.0 612.0 146.0 
139.0 60.0 58.0 75.0 
62.0 59.0 79.0 69.0 
91.0 65.0 637.0 165.0 
85.0 65.0 621.0 148.0 
133.0 59.0 56.0 75.0 
62.0 60.0 78.0 69.0 
90.0 63.0 657.0 172.0 
86.0 64.0 642.0 155.0 
127.0 60.0 55.0 74.0 
62.0 58.0 78.0 69.0 
91.0 63.0 666.0 182.0 
87.0 64.0 651.0 166.0 
125.0 60.0 55.0 73.0 
61.0 59.0 76.0 70.0 
92.0 64.0 657.0 193.0 
87.0 64.0 666.0 178.0 
122.0 60.0 55.0 72.0 
61.0 58.0 77.0 69.0 
94.0 63.0 664.0 214.0 
87.0 65.0 649.0 188.0 
117.0 59.0 55.0 72.0 
61.0 58.0 77.0 70.0 
95.0 63.0 659.0 223.0 
89.0 65.0 636.0 203.0 
114.0 60.0 56.0 71.0 
60.0 59.0 75.0 69.0 
96.0 63.0 656.0 250.0 
79.0 93.0 656.0 229.0 
113.0 60.0 56.0 70.0 
61.0 59.0 73.0 69.0 
99.0 109.0 671.0 305.0 
82.0 101.0 656.0 273.0 
109.0 60.0 56.0 68.0 
61.0 59.0 72.0 69.0 
102.0 65.0 676.0 363.0 
97.0 65.0 674.0 336.0 
108.0 59.0 56.0 66.0 
60.0 59.0 72.0 69.0 
107.0 65.0 673.0 408.0 
102.0 66.0 671.0 395.0 
110.0 59.0 56.0 64.0 
61.0 59.0 71.0 68.0 
111.0 68.0 664.0 472.0 
108.0 69.0 649.0 464.0 
109.0 59.0 58.0 63.0 
60.0 59.0 69.0 68.0 
114.0 69.0 633.0 499.0 
112.0 69.0 661.0 502.0 
107.0 60.0 58.0 63.0 
60.0 59.0 69.0 67.0 
118.0 69.0 627.0 526.0 
111.0 70.0 641.0 513.0 
100.0 60.0 59.0 61.0 
60.0 59.0 68.0 67.0 
123.0 72.0 623.0 566.0 
114.0 71.0 638.0 529.0 
97.0 59.0 58.0 60.0 
60.0 60.0 68.0 67.0 
125.0 69.0 613.0 610.0 
117.0 73.0 623.0 558.0 
97.0 60.0 59.0 60.0 
59.0 58.0 68.0 66.0 
129.0 68.0 595.0 637.0 
120.0 73.0 588.0 572.0 
96.0 60.0 61.0 58.0 
60.0 59.0 71.0 67.0 
131.0 72.0 559.0 648.0 
122.0 72.0 560.0 594.0 
88.0 60.0 61.0 57.0 
60.0 59.0 68.0 65.0 
136.0 70.0 536.0 661.0 
127.0 72.0 538.0 607.0 
77.0 59.0 61.0 55.0 
60.0 59.0 68.0 64.0 
137.0 69.0 505.0 653.0 
128.0 70.0 503.0 613.0 
74.0 59.0 62.0 55.0 
60.0 59.0 68.0 62.0 
138.0 68.0 488.0 658.0 
128.0 69.0 480.0 637.0 
72.0 60.0 62.0 54.0 
59.0 59.0 65.0 60.0 
140.0 68.0 473.0 665.0 
131.0 69.0 469.0 643.0 
64.0 60.0 63.0 54.0 
59.0 59.0 65.0 59.0 
145.0 67.0 452.0 676.0 
135.0 67.0 442.0 650.0 
61.0 60.0 64.0 54.0 
60.0 59.0 65.0 58.0 
145.0 66.0 428.0 663.0 
142.0 67.0 435.0 696.0 
61.0 60.0 65.0 54.0 
59.0 59.0 65.0 58.0 
144.0 66.0 410.0 645.0 
145.0 66.0 420.0 712.0 
59.0 59.0 66.0 55.0 
60.0 58.0 65.0 56.0 
150.0 66.0 379.0 636.0 
156.0 65.0 396.0 715.0 
60.0 60.0 66.0 53.0 
59.0 59.0 64.0 54.0 
160.0 64.0 380.0 681.0 
157.0 65.0 378.0 698.0 
73.0 60.0 68.0 56.0 
58.0 59.0 63.0 53.0 
156.0 65.0 366.0 654.0 
160.0 65.0 368.0 702.0 
73.0 58.0 69.0 55.0 
58.0 59.0 64.0 54.0 
162.0 64.0 362.0 669.0 
168.0 64.0 358.0 698.0 
70.0 59.0 67.0 54.0 
59.0 59.0 63.0 53.0 
165.0 64.0 359.0 650.0 
174.0 64.0 366.0 714.0 
71.0 59.0 68.0 55.0 
58.0 59.0 62.0 51.0 
171.0 65.0 345.0 636.0 
180.0 63.0 351.0 716.0 
70.0 59.0 68.0 54.0 
57.0 59.0 61.0 49.0 
179.0 66.0 318.0 642.0 
187.0 64.0 332.0 704.0 
71.0 59.0 69.0 54.0 
57.0 59.0 61.0 48.0 
184.0 65.0 293.0 635.0 
192.0 63.0 305.0 698.0 
70.0 59.0 69.0 55.0 
58.0 58.0 61.0 49.0 
190.0 64.0 267.0 631.0 
191.0 64.0 270.0 665.0 
70.0 60.0 71.0 56.0 
57.0 58.0 63.0 50.0 
193.0 63.0 244.0 616.0 
198.0 64.0 247.0 624.0 
70.0 60.0 71.0 57.0 
56.0 59.0 62.0 50.0 
202.0 64.0 237.0 601.0 
204.0 65.0 239.0 608.0 
70.0 60.0 71.0 57.0 
57.0 59.0 62.0 51.0 
209.0 65.0 224.0 580.0 
213.0 65.0 221.0 576.0 
68.0 60.0 71.0 57.0 
56.0 59.0 63.0 52.0 
215.0 68.0 212.0 545.0 
223.0 68.0 194.0 540.0 
68.0 60.0 72.0 57.0 
57.0 59.0 64.0 53.0 
226.0 66.0 189.0 523.0 
223.0 65.0 177.0 508.0 
68.0 60.0 73.0 57.0 
55.0 59.0 66.0 54.0 
234.0 64.0 157.0 498.0 
224.0 64.0 158.0 470.0 
67.0 59.0 73.0 59.0 
55.0 59.0 66.0 55.0 
246.0 65.0 149.0 471.0 
240.0 65.0 150.0 452.0 
66.0 60.0 74.0 60.0 
55.0 59.0 66.0 54.0 
260.0 64.0 141.0 456.0 
256.0 64.0 142.0 435.0 
66.0 61.0 74.0 61.0 
55.0 59.0 67.0 55.0 
267.0 65.0 135.0 432.0 
267.0 64.0 135.0 410.0 
64.0 60.0 74.0 64.0 
54.0 59.0 67.0 56.0 
292.0 64.0 126.0 412.0 
281.0 63.0 127.0 384.0 
64.0 60.0 75.0 66.0 
53.0 59.0 65.0 58.0 
309.0 63.0 116.0 400.0 
290.0 63.0 115.0 363.0 
63.0 60.0 76.0 68.0 
53.0 59.0 64.0 59.0 
338.0 64.0 120.0 387.0 
321.0 63.0 116.0 347.0 
62.0 60.0 78.0 69.0 
52.0 59.0 64.0 59.0 
370.0 64.0 114.0 356.0 
353.0 64.0 109.0 327.0 
61.0 60.0 77.0 72.0 
49.0 58.0 65.0 61.0 
413.0 65.0 110.0 330.0 
397.0 64.0 109.0 298.0 
60.0 60.0 79.0 73.0 
50.0 59.0 67.0 61.0 
446.0 65.0 112.0 310.0 
436.0 65.0 105.0 271.0 
58.0 60.0 80.0 76.0 
48.0 59.0 66.0 62.0 
470.0 66.0 103.0 295.0 
467.0 65.0 98.0 257.0 
57.0 60.0 79.0 77.0 
48.0 59.0 66.0 64.0 
515.0 67.0 100.0 285.0 
486.0 67.0 92.0 242.0 
57.0 60.0 78.0 78.0 
48.0 59.0 65.0 64.0 
566.0 67.0 99.0 281.0 
508.0 68.0 93.0 239.0 
56.0 59.0 80.0 77.0 
48.0 59.0 65.0 64.0 
581.0 66.0 95.0 269.0 
522.0 67.0 89.0 228.0 
55.0 60.0 78.0 77.0 
47.0 59.0 64.0 65.0 
585.0 65.0 88.0 255.0 
533.0 68.0 86.0 212.0 
56.0 59.0 79.0 78.0 
47.0 59.0 63.0 65.0 
582.0 66.0 83.0 246.0 
537.0 68.0 80.0 199.0 
55.0 59.0 79.0 78.0 
48.0 59.0 64.0 65.0 
623.0 64.0 82.0 241.0 
515.0 67.0 77.0 186.0 
66.0 59.0 81.0 83.0 
58.0 59.0 66.0 68.0 
665.0 64.0 84.0 239.0 
505.0 66.0 79.0 179.0 
68.0 60.0 83.0 85.0 
57.0 58.0 66.0 67.0 
729.0 62.0 96.0 243.0 
43.0 60.0 59.0 55.0 
67.0 59.0 83.0 82.0 
56.0 59.0 66.0 66.0 
763.0 62.0 96.0 234.0 
42.0 60.0 58.0 55.0 
69.0 59.0 82.0 83.0 
57.0 58.0 64.0 67.0 
789.0 61.0 82.0 230.0 
42.0 60.0 59.0 55.0 
69.0 60.0 83.0 84.0 
58.0 58.0 64.0 68.0 
783.0 63.0 79.0 227.0 
42.0 61.0 59.0 56.0 
70.0 61.0 84.0 83.0 
59.0 59.0 63.0 67.0 
768.0 61.0 78.0 206.0 
41.0 59.0 60.0 56.0 
69.0 60.0 84.0 84.0 
62.0 58.0 63.0 66.0 
788.0 61.0 82.0 204.0 
41.0 60.0 59.0 56.0 
70.0 60.0 86.0 84.0 
63.0 59.0 63.0 66.0 
770.0 63.0 83.0 200.0 
41.0 60.0 59.0 56.0 
71.0 59.0 89.0 83.0 
66.0 58.0 64.0 67.0 
768.0 61.0 83.0 193.0 
40.0 61.0 58.0 55.0 
70.0 60.0 94.0 82.0 
66.0 59.0 65.0 68.0 
731.0 62.0 78.0 171.0 
42.0 61.0 67.0 102.0 
71.0 60.0 96.0 81.0 
67.0 59.0 65.0 67.0 
656.0 63.0 83.0 157.0 
438.0 65.0 79.0 121.0 
74.0 60.0 100.0 84.0 
65.0 59.0 65.0 66.0 
625.0 65.0 86.0 149.0 
478.0 67.0 84.0 124.0 
60.0 59.0 105.0 81.0 
54.0 59.0 64.0 64.0 
624.0 65.0 88.0 145.0 
490.0 66.0 85.0 124.0 
61.0 59.0 112.0 81.0 
54.0 59.0 65.0 63.0 
618.0 65.0 88.0 143.0 
469.0 66.0 86.0 117.0 
62.0 60.0 112.0 81.0 
52.0 60.0 62.0 62.0 
574.0 65.0 88.0 133.0 
423.0 64.0 83.0 110.0 
54.0 60.0 91.0 72.0 
54.0 58.0 69.0 64.0 
560.0 67.0 90.0 132.0 
361.0 62.0 85.0 102.0 
56.0 59.0 93.0 72.0 
55.0 58.0 69.0 64.0 
541.0 67.0 94.0 131.0 
313.0 62.0 83.0 96.0 
62.0 60.0 109.0 76.0 
55.0 59.0 68.0 63.0 
520.0 67.0 93.0 128.0 
288.0 61.0 81.0 93.0 
71.0 58.0 140.0 84.0 
53.0 59.0 64.0 62.0 
470.0 65.0 99.0 121.0 
261.0 62.0 87.0 88.0 
74.0 60.0 151.0 85.0 
53.0 58.0 61.0 61.0 
428.0 64.0 110.0 113.0 
251.0 61.0 90.0 84.0 
75.0 59.0 158.0 86.0 
51.0 59.0 60.0 60.0 
358.0 63.0 133.0 111.0 
225.0 61.0 106.0 85.0 
78.0 60.0 172.0 88.0 
52.0 58.0 59.0 59.0 
367.0 61.0 154.0 108.0 
206.0 61.0 116.0 82.0 
78.0 60.0 197.0 90.0 
53.0 59.0 60.0 60.0 
333.0 62.0 164.0 106.0 
169.0 61.0 127.0 81.0 
81.0 59.0 215.0 92.0 
54.0 58.0 59.0 59.0 
300.0 61.0 155.0 100.0 
151.0 61.0 135.0 79.0 
84.0 61.0 245.0 95.0 
54.0 59.0 57.0 60.0 
270.0 61.0 169.0 99.0 
140.0 60.0 126.0 77.0 
83.0 61.0 253.0 98.0 
54.0 60.0 58.0 59.0 
244.0 60.0 166.0 95.0 
121.0 60.0 121.0 74.0 
88.0 62.0 316.0 107.0 
56.0 59.0 58.0 60.0 
222.0 59.0 175.0 94.0 
107.0 61.0 110.0 72.0 
92.0 63.0 357.0 114.0 
55.0 58.0 61.0 60.0 
207.0 60.0 177.0 91.0 
103.0 60.0 120.0 73.0 
96.0 64.0 401.0 128.0 
56.0 58.0 59.0 59.0 
183.0 60.0 144.0 85.0 
101.0 60.0 128.0 73.0 
97.0 63.0 397.0 131.0 
56.0 59.0 58.0 59.0 
172.0 59.0 186.0 90.0 
101.0 59.0 145.0 76.0 
99.0 62.0 391.0 133.0 
57.0 58.0 58.0 59.0 
143.0 59.0 192.0 88.0 
103.0 60.0 143.0 75.0 
97.0 62.0 359.0 134.0 
58.0 59.0 58.0 59.0 
134.0 61.0 223.0 93.0 
91.0 60.0 119.0 72.0 
102.0 65.0 421.0 150.0 
59.0 59.0 57.0 59.0 
117.0 60.0 213.0 91.0 
80.0 60.0 117.0 70.0 
106.0 64.0 450.0 167.0 
60.0 59.0 57.0 59.0 
112.0 59.0 189.0 89.0 
68.0 61.0 101.0 67.0 
98.0 63.0 441.0 170.0 
60.0 59.0 58.0 59.0 
93.0 60.0 175.0 87.0 
68.0 60.0 94.0 67.0 
93.0 64.0 418.0 168.0 
59.0 59.0 61.0 59.0 
81.0 60.0 147.0 83.0 
66.0 60.0 99.0 69.0 
95.0 63.0 429.0 187.0 
60.0 59.0 61.0 60.0 
73.0 59.0 154.0 85.0 
65.0 60.0 87.0 66.0 
96.0 64.0 413.0 212.0 
60.0 59.0 62.0 59.0 
76.0 60.0 162.0 89.0 
64.0 61.0 81.0 64.0 
96.0 64.0 428.0 231.0 
60.0 59.0 63.0 59.0 
75.0 59.0 157.0 99.0 
65.0 60.0 81.0 67.0 
93.0 63.0 398.0 241.0 
60.0 59.0 64.0 60.0 
73.0 60.0 126.0 108.0 
65.0 58.0 82.0 74.0 
92.0 63.0 379.0 267.0 
60.0 58.0 64.0 59.0 
76.0 59.0 123.0 140.0 
63.0 60.0 74.0 75.0 
92.0 63.0 368.0 293.0 
60.0 58.0 64.0 57.0 
84.0 60.0 129.0 197.0 
61.0 61.0 68.0 72.0 
95.0 62.0 327.0 308.0 
59.0 60.0 63.0 56.0 
82.0 60.0 124.0 207.0 
63.0 59.0 70.0 76.0 
92.0 61.0 281.0 308.0 
59.0 59.0 63.0 55.0 
85.0 60.0 125.0 238.0 
63.0 60.0 74.0 93.0 
97.0 61.0 264.0 346.0 
59.0 59.0 64.0 54.0 
84.0 60.0 108.0 242.0 
65.0 60.0 74.0 99.0 
99.0 63.0 241.0 376.0 
59.0 58.0 64.0 53.0 
90.0 60.0 116.0 274.0 
65.0 60.0 74.0 96.0 
106.0 64.0 231.0 426.0 
59.0 58.0 64.0 52.0 
93.0 60.0 122.0 304.0 
64.0 59.0 72.0 95.0 
107.0 63.0 211.0 438.0 
58.0 60.0 64.0 52.0 
94.0 61.0 122.0 315.0 
64.0 60.0 73.0 91.0 
108.0 63.0 195.0 434.0 
59.0 59.0 64.0 53.0 
92.0 60.0 110.0 286.0 
64.0 59.0 72.0 90.0 
111.0 64.0 192.0 445.0 
59.0 58.0 64.0 54.0 
93.0 61.0 109.0 299.0 
64.0 60.0 69.0 92.0 
119.0 65.0 191.0 502.0 
59.0 58.0 64.0 53.0 
88.0 59.0 98.0 270.0 
63.0 60.0 68.0 94.0 
112.0 64.0 159.0 454.0 
59.0 60.0 65.0 56.0 
86.0 61.0 94.0 255.0 
62.0 60.0 66.0 78.0 
110.0 63.0 152.0 428.0 
59.0 59.0 65.0 55.0 
93.0 60.0 100.0 292.0 
61.0 61.0 64.0 70.0 
114.0 64.0 154.0 451.0 
59.0 59.0 65.0 55.0 
92.0 61.0 96.0 274.0 
61.0 60.0 64.0 63.0 
113.0 63.0 148.0 430.0 
59.0 59.0 65.0 54.0 
93.0 59.0 99.0 287.0 
60.0 60.0 64.0 63.0 
125.0 64.0 148.0 467.0 
59.0 59.0 65.0 54.0 
92.0 60.0 101.0 298.0 
60.0 60.0 61.0 63.0 
123.0 63.0 133.0 448.0 
59.0 60.0 65.0 56.0 
94.0 60.0 93.0 285.0 
59.0 61.0 62.0 60.0 
123.0 63.0 128.0 423.0 
59.0 59.0 66.0 56.0 
97.0 60.0 92.0 290.0 
59.0 60.0 62.0 59.0 
121.0 62.0 122.0 401.0 
59.0 59.0 64.0 59.0 
96.0 60.0 92.0 303.0 
58.0 60.0 61.0 59.0 
131.0 62.0 120.0 395.0 
59.0 59.0 65.0 59.0 
101.0 61.0 97.0 319.0 
59.0 60.0 62.0 62.0 
129.0 62.0 114.0 368.0 
60.0 59.0 65.0 57.0 
118.0 61.0 98.0 331.0 
59.0 59.0 63.0 58.0 
126.0 60.0 109.0 328.0 
59.0 59.0 66.0 60.0 
116.0 59.0 92.0 280.0 
58.0 60.0 62.0 57.0 
125.0 60.0 104.0 302.0 
59.0 58.0 65.0 61.0 
115.0 60.0 89.0 245.0 
58.0 60.0 61.0 54.0 
129.0 60.0 103.0 288.0 
60.0 59.0 66.0 62.0 
105.0 60.0 82.0 199.0 
58.0 60.0 61.0 55.0 
126.0 60.0 99.0 252.0 
59.0 59.0 66.0 62.0 
126.0 59.0 89.0 221.0 
57.0 60.0 61.0 53.0 
124.0 58.0 96.0 237.0 
59.0 59.0 66.0 61.0 
136.0 60.0 88.0 215.0 
58.0 59.0 60.0 56.0 
128.0 60.0 96.0 241.0 
58.0 59.0 65.0 61.0 
139.0 60.0 86.0 204.0 
58.0 60.0 61.0 56.0 
128.0 60.0 94.0 217.0 
58.0 59.0 65.0 61.0 
138.0 59.0 85.0 197.0 
58.0 60.0 61.0 56.0 
130.0 60.0 94.0 226.0 
58.0 60.0 65.0 61.0 
136.0 60.0 83.0 177.0 
63.0 60.0 61.0 63.0 
139.0 60.0 95.0 224.0 
57.0 59.0 66.0 60.0 
127.0 59.0 81.0 164.0 
65.0 59.0 62.0 64.0 
130.0 60.0 91.0 203.0 
58.0 59.0 66.0 62.0 
139.0 59.0 80.0 173.0 
67.0 61.0 62.0 66.0 
133.0 60.0 89.0 196.0 
58.0 59.0 64.0 61.0 
145.0 60.0 80.0 174.0 
65.0 59.0 61.0 65.0 
150.0 60.0 90.0 192.0 
58.0 59.0 65.0 61.0 
139.0 59.0 77.0 150.0 
66.0 60.0 61.0 64.0 
146.0 59.0 86.0 159.0 
58.0 59.0 65.0 63.0 
128.0 60.0 76.0 139.0 
68.0 60.0 60.0 67.0 
150.0 60.0 86.0 152.0 
57.0 58.0 64.0 62.0 
140.0 60.0 77.0 148.0 
70.0 61.0 62.0 69.0 
158.0 60.0 85.0 151.0 
56.0 58.0 65.0 62.0 
136.0 59.0 77.0 148.0 
71.0 60.0 63.0 69.0 
167.0 60.0 84.0 149.0 
55.0 59.0 65.0 61.0 
145.0 59.0 78.0 148.0 
69.0 60.0 63.0 68.0 
179.0 59.0 84.0 146.0 
56.0 58.0 64.0 60.0 
159.0 59.0 77.0 147.0 
68.0 60.0 63.0 66.0 
186.0 60.0 83.0 140.0 
55.0 59.0 65.0 61.0 
155.0 59.0 77.0 147.0 
64.0 61.0 62.0 64.0 
205.0 60.0 85.0 144.0 
55.0 59.0 64.0 62.0 
163.0 60.0 74.0 135.0 
53.0 60.0 60.0 57.0 
225.0 60.0 85.0 145.0 
54.0 59.0 64.0 61.0 
181.0 59.0 73.0 130.0 
52.0 60.0 60.0 57.0 
222.0 60.0 83.0 140.0 
54.0 59.0 64.0 62.0 
225.0 60.0 73.0 132.0 
51.0 60.0 60.0 58.0 
225.0 60.0 83.0 135.0 
53.0 59.0 64.0 63.0 
268.0 60.0 73.0 127.0 
50.0 61.0 60.0 57.0 
251.0 61.0 83.0 138.0 
52.0 58.0 64.0 62.0 
268.0 60.0 72.0 114.0 
50.0 60.0 59.0 57.0 
240.0 60.0 84.0 137.0 
52.0 59.0 64.0 63.0 
333.0 62.0 71.0 111.0 
50.0 60.0 60.0 58.0 
248.0 60.0 82.0 128.0 
54.0 58.0 65.0 64.0 
264.0 61.0 68.0 96.0 
50.0 60.0 60.0 59.0 
290.0 61.0 83.0 122.0 
53.0 59.0 64.0 64.0 
224.0 60.0 66.0 90.0 
52.0 61.0 60.0 59.0 
305.0 62.0 82.0 122.0 
54.0 59.0 64.0 63.0 
237.0 60.0 67.0 89.0 
52.0 60.0 61.0 59.0 
306.0 62.0 83.0 123.0 
53.0 59.0 64.0 63.0 
285.0 61.0 69.0 94.0 
53.0 60.0 60.0 59.0 
313.0 61.0 83.0 115.0 
53.0 58.0 64.0 63.0 
292.0 61.0 70.0 96.0 
54.0 60.0 60.0 60.0 
322.0 61.0 82.0 114.0 
52.0 58.0 64.0 63.0 
255.0 60.0 67.0 86.0 
67.0 60.0 61.0 62.0 
314.0 62.0 83.0 112.0 
50.0 59.0 64.0 62.0 
317.0 62.0 69.0 93.0 
66.0 60.0 61.0 61.0 
295.0 61.0 81.0 107.0 
48.0 59.0 64.0 61.0 
405.0 63.0 73.0 103.0 
63.0 60.0 60.0 60.0 
302.0 61.0 82.0 107.0 
48.0 58.0 64.0 62.0 
370.0 62.0 72.0 98.0 
72.0 61.0 61.0 63.0 
327.0 61.0 82.0 106.0 
49.0 59.0 63.0 62.0 
302.0 61.0 69.0 90.0 
78.0 61.0 62.0 62.0 
322.0 61.0 82.0 106.0 
49.0 59.0 62.0 62.0 
267.0 62.0 67.0 87.0 
81.0 60.0 62.0 63.0 
325.0 62.0 83.0 105.0 
51.0 59.0 63.0 61.0 
220.0 60.0 66.0 79.0 
81.0 59.0 62.0 64.0 
305.0 62.0 80.0 102.0 
48.0 60.0 62.0 62.0 
343.0 62.0 71.0 92.0 
68.0 60.0 61.0 62.0 
307.0 61.0 82.0 101.0 
47.0 58.0 63.0 61.0 
352.0 62.0 71.0 94.0 
70.0 60.0 62.0 62.0 
270.0 60.0 80.0 95.0 
48.0 59.0 63.0 61.0 
315.0 61.0 68.0 89.0 
70.0 60.0 62.0 62.0 
277.0 61.0 81.0 94.0 
51.0 57.0 63.0 61.0 
225.0 60.0 68.0 85.0 
64.0 59.0 62.0 62.0 
219.0 61.0 80.0 87.0 
53.0 59.0 62.0 61.0 
221.0 60.0 66.0 81.0 
58.0 61.0 61.0 61.0 
189.0 62.0 79.0 84.0 
56.0 59.0 62.0 62.0 
209.0 60.0 66.0 81.0 
55.0 61.0 62.0 61.0 
170.0 60.0 80.0 82.0 
54.0 58.0 63.0 63.0 
217.0 61.0 66.0 80.0 
53.0 61.0 61.0 60.0 
167.0 60.0 79.0 80.0 
56.0 58.0 64.0 62.0 
168.0 58.0 65.0 76.0 
54.0 59.0 61.0 60.0 
193.0 60.0 78.0 82.0 
56.0 58.0 65.0 64.0 
154.0 59.0 65.0 77.0 
53.0 60.0 61.0 60.0 
165.0 60.0 78.0 80.0 
59.0 60.0 63.0 64.0 
101.0 58.0 64.0 68.0 
58.0 60.0 61.0 60.0 
157.0 60.0 79.0 79.0 
61.0 58.0 64.0 65.0 
79.0 58.0 62.0 65.0 
57.0 59.0 61.0 61.0 
160.0 60.0 79.0 80.0 
61.0 59.0 64.0 64.0 
74.0 59.0 61.0 64.0 
58.0 60.0 61.0 61.0 
154.0 60.0 78.0 80.0 
61.0 58.0 65.0 64.0 
71.0 59.0 60.0 64.0 
58.0 61.0 60.0 61.0 
125.0 60.0 78.0 77.0 
62.0 60.0 65.0 65.0 
70.0 60.0 61.0 63.0 
60.0 59.0 61.0 60.0 
107.0 60.0 77.0 75.0 
63.0 59.0 64.0 65.0 
64.0 61.0 60.0 63.0 
61.0 60.0 60.0 61.0 
91.0 60.0 78.0 75.0 
63.0 59.0 65.0 64.0 
65.0 59.0 60.0 63.0 
62.0 59.0 61.0 61.0 
88.0 59.0 78.0 72.0 
63.0 59.0 65.0 65.0 
63.0 59.0 60.0 62.0 
62.0 60.0 61.0 61.0 
87.0 60.0 78.0 73.0 
64.0 59.0 65.0 65.0 
63.0 59.0 60.0 62.0 
62.0 59.0 60.0 62.0 
84.0 59.0 77.0 72.0 
63.0 59.0 65.0 65.0 
63.0 60.0 61.0 62.0 
62.0 61.0 60.0 61.0 
79.0 60.0 77.0 72.0 
64.0 59.0 65.0 65.0 
63.0 60.0 61.0 62.0 
63.0 61.0 61.0 61.0 
80.0 59.0 77.0 72.0 
64.0 58.0 65.0 65.0 
62.0 58.0 60.0 62.0 
62.0 60.0 60.0 61.0 
80.0 59.0 77.0 72.0 
63.0 60.0 64.0 64.0 
62.0 60.0 60.0 62.0 
62.0 60.0 61.0 62.0 
79.0 60.0 77.0 72.0 
63.0 59.0 65.0 65.0 
61.0 59.0 61.0 61.0 
60.0 60.0 61.0 62.0 
79.0 60.0 77.0 72.0 
66.0 58.0 66.0 64.0 
60.0 59.0 61.0 62.0 
62.0 60.0 61.0 61.0 
79.0 60.0 77.0 72.0 
63.0 59.0 65.0 65.0 
60.0 61.0 61.0 62.0 
61.0 61.0 61.0 62.0 
79.0 61.0 77.0 73.0 
63.0 58.0 65.0 65.0 
61.0 59.0 61.0 62.0 
61.0 61.0 61.0 61.0 
79.0 58.0 77.0 72.0 
63.0 59.0 65.0 65.0 
61.0 59.0 61.0 63.0 
61.0 60.0 60.0 62.0 
79.0 59.0 77.0 72.0 
63.0 59.0 65.0 66.0 
62.0 59.0 61.0 62.0 
61.0 59.0 60.0 62.0 
79.0 60.0 76.0 71.0 
62.0 59.0 64.0 65.0 
61.0 60.0 61.0 62.0 
62.0 60.0 61.0 61.0 
82.0 61.0 76.0 72.0 
63.0 59.0 65.0 65.0 
61.0 59.0 61.0 62.0 
61.0 60.0 61.0 63.0 
87.0 59.0 78.0 73.0 
62.0 59.0 66.0 65.0 
61.0 61.0 61.0 62.0 
60.0 61.0 60.0 61.0 
87.0 60.0 78.0 72.0 
62.0 59.0 66.0 65.0 
61.0 60.0 61.0 62.0 
61.0 60.0 61.0 61.0 
86.0 61.0 77.0 72.0 
63.0 60.0 65.0 66.0 
62.0 60.0 61.0 63.0 
61.0 61.0 61.0 61.0 
78.0 60.0 78.0 73.0 
64.0 59.0 66.0 65.0 
61.0 59.0 61.0 62.0 
61.0 61.0 60.0 61.0 
78.0 60.0 79.0 73.0 
63.0 60.0 64.0 65.0 
61.0 60.0 60.0 63.0 
61.0 60.0 60.0 61.0 
78.0 60.0 77.0 73.0 
64.0 58.0 66.0 65.0 
61.0 59.0 63.0 62.0 
61.0 61.0 61.0 61.0 
79.0 60.0 77.0 72.0 
63.0 59.0 66.0 65.0 
61.0 60.0 61.0 62.0 
60.0 61.0 61.0 61.0 
80.0 60.0 78.0 71.0 
63.0 59.0 65.0 66.0 
61.0 59.0 60.0 63.0 
61.0 60.0 60.0 61.0 
82.0 61.0 79.0 73.0 
62.0 58.0 66.0 66.0 
61.0 59.0 61.0 61.0 
61.0 59.0 60.0 62.0 
86.0 61.0 78.0 72.0 
64.0 59.0 65.0 65.0 
60.0 60.0 61.0 62.0 
60.0 61.0 61.0 61.0 
85.0 60.0 77.0 73.0 
63.0 59.0 66.0 66.0 
61.0 59.0 62.0 62.0 
61.0 60.0 60.0 61.0 
86.0 60.0 78.0 73.0 
63.0 59.0 65.0 66.0 
61.0 60.0 62.0 63.0 
61.0 60.0 61.0 62.0 
86.0 60.0 78.0 73.0 
63.0 59.0 65.0 66.0 
61.0 58.0 60.0 62.0 
61.0 60.0 61.0 61.0 
85.0 59.0 77.0 73.0 
63.0 59.0 66.0 66.0 
60.0 60.0 61.0 62.0 
61.0 60.0 61.0 62.0 
78.0 60.0 77.0 74.0 
63.0 59.0 66.0 66.0 
61.0 59.0 62.0 62.0 
61.0 60.0 60.0 62.0 
78.0 59.0 76.0 72.0 
63.0 59.0 65.0 66.0 
61.0 58.0 61.0 63.0 
61.0 60.0 61.0 61.0 
78.0 60.0 75.0 73.0 
63.0 59.0 65.0 66.0 
61.0 60.0 61.0 62.0 
61.0 60.0 60.0 61.0 
65.0 60.0 75.0 71.0 
64.0 58.0 65.0 66.0 
61.0 60.0 62.0 63.0 
61.0 60.0 60.0 61.0 
64.0 60.0 76.0 70.0 
63.0 59.0 65.0 66.0 
61.0 60.0 61.0 62.0 
62.0 59.0 61.0 61.0 
65.0 60.0 76.0 71.0 
63.0 59.0 65.0 65.0 
61.0 59.0 60.0 62.0 
61.0 60.0 62.0 62.0 
64.0 60.0 77.0 73.0 
64.0 59.0 65.0 64.0 
61.0 58.0 61.0 62.0 
61.0 60.0 62.0 61.0 
66.0 59.0 75.0 71.0 
63.0 60.0 64.0 65.0 
61.0 60.0 61.0 63.0 
62.0 60.0 60.0 62.0 
65.0 59.0 76.0 71.0 
63.0 59.0 64.0 65.0 
60.0 60.0 61.0 62.0 
61.0 60.0 60.0 62.0 
65.0 60.0 76.0 72.0 
63.0 59.0 65.0 64.0 
61.0 60.0 60.0 63.0 
62.0 60.0 61.0 61.0 
65.0 60.0 76.0 72.0 
63.0 59.0 65.0 65.0 
62.0 60.0 60.0 62.0 
61.0 59.0 61.0 61.0 
65.0 60.0 76.0 72.0 
64.0 59.0 65.0 65.0 
61.0 58.0 62.0 63.0 
62.0 60.0 61.0 62.0 
65.0 60.0 76.0 72.0 
64.0 58.0 65.0 65.0 
60.0 59.0 61.0 62.0 
62.0 60.0 60.0 62.0 
65.0 60.0 75.0 71.0 
63.0 59.0 65.0 66.0 
62.0 60.0 60.0 63.0 
61.0 60.0 60.0 61.0 
65.0 59.0 76.0 70.0 
63.0 57.0 65.0 65.0 
61.0 59.0 61.0 62.0 
61.0 61.0 60.0 61.0 
66.0 59.0 76.0 71.0 
63.0 59.0 64.0 65.0 
64.0 60.0 60.0 63.0 
61.0 60.0 60.0 62.0 
65.0 60.0 76.0 71.0 
63.0 60.0 65.0 65.0 
61.0 59.0 61.0 63.0 
62.0 60.0 61.0 62.0 
66.0 59.0 76.0 71.0 
63.0 59.0 64.0 65.0 
62.0 60.0 61.0 63.0 
61.0 60.0 61.0 62.0 
64.0 60.0 75.0 72.0 
63.0 59.0 65.0 65.0 
61.0 59.0 61.0 63.0 
62.0 60.0 61.0 62.0 
66.0 59.0 75.0 71.0 
63.0 59.0 65.0 65.0 
62.0 59.0 60.0 63.0 
62.0 61.0 60.0 62.0 
66.0 59.0 77.0 72.0 
64.0 58.0 65.0 64.0 
61.0 61.0 61.0 63.0 
61.0 60.0 61.0 62.0 
65.0 59.0 77.0 71.0 
63.0 59.0 66.0 66.0 
62.0 59.0 61.0 63.0 
62.0 60.0 61.0 62.0 
64.0 59.0 76.0 71.0 
63.0 59.0 65.0 65.0 
62.0 60.0 60.0 63.0 
62.0 60.0 60.0 62.0 
66.0 59.0 76.0 70.0 
63.0 59.0 65.0 66.0 
61.0 60.0 61.0 63.0 
62.0 60.0 60.0 62.0 
66.0 60.0 76.0 71.0 
63.0 58.0 64.0 65.0 
61.0 60.0 61.0 62.0 
61.0 60.0 60.0 62.0 
65.0 60.0 76.0 72.0 
63.0 59.0 64.0 64.0 
62.0 59.0 61.0 63.0 
61.0 60.0 61.0 62.0 
66.0 59.0 76.0 72.0 
63.0 58.0 65.0 65.0 
61.0 60.0 61.0 61.0 
61.0 60.0 61.0 61.0 
65.0 60.0 77.0 72.0 
63.0 59.0 64.0 65.0 
61.0 60.0 61.0 63.0 
61.0 60.0 60.0 61.0 
66.0 60.0 77.0 72.0 
64.0 58.0 65.0 65.0 
62.0 59.0 60.0 63.0 
61.0 60.0 61.0 62.0 
65.0 59.0 77.0 72.0 
63.0 60.0 64.0 64.0 
61.0 60.0 61.0 63.0 
61.0 61.0 60.0 62.0 
66.0 60.0 77.0 72.0 
63.0 59.0 65.0 64.0 
62.0 60.0 60.0 63.0 
62.0 61.0 61.0 62.0 
65.0 59.0 77.0 72.0 
62.0 60.0 65.0 65.0 
62.0 59.0 61.0 62.0 
61.0 61.0 60.0 61.0 
65.0 60.0 77.0 72.0 
64.0 59.0 64.0 65.0 
62.0 59.0 61.0 63.0 
62.0 61.0 61.0 62.0 
66.0 60.0 77.0 73.0 
64.0 59.0 65.0 65.0 
61.0 59.0 61.0 62.0 
62.0 59.0 61.0 61.0 
65.0 61.0 77.0 71.0 
63.0 60.0 64.0 64.0 
62.0 60.0 62.0 62.0 
62.0 60.0 60.0 62.0 
65.0 61.0 77.0 72.0 
64.0 58.0 65.0 65.0 
62.0 59.0 62.0 63.0 
60.0 60.0 61.0 61.0 
68.0 60.0 78.0 72.0 
62.0 60.0 64.0 65.0 
61.0 60.0 62.0 63.0 
62.0 61.0 60.0 61.0 
69.0 60.0 79.0 73.0 
63.0 60.0 65.0 65.0 
62.0 60.0 62.0 63.0 
62.0 60.0 60.0 61.0 
70.0 60.0 80.0 73.0 
63.0 58.0 65.0 64.0 
62.0 59.0 62.0 62.0 
61.0 61.0 61.0 61.0 
68.0 60.0 79.0 72.0 
63.0 59.0 65.0 65.0 
61.0 60.0 61.0 62.0 
62.0 59.0 61.0 62.0 
68.0 60.0 79.0 73.0 
62.0 59.0 65.0 64.0 
63.0 59.0 62.0 62.0 
61.0 61.0 60.0 61.0 
67.0 59.0 79.0 72.0 
63.0 58.0 64.0 65.0 
62.0 59.0 62.0 63.0 
61.0 60.0 60.0 62.0 
67.0 60.0 78.0 73.0 
63.0 59.0 65.0 65.0 
62.0 60.0 62.0 63.0 
61.0 60.0 61.0 61.0 
69.0 60.0 77.0 71.0 
63.0 60.0 65.0 66.0 
62.0 59.0 62.0 62.0 
62.0 62.0 61.0 61.0 
68.0 60.0 78.0 72.0 
63.0 59.0 65.0 65.0 
62.0 59.0 62.0 63.0 
62.0 60.0 61.0 61.0 
68.0 60.0 78.0 72.0 
62.0 59.0 65.0 65.0 
62.0 60.0 62.0 63.0 
61.0 60.0 62.0 62.0 
69.0 60.0 78.0 72.0 
63.0 59.0 64.0 65.0 
61.0 60.0 63.0 63.0 
61.0 60.0 60.0 61.0 
68.0 60.0 78.0 72.0 
62.0 59.0 65.0 65.0 
62.0 60.0 62.0 62.0 
59.0 60.0 60.0 62.0 
66.0 59.0 79.0 72.0 
63.0 58.0 65.0 65.0 
62.0 59.0 61.0 63.0 
61.0 60.0 60.0 62.0 
69.0 60.0 77.0 72.0 
62.0 59.0 64.0 65.0 
62.0 59.0 62.0 63.0 
61.0 60.0 61.0 62.0 
69.0 60.0 77.0 72.0 
63.0 59.0 65.0 65.0 
62.0 61.0 61.0 62.0 
61.0 61.0 61.0 62.0 
68.0 59.0 77.0 72.0 
63.0 59.0 64.0 65.0 
62.0 60.0 62.0 64.0 
62.0 60.0 60.0 61.0 
67.0 60.0 79.0 72.0 
62.0 59.0 64.0 64.0 
62.0 60.0 61.0 64.0 
61.0 60.0 60.0 61.0 
66.0 60.0 78.0 72.0 
63.0 57.0 65.0 65.0 
62.0 59.0 61.0 62.0 
61.0 60.0 61.0 62.0 
68.0 60.0 78.0 72.0 
63.0 59.0 63.0 65.0 
62.0 59.0 62.0 63.0 
61.0 60.0 61.0 61.0 
68.0 59.0 77.0 72.0 
62.0 59.0 64.0 64.0 
62.0 60.0 62.0 64.0 
62.0 60.0 60.0 61.0 
65.0 59.0 78.0 72.0 
63.0 58.0 64.0 64.0 
63.0 58.0 61.0 63.0 
62.0 59.0 61.0 61.0 
68.0 59.0 78.0 72.0 
63.0 59.0 65.0 65.0 
62.0 59.0 62.0 64.0 
61.0 60.0 61.0 61.0 
69.0 60.0 78.0 73.0 
63.0 59.0 64.0 65.0 
62.0 60.0 62.0 63.0 
61.0 59.0 61.0 61.0 
69.0 59.0 78.0 73.0 
63.0 60.0 64.0 64.0 
62.0 60.0 61.0 62.0 
61.0 60.0 61.0 61.0 
69.0 60.0 77.0 72.0 
62.0 59.0 65.0 64.0 
60.0 60.0 62.0 63.0 
64.0 60.0 61.0 61.0 
67.0 59.0 77.0 72.0 
63.0 59.0 64.0 65.0 
62.0 60.0 61.0 63.0 
62.0 60.0 61.0 62.0 
68.0 59.0 77.0 72.0 
62.0 59.0 64.0 63.0 
62.0 60.0 62.0 63.0 
63.0 61.0 60.0 63.0 
66.0 60.0 79.0 72.0 
62.0 59.0 64.0 64.0 
62.0 59.0 61.0 63.0 
62.0 61.0 62.0 62.0 
68.0 60.0 78.0 73.0 
61.0 59.0 62.0 63.0 
62.0 60.0 61.0 63.0 
62.0 60.0 62.0 62.0 
66.0 60.0 78.0 72.0 
62.0 59.0 64.0 63.0 
62.0 59.0 62.0 62.0 
61.0 61.0 62.0 62.0 
66.0 60.0 78.0 74.0 
63.0 58.0 64.0 64.0 
62.0 59.0 61.0 62.0 
62.0 60.0 61.0 62.0 
69.0 59.0 80.0 71.0 
62.0 59.0 62.0 65.0 
61.0 60.0 62.0 63.0 
62.0 60.0 61.0 61.0 
67.0 60.0 78.0 73.0 
63.0 58.0 64.0 65.0 
61.0 60.0 61.0 63.0 
62.0 59.0 61.0 61.0 
66.0 60.0 78.0 72.0 
63.0 59.0 64.0 64.0 
62.0 59.0 61.0 63.0 
62.0 60.0 61.0 62.0 
66.0 60.0 77.0 72.0 
61.0 59.0 64.0 63.0 
62.0 58.0 60.0 63.0 
61.0 60.0 60.0 62.0 
66.0 59.0 79.0 73.0 
61.0 59.0 63.0 64.0 
62.0 59.0 61.0 63.0 
62.0 61.0 61.0 62.0 
66.0 59.0 78.0 72.0 
63.0 59.0 64.0 63.0 
62.0 57.0 61.0 63.0 
61.0 60.0 61.0 61.0 
68.0 60.0 78.0 72.0 
63.0 59.0 64.0 65.0 
62.0 59.0 60.0 63.0 
62.0 60.0 62.0 61.0 
67.0 60.0 78.0 73.0 
62.0 59.0 64.0 64.0 
62.0 59.0 60.0 63.0 
61.0 61.0 61.0 61.0 
68.0 58.0 79.0 72.0 
62.0 59.0 64.0 64.0 
61.0 61.0 62.0 62.0 
62.0 60.0 60.0 61.0 
68.0 61.0 78.0 73.0 
62.0 59.0 65.0 64.0 
61.0 60.0 61.0 63.0 
61.0 61.0 61.0 62.0 
70.0 60.0 79.0 73.0 
62.0 59.0 64.0 65.0 
62.0 59.0 62.0 62.0 
62.0 59.0 61.0 61.0 
71.0 60.0 79.0 73.0 
63.0 59.0 65.0 64.0 
61.0 59.0 61.0 63.0 
62.0 60.0 61.0 62.0 
74.0 60.0 79.0 73.0 
62.0 59.0 64.0 64.0 
60.0 59.0 61.0 62.0 
62.0 60.0 60.0 61.0 
75.0 60.0 79.0 73.0 
63.0 59.0 63.0 63.0 
61.0 59.0 61.0 62.0 
62.0 60.0 60.0 61.0 
73.0 60.0 79.0 73.0 
62.0 59.0 64.0 64.0 
62.0 60.0 61.0 63.0 
61.0 60.0 61.0 62.0 
76.0 59.0 79.0 73.0 
62.0 59.0 64.0 64.0 
61.0 61.0 62.0 63.0 
61.0 60.0 61.0 63.0 
77.0 59.0 79.0 75.0 
62.0 59.0 64.0 64.0 
61.0 59.0 62.0 62.0 
62.0 60.0 61.0 62.0 
76.0 60.0 77.0 73.0 
62.0 59.0 64.0 64.0 
62.0 60.0 62.0 62.0 
62.0 59.0 61.0 62.0 
79.0 61.0 78.0 74.0 
62.0 59.0 64.0 63.0 
62.0 59.0 62.0 62.0 
61.0 60.0 61.0 61.0 
80.0 59.0 79.0 73.0 
61.0 59.0 64.0 64.0 
61.0 59.0 61.0 62.0 
62.0 61.0 61.0 61.0 
81.0 61.0 78.0 74.0 
63.0 59.0 64.0 64.0 
61.0 59.0 61.0 63.0 
61.0 60.0 61.0 62.0 
82.0 60.0 78.0 74.0 
61.0 59.0 63.0 65.0 
61.0 59.0 61.0 62.0 
61.0 60.0 61.0 62.0 
81.0 60.0 79.0 74.0 
62.0 59.0 64.0 64.0 
61.0 59.0 61.0 63.0 
61.0 59.0 61.0 62.0 
82.0 60.0 79.0 75.0 
62.0 58.0 65.0 64.0 
61.0 60.0 61.0 62.0 
62.0 60.0 62.0 62.0 
81.0 60.0 79.0 74.0 
62.0 59.0 64.0 65.0 
61.0 60.0 61.0 64.0 
62.0 60.0 61.0 63.0 
81.0 60.0 79.0 74.0 
62.0 58.0 64.0 64.0 
62.0 60.0 61.0 63.0 
61.0 60.0 62.0 61.0 
80.0 60.0 79.0 74.0 
62.0 57.0 64.0 65.0 
61.0 59.0 61.0 62.0 
61.0 59.0 62.0 62.0 
82.0 59.0 79.0 75.0 
61.0 59.0 63.0 64.0 
61.0 61.0 60.0 63.0 
62.0 59.0 61.0 62.0 
81.0 60.0 79.0 74.0 
62.0 59.0 64.0 64.0 
61.0 59.0 61.0 63.0 
62.0 60.0 62.0 62.0 
77.0 61.0 78.0 73.0 
62.0 59.0 64.0 64.0 
61.0 60.0 62.0 62.0 
62.0 59.0 62.0 63.0 
77.0 61.0 80.0 74.0 
61.0 60.0 63.0 63.0 
61.0 59.0 62.0 62.0 
61.0 60.0 61.0 61.0 
77.0 60.0 79.0 74.0 
61.0 59.0 64.0 63.0 
62.0 60.0 62.0 63.0 
61.0 60.0 61.0 62.0 
78.0 61.0 79.0 73.0 
62.0 59.0 62.0 64.0 
61.0 60.0 61.0 62.0 
61.0 60.0 62.0 62.0 
78.0 60.0 79.0 74.0 
62.0 59.0 64.0 63.0 
61.0 60.0 62.0 63.0 
62.0 60.0 61.0 62.0 
76.0 60.0 78.0 74.0 
62.0 59.0 64.0 64.0 
62.0 60.0 62.0 62.0 
61.0 60.0 61.0 62.0 
78.0 60.0 80.0 75.0 
62.0 59.0 64.0 65.0 
61.0 58.0 61.0 62.0 
62.0 60.0 61.0 62.0 
77.0 60.0 79.0 74.0 
62.0 60.0 64.0 64.0 
61.0 59.0 61.0 62.0 
61.0 61.0 61.0 62.0 
76.0 59.0 79.0 74.0 
62.0 59.0 63.0 64.0 
61.0 61.0 62.0 62.0 
62.0 60.0 60.0 62.0 
77.0 60.0 79.0 75.0 
62.0 58.0 64.0 64.0 
61.0 59.0 62.0 62.0 
61.0 60.0 61.0 62.0 
77.0 60.0 80.0 74.0 
62.0 60.0 64.0 64.0 
61.0 60.0 61.0 62.0 
62.0 60.0 62.0 62.0 
76.0 60.0 80.0 74.0 
61.0 56.0 63.0 64.0 
61.0 59.0 61.0 62.0 
62.0 60.0 61.0 62.0 
77.0 60.0 80.0 74.0 
62.0 58.0 64.0 63.0 
61.0 59.0 62.0 63.0 
61.0 60.0 61.0 62.0 
76.0 60.0 80.0 74.0 
61.0 59.0 62.0 63.0 
61.0 58.0 62.0 62.0 
62.0 60.0 61.0 61.0 
76.0 60.0 80.0 74.0 
62.0 59.0 63.0 63.0 
62.0 59.0 62.0 62.0 
61.0 60.0 61.0 61.0 
76.0 60.0 80.0 74.0 
62.0 58.0 63.0 64.0 
61.0 59.0 62.0 62.0 
61.0 60.0 61.0 62.0 
76.0 60.0 80.0 74.0 
61.0 59.0 63.0 64.0 
61.0 59.0 62.0 63.0 
62.0 60.0 61.0 62.0 
77.0 60.0 81.0 75.0 
62.0 60.0 63.0 63.0 
61.0 59.0 62.0 62.0 
61.0 59.0 61.0 62.0 
76.0 59.0 81.0 74.0 
61.0 59.0 63.0 64.0 
62.0 59.0 60.0 63.0 
61.0 60.0 61.0 62.0 
76.0 60.0 81.0 76.0 
61.0 58.0 63.0 63.0 
61.0 59.0 62.0 62.0 
61.0 60.0 61.0 62.0 
75.0 59.0 80.0 74.0 
62.0 59.0 63.0 63.0 
61.0 59.0 61.0 61.0 
62.0 60.0 60.0 62.0 
73.0 59.0 81.0 73.0 
61.0 59.0 63.0 64.0 
62.0 59.0 60.0 62.0 
63.0 60.0 61.0 62.0 
73.0 59.0 82.0 75.0 
62.0 59.0 63.0 63.0 
62.0 60.0 61.0 62.0 
61.0 61.0 60.0 62.0 
69.0 60.0 82.0 73.0 
62.0 59.0 63.0 63.0 
61.0 59.0 62.0 63.0 
61.0 61.0 60.0 62.0 
73.0 60.0 81.0 74.0 
62.0 59.0 64.0 63.0 
61.0 60.0 61.0 63.0 
61.0 60.0 60.0 61.0 
69.0 60.0 82.0 75.0 
62.0 58.0 63.0 64.0 
62.0 59.0 62.0 62.0 
62.0 60.0 60.0 61.0 
71.0 60.0 81.0 73.0 
61.0 59.0 63.0 63.0 
62.0 60.0 62.0 63.0 
61.0 59.0 61.0 62.0 
71.0 60.0 82.0 75.0 
60.0 59.0 63.0 63.0 
62.0 59.0 61.0 62.0 
62.0 60.0 61.0 62.0 
66.0 59.0 81.0 74.0 
61.0 59.0 62.0 63.0 
61.0 59.0 60.0 63.0 
62.0 60.0 62.0 62.0 
66.0 59.0 81.0 73.0 
63.0 59.0 63.0 63.0 
61.0 59.0 60.0 63.0 
62.0 60.0 61.0 62.0 
65.0 60.0 80.0 75.0 
61.0 59.0 63.0 63.0 
62.0 61.0 61.0 61.0 
61.0 60.0 61.0 62.0 
66.0 60.0 81.0 74.0 
62.0 59.0 63.0 63.0 
61.0 60.0 61.0 62.0 
62.0 60.0 60.0 62.0 
66.0 60.0 81.0 74.0 
61.0 60.0 64.0 63.0 
61.0 61.0 60.0 63.0 
61.0 59.0 61.0 62.0 
67.0 60.0 80.0 73.0 
61.0 59.0 62.0 63.0 
61.0 60.0 61.0 62.0 
61.0 60.0 62.0 62.0 
67.0 60.0 80.0 74.0 
61.0 59.0 64.0 64.0 
61.0 60.0 62.0 63.0 
63.0 60.0 61.0 63.0 
67.0 60.0 81.0 74.0 
62.0 58.0 63.0 63.0 
62.0 59.0 62.0 62.0 
62.0 60.0 63.0 62.0 
67.0 59.0 79.0 74.0 
62.0 58.0 65.0 64.0 
61.0 58.0 61.0 62.0 
62.0 60.0 60.0 62.0 
70.0 59.0 79.0 74.0 
61.0 59.0 65.0 64.0 
62.0 60.0 61.0 63.0 
61.0 60.0 61.0 62.0 
73.0 60.0 79.0 74.0 
62.0 59.0 62.0 64.0 
62.0 60.0 61.0 62.0 
62.0 60.0 62.0 61.0 
73.0 59.0 78.0 73.0 
61.0 58.0 64.0 63.0 
61.0 60.0 60.0 62.0 
61.0 59.0 61.0 62.0 
68.0 60.0 78.0 73.0 
62.0 59.0 63.0 64.0 
61.0 60.0 61.0 62.0 
62.0 61.0 62.0 62.0 
69.0 61.0 79.0 73.0 
62.0 58.0 65.0 64.0 
62.0 60.0 61.0 62.0 
62.0 59.0 61.0 62.0 
68.0 59.0 80.0 73.0 
60.0 59.0 63.0 63.0 
61.0 60.0 61.0 62.0 
62.0 60.0 62.0 62.0 
68.0 59.0 80.0 72.0 
61.0 58.0 63.0 64.0 
62.0 59.0 63.0 62.0 
63.0 60.0 61.0 61.0 
66.0 60.0 80.0 73.0 
63.0 59.0 63.0 64.0 
62.0 61.0 61.0 62.0 
62.0 61.0 62.0 62.0 
66.0 60.0 79.0 72.0 
61.0 59.0 63.0 64.0 
62.0 59.0 61.0 63.0 
63.0 60.0 61.0 62.0 
66.0 60.0 79.0 73.0 
62.0 59.0 64.0 64.0 
61.0 60.0 61.0 62.0 
62.0 60.0 61.0 62.0 
66.0 60.0 78.0 73.0 
62.0 59.0 64.0 64.0 
62.0 59.0 61.0 62.0 
61.0 60.0 61.0 62.0 
66.0 61.0 78.0 73.0 
62.0 59.0 64.0 65.0 
60.0 59.0 62.0 62.0 
62.0 60.0 61.0 62.0 
70.0 60.0 78.0 73.0 
61.0 60.0 64.0 65.0 
61.0 60.0 60.0 62.0 
62.0 59.0 61.0 62.0 
75.0 60.0 80.0 73.0 
61.0 58.0 64.0 63.0 
61.0 60.0 61.0 62.0 
60.0 61.0 61.0 62.0 
66.0 60.0 79.0 72.0 
62.0 59.0 64.0 64.0 
61.0 60.0 61.0 62.0 
62.0 61.0 60.0 62.0 
67.0 58.0 79.0 72.0 
61.0 59.0 64.0 63.0 
61.0 60.0 61.0 63.0 
62.0 60.0 60.0 63.0 
67.0 60.0 79.0 73.0 
61.0 59.0 65.0 64.0 
61.0 59.0 61.0 62.0 
63.0 60.0 62.0 63.0 
67.0 60.0 79.0 73.0 
63.0 59.0 64.0 64.0 
62.0 60.0 61.0 63.0 
62.0 61.0 61.0 62.0 
66.0 60.0 79.0 73.0 
62.0 59.0 64.0 65.0 
62.0 59.0 61.0 62.0 
62.0 60.0 62.0 62.0 
66.0 59.0 79.0 73.0 
62.0 59.0 64.0 64.0 
61.0 60.0 61.0 63.0 
61.0 60.0 61.0 62.0 
67.0 60.0 81.0 74.0 
63.0 58.0 64.0 64.0 
62.0 58.0 62.0 62.0 
62.0 60.0 62.0 63.0 
67.0 59.0 82.0 73.0 
63.0 59.0 63.0 65.0 
61.0 60.0 62.0 63.0 
62.0 60.0 62.0 62.0 
67.0 59.0 80.0 74.0 
63.0 59.0 65.0 64.0 
62.0 59.0 61.0 62.0 
62.0 60.0 61.0 62.0 
67.0 59.0 81.0 73.0 
63.0 59.0 64.0 65.0 
61.0 59.0 60.0 63.0 
61.0 61.0 60.0 61.0 
66.0 59.0 80.0 73.0 
62.0 59.0 64.0 66.0 
62.0 59.0 60.0 63.0 
62.0 60.0 60.0 63.0 
66.0 60.0 79.0 71.0 
62.0 58.0 65.0 65.0 
62.0 60.0 61.0 63.0 
61.0 60.0 61.0 62.0 
66.0 59.0 78.0 72.0 
63.0 60.0 64.0 65.0 
60.0 59.0 61.0 62.0 
61.0 60.0 61.0 62.0 
69.0 60.0 78.0 73.0 
62.0 59.0 65.0 64.0 
62.0 59.0 62.0 62.0 
62.0 60.0 61.0 62.0 
72.0 59.0 77.0 74.0 
62.0 59.0 64.0 65.0 
61.0 59.0 62.0 62.0 
62.0 59.0 61.0 62.0 
72.0 59.0 79.0 73.0 
62.0 59.0 64.0 65.0 
62.0 61.0 61.0 61.0 
62.0 60.0 61.0 62.0 
72.0 60.0 80.0 73.0 
61.0 60.0 63.0 64.0 
61.0 59.0 61.0 63.0 
61.0 62.0 59.0 63.0 
68.0 60.0 79.0 72.0 
61.0 59.0 64.0 65.0 
61.0 61.0 62.0 63.0 
62.0 60.0 61.0 62.0 
67.0 59.0 79.0 71.0 
62.0 59.0 64.0 64.0 
61.0 60.0 61.0 62.0 
62.0 60.0 60.0 62.0 
66.0 60.0 79.0 73.0 
61.0 59.0 65.0 64.0 
62.0 60.0 61.0 62.0 
62.0 59.0 63.0 61.0 
65.0 60.0 79.0 72.0 
61.0 59.0 64.0 64.0 
61.0 60.0 61.0 63.0 
61.0 60.0 61.0 62.0 
66.0 59.0 79.0 72.0 
63.0 59.0 64.0 65.0 
60.0 60.0 61.0 62.0 
62.0 61.0 61.0 62.0 
66.0 60.0 79.0 72.0 
62.0 59.0 64.0 64.0 
61.0 59.0 61.0 62.0 
61.0 60.0 62.0 63.0 
66.0 60.0 79.0 73.0 
61.0 58.0 65.0 65.0 
62.0 60.0 61.0 62.0 
62.0 60.0 61.0 62.0 
66.0 59.0 79.0 72.0 
62.0 59.0 64.0 65.0 
61.0 59.0 61.0 63.0 
62.0 60.0 61.0 62.0 
67.0 59.0 79.0 72.0 
63.0 59.0 65.0 64.0 
60.0 60.0 61.0 63.0 
62.0 60.0 60.0 61.0 
67.0 59.0 79.0 72.0 
61.0 59.0 65.0 65.0 
61.0 59.0 61.0 63.0 
62.0 60.0 62.0 62.0 
67.0 60.0 80.0 74.0 
62.0 58.0 65.0 65.0 
61.0 59.0 61.0 63.0 
62.0 60.0 62.0 62.0 
67.0 59.0 80.0 74.0 
61.0 59.0 64.0 65.0 
61.0 60.0 61.0 62.0 
62.0 60.0 61.0 61.0 
67.0 60.0 79.0 74.0 
62.0 59.0 64.0 65.0 
60.0 60.0 61.0 62.0 
62.0 60.0 61.0 62.0 
66.0 61.0 80.0 74.0 
62.0 59.0 64.0 64.0 
61.0 59.0 61.0 62.0 
62.0 59.0 61.0 63.0 
66.0 60.0 81.0 74.0 
62.0 59.0 64.0 65.0 
62.0 60.0 61.0 62.0 
62.0 59.0 61.0 62.0 
67.0 60.0 80.0 74.0 
62.0 59.0 65.0 65.0 
62.0 59.0 60.0 62.0 
61.0 61.0 61.0 61.0 
66.0 60.0 80.0 73.0 
61.0 59.0 64.0 65.0 
62.0 58.0 61.0 62.0 
61.0 60.0 61.0 62.0 
66.0 61.0 81.0 74.0 
62.0 59.0 65.0 64.0 
61.0 60.0 61.0 62.0 
63.0 59.0 61.0 62.0 
67.0 60.0 80.0 74.0 
62.0 59.0 65.0 65.0 
62.0 59.0 62.0 62.0 
62.0 60.0 61.0 61.0 
66.0 60.0 80.0 72.0 
63.0 58.0 65.0 65.0 
62.0 59.0 61.0 62.0 
61.0 61.0 61.0 62.0 
66.0 59.0 80.0 72.0 
62.0 59.0 64.0 65.0 
61.0 60.0 61.0 62.0 
62.0 60.0 60.0 62.0 
66.0 59.0 80.0 73.0 
62.0 59.0 64.0 65.0 
62.0 59.0 62.0 62.0 
61.0 60.0 61.0 62.0 
66.0 60.0 79.0 73.0 
62.0 59.0 65.0 65.0 
61.0 59.0 61.0 62.0 
61.0 60.0 61.0 62.0 
66.0 59.0 79.0 73.0 
63.0 59.0 64.0 65.0 
62.0 59.0 61.0 62.0 
61.0 60.0 62.0 62.0 
66.0 60.0 79.0 73.0 
61.0 57.0 65.0 65.0 
62.0 59.0 61.0 62.0 
62.0 60.0 62.0 61.0 
66.0 60.0 79.0 73.0 
61.0 58.0 64.0 65.0 
61.0 60.0 62.0 63.0 
62.0 60.0 61.0 62.0 
66.0 58.0 79.0 73.0 
63.0 59.0 65.0 64.0 
61.0 58.0 61.0 62.0 
62.0 61.0 60.0 61.0 
66.0 60.0 79.0 71.0 
62.0 59.0 65.0 64.0 
62.0 61.0 61.0 63.0 
62.0 61.0 60.0 62.0 
66.0 59.0 80.0 72.0 
62.0 59.0 64.0 65.0 
61.0 60.0 61.0 63.0 
63.0 60.0 60.0 61.0 
66.0 61.0 79.0 73.0 
62.0 59.0 65.0 65.0 
61.0 59.0 61.0 62.0 
62.0 59.0 61.0 62.0 
65.0 60.0 78.0 73.0 
61.0 59.0 64.0 65.0 
62.0 59.0 62.0 63.0 
62.0 60.0 61.0 62.0 
66.0 60.0 76.0 72.0 
61.0 59.0 65.0 65.0 
61.0 60.0 61.0 63.0 
62.0 60.0 61.0 63.0 
66.0 60.0 78.0 73.0 
63.0 59.0 65.0 65.0 
61.0 60.0 61.0 63.0 
63.0 61.0 62.0 62.0 
66.0 60.0 79.0 71.0 
61.0 59.0 64.0 65.0 
62.0 59.0 61.0 63.0 
62.0 60.0 61.0 62.0 
65.0 60.0 77.0 72.0 
61.0 59.0 64.0 65.0 
61.0 59.0 61.0 63.0 
61.0 60.0 61.0 62.0 
65.0 60.0 78.0 72.0 
62.0 58.0 65.0 65.0 
61.0 59.0 61.0 63.0 
61.0 60.0 61.0 63.0 
65.0 60.0 79.0 70.0 
62.0 59.0 64.0 65.0 
62.0 59.0 61.0 63.0 
62.0 60.0 62.0 62.0 
65.0 60.0 79.0 71.0 
62.0 58.0 64.0 65.0 
62.0 59.0 61.0 63.0 
62.0 60.0 60.0 61.0 
66.0 60.0 80.0 72.0 
61.0 59.0 64.0 65.0 
62.0 61.0 61.0 63.0 
62.0 61.0 61.0 62.0 
65.0 59.0 80.0 72.0 
61.0 59.0 65.0 65.0 
61.0 59.0 61.0 62.0 
60.0 60.0 61.0 62.0 
65.0 59.0 80.0 72.0 
60.0 58.0 66.0 65.0 
62.0 59.0 62.0 62.0 
62.0 59.0 61.0 62.0 
66.0 60.0 80.0 72.0 
60.0 59.0 64.0 65.0 
61.0 59.0 60.0 62.0 
62.0 60.0 61.0 61.0 
66.0 60.0 80.0 72.0 
61.0 58.0 65.0 65.0 
63.0 59.0 61.0 63.0 
63.0 60.0 61.0 63.0 
66.0 60.0 80.0 72.0 
62.0 59.0 65.0 64.0 
61.0 60.0 61.0 63.0 
62.0 59.0 61.0 63.0 
66.0 60.0 80.0 71.0 
62.0 61.0 64.0 65.0 
61.0 59.0 61.0 63.0 
61.0 61.0 60.0 62.0 
66.0 60.0 80.0 72.0 
60.0 59.0 64.0 64.0 
61.0 60.0 61.0 63.0 
62.0 60.0 61.0 62.0 
67.0 60.0 80.0 72.0 
64.0 58.0 64.0 64.0 
61.0 59.0 62.0 63.0 
62.0 59.0 61.0 62.0 
65.0 59.0 80.0 72.0 
60.0 59.0 65.0 65.0 
62.0 60.0 61.0 62.0 
61.0 59.0 60.0 62.0 
66.0 59.0 79.0 72.0 
63.0 59.0 64.0 64.0 
61.0 59.0 61.0 62.0 
61.0 60.0 61.0 62.0 
64.0 60.0 80.0 71.0 
62.0 58.0 63.0 65.0 
62.0 60.0 61.0 63.0 
61.0 60.0 61.0 62.0 
67.0 60.0 80.0 70.0 
61.0 59.0 65.0 65.0 
61.0 59.0 60.0 62.0 
61.0 60.0 61.0 62.0 
66.0 60.0 80.0 71.0 
61.0 59.0 65.0 65.0 
61.0 59.0 62.0 63.0 
62.0 59.0 61.0 61.0 
66.0 58.0 81.0 72.0 
62.0 59.0 64.0 65.0 
61.0 60.0 60.0 63.0 
61.0 60.0 61.0 61.0 
66.0 60.0 80.0 72.0 
62.0 59.0 64.0 64.0 
61.0 60.0 61.0 63.0 
62.0 60.0 61.0 62.0 
66.0 59.0 81.0 73.0 
61.0 59.0 66.0 65.0 
62.0 59.0 61.0 63.0 
62.0 61.0 60.0 62.0 
65.0 59.0 80.0 72.0 
61.0 59.0 65.0 65.0 
61.0 59.0 61.0 63.0 
62.0 60.0 60.0 62.0 
66.0 60.0 80.0 72.0 
62.0 60.0 64.0 64.0 
61.0 60.0 61.0 63.0 
62.0 60.0 61.0 62.0 
66.0 60.0 80.0 73.0 
61.0 58.0 66.0 65.0 
62.0 59.0 61.0 62.0 
61.0 61.0 61.0 62.0 
66.0 60.0 80.0 72.0 
62.0 59.0 65.0 64.0 
62.0 59.0 62.0 63.0 
61.0 60.0 61.0 64.0 
65.0 60.0 79.0 72.0 
60.0 58.0 65.0 65.0 
61.0 59.0 60.0 63.0 
62.0 59.0 63.0 62.0 
66.0 60.0 81.0 72.0 
60.0 59.0 65.0 65.0 
62.0 60.0 61.0 63.0 
62.0 59.0 62.0 62.0 
66.0 59.0 80.0 72.0 
61.0 59.0 65.0 65.0 
62.0 58.0 60.0 62.0 
62.0 60.0 61.0 62.0 
67.0 60.0 79.0 73.0 
61.0 58.0 65.0 64.0 
61.0 61.0 61.0 63.0 
61.0 60.0 61.0 62.0 
66.0 60.0 79.0 71.0 
62.0 60.0 64.0 65.0 
62.0 59.0 61.0 63.0 
62.0 60.0 62.0 62.0 
65.0 61.0 79.0 71.0 
61.0 59.0 64.0 65.0 
61.0 59.0 62.0 63.0 
61.0 60.0 61.0 62.0 
66.0 59.0 80.0 72.0 
64.0 59.0 65.0 64.0 
62.0 60.0 61.0 63.0 
60.0 59.0 61.0 62.0 
67.0 60.0 79.0 72.0 
63.0 58.0 64.0 64.0 
61.0 59.0 60.0 62.0 
62.0 60.0 61.0 62.0 
65.0 60.0 78.0 71.0 
63.0 59.0 63.0 63.0 
61.0 59.0 63.0 62.0 
61.0 61.0 61.0 62.0 
65.0 60.0 77.0 71.0 
62.0 59.0 65.0 63.0 
61.0 60.0 59.0 63.0 
61.0 60.0 61.0 62.0 
65.0 60.0 77.0 72.0 
63.0 58.0 64.0 64.0 
61.0 59.0 61.0 63.0 
62.0 60.0 61.0 62.0 
65.0 59.0 78.0 71.0 
62.0 58.0 64.0 64.0 
63.0 60.0 61.0 62.0 
62.0 61.0 62.0 63.0 
65.0 59.0 79.0 71.0 
62.0 58.0 64.0 65.0 
62.0 61.0 61.0 63.0 
61.0 60.0 61.0 62.0 
65.0 60.0 79.0 70.0 
61.0 59.0 63.0 65.0 
61.0 59.0 61.0 63.0 
61.0 60.0 62.0 62.0 
65.0 60.0 79.0 71.0 
62.0 59.0 63.0 64.0 
61.0 59.0 61.0 63.0 
62.0 60.0 60.0 62.0 
65.0 61.0 78.0 71.0 
61.0 59.0 63.0 64.0 
62.0 60.0 62.0 63.0 
63.0 61.0 61.0 61.0 
65.0 60.0 78.0 72.0 
62.0 58.0 64.0 63.0 
61.0 60.0 61.0 62.0 
63.0 59.0 61.0 62.0 
65.0 60.0 79.0 71.0 
62.0 59.0 63.0 65.0 
61.0 60.0 61.0 63.0 
62.0 60.0 62.0 62.0 
65.0 59.0 78.0 71.0 
62.0 59.0 65.0 65.0 
61.0 59.0 61.0 63.0 
62.0 59.0 60.0 62.0 
66.0 59.0 78.0 71.0 
61.0 58.0 63.0 63.0 
61.0 59.0 61.0 63.0 
62.0 60.0 62.0 62.0 
65.0 59.0 78.0 70.0 
62.0 59.0 65.0 65.0 
60.0 59.0 62.0 63.0 
62.0 60.0 61.0 62.0 
65.0 59.0 78.0 71.0 
62.0 59.0 62.0 65.0 
61.0 59.0 60.0 63.0 
62.0 60.0 61.0 62.0 
66.0 62.0 77.0 71.0 
62.0 59.0 65.0 65.0 
62.0 59.0 61.0 63.0 
61.0 60.0 61.0 62.0 
66.0 60.0 77.0 71.0 
61.0 59.0 62.0 63.0 
62.0 59.0 61.0 63.0 
62.0 60.0 61.0 62.0 
65.0 59.0 76.0 71.0 
62.0 58.0 64.0 63.0 
62.0 57.0 61.0 63.0 
61.0 60.0 61.0 63.0 
65.0 60.0 78.0 71.0 
62.0 59.0 64.0 63.0 
61.0 59.0 62.0 63.0 
62.0 60.0 61.0 62.0 
65.0 60.0 78.0 71.0 
63.0 59.0 63.0 63.0 
61.0 60.0 61.0 63.0 
62.0 60.0 59.0 62.0 
65.0 61.0 77.0 71.0 
61.0 60.0 63.0 64.0 
61.0 60.0 62.0 63.0 
62.0 60.0 62.0 61.0 
65.0 60.0 78.0 71.0 
62.0 58.0 64.0 64.0 
61.0 59.0 62.0 62.0 
62.0 61.0 61.0 62.0 
65.0 59.0 78.0 71.0 
63.0 58.0 65.0 65.0 
62.0 59.0 61.0 62.0 
62.0 60.0 60.0 62.0 
65.0 60.0 78.0 71.0 
62.0 59.0 64.0 64.0 
62.0 59.0 62.0 63.0 
61.0 60.0 61.0 62.0 
65.0 59.0 78.0 71.0 
62.0 60.0 63.0 65.0 
62.0 60.0 61.0 63.0 
62.0 60.0 61.0 61.0 
66.0 59.0 77.0 71.0 
62.0 59.0 67.0 65.0 
61.0 59.0 61.0 62.0 
62.0 60.0 61.0 62.0 
65.0 60.0 78.0 71.0 
62.0 59.0 66.0 65.0 
62.0 59.0 62.0 62.0 
62.0 60.0 61.0 62.0 
65.0 60.0 78.0 71.0 
63.0 58.0 65.0 64.0 
62.0 59.0 62.0 63.0 
62.0 60.0 61.0 62.0 
66.0 59.0 78.0 71.0 
61.0 59.0 66.0 64.0 
61.0 58.0 61.0 63.0 
61.0 60.0 61.0 62.0 
64.0 59.0 77.0 71.0 
61.0 58.0 65.0 65.0 
62.0 60.0 61.0 63.0 
62.0 60.0 60.0 62.0 
65.0 59.0 77.0 71.0 
61.0 58.0 66.0 65.0 
62.0 59.0 62.0 62.0 
61.0 60.0 61.0 62.0 
65.0 60.0 78.0 71.0 
60.0 59.0 65.0 65.0 
61.0 60.0 61.0 63.0 
62.0 61.0 61.0 62.0 
65.0 60.0 78.0 70.0 
62.0 59.0 65.0 65.0 
62.0 59.0 62.0 62.0 
61.0 60.0 61.0 62.0 
65.0 59.0 78.0 71.0 
60.0 59.0 65.0 65.0 
62.0 60.0 62.0 63.0 
61.0 61.0 60.0 62.0 
65.0 61.0 78.0 71.0 
61.0 59.0 65.0 65.0 
62.0 59.0 61.0 63.0 
62.0 60.0 60.0 62.0 
65.0 61.0 78.0 70.0 
63.0 59.0 65.0 65.0 
61.0 59.0 62.0 63.0 
62.0 61.0 61.0 62.0 
65.0 60.0 78.0 71.0 
61.0 60.0 65.0 65.0 
62.0 60.0 61.0 62.0 
62.0 61.0 61.0 62.0 
65.0 60.0 77.0 71.0 
63.0 59.0 65.0 65.0 
62.0 59.0 62.0 62.0 
62.0 60.0 62.0 62.0 
65.0 59.0 78.0 71.0 
60.0 59.0 64.0 66.0 
62.0 60.0 61.0 62.0 
62.0 60.0 61.0 62.0 
64.0 60.0 78.0 71.0 
60.0 59.0 65.0 65.0 
62.0 59.0 60.0 63.0 
61.0 61.0 61.0 62.0 
65.0 60.0 78.0 71.0 
60.0 59.0 64.0 64.0 
62.0 59.0 61.0 63.0 
62.0 60.0 62.0 62.0 
65.0 59.0 79.0 71.0 
62.0 59.0 63.0 63.0 
61.0 60.0 61.0 62.0 
61.0 60.0 60.0 61.0 
66.0 60.0 78.0 71.0 
61.0 59.0 63.0 64.0 
61.0 60.0 61.0 63.0 
62.0 60.0 61.0 61.0 
65.0 59.0 77.0 71.0 
63.0 58.0 63.0 63.0 
62.0 61.0 61.0 62.0 
61.0 60.0 60.0 62.0 
65.0 60.0 77.0 70.0 
61.0 59.0 64.0 63.0 
61.0 60.0 61.0 63.0 
62.0 60.0 61.0 62.0 
65.0 59.0 77.0 71.0 
62.0 59.0 63.0 64.0 
60.0 59.0 61.0 62.0 
62.0 60.0 61.0 62.0 
65.0 59.0 77.0 70.0 
62.0 60.0 63.0 64.0 
62.0 60.0 61.0 63.0 
62.0 59.0 60.0 62.0 
65.0 59.0 77.0 70.0 
62.0 59.0 64.0 65.0 
61.0 59.0 61.0 63.0 
60.0 60.0 61.0 62.0 
65.0 59.0 78.0 71.0 
62.0 60.0 64.0 64.0 
62.0 59.0 60.0 63.0 
62.0 59.0 60.0 62.0 
65.0 59.0 77.0 71.0 
63.0 58.0 64.0 64.0 
61.0 60.0 61.0 63.0 
61.0 60.0 61.0 62.0 
65.0 59.0 78.0 71.0 
62.0 59.0 63.0 64.0 
61.0 59.0 61.0 63.0 
62.0 60.0 61.0 62.0 
65.0 60.0 78.0 72.0 
62.0 58.0 63.0 64.0 
62.0 59.0 61.0 62.0 
61.0 60.0 60.0 62.0 
64.0 60.0 78.0 71.0 
62.0 59.0 64.0 64.0 
61.0 61.0 61.0 62.0 
62.0 60.0 62.0 62.0 
66.0 60.0 78.0 71.0 
62.0 58.0 63.0 63.0 
62.0 60.0 61.0 63.0 
62.0 60.0 60.0 63.0 
64.0 60.0 79.0 70.0 
62.0 59.0 64.0 63.0 
62.0 59.0 61.0 63.0 
62.0 60.0 61.0 62.0 
65.0 59.0 78.0 71.0 
61.0 59.0 63.0 62.0 
62.0 60.0 60.0 63.0 
62.0 60.0 61.0 62.0 
65.0 60.0 77.0 71.0 
61.0 58.0 63.0 63.0 
62.0 60.0 61.0 63.0 
61.0 61.0 60.0 62.0 
65.0 59.0 78.0 71.0 
62.0 59.0 63.0 62.0 
61.0 59.0 61.0 63.0 
62.0 60.0 61.0 61.0 
65.0 60.0 78.0 71.0 
61.0 59.0 63.0 63.0 
61.0 60.0 62.0 63.0 
62.0 60.0 61.0 62.0 
65.0 60.0 78.0 71.0 
61.0 59.0 62.0 63.0 
61.0 59.0 61.0 63.0 
62.0 60.0 61.0 62.0 
64.0 60.0 78.0 71.0 
62.0 59.0 62.0 62.0 
61.0 60.0 61.0 62.0 
61.0 60.0 61.0 62.0 
64.0 60.0 77.0 73.0 
62.0 59.0 61.0 63.0 
61.0 59.0 61.0 63.0 
62.0 61.0 61.0 62.0 
66.0 60.0 78.0 71.0 
61.0 60.0 62.0 64.0 
62.0 59.0 61.0 63.0 
61.0 61.0 61.0 62.0 
65.0 59.0 78.0 72.0 
61.0 59.0 63.0 63.0 
61.0 60.0 61.0 62.0 
61.0 60.0 61.0 61.0 
65.0 60.0 78.0 71.0 
61.0 59.0 62.0 63.0 
62.0 59.0 60.0 62.0 
61.0 61.0 61.0 62.0 
65.0 60.0 78.0 71.0 
61.0 59.0 63.0 64.0 
61.0 60.0 62.0 63.0 
61.0 61.0 61.0 62.0 
65.0 60.0 78.0 71.0 
62.0 58.0 62.0 62.0 
62.0 59.0 61.0 63.0 
62.0 60.0 61.0 62.0 
65.0 59.0 78.0 71.0 
61.0 59.0 63.0 63.0 
62.0 59.0 62.0 62.0 
61.0 61.0 60.0 62.0 
64.0 60.0 79.0 72.0 
61.0 58.0 63.0 64.0 
62.0 60.0 61.0 63.0 
62.0 59.0 61.0 61.0 
65.0 59.0 78.0 71.0 
61.0 58.0 63.0 63.0 
62.0 59.0 61.0 63.0 
62.0 61.0 62.0 61.0 
66.0 60.0 77.0 71.0 
61.0 59.0 63.0 63.0 
61.0 59.0 61.0 63.0 
62.0 60.0 61.0 61.0 
65.0 59.0 79.0 70.0 
61.0 59.0 62.0 63.0 
61.0 60.0 61.0 63.0 
62.0 62.0 61.0 62.0 
67.0 59.0 78.0 71.0 
63.0 58.0 63.0 64.0 
62.0 58.0 61.0 63.0 
62.0 60.0 61.0 62.0 
65.0 59.0 78.0 70.0 
62.0 58.0 63.0 63.0 
61.0 59.0 61.0 63.0 
62.0 60.0 61.0 61.0 
66.0 60.0 77.0 71.0 
62.0 59.0 63.0 64.0 
62.0 59.0 61.0 62.0 
61.0 60.0 62.0 62.0 
66.0 61.0 77.0 71.0 
62.0 58.0 63.0 64.0 
60.0 59.0 61.0 63.0 
61.0 60.0 60.0 62.0 
65.0 59.0 78.0 72.0 
62.0 59.0 63.0 64.0 
61.0 60.0 62.0 62.0 
62.0 59.0 61.0 63.0 
67.0 60.0 78.0 71.0 
62.0 59.0 64.0 63.0 
61.0 59.0 60.0 63.0 
62.0 59.0 62.0 62.0 
68.0 60.0 77.0 72.0 
62.0 59.0 64.0 64.0 
61.0 61.0 62.0 63.0 
62.0 60.0 61.0 62.0 
68.0 59.0 78.0 72.0 
62.0 59.0 64.0 63.0 
61.0 59.0 61.0 63.0 
61.0 59.0 61.0 62.0 
70.0 60.0 78.0 72.0 
62.0 59.0 62.0 65.0 
62.0 60.0 63.0 63.0 
62.0 60.0 61.0 61.0 
71.0 60.0 77.0 72.0 
62.0 59.0 64.0 64.0 
61.0 60.0 61.0 62.0 
61.0 60.0 61.0 62.0 
67.0 60.0 78.0 72.0 
63.0 59.0 63.0 64.0 
62.0 59.0 61.0 63.0 
62.0 60.0 61.0 61.0 
68.0 60.0 78.0 72.0 
63.0 59.0 64.0 64.0 
61.0 60.0 61.0 63.0 
62.0 60.0 61.0 62.0 
68.0 60.0 78.0 72.0 
62.0 59.0 63.0 64.0 
61.0 60.0 61.0 64.0 
61.0 60.0 61.0 61.0 
68.0 59.0 79.0 71.0 
61.0 59.0 64.0 65.0 
62.0 59.0 62.0 62.0 
61.0 61.0 60.0 63.0 
69.0 60.0 78.0 71.0 
62.0 58.0 63.0 64.0 
61.0 60.0 62.0 63.0 
62.0 60.0 62.0 62.0 
69.0 60.0 78.0 73.0 
61.0 59.0 63.0 63.0 
62.0 59.0 62.0 63.0 
62.0 60.0 61.0 62.0 
68.0 59.0 79.0 72.0 
61.0 60.0 63.0 63.0 
62.0 60.0 62.0 62.0 
62.0 61.0 61.0 62.0 
68.0 60.0 78.0 72.0 
63.0 58.0 63.0 63.0 
61.0 60.0 62.0 63.0 
61.0 60.0 62.0 62.0 
66.0 60.0 78.0 71.0 
62.0 59.0 63.0 65.0 
61.0 59.0 61.0 63.0 
62.0 60.0 62.0 62.0 
66.0 60.0 79.0 72.0 
61.0 59.0 63.0 64.0 
61.0 60.0 61.0 63.0 
62.0 60.0 61.0 62.0 
65.0 60.0 78.0 71.0 
61.0 58.0 63.0 64.0 
62.0 60.0 61.0 63.0 
61.0 60.0 61.0 62.0 
66.0 59.0 77.0 72.0 
62.0 59.0 63.0 63.0 
61.0 59.0 61.0 63.0 
62.0 59.0 61.0 61.0 
67.0 59.0 76.0 72.0 
61.0 59.0 63.0 64.0 
61.0 60.0 61.0 63.0 
61.0 61.0 60.0 63.0 
65.0 61.0 78.0 72.0 
62.0 59.0 63.0 64.0 
61.0 59.0 61.0 62.0 
61.0 60.0 61.0 61.0 
66.0 59.0 78.0 72.0 
62.0 60.0 64.0 63.0 
62.0 60.0 61.0 63.0 
62.0 60.0 60.0 61.0 
67.0 59.0 80.0 71.0 
61.0 59.0 62.0 64.0 
62.0 60.0 61.0 64.0 
63.0 60.0 61.0 61.0 
66.0 59.0 79.0 72.0 
62.0 59.0 63.0 63.0 
62.0 61.0 61.0 63.0 
61.0 59.0 60.0 62.0 
65.0 60.0 77.0 72.0 
61.0 60.0 64.0 63.0 
63.0 59.0 61.0 63.0 
62.0 60.0 61.0 61.0 
66.0 60.0 78.0 72.0 
62.0 59.0 62.0 64.0 
61.0 61.0 61.0 62.0 
61.0 60.0 61.0 62.0 
66.0 60.0 78.0 72.0 
62.0 59.0 63.0 63.0 
62.0 60.0 61.0 62.0 
61.0 60.0 61.0 62.0 
67.0 59.0 78.0 71.0 
61.0 58.0 63.0 62.0 
60.0 60.0 60.0 64.0 
62.0 60.0 61.0 61.0 
67.0 61.0 79.0 71.0 
63.0 59.0 65.0 64.0 
61.0 60.0 60.0 63.0 
61.0 59.0 61.0 62.0 
67.0 60.0 78.0 71.0 
63.0 59.0 63.0 64.0 
61.0 60.0 61.0 63.0 
61.0 61.0 61.0 62.0 
66.0 60.0 78.0 71.0 
61.0 59.0 62.0 64.0 
61.0 59.0 61.0 63.0 
62.0 59.0 61.0 61.0 
67.0 62.0 77.0 72.0 
62.0 58.0 64.0 64.0 
62.0 59.0 61.0 63.0 
62.0 61.0 62.0 62.0 
68.0 60.0 76.0 71.0 
63.0 59.0 64.0 65.0 
61.0 60.0 61.0 63.0 
62.0 59.0 61.0 62.0 
68.0 59.0 77.0 71.0 
62.0 58.0 64.0 64.0 
62.0 60.0 62.0 62.0 
61.0 61.0 61.0 63.0 
67.0 59.0 78.0 71.0 
62.0 58.0 64.0 63.0 
62.0 58.0 61.0 62.0 
62.0 61.0 59.0 62.0 
70.0 60.0 77.0 72.0 
62.0 59.0 63.0 64.0 
62.0 59.0 62.0 63.0 
61.0 61.0 61.0 62.0 
69.0 60.0 77.0 71.0 
63.0 59.0 63.0 64.0 
62.0 59.0 62.0 63.0 
61.0 61.0 61.0 61.0 
68.0 59.0 77.0 71.0 
60.0 59.0 63.0 64.0 
61.0 60.0 60.0 62.0 
62.0 60.0 61.0 62.0 
65.0 59.0 78.0 71.0 
61.0 58.0 64.0 64.0 
62.0 60.0 61.0 63.0 
61.0 59.0 60.0 61.0 
65.0 59.0 77.0 71.0 
62.0 59.0 64.0 63.0 
61.0 58.0 62.0 62.0 
62.0 60.0 60.0 62.0 
65.0 60.0 78.0 71.0 
62.0 59.0 62.0 63.0 
61.0 60.0 61.0 63.0 
62.0 60.0 61.0 61.0 
66.0 59.0 78.0 72.0 
61.0 59.0 63.0 63.0 
61.0 60.0 61.0 63.0 
62.0 60.0 61.0 64.0 
67.0 60.0 78.0 72.0 
62.0 59.0 62.0 63.0 
61.0 60.0 61.0 63.0 
61.0 59.0 62.0 61.0 
66.0 59.0 78.0 72.0 
60.0 59.0 62.0 63.0 
62.0 59.0 61.0 62.0 
62.0 60.0 60.0 61.0 
71.0 59.0 78.0 72.0 
61.0 59.0 62.0 63.0 
61.0 60.0 61.0 62.0 
62.0 60.0 60.0 62.0 
71.0 59.0 77.0 72.0 
62.0 59.0 63.0 63.0 
62.0 59.0 62.0 62.0 
62.0 60.0 60.0 63.0 
72.0 60.0 78.0 73.0 
62.0 59.0 63.0 63.0 
61.0 59.0 61.0 63.0 
61.0 60.0 61.0 62.0 
70.0 60.0 78.0 71.0 
61.0 59.0 63.0 63.0 
61.0 59.0 61.0 63.0 
61.0 61.0 62.0 62.0 
73.0 60.0 77.0 72.0 
61.0 59.0 63.0 63.0 
62.0 59.0 62.0 62.0 
61.0 61.0 63.0 62.0 
72.0 60.0 77.0 71.0 
61.0 58.0 63.0 64.0 
60.0 60.0 61.0 63.0 
62.0 59.0 60.0 61.0 
70.0 60.0 77.0 72.0 
61.0 59.0 63.0 64.0 
61.0 59.0 62.0 63.0 
62.0 60.0 61.0 61.0 
72.0 60.0 76.0 72.0 
62.0 59.0 64.0 65.0 
60.0 59.0 61.0 63.0 
61.0 60.0 61.0 62.0 
72.0 59.0 77.0 71.0 
60.0 58.0 64.0 64.0 
62.0 60.0 61.0 63.0 
62.0 59.0 61.0 62.0 
72.0 60.0 77.0 72.0 
63.0 58.0 63.0 64.0 
62.0 59.0 62.0 62.0 
62.0 60.0 61.0 62.0 
72.0 59.0 76.0 72.0 
62.0 59.0 63.0 64.0 
61.0 59.0 61.0 63.0 
62.0 60.0 61.0 62.0 
73.0 60.0 77.0 72.0 
63.0 60.0 64.0 63.0 
61.0 59.0 60.0 63.0 
62.0 60.0 61.0 62.0 
74.0 60.0 76.0 72.0 
62.0 58.0 62.0 63.0 
63.0 59.0 61.0 62.0 
61.0 61.0 60.0 62.0 
74.0 59.0 78.0 72.0 
62.0 58.0 63.0 64.0 
61.0 60.0 61.0 63.0 
62.0 60.0 61.0 62.0 
74.0 59.0 77.0 72.0 
61.0 59.0 63.0 65.0 
62.0 59.0 61.0 63.0 
62.0 60.0 61.0 63.0 
74.0 60.0 77.0 72.0 
62.0 59.0 64.0 65.0 
61.0 59.0 61.0 63.0 
62.0 60.0 62.0 62.0 
75.0 60.0 77.0 72.0 
62.0 60.0 64.0 64.0 
62.0 60.0 61.0 63.0 
62.0 58.0 62.0 62.0 
75.0 60.0 77.0 72.0 
62.0 58.0 64.0 63.0 
62.0 59.0 61.0 62.0 
61.0 61.0 61.0 62.0 
75.0 60.0 77.0 73.0 
62.0 59.0 64.0 64.0 
61.0 60.0 61.0 63.0 
62.0 60.0 63.0 61.0 
75.0 59.0 77.0 73.0 
61.0 60.0 63.0 63.0 
62.0 59.0 61.0 62.0 
62.0 60.0 60.0 62.0 
76.0 60.0 76.0 73.0 
62.0 58.0 65.0 64.0 
61.0 60.0 63.0 63.0 
61.0 61.0 61.0 62.0 
74.0 59.0 77.0 73.0 
62.0 59.0 62.0 64.0 
61.0 60.0 61.0 62.0 
62.0 60.0 63.0 62.0 
73.0 59.0 77.0 72.0 
62.0 59.0 63.0 63.0 
61.0 59.0 62.0 62.0 
61.0 60.0 61.0 62.0 
76.0 60.0 78.0 73.0 
62.0 58.0 64.0 64.0 
61.0 60.0 62.0 62.0 
61.0 60.0 61.0 62.0 
73.0 60.0 77.0 72.0 
61.0 59.0 63.0 65.0 
61.0 60.0 60.0 63.0 
62.0 60.0 62.0 63.0 
75.0 60.0 77.0 73.0 
63.0 58.0 63.0 63.0 
60.0 59.0 61.0 64.0 
61.0 60.0 61.0 62.0 
73.0 60.0 77.0 72.0 
62.0 59.0 63.0 64.0 
61.0 60.0 60.0 63.0 
61.0 60.0 61.0 62.0 
74.0 59.0 77.0 73.0 
62.0 60.0 64.0 64.0 
61.0 59.0 62.0 63.0 
61.0 60.0 61.0 62.0 
73.0 59.0 77.0 73.0 
61.0 59.0 63.0 63.0 
60.0 60.0 61.0 63.0 
61.0 60.0 62.0 61.0 
74.0 59.0 77.0 73.0 
61.0 59.0 63.0 63.0 
61.0 59.0 61.0 62.0 
61.0 61.0 61.0 62.0 
73.0 59.0 78.0 72.0 
61.0 59.0 63.0 64.0 
60.0 60.0 61.0 63.0 
62.0 60.0 60.0 62.0 
70.0 60.0 77.0 72.0 
62.0 58.0 64.0 65.0 
61.0 59.0 62.0 62.0 
61.0 60.0 62.0 63.0 
72.0 59.0 77.0 72.0 
62.0 58.0 66.0 64.0 
62.0 59.0 61.0 63.0 
62.0 60.0 62.0 62.0 
71.0 60.0 77.0 72.0 
61.0 59.0 65.0 65.0 
62.0 59.0 62.0 63.0 
61.0 60.0 61.0 62.0 
70.0 60.0 76.0 74.0 
62.0 59.0 65.0 65.0 
61.0 60.0 62.0 63.0 
61.0 61.0 61.0 62.0 
70.0 60.0 77.0 72.0 
62.0 59.0 64.0 65.0 
61.0 59.0 62.0 62.0 
62.0 61.0 62.0 62.0 
71.0 60.0 78.0 72.0 
62.0 59.0 64.0 65.0 
61.0 59.0 62.0 62.0 
62.0 60.0 61.0 62.0 
71.0 60.0 78.0 72.0 
62.0 58.0 64.0 64.0 
61.0 61.0 61.0 63.0 
62.0 60.0 61.0 62.0 
71.0 60.0 77.0 74.0 
62.0 59.0 64.0 65.0 
61.0 60.0 61.0 63.0 
62.0 60.0 62.0 62.0 
70.0 60.0 77.0 72.0 
62.0 60.0 64.0 64.0 
61.0 60.0 61.0 63.0 
61.0 61.0 61.0 62.0 
71.0 60.0 77.0 73.0 
60.0 59.0 64.0 64.0 
61.0 60.0 61.0 62.0 
62.0 60.0 61.0 62.0 
72.0 60.0 78.0 74.0 
61.0 59.0 63.0 64.0 
62.0 59.0 60.0 63.0 
62.0 60.0 61.0 62.0 
72.0 59.0 78.0 72.0 
62.0 59.0 64.0 65.0 
62.0 60.0 61.0 63.0 
61.0 61.0 60.0 62.0 
71.0 60.0 77.0 73.0 
60.0 59.0 63.0 64.0 
61.0 58.0 61.0 63.0 
62.0 61.0 61.0 62.0 
71.0 59.0 78.0 72.0 
61.0 59.0 63.0 64.0 
62.0 59.0 61.0 64.0 
62.0 60.0 61.0 62.0 
73.0 58.0 76.0 72.0 
60.0 59.0 64.0 63.0 
61.0 60.0 61.0 63.0 
62.0 60.0 62.0 62.0 
72.0 59.0 76.0 73.0 
61.0 58.0 64.0 64.0 
62.0 58.0 61.0 62.0 
61.0 60.0 61.0 61.0 
71.0 61.0 76.0 72.0 
62.0 59.0 64.0 64.0 
61.0 59.0 61.0 63.0 
62.0 60.0 61.0 62.0 
71.0 60.0 77.0 72.0 
61.0 58.0 63.0 64.0 
61.0 60.0 62.0 63.0 
62.0 61.0 62.0 62.0 
72.0 59.0 76.0 73.0 
61.0 59.0 62.0 64.0 
61.0 59.0 62.0 62.0 
62.0 59.0 61.0 62.0 
71.0 59.0 78.0 73.0 
61.0 59.0 64.0 64.0 
62.0 60.0 61.0 62.0 
62.0 60.0 60.0 62.0 
71.0 59.0 77.0 72.0 
61.0 59.0 63.0 64.0 
61.0 59.0 62.0 63.0 
62.0 60.0 61.0 62.0 
69.0 60.0 77.0 72.0 
61.0 59.0 64.0 65.0 
62.0 60.0 62.0 62.0 
62.0 60.0 61.0 62.0 
71.0 58.0 77.0 73.0 
62.0 58.0 64.0 64.0 
61.0 60.0 61.0 62.0 
62.0 58.0 59.0 63.0 
68.0 60.0 76.0 72.0 
62.0 59.0 63.0 64.0 
61.0 60.0 61.0 62.0 
62.0 60.0 61.0 62.0 
68.0 59.0 77.0 72.0 
62.0 59.0 63.0 63.0 
62.0 58.0 61.0 63.0 
62.0 60.0 61.0 63.0 
71.0 59.0 77.0 72.0 
62.0 59.0 62.0 63.0 
61.0 59.0 61.0 63.0 
62.0 60.0 61.0 62.0 
70.0 59.0 76.0 73.0 
62.0 58.0 64.0 65.0 
61.0 59.0 61.0 63.0 
62.0 59.0 61.0 62.0 
69.0 60.0 77.0 72.0 
61.0 59.0 64.0 65.0 
62.0 60.0 62.0 62.0 
62.0 59.0 61.0 61.0 
69.0 58.0 77.0 72.0 
60.0 58.0 64.0 64.0 
61.0 61.0 63.0 63.0 
62.0 60.0 61.0 62.0 
68.0 60.0 77.0 72.0 
62.0 59.0 64.0 65.0 
61.0 60.0 62.0 64.0 
62.0 60.0 62.0 61.0 
69.0 59.0 77.0 72.0 
60.0 59.0 63.0 65.0 
62.0 59.0 61.0 62.0 
61.0 60.0 61.0 62.0 
69.0 60.0 77.0 72.0 
61.0 58.0 64.0 65.0 
61.0 59.0 62.0 63.0 
62.0 60.0 62.0 61.0 
69.0 59.0 77.0 72.0 
61.0 59.0 66.0 66.0 
62.0 59.0 61.0 63.0 
62.0 60.0 61.0 63.0 
69.0 60.0 77.0 72.0 
61.0 59.0 64.0 65.0 
62.0 59.0 62.0 63.0 
62.0 61.0 62.0 62.0 
69.0 60.0 77.0 72.0 
61.0 59.0 63.0 65.0 
62.0 59.0 63.0 63.0 
61.0 60.0 61.0 62.0 
71.0 59.0 77.0 72.0 
60.0 59.0 65.0 65.0 
62.0 59.0 62.0 62.0 
61.0 60.0 62.0 62.0 
72.0 59.0 79.0 73.0 
60.0 59.0 63.0 64.0 
61.0 60.0 62.0 63.0 
62.0 59.0 61.0 61.0 
72.0 59.0 77.0 73.0 
61.0 59.0 64.0 64.0 
61.0 60.0 61.0 63.0 
62.0 60.0 61.0 62.0 
73.0 61.0 77.0 73.0 
60.0 59.0 64.0 64.0 
61.0 59.0 61.0 63.0 
61.0 60.0 61.0 62.0 
72.0 60.0 77.0 73.0 
61.0 59.0 63.0 64.0 
61.0 59.0 62.0 62.0 
61.0 60.0 61.0 62.0 
72.0 60.0 77.0 72.0 
60.0 59.0 64.0 64.0 
62.0 59.0 61.0 62.0 
61.0 60.0 61.0 62.0 
71.0 60.0 76.0 73.0 
61.0 59.0 61.0 64.0 
62.0 59.0 61.0 63.0 
61.0 60.0 61.0 62.0 
72.0 60.0 76.0 72.0 
61.0 58.0 63.0 63.0 
62.0 59.0 61.0 63.0 
61.0 60.0 61.0 62.0 
72.0 60.0 75.0 73.0 
62.0 59.0 63.0 64.0 
61.0 60.0 60.0 63.0 
62.0 60.0 62.0 62.0 
74.0 60.0 76.0 73.0 
61.0 58.0 63.0 64.0 
63.0 59.0 62.0 63.0 
61.0 60.0 61.0 62.0 
72.0 61.0 76.0 72.0 
61.0 59.0 62.0 64.0 
62.0 59.0 61.0 63.0 
62.0 59.0 61.0 62.0 
73.0 60.0 76.0 72.0 
61.0 59.0 63.0 64.0 
62.0 60.0 62.0 63.0 
63.0 60.0 61.0 62.0 
73.0 60.0 76.0 73.0 
63.0 59.0 63.0 64.0 
61.0 59.0 61.0 63.0 
62.0 60.0 61.0 61.0 
75.0 60.0 76.0 73.0 
60.0 60.0 62.0 63.0 
61.0 59.0 60.0 62.0 
62.0 60.0 61.0 62.0 
74.0 60.0 76.0 73.0 
61.0 59.0 63.0 64.0 
62.0 59.0 60.0 61.0 
62.0 60.0 62.0 62.0 
73.0 61.0 76.0 73.0 
61.0 59.0 61.0 64.0 
61.0 59.0 61.0 62.0 
62.0 60.0 61.0 63.0 
73.0 60.0 76.0 73.0 
62.0 59.0 64.0 66.0 
61.0 59.0 61.0 62.0 
62.0 60.0 60.0 62.0 
74.0 59.0 77.0 72.0 
61.0 58.0 65.0 65.0 
61.0 60.0 61.0 63.0 
61.0 60.0 61.0 63.0 
74.0 60.0 76.0 72.0 
62.0 59.0 64.0 65.0 
61.0 58.0 61.0 63.0 
61.0 60.0 61.0 61.0 
75.0 60.0 78.0 72.0 
63.0 58.0 64.0 64.0 
61.0 59.0 61.0 63.0 
62.0 60.0 61.0 61.0 
74.0 59.0 77.0 72.0 
62.0 59.0 63.0 65.0 
61.0 59.0 60.0 63.0 
61.0 60.0 61.0 61.0 
73.0 59.0 76.0 72.0 
62.0 58.0 64.0 65.0 
61.0 59.0 61.0 63.0 
61.0 60.0 60.0 62.0 
68.0 59.0 77.0 72.0 
61.0 60.0 64.0 65.0 
62.0 59.0 61.0 63.0 
62.0 59.0 61.0 62.0 
69.0 60.0 77.0 72.0 
62.0 59.0 64.0 65.0 
61.0 59.0 60.0 62.0 
61.0 60.0 62.0 61.0 
68.0 59.0 77.0 72.0 
60.0 59.0 64.0 64.0 
62.0 58.0 62.0 63.0 
62.0 60.0 60.0 62.0 
68.0 59.0 76.0 72.0 
61.0 58.0 62.0 62.0 
62.0 59.0 62.0 63.0 
62.0 59.0 61.0 62.0 
69.0 59.0 77.0 72.0 
62.0 59.0 64.0 65.0 
61.0 59.0 63.0 63.0 
61.0 60.0 61.0 62.0 
69.0 60.0 76.0 72.0 
62.0 59.0 65.0 64.0 
61.0 60.0 61.0 63.0 
62.0 60.0 61.0 61.0 
68.0 60.0 76.0 72.0 
62.0 59.0 64.0 65.0 
61.0 59.0 61.0 62.0 
61.0 60.0 61.0 62.0 
68.0 59.0 76.0 71.0 
61.0 59.0 64.0 65.0 
61.0 60.0 62.0 62.0 
62.0 60.0 61.0 62.0 
68.0 60.0 77.0 72.0 
61.0 59.0 63.0 64.0 
62.0 59.0 63.0 62.0 
61.0 60.0 61.0 62.0 
68.0 59.0 75.0 72.0 
61.0 59.0 62.0 64.0 
62.0 58.0 62.0 62.0 
61.0 61.0 61.0 62.0 
68.0 60.0 77.0 73.0 
61.0 59.0 62.0 64.0 
61.0 59.0 62.0 63.0 
61.0 59.0 61.0 61.0 
68.0 60.0 75.0 73.0 
63.0 58.0 64.0 65.0 
61.0 57.0 61.0 63.0 
61.0 61.0 61.0 63.0 
68.0 60.0 76.0 72.0 
63.0 59.0 64.0 65.0 
61.0 59.0 61.0 63.0 
61.0 61.0 61.0 62.0 
68.0 58.0 75.0 72.0 
61.0 59.0 64.0 65.0 
61.0 60.0 61.0 63.0 
62.0 61.0 61.0 62.0 
70.0 60.0 77.0 72.0 
61.0 59.0 64.0 66.0 
61.0 60.0 61.0 64.0 
61.0 60.0 61.0 61.0 
69.0 59.0 78.0 72.0 
62.0 59.0 64.0 65.0 
60.0 60.0 61.0 62.0 
61.0 60.0 60.0 62.0 
70.0 60.0 77.0 72.0 
61.0 59.0 64.0 65.0 
61.0 60.0 61.0 62.0 
61.0 61.0 61.0 61.0 
67.0 60.0 76.0 72.0 
61.0 59.0 64.0 65.0 
61.0 59.0 61.0 63.0 
62.0 59.0 61.0 62.0 
68.0 59.0 77.0 71.0 
61.0 60.0 64.0 65.0 
61.0 59.0 62.0 63.0 
62.0 60.0 61.0 62.0 
68.0 60.0 77.0 72.0 
62.0 58.0 65.0 65.0 
61.0 59.0 62.0 62.0 
60.0 60.0 61.0 62.0 
68.0 60.0 78.0 72.0 
61.0 59.0 64.0 66.0 
60.0 59.0 61.0 63.0 
61.0 60.0 61.0 62.0 
66.0 59.0 78.0 71.0 
62.0 59.0 65.0 65.0 
61.0 60.0 62.0 63.0 
62.0 60.0 61.0 62.0 
68.0 60.0 77.0 72.0 
63.0 59.0 65.0 65.0 
62.0 59.0 62.0 63.0 
61.0 60.0 61.0 62.0 
65.0 60.0 77.0 72.0 
62.0 58.0 65.0 66.0 
61.0 59.0 61.0 63.0 
61.0 60.0 61.0 61.0 
66.0 60.0 77.0 72.0 
62.0 59.0 63.0 65.0 
61.0 59.0 62.0 62.0 
61.0 60.0 61.0 62.0 
67.0 60.0 76.0 72.0 
63.0 58.0 64.0 66.0 
61.0 58.0 61.0 62.0 
61.0 60.0 61.0 61.0 
67.0 60.0 77.0 71.0 
62.0 59.0 64.0 66.0 
61.0 59.0 61.0 62.0 
63.0 60.0 62.0 62.0 
67.0 60.0 76.0 72.0 
61.0 59.0 64.0 65.0 
61.0 60.0 61.0 62.0 
61.0 60.0 61.0 62.0 
68.0 60.0 77.0 71.0 
61.0 60.0 64.0 65.0 
62.0 60.0 61.0 62.0 
63.0 60.0 62.0 62.0 
68.0 59.0 77.0 73.0 
62.0 59.0 65.0 65.0 
61.0 61.0 63.0 62.0 
61.0 60.0 61.0 62.0 
69.0 60.0 75.0 73.0 
62.0 59.0 64.0 65.0 
63.0 59.0 62.0 63.0 
61.0 60.0 62.0 62.0 
70.0 60.0 76.0 73.0 
61.0 59.0 64.0 65.0 
61.0 59.0 62.0 62.0 
61.0 61.0 62.0 62.0 
70.0 59.0 78.0 73.0 
61.0 60.0 64.0 65.0 
61.0 60.0 61.0 62.0 
62.0 60.0 61.0 62.0 
70.0 60.0 78.0 72.0 
61.0 59.0 65.0 66.0 
61.0 59.0 61.0 63.0 
61.0 60.0 62.0 62.0 
71.0 60.0 76.0 73.0 
62.0 59.0 65.0 65.0 
60.0 60.0 60.0 62.0 
61.0 61.0 60.0 63.0 
72.0 60.0 77.0 72.0 
60.0 59.0 65.0 65.0 
63.0 59.0 61.0 63.0 
61.0 60.0 62.0 61.0 
70.0 60.0 77.0 73.0 
61.0 58.0 65.0 64.0 
61.0 59.0 62.0 63.0 
