85.0 59.0 74.0 72.0 
58.0 58.0 59.0 60.0 
59.0 59.0 60.0 61.0 
60.0 58.0 59.0 61.0 
84.0 58.0 75.0 71.0 
59.0 58.0 60.0 60.0 
60.0 57.0 60.0 61.0 
60.0 59.0 59.0 60.0 
84.0 58.0 76.0 71.0 
59.0 59.0 59.0 60.0 
59.0 58.0 61.0 61.0 
60.0 58.0 59.0 60.0 
85.0 58.0 76.0 71.0 
59.0 59.0 60.0 60.0 
60.0 58.0 61.0 61.0 
60.0 58.0 60.0 60.0 
85.0 58.0 76.0 72.0 
59.0 57.0 61.0 60.0 
60.0 57.0 60.0 61.0 
60.0 58.0 60.0 60.0 
84.0 58.0 76.0 72.0 
59.0 57.0 60.0 61.0 
58.0 57.0 61.0 61.0 
60.0 59.0 59.0 61.0 
86.0 59.0 76.0 73.0 
59.0 57.0 60.0 60.0 
60.0 58.0 60.0 60.0 
60.0 58.0 60.0 60.0 
85.0 59.0 76.0 72.0 
60.0 57.0 60.0 61.0 
59.0 58.0 60.0 61.0 
59.0 59.0 59.0 61.0 
85.0 58.0 77.0 72.0 
59.0 58.0 60.0 60.0 
60.0 57.0 60.0 61.0 
60.0 59.0 59.0 60.0 
85.0 59.0 76.0 72.0 
59.0 58.0 60.0 60.0 
60.0 57.0 61.0 61.0 
59.0 59.0 59.0 62.0 
87.0 59.0 77.0 73.0 
59.0 58.0 60.0 61.0 
59.0 59.0 61.0 61.0 
59.0 59.0 60.0 61.0 
89.0 58.0 77.0 74.0 
59.0 57.0 60.0 60.0 
59.0 58.0 60.0 61.0 
60.0 59.0 60.0 61.0 
87.0 59.0 77.0 73.0 
59.0 58.0 60.0 60.0 
59.0 58.0 61.0 61.0 
60.0 58.0 60.0 60.0 
87.0 58.0 76.0 73.0 
59.0 58.0 60.0 60.0 
60.0 58.0 61.0 61.0 
60.0 58.0 60.0 61.0 
87.0 59.0 77.0 72.0 
59.0 58.0 59.0 61.0 
59.0 58.0 60.0 62.0 
59.0 59.0 60.0 61.0 
87.0 59.0 76.0 72.0 
59.0 57.0 61.0 60.0 
59.0 58.0 61.0 61.0 
60.0 58.0 59.0 61.0 
89.0 58.0 77.0 72.0 
59.0 58.0 60.0 60.0 
60.0 58.0 60.0 61.0 
59.0 59.0 59.0 60.0 
89.0 59.0 76.0 72.0 
58.0 60.0 60.0 60.0 
60.0 57.0 60.0 61.0 
60.0 58.0 60.0 61.0 
89.0 58.0 76.0 72.0 
59.0 58.0 60.0 61.0 
58.0 58.0 60.0 61.0 
60.0 60.0 60.0 61.0 
89.0 59.0 76.0 73.0 
59.0 57.0 60.0 60.0 
61.0 58.0 60.0 61.0 
60.0 59.0 59.0 61.0 
89.0 58.0 77.0 72.0 
59.0 58.0 59.0 60.0 
59.0 59.0 60.0 61.0 
60.0 58.0 60.0 60.0 
89.0 58.0 76.0 72.0 
59.0 58.0 60.0 61.0 
60.0 58.0 61.0 61.0 
60.0 58.0 60.0 61.0 
89.0 58.0 76.0 73.0 
58.0 58.0 60.0 60.0 
59.0 58.0 60.0 61.0 
59.0 59.0 60.0 60.0 
89.0 58.0 77.0 73.0 
59.0 58.0 60.0 61.0 
60.0 58.0 60.0 61.0 
60.0 59.0 60.0 60.0 
89.0 59.0 78.0 73.0 
59.0 57.0 60.0 61.0 
60.0 58.0 60.0 60.0 
59.0 59.0 59.0 61.0 
89.0 58.0 76.0 72.0 
59.0 57.0 60.0 61.0 
59.0 58.0 60.0 60.0 
60.0 58.0 59.0 61.0 
89.0 58.0 77.0 72.0 
58.0 58.0 60.0 60.0 
60.0 59.0 61.0 62.0 
59.0 59.0 60.0 61.0 
89.0 60.0 76.0 74.0 
59.0 58.0 60.0 61.0 
60.0 58.0 60.0 62.0 
60.0 58.0 61.0 61.0 
88.0 59.0 77.0 74.0 
60.0 57.0 61.0 61.0 
60.0 58.0 60.0 61.0 
60.0 59.0 60.0 60.0 
89.0 59.0 78.0 72.0 
59.0 58.0 60.0 61.0 
59.0 59.0 60.0 61.0 
60.0 59.0 60.0 60.0 
88.0 59.0 77.0 73.0 
59.0 58.0 59.0 61.0 
60.0 59.0 60.0 61.0 
59.0 59.0 59.0 61.0 
88.0 59.0 77.0 73.0 
59.0 58.0 61.0 61.0 
59.0 58.0 60.0 61.0 
60.0 60.0 60.0 61.0 
88.0 58.0 77.0 72.0 
59.0 57.0 61.0 60.0 
59.0 58.0 60.0 61.0 
60.0 59.0 60.0 60.0 
88.0 58.0 77.0 73.0 
59.0 58.0 60.0 61.0 
59.0 59.0 60.0 62.0 
60.0 59.0 60.0 61.0 
87.0 59.0 76.0 74.0 
59.0 57.0 61.0 60.0 
59.0 58.0 61.0 61.0 
60.0 60.0 61.0 61.0 
88.0 58.0 78.0 72.0 
60.0 57.0 60.0 61.0 
59.0 59.0 60.0 62.0 
60.0 58.0 60.0 60.0 
89.0 59.0 76.0 73.0 
60.0 57.0 61.0 61.0 
59.0 58.0 60.0 61.0 
59.0 59.0 60.0 60.0 
89.0 59.0 77.0 73.0 
61.0 58.0 59.0 61.0 
59.0 58.0 60.0 61.0 
60.0 60.0 61.0 61.0 
89.0 58.0 77.0 73.0 
59.0 58.0 59.0 61.0 
59.0 59.0 60.0 61.0 
59.0 59.0 58.0 61.0 
88.0 60.0 77.0 73.0 
59.0 57.0 61.0 61.0 
59.0 59.0 60.0 61.0 
60.0 59.0 60.0 60.0 
88.0 58.0 77.0 73.0 
59.0 57.0 60.0 61.0 
60.0 58.0 60.0 62.0 
60.0 59.0 60.0 61.0 
89.0 58.0 77.0 73.0 
59.0 58.0 62.0 60.0 
60.0 58.0 60.0 62.0 
60.0 59.0 60.0 60.0 
88.0 59.0 77.0 73.0 
60.0 57.0 60.0 60.0 
60.0 58.0 60.0 61.0 
60.0 58.0 60.0 60.0 
88.0 57.0 77.0 73.0 
60.0 58.0 61.0 60.0 
59.0 58.0 60.0 61.0 
59.0 59.0 60.0 60.0 
88.0 59.0 77.0 73.0 
59.0 58.0 61.0 61.0 
60.0 57.0 61.0 61.0 
60.0 58.0 59.0 61.0 
89.0 59.0 77.0 74.0 
60.0 56.0 61.0 61.0 
60.0 58.0 61.0 62.0 
59.0 58.0 59.0 60.0 
89.0 59.0 77.0 72.0 
59.0 58.0 60.0 61.0 
59.0 58.0 61.0 61.0 
59.0 59.0 59.0 59.0 
88.0 58.0 78.0 73.0 
59.0 58.0 61.0 61.0 
59.0 59.0 59.0 62.0 
60.0 58.0 60.0 60.0 
89.0 58.0 77.0 73.0 
60.0 58.0 61.0 60.0 
59.0 58.0 61.0 61.0 
59.0 58.0 60.0 61.0 
89.0 59.0 77.0 75.0 
60.0 57.0 61.0 61.0 
60.0 58.0 60.0 62.0 
60.0 59.0 60.0 60.0 
89.0 58.0 77.0 72.0 
60.0 58.0 60.0 61.0 
60.0 59.0 61.0 62.0 
60.0 59.0 61.0 61.0 
88.0 58.0 77.0 72.0 
59.0 57.0 61.0 61.0 
60.0 58.0 60.0 62.0 
60.0 59.0 60.0 61.0 
88.0 58.0 76.0 73.0 
60.0 58.0 61.0 61.0 
60.0 59.0 60.0 62.0 
60.0 58.0 60.0 60.0 
87.0 59.0 77.0 73.0 
59.0 58.0 61.0 60.0 
61.0 59.0 61.0 61.0 
60.0 60.0 60.0 61.0 
88.0 58.0 77.0 73.0 
58.0 59.0 61.0 61.0 
61.0 59.0 59.0 61.0 
60.0 59.0 59.0 61.0 
89.0 59.0 76.0 72.0 
59.0 58.0 61.0 60.0 
60.0 58.0 61.0 61.0 
60.0 59.0 60.0 60.0 
89.0 59.0 77.0 73.0 
59.0 58.0 61.0 61.0 
59.0 58.0 60.0 61.0 
60.0 60.0 60.0 62.0 
88.0 59.0 77.0 73.0 
59.0 58.0 60.0 61.0 
60.0 57.0 60.0 62.0 
60.0 58.0 61.0 60.0 
88.0 59.0 77.0 74.0 
59.0 59.0 61.0 61.0 
60.0 59.0 61.0 62.0 
61.0 59.0 60.0 62.0 
89.0 59.0 77.0 72.0 
60.0 58.0 61.0 60.0 
60.0 59.0 60.0 62.0 
60.0 60.0 60.0 60.0 
88.0 59.0 77.0 72.0 
59.0 58.0 61.0 61.0 
60.0 58.0 61.0 61.0 
60.0 60.0 61.0 61.0 
88.0 59.0 77.0 73.0 
59.0 57.0 61.0 60.0 
60.0 57.0 60.0 62.0 
60.0 59.0 60.0 61.0 
89.0 59.0 76.0 72.0 
59.0 58.0 60.0 61.0 
60.0 58.0 60.0 61.0 
60.0 59.0 60.0 61.0 
89.0 59.0 77.0 72.0 
57.0 58.0 61.0 61.0 
60.0 58.0 61.0 62.0 
61.0 59.0 60.0 61.0 
89.0 59.0 76.0 72.0 
59.0 58.0 61.0 61.0 
58.0 58.0 60.0 61.0 
60.0 59.0 61.0 61.0 
89.0 59.0 76.0 73.0 
59.0 58.0 61.0 61.0 
60.0 58.0 61.0 62.0 
60.0 59.0 60.0 61.0 
89.0 59.0 77.0 72.0 
60.0 58.0 61.0 63.0 
60.0 59.0 60.0 62.0 
61.0 59.0 60.0 60.0 
89.0 58.0 77.0 72.0 
59.0 59.0 61.0 61.0 
60.0 58.0 61.0 61.0 
60.0 58.0 60.0 61.0 
89.0 59.0 77.0 72.0 
60.0 57.0 61.0 61.0 
60.0 57.0 61.0 61.0 
60.0 60.0 60.0 61.0 
89.0 58.0 78.0 73.0 
59.0 58.0 62.0 61.0 
60.0 59.0 60.0 62.0 
59.0 60.0 60.0 62.0 
89.0 59.0 77.0 72.0 
59.0 59.0 62.0 61.0 
59.0 60.0 60.0 62.0 
60.0 59.0 60.0 61.0 
90.0 59.0 77.0 73.0 
59.0 58.0 61.0 61.0 
60.0 60.0 60.0 62.0 
60.0 59.0 60.0 60.0 
89.0 59.0 77.0 72.0 
60.0 59.0 61.0 62.0 
60.0 58.0 61.0 61.0 
59.0 59.0 60.0 61.0 
90.0 60.0 77.0 72.0 
59.0 58.0 61.0 62.0 
59.0 58.0 61.0 61.0 
61.0 59.0 60.0 61.0 
90.0 60.0 77.0 72.0 
60.0 58.0 60.0 61.0 
59.0 59.0 60.0 62.0 
60.0 59.0 60.0 60.0 
89.0 59.0 77.0 73.0 
60.0 58.0 61.0 61.0 
61.0 58.0 61.0 62.0 
60.0 60.0 60.0 61.0 
89.0 59.0 77.0 73.0 
60.0 58.0 61.0 61.0 
59.0 58.0 61.0 61.0 
61.0 59.0 60.0 61.0 
90.0 60.0 77.0 72.0 
59.0 58.0 61.0 61.0 
60.0 59.0 60.0 62.0 
60.0 60.0 60.0 60.0 
91.0 59.0 76.0 73.0 
61.0 58.0 61.0 61.0 
60.0 60.0 61.0 61.0 
60.0 60.0 60.0 61.0 
89.0 59.0 78.0 72.0 
59.0 58.0 61.0 61.0 
60.0 59.0 60.0 62.0 
59.0 59.0 59.0 62.0 
90.0 59.0 78.0 72.0 
60.0 59.0 61.0 61.0 
60.0 59.0 60.0 62.0 
60.0 59.0 60.0 62.0 
90.0 59.0 78.0 72.0 
60.0 58.0 61.0 61.0 
60.0 58.0 61.0 62.0 
61.0 60.0 60.0 61.0 
89.0 59.0 78.0 72.0 
59.0 57.0 61.0 61.0 
60.0 59.0 60.0 62.0 
60.0 59.0 62.0 60.0 
90.0 59.0 77.0 73.0 
59.0 58.0 60.0 62.0 
60.0 59.0 61.0 63.0 
60.0 59.0 61.0 60.0 
90.0 59.0 78.0 73.0 
60.0 58.0 61.0 60.0 
60.0 58.0 61.0 62.0 
60.0 59.0 61.0 61.0 
90.0 58.0 78.0 71.0 
60.0 58.0 59.0 61.0 
60.0 59.0 61.0 62.0 
62.0 59.0 60.0 61.0 
89.0 59.0 79.0 73.0 
60.0 59.0 60.0 62.0 
60.0 58.0 62.0 62.0 
60.0 59.0 61.0 61.0 
90.0 59.0 78.0 72.0 
58.0 57.0 61.0 60.0 
60.0 58.0 60.0 62.0 
60.0 60.0 60.0 61.0 
89.0 59.0 78.0 72.0 
59.0 58.0 60.0 62.0 
60.0 58.0 61.0 61.0 
59.0 60.0 60.0 61.0 
89.0 59.0 77.0 72.0 
60.0 58.0 61.0 61.0 
60.0 59.0 60.0 62.0 
60.0 60.0 60.0 61.0 
89.0 59.0 78.0 72.0 
60.0 58.0 60.0 61.0 
59.0 59.0 62.0 62.0 
60.0 59.0 62.0 61.0 
89.0 58.0 77.0 72.0 
59.0 58.0 61.0 61.0 
60.0 58.0 61.0 61.0 
60.0 59.0 59.0 62.0 
89.0 60.0 78.0 72.0 
59.0 58.0 60.0 60.0 
60.0 58.0 61.0 62.0 
60.0 59.0 60.0 62.0 
90.0 59.0 77.0 72.0 
59.0 58.0 61.0 61.0 
60.0 59.0 61.0 62.0 
60.0 60.0 60.0 61.0 
89.0 59.0 77.0 73.0 
60.0 58.0 60.0 61.0 
61.0 59.0 60.0 62.0 
59.0 59.0 60.0 61.0 
89.0 59.0 77.0 73.0 
59.0 58.0 60.0 60.0 
59.0 59.0 61.0 62.0 
61.0 59.0 59.0 58.0 
89.0 59.0 77.0 73.0 
60.0 58.0 62.0 60.0 
60.0 60.0 60.0 62.0 
60.0 59.0 60.0 61.0 
89.0 60.0 77.0 72.0 
60.0 58.0 61.0 61.0 
59.0 58.0 60.0 62.0 
60.0 59.0 61.0 61.0 
89.0 59.0 78.0 73.0 
59.0 58.0 62.0 61.0 
60.0 59.0 61.0 63.0 
60.0 59.0 62.0 60.0 
88.0 59.0 78.0 72.0 
59.0 58.0 62.0 60.0 
60.0 59.0 60.0 61.0 
60.0 59.0 60.0 61.0 
88.0 59.0 77.0 73.0 
60.0 57.0 62.0 61.0 
60.0 59.0 61.0 63.0 
60.0 60.0 60.0 61.0 
88.0 61.0 77.0 72.0 
60.0 58.0 61.0 61.0 
59.0 59.0 60.0 62.0 
60.0 60.0 60.0 61.0 
89.0 59.0 77.0 72.0 
59.0 58.0 62.0 60.0 
60.0 59.0 60.0 62.0 
61.0 59.0 61.0 61.0 
89.0 59.0 77.0 72.0 
60.0 59.0 61.0 61.0 
59.0 59.0 60.0 62.0 
60.0 60.0 60.0 60.0 
89.0 59.0 78.0 74.0 
61.0 59.0 61.0 61.0 
61.0 59.0 60.0 61.0 
59.0 59.0 60.0 61.0 
89.0 59.0 77.0 72.0 
60.0 57.0 61.0 61.0 
60.0 59.0 61.0 61.0 
60.0 59.0 60.0 60.0 
89.0 59.0 77.0 72.0 
60.0 58.0 61.0 62.0 
60.0 59.0 62.0 62.0 
60.0 60.0 60.0 62.0 
89.0 60.0 77.0 73.0 
60.0 59.0 61.0 61.0 
60.0 59.0 61.0 62.0 
60.0 60.0 61.0 62.0 
89.0 60.0 77.0 73.0 
59.0 58.0 61.0 61.0 
60.0 58.0 61.0 61.0 
60.0 61.0 61.0 62.0 
89.0 60.0 77.0 73.0 
60.0 59.0 61.0 62.0 
61.0 58.0 60.0 62.0 
60.0 60.0 61.0 63.0 
90.0 59.0 78.0 73.0 
60.0 58.0 61.0 60.0 
60.0 58.0 61.0 63.0 
60.0 58.0 60.0 62.0 
90.0 59.0 78.0 73.0 
59.0 59.0 62.0 62.0 
60.0 60.0 60.0 62.0 
61.0 59.0 61.0 61.0 
90.0 59.0 77.0 72.0 
60.0 58.0 61.0 63.0 
60.0 59.0 60.0 62.0 
60.0 60.0 60.0 61.0 
90.0 59.0 78.0 72.0 
60.0 59.0 61.0 62.0 
61.0 59.0 61.0 62.0 
60.0 59.0 61.0 62.0 
89.0 59.0 77.0 72.0 
61.0 58.0 62.0 62.0 
60.0 60.0 60.0 62.0 
60.0 60.0 61.0 61.0 
89.0 60.0 77.0 73.0 
61.0 58.0 63.0 62.0 
60.0 59.0 62.0 62.0 
61.0 59.0 61.0 61.0 
90.0 59.0 76.0 73.0 
60.0 59.0 62.0 62.0 
60.0 59.0 61.0 62.0 
60.0 59.0 61.0 61.0 
89.0 59.0 78.0 72.0 
59.0 59.0 61.0 62.0 
60.0 59.0 61.0 62.0 
60.0 59.0 60.0 61.0 
90.0 61.0 77.0 73.0 
59.0 59.0 62.0 63.0 
61.0 58.0 60.0 62.0 
60.0 61.0 61.0 62.0 
89.0 60.0 77.0 73.0 
60.0 58.0 61.0 62.0 
59.0 58.0 61.0 62.0 
61.0 60.0 61.0 61.0 
90.0 59.0 77.0 73.0 
60.0 58.0 63.0 62.0 
60.0 60.0 61.0 62.0 
60.0 59.0 60.0 61.0 
90.0 59.0 78.0 72.0 
60.0 59.0 62.0 62.0 
60.0 59.0 60.0 61.0 
60.0 59.0 60.0 61.0 
90.0 59.0 77.0 72.0 
60.0 58.0 62.0 62.0 
60.0 59.0 60.0 62.0 
60.0 59.0 60.0 60.0 
90.0 60.0 77.0 72.0 
61.0 58.0 62.0 62.0 
61.0 60.0 60.0 61.0 
60.0 60.0 61.0 62.0 
91.0 60.0 77.0 72.0 
60.0 59.0 62.0 62.0 
60.0 59.0 61.0 62.0 
60.0 59.0 62.0 61.0 
90.0 60.0 77.0 72.0 
60.0 58.0 62.0 62.0 
59.0 60.0 60.0 62.0 
61.0 60.0 62.0 61.0 
90.0 59.0 77.0 72.0 
60.0 59.0 62.0 62.0 
61.0 59.0 61.0 61.0 
60.0 60.0 60.0 62.0 
90.0 60.0 77.0 72.0 
61.0 59.0 62.0 62.0 
60.0 59.0 60.0 62.0 
60.0 59.0 61.0 61.0 
91.0 59.0 78.0 72.0 
60.0 58.0 62.0 62.0 
60.0 59.0 60.0 62.0 
61.0 60.0 60.0 60.0 
91.0 59.0 78.0 73.0 
60.0 58.0 62.0 62.0 
60.0 59.0 61.0 62.0 
60.0 60.0 61.0 62.0 
90.0 60.0 77.0 73.0 
61.0 58.0 63.0 62.0 
61.0 59.0 61.0 63.0 
60.0 60.0 60.0 62.0 
90.0 59.0 77.0 72.0 
60.0 59.0 62.0 62.0 
60.0 58.0 61.0 61.0 
60.0 60.0 61.0 61.0 
90.0 60.0 77.0 73.0 
60.0 59.0 62.0 61.0 
60.0 59.0 61.0 63.0 
60.0 60.0 62.0 62.0 
90.0 59.0 77.0 72.0 
59.0 59.0 62.0 62.0 
60.0 59.0 61.0 62.0 
61.0 59.0 60.0 61.0 
90.0 59.0 78.0 73.0 
61.0 58.0 62.0 62.0 
60.0 59.0 61.0 62.0 
60.0 60.0 61.0 61.0 
90.0 60.0 77.0 72.0 
61.0 58.0 63.0 62.0 
60.0 60.0 60.0 61.0 
60.0 60.0 60.0 62.0 
90.0 60.0 77.0 73.0 
59.0 59.0 62.0 62.0 
61.0 59.0 61.0 62.0 
61.0 60.0 61.0 61.0 
91.0 59.0 78.0 73.0 
60.0 59.0 61.0 62.0 
60.0 59.0 61.0 62.0 
60.0 60.0 62.0 61.0 
91.0 59.0 78.0 73.0 
61.0 58.0 61.0 62.0 
60.0 60.0 62.0 62.0 
60.0 60.0 60.0 61.0 
91.0 59.0 78.0 73.0 
60.0 59.0 62.0 62.0 
61.0 59.0 61.0 62.0 
60.0 60.0 61.0 61.0 
91.0 59.0 78.0 73.0 
60.0 58.0 62.0 63.0 
59.0 59.0 61.0 63.0 
61.0 62.0 60.0 61.0 
91.0 59.0 78.0 73.0 
60.0 59.0 62.0 62.0 
60.0 60.0 61.0 62.0 
60.0 59.0 61.0 62.0 
91.0 60.0 78.0 73.0 
60.0 58.0 62.0 62.0 
61.0 60.0 61.0 62.0 
60.0 59.0 61.0 60.0 
90.0 59.0 77.0 73.0 
60.0 58.0 62.0 62.0 
60.0 59.0 61.0 62.0 
60.0 60.0 60.0 61.0 
90.0 59.0 77.0 73.0 
60.0 59.0 62.0 62.0 
60.0 59.0 61.0 62.0 
61.0 59.0 61.0 61.0 
91.0 59.0 78.0 73.0 
60.0 59.0 62.0 62.0 
61.0 58.0 61.0 62.0 
60.0 61.0 61.0 62.0 
91.0 58.0 77.0 73.0 
60.0 57.0 62.0 63.0 
59.0 60.0 59.0 62.0 
60.0 60.0 60.0 61.0 
91.0 59.0 77.0 73.0 
58.0 59.0 62.0 62.0 
60.0 59.0 61.0 62.0 
60.0 60.0 61.0 62.0 
91.0 58.0 78.0 74.0 
60.0 58.0 62.0 62.0 
61.0 59.0 62.0 62.0 
60.0 60.0 61.0 61.0 
90.0 59.0 78.0 73.0 
61.0 59.0 63.0 64.0 
60.0 60.0 61.0 62.0 
61.0 60.0 61.0 61.0 
91.0 59.0 77.0 72.0 
61.0 57.0 62.0 63.0 
61.0 59.0 61.0 61.0 
60.0 59.0 61.0 61.0 
90.0 60.0 77.0 72.0 
60.0 59.0 62.0 63.0 
60.0 59.0 62.0 62.0 
60.0 59.0 61.0 61.0 
91.0 60.0 77.0 73.0 
60.0 59.0 62.0 62.0 
60.0 59.0 61.0 62.0 
60.0 60.0 61.0 62.0 
91.0 59.0 77.0 73.0 
61.0 59.0 62.0 62.0 
62.0 59.0 61.0 62.0 
61.0 59.0 61.0 61.0 
91.0 59.0 78.0 73.0 
60.0 59.0 61.0 63.0 
60.0 60.0 61.0 63.0 
60.0 59.0 61.0 61.0 
91.0 60.0 77.0 73.0 
60.0 59.0 62.0 63.0 
60.0 58.0 61.0 62.0 
60.0 60.0 61.0 62.0 
91.0 59.0 78.0 73.0 
61.0 59.0 62.0 62.0 
61.0 59.0 60.0 63.0 
60.0 60.0 60.0 61.0 
91.0 60.0 78.0 74.0 
60.0 59.0 62.0 62.0 
60.0 58.0 60.0 62.0 
60.0 61.0 61.0 61.0 
91.0 59.0 79.0 73.0 
60.0 59.0 62.0 63.0 
61.0 59.0 61.0 62.0 
61.0 59.0 61.0 62.0 
91.0 60.0 80.0 73.0 
60.0 59.0 62.0 64.0 
59.0 59.0 61.0 62.0 
60.0 60.0 62.0 60.0 
92.0 59.0 78.0 75.0 
61.0 58.0 63.0 62.0 
61.0 60.0 61.0 62.0 
60.0 60.0 60.0 62.0 
92.0 60.0 78.0 74.0 
60.0 58.0 61.0 62.0 
60.0 59.0 61.0 62.0 
60.0 60.0 61.0 62.0 
93.0 59.0 78.0 73.0 
60.0 59.0 62.0 63.0 
60.0 60.0 62.0 62.0 
61.0 60.0 61.0 60.0 
92.0 60.0 78.0 75.0 
60.0 58.0 64.0 62.0 
61.0 59.0 62.0 63.0 
60.0 60.0 61.0 62.0 
92.0 60.0 79.0 75.0 
60.0 59.0 62.0 62.0 
61.0 59.0 62.0 62.0 
60.0 60.0 61.0 61.0 
91.0 59.0 79.0 76.0 
59.0 59.0 62.0 63.0 
61.0 60.0 60.0 63.0 
61.0 60.0 59.0 61.0 
92.0 59.0 78.0 76.0 
61.0 59.0 62.0 62.0 
60.0 59.0 61.0 63.0 
60.0 60.0 60.0 62.0 
92.0 59.0 79.0 76.0 
60.0 59.0 62.0 62.0 
60.0 59.0 62.0 62.0 
60.0 60.0 60.0 61.0 
92.0 60.0 78.0 75.0 
61.0 59.0 62.0 62.0 
61.0 59.0 61.0 61.0 
60.0 60.0 61.0 62.0 
93.0 59.0 79.0 76.0 
59.0 58.0 63.0 63.0 
59.0 59.0 62.0 62.0 
60.0 59.0 60.0 61.0 
92.0 60.0 79.0 76.0 
61.0 58.0 63.0 63.0 
60.0 60.0 61.0 62.0 
60.0 60.0 61.0 62.0 
92.0 59.0 80.0 76.0 
60.0 58.0 62.0 63.0 
60.0 59.0 62.0 63.0 
61.0 60.0 61.0 61.0 
92.0 59.0 80.0 75.0 
60.0 59.0 62.0 63.0 
60.0 59.0 62.0 62.0 
61.0 60.0 60.0 61.0 
93.0 59.0 81.0 76.0 
61.0 59.0 61.0 62.0 
60.0 59.0 62.0 61.0 
61.0 59.0 60.0 61.0 
92.0 59.0 80.0 76.0 
60.0 59.0 62.0 62.0 
60.0 60.0 62.0 62.0 
61.0 60.0 60.0 61.0 
92.0 60.0 81.0 76.0 
61.0 59.0 62.0 63.0 
60.0 59.0 61.0 62.0 
61.0 60.0 60.0 62.0 
92.0 59.0 81.0 76.0 
60.0 59.0 62.0 62.0 
59.0 60.0 61.0 62.0 
61.0 60.0 61.0 61.0 
92.0 59.0 81.0 76.0 
61.0 57.0 62.0 62.0 
61.0 59.0 61.0 62.0 
60.0 60.0 61.0 61.0 
93.0 60.0 81.0 78.0 
60.0 59.0 63.0 62.0 
61.0 60.0 61.0 62.0 
60.0 59.0 60.0 61.0 
92.0 60.0 81.0 75.0 
62.0 58.0 62.0 65.0 
60.0 60.0 61.0 62.0 
58.0 60.0 60.0 61.0 
92.0 60.0 80.0 75.0 
62.0 58.0 65.0 65.0 
61.0 59.0 62.0 62.0 
59.0 61.0 61.0 60.0 
92.0 61.0 80.0 75.0 
63.0 59.0 65.0 65.0 
61.0 59.0 61.0 62.0 
59.0 60.0 60.0 60.0 
91.0 59.0 80.0 74.0 
63.0 59.0 66.0 65.0 
60.0 59.0 61.0 62.0 
60.0 59.0 60.0 61.0 
92.0 59.0 80.0 74.0 
63.0 59.0 65.0 66.0 
61.0 59.0 62.0 62.0 
61.0 60.0 61.0 62.0 
91.0 60.0 79.0 74.0 
62.0 58.0 66.0 66.0 
60.0 59.0 60.0 62.0 
60.0 60.0 61.0 61.0 
92.0 60.0 80.0 73.0 
63.0 59.0 66.0 67.0 
60.0 60.0 61.0 62.0 
61.0 59.0 61.0 61.0 
91.0 60.0 79.0 75.0 
63.0 58.0 67.0 66.0 
60.0 60.0 60.0 62.0 
60.0 59.0 60.0 61.0 
93.0 59.0 79.0 74.0 
63.0 58.0 67.0 67.0 
58.0 59.0 61.0 63.0 
60.0 59.0 61.0 63.0 
91.0 59.0 79.0 73.0 
63.0 58.0 66.0 67.0 
60.0 59.0 60.0 62.0 
61.0 59.0 60.0 62.0 
92.0 59.0 79.0 74.0 
63.0 58.0 68.0 67.0 
60.0 58.0 61.0 62.0 
60.0 59.0 61.0 62.0 
90.0 60.0 79.0 74.0 
63.0 60.0 66.0 67.0 
60.0 58.0 61.0 62.0 
60.0 60.0 61.0 61.0 
92.0 59.0 79.0 74.0 
63.0 59.0 66.0 67.0 
60.0 59.0 61.0 62.0 
60.0 61.0 60.0 62.0 
90.0 59.0 79.0 72.0 
63.0 58.0 67.0 67.0 
60.0 59.0 60.0 62.0 
62.0 60.0 60.0 62.0 
90.0 59.0 79.0 73.0 
63.0 60.0 66.0 67.0 
61.0 59.0 61.0 62.0 
61.0 60.0 61.0 62.0 
92.0 60.0 78.0 73.0 
63.0 58.0 67.0 67.0 
60.0 60.0 61.0 63.0 
61.0 60.0 61.0 62.0 
91.0 59.0 79.0 74.0 
63.0 59.0 67.0 67.0 
60.0 60.0 60.0 63.0 
60.0 59.0 60.0 63.0 
88.0 60.0 79.0 75.0 
63.0 58.0 67.0 67.0 
61.0 61.0 60.0 63.0 
61.0 60.0 61.0 62.0 
90.0 60.0 79.0 73.0 
63.0 58.0 67.0 67.0 
60.0 60.0 61.0 62.0 
61.0 60.0 61.0 63.0 
87.0 59.0 78.0 73.0 
64.0 59.0 66.0 67.0 
60.0 60.0 60.0 63.0 
62.0 59.0 60.0 62.0 
89.0 60.0 79.0 74.0 
64.0 58.0 67.0 68.0 
61.0 60.0 61.0 63.0 
62.0 60.0 61.0 62.0 
90.0 59.0 79.0 74.0 
63.0 58.0 67.0 68.0 
61.0 59.0 61.0 62.0 
61.0 60.0 60.0 62.0 
90.0 60.0 78.0 74.0 
63.0 60.0 67.0 67.0 
61.0 59.0 60.0 62.0 
61.0 60.0 61.0 63.0 
95.0 59.0 78.0 73.0 
63.0 59.0 67.0 67.0 
60.0 61.0 61.0 62.0 
60.0 61.0 60.0 62.0 
93.0 60.0 79.0 74.0 
63.0 59.0 67.0 68.0 
60.0 60.0 61.0 62.0 
61.0 59.0 61.0 62.0 
91.0 60.0 78.0 73.0 
63.0 58.0 66.0 68.0 
61.0 59.0 60.0 63.0 
62.0 60.0 61.0 62.0 
92.0 60.0 79.0 75.0 
64.0 56.0 68.0 67.0 
61.0 59.0 60.0 62.0 
60.0 59.0 60.0 62.0 
94.0 60.0 78.0 74.0 
64.0 59.0 69.0 68.0 
59.0 60.0 61.0 63.0 
61.0 60.0 62.0 62.0 
94.0 59.0 79.0 74.0 
64.0 59.0 68.0 69.0 
60.0 59.0 60.0 62.0 
61.0 60.0 60.0 62.0 
96.0 60.0 79.0 75.0 
64.0 59.0 67.0 68.0 
60.0 60.0 59.0 62.0 
62.0 59.0 61.0 62.0 
97.0 59.0 78.0 74.0 
63.0 59.0 68.0 68.0 
60.0 60.0 60.0 61.0 
61.0 60.0 61.0 62.0 
80.0 60.0 78.0 74.0 
64.0 57.0 68.0 67.0 
60.0 60.0 60.0 61.0 
61.0 60.0 61.0 62.0 
76.0 60.0 78.0 74.0 
65.0 59.0 68.0 68.0 
60.0 59.0 61.0 61.0 
61.0 60.0 62.0 62.0 
76.0 59.0 78.0 72.0 
64.0 59.0 68.0 68.0 
61.0 59.0 61.0 61.0 
61.0 60.0 60.0 63.0 
76.0 60.0 78.0 74.0 
65.0 58.0 68.0 68.0 
61.0 59.0 61.0 61.0 
61.0 61.0 61.0 62.0 
68.0 60.0 79.0 72.0 
65.0 58.0 68.0 68.0 
60.0 59.0 61.0 61.0 
62.0 60.0 61.0 62.0 
65.0 60.0 77.0 74.0 
65.0 58.0 69.0 68.0 
60.0 59.0 60.0 61.0 
62.0 60.0 61.0 63.0 
66.0 59.0 78.0 73.0 
64.0 59.0 68.0 69.0 
59.0 60.0 59.0 60.0 
61.0 60.0 61.0 62.0 
65.0 59.0 77.0 74.0 
65.0 59.0 69.0 68.0 
60.0 59.0 58.0 59.0 
61.0 60.0 61.0 62.0 
66.0 59.0 79.0 72.0 
64.0 58.0 70.0 69.0 
59.0 60.0 59.0 60.0 
62.0 60.0 62.0 62.0 
66.0 60.0 78.0 73.0 
65.0 59.0 70.0 69.0 
60.0 59.0 58.0 60.0 
61.0 60.0 62.0 62.0 
65.0 60.0 79.0 72.0 
64.0 59.0 70.0 68.0 
59.0 59.0 59.0 59.0 
61.0 61.0 63.0 62.0 
66.0 60.0 78.0 73.0 
64.0 58.0 68.0 68.0 
59.0 59.0 59.0 60.0 
61.0 60.0 62.0 62.0 
66.0 59.0 78.0 73.0 
64.0 59.0 70.0 67.0 
59.0 60.0 58.0 60.0 
61.0 59.0 62.0 62.0 
66.0 60.0 78.0 73.0 
63.0 58.0 69.0 67.0 
59.0 59.0 59.0 59.0 
62.0 60.0 63.0 62.0 
69.0 60.0 79.0 75.0 
64.0 59.0 69.0 67.0 
59.0 59.0 60.0 59.0 
62.0 61.0 63.0 62.0 
68.0 60.0 78.0 74.0 
63.0 59.0 68.0 67.0 
59.0 60.0 60.0 59.0 
61.0 60.0 64.0 62.0 
68.0 59.0 79.0 73.0 
63.0 59.0 68.0 66.0 
58.0 60.0 60.0 60.0 
61.0 59.0 63.0 62.0 
66.0 59.0 81.0 73.0 
63.0 59.0 70.0 66.0 
59.0 59.0 59.0 61.0 
61.0 60.0 64.0 62.0 
66.0 60.0 81.0 72.0 
61.0 58.0 70.0 65.0 
59.0 60.0 59.0 60.0 
60.0 61.0 64.0 61.0 
74.0 59.0 79.0 74.0 
63.0 59.0 70.0 67.0 
59.0 60.0 59.0 60.0 
62.0 60.0 62.0 62.0 
77.0 59.0 79.0 72.0 
64.0 59.0 69.0 66.0 
59.0 60.0 59.0 60.0 
61.0 60.0 63.0 63.0 
78.0 59.0 79.0 74.0 
63.0 59.0 69.0 67.0 
58.0 59.0 59.0 60.0 
61.0 60.0 63.0 62.0 
81.0 59.0 79.0 75.0 
62.0 59.0 68.0 66.0 
59.0 59.0 59.0 59.0 
61.0 60.0 63.0 62.0 
74.0 60.0 77.0 75.0 
63.0 59.0 67.0 67.0 
59.0 59.0 59.0 60.0 
61.0 60.0 64.0 62.0 
69.0 60.0 77.0 73.0 
64.0 59.0 69.0 67.0 
59.0 59.0 59.0 61.0 
62.0 60.0 65.0 63.0 
67.0 59.0 75.0 74.0 
64.0 58.0 66.0 68.0 
59.0 60.0 59.0 60.0 
62.0 60.0 63.0 64.0 
72.0 59.0 74.0 74.0 
64.0 59.0 67.0 67.0 
60.0 59.0 60.0 60.0 
62.0 60.0 61.0 63.0 
65.0 59.0 73.0 72.0 
64.0 59.0 65.0 68.0 
59.0 60.0 59.0 59.0 
63.0 60.0 61.0 65.0 
65.0 60.0 73.0 72.0 
64.0 59.0 65.0 68.0 
58.0 59.0 59.0 60.0 
62.0 60.0 62.0 63.0 
70.0 59.0 73.0 72.0 
65.0 59.0 66.0 68.0 
59.0 60.0 59.0 59.0 
62.0 60.0 61.0 63.0 
75.0 59.0 73.0 74.0 
65.0 59.0 65.0 68.0 
59.0 59.0 58.0 60.0 
61.0 60.0 61.0 62.0 
82.0 60.0 73.0 75.0 
64.0 59.0 65.0 69.0 
59.0 59.0 60.0 60.0 
61.0 60.0 61.0 63.0 
76.0 60.0 72.0 75.0 
65.0 59.0 65.0 69.0 
60.0 59.0 60.0 60.0 
62.0 60.0 61.0 62.0 
73.0 59.0 72.0 73.0 
63.0 59.0 65.0 70.0 
60.0 59.0 60.0 60.0 
61.0 60.0 61.0 64.0 
65.0 59.0 72.0 72.0 
65.0 59.0 65.0 69.0 
60.0 59.0 60.0 61.0 
63.0 60.0 61.0 63.0 
67.0 59.0 72.0 74.0 
65.0 59.0 65.0 69.0 
60.0 60.0 60.0 59.0 
63.0 61.0 61.0 64.0 
67.0 60.0 72.0 73.0 
65.0 59.0 65.0 69.0 
59.0 59.0 60.0 59.0 
63.0 60.0 61.0 64.0 
68.0 59.0 70.0 73.0 
65.0 59.0 64.0 70.0 
59.0 58.0 60.0 60.0 
62.0 60.0 61.0 64.0 
72.0 59.0 71.0 75.0 
65.0 59.0 65.0 70.0 
59.0 60.0 60.0 60.0 
63.0 60.0 61.0 64.0 
73.0 59.0 71.0 76.0 
64.0 60.0 64.0 69.0 
59.0 59.0 60.0 59.0 
62.0 60.0 61.0 63.0 
75.0 60.0 65.0 79.0 
65.0 59.0 62.0 70.0 
59.0 60.0 59.0 61.0 
62.0 59.0 62.0 63.0 
77.0 60.0 62.0 81.0 
65.0 59.0 60.0 71.0 
59.0 59.0 60.0 62.0 
63.0 61.0 61.0 64.0 
73.0 69.0 61.0 79.0 
61.0 62.0 60.0 64.0 
60.0 61.0 60.0 63.0 
62.0 62.0 61.0 64.0 
74.0 69.0 61.0 80.0 
63.0 63.0 60.0 67.0 
60.0 61.0 60.0 61.0 
62.0 63.0 61.0 64.0 
73.0 68.0 60.0 80.0 
63.0 64.0 60.0 67.0 
61.0 61.0 60.0 63.0 
62.0 63.0 61.0 65.0 
70.0 68.0 61.0 78.0 
62.0 62.0 60.0 65.0 
63.0 65.0 61.0 66.0 
63.0 65.0 61.0 66.0 
65.0 69.0 61.0 82.0 
62.0 63.0 60.0 64.0 
68.0 68.0 61.0 71.0 
59.0 59.0 61.0 58.0 
69.0 59.0 61.0 86.0 
65.0 59.0 60.0 66.0 
75.0 59.0 61.0 75.0 
58.0 60.0 60.0 58.0 
68.0 60.0 62.0 87.0 
65.0 59.0 59.0 70.0 
75.0 60.0 60.0 77.0 
58.0 60.0 60.0 58.0 
70.0 59.0 71.0 89.0 
65.0 59.0 63.0 64.0 
82.0 60.0 62.0 63.0 
58.0 60.0 59.0 59.0 
73.0 60.0 81.0 85.0 
65.0 59.0 63.0 71.0 
75.0 60.0 63.0 76.0 
58.0 60.0 61.0 58.0 
79.0 59.0 83.0 86.0 
66.0 59.0 64.0 71.0 
76.0 60.0 63.0 77.0 
59.0 59.0 59.0 58.0 
77.0 60.0 89.0 86.0 
65.0 59.0 65.0 70.0 
75.0 59.0 64.0 76.0 
58.0 60.0 59.0 59.0 
67.0 60.0 100.0 84.0 
64.0 59.0 70.0 69.0 
75.0 60.0 90.0 76.0 
58.0 60.0 57.0 59.0 
67.0 60.0 106.0 84.0 
65.0 59.0 70.0 69.0 
71.0 59.0 88.0 74.0 
70.0 60.0 80.0 70.0 
67.0 60.0 115.0 84.0 
64.0 59.0 72.0 68.0 
71.0 59.0 94.0 72.0 
70.0 59.0 85.0 70.0 
67.0 60.0 124.0 84.0 
63.0 59.0 73.0 66.0 
70.0 60.0 116.0 74.0 
70.0 60.0 97.0 71.0 
67.0 60.0 136.0 85.0 
63.0 58.0 71.0 65.0 
71.0 58.0 140.0 76.0 
70.0 61.0 117.0 72.0 
67.0 60.0 141.0 85.0 
62.0 60.0 72.0 66.0 
71.0 59.0 151.0 77.0 
69.0 60.0 123.0 72.0 
67.0 60.0 147.0 86.0 
62.0 58.0 74.0 65.0 
71.0 60.0 174.0 78.0 
70.0 60.0 153.0 75.0 
69.0 60.0 181.0 91.0 
62.0 59.0 74.0 64.0 
70.0 60.0 188.0 78.0 
70.0 59.0 186.0 76.0 
70.0 60.0 242.0 94.0 
60.0 59.0 73.0 64.0 
71.0 60.0 243.0 83.0 
71.0 60.0 240.0 81.0 
75.0 60.0 309.0 103.0 
62.0 59.0 86.0 65.0 
72.0 61.0 298.0 89.0 
72.0 62.0 300.0 87.0 
82.0 62.0 319.0 103.0 
61.0 58.0 77.0 63.0 
74.0 61.0 348.0 97.0 
73.0 62.0 347.0 95.0 
95.0 63.0 360.0 113.0 
61.0 58.0 76.0 63.0 
75.0 61.0 347.0 99.0 
79.0 62.0 395.0 103.0 
94.0 62.0 395.0 122.0 
61.0 59.0 76.0 63.0 
82.0 64.0 446.0 114.0 
78.0 64.0 384.0 103.0 
97.0 62.0 389.0 126.0 
60.0 58.0 73.0 63.0 
82.0 63.0 428.0 114.0 
79.0 64.0 413.0 111.0 
98.0 65.0 425.0 136.0 
60.0 59.0 74.0 63.0 
81.0 63.0 416.0 115.0 
79.0 63.0 388.0 108.0 
103.0 66.0 507.0 162.0 
61.0 59.0 74.0 63.0 
81.0 63.0 399.0 115.0 
79.0 62.0 352.0 105.0 
104.0 66.0 486.0 166.0 
60.0 60.0 74.0 63.0 
83.0 64.0 417.0 121.0 
79.0 63.0 361.0 109.0 
105.0 66.0 496.0 175.0 
61.0 58.0 73.0 62.0 
81.0 60.0 376.0 119.0 
82.0 62.0 411.0 120.0 
102.0 64.0 452.0 169.0 
60.0 59.0 71.0 63.0 
82.0 63.0 412.0 128.0 
82.0 64.0 406.0 123.0 
101.0 64.0 432.0 176.0 
60.0 59.0 69.0 62.0 
79.0 63.0 362.0 121.0 
83.0 65.0 421.0 133.0 
103.0 63.0 428.0 202.0 
60.0 59.0 68.0 62.0 
80.0 62.0 359.0 126.0 
82.0 63.0 400.0 132.0 
109.0 66.0 478.0 244.0 
60.0 59.0 67.0 62.0 
82.0 62.0 369.0 133.0 
82.0 63.0 392.0 134.0 
108.0 65.0 447.0 278.0 
59.0 58.0 66.0 61.0 
83.0 61.0 343.0 146.0 
81.0 63.0 379.0 143.0 
113.0 65.0 415.0 349.0 
60.0 59.0 67.0 61.0 
82.0 61.0 301.0 198.0 
80.0 62.0 360.0 196.0 
112.0 64.0 358.0 360.0 
60.0 59.0 65.0 61.0 
86.0 60.0 276.0 252.0 
81.0 61.0 317.0 225.0 
117.0 64.0 332.0 399.0 
59.0 58.0 66.0 60.0 
95.0 62.0 284.0 349.0 
80.0 61.0 276.0 251.0 
121.0 65.0 305.0 453.0 
59.0 59.0 68.0 59.0 
102.0 63.0 257.0 410.0 
79.0 61.0 239.0 243.0 
129.0 67.0 287.0 514.0 
59.0 58.0 68.0 57.0 
107.0 65.0 250.0 446.0 
79.0 60.0 202.0 249.0 
124.0 64.0 247.0 462.0 
59.0 59.0 71.0 57.0 
105.0 63.0 233.0 438.0 
79.0 61.0 169.0 238.0 
125.0 63.0 230.0 470.0 
58.0 59.0 69.0 54.0 
107.0 63.0 214.0 448.0 
78.0 60.0 149.0 234.0 
136.0 67.0 239.0 545.0 
58.0 58.0 71.0 54.0 
106.0 63.0 193.0 430.0 
76.0 60.0 139.0 213.0 
133.0 65.0 210.0 521.0 
59.0 59.0 73.0 55.0 
107.0 63.0 192.0 439.0 
75.0 59.0 132.0 203.0 
124.0 64.0 187.0 463.0 
58.0 58.0 72.0 52.0 
109.0 63.0 178.0 450.0 
76.0 60.0 126.0 220.0 
128.0 64.0 189.0 478.0 
57.0 59.0 72.0 51.0 
105.0 64.0 170.0 434.0 
79.0 60.0 129.0 233.0 
143.0 66.0 186.0 534.0 
59.0 59.0 71.0 55.0 
97.0 61.0 136.0 352.0 
77.0 60.0 118.0 235.0 
141.0 66.0 175.0 520.0 
59.0 59.0 73.0 57.0 
100.0 63.0 141.0 388.0 
76.0 60.0 105.0 213.0 
152.0 66.0 167.0 539.0 
59.0 58.0 69.0 56.0 
96.0 60.0 116.0 348.0 
77.0 61.0 95.0 223.0 
151.0 66.0 153.0 496.0 
59.0 59.0 68.0 54.0 
95.0 61.0 110.0 335.0 
80.0 60.0 91.0 235.0 
156.0 65.0 148.0 508.0 
59.0 60.0 67.0 54.0 
99.0 61.0 109.0 335.0 
80.0 60.0 90.0 233.0 
162.0 65.0 145.0 498.0 
59.0 59.0 69.0 55.0 
101.0 60.0 103.0 307.0 
81.0 59.0 87.0 213.0 
156.0 64.0 129.0 429.0 
59.0 58.0 67.0 57.0 
108.0 60.0 96.0 291.0 
79.0 61.0 78.0 186.0 
164.0 62.0 129.0 413.0 
57.0 59.0 68.0 58.0 
114.0 59.0 97.0 289.0 
80.0 60.0 80.0 181.0 
171.0 62.0 123.0 376.0 
58.0 59.0 68.0 59.0 
114.0 60.0 93.0 246.0 
82.0 60.0 77.0 155.0 
179.0 62.0 121.0 360.0 
58.0 58.0 67.0 61.0 
122.0 60.0 94.0 252.0 
79.0 59.0 72.0 119.0 
185.0 62.0 119.0 350.0 
59.0 59.0 69.0 64.0 
128.0 59.0 95.0 253.0 
80.0 59.0 70.0 111.0 
189.0 61.0 116.0 318.0 
59.0 58.0 69.0 64.0 
110.0 293.0 87.0 200.0 
79.0 151.0 69.0 105.0 
184.0 554.0 116.0 308.0 
59.0 59.0 68.0 64.0 
122.0 326.0 85.0 194.0 
81.0 150.0 70.0 109.0 
180.0 530.0 111.0 284.0 
58.0 59.0 68.0 64.0 
119.0 294.0 85.0 182.0 
86.0 121.0 71.0 111.0 
201.0 558.0 110.0 271.0 
58.0 55.0 69.0 64.0 
105.0 306.0 82.0 156.0 
88.0 181.0 72.0 105.0 
205.0 627.0 108.0 257.0 
58.0 56.0 69.0 65.0 
114.0 310.0 82.0 147.0 
79.0 154.0 68.0 87.0 
219.0 657.0 106.0 243.0 
58.0 54.0 70.0 64.0 
116.0 306.0 80.0 139.0 
73.0 127.0 68.0 79.0 
228.0 650.0 103.0 233.0 
58.0 53.0 70.0 65.0 
109.0 272.0 77.0 129.0 
73.0 119.0 69.0 76.0 
254.0 665.0 100.0 227.0 
58.0 54.0 68.0 64.0 
101.0 218.0 74.0 112.0 
71.0 111.0 70.0 74.0 
277.0 679.0 99.0 212.0 
57.0 54.0 67.0 63.0 
124.0 278.0 77.0 122.0 
70.0 102.0 67.0 73.0 
309.0 640.0 97.0 200.0 
57.0 56.0 68.0 65.0 
130.0 289.0 75.0 115.0 
74.0 114.0 66.0 74.0 
327.0 592.0 96.0 183.0 
58.0 57.0 70.0 65.0 
152.0 302.0 76.0 115.0 
74.0 105.0 65.0 72.0 
352.0 576.0 97.0 179.0 
60.0 64.0 69.0 68.0 
166.0 331.0 77.0 123.0 
50.0 75.0 62.0 68.0 
407.0 529.0 98.0 160.0 
61.0 66.0 71.0 68.0 
178.0 309.0 77.0 111.0 
48.0 42.0 59.0 56.0 
492.0 464.0 97.0 148.0 
63.0 68.0 72.0 68.0 
175.0 255.0 74.0 103.0 
45.0 45.0 59.0 57.0 
493.0 401.0 96.0 134.0 
65.0 66.0 73.0 69.0 
267.0 225.0 76.0 100.0 
44.0 47.0 58.0 58.0 
500.0 362.0 95.0 127.0 
67.0 67.0 73.0 69.0 
269.0 196.0 76.0 96.0 
42.0 48.0 59.0 58.0 
581.0 333.0 93.0 122.0 
67.0 67.0 73.0 68.0 
227.0 152.0 74.0 86.0 
42.0 49.0 59.0 58.0 
564.0 312.0 93.0 119.0 
72.0 66.0 75.0 68.0 
311.0 165.0 75.0 90.0 
41.0 51.0 59.0 58.0 
568.0 286.0 94.0 115.0 
72.0 65.0 76.0 69.0 
291.0 141.0 80.0 87.0 
41.0 51.0 58.0 58.0 
604.0 259.0 92.0 109.0 
73.0 65.0 76.0 70.0 
289.0 132.0 86.0 87.0 
39.0 53.0 59.0 57.0 
602.0 220.0 95.0 104.0 
73.0 65.0 77.0 70.0 
274.0 115.0 87.0 84.0 
39.0 55.0 58.0 59.0 
595.0 206.0 97.0 101.0 
70.0 65.0 80.0 69.0 
265.0 111.0 117.0 86.0 
39.0 54.0 56.0 59.0 
564.0 187.0 103.0 100.0 
72.0 64.0 81.0 69.0 
283.0 110.0 133.0 86.0 
40.0 55.0 56.0 58.0 
543.0 169.0 106.0 97.0 
73.0 64.0 83.0 69.0 
298.0 105.0 161.0 87.0 
40.0 56.0 55.0 59.0 
578.0 159.0 106.0 98.0 
72.0 60.0 84.0 71.0 
244.0 60.0 187.0 101.0 
40.0 59.0 55.0 56.0 
584.0 65.0 115.0 124.0 
73.0 60.0 84.0 69.0 
299.0 61.0 210.0 104.0 
39.0 60.0 53.0 58.0 
553.0 68.0 108.0 120.0 
71.0 58.0 81.0 69.0 
297.0 60.0 224.0 107.0 
145.0 60.0 179.0 82.0 
484.0 65.0 102.0 111.0 
66.0 59.0 81.0 69.0 
266.0 62.0 298.0 107.0 
132.0 60.0 237.0 86.0 
437.0 64.0 90.0 86.0 
65.0 59.0 83.0 68.0 
216.0 63.0 369.0 109.0 
114.0 61.0 302.0 89.0 
345.0 62.0 78.0 80.0 
62.0 59.0 84.0 69.0 
158.0 65.0 445.0 113.0 
97.0 67.0 358.0 91.0 
313.0 92.0 74.0 79.0 
61.0 59.0 85.0 69.0 
134.0 89.0 497.0 111.0 
90.0 71.0 407.0 96.0 
253.0 81.0 66.0 75.0 
60.0 59.0 85.0 68.0 
100.0 66.0 502.0 113.0 
79.0 64.0 444.0 101.0 
219.0 61.0 74.0 78.0 
60.0 59.0 103.0 71.0 
85.0 69.0 553.0 116.0 
77.0 66.0 488.0 106.0 
171.0 60.0 60.0 77.0 
61.0 60.0 83.0 69.0 
85.0 66.0 574.0 117.0 
81.0 68.0 535.0 111.0 
178.0 60.0 59.0 78.0 
61.0 59.0 81.0 69.0 
84.0 65.0 586.0 119.0 
81.0 65.0 583.0 118.0 
146.0 58.0 57.0 74.0 
61.0 58.0 81.0 68.0 
87.0 64.0 641.0 128.0 
84.0 64.0 616.0 123.0 
123.0 60.0 56.0 72.0 
61.0 59.0 80.0 69.0 
89.0 63.0 658.0 153.0 
83.0 65.0 640.0 140.0 
120.0 60.0 56.0 72.0 
61.0 59.0 78.0 68.0 
89.0 63.0 668.0 168.0 
84.0 64.0 661.0 155.0 
119.0 60.0 56.0 73.0 
61.0 59.0 80.0 69.0 
89.0 64.0 681.0 180.0 
85.0 64.0 662.0 164.0 
118.0 60.0 57.0 73.0 
61.0 60.0 78.0 69.0 
90.0 63.0 672.0 188.0 
83.0 64.0 677.0 173.0 
112.0 60.0 58.0 72.0 
60.0 59.0 78.0 69.0 
90.0 63.0 664.0 190.0 
87.0 64.0 647.0 176.0 
113.0 60.0 58.0 73.0 
61.0 59.0 78.0 69.0 
93.0 63.0 662.0 222.0 
86.0 64.0 649.0 205.0 
111.0 59.0 59.0 71.0 
60.0 60.0 73.0 69.0 
95.0 63.0 678.0 273.0 
79.0 86.0 662.0 247.0 
111.0 59.0 59.0 71.0 
61.0 59.0 73.0 69.0 
98.0 89.0 684.0 318.0 
82.0 81.0 667.0 285.0 
108.0 60.0 59.0 68.0 
61.0 59.0 73.0 68.0 
101.0 65.0 683.0 366.0 
87.0 90.0 669.0 338.0 
107.0 59.0 60.0 67.0 
60.0 59.0 72.0 70.0 
106.0 108.0 658.0 423.0 
91.0 104.0 662.0 412.0 
106.0 59.0 60.0 65.0 
61.0 58.0 72.0 69.0 
110.0 69.0 649.0 478.0 
106.0 69.0 639.0 459.0 
100.0 59.0 60.0 64.0 
61.0 58.0 74.0 70.0 
115.0 69.0 640.0 512.0 
107.0 70.0 633.0 482.0 
93.0 59.0 61.0 62.0 
60.0 59.0 72.0 70.0 
119.0 72.0 639.0 545.0 
111.0 72.0 624.0 510.0 
93.0 59.0 61.0 62.0 
60.0 59.0 72.0 70.0 
123.0 69.0 622.0 595.0 
113.0 72.0 598.0 518.0 
89.0 59.0 61.0 61.0 
61.0 58.0 72.0 69.0 
127.0 69.0 612.0 618.0 
118.0 72.0 587.0 541.0 
70.0 60.0 61.0 57.0 
62.0 59.0 72.0 68.0 
130.0 71.0 561.0 621.0 
123.0 74.0 565.0 583.0 
64.0 59.0 62.0 57.0 
61.0 59.0 70.0 66.0 
136.0 69.0 533.0 642.0 
127.0 72.0 538.0 594.0 
70.0 59.0 65.0 58.0 
61.0 59.0 68.0 63.0 
137.0 68.0 507.0 648.0 
127.0 71.0 508.0 598.0 
69.0 60.0 65.0 57.0 
62.0 59.0 68.0 62.0 
136.0 70.0 486.0 651.0 
128.0 70.0 486.0 618.0 
74.0 60.0 67.0 58.0 
61.0 60.0 68.0 61.0 
138.0 67.0 463.0 654.0 
128.0 69.0 468.0 611.0 
60.0 60.0 69.0 56.0 
59.0 59.0 67.0 59.0 
139.0 66.0 438.0 673.0 
128.0 68.0 433.0 623.0 
61.0 59.0 68.0 55.0 
59.0 59.0 66.0 59.0 
140.0 66.0 415.0 664.0 
133.0 66.0 421.0 638.0 
64.0 60.0 70.0 55.0 
60.0 59.0 68.0 57.0 
145.0 64.0 404.0 659.0 
140.0 66.0 417.0 695.0 
63.0 60.0 71.0 54.0 
60.0 59.0 66.0 55.0 
148.0 66.0 391.0 679.0 
144.0 65.0 403.0 707.0 
61.0 60.0 71.0 54.0 
59.0 59.0 67.0 55.0 
149.0 64.0 360.0 648.0 
147.0 64.0 370.0 700.0 
62.0 60.0 74.0 54.0 
58.0 58.0 65.0 54.0 
151.0 64.0 329.0 644.0 
148.0 64.0 339.0 692.0 
61.0 60.0 74.0 54.0 
59.0 59.0 66.0 54.0 
154.0 64.0 334.0 656.0 
151.0 64.0 333.0 681.0 
61.0 60.0 73.0 55.0 
59.0 59.0 66.0 53.0 
162.0 64.0 326.0 660.0 
163.0 63.0 332.0 694.0 
62.0 59.0 75.0 54.0 
58.0 58.0 65.0 53.0 
167.0 64.0 323.0 653.0 
166.0 63.0 330.0 701.0 
62.0 60.0 75.0 54.0 
57.0 59.0 63.0 50.0 
166.0 65.0 307.0 638.0 
169.0 63.0 304.0 694.0 
61.0 60.0 76.0 54.0 
58.0 58.0 63.0 51.0 
173.0 64.0 277.0 643.0 
175.0 63.0 282.0 683.0 
62.0 60.0 77.0 54.0 
58.0 58.0 62.0 51.0 
178.0 64.0 268.0 643.0 
182.0 63.0 268.0 669.0 
62.0 60.0 78.0 54.0 
58.0 59.0 64.0 51.0 
183.0 63.0 244.0 633.0 
189.0 64.0 243.0 631.0 
62.0 60.0 79.0 55.0 
59.0 59.0 65.0 52.0 
189.0 64.0 240.0 608.0 
194.0 65.0 226.0 608.0 
64.0 60.0 79.0 58.0 
58.0 60.0 65.0 53.0 
194.0 64.0 224.0 581.0 
201.0 66.0 209.0 572.0 
65.0 60.0 79.0 58.0 
57.0 59.0 65.0 54.0 
200.0 67.0 209.0 557.0 
202.0 67.0 198.0 539.0 
63.0 60.0 80.0 59.0 
57.0 59.0 66.0 54.0 
211.0 67.0 183.0 530.0 
210.0 66.0 178.0 504.0 
71.0 60.0 81.0 61.0 
57.0 59.0 66.0 55.0 
225.0 65.0 166.0 501.0 
215.0 64.0 160.0 461.0 
74.0 60.0 82.0 63.0 
55.0 59.0 66.0 55.0 
224.0 65.0 158.0 479.0 
217.0 63.0 153.0 440.0 
73.0 60.0 81.0 63.0 
57.0 58.0 66.0 55.0 
234.0 64.0 146.0 463.0 
226.0 64.0 147.0 429.0 
77.0 60.0 82.0 66.0 
56.0 60.0 67.0 56.0 
238.0 64.0 145.0 439.0 
229.0 63.0 139.0 404.0 
77.0 60.0 81.0 66.0 
55.0 59.0 68.0 58.0 
256.0 63.0 139.0 418.0 
242.0 61.0 134.0 374.0 
77.0 59.0 82.0 67.0 
55.0 59.0 67.0 59.0 
268.0 65.0 128.0 402.0 
249.0 62.0 119.0 349.0 
75.0 61.0 81.0 68.0 
54.0 59.0 67.0 59.0 
292.0 62.0 127.0 377.0 
269.0 62.0 119.0 334.0 
76.0 60.0 82.0 71.0 
53.0 60.0 65.0 59.0 
325.0 63.0 123.0 370.0 
307.0 62.0 115.0 321.0 
76.0 60.0 82.0 73.0 
52.0 59.0 66.0 60.0 
374.0 64.0 118.0 340.0 
356.0 63.0 111.0 297.0 
75.0 58.0 83.0 73.0 
50.0 59.0 66.0 61.0 
411.0 64.0 109.0 309.0 
387.0 64.0 100.0 258.0 
71.0 59.0 84.0 74.0 
50.0 58.0 67.0 63.0 
448.0 65.0 108.0 299.0 
422.0 64.0 97.0 243.0 
70.0 58.0 83.0 75.0 
48.0 59.0 65.0 63.0 
480.0 66.0 104.0 284.0 
457.0 65.0 96.0 239.0 
70.0 59.0 85.0 75.0 
49.0 59.0 66.0 63.0 
491.0 66.0 104.0 268.0 
488.0 66.0 97.0 229.0 
69.0 59.0 85.0 76.0 
48.0 59.0 65.0 63.0 
540.0 68.0 105.0 264.0 
491.0 67.0 95.0 214.0 
67.0 59.0 84.0 75.0 
48.0 59.0 69.0 65.0 
588.0 66.0 105.0 256.0 
496.0 67.0 92.0 204.0 
66.0 60.0 84.0 76.0 
48.0 59.0 68.0 65.0 
610.0 66.0 102.0 251.0 
518.0 67.0 94.0 202.0 
65.0 59.0 85.0 77.0 
49.0 59.0 68.0 68.0 
622.0 65.0 91.0 240.0 
504.0 66.0 85.0 187.0 
65.0 59.0 85.0 76.0 
49.0 59.0 69.0 66.0 
634.0 65.0 98.0 231.0 
504.0 67.0 87.0 178.0 
78.0 59.0 89.0 82.0 
57.0 59.0 68.0 67.0 
674.0 64.0 98.0 222.0 
481.0 65.0 90.0 162.0 
78.0 60.0 89.0 82.0 
59.0 58.0 68.0 67.0 
766.0 62.0 101.0 224.0 
41.0 60.0 58.0 55.0 
77.0 59.0 88.0 82.0 
59.0 58.0 68.0 67.0 
780.0 62.0 101.0 216.0 
41.0 59.0 58.0 55.0 
78.0 60.0 90.0 82.0 
59.0 58.0 69.0 66.0 
782.0 62.0 102.0 205.0 
40.0 61.0 58.0 56.0 
79.0 60.0 92.0 83.0 
60.0 59.0 67.0 67.0 
789.0 61.0 89.0 197.0 
41.0 60.0 59.0 56.0 
79.0 60.0 90.0 84.0 
63.0 58.0 66.0 66.0 
788.0 62.0 95.0 187.0 
40.0 61.0 58.0 57.0 
81.0 60.0 96.0 84.0 
64.0 58.0 65.0 66.0 
770.0 62.0 90.0 187.0 
42.0 60.0 59.0 55.0 
81.0 60.0 102.0 83.0 
64.0 59.0 66.0 66.0 
764.0 62.0 88.0 176.0 
353.0 63.0 76.0 110.0 
78.0 59.0 107.0 82.0 
64.0 59.0 66.0 66.0 
770.0 62.0 86.0 158.0 
420.0 64.0 78.0 113.0 
71.0 60.0 108.0 80.0 
65.0 59.0 65.0 65.0 
702.0 62.0 85.0 151.0 
434.0 64.0 80.0 114.0 
58.0 61.0 109.0 78.0 
54.0 59.0 66.0 64.0 
673.0 63.0 86.0 146.0 
471.0 66.0 83.0 117.0 
59.0 59.0 110.0 78.0 
54.0 59.0 65.0 64.0 
646.0 65.0 87.0 144.0 
466.0 65.0 81.0 112.0 
60.0 59.0 113.0 80.0 
54.0 59.0 66.0 64.0 
642.0 65.0 87.0 143.0 
464.0 66.0 81.0 112.0 
60.0 59.0 113.0 79.0 
55.0 59.0 65.0 63.0 
608.0 65.0 88.0 138.0 
432.0 65.0 82.0 108.0 
60.0 60.0 118.0 79.0 
56.0 60.0 65.0 63.0 
580.0 66.0 88.0 134.0 
387.0 64.0 81.0 101.0 
64.0 60.0 121.0 81.0 
55.0 59.0 65.0 63.0 
548.0 67.0 87.0 131.0 
338.0 61.0 79.0 96.0 
55.0 59.0 97.0 72.0 
58.0 59.0 72.0 65.0 
542.0 67.0 93.0 127.0 
302.0 60.0 81.0 91.0 
61.0 60.0 113.0 77.0 
55.0 59.0 68.0 64.0 
509.0 67.0 91.0 124.0 
277.0 61.0 80.0 88.0 
70.0 60.0 139.0 83.0 
55.0 59.0 63.0 61.0 
471.0 66.0 110.0 120.0 
250.0 60.0 93.0 86.0 
73.0 60.0 144.0 84.0 
55.0 59.0 62.0 61.0 
400.0 64.0 126.0 111.0 
226.0 62.0 100.0 83.0 
77.0 59.0 160.0 86.0 
53.0 59.0 60.0 60.0 
381.0 63.0 137.0 110.0 
201.0 60.0 107.0 80.0 
77.0 60.0 175.0 87.0 
53.0 59.0 59.0 59.0 
340.0 61.0 150.0 105.0 
181.0 61.0 117.0 78.0 
80.0 60.0 203.0 91.0 
54.0 59.0 58.0 59.0 
302.0 61.0 159.0 101.0 
146.0 60.0 129.0 78.0 
83.0 59.0 216.0 93.0 
54.0 58.0 58.0 59.0 
271.0 60.0 176.0 99.0 
131.0 61.0 128.0 77.0 
83.0 60.0 232.0 94.0 
55.0 59.0 58.0 59.0 
250.0 60.0 167.0 96.0 
113.0 60.0 121.0 73.0 
84.0 60.0 272.0 103.0 
55.0 58.0 57.0 60.0 
224.0 60.0 171.0 92.0 
103.0 60.0 123.0 73.0 
92.0 61.0 334.0 111.0 
56.0 59.0 58.0 60.0 
212.0 61.0 164.0 91.0 
89.0 60.0 118.0 70.0 
93.0 63.0 353.0 113.0 
56.0 58.0 57.0 59.0 
216.0 60.0 169.0 90.0 
82.0 60.0 133.0 71.0 
96.0 62.0 374.0 124.0 
57.0 59.0 56.0 59.0 
190.0 59.0 187.0 90.0 
70.0 60.0 127.0 70.0 
95.0 63.0 377.0 125.0 
56.0 59.0 57.0 59.0 
180.0 60.0 184.0 89.0 
90.0 60.0 135.0 73.0 
82.0 63.0 359.0 125.0 
56.0 59.0 58.0 60.0 
170.0 60.0 181.0 88.0 
88.0 59.0 134.0 73.0 
88.0 64.0 409.0 139.0 
57.0 58.0 56.0 59.0 
155.0 58.0 166.0 85.0 
78.0 60.0 130.0 71.0 
90.0 64.0 415.0 146.0 
59.0 59.0 57.0 59.0 
105.0 60.0 159.0 79.0 
70.0 60.0 126.0 70.0 
94.0 65.0 453.0 161.0 
59.0 59.0 58.0 59.0 
92.0 60.0 165.0 79.0 
67.0 59.0 119.0 69.0 
93.0 65.0 448.0 161.0 
60.0 59.0 58.0 59.0 
90.0 59.0 174.0 81.0 
67.0 61.0 105.0 67.0 
88.0 64.0 413.0 159.0 
59.0 59.0 58.0 59.0 
78.0 59.0 172.0 83.0 
64.0 61.0 91.0 65.0 
89.0 63.0 398.0 188.0 
60.0 59.0 63.0 59.0 
75.0 60.0 171.0 86.0 
65.0 61.0 94.0 67.0 
94.0 64.0 436.0 214.0 
60.0 58.0 59.0 58.0 
74.0 60.0 154.0 85.0 
65.0 61.0 88.0 67.0 
92.0 64.0 433.0 237.0 
59.0 60.0 59.0 59.0 
72.0 60.0 135.0 101.0 
64.0 59.0 85.0 73.0 
91.0 64.0 401.0 258.0 
60.0 59.0 59.0 58.0 
74.0 59.0 137.0 124.0 
63.0 60.0 79.0 75.0 
92.0 63.0 369.0 283.0 
60.0 58.0 62.0 57.0 
74.0 59.0 117.0 134.0 
63.0 60.0 75.0 77.0 
91.0 62.0 346.0 299.0 
59.0 59.0 61.0 56.0 
78.0 59.0 111.0 174.0 
64.0 60.0 81.0 88.0 
92.0 61.0 298.0 295.0 
59.0 59.0 61.0 55.0 
76.0 60.0 95.0 178.0 
67.0 60.0 85.0 118.0 
94.0 61.0 269.0 330.0 
59.0 60.0 62.0 54.0 
80.0 60.0 101.0 216.0 
67.0 60.0 82.0 118.0 
103.0 62.0 262.0 386.0 
58.0 59.0 62.0 53.0 
82.0 59.0 106.0 233.0 
64.0 60.0 74.0 103.0 
104.0 63.0 244.0 413.0 
58.0 59.0 63.0 52.0 
89.0 60.0 116.0 297.0 
62.0 61.0 68.0 95.0 
110.0 64.0 228.0 450.0 
58.0 59.0 65.0 53.0 
90.0 60.0 118.0 303.0 
63.0 59.0 72.0 94.0 
110.0 64.0 220.0 450.0 
59.0 59.0 64.0 53.0 
91.0 60.0 120.0 295.0 
63.0 60.0 69.0 90.0 
109.0 63.0 203.0 431.0 
58.0 59.0 64.0 54.0 
93.0 60.0 119.0 310.0 
62.0 60.0 68.0 85.0 
113.0 65.0 196.0 464.0 
59.0 59.0 65.0 54.0 
90.0 57.0 104.0 290.0 
62.0 60.0 65.0 84.0 
115.0 64.0 181.0 468.0 
59.0 59.0 65.0 52.0 
85.0 59.0 97.0 258.0 
63.0 60.0 65.0 90.0 
108.0 62.0 154.0 416.0 
58.0 59.0 65.0 52.0 
91.0 60.0 103.0 295.0 
64.0 60.0 66.0 86.0 
107.0 62.0 145.0 401.0 
59.0 58.0 65.0 54.0 
87.0 59.0 99.0 273.0 
62.0 60.0 65.0 80.0 
109.0 64.0 142.0 410.0 
59.0 60.0 64.0 53.0 
92.0 61.0 100.0 285.0 
62.0 60.0 64.0 75.0 
116.0 63.0 140.0 421.0 
58.0 58.0 64.0 53.0 
91.0 60.0 99.0 281.0 
62.0 60.0 65.0 79.0 
117.0 63.0 132.0 417.0 
58.0 59.0 63.0 53.0 
98.0 60.0 101.0 325.0 
61.0 60.0 62.0 66.0 
115.0 62.0 131.0 405.0 
58.0 60.0 65.0 56.0 
89.0 60.0 95.0 302.0 
60.0 60.0 62.0 66.0 
113.0 61.0 124.0 362.0 
59.0 59.0 65.0 58.0 
98.0 61.0 96.0 305.0 
60.0 60.0 62.0 62.0 
120.0 62.0 120.0 361.0 
59.0 60.0 66.0 57.0 
107.0 61.0 103.0 349.0 
58.0 60.0 61.0 58.0 
124.0 61.0 120.0 381.0 
59.0 59.0 66.0 58.0 
112.0 61.0 101.0 341.0 
58.0 61.0 60.0 56.0 
118.0 61.0 112.0 331.0 
59.0 59.0 66.0 58.0 
115.0 60.0 96.0 306.0 
58.0 60.0 60.0 54.0 
113.0 61.0 105.0 285.0 
58.0 59.0 66.0 58.0 
115.0 60.0 89.0 252.0 
57.0 60.0 61.0 56.0 
112.0 60.0 101.0 251.0 
59.0 59.0 66.0 60.0 
108.0 59.0 82.0 204.0 
59.0 60.0 60.0 56.0 
107.0 60.0 98.0 232.0 
58.0 60.0 64.0 59.0 
132.0 59.0 87.0 229.0 
58.0 60.0 60.0 53.0 
112.0 60.0 99.0 234.0 
59.0 59.0 65.0 59.0 
131.0 60.0 87.0 220.0 
57.0 60.0 60.0 53.0 
120.0 60.0 103.0 250.0 
59.0 59.0 66.0 60.0 
136.0 60.0 86.0 215.0 
57.0 60.0 59.0 53.0 
128.0 61.0 102.0 247.0 
59.0 59.0 66.0 60.0 
136.0 60.0 85.0 179.0 
57.0 59.0 59.0 53.0 
131.0 59.0 101.0 229.0 
58.0 59.0 65.0 61.0 
137.0 59.0 84.0 169.0 
58.0 61.0 59.0 54.0 
134.0 60.0 100.0 222.0 
58.0 59.0 66.0 61.0 
133.0 59.0 82.0 161.0 
57.0 61.0 59.0 55.0 
141.0 59.0 101.0 213.0 
58.0 59.0 66.0 61.0 
136.0 60.0 83.0 161.0 
64.0 60.0 60.0 61.0 
141.0 60.0 99.0 203.0 
57.0 61.0 66.0 62.0 
142.0 58.0 84.0 168.0 
62.0 60.0 61.0 61.0 
151.0 60.0 98.0 202.0 
57.0 59.0 65.0 61.0 
137.0 60.0 80.0 153.0 
62.0 60.0 60.0 62.0 
162.0 60.0 97.0 199.0 
58.0 59.0 66.0 62.0 
114.0 59.0 74.0 127.0 
66.0 60.0 61.0 66.0 
160.0 60.0 96.0 178.0 
57.0 61.0 65.0 60.0 
129.0 59.0 77.0 146.0 
67.0 61.0 62.0 67.0 
168.0 59.0 95.0 175.0 
56.0 59.0 66.0 61.0 
134.0 60.0 79.0 143.0 
64.0 60.0 61.0 62.0 
177.0 60.0 93.0 169.0 
57.0 59.0 65.0 61.0 
146.0 60.0 81.0 148.0 
60.0 60.0 60.0 60.0 
189.0 60.0 94.0 170.0 
56.0 59.0 66.0 62.0 
138.0 60.0 76.0 130.0 
58.0 60.0 60.0 58.0 
191.0 60.0 92.0 157.0 
56.0 59.0 66.0 61.0 
139.0 60.0 76.0 125.0 
58.0 61.0 60.0 60.0 
196.0 60.0 90.0 142.0 
55.0 59.0 66.0 62.0 
159.0 59.0 77.0 134.0 
55.0 60.0 60.0 59.0 
207.0 60.0 89.0 138.0 
55.0 58.0 67.0 62.0 
176.0 59.0 77.0 130.0 
52.0 59.0 59.0 56.0 
199.0 60.0 88.0 129.0 
54.0 59.0 67.0 61.0 
223.0 59.0 77.0 131.0 
50.0 60.0 59.0 56.0 
219.0 60.0 88.0 133.0 
52.0 59.0 66.0 62.0 
280.0 61.0 76.0 128.0 
49.0 60.0 58.0 56.0 
239.0 61.0 90.0 143.0 
53.0 59.0 66.0 63.0 
274.0 61.0 73.0 109.0 
49.0 59.0 59.0 55.0 
222.0 60.0 88.0 132.0 
53.0 59.0 66.0 62.0 
286.0 60.0 73.0 107.0 
49.0 60.0 59.0 57.0 
243.0 60.0 89.0 124.0 
56.0 59.0 66.0 63.0 
256.0 61.0 69.0 95.0 
49.0 60.0 59.0 57.0 
280.0 62.0 88.0 123.0 
55.0 59.0 67.0 64.0 
244.0 60.0 68.0 92.0 
49.0 60.0 59.0 57.0 
352.0 62.0 91.0 132.0 
54.0 59.0 67.0 64.0 
215.0 59.0 69.0 88.0 
47.0 60.0 60.0 58.0 
364.0 63.0 90.0 126.0 
54.0 59.0 68.0 64.0 
274.0 61.0 67.0 87.0 
47.0 60.0 58.0 58.0 
353.0 64.0 86.0 121.0 
54.0 59.0 69.0 64.0 
299.0 61.0 71.0 95.0 
56.0 60.0 60.0 59.0 
345.0 62.0 86.0 116.0 
52.0 59.0 68.0 65.0 
262.0 60.0 68.0 91.0 
67.0 60.0 61.0 60.0 
331.0 62.0 86.0 112.0 
51.0 60.0 67.0 63.0 
328.0 62.0 71.0 95.0 
70.0 60.0 60.0 60.0 
306.0 61.0 85.0 105.0 
50.0 58.0 68.0 65.0 
386.0 64.0 73.0 99.0 
68.0 59.0 60.0 61.0 
310.0 61.0 87.0 106.0 
50.0 59.0 68.0 64.0 
373.0 62.0 73.0 97.0 
74.0 61.0 60.0 61.0 
343.0 61.0 87.0 108.0 
50.0 59.0 67.0 64.0 
313.0 61.0 70.0 91.0 
80.0 60.0 61.0 62.0 
346.0 62.0 88.0 106.0 
51.0 59.0 67.0 63.0 
286.0 61.0 70.0 90.0 
84.0 61.0 60.0 62.0 
347.0 63.0 87.0 106.0 
52.0 58.0 67.0 64.0 
238.0 60.0 65.0 79.0 
86.0 60.0 60.0 61.0 
326.0 62.0 86.0 102.0 
51.0 59.0 67.0 63.0 
335.0 61.0 70.0 91.0 
76.0 60.0 62.0 62.0 
306.0 61.0 86.0 99.0 
49.0 61.0 68.0 64.0 
323.0 62.0 71.0 92.0 
75.0 60.0 60.0 62.0 
293.0 61.0 85.0 98.0 
50.0 59.0 67.0 64.0 
330.0 62.0 71.0 93.0 
69.0 60.0 61.0 61.0 
311.0 62.0 85.0 98.0 
52.0 59.0 66.0 64.0 
230.0 61.0 69.0 85.0 
67.0 60.0 60.0 61.0 
321.0 62.0 86.0 99.0 
53.0 59.0 67.0 64.0 
200.0 60.0 64.0 77.0 
65.0 60.0 61.0 61.0 
239.0 60.0 83.0 89.0 
55.0 58.0 67.0 64.0 
184.0 61.0 67.0 80.0 
66.0 61.0 61.0 61.0 
196.0 60.0 81.0 83.0 
59.0 59.0 68.0 65.0 
197.0 60.0 66.0 80.0 
57.0 60.0 60.0 60.0 
213.0 60.0 81.0 83.0 
58.0 58.0 67.0 65.0 
161.0 60.0 65.0 75.0 
52.0 60.0 60.0 59.0 
213.0 61.0 82.0 85.0 
58.0 59.0 68.0 65.0 
141.0 60.0 65.0 74.0 
52.0 60.0 60.0 58.0 
202.0 60.0 81.0 84.0 
60.0 59.0 69.0 65.0 
101.0 60.0 63.0 69.0 
54.0 60.0 59.0 60.0 
191.0 59.0 81.0 83.0 
62.0 58.0 68.0 65.0 
82.0 59.0 62.0 65.0 
56.0 60.0 59.0 60.0 
186.0 60.0 80.0 83.0 
61.0 59.0 69.0 65.0 
70.0 60.0 60.0 64.0 
56.0 60.0 59.0 59.0 
182.0 60.0 82.0 83.0 
61.0 59.0 68.0 66.0 
67.0 59.0 61.0 62.0 
56.0 61.0 60.0 60.0 
155.0 60.0 81.0 81.0 
62.0 60.0 67.0 66.0 
66.0 59.0 60.0 63.0 
57.0 60.0 60.0 59.0 
133.0 60.0 79.0 77.0 
63.0 59.0 68.0 67.0 
64.0 59.0 62.0 62.0 
58.0 60.0 60.0 60.0 
95.0 60.0 80.0 73.0 
64.0 59.0 69.0 67.0 
65.0 59.0 61.0 63.0 
59.0 60.0 59.0 61.0 
85.0 59.0 79.0 72.0 
64.0 58.0 68.0 68.0 
64.0 59.0 62.0 62.0 
60.0 60.0 58.0 60.0 
78.0 60.0 80.0 72.0 
65.0 59.0 68.0 67.0 
64.0 59.0 61.0 63.0 
60.0 60.0 60.0 60.0 
79.0 60.0 78.0 73.0 
65.0 59.0 68.0 67.0 
63.0 59.0 62.0 63.0 
60.0 61.0 61.0 60.0 
76.0 59.0 79.0 73.0 
64.0 58.0 66.0 66.0 
63.0 60.0 62.0 63.0 
61.0 61.0 60.0 61.0 
76.0 60.0 79.0 72.0 
64.0 59.0 66.0 66.0 
62.0 58.0 63.0 63.0 
61.0 60.0 61.0 61.0 
73.0 60.0 80.0 72.0 
63.0 59.0 66.0 66.0 
62.0 60.0 61.0 63.0 
61.0 60.0 61.0 61.0 
68.0 59.0 79.0 71.0 
65.0 59.0 66.0 66.0 
64.0 59.0 62.0 63.0 
61.0 60.0 60.0 61.0 
67.0 60.0 79.0 71.0 
62.0 59.0 66.0 67.0 
63.0 61.0 61.0 63.0 
61.0 60.0 61.0 62.0 
68.0 60.0 78.0 70.0 
64.0 59.0 65.0 66.0 
62.0 59.0 62.0 63.0 
62.0 60.0 61.0 61.0 
68.0 60.0 79.0 71.0 
64.0 58.0 66.0 66.0 
62.0 59.0 62.0 63.0 
61.0 60.0 61.0 61.0 
68.0 59.0 79.0 71.0 
63.0 59.0 67.0 66.0 
63.0 59.0 62.0 63.0 
61.0 60.0 61.0 61.0 
74.0 60.0 78.0 72.0 
64.0 58.0 67.0 65.0 
62.0 60.0 62.0 63.0 
61.0 60.0 61.0 61.0 
75.0 58.0 79.0 72.0 
63.0 58.0 66.0 67.0 
63.0 60.0 62.0 64.0 
59.0 59.0 60.0 61.0 
73.0 59.0 79.0 71.0 
64.0 59.0 68.0 66.0 
62.0 59.0 60.0 64.0 
61.0 62.0 60.0 61.0 
68.0 61.0 78.0 71.0 
64.0 59.0 66.0 66.0 
62.0 59.0 62.0 63.0 
61.0 61.0 60.0 60.0 
65.0 60.0 79.0 70.0 
64.0 60.0 68.0 66.0 
62.0 60.0 61.0 63.0 
62.0 60.0 61.0 62.0 
68.0 61.0 79.0 72.0 
65.0 59.0 68.0 67.0 
62.0 59.0 62.0 64.0 
62.0 60.0 61.0 61.0 
66.0 60.0 78.0 72.0 
64.0 59.0 68.0 67.0 
62.0 59.0 62.0 64.0 
62.0 60.0 60.0 62.0 
65.0 59.0 79.0 70.0 
63.0 59.0 68.0 67.0 
63.0 60.0 61.0 63.0 
61.0 61.0 60.0 61.0 
64.0 60.0 79.0 71.0 
63.0 59.0 67.0 66.0 
62.0 60.0 62.0 64.0 
61.0 60.0 61.0 61.0 
65.0 60.0 79.0 70.0 
64.0 59.0 67.0 66.0 
62.0 60.0 61.0 63.0 
60.0 60.0 61.0 61.0 
66.0 59.0 79.0 71.0 
63.0 58.0 68.0 66.0 
62.0 61.0 61.0 62.0 
61.0 60.0 60.0 61.0 
66.0 60.0 79.0 70.0 
63.0 58.0 67.0 67.0 
62.0 59.0 62.0 63.0 
61.0 60.0 61.0 61.0 
65.0 60.0 79.0 70.0 
64.0 59.0 68.0 67.0 
62.0 60.0 61.0 63.0 
61.0 60.0 61.0 61.0 
66.0 59.0 79.0 71.0 
63.0 59.0 68.0 67.0 
62.0 59.0 61.0 64.0 
61.0 60.0 61.0 62.0 
65.0 59.0 79.0 70.0 
64.0 59.0 67.0 67.0 
62.0 60.0 61.0 64.0 
61.0 60.0 60.0 62.0 
65.0 59.0 79.0 71.0 
65.0 60.0 66.0 67.0 
62.0 60.0 61.0 62.0 
61.0 60.0 60.0 61.0 
65.0 60.0 78.0 70.0 
64.0 59.0 68.0 67.0 
63.0 59.0 62.0 64.0 
61.0 60.0 60.0 61.0 
66.0 60.0 79.0 70.0 
63.0 58.0 68.0 67.0 
62.0 59.0 62.0 64.0 
61.0 59.0 61.0 61.0 
66.0 60.0 78.0 70.0 
64.0 59.0 68.0 68.0 
61.0 59.0 62.0 63.0 
61.0 60.0 60.0 61.0 
65.0 59.0 77.0 69.0 
64.0 59.0 67.0 67.0 
63.0 61.0 62.0 63.0 
62.0 60.0 61.0 61.0 
64.0 60.0 76.0 68.0 
64.0 59.0 68.0 68.0 
62.0 59.0 63.0 64.0 
62.0 61.0 61.0 61.0 
64.0 59.0 76.0 69.0 
64.0 59.0 69.0 67.0 
62.0 59.0 63.0 64.0 
61.0 60.0 59.0 61.0 
64.0 60.0 75.0 69.0 
63.0 59.0 69.0 67.0 
62.0 60.0 62.0 64.0 
61.0 60.0 61.0 61.0 
64.0 59.0 74.0 68.0 
64.0 59.0 68.0 66.0 
63.0 59.0 62.0 63.0 
61.0 59.0 61.0 61.0 
64.0 61.0 75.0 69.0 
63.0 59.0 67.0 66.0 
62.0 61.0 62.0 64.0 
63.0 61.0 61.0 61.0 
64.0 60.0 74.0 69.0 
64.0 58.0 67.0 66.0 
62.0 60.0 62.0 63.0 
61.0 60.0 60.0 62.0 
64.0 60.0 75.0 70.0 
64.0 59.0 68.0 67.0 
63.0 59.0 62.0 63.0 
61.0 60.0 61.0 61.0 
65.0 60.0 76.0 69.0 
63.0 59.0 67.0 67.0 
62.0 60.0 62.0 63.0 
61.0 60.0 60.0 62.0 
65.0 60.0 76.0 69.0 
64.0 59.0 68.0 66.0 
63.0 59.0 63.0 63.0 
62.0 60.0 61.0 61.0 
66.0 60.0 76.0 69.0 
64.0 58.0 67.0 66.0 
62.0 59.0 62.0 64.0 
61.0 60.0 61.0 61.0 
65.0 60.0 75.0 69.0 
64.0 60.0 67.0 67.0 
63.0 59.0 62.0 63.0 
62.0 60.0 60.0 61.0 
64.0 60.0 75.0 69.0 
63.0 59.0 67.0 66.0 
63.0 60.0 62.0 64.0 
62.0 59.0 61.0 61.0 
65.0 60.0 76.0 71.0 
63.0 58.0 67.0 67.0 
62.0 60.0 63.0 62.0 
61.0 60.0 61.0 62.0 
65.0 60.0 76.0 70.0 
64.0 58.0 66.0 67.0 
60.0 59.0 62.0 63.0 
61.0 59.0 62.0 61.0 
64.0 59.0 76.0 69.0 
63.0 59.0 66.0 66.0 
63.0 59.0 61.0 63.0 
62.0 60.0 60.0 61.0 
64.0 60.0 77.0 69.0 
63.0 60.0 66.0 66.0 
63.0 59.0 63.0 64.0 
62.0 60.0 61.0 61.0 
64.0 59.0 77.0 69.0 
62.0 60.0 66.0 65.0 
63.0 59.0 63.0 63.0 
61.0 61.0 60.0 61.0 
65.0 60.0 77.0 69.0 
62.0 60.0 66.0 66.0 
62.0 58.0 62.0 63.0 
61.0 61.0 60.0 62.0 
66.0 59.0 77.0 70.0 
63.0 59.0 67.0 65.0 
62.0 59.0 62.0 64.0 
62.0 60.0 61.0 61.0 
65.0 61.0 77.0 69.0 
63.0 59.0 65.0 65.0 
63.0 59.0 62.0 64.0 
62.0 60.0 61.0 61.0 
66.0 61.0 77.0 69.0 
63.0 58.0 66.0 65.0 
63.0 61.0 62.0 64.0 
62.0 60.0 62.0 61.0 
65.0 60.0 77.0 69.0 
63.0 59.0 66.0 65.0 
63.0 60.0 62.0 64.0 
62.0 61.0 61.0 61.0 
63.0 60.0 77.0 69.0 
64.0 59.0 66.0 65.0 
62.0 60.0 62.0 63.0 
61.0 59.0 61.0 61.0 
64.0 59.0 77.0 70.0 
62.0 59.0 66.0 65.0 
62.0 60.0 62.0 64.0 
61.0 61.0 60.0 62.0 
64.0 61.0 77.0 70.0 
63.0 59.0 66.0 64.0 
63.0 60.0 62.0 65.0 
62.0 61.0 60.0 61.0 
64.0 60.0 78.0 70.0 
63.0 58.0 65.0 65.0 
62.0 59.0 63.0 63.0 
61.0 60.0 61.0 61.0 
65.0 59.0 77.0 69.0 
63.0 59.0 66.0 65.0 
62.0 58.0 62.0 63.0 
61.0 60.0 60.0 61.0 
64.0 59.0 77.0 69.0 
63.0 58.0 67.0 66.0 
63.0 60.0 62.0 63.0 
62.0 60.0 61.0 61.0 
65.0 59.0 78.0 70.0 
63.0 59.0 67.0 64.0 
62.0 61.0 62.0 63.0 
61.0 61.0 61.0 61.0 
66.0 60.0 77.0 70.0 
62.0 58.0 66.0 65.0 
62.0 59.0 61.0 64.0 
61.0 59.0 61.0 62.0 
65.0 60.0 77.0 70.0 
63.0 59.0 66.0 64.0 
62.0 59.0 62.0 64.0 
62.0 60.0 61.0 61.0 
65.0 60.0 77.0 70.0 
62.0 58.0 65.0 65.0 
63.0 60.0 62.0 63.0 
61.0 60.0 61.0 61.0 
65.0 59.0 76.0 70.0 
63.0 59.0 66.0 65.0 
63.0 60.0 63.0 64.0 
61.0 61.0 60.0 63.0 
65.0 60.0 77.0 70.0 
63.0 58.0 66.0 65.0 
63.0 60.0 63.0 64.0 
62.0 60.0 61.0 60.0 
64.0 60.0 76.0 70.0 
63.0 59.0 66.0 65.0 
63.0 59.0 62.0 63.0 
61.0 60.0 62.0 61.0 
64.0 60.0 77.0 70.0 
62.0 59.0 65.0 65.0 
62.0 59.0 62.0 63.0 
61.0 60.0 60.0 61.0 
65.0 60.0 75.0 70.0 
63.0 58.0 66.0 65.0 
62.0 61.0 62.0 64.0 
60.0 61.0 61.0 61.0 
73.0 59.0 77.0 71.0 
63.0 59.0 65.0 65.0 
63.0 60.0 62.0 63.0 
61.0 60.0 61.0 62.0 
64.0 59.0 77.0 70.0 
63.0 59.0 66.0 65.0 
62.0 59.0 62.0 64.0 
61.0 60.0 60.0 62.0 
64.0 60.0 77.0 70.0 
63.0 59.0 66.0 65.0 
63.0 59.0 62.0 64.0 
61.0 61.0 61.0 61.0 
64.0 60.0 75.0 70.0 
63.0 59.0 66.0 65.0 
63.0 59.0 62.0 64.0 
62.0 60.0 62.0 62.0 
64.0 59.0 76.0 70.0 
63.0 60.0 65.0 65.0 
63.0 60.0 62.0 64.0 
62.0 60.0 61.0 62.0 
65.0 60.0 76.0 69.0 
64.0 60.0 65.0 65.0 
63.0 60.0 62.0 64.0 
62.0 61.0 61.0 62.0 
65.0 59.0 76.0 69.0 
63.0 59.0 66.0 66.0 
63.0 60.0 62.0 63.0 
62.0 60.0 60.0 62.0 
65.0 59.0 77.0 70.0 
63.0 59.0 66.0 65.0 
61.0 59.0 62.0 64.0 
62.0 60.0 61.0 61.0 
65.0 60.0 76.0 70.0 
63.0 57.0 65.0 66.0 
63.0 59.0 62.0 64.0 
61.0 60.0 60.0 61.0 
65.0 58.0 76.0 70.0 
64.0 59.0 66.0 65.0 
62.0 59.0 62.0 64.0 
61.0 60.0 61.0 63.0 
66.0 59.0 77.0 69.0 
63.0 60.0 66.0 66.0 
62.0 60.0 62.0 63.0 
61.0 61.0 61.0 61.0 
66.0 60.0 76.0 71.0 
63.0 59.0 66.0 66.0 
62.0 59.0 62.0 64.0 
61.0 60.0 61.0 61.0 
65.0 59.0 76.0 70.0 
63.0 58.0 67.0 66.0 
62.0 60.0 63.0 64.0 
60.0 60.0 61.0 62.0 
64.0 60.0 76.0 70.0 
63.0 59.0 65.0 66.0 
63.0 59.0 62.0 64.0 
61.0 60.0 60.0 62.0 
65.0 60.0 77.0 70.0 
63.0 59.0 66.0 65.0 
63.0 59.0 61.0 64.0 
62.0 60.0 61.0 63.0 
65.0 60.0 77.0 71.0 
64.0 59.0 66.0 65.0 
63.0 60.0 62.0 64.0 
62.0 60.0 60.0 62.0 
74.0 59.0 78.0 72.0 
62.0 59.0 64.0 64.0 
63.0 59.0 62.0 65.0 
62.0 62.0 61.0 62.0 
66.0 59.0 79.0 72.0 
62.0 59.0 66.0 65.0 
63.0 58.0 63.0 64.0 
62.0 60.0 61.0 62.0 
65.0 60.0 78.0 72.0 
62.0 59.0 65.0 64.0 
62.0 60.0 62.0 65.0 
62.0 61.0 61.0 62.0 
66.0 59.0 79.0 72.0 
61.0 59.0 64.0 65.0 
62.0 59.0 63.0 64.0 
61.0 60.0 60.0 61.0 
66.0 59.0 78.0 71.0 
62.0 59.0 65.0 65.0 
62.0 60.0 62.0 64.0 
61.0 60.0 61.0 61.0 
65.0 62.0 78.0 71.0 
62.0 60.0 64.0 64.0 
63.0 58.0 62.0 63.0 
61.0 61.0 61.0 62.0 
65.0 59.0 78.0 70.0 
64.0 59.0 64.0 66.0 
61.0 60.0 62.0 64.0 
61.0 61.0 60.0 60.0 
65.0 60.0 78.0 70.0 
62.0 59.0 65.0 65.0 
62.0 59.0 62.0 63.0 
61.0 60.0 61.0 61.0 
66.0 60.0 79.0 72.0 
63.0 59.0 65.0 65.0 
62.0 60.0 62.0 64.0 
61.0 60.0 60.0 61.0 
66.0 59.0 79.0 72.0 
63.0 59.0 63.0 64.0 
62.0 59.0 63.0 63.0 
61.0 60.0 59.0 63.0 
65.0 60.0 78.0 73.0 
62.0 59.0 65.0 64.0 
62.0 59.0 62.0 63.0 
62.0 61.0 60.0 62.0 
66.0 60.0 78.0 72.0 
62.0 58.0 64.0 63.0 
63.0 58.0 62.0 64.0 
61.0 59.0 61.0 62.0 
65.0 60.0 77.0 71.0 
63.0 59.0 64.0 65.0 
63.0 59.0 62.0 64.0 
61.0 60.0 61.0 62.0 
66.0 59.0 77.0 70.0 
63.0 59.0 65.0 64.0 
63.0 59.0 62.0 64.0 
61.0 59.0 59.0 62.0 
66.0 60.0 79.0 71.0 
61.0 60.0 64.0 64.0 
62.0 60.0 61.0 63.0 
61.0 60.0 61.0 61.0 
66.0 59.0 76.0 71.0 
62.0 60.0 65.0 65.0 
62.0 61.0 62.0 64.0 
61.0 60.0 61.0 62.0 
66.0 59.0 77.0 71.0 
62.0 58.0 64.0 65.0 
62.0 59.0 62.0 64.0 
63.0 60.0 61.0 62.0 
68.0 60.0 76.0 71.0 
62.0 59.0 64.0 64.0 
62.0 60.0 62.0 63.0 
61.0 59.0 61.0 62.0 
70.0 60.0 76.0 71.0 
62.0 59.0 64.0 64.0 
62.0 59.0 63.0 64.0 
61.0 61.0 61.0 62.0 
72.0 60.0 75.0 71.0 
62.0 59.0 64.0 65.0 
62.0 59.0 62.0 64.0 
62.0 60.0 62.0 62.0 
72.0 59.0 76.0 71.0 
61.0 58.0 65.0 64.0 
62.0 60.0 62.0 64.0 
62.0 61.0 60.0 62.0 
72.0 59.0 76.0 71.0 
62.0 59.0 64.0 64.0 
62.0 61.0 62.0 64.0 
61.0 60.0 61.0 61.0 
69.0 60.0 75.0 71.0 
62.0 59.0 64.0 64.0 
63.0 60.0 63.0 64.0 
62.0 60.0 60.0 63.0 
67.0 59.0 76.0 71.0 
62.0 59.0 64.0 64.0 
61.0 60.0 61.0 64.0 
62.0 60.0 61.0 61.0 
68.0 60.0 77.0 72.0 
62.0 59.0 65.0 64.0 
63.0 60.0 63.0 64.0 
61.0 60.0 60.0 62.0 
68.0 60.0 78.0 72.0 
64.0 58.0 64.0 64.0 
63.0 59.0 63.0 64.0 
61.0 60.0 61.0 62.0 
67.0 59.0 79.0 71.0 
63.0 59.0 64.0 64.0 
62.0 60.0 62.0 64.0 
62.0 60.0 61.0 61.0 
67.0 60.0 79.0 73.0 
62.0 59.0 64.0 65.0 
62.0 59.0 62.0 64.0 
62.0 60.0 61.0 61.0 
68.0 59.0 79.0 72.0 
62.0 58.0 65.0 64.0 
63.0 59.0 62.0 64.0 
60.0 60.0 60.0 62.0 
69.0 60.0 79.0 71.0 
62.0 59.0 63.0 64.0 
62.0 59.0 62.0 64.0 
61.0 60.0 62.0 62.0 
68.0 60.0 80.0 72.0 
62.0 60.0 63.0 64.0 
62.0 59.0 63.0 64.0 
61.0 60.0 61.0 62.0 
70.0 59.0 79.0 72.0 
61.0 59.0 64.0 63.0 
62.0 58.0 63.0 63.0 
61.0 60.0 61.0 62.0 
72.0 60.0 79.0 72.0 
60.0 59.0 63.0 64.0 
62.0 60.0 62.0 63.0 
62.0 59.0 61.0 61.0 
70.0 60.0 79.0 72.0 
63.0 58.0 64.0 64.0 
62.0 59.0 62.0 64.0 
62.0 60.0 61.0 62.0 
69.0 62.0 79.0 72.0 
63.0 59.0 65.0 64.0 
63.0 58.0 62.0 64.0 
61.0 61.0 60.0 61.0 
74.0 59.0 78.0 72.0 
61.0 59.0 62.0 64.0 
62.0 59.0 62.0 64.0 
61.0 60.0 61.0 61.0 
76.0 60.0 78.0 73.0 
62.0 59.0 63.0 63.0 
61.0 60.0 62.0 64.0 
61.0 59.0 61.0 61.0 
77.0 60.0 78.0 73.0 
61.0 60.0 64.0 64.0 
61.0 61.0 63.0 64.0 
61.0 60.0 61.0 59.0 
75.0 60.0 78.0 72.0 
62.0 60.0 64.0 63.0 
63.0 59.0 62.0 65.0 
60.0 60.0 61.0 62.0 
77.0 60.0 79.0 73.0 
62.0 58.0 65.0 63.0 
62.0 59.0 63.0 64.0 
62.0 60.0 61.0 62.0 
76.0 59.0 79.0 72.0 
61.0 59.0 64.0 64.0 
61.0 60.0 62.0 64.0 
61.0 59.0 61.0 61.0 
77.0 60.0 77.0 72.0 
63.0 59.0 64.0 64.0 
62.0 59.0 63.0 64.0 
61.0 61.0 60.0 61.0 
77.0 59.0 78.0 72.0 
61.0 59.0 65.0 64.0 
61.0 59.0 64.0 65.0 
62.0 60.0 61.0 62.0 
77.0 60.0 79.0 73.0 
61.0 59.0 64.0 64.0 
61.0 60.0 62.0 64.0 
61.0 59.0 61.0 61.0 
77.0 60.0 79.0 73.0 
62.0 59.0 64.0 64.0 
63.0 60.0 63.0 64.0 
62.0 60.0 61.0 61.0 
76.0 60.0 77.0 71.0 
61.0 59.0 64.0 64.0 
61.0 59.0 63.0 64.0 
61.0 60.0 61.0 61.0 
70.0 59.0 77.0 71.0 
62.0 59.0 65.0 65.0 
63.0 59.0 63.0 64.0 
61.0 60.0 60.0 61.0 
69.0 59.0 76.0 71.0 
63.0 60.0 64.0 64.0 
63.0 59.0 63.0 63.0 
60.0 59.0 60.0 62.0 
73.0 60.0 76.0 71.0 
62.0 59.0 64.0 65.0 
62.0 59.0 62.0 64.0 
60.0 60.0 61.0 61.0 
70.0 59.0 76.0 71.0 
62.0 59.0 65.0 64.0 
62.0 59.0 63.0 64.0 
61.0 59.0 61.0 62.0 
71.0 59.0 77.0 71.0 
61.0 59.0 64.0 64.0 
62.0 59.0 63.0 63.0 
62.0 60.0 60.0 62.0 
71.0 60.0 77.0 71.0 
62.0 59.0 64.0 64.0 
62.0 59.0 63.0 63.0 
61.0 60.0 61.0 61.0 
71.0 59.0 78.0 71.0 
61.0 58.0 65.0 63.0 
61.0 59.0 63.0 65.0 
61.0 61.0 60.0 62.0 
71.0 59.0 78.0 72.0 
61.0 58.0 64.0 63.0 
62.0 59.0 63.0 64.0 
61.0 60.0 61.0 61.0 
73.0 59.0 79.0 73.0 
62.0 59.0 64.0 64.0 
62.0 59.0 63.0 64.0 
61.0 60.0 61.0 63.0 
72.0 60.0 79.0 72.0 
62.0 58.0 64.0 63.0 
62.0 60.0 61.0 64.0 
61.0 61.0 61.0 62.0 
73.0 60.0 78.0 72.0 
62.0 59.0 63.0 64.0 
63.0 57.0 63.0 64.0 
61.0 62.0 61.0 62.0 
73.0 59.0 79.0 73.0 
62.0 59.0 64.0 63.0 
62.0 59.0 62.0 64.0 
61.0 61.0 60.0 62.0 
72.0 60.0 78.0 71.0 
61.0 59.0 64.0 64.0 
62.0 59.0 62.0 63.0 
61.0 60.0 60.0 62.0 
73.0 60.0 77.0 72.0 
62.0 59.0 63.0 64.0 
62.0 59.0 63.0 63.0 
61.0 61.0 61.0 62.0 
72.0 60.0 78.0 71.0 
62.0 59.0 63.0 64.0 
63.0 58.0 62.0 64.0 
62.0 60.0 61.0 62.0 
72.0 60.0 78.0 70.0 
62.0 58.0 64.0 64.0 
62.0 59.0 63.0 63.0 
61.0 60.0 62.0 61.0 
73.0 59.0 78.0 72.0 
61.0 59.0 64.0 64.0 
63.0 60.0 62.0 64.0 
62.0 59.0 60.0 61.0 
72.0 60.0 78.0 71.0 
61.0 59.0 63.0 64.0 
62.0 59.0 63.0 64.0 
61.0 60.0 61.0 62.0 
73.0 60.0 79.0 72.0 
62.0 58.0 64.0 63.0 
62.0 59.0 62.0 63.0 
61.0 60.0 61.0 61.0 
73.0 60.0 79.0 72.0 
62.0 58.0 64.0 64.0 
62.0 61.0 62.0 63.0 
60.0 60.0 61.0 62.0 
73.0 60.0 80.0 72.0 
61.0 60.0 64.0 63.0 
62.0 58.0 61.0 64.0 
62.0 59.0 61.0 62.0 
72.0 59.0 78.0 71.0 
61.0 59.0 64.0 64.0 
63.0 59.0 62.0 64.0 
61.0 60.0 60.0 62.0 
72.0 59.0 78.0 71.0 
61.0 59.0 64.0 64.0 
62.0 59.0 61.0 65.0 
62.0 60.0 60.0 62.0 
73.0 60.0 79.0 71.0 
61.0 59.0 64.0 64.0 
63.0 58.0 61.0 64.0 
61.0 60.0 61.0 61.0 
72.0 60.0 77.0 73.0 
61.0 59.0 63.0 63.0 
60.0 60.0 62.0 63.0 
61.0 60.0 61.0 61.0 
73.0 59.0 78.0 72.0 
62.0 58.0 63.0 63.0 
61.0 60.0 62.0 64.0 
61.0 61.0 59.0 61.0 
73.0 60.0 78.0 72.0 
61.0 59.0 64.0 64.0 
62.0 60.0 62.0 63.0 
62.0 61.0 61.0 62.0 
73.0 59.0 77.0 71.0 
61.0 59.0 64.0 63.0 
62.0 59.0 62.0 64.0 
61.0 60.0 61.0 61.0 
71.0 60.0 76.0 70.0 
62.0 59.0 64.0 64.0 
62.0 59.0 63.0 64.0 
61.0 59.0 61.0 61.0 
72.0 60.0 77.0 71.0 
61.0 59.0 65.0 65.0 
63.0 59.0 63.0 63.0 
61.0 60.0 61.0 61.0 
72.0 60.0 77.0 72.0 
61.0 58.0 64.0 64.0 
62.0 59.0 62.0 64.0 
60.0 60.0 61.0 62.0 
72.0 59.0 77.0 72.0 
61.0 59.0 63.0 63.0 
62.0 59.0 63.0 65.0 
61.0 60.0 60.0 62.0 
72.0 60.0 77.0 71.0 
62.0 59.0 64.0 64.0 
63.0 59.0 62.0 64.0 
61.0 60.0 61.0 62.0 
72.0 59.0 77.0 71.0 
60.0 59.0 64.0 64.0 
62.0 60.0 62.0 65.0 
61.0 59.0 61.0 62.0 
73.0 59.0 77.0 71.0 
62.0 59.0 65.0 64.0 
62.0 59.0 61.0 66.0 
61.0 60.0 61.0 61.0 
71.0 60.0 77.0 71.0 
62.0 60.0 66.0 64.0 
62.0 60.0 62.0 64.0 
61.0 59.0 61.0 61.0 
72.0 59.0 77.0 71.0 
62.0 59.0 65.0 65.0 
61.0 60.0 63.0 64.0 
61.0 59.0 61.0 62.0 
73.0 60.0 76.0 70.0 
62.0 58.0 65.0 65.0 
62.0 59.0 62.0 64.0 
61.0 61.0 61.0 61.0 
72.0 59.0 77.0 71.0 
62.0 59.0 63.0 65.0 
62.0 58.0 61.0 63.0 
61.0 60.0 60.0 61.0 
71.0 60.0 76.0 70.0 
62.0 59.0 65.0 65.0 
62.0 59.0 63.0 64.0 
60.0 60.0 62.0 61.0 
71.0 60.0 77.0 71.0 
62.0 59.0 65.0 64.0 
62.0 59.0 62.0 65.0 
61.0 60.0 60.0 61.0 
71.0 59.0 76.0 71.0 
62.0 59.0 64.0 65.0 
63.0 60.0 63.0 63.0 
61.0 60.0 61.0 62.0 
72.0 59.0 76.0 70.0 
62.0 58.0 65.0 65.0 
62.0 60.0 62.0 64.0 
61.0 60.0 60.0 62.0 
71.0 59.0 77.0 71.0 
62.0 59.0 64.0 63.0 
62.0 60.0 62.0 64.0 
61.0 60.0 61.0 61.0 
72.0 60.0 78.0 71.0 
61.0 59.0 63.0 63.0 
62.0 58.0 61.0 65.0 
62.0 60.0 61.0 62.0 
72.0 60.0 77.0 71.0 
62.0 57.0 64.0 64.0 
62.0 60.0 62.0 64.0 
61.0 60.0 61.0 61.0 
72.0 60.0 77.0 71.0 
61.0 58.0 64.0 64.0 
62.0 59.0 62.0 64.0 
61.0 60.0 61.0 61.0 
73.0 59.0 78.0 70.0 
62.0 59.0 64.0 63.0 
62.0 59.0 62.0 64.0 
61.0 60.0 60.0 61.0 
73.0 61.0 77.0 71.0 
62.0 60.0 64.0 63.0 
63.0 60.0 63.0 64.0 
61.0 59.0 61.0 61.0 
72.0 60.0 76.0 72.0 
61.0 58.0 64.0 64.0 
62.0 59.0 62.0 64.0 
61.0 60.0 61.0 61.0 
73.0 60.0 76.0 71.0 
63.0 59.0 63.0 65.0 
62.0 59.0 63.0 64.0 
61.0 60.0 62.0 62.0 
73.0 60.0 77.0 71.0 
62.0 60.0 64.0 64.0 
62.0 60.0 62.0 65.0 
62.0 60.0 61.0 62.0 
73.0 60.0 76.0 71.0 
62.0 59.0 63.0 64.0 
62.0 59.0 64.0 63.0 
61.0 60.0 62.0 61.0 
71.0 59.0 76.0 71.0 
62.0 59.0 64.0 64.0 
63.0 59.0 63.0 63.0 
61.0 60.0 61.0 61.0 
72.0 60.0 77.0 71.0 
61.0 59.0 65.0 65.0 
62.0 59.0 63.0 64.0 
61.0 59.0 61.0 61.0 
72.0 60.0 77.0 71.0 
62.0 59.0 64.0 64.0 
62.0 60.0 62.0 64.0 
61.0 60.0 61.0 62.0 
72.0 59.0 76.0 71.0 
62.0 60.0 65.0 64.0 
61.0 59.0 63.0 64.0 
63.0 60.0 61.0 62.0 
73.0 59.0 75.0 70.0 
62.0 58.0 64.0 63.0 
63.0 59.0 62.0 64.0 
60.0 59.0 60.0 61.0 
72.0 60.0 76.0 70.0 
62.0 59.0 64.0 64.0 
62.0 58.0 63.0 63.0 
61.0 60.0 60.0 63.0 
72.0 60.0 76.0 70.0 
62.0 60.0 63.0 63.0 
63.0 59.0 63.0 64.0 
61.0 60.0 61.0 62.0 
73.0 60.0 76.0 72.0 
62.0 58.0 64.0 63.0 
62.0 60.0 63.0 64.0 
61.0 59.0 60.0 62.0 
73.0 60.0 77.0 71.0 
61.0 59.0 64.0 65.0 
62.0 60.0 63.0 64.0 
61.0 60.0 61.0 62.0 
74.0 59.0 77.0 71.0 
63.0 59.0 65.0 64.0 
62.0 59.0 61.0 64.0 
61.0 60.0 60.0 61.0 
73.0 58.0 77.0 70.0 
62.0 59.0 63.0 64.0 
62.0 60.0 62.0 63.0 
61.0 60.0 60.0 62.0 
73.0 60.0 77.0 70.0 
62.0 59.0 65.0 65.0 
62.0 60.0 63.0 64.0 
61.0 60.0 61.0 62.0 
74.0 60.0 77.0 71.0 
62.0 59.0 63.0 63.0 
63.0 60.0 63.0 64.0 
62.0 59.0 61.0 61.0 
74.0 59.0 77.0 72.0 
62.0 59.0 64.0 64.0 
62.0 59.0 62.0 64.0 
61.0 60.0 60.0 62.0 
74.0 59.0 77.0 70.0 
62.0 58.0 65.0 64.0 
61.0 59.0 62.0 64.0 
61.0 60.0 61.0 61.0 
74.0 59.0 77.0 70.0 
62.0 59.0 64.0 65.0 
62.0 59.0 63.0 63.0 
61.0 60.0 60.0 62.0 
73.0 60.0 77.0 71.0 
62.0 58.0 65.0 64.0 
62.0 59.0 63.0 64.0 
61.0 60.0 62.0 62.0 
74.0 60.0 77.0 71.0 
62.0 59.0 64.0 64.0 
62.0 59.0 62.0 64.0 
61.0 61.0 61.0 62.0 
75.0 60.0 76.0 71.0 
62.0 59.0 65.0 64.0 
62.0 60.0 62.0 63.0 
60.0 60.0 61.0 61.0 
74.0 59.0 76.0 71.0 
63.0 58.0 65.0 64.0 
62.0 60.0 61.0 64.0 
61.0 61.0 60.0 62.0 
74.0 60.0 76.0 70.0 
62.0 59.0 65.0 65.0 
63.0 60.0 63.0 64.0 
61.0 60.0 61.0 62.0 
75.0 59.0 76.0 70.0 
62.0 59.0 64.0 65.0 
62.0 60.0 62.0 65.0 
61.0 60.0 61.0 61.0 
75.0 60.0 76.0 71.0 
61.0 60.0 65.0 65.0 
62.0 59.0 62.0 64.0 
60.0 59.0 61.0 62.0 
73.0 60.0 77.0 71.0 
63.0 59.0 64.0 65.0 
61.0 60.0 62.0 64.0 
61.0 60.0 60.0 61.0 
73.0 59.0 76.0 70.0 
62.0 58.0 65.0 65.0 
62.0 58.0 62.0 63.0 
61.0 61.0 61.0 61.0 
73.0 61.0 76.0 71.0 
63.0 59.0 65.0 64.0 
63.0 59.0 62.0 63.0 
61.0 60.0 61.0 61.0 
73.0 60.0 77.0 70.0 
62.0 59.0 65.0 64.0 
62.0 59.0 63.0 63.0 
62.0 60.0 61.0 61.0 
72.0 59.0 78.0 72.0 
61.0 59.0 65.0 65.0 
63.0 60.0 62.0 63.0 
60.0 60.0 60.0 61.0 
73.0 60.0 77.0 71.0 
63.0 59.0 65.0 64.0 
62.0 60.0 61.0 63.0 
62.0 60.0 61.0 61.0 
75.0 59.0 77.0 70.0 
63.0 59.0 65.0 65.0 
63.0 60.0 62.0 64.0 
62.0 59.0 61.0 61.0 
73.0 60.0 78.0 71.0 
62.0 59.0 64.0 64.0 
61.0 59.0 61.0 64.0 
61.0 60.0 60.0 61.0 
74.0 59.0 77.0 71.0 
62.0 59.0 66.0 63.0 
61.0 60.0 62.0 64.0 
61.0 60.0 60.0 61.0 
73.0 60.0 76.0 72.0 
61.0 59.0 64.0 64.0 
62.0 60.0 62.0 65.0 
61.0 61.0 60.0 61.0 
74.0 59.0 77.0 71.0 
63.0 59.0 64.0 64.0 
62.0 59.0 62.0 64.0 
61.0 60.0 62.0 61.0 
74.0 59.0 77.0 71.0 
62.0 59.0 65.0 65.0 
62.0 59.0 62.0 64.0 
61.0 60.0 60.0 62.0 
74.0 59.0 77.0 71.0 
62.0 59.0 65.0 64.0 
63.0 59.0 63.0 63.0 
61.0 60.0 61.0 61.0 
74.0 61.0 76.0 71.0 
63.0 59.0 64.0 64.0 
62.0 60.0 62.0 64.0 
61.0 60.0 62.0 61.0 
75.0 60.0 76.0 71.0 
63.0 58.0 65.0 65.0 
62.0 60.0 63.0 63.0 
61.0 60.0 62.0 62.0 
73.0 59.0 77.0 70.0 
62.0 59.0 65.0 66.0 
62.0 59.0 62.0 64.0 
60.0 60.0 61.0 61.0 
74.0 60.0 75.0 71.0 
61.0 59.0 65.0 65.0 
61.0 59.0 62.0 64.0 
61.0 60.0 60.0 61.0 
75.0 59.0 76.0 71.0 
62.0 59.0 65.0 65.0 
62.0 60.0 62.0 63.0 
62.0 60.0 61.0 61.0 
76.0 59.0 77.0 70.0 
62.0 59.0 65.0 65.0 
62.0 59.0 63.0 64.0 
60.0 61.0 60.0 61.0 
74.0 59.0 77.0 71.0 
62.0 59.0 65.0 65.0 
62.0 59.0 61.0 64.0 
60.0 60.0 61.0 61.0 
75.0 59.0 76.0 71.0 
62.0 58.0 65.0 65.0 
62.0 59.0 62.0 64.0 
60.0 60.0 60.0 61.0 
76.0 59.0 77.0 70.0 
61.0 60.0 65.0 64.0 
62.0 60.0 63.0 63.0 
60.0 61.0 61.0 61.0 
76.0 61.0 77.0 71.0 
62.0 59.0 65.0 64.0 
63.0 59.0 64.0 63.0 
61.0 60.0 61.0 61.0 
74.0 60.0 76.0 71.0 
63.0 58.0 65.0 65.0 
62.0 59.0 61.0 64.0 
61.0 60.0 61.0 61.0 
73.0 59.0 76.0 71.0 
63.0 58.0 66.0 65.0 
62.0 59.0 61.0 64.0 
60.0 60.0 61.0 61.0 
73.0 60.0 76.0 71.0 
62.0 58.0 65.0 65.0 
62.0 59.0 62.0 64.0 
61.0 60.0 61.0 62.0 
73.0 60.0 76.0 71.0 
63.0 59.0 65.0 65.0 
62.0 59.0 63.0 64.0 
61.0 61.0 60.0 60.0 
73.0 60.0 75.0 72.0 
62.0 59.0 65.0 65.0 
62.0 58.0 61.0 63.0 
60.0 60.0 61.0 61.0 
74.0 60.0 76.0 71.0 
63.0 59.0 64.0 65.0 
61.0 60.0 62.0 64.0 
62.0 60.0 60.0 61.0 
73.0 60.0 77.0 71.0 
63.0 59.0 65.0 65.0 
62.0 60.0 62.0 63.0 
61.0 60.0 61.0 61.0 
74.0 60.0 76.0 71.0 
62.0 59.0 66.0 65.0 
62.0 61.0 63.0 64.0 
61.0 60.0 61.0 61.0 
72.0 60.0 77.0 71.0 
62.0 59.0 65.0 65.0 
62.0 59.0 62.0 64.0 
61.0 61.0 61.0 61.0 
72.0 60.0 78.0 71.0 
62.0 59.0 65.0 66.0 
62.0 60.0 63.0 64.0 
61.0 60.0 61.0 61.0 
72.0 60.0 76.0 71.0 
63.0 58.0 64.0 65.0 
62.0 60.0 62.0 64.0 
61.0 60.0 61.0 61.0 
72.0 60.0 76.0 70.0 
63.0 59.0 65.0 64.0 
62.0 59.0 62.0 63.0 
60.0 60.0 60.0 62.0 
76.0 59.0 77.0 72.0 
61.0 59.0 63.0 63.0 
62.0 60.0 63.0 65.0 
61.0 60.0 61.0 61.0 
76.0 60.0 77.0 73.0 
62.0 59.0 64.0 65.0 
62.0 58.0 62.0 64.0 
60.0 59.0 60.0 61.0 
76.0 59.0 76.0 71.0 
62.0 59.0 65.0 67.0 
61.0 60.0 62.0 63.0 
61.0 60.0 61.0 61.0 
76.0 61.0 76.0 71.0 
61.0 59.0 65.0 64.0 
62.0 60.0 63.0 64.0 
60.0 60.0 62.0 61.0 
76.0 60.0 77.0 71.0 
62.0 58.0 64.0 64.0 
62.0 60.0 64.0 64.0 
62.0 60.0 61.0 63.0 
76.0 60.0 77.0 71.0 
61.0 59.0 64.0 65.0 
61.0 59.0 63.0 64.0 
60.0 60.0 61.0 61.0 
76.0 60.0 77.0 71.0 
61.0 58.0 65.0 63.0 
61.0 60.0 63.0 65.0 
61.0 60.0 61.0 62.0 
76.0 60.0 78.0 71.0 
62.0 59.0 65.0 64.0 
62.0 59.0 63.0 64.0 
61.0 59.0 61.0 61.0 
76.0 60.0 77.0 72.0 
61.0 59.0 64.0 65.0 
61.0 59.0 63.0 65.0 
61.0 60.0 61.0 61.0 
76.0 60.0 77.0 71.0 
62.0 59.0 64.0 64.0 
62.0 59.0 63.0 64.0 
60.0 60.0 61.0 62.0 
76.0 59.0 77.0 72.0 
61.0 59.0 63.0 64.0 
62.0 60.0 63.0 64.0 
61.0 60.0 62.0 61.0 
76.0 60.0 77.0 71.0 
61.0 59.0 64.0 64.0 
62.0 59.0 64.0 65.0 
60.0 60.0 61.0 62.0 
76.0 60.0 77.0 72.0 
61.0 59.0 65.0 64.0 
63.0 59.0 63.0 64.0 
61.0 59.0 61.0 61.0 
76.0 59.0 78.0 72.0 
61.0 59.0 62.0 63.0 
62.0 59.0 63.0 64.0 
61.0 60.0 60.0 61.0 
76.0 59.0 78.0 72.0 
62.0 59.0 63.0 63.0 
62.0 59.0 62.0 64.0 
61.0 59.0 60.0 62.0 
76.0 58.0 77.0 71.0 
61.0 58.0 63.0 64.0 
62.0 59.0 63.0 65.0 
63.0 60.0 60.0 61.0 
76.0 59.0 79.0 72.0 
62.0 59.0 63.0 63.0 
62.0 60.0 63.0 63.0 
61.0 60.0 60.0 61.0 
76.0 59.0 78.0 72.0 
61.0 59.0 64.0 64.0 
62.0 59.0 64.0 64.0 
60.0 61.0 60.0 62.0 
76.0 60.0 77.0 72.0 
61.0 59.0 63.0 63.0 
61.0 61.0 63.0 65.0 
61.0 60.0 60.0 61.0 
76.0 60.0 78.0 72.0 
62.0 59.0 64.0 64.0 
63.0 59.0 64.0 64.0 
60.0 60.0 61.0 61.0 
75.0 60.0 78.0 72.0 
60.0 60.0 62.0 63.0 
61.0 60.0 62.0 64.0 
61.0 60.0 60.0 61.0 
76.0 59.0 78.0 72.0 
61.0 59.0 63.0 63.0 
62.0 60.0 64.0 64.0 
61.0 60.0 60.0 61.0 
77.0 59.0 79.0 73.0 
62.0 58.0 63.0 63.0 
63.0 60.0 64.0 65.0 
61.0 60.0 61.0 61.0 
77.0 59.0 79.0 72.0 
61.0 59.0 62.0 63.0 
62.0 59.0 63.0 64.0 
61.0 60.0 60.0 62.0 
76.0 61.0 78.0 72.0 
61.0 60.0 62.0 63.0 
61.0 58.0 63.0 64.0 
60.0 60.0 61.0 61.0 
77.0 60.0 78.0 73.0 
61.0 58.0 63.0 63.0 
61.0 60.0 62.0 64.0 
60.0 60.0 61.0 61.0 
77.0 59.0 78.0 72.0 
61.0 59.0 63.0 64.0 
62.0 60.0 63.0 64.0 
60.0 60.0 61.0 62.0 
77.0 60.0 78.0 72.0 
61.0 59.0 62.0 62.0 
62.0 59.0 63.0 64.0 
61.0 60.0 61.0 61.0 
76.0 60.0 77.0 73.0 
61.0 59.0 62.0 62.0 
62.0 61.0 64.0 66.0 
60.0 60.0 61.0 61.0 
76.0 61.0 77.0 73.0 
60.0 59.0 62.0 62.0 
62.0 59.0 63.0 65.0 
61.0 60.0 61.0 61.0 
77.0 60.0 79.0 72.0 
61.0 58.0 62.0 62.0 
62.0 60.0 63.0 64.0 
61.0 59.0 61.0 61.0 
77.0 59.0 78.0 72.0 
61.0 59.0 62.0 62.0 
62.0 60.0 63.0 64.0 
61.0 60.0 60.0 61.0 
76.0 60.0 77.0 73.0 
61.0 60.0 62.0 62.0 
62.0 59.0 63.0 64.0 
61.0 60.0 60.0 61.0 
76.0 60.0 77.0 72.0 
60.0 59.0 62.0 62.0 
62.0 59.0 64.0 64.0 
61.0 60.0 61.0 61.0 
76.0 60.0 78.0 72.0 
61.0 59.0 61.0 61.0 
62.0 60.0 63.0 64.0 
60.0 60.0 61.0 61.0 
77.0 60.0 78.0 71.0 
60.0 59.0 61.0 61.0 
62.0 59.0 63.0 65.0 
61.0 60.0 61.0 61.0 
76.0 60.0 77.0 72.0 
61.0 58.0 62.0 61.0 
62.0 59.0 64.0 64.0 
61.0 60.0 60.0 61.0 
76.0 60.0 77.0 73.0 
60.0 58.0 61.0 62.0 
62.0 61.0 64.0 65.0 
59.0 61.0 62.0 61.0 
78.0 59.0 77.0 72.0 
61.0 58.0 62.0 62.0 
61.0 59.0 62.0 64.0 
60.0 60.0 61.0 61.0 
77.0 60.0 78.0 72.0 
59.0 60.0 62.0 61.0 
62.0 58.0 63.0 65.0 
61.0 61.0 61.0 61.0 
76.0 60.0 78.0 72.0 
60.0 59.0 63.0 64.0 
61.0 59.0 64.0 64.0 
61.0 60.0 61.0 61.0 
75.0 60.0 78.0 72.0 
61.0 59.0 64.0 63.0 
61.0 60.0 63.0 65.0 
61.0 59.0 61.0 62.0 
74.0 60.0 77.0 72.0 
61.0 60.0 63.0 64.0 
62.0 60.0 64.0 65.0 
61.0 59.0 61.0 61.0 
75.0 59.0 78.0 72.0 
62.0 58.0 65.0 63.0 
62.0 60.0 62.0 64.0 
61.0 59.0 60.0 61.0 
75.0 59.0 78.0 72.0 
61.0 59.0 65.0 65.0 
62.0 59.0 63.0 65.0 
61.0 60.0 61.0 62.0 
75.0 60.0 77.0 72.0 
62.0 59.0 65.0 65.0 
62.0 60.0 62.0 64.0 
61.0 60.0 61.0 61.0 
75.0 60.0 78.0 71.0 
61.0 59.0 64.0 64.0 
62.0 60.0 63.0 64.0 
61.0 60.0 61.0 61.0 
74.0 60.0 77.0 72.0 
62.0 58.0 62.0 63.0 
62.0 59.0 63.0 64.0 
61.0 59.0 61.0 61.0 
73.0 60.0 77.0 72.0 
62.0 59.0 65.0 65.0 
62.0 59.0 63.0 65.0 
61.0 59.0 61.0 62.0 
74.0 59.0 77.0 72.0 
62.0 58.0 64.0 64.0 
63.0 59.0 63.0 65.0 
61.0 60.0 61.0 62.0 
73.0 60.0 76.0 72.0 
63.0 59.0 64.0 64.0 
63.0 60.0 63.0 64.0 
61.0 61.0 61.0 62.0 
73.0 60.0 77.0 72.0 
64.0 59.0 63.0 65.0 
62.0 59.0 62.0 64.0 
62.0 60.0 61.0 61.0 
72.0 60.0 76.0 71.0 
62.0 59.0 65.0 64.0 
61.0 59.0 62.0 64.0 
61.0 60.0 61.0 62.0 
74.0 60.0 77.0 71.0 
62.0 58.0 65.0 65.0 
62.0 60.0 63.0 64.0 
61.0 59.0 61.0 60.0 
73.0 59.0 76.0 72.0 
62.0 59.0 64.0 64.0 
62.0 59.0 63.0 64.0 
60.0 61.0 61.0 61.0 
72.0 60.0 77.0 71.0 
62.0 58.0 65.0 65.0 
62.0 59.0 62.0 64.0 
61.0 59.0 62.0 62.0 
72.0 60.0 76.0 71.0 
62.0 59.0 64.0 65.0 
64.0 59.0 62.0 65.0 
61.0 60.0 61.0 61.0 
73.0 60.0 76.0 72.0 
62.0 59.0 63.0 65.0 
61.0 60.0 62.0 65.0 
62.0 59.0 60.0 61.0 
73.0 59.0 77.0 72.0 
62.0 59.0 65.0 64.0 
62.0 60.0 63.0 64.0 
61.0 61.0 60.0 61.0 
74.0 58.0 77.0 72.0 
62.0 59.0 64.0 64.0 
62.0 59.0 62.0 64.0 
61.0 60.0 61.0 60.0 
75.0 59.0 76.0 72.0 
62.0 58.0 65.0 65.0 
62.0 59.0 62.0 65.0 
61.0 59.0 60.0 61.0 
74.0 60.0 77.0 71.0 
61.0 60.0 64.0 64.0 
62.0 59.0 64.0 65.0 
60.0 60.0 62.0 62.0 
73.0 59.0 76.0 72.0 
62.0 59.0 64.0 64.0 
62.0 60.0 63.0 65.0 
61.0 60.0 60.0 61.0 
73.0 59.0 77.0 71.0 
62.0 59.0 64.0 65.0 
62.0 60.0 63.0 64.0 
61.0 61.0 60.0 61.0 
72.0 60.0 77.0 72.0 
62.0 59.0 64.0 65.0 
61.0 59.0 63.0 64.0 
61.0 60.0 61.0 62.0 
73.0 60.0 76.0 72.0 
62.0 59.0 65.0 64.0 
62.0 60.0 62.0 64.0 
60.0 60.0 61.0 61.0 
72.0 60.0 77.0 71.0 
63.0 58.0 65.0 64.0 
62.0 59.0 62.0 64.0 
61.0 60.0 60.0 61.0 
73.0 59.0 77.0 71.0 
63.0 59.0 65.0 65.0 
61.0 60.0 62.0 65.0 
61.0 60.0 60.0 61.0 
73.0 59.0 77.0 71.0 
62.0 60.0 65.0 64.0 
62.0 60.0 62.0 65.0 
60.0 61.0 60.0 61.0 
74.0 59.0 77.0 71.0 
62.0 59.0 65.0 65.0 
62.0 59.0 62.0 64.0 
61.0 60.0 60.0 61.0 
71.0 59.0 77.0 73.0 
62.0 58.0 65.0 64.0 
62.0 60.0 63.0 65.0 
61.0 60.0 62.0 61.0 
75.0 59.0 77.0 72.0 
62.0 58.0 64.0 64.0 
63.0 60.0 62.0 65.0 
61.0 61.0 60.0 61.0 
74.0 60.0 77.0 72.0 
62.0 59.0 65.0 64.0 
62.0 60.0 62.0 64.0 
60.0 60.0 60.0 61.0 
73.0 60.0 77.0 72.0 
62.0 59.0 64.0 64.0 
63.0 59.0 63.0 65.0 
60.0 60.0 60.0 60.0 
74.0 59.0 78.0 72.0 
62.0 59.0 63.0 64.0 
61.0 59.0 62.0 63.0 
60.0 61.0 60.0 61.0 
73.0 59.0 77.0 71.0 
62.0 60.0 64.0 65.0 
62.0 60.0 62.0 65.0 
61.0 61.0 60.0 62.0 
71.0 59.0 76.0 70.0 
62.0 59.0 65.0 65.0 
62.0 59.0 63.0 64.0 
61.0 60.0 61.0 61.0 
72.0 59.0 76.0 72.0 
62.0 59.0 65.0 64.0 
63.0 59.0 62.0 64.0 
60.0 60.0 59.0 61.0 
73.0 60.0 76.0 72.0 
63.0 59.0 64.0 64.0 
62.0 59.0 63.0 64.0 
60.0 60.0 60.0 61.0 
72.0 61.0 77.0 72.0 
63.0 59.0 65.0 65.0 
62.0 59.0 63.0 64.0 
61.0 60.0 61.0 62.0 
73.0 60.0 77.0 71.0 
63.0 59.0 64.0 64.0 
62.0 59.0 62.0 64.0 
61.0 61.0 60.0 61.0 
74.0 59.0 77.0 72.0 
62.0 59.0 64.0 64.0 
62.0 59.0 63.0 64.0 
60.0 60.0 59.0 61.0 
75.0 59.0 78.0 72.0 
62.0 59.0 65.0 64.0 
62.0 59.0 63.0 64.0 
61.0 60.0 60.0 60.0 
74.0 59.0 78.0 72.0 
62.0 59.0 65.0 64.0 
62.0 60.0 61.0 64.0 
60.0 61.0 59.0 62.0 
73.0 60.0 78.0 71.0 
62.0 59.0 66.0 65.0 
62.0 59.0 62.0 64.0 
61.0 60.0 60.0 61.0 
72.0 60.0 77.0 71.0 
63.0 60.0 65.0 65.0 
63.0 59.0 62.0 65.0 
61.0 60.0 60.0 61.0 
74.0 60.0 77.0 72.0 
62.0 59.0 65.0 65.0 
62.0 59.0 61.0 64.0 
60.0 60.0 61.0 61.0 
73.0 59.0 77.0 71.0 
63.0 59.0 65.0 65.0 
61.0 61.0 62.0 63.0 
61.0 59.0 62.0 61.0 
74.0 60.0 77.0 71.0 
63.0 58.0 65.0 65.0 
62.0 60.0 61.0 64.0 
61.0 60.0 60.0 62.0 
73.0 60.0 77.0 71.0 
62.0 59.0 65.0 66.0 
62.0 60.0 62.0 64.0 
61.0 60.0 62.0 60.0 
74.0 59.0 76.0 71.0 
63.0 58.0 65.0 65.0 
62.0 60.0 61.0 63.0 
61.0 60.0 61.0 61.0 
74.0 59.0 77.0 71.0 
61.0 60.0 65.0 66.0 
62.0 59.0 62.0 64.0 
61.0 60.0 61.0 61.0 
73.0 59.0 77.0 71.0 
62.0 59.0 65.0 66.0 
62.0 59.0 62.0 64.0 
63.0 60.0 61.0 61.0 
74.0 59.0 77.0 71.0 
62.0 60.0 65.0 65.0 
62.0 59.0 60.0 63.0 
61.0 60.0 61.0 62.0 
73.0 59.0 78.0 71.0 
63.0 59.0 65.0 65.0 
62.0 59.0 62.0 63.0 
62.0 60.0 61.0 61.0 
73.0 59.0 77.0 70.0 
63.0 59.0 65.0 65.0 
63.0 59.0 62.0 64.0 
61.0 60.0 60.0 62.0 
74.0 59.0 76.0 71.0 
63.0 59.0 65.0 65.0 
62.0 59.0 62.0 64.0 
61.0 60.0 61.0 61.0 
73.0 60.0 77.0 70.0 
63.0 58.0 66.0 66.0 
62.0 59.0 62.0 64.0 
61.0 59.0 61.0 61.0 
73.0 61.0 76.0 71.0 
63.0 59.0 65.0 65.0 
62.0 60.0 62.0 63.0 
61.0 60.0 60.0 61.0 
74.0 58.0 76.0 72.0 
63.0 59.0 65.0 64.0 
63.0 60.0 62.0 63.0 
60.0 61.0 59.0 61.0 
73.0 60.0 77.0 71.0 
63.0 58.0 65.0 64.0 
62.0 58.0 62.0 64.0 
60.0 60.0 60.0 62.0 
72.0 59.0 76.0 71.0 
63.0 60.0 65.0 65.0 
62.0 60.0 62.0 64.0 
61.0 60.0 60.0 61.0 
72.0 59.0 76.0 71.0 
63.0 59.0 65.0 66.0 
61.0 59.0 62.0 63.0 
61.0 60.0 60.0 61.0 
74.0 59.0 76.0 71.0 
62.0 60.0 65.0 64.0 
62.0 59.0 62.0 63.0 
61.0 60.0 60.0 61.0 
75.0 61.0 77.0 71.0 
62.0 59.0 65.0 65.0 
62.0 59.0 62.0 64.0 
61.0 60.0 60.0 61.0 
75.0 59.0 77.0 72.0 
63.0 59.0 65.0 64.0 
63.0 60.0 62.0 64.0 
61.0 60.0 60.0 61.0 
74.0 59.0 76.0 72.0 
63.0 60.0 64.0 67.0 
61.0 59.0 62.0 63.0 
61.0 59.0 60.0 61.0 
74.0 59.0 77.0 72.0 
63.0 59.0 65.0 64.0 
61.0 60.0 62.0 64.0 
61.0 60.0 60.0 61.0 
74.0 59.0 77.0 71.0 
62.0 58.0 65.0 64.0 
62.0 59.0 62.0 64.0 
61.0 60.0 60.0 60.0 
74.0 60.0 77.0 71.0 
62.0 59.0 65.0 64.0 
62.0 60.0 62.0 63.0 
61.0 61.0 60.0 61.0 
72.0 60.0 77.0 71.0 
62.0 59.0 64.0 64.0 
62.0 59.0 61.0 64.0 
61.0 60.0 60.0 61.0 
71.0 60.0 78.0 73.0 
62.0 59.0 63.0 63.0 
62.0 59.0 63.0 63.0 
60.0 59.0 61.0 62.0 
72.0 60.0 77.0 73.0 
62.0 58.0 65.0 64.0 
61.0 59.0 62.0 64.0 
61.0 60.0 61.0 61.0 
72.0 60.0 78.0 72.0 
61.0 59.0 63.0 64.0 
62.0 59.0 62.0 64.0 
61.0 59.0 61.0 61.0 
71.0 59.0 77.0 71.0 
62.0 59.0 64.0 64.0 
62.0 60.0 62.0 64.0 
61.0 60.0 61.0 61.0 
69.0 61.0 77.0 72.0 
62.0 58.0 64.0 64.0 
62.0 59.0 62.0 64.0 
62.0 59.0 60.0 62.0 
76.0 60.0 78.0 72.0 
60.0 59.0 64.0 64.0 
63.0 58.0 64.0 64.0 
61.0 60.0 61.0 62.0 
75.0 60.0 77.0 72.0 
62.0 59.0 64.0 64.0 
62.0 58.0 63.0 63.0 
62.0 60.0 61.0 61.0 
75.0 59.0 77.0 71.0 
63.0 58.0 65.0 64.0 
62.0 59.0 62.0 64.0 
61.0 61.0 60.0 62.0 
71.0 60.0 77.0 71.0 
63.0 59.0 65.0 64.0 
63.0 59.0 62.0 64.0 
61.0 60.0 59.0 61.0 
74.0 60.0 77.0 72.0 
62.0 59.0 65.0 65.0 
63.0 59.0 62.0 64.0 
61.0 60.0 61.0 61.0 
73.0 61.0 76.0 71.0 
61.0 59.0 65.0 65.0 
61.0 60.0 62.0 64.0 
60.0 60.0 61.0 62.0 
73.0 60.0 78.0 71.0 
62.0 59.0 65.0 65.0 
62.0 60.0 61.0 63.0 
61.0 60.0 61.0 62.0 
73.0 60.0 77.0 72.0 
63.0 59.0 65.0 65.0 
62.0 59.0 62.0 64.0 
60.0 60.0 61.0 62.0 
74.0 61.0 77.0 71.0 
63.0 58.0 65.0 64.0 
62.0 59.0 62.0 64.0 
60.0 59.0 62.0 61.0 
74.0 59.0 77.0 71.0 
63.0 59.0 65.0 65.0 
62.0 60.0 62.0 64.0 
61.0 60.0 61.0 62.0 
75.0 59.0 78.0 72.0 
62.0 59.0 65.0 65.0 
62.0 59.0 62.0 63.0 
61.0 60.0 60.0 61.0 
74.0 60.0 78.0 71.0 
62.0 59.0 65.0 65.0 
62.0 59.0 62.0 64.0 
60.0 60.0 60.0 61.0 
74.0 60.0 76.0 71.0 
62.0 60.0 65.0 65.0 
62.0 59.0 60.0 64.0 
61.0 60.0 61.0 61.0 
74.0 60.0 75.0 71.0 
62.0 58.0 66.0 65.0 
62.0 59.0 61.0 64.0 
61.0 59.0 60.0 61.0 
74.0 59.0 77.0 70.0 
63.0 58.0 65.0 65.0 
63.0 60.0 62.0 63.0 
61.0 61.0 60.0 61.0 
72.0 58.0 76.0 70.0 
62.0 58.0 65.0 64.0 
62.0 59.0 61.0 63.0 
61.0 60.0 60.0 62.0 
70.0 60.0 76.0 70.0 
63.0 59.0 66.0 66.0 
62.0 59.0 62.0 64.0 
61.0 60.0 61.0 61.0 
72.0 60.0 76.0 71.0 
62.0 57.0 66.0 65.0 
62.0 60.0 62.0 64.0 
61.0 59.0 61.0 62.0 
72.0 60.0 76.0 71.0 
63.0 58.0 65.0 65.0 
62.0 59.0 62.0 63.0 
61.0 60.0 61.0 62.0 
73.0 61.0 78.0 71.0 
63.0 59.0 65.0 65.0 
61.0 59.0 62.0 64.0 
61.0 60.0 61.0 61.0 
72.0 60.0 76.0 70.0 
62.0 59.0 65.0 65.0 
63.0 59.0 61.0 64.0 
62.0 60.0 61.0 61.0 
75.0 60.0 77.0 71.0 
63.0 58.0 65.0 65.0 
62.0 59.0 62.0 63.0 
60.0 61.0 61.0 62.0 
74.0 61.0 76.0 71.0 
62.0 59.0 65.0 65.0 
62.0 59.0 63.0 63.0 
61.0 60.0 61.0 61.0 
80.0 61.0 76.0 72.0 
62.0 59.0 65.0 65.0 
62.0 60.0 61.0 64.0 
61.0 61.0 61.0 61.0 
80.0 60.0 76.0 71.0 
61.0 59.0 66.0 65.0 
62.0 58.0 62.0 64.0 
61.0 59.0 61.0 61.0 
82.0 60.0 77.0 72.0 
62.0 58.0 65.0 66.0 
62.0 59.0 61.0 64.0 
61.0 60.0 61.0 61.0 
82.0 59.0 78.0 71.0 
62.0 59.0 66.0 65.0 
61.0 59.0 61.0 64.0 
61.0 59.0 61.0 61.0 
82.0 59.0 76.0 72.0 
62.0 58.0 66.0 66.0 
62.0 58.0 62.0 63.0 
61.0 60.0 60.0 60.0 
80.0 60.0 76.0 71.0 
62.0 59.0 66.0 66.0 
61.0 59.0 62.0 64.0 
61.0 60.0 61.0 61.0 
82.0 60.0 77.0 72.0 
63.0 59.0 65.0 66.0 
62.0 60.0 62.0 64.0 
61.0 60.0 60.0 61.0 
80.0 61.0 76.0 72.0 
63.0 58.0 66.0 65.0 
61.0 60.0 62.0 63.0 
61.0 60.0 60.0 62.0 
78.0 60.0 77.0 71.0 
63.0 59.0 66.0 66.0 
62.0 59.0 62.0 63.0 
60.0 60.0 60.0 61.0 
78.0 60.0 77.0 72.0 
63.0 58.0 66.0 67.0 
61.0 60.0 62.0 63.0 
61.0 60.0 61.0 61.0 
77.0 61.0 77.0 71.0 
63.0 58.0 66.0 66.0 
62.0 59.0 63.0 63.0 
60.0 60.0 60.0 61.0 
83.0 61.0 77.0 72.0 
64.0 58.0 66.0 66.0 
61.0 58.0 61.0 63.0 
60.0 60.0 61.0 61.0 
84.0 59.0 77.0 72.0 
63.0 60.0 66.0 66.0 
61.0 59.0 63.0 64.0 
62.0 59.0 60.0 61.0 
85.0 59.0 78.0 72.0 
63.0 59.0 67.0 66.0 
62.0 58.0 63.0 63.0 
60.0 61.0 60.0 60.0 
84.0 60.0 77.0 72.0 
63.0 59.0 66.0 67.0 
61.0 60.0 62.0 63.0 
60.0 60.0 60.0 61.0 
84.0 60.0 76.0 72.0 
63.0 59.0 67.0 66.0 
61.0 60.0 62.0 64.0 
61.0 60.0 60.0 62.0 
84.0 60.0 77.0 73.0 
63.0 59.0 66.0 67.0 
61.0 59.0 62.0 63.0 
61.0 59.0 61.0 61.0 
83.0 60.0 77.0 72.0 
63.0 59.0 66.0 66.0 
61.0 59.0 62.0 63.0 
60.0 60.0 61.0 61.0 
83.0 60.0 77.0 73.0 
63.0 58.0 66.0 66.0 
61.0 59.0 61.0 63.0 
60.0 60.0 60.0 61.0 
83.0 59.0 77.0 73.0 
63.0 60.0 67.0 66.0 
61.0 58.0 62.0 64.0 
61.0 60.0 60.0 61.0 
85.0 60.0 77.0 74.0 
62.0 59.0 66.0 66.0 
62.0 59.0 62.0 62.0 
60.0 60.0 60.0 62.0 
83.0 60.0 77.0 72.0 
63.0 58.0 67.0 67.0 
62.0 59.0 62.0 63.0 
61.0 60.0 61.0 61.0 
84.0 59.0 77.0 72.0 
63.0 59.0 67.0 66.0 
62.0 60.0 62.0 64.0 
61.0 59.0 60.0 61.0 
84.0 60.0 77.0 72.0 
62.0 60.0 67.0 67.0 
61.0 59.0 62.0 62.0 
60.0 61.0 60.0 62.0 
84.0 60.0 77.0 73.0 
63.0 59.0 66.0 66.0 
61.0 59.0 63.0 64.0 
60.0 60.0 60.0 62.0 
84.0 59.0 77.0 73.0 
62.0 59.0 67.0 66.0 
60.0 59.0 63.0 62.0 
60.0 60.0 60.0 62.0 
83.0 59.0 77.0 72.0 
63.0 58.0 66.0 66.0 
61.0 59.0 62.0 63.0 
60.0 60.0 60.0 62.0 
83.0 60.0 77.0 73.0 
62.0 58.0 66.0 66.0 
62.0 59.0 61.0 64.0 
60.0 60.0 61.0 61.0 
84.0 60.0 78.0 72.0 
63.0 59.0 66.0 67.0 
62.0 60.0 61.0 63.0 
60.0 60.0 60.0 62.0 
84.0 59.0 77.0 73.0 
63.0 59.0 67.0 67.0 
61.0 60.0 63.0 63.0 
61.0 59.0 61.0 61.0 
83.0 61.0 77.0 73.0 
63.0 59.0 67.0 66.0 
62.0 59.0 61.0 64.0 
61.0 60.0 61.0 61.0 
84.0 60.0 76.0 73.0 
64.0 58.0 66.0 66.0 
61.0 60.0 62.0 63.0 
60.0 59.0 60.0 62.0 
84.0 60.0 77.0 72.0 
63.0 59.0 67.0 66.0 
61.0 59.0 63.0 63.0 
60.0 60.0 60.0 60.0 
83.0 61.0 77.0 72.0 
63.0 59.0 66.0 67.0 
61.0 60.0 62.0 63.0 
60.0 61.0 60.0 61.0 
81.0 60.0 77.0 72.0 
63.0 58.0 67.0 67.0 
61.0 59.0 61.0 63.0 
60.0 60.0 61.0 61.0 
81.0 60.0 77.0 73.0 
63.0 58.0 67.0 66.0 
62.0 60.0 62.0 63.0 
61.0 60.0 60.0 60.0 
80.0 60.0 76.0 71.0 
63.0 58.0 67.0 65.0 
62.0 59.0 61.0 64.0 
61.0 60.0 61.0 61.0 
75.0 59.0 75.0 72.0 
63.0 59.0 66.0 67.0 
62.0 59.0 62.0 64.0 
61.0 60.0 60.0 62.0 
81.0 59.0 76.0 72.0 
64.0 59.0 67.0 66.0 
62.0 60.0 62.0 64.0 
61.0 58.0 60.0 61.0 
80.0 60.0 77.0 72.0 
64.0 59.0 66.0 66.0 
62.0 59.0 61.0 63.0 
60.0 60.0 60.0 61.0 
80.0 61.0 76.0 72.0 
63.0 59.0 67.0 66.0 
62.0 60.0 62.0 63.0 
60.0 61.0 60.0 62.0 
79.0 61.0 76.0 72.0 
63.0 59.0 67.0 67.0 
62.0 59.0 62.0 64.0 
61.0 60.0 60.0 61.0 
80.0 60.0 77.0 71.0 
64.0 58.0 67.0 66.0 
61.0 59.0 62.0 64.0 
61.0 61.0 60.0 61.0 
80.0 59.0 76.0 71.0 
63.0 59.0 66.0 66.0 
62.0 59.0 62.0 63.0 
61.0 60.0 60.0 62.0 
84.0 59.0 77.0 72.0 
64.0 59.0 67.0 66.0 
62.0 60.0 63.0 63.0 
61.0 59.0 59.0 61.0 
82.0 58.0 77.0 72.0 
63.0 60.0 66.0 67.0 
62.0 60.0 62.0 63.0 
61.0 61.0 60.0 61.0 
82.0 60.0 77.0 71.0 
63.0 59.0 66.0 66.0 
62.0 60.0 61.0 63.0 
60.0 60.0 61.0 62.0 
81.0 60.0 77.0 71.0 
63.0 59.0 66.0 67.0 
62.0 60.0 61.0 63.0 
61.0 60.0 60.0 61.0 
81.0 60.0 77.0 71.0 
64.0 58.0 67.0 66.0 
63.0 59.0 61.0 63.0 
61.0 59.0 61.0 61.0 
81.0 59.0 77.0 72.0 
63.0 59.0 66.0 66.0 
61.0 59.0 61.0 64.0 
61.0 59.0 61.0 61.0 
81.0 60.0 78.0 72.0 
63.0 59.0 66.0 67.0 
62.0 60.0 62.0 63.0 
60.0 60.0 61.0 63.0 
80.0 60.0 78.0 72.0 
64.0 59.0 67.0 66.0 
61.0 59.0 62.0 63.0 
61.0 59.0 61.0 62.0 
82.0 59.0 76.0 72.0 
63.0 59.0 66.0 67.0 
62.0 59.0 61.0 63.0 
62.0 60.0 60.0 60.0 
81.0 59.0 76.0 72.0 
63.0 59.0 66.0 66.0 
61.0 59.0 62.0 63.0 
61.0 60.0 61.0 61.0 
82.0 59.0 76.0 72.0 
63.0 58.0 66.0 67.0 
62.0 58.0 62.0 63.0 
60.0 60.0 61.0 61.0 
81.0 61.0 77.0 73.0 
64.0 58.0 67.0 66.0 
62.0 59.0 61.0 64.0 
61.0 59.0 60.0 61.0 
81.0 60.0 77.0 72.0 
63.0 59.0 66.0 67.0 
62.0 59.0 61.0 64.0 
60.0 60.0 61.0 62.0 
83.0 59.0 77.0 72.0 
63.0 59.0 66.0 66.0 
62.0 59.0 62.0 64.0 
60.0 61.0 61.0 61.0 
84.0 59.0 77.0 72.0 
63.0 59.0 66.0 66.0 
61.0 59.0 62.0 63.0 
61.0 60.0 60.0 61.0 
84.0 59.0 77.0 72.0 
62.0 58.0 66.0 65.0 
63.0 58.0 62.0 63.0 
60.0 60.0 60.0 62.0 
83.0 60.0 78.0 72.0 
63.0 60.0 65.0 66.0 
62.0 59.0 61.0 63.0 
60.0 61.0 60.0 61.0 
82.0 59.0 78.0 71.0 
63.0 59.0 66.0 66.0 
61.0 59.0 61.0 63.0 
61.0 60.0 60.0 62.0 
81.0 60.0 78.0 72.0 
63.0 59.0 66.0 66.0 
61.0 61.0 61.0 64.0 
60.0 60.0 61.0 61.0 
81.0 59.0 78.0 71.0 
63.0 59.0 65.0 66.0 
61.0 60.0 61.0 63.0 
61.0 59.0 60.0 61.0 
84.0 61.0 77.0 72.0 
62.0 58.0 67.0 66.0 
61.0 59.0 62.0 63.0 
61.0 61.0 60.0 61.0 
89.0 59.0 77.0 72.0 
63.0 59.0 66.0 65.0 
62.0 58.0 61.0 64.0 
61.0 60.0 59.0 61.0 
86.0 60.0 77.0 73.0 
63.0 59.0 66.0 66.0 
61.0 59.0 62.0 63.0 
60.0 60.0 60.0 61.0 
86.0 60.0 78.0 71.0 
63.0 58.0 67.0 66.0 
61.0 60.0 62.0 63.0 
61.0 60.0 59.0 62.0 
86.0 59.0 78.0 72.0 
63.0 59.0 67.0 66.0 
60.0 59.0 62.0 63.0 
60.0 60.0 59.0 61.0 
85.0 59.0 78.0 72.0 
63.0 58.0 67.0 65.0 
62.0 60.0 61.0 64.0 
62.0 60.0 60.0 61.0 
79.0 58.0 77.0 72.0 
63.0 58.0 66.0 66.0 
62.0 59.0 61.0 64.0 
61.0 60.0 59.0 61.0 
80.0 59.0 76.0 71.0 
63.0 60.0 66.0 67.0 
61.0 61.0 62.0 63.0 
61.0 59.0 61.0 61.0 
80.0 60.0 77.0 72.0 
63.0 59.0 66.0 66.0 
62.0 59.0 61.0 64.0 
61.0 60.0 60.0 61.0 
80.0 60.0 77.0 71.0 
63.0 59.0 67.0 66.0 
61.0 57.0 62.0 63.0 
60.0 60.0 62.0 62.0 
80.0 60.0 78.0 71.0 
61.0 59.0 66.0 66.0 
61.0 59.0 61.0 63.0 
60.0 60.0 60.0 62.0 
82.0 59.0 78.0 71.0 
63.0 59.0 66.0 66.0 
61.0 59.0 61.0 63.0 
61.0 60.0 60.0 61.0 
81.0 60.0 77.0 71.0 
63.0 58.0 66.0 67.0 
61.0 59.0 61.0 64.0 
60.0 60.0 61.0 61.0 
83.0 60.0 78.0 72.0 
63.0 59.0 65.0 66.0 
61.0 59.0 62.0 64.0 
61.0 60.0 60.0 62.0 
83.0 59.0 77.0 71.0 
63.0 58.0 66.0 66.0 
61.0 60.0 62.0 63.0 
60.0 60.0 60.0 61.0 
83.0 60.0 76.0 72.0 
63.0 58.0 66.0 66.0 
61.0 60.0 62.0 63.0 
60.0 60.0 60.0 60.0 
88.0 60.0 77.0 72.0 
62.0 58.0 66.0 66.0 
61.0 60.0 61.0 64.0 
60.0 59.0 61.0 61.0 
90.0 59.0 77.0 73.0 
63.0 58.0 66.0 65.0 
61.0 58.0 62.0 63.0 
59.0 60.0 60.0 62.0 
89.0 60.0 77.0 73.0 
64.0 58.0 66.0 66.0 
62.0 58.0 61.0 63.0 
60.0 60.0 61.0 61.0 
91.0 58.0 78.0 73.0 
63.0 59.0 67.0 65.0 
61.0 59.0 61.0 64.0 
60.0 60.0 60.0 62.0 
90.0 60.0 77.0 73.0 
63.0 58.0 66.0 66.0 
61.0 59.0 61.0 63.0 
60.0 60.0 60.0 61.0 
92.0 59.0 78.0 73.0 
62.0 59.0 66.0 66.0 
61.0 59.0 61.0 64.0 
59.0 60.0 60.0 61.0 
86.0 60.0 77.0 72.0 
63.0 58.0 66.0 66.0 
62.0 59.0 61.0 63.0 
60.0 61.0 60.0 61.0 
86.0 61.0 78.0 72.0 
63.0 59.0 66.0 65.0 
61.0 59.0 62.0 64.0 
60.0 59.0 60.0 61.0 
86.0 60.0 78.0 72.0 
63.0 59.0 67.0 66.0 
61.0 60.0 62.0 63.0 
60.0 60.0 61.0 60.0 
88.0 59.0 77.0 72.0 
62.0 59.0 66.0 66.0 
61.0 60.0 60.0 64.0 
61.0 59.0 60.0 61.0 
89.0 59.0 78.0 73.0 
62.0 60.0 66.0 66.0 
61.0 59.0 61.0 63.0 
60.0 60.0 60.0 62.0 
90.0 59.0 77.0 73.0 
62.0 58.0 66.0 66.0 
61.0 59.0 62.0 63.0 
60.0 60.0 60.0 61.0 
91.0 59.0 78.0 73.0 
63.0 59.0 67.0 66.0 
61.0 59.0 61.0 63.0 
60.0 60.0 60.0 61.0 
92.0 59.0 77.0 72.0 
62.0 60.0 65.0 66.0 
61.0 59.0 63.0 63.0 
60.0 60.0 60.0 61.0 
93.0 59.0 78.0 72.0 
62.0 59.0 66.0 66.0 
61.0 60.0 62.0 63.0 
60.0 59.0 60.0 61.0 
93.0 60.0 78.0 73.0 
63.0 59.0 66.0 66.0 
61.0 59.0 62.0 63.0 
60.0 60.0 60.0 61.0 
93.0 59.0 77.0 75.0 
62.0 58.0 66.0 66.0 
61.0 58.0 62.0 64.0 
60.0 60.0 60.0 61.0 
92.0 58.0 78.0 74.0 
61.0 59.0 67.0 66.0 
61.0 59.0 63.0 62.0 
60.0 60.0 59.0 61.0 
92.0 60.0 78.0 73.0 
63.0 59.0 66.0 67.0 
60.0 58.0 62.0 63.0 
60.0 60.0 60.0 62.0 
93.0 60.0 77.0 73.0 
62.0 59.0 67.0 66.0 
61.0 58.0 62.0 63.0 
60.0 60.0 61.0 62.0 
93.0 60.0 78.0 73.0 
62.0 57.0 66.0 66.0 
61.0 59.0 62.0 63.0 
59.0 60.0 60.0 62.0 
92.0 60.0 78.0 72.0 
63.0 59.0 65.0 66.0 
61.0 60.0 62.0 64.0 
61.0 59.0 61.0 61.0 
92.0 60.0 78.0 73.0 
62.0 60.0 66.0 66.0 
61.0 60.0 62.0 63.0 
60.0 60.0 60.0 61.0 
93.0 60.0 77.0 73.0 
63.0 59.0 66.0 66.0 
61.0 60.0 62.0 63.0 
60.0 60.0 60.0 61.0 
93.0 58.0 78.0 72.0 
63.0 58.0 66.0 66.0 
61.0 60.0 63.0 63.0 
60.0 60.0 60.0 62.0 
93.0 60.0 76.0 73.0 
63.0 58.0 66.0 66.0 
61.0 59.0 62.0 63.0 
60.0 60.0 61.0 62.0 
93.0 60.0 77.0 73.0 
62.0 58.0 65.0 66.0 
60.0 59.0 62.0 64.0 
60.0 60.0 61.0 61.0 
92.0 60.0 79.0 73.0 
62.0 59.0 65.0 65.0 
60.0 60.0 61.0 63.0 
60.0 61.0 60.0 62.0 
93.0 59.0 78.0 73.0 
61.0 60.0 65.0 65.0 
60.0 60.0 62.0 64.0 
61.0 59.0 60.0 60.0 
94.0 59.0 78.0 74.0 
62.0 59.0 64.0 64.0 
61.0 59.0 62.0 64.0 
59.0 60.0 60.0 62.0 
94.0 59.0 78.0 73.0 
62.0 59.0 64.0 65.0 
61.0 58.0 62.0 63.0 
60.0 60.0 60.0 61.0 
93.0 59.0 77.0 74.0 
62.0 58.0 67.0 65.0 
60.0 59.0 63.0 64.0 
60.0 59.0 60.0 61.0 
93.0 60.0 78.0 74.0 
63.0 58.0 66.0 64.0 
61.0 59.0 62.0 63.0 
60.0 60.0 60.0 61.0 
93.0 60.0 78.0 73.0 
62.0 59.0 65.0 65.0 
61.0 59.0 62.0 64.0 
60.0 60.0 61.0 61.0 
94.0 59.0 78.0 73.0 
62.0 59.0 66.0 65.0 
61.0 59.0 62.0 63.0 
60.0 60.0 60.0 61.0 
94.0 59.0 79.0 73.0 
62.0 59.0 65.0 66.0 
62.0 59.0 62.0 63.0 
60.0 59.0 60.0 61.0 
93.0 59.0 78.0 73.0 
59.0 58.0 66.0 66.0 
61.0 59.0 61.0 64.0 
60.0 60.0 60.0 61.0 
94.0 60.0 77.0 73.0 
62.0 59.0 65.0 65.0 
60.0 60.0 62.0 63.0 
60.0 60.0 60.0 61.0 
94.0 59.0 78.0 73.0 
62.0 59.0 65.0 65.0 
60.0 60.0 63.0 64.0 
60.0 60.0 60.0 61.0 
94.0 60.0 78.0 73.0 
62.0 58.0 66.0 66.0 
61.0 60.0 63.0 62.0 
60.0 60.0 61.0 61.0 
93.0 60.0 77.0 73.0 
62.0 59.0 66.0 65.0 
60.0 59.0 63.0 63.0 
60.0 60.0 60.0 61.0 
95.0 59.0 78.0 73.0 
61.0 58.0 65.0 65.0 
61.0 60.0 62.0 63.0 
60.0 60.0 60.0 61.0 
93.0 61.0 78.0 73.0 
62.0 58.0 65.0 65.0 
61.0 59.0 62.0 63.0 
59.0 60.0 61.0 61.0 
92.0 60.0 78.0 73.0 
62.0 59.0 65.0 66.0 
62.0 58.0 63.0 63.0 
60.0 60.0 62.0 60.0 
91.0 59.0 79.0 73.0 
62.0 59.0 66.0 65.0 
62.0 59.0 62.0 64.0 
61.0 60.0 60.0 62.0 
91.0 60.0 78.0 73.0 
62.0 59.0 65.0 66.0 
61.0 59.0 62.0 63.0 
60.0 59.0 61.0 61.0 
90.0 59.0 78.0 73.0 
63.0 59.0 65.0 65.0 
62.0 59.0 62.0 63.0 
60.0 60.0 60.0 61.0 
91.0 61.0 78.0 73.0 
62.0 58.0 65.0 65.0 
62.0 60.0 61.0 64.0 
60.0 60.0 61.0 61.0 
92.0 59.0 78.0 73.0 
62.0 58.0 65.0 65.0 
62.0 59.0 62.0 64.0 
61.0 59.0 60.0 61.0 
92.0 59.0 79.0 72.0 
62.0 59.0 66.0 65.0 
61.0 59.0 62.0 63.0 
61.0 60.0 60.0 60.0 
91.0 60.0 79.0 75.0 
62.0 58.0 65.0 65.0 
61.0 58.0 62.0 63.0 
60.0 59.0 61.0 61.0 
92.0 60.0 78.0 73.0 
62.0 59.0 65.0 65.0 
62.0 59.0 62.0 63.0 
60.0 61.0 60.0 61.0 
87.0 60.0 78.0 73.0 
62.0 58.0 65.0 65.0 
61.0 59.0 62.0 63.0 
61.0 59.0 62.0 61.0 
89.0 59.0 78.0 72.0 
61.0 58.0 65.0 65.0 
62.0 60.0 61.0 64.0 
60.0 60.0 60.0 61.0 
88.0 60.0 78.0 73.0 
62.0 59.0 65.0 65.0 
61.0 60.0 61.0 62.0 
60.0 60.0 61.0 61.0 
89.0 60.0 79.0 73.0 
62.0 58.0 65.0 65.0 
61.0 60.0 61.0 64.0 
60.0 60.0 61.0 61.0 
90.0 60.0 78.0 73.0 
62.0 59.0 65.0 65.0 
61.0 59.0 62.0 63.0 
60.0 61.0 61.0 61.0 
90.0 60.0 78.0 73.0 
62.0 60.0 64.0 65.0 
61.0 59.0 62.0 63.0 
60.0 60.0 60.0 61.0 
90.0 59.0 79.0 73.0 
63.0 58.0 65.0 65.0 
60.0 59.0 62.0 64.0 
60.0 60.0 60.0 60.0 
89.0 60.0 78.0 73.0 
61.0 59.0 65.0 64.0 
61.0 60.0 62.0 63.0 
60.0 60.0 61.0 61.0 
90.0 60.0 79.0 73.0 
62.0 58.0 65.0 65.0 
62.0 59.0 61.0 64.0 
59.0 60.0 61.0 61.0 
91.0 58.0 79.0 73.0 
62.0 59.0 65.0 64.0 
61.0 60.0 62.0 63.0 
60.0 60.0 60.0 61.0 
89.0 60.0 78.0 74.0 
61.0 59.0 64.0 64.0 
61.0 59.0 61.0 64.0 
61.0 60.0 60.0 61.0 
89.0 60.0 79.0 75.0 
62.0 58.0 65.0 65.0 
62.0 60.0 62.0 63.0 
60.0 59.0 60.0 61.0 
91.0 60.0 79.0 73.0 
62.0 59.0 65.0 64.0 
62.0 58.0 62.0 64.0 
60.0 60.0 61.0 61.0 
91.0 60.0 78.0 74.0 
62.0 58.0 65.0 65.0 
61.0 59.0 62.0 64.0 
60.0 60.0 61.0 61.0 
90.0 60.0 78.0 74.0 
62.0 59.0 65.0 65.0 
62.0 60.0 62.0 64.0 
60.0 60.0 61.0 62.0 
91.0 60.0 78.0 73.0 
62.0 58.0 65.0 65.0 
62.0 58.0 62.0 64.0 
61.0 58.0 62.0 62.0 
91.0 60.0 78.0 73.0 
62.0 59.0 65.0 64.0 
