64.0 59.0 61.0 63.0 
58.0 58.0 58.0 58.0 
58.0 58.0 58.0 59.0 
60.0 58.0 58.0 59.0 
63.0 58.0 61.0 62.0 
59.0 58.0 58.0 58.0 
58.0 58.0 59.0 59.0 
59.0 59.0 59.0 58.0 
63.0 59.0 59.0 62.0 
59.0 58.0 59.0 59.0 
59.0 58.0 59.0 58.0 
60.0 59.0 59.0 58.0 
63.0 58.0 60.0 62.0 
59.0 57.0 58.0 58.0 
59.0 58.0 59.0 59.0 
60.0 59.0 59.0 59.0 
62.0 58.0 60.0 62.0 
59.0 57.0 58.0 58.0 
59.0 58.0 59.0 59.0 
60.0 58.0 59.0 58.0 
62.0 58.0 61.0 62.0 
59.0 58.0 58.0 58.0 
59.0 58.0 59.0 59.0 
59.0 59.0 58.0 59.0 
62.0 58.0 61.0 63.0 
58.0 57.0 58.0 58.0 
59.0 58.0 59.0 60.0 
59.0 58.0 59.0 59.0 
62.0 58.0 63.0 62.0 
59.0 58.0 58.0 58.0 
59.0 58.0 59.0 58.0 
60.0 58.0 58.0 59.0 
62.0 59.0 61.0 62.0 
59.0 58.0 58.0 58.0 
58.0 58.0 59.0 58.0 
60.0 59.0 59.0 59.0 
62.0 58.0 60.0 62.0 
59.0 57.0 58.0 59.0 
59.0 58.0 59.0 59.0 
60.0 58.0 59.0 59.0 
63.0 58.0 60.0 63.0 
58.0 57.0 58.0 58.0 
58.0 59.0 59.0 59.0 
60.0 58.0 60.0 58.0 
61.0 58.0 61.0 61.0 
58.0 57.0 59.0 58.0 
59.0 58.0 59.0 59.0 
60.0 58.0 59.0 59.0 
61.0 58.0 61.0 62.0 
59.0 57.0 59.0 58.0 
59.0 58.0 60.0 59.0 
60.0 59.0 59.0 60.0 
61.0 58.0 60.0 63.0 
59.0 57.0 58.0 57.0 
59.0 58.0 60.0 59.0 
60.0 59.0 59.0 59.0 
61.0 58.0 61.0 63.0 
59.0 57.0 59.0 58.0 
59.0 58.0 60.0 59.0 
60.0 59.0 60.0 59.0 
61.0 58.0 61.0 63.0 
59.0 57.0 58.0 58.0 
59.0 60.0 60.0 60.0 
60.0 59.0 59.0 59.0 
61.0 58.0 61.0 62.0 
59.0 57.0 58.0 59.0 
60.0 58.0 61.0 60.0 
59.0 59.0 59.0 59.0 
61.0 58.0 60.0 63.0 
59.0 58.0 58.0 58.0 
59.0 58.0 59.0 60.0 
60.0 59.0 59.0 59.0 
63.0 58.0 60.0 61.0 
59.0 57.0 58.0 58.0 
59.0 59.0 59.0 60.0 
60.0 58.0 60.0 59.0 
61.0 58.0 60.0 62.0 
59.0 57.0 58.0 58.0 
59.0 58.0 60.0 60.0 
60.0 58.0 59.0 59.0 
61.0 59.0 61.0 62.0 
59.0 58.0 58.0 59.0 
59.0 57.0 60.0 59.0 
60.0 59.0 58.0 59.0 
64.0 58.0 60.0 63.0 
59.0 57.0 58.0 59.0 
60.0 58.0 59.0 62.0 
61.0 59.0 58.0 59.0 
61.0 58.0 60.0 61.0 
58.0 58.0 59.0 58.0 
61.0 58.0 60.0 63.0 
60.0 59.0 60.0 59.0 
64.0 58.0 61.0 64.0 
59.0 57.0 58.0 58.0 
62.0 58.0 61.0 65.0 
60.0 59.0 59.0 60.0 
63.0 58.0 60.0 62.0 
59.0 58.0 59.0 58.0 
62.0 59.0 61.0 65.0 
60.0 59.0 59.0 59.0 
62.0 58.0 60.0 63.0 
58.0 58.0 58.0 58.0 
62.0 58.0 61.0 65.0 
59.0 58.0 59.0 59.0 
64.0 59.0 61.0 64.0 
58.0 57.0 58.0 58.0 
62.0 59.0 62.0 65.0 
59.0 59.0 58.0 58.0 
65.0 59.0 62.0 63.0 
58.0 57.0 59.0 58.0 
62.0 58.0 61.0 65.0 
60.0 59.0 59.0 59.0 
63.0 58.0 62.0 64.0 
59.0 57.0 59.0 59.0 
62.0 58.0 62.0 64.0 
59.0 58.0 58.0 59.0 
63.0 59.0 63.0 65.0 
59.0 57.0 59.0 59.0 
61.0 58.0 62.0 64.0 
60.0 59.0 58.0 59.0 
62.0 58.0 61.0 64.0 
58.0 58.0 59.0 60.0 
63.0 58.0 62.0 65.0 
59.0 59.0 59.0 59.0 
62.0 59.0 63.0 64.0 
60.0 58.0 59.0 59.0 
63.0 59.0 62.0 66.0 
59.0 58.0 59.0 58.0 
63.0 58.0 64.0 64.0 
59.0 58.0 59.0 59.0 
64.0 59.0 62.0 66.0 
59.0 59.0 59.0 59.0 
63.0 58.0 64.0 65.0 
59.0 58.0 59.0 59.0 
64.0 58.0 63.0 65.0 
60.0 59.0 59.0 60.0 
66.0 58.0 64.0 64.0 
59.0 58.0 60.0 59.0 
63.0 59.0 62.0 66.0 
60.0 59.0 60.0 59.0 
66.0 58.0 63.0 65.0 
59.0 58.0 59.0 59.0 
63.0 58.0 62.0 65.0 
60.0 58.0 59.0 60.0 
67.0 59.0 63.0 64.0 
58.0 58.0 58.0 59.0 
63.0 58.0 62.0 66.0 
60.0 59.0 59.0 59.0 
67.0 59.0 63.0 66.0 
59.0 57.0 59.0 59.0 
62.0 58.0 61.0 66.0 
61.0 58.0 60.0 60.0 
68.0 58.0 63.0 66.0 
58.0 58.0 59.0 59.0 
64.0 58.0 62.0 66.0 
60.0 58.0 59.0 61.0 
65.0 58.0 63.0 64.0 
59.0 58.0 59.0 60.0 
63.0 58.0 62.0 66.0 
59.0 58.0 59.0 58.0 
65.0 59.0 63.0 66.0 
59.0 58.0 59.0 59.0 
63.0 58.0 62.0 66.0 
61.0 59.0 59.0 60.0 
65.0 59.0 63.0 66.0 
61.0 58.0 61.0 63.0 
63.0 59.0 61.0 66.0 
60.0 58.0 59.0 60.0 
64.0 59.0 62.0 65.0 
62.0 57.0 61.0 65.0 
63.0 59.0 61.0 65.0 
60.0 59.0 58.0 60.0 
70.0 58.0 62.0 66.0 
62.0 58.0 61.0 64.0 
63.0 58.0 61.0 65.0 
60.0 59.0 59.0 61.0 
68.0 58.0 63.0 65.0 
62.0 59.0 62.0 64.0 
63.0 57.0 61.0 66.0 
61.0 58.0 59.0 61.0 
68.0 59.0 62.0 66.0 
62.0 57.0 62.0 65.0 
63.0 58.0 61.0 65.0 
60.0 59.0 59.0 61.0 
67.0 59.0 63.0 65.0 
62.0 58.0 61.0 65.0 
62.0 58.0 61.0 66.0 
60.0 59.0 59.0 61.0 
69.0 58.0 64.0 66.0 
61.0 58.0 61.0 63.0 
63.0 58.0 62.0 66.0 
60.0 59.0 59.0 60.0 
65.0 58.0 65.0 66.0 
61.0 58.0 61.0 63.0 
64.0 58.0 61.0 66.0 
60.0 59.0 60.0 61.0 
66.0 58.0 66.0 71.0 
61.0 57.0 60.0 62.0 
62.0 58.0 61.0 65.0 
60.0 59.0 59.0 61.0 
65.0 58.0 65.0 71.0 
62.0 58.0 61.0 64.0 
63.0 59.0 60.0 65.0 
61.0 59.0 60.0 61.0 
66.0 59.0 64.0 71.0 
62.0 58.0 60.0 65.0 
62.0 58.0 60.0 64.0 
60.0 59.0 59.0 61.0 
68.0 59.0 64.0 73.0 
62.0 57.0 60.0 65.0 
61.0 58.0 61.0 63.0 
60.0 59.0 59.0 61.0 
66.0 58.0 64.0 74.0 
63.0 58.0 60.0 65.0 
60.0 58.0 59.0 61.0 
60.0 59.0 59.0 61.0 
67.0 59.0 64.0 73.0 
63.0 58.0 61.0 65.0 
60.0 58.0 59.0 62.0 
59.0 59.0 59.0 60.0 
70.0 59.0 61.0 75.0 
63.0 58.0 60.0 66.0 
60.0 58.0 59.0 62.0 
60.0 59.0 59.0 59.0 
72.0 59.0 61.0 75.0 
63.0 57.0 59.0 67.0 
61.0 59.0 59.0 62.0 
60.0 59.0 59.0 59.0 
74.0 58.0 60.0 78.0 
63.0 58.0 59.0 65.0 
60.0 58.0 59.0 61.0 
60.0 59.0 59.0 60.0 
74.0 59.0 61.0 77.0 
62.0 58.0 58.0 65.0 
60.0 58.0 59.0 61.0 
59.0 58.0 60.0 59.0 
73.0 58.0 62.0 76.0 
63.0 58.0 59.0 66.0 
60.0 58.0 59.0 61.0 
60.0 59.0 59.0 59.0 
73.0 59.0 61.0 76.0 
63.0 58.0 58.0 66.0 
60.0 59.0 59.0 61.0 
60.0 59.0 59.0 58.0 
69.0 59.0 61.0 75.0 
63.0 58.0 59.0 67.0 
60.0 58.0 60.0 61.0 
59.0 59.0 59.0 60.0 
69.0 58.0 60.0 76.0 
63.0 57.0 58.0 66.0 
60.0 58.0 59.0 61.0 
59.0 58.0 59.0 60.0 
70.0 59.0 61.0 76.0 
63.0 58.0 59.0 66.0 
60.0 59.0 59.0 62.0 
60.0 59.0 59.0 59.0 
71.0 59.0 60.0 75.0 
63.0 59.0 58.0 66.0 
61.0 58.0 59.0 64.0 
59.0 59.0 59.0 59.0 
72.0 58.0 59.0 77.0 
63.0 58.0 59.0 66.0 
62.0 58.0 59.0 64.0 
60.0 58.0 59.0 60.0 
68.0 59.0 60.0 76.0 
63.0 58.0 59.0 66.0 
62.0 58.0 60.0 64.0 
60.0 59.0 59.0 60.0 
72.0 58.0 62.0 75.0 
63.0 58.0 60.0 65.0 
63.0 58.0 59.0 64.0 
60.0 59.0 59.0 60.0 
70.0 59.0 60.0 77.0 
64.0 58.0 60.0 67.0 
60.0 58.0 63.0 66.0 
60.0 59.0 59.0 59.0 
68.0 58.0 61.0 75.0 
63.0 57.0 59.0 65.0 
63.0 58.0 60.0 65.0 
60.0 59.0 59.0 60.0 
69.0 59.0 61.0 76.0 
63.0 58.0 59.0 65.0 
63.0 58.0 60.0 65.0 
61.0 59.0 59.0 60.0 
67.0 59.0 61.0 76.0 
63.0 58.0 58.0 66.0 
63.0 58.0 59.0 65.0 
61.0 59.0 59.0 60.0 
70.0 59.0 61.0 75.0 
64.0 58.0 59.0 66.0 
63.0 58.0 60.0 65.0 
60.0 59.0 59.0 61.0 
69.0 59.0 61.0 75.0 
64.0 58.0 59.0 67.0 
63.0 59.0 60.0 65.0 
61.0 59.0 59.0 61.0 
72.0 58.0 60.0 75.0 
65.0 58.0 59.0 68.0 
63.0 59.0 59.0 65.0 
61.0 59.0 59.0 60.0 
66.0 67.0 60.0 71.0 
62.0 64.0 59.0 66.0 
61.0 62.0 59.0 63.0 
60.0 60.0 60.0 61.0 
68.0 66.0 59.0 73.0 
62.0 63.0 59.0 66.0 
62.0 63.0 60.0 65.0 
60.0 61.0 59.0 60.0 
69.0 68.0 60.0 71.0 
62.0 64.0 58.0 66.0 
63.0 64.0 60.0 64.0 
60.0 60.0 59.0 60.0 
69.0 67.0 60.0 71.0 
62.0 64.0 59.0 65.0 
61.0 63.0 60.0 64.0 
61.0 63.0 59.0 62.0 
68.0 66.0 60.0 70.0 
61.0 63.0 59.0 64.0 
63.0 65.0 60.0 65.0 
62.0 63.0 60.0 63.0 
69.0 66.0 60.0 69.0 
62.0 63.0 58.0 65.0 
63.0 65.0 60.0 65.0 
62.0 62.0 59.0 62.0 
69.0 66.0 59.0 70.0 
62.0 62.0 59.0 64.0 
65.0 66.0 60.0 66.0 
61.0 62.0 59.0 63.0 
68.0 67.0 60.0 71.0 
61.0 62.0 58.0 63.0 
64.0 68.0 60.0 67.0 
61.0 63.0 59.0 62.0 
69.0 67.0 59.0 70.0 
61.0 62.0 59.0 65.0 
64.0 67.0 60.0 67.0 
62.0 64.0 59.0 63.0 
70.0 69.0 60.0 68.0 
62.0 64.0 59.0 64.0 
68.0 68.0 59.0 65.0 
63.0 62.0 60.0 61.0 
68.0 68.0 60.0 68.0 
61.0 64.0 59.0 64.0 
70.0 72.0 60.0 67.0 
57.0 58.0 60.0 59.0 
70.0 68.0 59.0 72.0 
61.0 63.0 58.0 64.0 
68.0 72.0 60.0 69.0 
57.0 58.0 60.0 59.0 
70.0 68.0 60.0 73.0 
61.0 63.0 59.0 64.0 
69.0 72.0 60.0 69.0 
58.0 58.0 60.0 59.0 
69.0 68.0 59.0 74.0 
62.0 63.0 59.0 65.0 
69.0 72.0 60.0 70.0 
58.0 58.0 60.0 59.0 
68.0 68.0 59.0 72.0 
61.0 63.0 58.0 64.0 
70.0 73.0 60.0 69.0 
58.0 57.0 59.0 59.0 
69.0 68.0 59.0 73.0 
62.0 64.0 59.0 66.0 
69.0 73.0 60.0 68.0 
58.0 58.0 59.0 59.0 
68.0 69.0 59.0 73.0 
62.0 64.0 59.0 66.0 
69.0 71.0 60.0 68.0 
58.0 58.0 60.0 58.0 
69.0 69.0 60.0 73.0 
63.0 65.0 59.0 65.0 
70.0 70.0 60.0 68.0 
57.0 58.0 60.0 58.0 
68.0 68.0 61.0 73.0 
63.0 64.0 59.0 66.0 
69.0 72.0 60.0 69.0 
58.0 58.0 61.0 58.0 
68.0 69.0 61.0 73.0 
63.0 65.0 59.0 65.0 
69.0 72.0 60.0 69.0 
58.0 58.0 60.0 59.0 
67.0 69.0 65.0 74.0 
63.0 64.0 59.0 66.0 
70.0 72.0 60.0 69.0 
57.0 58.0 60.0 59.0 
69.0 69.0 63.0 75.0 
63.0 64.0 60.0 65.0 
70.0 73.0 60.0 69.0 
57.0 59.0 59.0 59.0 
68.0 69.0 72.0 73.0 
63.0 65.0 61.0 65.0 
70.0 73.0 61.0 69.0 
57.0 58.0 59.0 59.0 
67.0 68.0 69.0 75.0 
62.0 64.0 60.0 66.0 
68.0 71.0 60.0 68.0 
63.0 63.0 60.0 62.0 
68.0 68.0 72.0 76.0 
62.0 63.0 61.0 66.0 
67.0 69.0 76.0 68.0 
64.0 65.0 66.0 64.0 
68.0 68.0 72.0 77.0 
62.0 63.0 63.0 66.0 
66.0 68.0 80.0 67.0 
64.0 66.0 68.0 64.0 
64.0 67.0 82.0 77.0 
61.0 63.0 66.0 65.0 
66.0 68.0 83.0 67.0 
65.0 66.0 72.0 65.0 
66.0 67.0 87.0 77.0 
61.0 63.0 66.0 65.0 
66.0 68.0 88.0 68.0 
65.0 66.0 76.0 65.0 
64.0 68.0 93.0 79.0 
62.0 63.0 71.0 65.0 
61.0 62.0 73.0 63.0 
67.0 68.0 86.0 67.0 
63.0 65.0 103.0 76.0 
60.0 61.0 68.0 64.0 
66.0 68.0 102.0 69.0 
64.0 66.0 80.0 65.0 
66.0 59.0 106.0 78.0 
61.0 58.0 67.0 63.0 
72.0 58.0 118.0 72.0 
68.0 59.0 94.0 67.0 
66.0 59.0 128.0 80.0 
61.0 58.0 69.0 63.0 
72.0 59.0 150.0 74.0 
68.0 59.0 105.0 67.0 
67.0 59.0 159.0 80.0 
61.0 58.0 71.0 62.0 
73.0 59.0 202.0 76.0 
68.0 59.0 119.0 68.0 
68.0 59.0 176.0 81.0 
61.0 58.0 74.0 61.0 
74.0 59.0 256.0 80.0 
66.0 59.0 138.0 68.0 
68.0 59.0 197.0 82.0 
60.0 58.0 75.0 62.0 
74.0 60.0 320.0 84.0 
67.0 59.0 159.0 68.0 
64.0 65.0 230.0 82.0 
60.0 59.0 79.0 62.0 
70.0 72.0 350.0 85.0 
64.0 65.0 162.0 68.0 
65.0 69.0 274.0 85.0 
60.0 61.0 81.0 62.0 
70.0 73.0 357.0 90.0 
63.0 65.0 157.0 69.0 
63.0 67.0 251.0 84.0 
59.0 59.0 80.0 62.0 
71.0 74.0 379.0 92.0 
63.0 63.0 159.0 69.0 
67.0 69.0 303.0 93.0 
59.0 59.0 77.0 61.0 
74.0 78.0 439.0 102.0 
63.0 64.0 152.0 69.0 
66.0 69.0 283.0 92.0 
59.0 59.0 74.0 61.0 
75.0 78.0 438.0 108.0 
62.0 63.0 148.0 69.0 
68.0 59.0 233.0 91.0 
60.0 58.0 73.0 61.0 
80.0 63.0 430.0 113.0 
64.0 60.0 147.0 70.0 
74.0 61.0 339.0 112.0 
59.0 58.0 74.0 61.0 
79.0 62.0 413.0 111.0 
63.0 59.0 130.0 69.0 
78.0 62.0 396.0 134.0 
59.0 58.0 71.0 60.0 
80.0 63.0 411.0 114.0 
64.0 59.0 128.0 69.0 
72.0 60.0 297.0 119.0 
60.0 58.0 72.0 61.0 
83.0 63.0 409.0 119.0 
64.0 60.0 126.0 69.0 
73.0 60.0 306.0 128.0 
59.0 58.0 66.0 61.0 
80.0 62.0 380.0 124.0 
63.0 59.0 114.0 69.0 
76.0 61.0 338.0 154.0 
59.0 58.0 69.0 60.0 
82.0 62.0 400.0 132.0 
61.0 60.0 104.0 67.0 
75.0 61.0 311.0 169.0 
58.0 59.0 67.0 61.0 
82.0 61.0 358.0 133.0 
61.0 59.0 100.0 66.0 
77.0 62.0 371.0 196.0 
59.0 58.0 70.0 61.0 
84.0 62.0 342.0 148.0 
60.0 59.0 83.0 64.0 
75.0 60.0 308.0 196.0 
59.0 58.0 69.0 61.0 
87.0 61.0 320.0 205.0 
61.0 60.0 81.0 65.0 
80.0 60.0 315.0 238.0 
59.0 58.0 68.0 61.0 
81.0 59.0 259.0 223.0 
60.0 59.0 76.0 66.0 
80.0 60.0 259.0 261.0 
59.0 58.0 68.0 60.0 
83.0 60.0 231.0 267.0 
60.0 59.0 74.0 69.0 
85.0 61.0 248.0 304.0 
59.0 58.0 69.0 61.0 
93.0 60.0 214.0 344.0 
60.0 60.0 71.0 68.0 
91.0 62.0 244.0 369.0 
59.0 58.0 66.0 57.0 
91.0 60.0 187.0 350.0 
60.0 59.0 67.0 66.0 
94.0 62.0 224.0 395.0 
59.0 58.0 66.0 57.0 
90.0 60.0 161.0 344.0 
59.0 59.0 69.0 66.0 
95.0 61.0 184.0 382.0 
58.0 58.0 61.0 54.0 
90.0 60.0 136.0 346.0 
59.0 60.0 67.0 68.0 
91.0 60.0 181.0 390.0 
58.0 59.0 62.0 55.0 
92.0 61.0 136.0 398.0 
60.0 59.0 66.0 68.0 
95.0 61.0 170.0 368.0 
59.0 58.0 64.0 57.0 
97.0 61.0 131.0 412.0 
59.0 59.0 65.0 65.0 
91.0 60.0 148.0 340.0 
58.0 58.0 63.0 54.0 
100.0 62.0 116.0 415.0 
60.0 59.0 61.0 68.0 
79.0 59.0 107.0 248.0 
59.0 59.0 64.0 60.0 
101.0 61.0 112.0 412.0 
59.0 59.0 60.0 63.0 
101.0 62.0 125.0 404.0 
59.0 58.0 64.0 57.0 
97.0 62.0 109.0 410.0 
58.0 59.0 59.0 54.0 
96.0 61.0 113.0 363.0 
58.0 58.0 64.0 57.0 
95.0 61.0 95.0 354.0 
59.0 60.0 60.0 56.0 
102.0 61.0 112.0 353.0 
58.0 57.0 64.0 58.0 
93.0 60.0 91.0 330.0 
57.0 59.0 60.0 54.0 
93.0 60.0 103.0 303.0 
60.0 58.0 65.0 63.0 
100.0 60.0 89.0 330.0 
59.0 60.0 60.0 55.0 
93.0 60.0 101.0 289.0 
61.0 58.0 65.0 66.0 
97.0 61.0 87.0 322.0 
57.0 59.0 59.0 52.0 
116.0 61.0 107.0 372.0 
60.0 58.0 64.0 64.0 
99.0 60.0 88.0 339.0 
58.0 59.0 60.0 49.0 
126.0 61.0 106.0 376.0 
59.0 58.0 65.0 62.0 
99.0 59.0 85.0 304.0 
56.0 59.0 59.0 49.0 
126.0 61.0 101.0 357.0 
59.0 59.0 64.0 62.0 
111.0 60.0 85.0 316.0 
57.0 59.0 58.0 46.0 
132.0 60.0 95.0 326.0 
59.0 58.0 64.0 63.0 
122.0 60.0 85.0 324.0 
56.0 59.0 59.0 48.0 
142.0 60.0 90.0 297.0 
59.0 58.0 64.0 64.0 
120.0 60.0 82.0 303.0 
55.0 59.0 59.0 47.0 
143.0 274.0 88.0 257.0 
59.0 58.0 64.0 64.0 
120.0 209.0 80.0 270.0 
55.0 59.0 58.0 49.0 
135.0 270.0 88.0 234.0 
59.0 59.0 65.0 66.0 
124.0 204.0 78.0 232.0 
56.0 59.0 59.0 51.0 
143.0 378.0 88.0 246.0 
60.0 58.0 65.0 67.0 
121.0 310.0 75.0 213.0 
55.0 59.0 58.0 51.0 
146.0 427.0 89.0 242.0 
60.0 59.0 64.0 68.0 
117.0 299.0 74.0 195.0 
54.0 59.0 59.0 51.0 
138.0 336.0 83.0 208.0 
60.0 63.0 63.0 67.0 
102.0 272.0 68.0 141.0 
56.0 48.0 59.0 56.0 
138.0 401.0 83.0 198.0 
59.0 62.0 63.0 66.0 
118.0 359.0 70.0 149.0 
56.0 47.0 59.0 57.0 
159.0 461.0 81.0 200.0 
60.0 65.0 61.0 67.0 
90.0 254.0 66.0 124.0 
56.0 48.0 60.0 57.0 
156.0 473.0 80.0 200.0 
60.0 64.0 62.0 67.0 
98.0 270.0 65.0 121.0 
57.0 49.0 60.0 57.0 
168.0 469.0 78.0 190.0 
60.0 65.0 60.0 67.0 
99.0 265.0 65.0 119.0 
56.0 50.0 59.0 58.0 
170.0 440.0 77.0 175.0 
59.0 65.0 61.0 68.0 
107.0 305.0 65.0 120.0 
57.0 51.0 60.0 59.0 
198.0 518.0 79.0 180.0 
61.0 68.0 62.0 69.0 
113.0 313.0 66.0 113.0 
57.0 49.0 60.0 58.0 
224.0 527.0 80.0 176.0 
62.0 70.0 62.0 69.0 
114.0 272.0 64.0 105.0 
56.0 50.0 60.0 60.0 
236.0 512.0 70.0 187.0 
64.0 73.0 60.0 71.0 
115.0 245.0 61.0 105.0 
53.0 43.0 60.0 55.0 
282.0 523.0 70.0 178.0 
65.0 74.0 59.0 71.0 
141.0 289.0 61.0 111.0 
51.0 42.0 60.0 55.0 
319.0 473.0 71.0 166.0 
67.0 74.0 59.0 71.0 
158.0 277.0 62.0 107.0 
50.0 43.0 60.0 56.0 
324.0 403.0 71.0 150.0 
70.0 74.0 60.0 71.0 
194.0 291.0 63.0 109.0 
48.0 44.0 59.0 57.0 
341.0 379.0 69.0 138.0 
71.0 73.0 60.0 70.0 
172.0 242.0 62.0 102.0 
48.0 46.0 60.0 56.0 
385.0 352.0 72.0 127.0 
74.0 75.0 60.0 70.0 
169.0 202.0 61.0 90.0 
46.0 47.0 59.0 58.0 
418.0 318.0 71.0 122.0 
76.0 75.0 60.0 70.0 
172.0 189.0 61.0 88.0 
46.0 49.0 60.0 57.0 
420.0 291.0 76.0 115.0 
79.0 74.0 61.0 69.0 
212.0 181.0 62.0 88.0 
45.0 50.0 60.0 58.0 
385.0 241.0 77.0 107.0 
84.0 72.0 62.0 69.0 
287.0 162.0 64.0 87.0 
43.0 52.0 59.0 58.0 
373.0 196.0 75.0 103.0 
87.0 72.0 61.0 70.0 
393.0 175.0 67.0 95.0 
42.0 52.0 60.0 58.0 
395.0 182.0 80.0 100.0 
87.0 69.0 63.0 69.0 
234.0 112.0 65.0 86.0 
43.0 54.0 60.0 58.0 
391.0 155.0 91.0 93.0 
89.0 69.0 64.0 67.0 
230.0 136.0 71.0 86.0 
64.0 61.0 61.0 62.0 
402.0 152.0 95.0 92.0 
91.0 68.0 66.0 67.0 
285.0 109.0 67.0 79.0 
76.0 64.0 60.0 63.0 
361.0 141.0 96.0 90.0 
92.0 68.0 66.0 67.0 
270.0 99.0 68.0 77.0 
79.0 64.0 61.0 64.0 
470.0 153.0 108.0 94.0 
88.0 67.0 69.0 67.0 
339.0 109.0 90.0 82.0 
71.0 63.0 65.0 64.0 
459.0 143.0 126.0 92.0 
84.0 65.0 73.0 66.0 
309.0 103.0 103.0 83.0 
70.0 63.0 71.0 64.0 
449.0 138.0 142.0 92.0 
82.0 64.0 74.0 65.0 
167.0 102.0 106.0 80.0 
84.0 66.0 74.0 64.0 
413.0 130.0 163.0 92.0 
92.0 66.0 81.0 67.0 
82.0 64.0 74.0 64.0 
92.0 67.0 81.0 67.0 
354.0 118.0 192.0 90.0 
99.0 67.0 81.0 67.0 
119.0 69.0 78.0 67.0 
114.0 70.0 83.0 69.0 
361.0 118.0 204.0 91.0 
89.0 65.0 80.0 66.0 
133.0 93.0 123.0 82.0 
86.0 66.0 81.0 66.0 
346.0 114.0 214.0 89.0 
82.0 64.0 86.0 65.0 
203.0 87.0 152.0 80.0 
81.0 67.0 95.0 67.0 
311.0 105.0 222.0 88.0 
74.0 62.0 86.0 64.0 
161.0 85.0 224.0 85.0 
76.0 66.0 122.0 69.0 
285.0 101.0 226.0 89.0 
72.0 62.0 92.0 65.0 
133.0 86.0 353.0 97.0 
74.0 66.0 167.0 71.0 
241.0 95.0 230.0 89.0 
69.0 62.0 94.0 65.0 
142.0 92.0 449.0 111.0 
73.0 67.0 194.0 74.0 
227.0 93.0 230.0 89.0 
67.0 62.0 102.0 65.0 
113.0 90.0 493.0 116.0 
69.0 67.0 214.0 77.0 
217.0 90.0 244.0 91.0 
65.0 61.0 89.0 64.0 
110.0 91.0 535.0 125.0 
69.0 67.0 223.0 79.0 
158.0 82.0 272.0 97.0 
62.0 60.0 98.0 65.0 
96.0 86.0 579.0 128.0 
67.0 66.0 222.0 80.0 
116.0 77.0 285.0 99.0 
60.0 60.0 96.0 65.0 
88.0 85.0 616.0 139.0 
66.0 67.0 224.0 82.0 
103.0 76.0 317.0 107.0 
61.0 60.0 99.0 66.0 
85.0 84.0 615.0 145.0 
66.0 67.0 219.0 84.0 
100.0 74.0 301.0 112.0 
60.0 60.0 98.0 66.0 
86.0 87.0 622.0 157.0 
66.0 66.0 222.0 87.0 
99.0 80.0 349.0 131.0 
61.0 60.0 97.0 67.0 
87.0 89.0 629.0 163.0 
65.0 68.0 206.0 84.0 
99.0 79.0 344.0 136.0 
61.0 60.0 96.0 66.0 
88.0 90.0 609.0 170.0 
66.0 66.0 221.0 90.0 
95.0 80.0 381.0 147.0 
60.0 60.0 92.0 66.0 
87.0 92.0 627.0 180.0 
65.0 66.0 206.0 88.0 
95.0 85.0 371.0 171.0 
59.0 60.0 85.0 66.0 
88.0 92.0 638.0 187.0 
66.0 68.0 231.0 95.0 
95.0 91.0 399.0 205.0 
60.0 59.0 85.0 65.0 
88.0 93.0 617.0 206.0 
66.0 68.0 225.0 99.0 
98.0 95.0 365.0 234.0 
60.0 60.0 87.0 69.0 
90.0 99.0 635.0 263.0 
66.0 69.0 216.0 109.0 
100.0 97.0 369.0 260.0 
60.0 60.0 83.0 69.0 
89.0 103.0 613.0 299.0 
66.0 69.0 211.0 118.0 
101.0 104.0 367.0 280.0 
60.0 61.0 83.0 70.0 
93.0 116.0 634.0 362.0 
65.0 72.0 204.0 125.0 
104.0 108.0 342.0 282.0 
60.0 60.0 79.0 70.0 
96.0 126.0 583.0 431.0 
65.0 71.0 194.0 136.0 
108.0 114.0 358.0 318.0 
59.0 60.0 77.0 71.0 
100.0 132.0 586.0 490.0 
65.0 71.0 173.0 139.0 
105.0 117.0 370.0 343.0 
60.0 60.0 79.0 72.0 
104.0 143.0 551.0 556.0 
64.0 72.0 170.0 150.0 
108.0 116.0 351.0 366.0 
60.0 58.0 74.0 68.0 
105.0 141.0 522.0 605.0 
69.0 59.0 157.0 153.0 
130.0 129.0 322.0 385.0 
62.0 58.0 77.0 70.0 
104.0 156.0 481.0 621.0 
67.0 60.0 138.0 144.0 
132.0 64.0 314.0 431.0 
62.0 58.0 77.0 70.0 
127.0 68.0 464.0 612.0 
63.0 72.0 131.0 133.0 
138.0 65.0 302.0 457.0 
62.0 59.0 75.0 68.0 
127.0 66.0 418.0 624.0 
63.0 71.0 121.0 126.0 
142.0 67.0 303.0 497.0 
60.0 62.0 73.0 65.0 
106.0 164.0 393.0 606.0 
63.0 59.0 117.0 121.0 
138.0 64.0 276.0 466.0 
61.0 59.0 73.0 67.0 
131.0 64.0 385.0 658.0 
66.0 59.0 111.0 117.0 
135.0 63.0 242.0 426.0 
61.0 59.0 71.0 66.0 
134.0 64.0 366.0 681.0 
65.0 59.0 108.0 117.0 
134.0 64.0 249.0 477.0 
61.0 59.0 71.0 64.0 
134.0 64.0 342.0 656.0 
65.0 60.0 105.0 109.0 
139.0 64.0 236.0 458.0 
61.0 58.0 70.0 62.0 
135.0 64.0 327.0 648.0 
64.0 60.0 104.0 102.0 
145.0 63.0 217.0 438.0 
61.0 58.0 71.0 63.0 
139.0 62.0 322.0 692.0 
62.0 60.0 97.0 97.0 
153.0 64.0 221.0 476.0 
60.0 59.0 70.0 60.0 
143.0 63.0 316.0 673.0 
64.0 60.0 98.0 98.0 
146.0 64.0 214.0 477.0 
60.0 59.0 69.0 59.0 
142.0 63.0 300.0 639.0 
65.0 60.0 103.0 113.0 
157.0 64.0 208.0 473.0 
60.0 59.0 69.0 57.0 
144.0 64.0 295.0 641.0 
67.0 60.0 103.0 116.0 
155.0 64.0 191.0 464.0 
60.0 58.0 68.0 57.0 
145.0 65.0 280.0 629.0 
68.0 59.0 101.0 124.0 
162.0 65.0 188.0 500.0 
60.0 59.0 69.0 57.0 
147.0 64.0 261.0 618.0 
65.0 60.0 93.0 117.0 
159.0 64.0 163.0 446.0 
60.0 57.0 69.0 58.0 
154.0 63.0 242.0 624.0 
65.0 59.0 85.0 107.0 
173.0 64.0 159.0 496.0 
60.0 59.0 67.0 59.0 
164.0 62.0 214.0 624.0 
66.0 60.0 82.0 113.0 
181.0 65.0 159.0 502.0 
59.0 58.0 68.0 59.0 
163.0 64.0 203.0 595.0 
64.0 60.0 76.0 103.0 
191.0 66.0 145.0 521.0 
59.0 58.0 68.0 57.0 
172.0 63.0 169.0 590.0 
66.0 59.0 74.0 106.0 
188.0 64.0 141.0 507.0 
58.0 58.0 66.0 55.0 
176.0 67.0 167.0 572.0 
66.0 60.0 73.0 101.0 
191.0 65.0 133.0 484.0 
58.0 59.0 65.0 55.0 
177.0 65.0 155.0 536.0 
67.0 60.0 71.0 103.0 
190.0 63.0 116.0 423.0 
57.0 59.0 64.0 56.0 
183.0 65.0 133.0 498.0 
67.0 59.0 68.0 94.0 
197.0 62.0 114.0 409.0 
57.0 59.0 64.0 57.0 
193.0 65.0 128.0 493.0 
69.0 59.0 67.0 92.0 
193.0 62.0 103.0 391.0 
58.0 58.0 63.0 59.0 
200.0 63.0 112.0 457.0 
72.0 60.0 66.0 96.0 
211.0 61.0 100.0 357.0 
56.0 59.0 63.0 58.0 
198.0 62.0 109.0 413.0 
72.0 60.0 66.0 92.0 
223.0 61.0 97.0 349.0 
56.0 59.0 62.0 59.0 
204.0 62.0 100.0 400.0 
66.0 60.0 64.0 79.0 
232.0 62.0 92.0 320.0 
56.0 59.0 62.0 57.0 
220.0 61.0 97.0 378.0 
65.0 60.0 63.0 73.0 
255.0 61.0 93.0 309.0 
54.0 58.0 60.0 54.0 
218.0 60.0 95.0 343.0 
67.0 59.0 64.0 76.0 
307.0 62.0 90.0 294.0 
52.0 59.0 60.0 53.0 
264.0 61.0 89.0 321.0 
67.0 60.0 63.0 73.0 
346.0 62.0 89.0 284.0 
51.0 58.0 59.0 52.0 
301.0 61.0 88.0 307.0 
67.0 59.0 62.0 70.0 
386.0 62.0 88.0 276.0 
51.0 58.0 59.0 54.0 
345.0 62.0 87.0 301.0 
68.0 59.0 62.0 69.0 
424.0 64.0 87.0 265.0 
50.0 59.0 59.0 55.0 
386.0 63.0 88.0 300.0 
62.0 60.0 61.0 67.0 
461.0 65.0 85.0 260.0 
52.0 58.0 60.0 57.0 
436.0 64.0 87.0 286.0 
68.0 59.0 61.0 68.0 
503.0 66.0 86.0 250.0 
53.0 58.0 59.0 57.0 
464.0 65.0 87.0 272.0 
77.0 60.0 62.0 72.0 
501.0 66.0 84.0 231.0 
53.0 59.0 58.0 57.0 
520.0 66.0 86.0 256.0 
75.0 59.0 61.0 69.0 
518.0 67.0 84.0 214.0 
50.0 59.0 59.0 57.0 
586.0 65.0 84.0 231.0 
76.0 60.0 62.0 68.0 
544.0 66.0 84.0 210.0 
56.0 58.0 59.0 59.0 
579.0 65.0 83.0 215.0 
68.0 59.0 61.0 65.0 
541.0 67.0 84.0 204.0 
56.0 59.0 59.0 59.0 
642.0 64.0 81.0 213.0 
72.0 60.0 61.0 67.0 
527.0 67.0 83.0 196.0 
68.0 59.0 59.0 62.0 
652.0 64.0 80.0 203.0 
84.0 60.0 61.0 69.0 
550.0 67.0 83.0 198.0 
67.0 59.0 59.0 62.0 
634.0 64.0 80.0 204.0 
81.0 59.0 61.0 63.0 
559.0 66.0 83.0 193.0 
64.0 58.0 60.0 60.0 
660.0 63.0 80.0 193.0 
76.0 59.0 60.0 62.0 
547.0 66.0 81.0 185.0 
63.0 58.0 59.0 61.0 
679.0 63.0 79.0 188.0 
75.0 59.0 60.0 62.0 
613.0 65.0 80.0 172.0 
61.0 58.0 60.0 60.0 
663.0 63.0 79.0 173.0 
75.0 59.0 60.0 62.0 
597.0 66.0 80.0 170.0 
63.0 58.0 60.0 61.0 
675.0 63.0 79.0 173.0 
75.0 59.0 61.0 62.0 
605.0 65.0 78.0 172.0 
43.0 59.0 59.0 58.0 
692.0 63.0 78.0 173.0 
83.0 60.0 60.0 63.0 
603.0 65.0 78.0 148.0 
53.0 58.0 59.0 58.0 
677.0 64.0 78.0 167.0 
74.0 60.0 60.0 62.0 
594.0 66.0 77.0 144.0 
58.0 58.0 59.0 60.0 
674.0 63.0 78.0 156.0 
67.0 60.0 60.0 61.0 
550.0 66.0 78.0 133.0 
48.0 58.0 59.0 58.0 
663.0 64.0 77.0 144.0 
80.0 59.0 60.0 62.0 
550.0 67.0 77.0 131.0 
38.0 59.0 59.0 57.0 
628.0 64.0 77.0 140.0 
81.0 60.0 61.0 63.0 
565.0 66.0 77.0 130.0 
38.0 58.0 58.0 57.0 
568.0 65.0 78.0 132.0 
84.0 59.0 60.0 62.0 
544.0 67.0 77.0 128.0 
39.0 59.0 59.0 57.0 
549.0 66.0 77.0 128.0 
86.0 60.0 60.0 62.0 
541.0 67.0 77.0 125.0 
39.0 58.0 58.0 57.0 
585.0 65.0 77.0 128.0 
86.0 60.0 60.0 62.0 
512.0 66.0 77.0 121.0 
38.0 58.0 58.0 57.0 
542.0 67.0 78.0 122.0 
87.0 60.0 61.0 63.0 
474.0 65.0 75.0 115.0 
39.0 58.0 59.0 56.0 
521.0 66.0 77.0 120.0 
84.0 60.0 60.0 62.0 
427.0 63.0 73.0 109.0 
40.0 58.0 58.0 58.0 
498.0 66.0 76.0 116.0 
82.0 60.0 61.0 63.0 
379.0 63.0 71.0 103.0 
41.0 59.0 59.0 57.0 
487.0 65.0 76.0 114.0 
77.0 60.0 61.0 62.0 
357.0 62.0 70.0 101.0 
42.0 59.0 58.0 58.0 
414.0 64.0 73.0 105.0 
68.0 59.0 60.0 61.0 
352.0 62.0 70.0 99.0 
42.0 58.0 58.0 57.0 
355.0 62.0 70.0 99.0 
60.0 60.0 61.0 60.0 
330.0 62.0 69.0 96.0 
44.0 59.0 59.0 57.0 
301.0 61.0 69.0 93.0 
52.0 60.0 60.0 60.0 
323.0 61.0 68.0 96.0 
46.0 58.0 59.0 58.0 
256.0 60.0 67.0 90.0 
53.0 59.0 60.0 59.0 
314.0 61.0 69.0 94.0 
46.0 58.0 59.0 58.0 
236.0 59.0 67.0 87.0 
54.0 59.0 61.0 60.0 
302.0 61.0 68.0 93.0 
47.0 59.0 59.0 58.0 
207.0 60.0 68.0 85.0 
47.0 60.0 60.0 58.0 
298.0 61.0 69.0 92.0 
48.0 59.0 58.0 57.0 
166.0 59.0 66.0 79.0 
48.0 60.0 59.0 58.0 
284.0 60.0 68.0 90.0 
50.0 58.0 59.0 58.0 
146.0 59.0 64.0 75.0 
49.0 60.0 60.0 58.0 
277.0 62.0 69.0 90.0 
50.0 58.0 59.0 59.0 
130.0 59.0 64.0 74.0 
51.0 60.0 60.0 58.0 
265.0 60.0 68.0 89.0 
50.0 59.0 59.0 58.0 
120.0 59.0 63.0 73.0 
50.0 59.0 60.0 59.0 
258.0 60.0 68.0 89.0 
51.0 59.0 59.0 58.0 
107.0 59.0 63.0 70.0 
51.0 60.0 60.0 59.0 
260.0 60.0 67.0 88.0 
52.0 59.0 59.0 58.0 
91.0 59.0 63.0 68.0 
51.0 60.0 60.0 59.0 
250.0 60.0 67.0 88.0 
53.0 58.0 58.0 58.0 
88.0 59.0 62.0 70.0 
52.0 60.0 60.0 59.0 
231.0 60.0 68.0 86.0 
53.0 58.0 59.0 59.0 
76.0 60.0 62.0 65.0 
53.0 60.0 60.0 59.0 
220.0 60.0 68.0 86.0 
55.0 59.0 59.0 59.0 
58.0 59.0 61.0 61.0 
55.0 59.0 60.0 59.0 
193.0 60.0 66.0 78.0 
56.0 58.0 59.0 59.0 
59.0 60.0 60.0 61.0 
57.0 60.0 60.0 60.0 
141.0 59.0 65.0 77.0 
56.0 58.0 59.0 60.0 
60.0 59.0 60.0 60.0 
58.0 59.0 60.0 60.0 
152.0 59.0 66.0 76.0 
58.0 59.0 59.0 59.0 
59.0 59.0 59.0 60.0 
59.0 60.0 60.0 59.0 
106.0 60.0 66.0 72.0 
59.0 59.0 59.0 59.0 
59.0 60.0 60.0 61.0 
60.0 60.0 60.0 60.0 
86.0 59.0 66.0 70.0 
60.0 58.0 58.0 59.0 
59.0 59.0 60.0 61.0 
60.0 59.0 60.0 60.0 
77.0 60.0 65.0 69.0 
59.0 58.0 59.0 59.0 
60.0 59.0 60.0 60.0 
61.0 60.0 60.0 60.0 
79.0 59.0 67.0 69.0 
60.0 59.0 59.0 59.0 
59.0 59.0 60.0 60.0 
60.0 60.0 60.0 60.0 
75.0 60.0 65.0 68.0 
60.0 58.0 59.0 59.0 
59.0 59.0 60.0 60.0 
60.0 60.0 60.0 60.0 
74.0 59.0 65.0 67.0 
60.0 58.0 59.0 59.0 
60.0 59.0 60.0 60.0 
60.0 60.0 59.0 61.0 
76.0 60.0 64.0 67.0 
59.0 58.0 59.0 59.0 
59.0 60.0 60.0 60.0 
60.0 60.0 60.0 60.0 
74.0 58.0 64.0 68.0 
59.0 58.0 59.0 59.0 
59.0 59.0 59.0 60.0 
60.0 60.0 60.0 60.0 
74.0 59.0 64.0 68.0 
60.0 59.0 59.0 59.0 
60.0 59.0 59.0 60.0 
61.0 60.0 60.0 60.0 
71.0 60.0 64.0 68.0 
59.0 58.0 59.0 59.0 
59.0 59.0 60.0 60.0 
61.0 60.0 60.0 60.0 
70.0 59.0 65.0 68.0 
60.0 58.0 59.0 60.0 
61.0 59.0 60.0 60.0 
60.0 60.0 60.0 60.0 
71.0 59.0 64.0 68.0 
60.0 59.0 59.0 59.0 
59.0 60.0 60.0 60.0 
61.0 60.0 60.0 60.0 
70.0 59.0 65.0 68.0 
59.0 59.0 59.0 59.0 
60.0 59.0 61.0 60.0 
61.0 59.0 60.0 60.0 
70.0 59.0 64.0 67.0 
60.0 59.0 59.0 59.0 
59.0 59.0 60.0 60.0 
61.0 60.0 60.0 60.0 
69.0 60.0 63.0 65.0 
60.0 58.0 59.0 59.0 
59.0 59.0 60.0 60.0 
61.0 60.0 60.0 61.0 
66.0 59.0 64.0 65.0 
59.0 59.0 59.0 60.0 
60.0 59.0 59.0 60.0 
61.0 60.0 60.0 60.0 
67.0 60.0 64.0 66.0 
60.0 59.0 59.0 61.0 
60.0 58.0 60.0 60.0 
61.0 60.0 60.0 60.0 
66.0 59.0 63.0 64.0 
59.0 59.0 60.0 59.0 
59.0 59.0 59.0 61.0 
62.0 60.0 61.0 61.0 
69.0 60.0 63.0 64.0 
59.0 59.0 58.0 59.0 
59.0 59.0 60.0 60.0 
61.0 60.0 61.0 60.0 
69.0 60.0 63.0 65.0 
59.0 58.0 59.0 59.0 
59.0 61.0 60.0 61.0 
61.0 60.0 60.0 60.0 
68.0 59.0 63.0 66.0 
60.0 58.0 59.0 60.0 
60.0 59.0 60.0 60.0 
60.0 60.0 60.0 60.0 
70.0 59.0 64.0 66.0 
59.0 59.0 59.0 59.0 
59.0 59.0 60.0 60.0 
60.0 60.0 60.0 60.0 
66.0 60.0 64.0 66.0 
60.0 58.0 60.0 59.0 
59.0 59.0 60.0 60.0 
60.0 59.0 61.0 60.0 
67.0 59.0 63.0 65.0 
60.0 58.0 59.0 59.0 
59.0 58.0 59.0 60.0 
61.0 60.0 60.0 59.0 
69.0 59.0 63.0 66.0 
60.0 59.0 60.0 60.0 
59.0 59.0 62.0 60.0 
60.0 60.0 60.0 60.0 
71.0 59.0 64.0 66.0 
60.0 58.0 59.0 59.0 
59.0 59.0 60.0 60.0 
60.0 60.0 59.0 60.0 
70.0 59.0 64.0 65.0 
59.0 59.0 59.0 60.0 
60.0 59.0 60.0 61.0 
61.0 60.0 60.0 60.0 
70.0 59.0 63.0 66.0 
59.0 59.0 58.0 59.0 
59.0 60.0 60.0 61.0 
61.0 60.0 60.0 60.0 
71.0 60.0 64.0 66.0 
59.0 58.0 60.0 59.0 
59.0 59.0 60.0 61.0 
62.0 59.0 60.0 60.0 
70.0 59.0 63.0 65.0 
60.0 59.0 59.0 59.0 
59.0 59.0 60.0 60.0 
60.0 60.0 59.0 60.0 
69.0 59.0 63.0 65.0 
59.0 59.0 59.0 59.0 
59.0 59.0 60.0 60.0 
61.0 59.0 60.0 60.0 
69.0 59.0 63.0 65.0 
59.0 59.0 60.0 59.0 
60.0 59.0 61.0 60.0 
61.0 60.0 59.0 60.0 
70.0 60.0 63.0 65.0 
59.0 58.0 59.0 60.0 
60.0 59.0 60.0 60.0 
60.0 60.0 61.0 60.0 
70.0 60.0 63.0 65.0 
60.0 58.0 60.0 59.0 
60.0 59.0 60.0 60.0 
60.0 60.0 60.0 61.0 
71.0 59.0 63.0 65.0 
60.0 58.0 59.0 59.0 
60.0 59.0 60.0 60.0 
61.0 60.0 60.0 60.0 
68.0 60.0 62.0 64.0 
59.0 59.0 59.0 59.0 
59.0 60.0 60.0 61.0 
62.0 60.0 60.0 60.0 
68.0 59.0 62.0 64.0 
60.0 59.0 59.0 59.0 
59.0 60.0 60.0 61.0 
61.0 60.0 60.0 60.0 
69.0 59.0 62.0 64.0 
59.0 59.0 59.0 59.0 
60.0 58.0 61.0 60.0 
60.0 59.0 60.0 60.0 
69.0 60.0 63.0 65.0 
59.0 59.0 59.0 59.0 
60.0 59.0 60.0 60.0 
60.0 60.0 61.0 60.0 
69.0 60.0 64.0 65.0 
59.0 59.0 59.0 59.0 
60.0 59.0 61.0 60.0 
60.0 59.0 60.0 60.0 
69.0 59.0 63.0 65.0 
59.0 60.0 59.0 60.0 
59.0 59.0 60.0 60.0 
61.0 60.0 59.0 60.0 
67.0 60.0 63.0 66.0 
60.0 58.0 61.0 60.0 
60.0 59.0 60.0 60.0 
61.0 60.0 60.0 61.0 
65.0 60.0 63.0 65.0 
60.0 59.0 59.0 60.0 
60.0 58.0 60.0 60.0 
61.0 60.0 60.0 59.0 
67.0 60.0 63.0 65.0 
59.0 58.0 59.0 59.0 
59.0 60.0 60.0 60.0 
61.0 60.0 61.0 60.0 
66.0 59.0 63.0 65.0 
60.0 58.0 58.0 59.0 
59.0 59.0 60.0 60.0 
61.0 60.0 60.0 60.0 
67.0 58.0 63.0 65.0 
59.0 58.0 59.0 59.0 
60.0 59.0 60.0 60.0 
60.0 60.0 60.0 60.0 
68.0 59.0 63.0 65.0 
60.0 58.0 59.0 59.0 
60.0 59.0 59.0 61.0 
60.0 60.0 60.0 60.0 
68.0 60.0 63.0 65.0 
60.0 59.0 59.0 59.0 
59.0 58.0 60.0 59.0 
60.0 59.0 60.0 60.0 
68.0 59.0 63.0 66.0 
59.0 59.0 59.0 60.0 
60.0 58.0 61.0 60.0 
61.0 60.0 60.0 60.0 
68.0 60.0 63.0 66.0 
60.0 59.0 59.0 59.0 
59.0 59.0 60.0 61.0 
60.0 60.0 60.0 60.0 
66.0 59.0 63.0 65.0 
59.0 58.0 59.0 59.0 
59.0 59.0 59.0 61.0 
61.0 60.0 60.0 60.0 
64.0 59.0 63.0 65.0 
60.0 58.0 59.0 59.0 
59.0 60.0 60.0 60.0 
61.0 60.0 60.0 60.0 
65.0 59.0 63.0 64.0 
60.0 59.0 59.0 59.0 
60.0 59.0 59.0 61.0 
61.0 60.0 60.0 60.0 
64.0 59.0 63.0 65.0 
60.0 58.0 60.0 59.0 
60.0 59.0 60.0 61.0 
61.0 59.0 60.0 60.0 
64.0 60.0 63.0 65.0 
60.0 59.0 59.0 60.0 
60.0 60.0 59.0 60.0 
61.0 60.0 60.0 60.0 
64.0 60.0 63.0 65.0 
59.0 58.0 59.0 59.0 
60.0 59.0 59.0 60.0 
61.0 60.0 60.0 60.0 
65.0 59.0 63.0 65.0 
59.0 58.0 59.0 59.0 
60.0 59.0 60.0 60.0 
61.0 60.0 60.0 60.0 
65.0 59.0 63.0 65.0 
60.0 58.0 59.0 59.0 
60.0 59.0 59.0 61.0 
61.0 60.0 60.0 61.0 
65.0 59.0 63.0 65.0 
60.0 59.0 59.0 60.0 
60.0 59.0 59.0 60.0 
61.0 59.0 60.0 60.0 
65.0 60.0 63.0 64.0 
59.0 59.0 59.0 59.0 
60.0 60.0 59.0 61.0 
61.0 60.0 61.0 60.0 
66.0 59.0 63.0 65.0 
60.0 59.0 59.0 60.0 
60.0 59.0 59.0 61.0 
61.0 59.0 60.0 60.0 
65.0 60.0 63.0 65.0 
59.0 59.0 59.0 59.0 
59.0 59.0 59.0 61.0 
61.0 60.0 60.0 60.0 
66.0 59.0 64.0 65.0 
60.0 58.0 59.0 60.0 
59.0 59.0 60.0 61.0 
61.0 60.0 60.0 60.0 
66.0 59.0 63.0 65.0 
60.0 58.0 59.0 59.0 
60.0 59.0 60.0 60.0 
61.0 59.0 61.0 60.0 
65.0 60.0 63.0 65.0 
59.0 59.0 59.0 59.0 
59.0 59.0 60.0 61.0 
61.0 60.0 61.0 60.0 
66.0 59.0 63.0 65.0 
60.0 59.0 58.0 59.0 
58.0 59.0 60.0 61.0 
61.0 59.0 60.0 60.0 
65.0 59.0 63.0 65.0 
59.0 59.0 59.0 59.0 
60.0 60.0 60.0 61.0 
60.0 60.0 60.0 60.0 
66.0 60.0 63.0 65.0 
59.0 59.0 59.0 59.0 
60.0 59.0 60.0 60.0 
61.0 60.0 60.0 60.0 
68.0 59.0 63.0 66.0 
59.0 58.0 60.0 59.0 
60.0 59.0 61.0 60.0 
61.0 60.0 60.0 60.0 
67.0 58.0 63.0 66.0 
60.0 59.0 59.0 59.0 
60.0 59.0 60.0 61.0 
61.0 60.0 60.0 60.0 
67.0 59.0 62.0 66.0 
60.0 59.0 59.0 60.0 
60.0 59.0 60.0 60.0 
60.0 60.0 60.0 60.0 
69.0 59.0 63.0 65.0 
58.0 58.0 59.0 59.0 
59.0 60.0 60.0 59.0 
61.0 60.0 60.0 61.0 
70.0 59.0 63.0 66.0 
60.0 59.0 59.0 59.0 
60.0 59.0 60.0 61.0 
61.0 60.0 60.0 60.0 
69.0 59.0 63.0 66.0 
60.0 58.0 59.0 60.0 
60.0 59.0 60.0 60.0 
61.0 60.0 60.0 60.0 
71.0 59.0 64.0 66.0 
59.0 58.0 59.0 60.0 
60.0 59.0 60.0 60.0 
61.0 59.0 60.0 60.0 
70.0 59.0 62.0 66.0 
60.0 59.0 59.0 60.0 
59.0 60.0 60.0 60.0 
61.0 60.0 61.0 60.0 
72.0 59.0 64.0 66.0 
59.0 59.0 59.0 59.0 
60.0 59.0 60.0 60.0 
61.0 60.0 60.0 60.0 
71.0 59.0 63.0 66.0 
59.0 58.0 59.0 59.0 
60.0 59.0 60.0 60.0 
61.0 59.0 60.0 60.0 
72.0 60.0 63.0 67.0 
60.0 59.0 59.0 60.0 
59.0 59.0 60.0 60.0 
61.0 60.0 60.0 60.0 
69.0 59.0 63.0 65.0 
59.0 59.0 59.0 59.0 
60.0 59.0 61.0 60.0 
61.0 59.0 60.0 60.0 
70.0 60.0 63.0 66.0 
59.0 58.0 59.0 59.0 
60.0 59.0 60.0 60.0 
61.0 59.0 60.0 60.0 
69.0 59.0 63.0 66.0 
60.0 58.0 59.0 60.0 
59.0 59.0 60.0 60.0 
61.0 60.0 60.0 60.0 
69.0 59.0 63.0 66.0 
60.0 59.0 59.0 59.0 
60.0 59.0 61.0 60.0 
61.0 60.0 60.0 60.0 
71.0 59.0 64.0 66.0 
59.0 59.0 59.0 59.0 
60.0 60.0 60.0 60.0 
61.0 60.0 59.0 60.0 
73.0 59.0 63.0 66.0 
59.0 58.0 59.0 59.0 
60.0 59.0 60.0 60.0 
60.0 59.0 60.0 60.0 
72.0 59.0 64.0 67.0 
59.0 59.0 60.0 59.0 
59.0 60.0 59.0 60.0 
60.0 60.0 59.0 60.0 
72.0 59.0 63.0 67.0 
59.0 58.0 59.0 59.0 
59.0 59.0 59.0 61.0 
60.0 59.0 60.0 60.0 
72.0 59.0 64.0 66.0 
59.0 59.0 59.0 59.0 
59.0 59.0 60.0 61.0 
60.0 60.0 60.0 60.0 
71.0 60.0 63.0 66.0 
59.0 58.0 59.0 59.0 
59.0 59.0 60.0 61.0 
60.0 60.0 60.0 61.0 
72.0 59.0 64.0 67.0 
59.0 59.0 59.0 60.0 
59.0 59.0 60.0 60.0 
60.0 60.0 60.0 60.0 
72.0 60.0 64.0 67.0 
59.0 58.0 59.0 59.0 
60.0 60.0 60.0 61.0 
61.0 61.0 60.0 60.0 
72.0 59.0 64.0 67.0 
60.0 59.0 59.0 59.0 
59.0 60.0 59.0 60.0 
61.0 60.0 60.0 60.0 
71.0 60.0 63.0 66.0 
60.0 59.0 60.0 59.0 
60.0 59.0 60.0 61.0 
61.0 60.0 61.0 60.0 
71.0 59.0 64.0 66.0 
59.0 58.0 59.0 59.0 
60.0 59.0 60.0 61.0 
61.0 61.0 60.0 61.0 
71.0 59.0 63.0 66.0 
60.0 58.0 59.0 59.0 
59.0 60.0 61.0 60.0 
61.0 59.0 60.0 60.0 
71.0 60.0 64.0 66.0 
59.0 58.0 60.0 60.0 
60.0 60.0 60.0 60.0 
61.0 60.0 60.0 60.0 
68.0 59.0 63.0 66.0 
59.0 59.0 58.0 59.0 
60.0 59.0 60.0 60.0 
61.0 60.0 60.0 60.0 
68.0 59.0 63.0 66.0 
59.0 59.0 60.0 59.0 
59.0 60.0 60.0 60.0 
61.0 59.0 60.0 60.0 
67.0 59.0 63.0 65.0 
59.0 59.0 60.0 59.0 
60.0 59.0 59.0 61.0 
61.0 60.0 60.0 61.0 
66.0 59.0 63.0 65.0 
60.0 59.0 59.0 59.0 
60.0 60.0 60.0 60.0 
60.0 60.0 60.0 61.0 
66.0 60.0 64.0 65.0 
59.0 59.0 59.0 60.0 
60.0 59.0 60.0 61.0 
61.0 60.0 61.0 61.0 
65.0 59.0 63.0 65.0 
59.0 59.0 59.0 59.0 
60.0 59.0 60.0 60.0 
61.0 60.0 61.0 60.0 
65.0 59.0 63.0 65.0 
60.0 58.0 59.0 59.0 
60.0 59.0 59.0 60.0 
60.0 59.0 60.0 60.0 
66.0 59.0 64.0 65.0 
58.0 59.0 59.0 60.0 
60.0 59.0 60.0 61.0 
60.0 60.0 60.0 60.0 
65.0 60.0 62.0 65.0 
60.0 59.0 59.0 60.0 
60.0 60.0 59.0 61.0 
61.0 60.0 61.0 60.0 
65.0 60.0 63.0 64.0 
60.0 59.0 59.0 59.0 
60.0 59.0 60.0 60.0 
61.0 60.0 60.0 60.0 
65.0 59.0 63.0 65.0 
60.0 59.0 59.0 59.0 
60.0 59.0 59.0 61.0 
61.0 59.0 60.0 60.0 
66.0 59.0 63.0 65.0 
60.0 59.0 60.0 59.0 
60.0 59.0 59.0 61.0 
61.0 60.0 61.0 60.0 
66.0 60.0 63.0 65.0 
60.0 59.0 59.0 59.0 
60.0 59.0 60.0 60.0 
61.0 60.0 61.0 60.0 
65.0 59.0 62.0 65.0 
60.0 59.0 59.0 59.0 
60.0 59.0 60.0 60.0 
61.0 60.0 60.0 60.0 
65.0 59.0 63.0 65.0 
60.0 59.0 59.0 60.0 
59.0 59.0 60.0 61.0 
61.0 60.0 60.0 60.0 
66.0 59.0 63.0 66.0 
60.0 59.0 60.0 59.0 
60.0 59.0 60.0 60.0 
61.0 61.0 60.0 60.0 
65.0 60.0 63.0 66.0 
59.0 59.0 60.0 59.0 
60.0 60.0 59.0 61.0 
61.0 60.0 60.0 60.0 
67.0 59.0 64.0 65.0 
59.0 58.0 59.0 59.0 
59.0 59.0 60.0 61.0 
60.0 60.0 60.0 60.0 
67.0 59.0 63.0 66.0 
59.0 59.0 60.0 59.0 
60.0 59.0 60.0 60.0 
61.0 60.0 60.0 60.0 
67.0 59.0 63.0 65.0 
60.0 59.0 59.0 60.0 
60.0 60.0 60.0 60.0 
61.0 60.0 60.0 60.0 
67.0 59.0 63.0 66.0 
59.0 59.0 60.0 60.0 
60.0 58.0 60.0 61.0 
61.0 60.0 60.0 60.0 
66.0 59.0 64.0 66.0 
60.0 59.0 59.0 59.0 
60.0 59.0 60.0 60.0 
61.0 60.0 60.0 61.0 
65.0 60.0 63.0 65.0 
60.0 59.0 59.0 60.0 
60.0 60.0 60.0 60.0 
60.0 60.0 61.0 60.0 
65.0 59.0 63.0 65.0 
60.0 58.0 60.0 60.0 
60.0 59.0 60.0 60.0 
60.0 60.0 60.0 60.0 
66.0 59.0 63.0 66.0 
60.0 59.0 59.0 59.0 
60.0 59.0 60.0 61.0 
61.0 60.0 60.0 60.0 
64.0 59.0 63.0 64.0 
60.0 59.0 59.0 59.0 
60.0 60.0 60.0 61.0 
61.0 60.0 60.0 60.0 
65.0 59.0 64.0 65.0 
60.0 60.0 59.0 59.0 
60.0 59.0 60.0 60.0 
61.0 59.0 60.0 60.0 
64.0 60.0 63.0 66.0 
60.0 59.0 60.0 60.0 
59.0 60.0 60.0 60.0 
60.0 59.0 60.0 61.0 
66.0 59.0 62.0 65.0 
60.0 59.0 59.0 59.0 
60.0 59.0 60.0 59.0 
61.0 60.0 59.0 61.0 
65.0 59.0 64.0 66.0 
60.0 58.0 59.0 60.0 
60.0 59.0 60.0 60.0 
61.0 60.0 60.0 61.0 
65.0 60.0 63.0 65.0 
60.0 58.0 59.0 60.0 
60.0 59.0 60.0 60.0 
61.0 60.0 60.0 60.0 
65.0 60.0 64.0 65.0 
59.0 61.0 59.0 59.0 
61.0 59.0 60.0 60.0 
60.0 60.0 60.0 61.0 
65.0 60.0 64.0 66.0 
60.0 58.0 59.0 59.0 
60.0 60.0 60.0 60.0 
61.0 60.0 61.0 60.0 
65.0 60.0 63.0 66.0 
60.0 59.0 59.0 59.0 
60.0 59.0 60.0 60.0 
61.0 60.0 60.0 60.0 
66.0 59.0 63.0 65.0 
60.0 59.0 60.0 60.0 
60.0 59.0 60.0 60.0 
61.0 60.0 60.0 60.0 
65.0 60.0 63.0 65.0 
59.0 59.0 59.0 60.0 
59.0 60.0 60.0 61.0 
61.0 60.0 61.0 60.0 
66.0 60.0 63.0 66.0 
60.0 58.0 59.0 59.0 
60.0 59.0 60.0 60.0 
60.0 60.0 61.0 60.0 
65.0 60.0 63.0 66.0 
60.0 59.0 59.0 60.0 
60.0 59.0 60.0 60.0 
61.0 60.0 60.0 60.0 
66.0 59.0 63.0 65.0 
59.0 59.0 60.0 60.0 
60.0 58.0 60.0 60.0 
61.0 60.0 59.0 61.0 
64.0 59.0 63.0 65.0 
60.0 59.0 59.0 59.0 
60.0 59.0 60.0 60.0 
61.0 60.0 60.0 60.0 
66.0 60.0 63.0 65.0 
60.0 59.0 59.0 60.0 
59.0 59.0 60.0 60.0 
61.0 60.0 60.0 60.0 
65.0 59.0 63.0 66.0 
60.0 59.0 59.0 59.0 
60.0 59.0 60.0 60.0 
61.0 61.0 60.0 60.0 
65.0 59.0 63.0 66.0 
60.0 58.0 59.0 59.0 
60.0 59.0 60.0 60.0 
61.0 60.0 60.0 60.0 
66.0 59.0 63.0 65.0 
60.0 59.0 59.0 59.0 
59.0 59.0 60.0 60.0 
61.0 59.0 60.0 60.0 
66.0 59.0 63.0 65.0 
60.0 58.0 59.0 60.0 
59.0 59.0 60.0 60.0 
61.0 60.0 59.0 61.0 
65.0 59.0 64.0 66.0 
60.0 59.0 59.0 60.0 
60.0 59.0 60.0 61.0 
61.0 59.0 60.0 60.0 
66.0 59.0 63.0 66.0 
60.0 58.0 59.0 59.0 
60.0 59.0 60.0 60.0 
61.0 60.0 60.0 60.0 
66.0 59.0 63.0 66.0 
59.0 58.0 59.0 59.0 
60.0 59.0 60.0 61.0 
61.0 60.0 60.0 62.0 
65.0 59.0 63.0 66.0 
59.0 59.0 60.0 60.0 
60.0 58.0 59.0 61.0 
61.0 60.0 60.0 60.0 
65.0 59.0 63.0 66.0 
60.0 58.0 59.0 59.0 
60.0 60.0 60.0 60.0 
61.0 60.0 60.0 61.0 
65.0 60.0 64.0 66.0 
60.0 59.0 59.0 59.0 
61.0 59.0 60.0 60.0 
61.0 60.0 60.0 60.0 
66.0 60.0 63.0 66.0 
60.0 58.0 59.0 60.0 
59.0 60.0 59.0 61.0 
61.0 60.0 60.0 60.0 
66.0 58.0 63.0 65.0 
60.0 59.0 59.0 60.0 
60.0 58.0 60.0 60.0 
61.0 60.0 60.0 60.0 
66.0 59.0 63.0 65.0 
60.0 59.0 59.0 58.0 
60.0 59.0 59.0 61.0 
60.0 60.0 61.0 61.0 
66.0 59.0 63.0 65.0 
60.0 59.0 59.0 59.0 
60.0 59.0 60.0 61.0 
60.0 61.0 60.0 60.0 
65.0 60.0 63.0 65.0 
60.0 59.0 59.0 59.0 
60.0 59.0 60.0 60.0 
62.0 60.0 60.0 61.0 
66.0 60.0 63.0 65.0 
60.0 59.0 59.0 60.0 
60.0 59.0 60.0 60.0 
61.0 60.0 61.0 60.0 
66.0 60.0 63.0 66.0 
60.0 60.0 59.0 60.0 
60.0 59.0 60.0 60.0 
61.0 60.0 61.0 60.0 
66.0 59.0 64.0 64.0 
59.0 59.0 59.0 59.0 
60.0 59.0 59.0 60.0 
61.0 60.0 60.0 60.0 
67.0 59.0 62.0 66.0 
60.0 59.0 59.0 59.0 
60.0 60.0 60.0 60.0 
61.0 60.0 62.0 60.0 
66.0 60.0 63.0 64.0 
59.0 59.0 59.0 60.0 
60.0 59.0 60.0 61.0 
61.0 60.0 61.0 60.0 
66.0 59.0 62.0 65.0 
60.0 58.0 60.0 60.0 
60.0 59.0 60.0 60.0 
61.0 60.0 60.0 60.0 
65.0 60.0 63.0 65.0 
60.0 59.0 59.0 59.0 
60.0 59.0 60.0 61.0 
61.0 60.0 60.0 61.0 
65.0 59.0 62.0 64.0 
60.0 59.0 59.0 60.0 
59.0 59.0 60.0 61.0 
61.0 60.0 61.0 61.0 
65.0 60.0 62.0 64.0 
59.0 59.0 59.0 60.0 
60.0 59.0 60.0 60.0 
61.0 60.0 60.0 60.0 
65.0 60.0 63.0 64.0 
60.0 59.0 59.0 61.0 
60.0 59.0 60.0 61.0 
61.0 60.0 61.0 61.0 
64.0 60.0 62.0 64.0 
60.0 58.0 59.0 59.0 
60.0 60.0 60.0 60.0 
61.0 60.0 60.0 61.0 
64.0 60.0 62.0 64.0 
60.0 59.0 60.0 60.0 
60.0 60.0 60.0 60.0 
61.0 60.0 61.0 61.0 
65.0 60.0 62.0 64.0 
60.0 59.0 59.0 60.0 
60.0 59.0 60.0 60.0 
61.0 60.0 61.0 60.0 
65.0 59.0 62.0 64.0 
60.0 59.0 60.0 60.0 
60.0 59.0 60.0 61.0 
61.0 60.0 61.0 60.0 
64.0 60.0 63.0 65.0 
60.0 58.0 60.0 59.0 
60.0 60.0 60.0 60.0 
61.0 60.0 61.0 60.0 
65.0 60.0 63.0 64.0 
60.0 59.0 59.0 60.0 
60.0 59.0 60.0 61.0 
61.0 59.0 60.0 60.0 
65.0 60.0 63.0 64.0 
60.0 59.0 59.0 60.0 
60.0 59.0 59.0 61.0 
62.0 59.0 60.0 61.0 
65.0 59.0 62.0 65.0 
60.0 59.0 59.0 60.0 
60.0 59.0 59.0 61.0 
61.0 60.0 60.0 60.0 
64.0 59.0 63.0 64.0 
60.0 58.0 60.0 60.0 
60.0 59.0 60.0 61.0 
61.0 60.0 60.0 60.0 
65.0 59.0 64.0 64.0 
59.0 59.0 59.0 60.0 
60.0 60.0 60.0 61.0 
61.0 59.0 61.0 60.0 
66.0 61.0 63.0 65.0 
60.0 58.0 59.0 60.0 
59.0 59.0 60.0 60.0 
61.0 60.0 61.0 61.0 
65.0 60.0 63.0 65.0 
60.0 59.0 60.0 60.0 
60.0 59.0 60.0 61.0 
61.0 60.0 60.0 60.0 
65.0 60.0 63.0 65.0 
59.0 59.0 59.0 60.0 
60.0 59.0 60.0 61.0 
61.0 60.0 61.0 61.0 
65.0 60.0 63.0 66.0 
59.0 59.0 60.0 59.0 
60.0 59.0 60.0 61.0 
61.0 60.0 61.0 60.0 
64.0 60.0 64.0 66.0 
59.0 58.0 59.0 60.0 
60.0 59.0 60.0 60.0 
61.0 60.0 60.0 60.0 
65.0 59.0 64.0 65.0 
60.0 59.0 59.0 59.0 
60.0 59.0 60.0 60.0 
61.0 60.0 60.0 60.0 
66.0 60.0 64.0 66.0 
59.0 59.0 59.0 59.0 
60.0 59.0 60.0 60.0 
61.0 60.0 61.0 60.0 
66.0 60.0 63.0 66.0 
60.0 58.0 60.0 60.0 
60.0 60.0 60.0 60.0 
61.0 60.0 61.0 60.0 
67.0 60.0 64.0 66.0 
59.0 59.0 59.0 60.0 
60.0 59.0 59.0 61.0 
61.0 60.0 60.0 61.0 
66.0 60.0 63.0 66.0 
59.0 59.0 59.0 60.0 
59.0 59.0 60.0 60.0 
61.0 60.0 60.0 60.0 
66.0 59.0 63.0 66.0 
60.0 59.0 59.0 60.0 
59.0 60.0 60.0 60.0 
61.0 61.0 60.0 60.0 
67.0 59.0 64.0 66.0 
60.0 58.0 59.0 59.0 
60.0 59.0 59.0 61.0 
60.0 60.0 60.0 60.0 
67.0 60.0 64.0 66.0 
59.0 58.0 59.0 60.0 
59.0 59.0 60.0 60.0 
61.0 60.0 60.0 60.0 
66.0 59.0 64.0 66.0 
59.0 58.0 59.0 60.0 
60.0 59.0 59.0 60.0 
61.0 59.0 61.0 60.0 
66.0 60.0 64.0 66.0 
60.0 59.0 59.0 59.0 
60.0 59.0 60.0 61.0 
60.0 60.0 60.0 60.0 
67.0 59.0 64.0 66.0 
59.0 58.0 60.0 60.0 
60.0 60.0 60.0 60.0 
61.0 60.0 59.0 60.0 
67.0 60.0 64.0 66.0 
60.0 58.0 59.0 59.0 
60.0 59.0 60.0 60.0 
60.0 60.0 61.0 60.0 
67.0 60.0 64.0 66.0 
60.0 59.0 59.0 60.0 
60.0 59.0 60.0 61.0 
61.0 60.0 60.0 60.0 
67.0 59.0 64.0 67.0 
59.0 59.0 59.0 59.0 
59.0 59.0 60.0 60.0 
62.0 59.0 60.0 60.0 
68.0 59.0 64.0 66.0 
59.0 59.0 59.0 59.0 
59.0 59.0 61.0 60.0 
61.0 60.0 60.0 60.0 
67.0 60.0 63.0 66.0 
60.0 58.0 59.0 60.0 
59.0 59.0 59.0 61.0 
61.0 60.0 61.0 60.0 
67.0 59.0 63.0 67.0 
60.0 58.0 60.0 60.0 
60.0 59.0 60.0 60.0 
61.0 59.0 60.0 60.0 
67.0 59.0 64.0 66.0 
60.0 59.0 59.0 59.0 
59.0 59.0 60.0 61.0 
62.0 60.0 60.0 60.0 
67.0 59.0 63.0 66.0 
60.0 59.0 59.0 59.0 
60.0 59.0 60.0 60.0 
61.0 60.0 60.0 60.0 
67.0 60.0 63.0 66.0 
60.0 59.0 59.0 60.0 
59.0 60.0 60.0 60.0 
61.0 60.0 60.0 61.0 
67.0 59.0 63.0 66.0 
59.0 59.0 60.0 59.0 
60.0 59.0 60.0 60.0 
61.0 60.0 61.0 60.0 
66.0 59.0 63.0 66.0 
60.0 59.0 59.0 59.0 
60.0 59.0 60.0 61.0 
60.0 60.0 60.0 60.0 
66.0 60.0 63.0 66.0 
60.0 59.0 59.0 60.0 
59.0 59.0 60.0 60.0 
62.0 60.0 61.0 60.0 
66.0 59.0 63.0 66.0 
59.0 59.0 59.0 60.0 
60.0 59.0 60.0 60.0 
60.0 60.0 61.0 61.0 
69.0 60.0 63.0 66.0 
59.0 59.0 60.0 60.0 
60.0 59.0 61.0 61.0 
61.0 60.0 61.0 61.0 
67.0 60.0 63.0 66.0 
60.0 58.0 59.0 60.0 
60.0 59.0 60.0 61.0 
61.0 60.0 61.0 60.0 
67.0 59.0 64.0 66.0 
60.0 59.0 59.0 59.0 
59.0 60.0 60.0 61.0 
61.0 60.0 60.0 60.0 
68.0 60.0 63.0 66.0 
59.0 58.0 59.0 59.0 
60.0 59.0 60.0 61.0 
61.0 60.0 61.0 61.0 
67.0 59.0 64.0 66.0 
59.0 59.0 60.0 60.0 
60.0 59.0 60.0 60.0 
61.0 60.0 60.0 60.0 
69.0 59.0 63.0 67.0 
60.0 59.0 59.0 59.0 
60.0 59.0 61.0 60.0 
60.0 60.0 60.0 60.0 
68.0 59.0 64.0 66.0 
60.0 59.0 59.0 59.0 
60.0 59.0 61.0 60.0 
61.0 60.0 60.0 60.0 
68.0 60.0 64.0 66.0 
60.0 59.0 59.0 59.0 
59.0 59.0 60.0 61.0 
61.0 60.0 61.0 60.0 
68.0 60.0 64.0 67.0 
60.0 58.0 59.0 60.0 
60.0 59.0 60.0 61.0 
61.0 59.0 61.0 60.0 
68.0 60.0 64.0 66.0 
60.0 59.0 60.0 59.0 
60.0 59.0 61.0 60.0 
60.0 60.0 60.0 60.0 
68.0 60.0 63.0 67.0 
60.0 58.0 60.0 60.0 
60.0 59.0 60.0 61.0 
61.0 60.0 61.0 60.0 
69.0 60.0 65.0 66.0 
60.0 59.0 60.0 59.0 
60.0 59.0 60.0 60.0 
61.0 60.0 60.0 60.0 
68.0 61.0 63.0 66.0 
59.0 59.0 59.0 59.0 
59.0 58.0 60.0 62.0 
61.0 60.0 60.0 60.0 
69.0 60.0 64.0 66.0 
59.0 59.0 59.0 60.0 
60.0 59.0 60.0 60.0 
61.0 60.0 60.0 60.0 
68.0 60.0 63.0 67.0 
59.0 59.0 59.0 60.0 
60.0 60.0 60.0 60.0 
60.0 60.0 60.0 60.0 
69.0 59.0 63.0 66.0 
59.0 59.0 60.0 60.0 
59.0 59.0 61.0 61.0 
61.0 60.0 60.0 60.0 
68.0 60.0 63.0 66.0 
60.0 59.0 59.0 60.0 
60.0 59.0 60.0 60.0 
61.0 59.0 60.0 61.0 
69.0 59.0 63.0 65.0 
60.0 58.0 59.0 60.0 
60.0 58.0 60.0 61.0 
60.0 60.0 60.0 60.0 
68.0 60.0 63.0 66.0 
60.0 59.0 59.0 59.0 
60.0 60.0 60.0 60.0 
61.0 60.0 61.0 60.0 
69.0 60.0 63.0 65.0 
60.0 59.0 60.0 59.0 
60.0 59.0 61.0 61.0 
60.0 60.0 61.0 60.0 
68.0 60.0 63.0 66.0 
60.0 59.0 60.0 60.0 
60.0 59.0 61.0 60.0 
61.0 60.0 60.0 61.0 
68.0 59.0 63.0 66.0 
60.0 59.0 59.0 59.0 
60.0 59.0 60.0 61.0 
61.0 59.0 60.0 60.0 
68.0 58.0 63.0 67.0 
59.0 58.0 59.0 60.0 
60.0 59.0 61.0 60.0 
61.0 60.0 60.0 60.0 
68.0 59.0 64.0 66.0 
59.0 58.0 60.0 59.0 
60.0 59.0 60.0 60.0 
61.0 60.0 60.0 60.0 
68.0 60.0 63.0 67.0 
60.0 59.0 59.0 59.0 
59.0 59.0 61.0 61.0 
61.0 59.0 60.0 61.0 
69.0 59.0 64.0 66.0 
60.0 59.0 59.0 59.0 
60.0 59.0 60.0 61.0 
61.0 59.0 60.0 60.0 
69.0 60.0 64.0 66.0 
60.0 59.0 59.0 60.0 
61.0 60.0 61.0 61.0 
61.0 60.0 61.0 60.0 
68.0 60.0 64.0 66.0 
59.0 58.0 59.0 59.0 
60.0 59.0 61.0 60.0 
61.0 60.0 61.0 60.0 
69.0 60.0 63.0 67.0 
59.0 58.0 59.0 59.0 
60.0 59.0 61.0 60.0 
60.0 60.0 60.0 60.0 
68.0 60.0 64.0 66.0 
60.0 59.0 60.0 59.0 
60.0 59.0 60.0 60.0 
61.0 60.0 61.0 60.0 
68.0 60.0 63.0 67.0 
60.0 59.0 60.0 59.0 
60.0 59.0 60.0 60.0 
61.0 60.0 60.0 60.0 
69.0 59.0 64.0 67.0 
60.0 58.0 59.0 60.0 
60.0 59.0 62.0 61.0 
60.0 60.0 60.0 61.0 
69.0 60.0 63.0 66.0 
60.0 59.0 59.0 60.0 
60.0 59.0 61.0 61.0 
61.0 60.0 61.0 60.0 
69.0 60.0 63.0 67.0 
60.0 59.0 59.0 59.0 
60.0 59.0 60.0 60.0 
61.0 60.0 60.0 60.0 
68.0 60.0 64.0 66.0 
59.0 59.0 59.0 59.0 
60.0 60.0 60.0 61.0 
61.0 60.0 60.0 61.0 
70.0 59.0 65.0 68.0 
60.0 59.0 59.0 60.0 
59.0 59.0 60.0 61.0 
61.0 60.0 60.0 60.0 
70.0 61.0 64.0 66.0 
60.0 59.0 59.0 60.0 
59.0 59.0 60.0 61.0 
60.0 59.0 60.0 60.0 
70.0 60.0 63.0 66.0 
60.0 59.0 59.0 59.0 
60.0 59.0 60.0 61.0 
62.0 60.0 61.0 60.0 
69.0 59.0 64.0 67.0 
60.0 59.0 59.0 60.0 
60.0 59.0 61.0 60.0 
61.0 60.0 60.0 61.0 
69.0 59.0 64.0 67.0 
60.0 59.0 59.0 60.0 
60.0 59.0 61.0 60.0 
60.0 59.0 60.0 60.0 
69.0 60.0 63.0 67.0 
60.0 59.0 59.0 59.0 
60.0 59.0 61.0 61.0 
61.0 60.0 61.0 60.0 
69.0 58.0 63.0 67.0 
60.0 58.0 59.0 59.0 
60.0 59.0 61.0 61.0 
61.0 60.0 60.0 60.0 
69.0 60.0 63.0 66.0 
60.0 59.0 59.0 59.0 
60.0 60.0 61.0 60.0 
61.0 59.0 61.0 60.0 
69.0 59.0 63.0 66.0 
60.0 59.0 58.0 60.0 
60.0 59.0 61.0 61.0 
61.0 60.0 60.0 60.0 
70.0 59.0 63.0 67.0 
60.0 58.0 59.0 59.0 
60.0 59.0 60.0 61.0 
61.0 60.0 60.0 60.0 
70.0 60.0 63.0 66.0 
60.0 59.0 60.0 59.0 
60.0 59.0 61.0 60.0 
61.0 60.0 60.0 61.0 
70.0 59.0 63.0 65.0 
60.0 58.0 60.0 59.0 
60.0 59.0 60.0 61.0 
61.0 60.0 60.0 60.0 
69.0 60.0 63.0 65.0 
60.0 58.0 60.0 59.0 
60.0 59.0 60.0 60.0 
62.0 60.0 60.0 60.0 
69.0 59.0 62.0 65.0 
60.0 59.0 59.0 60.0 
59.0 59.0 61.0 62.0 
61.0 59.0 60.0 61.0 
70.0 60.0 63.0 65.0 
60.0 58.0 59.0 60.0 
60.0 59.0 60.0 61.0 
62.0 60.0 61.0 60.0 
68.0 60.0 63.0 65.0 
60.0 59.0 60.0 60.0 
60.0 60.0 60.0 61.0 
61.0 60.0 60.0 61.0 
69.0 60.0 62.0 65.0 
60.0 60.0 59.0 60.0 
60.0 59.0 61.0 61.0 
62.0 60.0 61.0 61.0 
68.0 59.0 63.0 66.0 
60.0 58.0 59.0 60.0 
60.0 60.0 61.0 61.0 
61.0 59.0 60.0 60.0 
67.0 59.0 63.0 65.0 
59.0 58.0 60.0 59.0 
60.0 59.0 60.0 61.0 
61.0 59.0 60.0 60.0 
67.0 60.0 63.0 66.0 
59.0 59.0 60.0 60.0 
61.0 59.0 60.0 60.0 
60.0 60.0 61.0 61.0 
68.0 59.0 62.0 65.0 
60.0 59.0 59.0 59.0 
60.0 58.0 60.0 61.0 
61.0 60.0 60.0 60.0 
69.0 59.0 63.0 66.0 
60.0 58.0 59.0 60.0 
60.0 59.0 61.0 61.0 
62.0 60.0 60.0 60.0 
70.0 59.0 63.0 65.0 
60.0 59.0 59.0 60.0 
60.0 60.0 61.0 61.0 
61.0 59.0 60.0 60.0 
68.0 60.0 63.0 66.0 
59.0 59.0 60.0 59.0 
60.0 59.0 60.0 61.0 
62.0 60.0 61.0 61.0 
68.0 60.0 62.0 66.0 
60.0 58.0 59.0 59.0 
60.0 59.0 61.0 61.0 
61.0 60.0 61.0 60.0 
68.0 60.0 63.0 65.0 
61.0 59.0 59.0 59.0 
59.0 60.0 60.0 61.0 
61.0 59.0 60.0 61.0 
69.0 59.0 63.0 66.0 
60.0 58.0 59.0 59.0 
60.0 59.0 60.0 61.0 
61.0 60.0 60.0 59.0 
68.0 60.0 63.0 65.0 
60.0 58.0 60.0 59.0 
60.0 60.0 61.0 60.0 
61.0 59.0 61.0 60.0 
69.0 60.0 63.0 65.0 
60.0 59.0 59.0 60.0 
60.0 59.0 61.0 61.0 
61.0 60.0 61.0 60.0 
69.0 60.0 63.0 66.0 
59.0 59.0 59.0 60.0 
60.0 59.0 62.0 60.0 
61.0 59.0 60.0 60.0 
69.0 59.0 63.0 66.0 
60.0 59.0 59.0 59.0 
61.0 59.0 61.0 62.0 
61.0 60.0 60.0 60.0 
70.0 60.0 63.0 66.0 
60.0 58.0 60.0 59.0 
60.0 60.0 60.0 61.0 
61.0 60.0 61.0 60.0 
69.0 60.0 63.0 66.0 
60.0 59.0 59.0 59.0 
59.0 59.0 62.0 61.0 
61.0 59.0 60.0 61.0 
69.0 59.0 63.0 67.0 
60.0 58.0 59.0 59.0 
60.0 59.0 60.0 61.0 
62.0 60.0 59.0 60.0 
68.0 60.0 63.0 66.0 
60.0 59.0 59.0 59.0 
59.0 59.0 60.0 61.0 
61.0 61.0 61.0 60.0 
69.0 60.0 63.0 67.0 
60.0 58.0 59.0 59.0 
60.0 59.0 61.0 60.0 
61.0 60.0 61.0 60.0 
69.0 60.0 65.0 67.0 
60.0 59.0 59.0 60.0 
60.0 59.0 61.0 61.0 
61.0 60.0 61.0 60.0 
68.0 61.0 64.0 67.0 
59.0 59.0 59.0 60.0 
60.0 59.0 61.0 60.0 
61.0 59.0 60.0 60.0 
69.0 60.0 64.0 66.0 
60.0 58.0 61.0 59.0 
60.0 59.0 61.0 61.0 
61.0 59.0 61.0 60.0 
68.0 60.0 64.0 67.0 
60.0 59.0 59.0 61.0 
60.0 60.0 60.0 60.0 
61.0 60.0 60.0 60.0 
69.0 60.0 63.0 65.0 
60.0 60.0 60.0 60.0 
59.0 59.0 60.0 60.0 
61.0 60.0 60.0 61.0 
68.0 60.0 64.0 66.0 
60.0 58.0 60.0 60.0 
58.0 59.0 61.0 62.0 
61.0 60.0 60.0 60.0 
67.0 60.0 63.0 65.0 
60.0 59.0 59.0 60.0 
60.0 60.0 60.0 61.0 
61.0 60.0 60.0 60.0 
67.0 60.0 63.0 65.0 
60.0 59.0 59.0 59.0 
60.0 59.0 60.0 61.0 
61.0 60.0 61.0 60.0 
68.0 60.0 64.0 66.0 
60.0 58.0 60.0 60.0 
60.0 59.0 60.0 61.0 
61.0 60.0 61.0 60.0 
67.0 60.0 63.0 65.0 
60.0 59.0 59.0 59.0 
61.0 59.0 60.0 61.0 
61.0 60.0 61.0 60.0 
67.0 60.0 62.0 65.0 
60.0 59.0 60.0 59.0 
60.0 60.0 60.0 60.0 
60.0 60.0 61.0 60.0 
67.0 60.0 63.0 65.0 
60.0 58.0 60.0 60.0 
60.0 60.0 60.0 61.0 
61.0 60.0 61.0 61.0 
68.0 59.0 63.0 65.0 
60.0 59.0 60.0 59.0 
60.0 59.0 61.0 61.0 
61.0 60.0 60.0 61.0 
68.0 59.0 63.0 65.0 
60.0 59.0 60.0 59.0 
60.0 59.0 60.0 61.0 
61.0 60.0 60.0 60.0 
68.0 59.0 63.0 66.0 
60.0 58.0 59.0 60.0 
59.0 59.0 62.0 61.0 
61.0 60.0 60.0 60.0 
67.0 61.0 63.0 66.0 
60.0 59.0 59.0 59.0 
60.0 59.0 60.0 61.0 
60.0 59.0 61.0 60.0 
68.0 60.0 63.0 65.0 
60.0 60.0 59.0 60.0 
60.0 59.0 61.0 61.0 
61.0 60.0 61.0 60.0 
68.0 60.0 63.0 66.0 
60.0 59.0 60.0 59.0 
60.0 59.0 61.0 61.0 
61.0 60.0 61.0 60.0 
68.0 59.0 63.0 66.0 
60.0 59.0 59.0 59.0 
60.0 59.0 61.0 61.0 
61.0 60.0 60.0 61.0 
68.0 60.0 64.0 66.0 
60.0 59.0 60.0 59.0 
60.0 60.0 61.0 61.0 
61.0 60.0 62.0 60.0 
69.0 59.0 64.0 66.0 
60.0 59.0 61.0 60.0 
60.0 59.0 60.0 60.0 
61.0 60.0 60.0 60.0 
70.0 59.0 63.0 67.0 
60.0 59.0 59.0 59.0 
61.0 59.0 61.0 61.0 
61.0 60.0 60.0 60.0 
68.0 60.0 63.0 66.0 
60.0 59.0 59.0 60.0 
60.0 60.0 61.0 61.0 
60.0 60.0 61.0 60.0 
68.0 60.0 63.0 66.0 
60.0 59.0 59.0 60.0 
60.0 59.0 60.0 61.0 
61.0 61.0 62.0 61.0 
68.0 60.0 63.0 66.0 
60.0 59.0 59.0 59.0 
60.0 60.0 61.0 61.0 
61.0 60.0 60.0 60.0 
68.0 59.0 63.0 66.0 
60.0 59.0 59.0 59.0 
59.0 59.0 60.0 61.0 
61.0 60.0 60.0 60.0 
68.0 59.0 63.0 67.0 
60.0 58.0 60.0 59.0 
61.0 59.0 61.0 60.0 
61.0 60.0 60.0 60.0 
68.0 60.0 63.0 66.0 
60.0 59.0 58.0 59.0 
60.0 60.0 60.0 61.0 
61.0 60.0 60.0 61.0 
68.0 60.0 63.0 66.0 
60.0 59.0 60.0 59.0 
60.0 59.0 60.0 61.0 
63.0 60.0 61.0 60.0 
67.0 60.0 64.0 67.0 
60.0 59.0 59.0 59.0 
60.0 59.0 59.0 61.0 
61.0 60.0 61.0 60.0 
67.0 59.0 64.0 66.0 
59.0 59.0 59.0 59.0 
60.0 59.0 60.0 61.0 
60.0 60.0 61.0 60.0 
68.0 59.0 63.0 67.0 
59.0 59.0 59.0 59.0 
60.0 59.0 62.0 61.0 
61.0 60.0 60.0 60.0 
68.0 59.0 64.0 67.0 
60.0 59.0 59.0 60.0 
60.0 59.0 61.0 61.0 
62.0 60.0 60.0 60.0 
68.0 59.0 63.0 66.0 
60.0 59.0 59.0 59.0 
60.0 59.0 61.0 61.0 
61.0 60.0 60.0 60.0 
68.0 59.0 64.0 67.0 
59.0 59.0 59.0 59.0 
60.0 59.0 61.0 61.0 
61.0 60.0 60.0 61.0 
68.0 60.0 63.0 67.0 
60.0 57.0 60.0 59.0 
60.0 60.0 60.0 61.0 
61.0 59.0 60.0 60.0 
68.0 59.0 63.0 67.0 
60.0 59.0 60.0 60.0 
60.0 59.0 61.0 61.0 
61.0 61.0 60.0 60.0 
68.0 59.0 64.0 66.0 
59.0 59.0 59.0 59.0 
60.0 60.0 61.0 61.0 
61.0 60.0 60.0 60.0 
67.0 60.0 63.0 66.0 
60.0 59.0 59.0 60.0 
60.0 59.0 60.0 61.0 
60.0 60.0 60.0 60.0 
68.0 60.0 63.0 67.0 
59.0 59.0 60.0 59.0 
60.0 59.0 61.0 60.0 
61.0 60.0 60.0 60.0 
67.0 60.0 64.0 67.0 
60.0 59.0 59.0 59.0 
60.0 59.0 60.0 61.0 
61.0 60.0 60.0 60.0 
67.0 60.0 63.0 67.0 
60.0 59.0 59.0 59.0 
60.0 59.0 60.0 60.0 
61.0 60.0 60.0 60.0 
68.0 59.0 64.0 66.0 
59.0 59.0 59.0 60.0 
60.0 59.0 61.0 60.0 
61.0 60.0 60.0 60.0 
68.0 59.0 63.0 66.0 
59.0 59.0 60.0 59.0 
60.0 59.0 61.0 61.0 
61.0 60.0 60.0 60.0 
68.0 59.0 64.0 67.0 
60.0 59.0 60.0 59.0 
60.0 60.0 60.0 61.0 
61.0 59.0 60.0 61.0 
69.0 59.0 64.0 66.0 
60.0 58.0 59.0 59.0 
60.0 59.0 60.0 61.0 
61.0 60.0 60.0 60.0 
67.0 60.0 63.0 66.0 
59.0 59.0 60.0 60.0 
60.0 59.0 60.0 61.0 
60.0 60.0 60.0 60.0 
67.0 59.0 63.0 67.0 
59.0 58.0 60.0 59.0 
60.0 59.0 60.0 61.0 
61.0 60.0 59.0 60.0 
66.0 59.0 64.0 67.0 
59.0 58.0 59.0 59.0 
58.0 59.0 60.0 60.0 
60.0 60.0 60.0 60.0 
68.0 59.0 64.0 67.0 
60.0 59.0 59.0 59.0 
60.0 59.0 60.0 61.0 
61.0 60.0 60.0 60.0 
68.0 59.0 63.0 66.0 
60.0 59.0 60.0 60.0 
60.0 59.0 61.0 61.0 
61.0 61.0 60.0 60.0 
69.0 60.0 64.0 66.0 
59.0 58.0 59.0 60.0 
59.0 60.0 61.0 62.0 
61.0 61.0 60.0 59.0 
68.0 60.0 64.0 66.0 
60.0 59.0 59.0 59.0 
60.0 59.0 61.0 60.0 
60.0 60.0 60.0 60.0 
67.0 59.0 63.0 66.0 
60.0 59.0 59.0 60.0 
59.0 59.0 59.0 61.0 
62.0 60.0 60.0 60.0 
68.0 60.0 64.0 66.0 
60.0 58.0 59.0 60.0 
60.0 59.0 60.0 61.0 
61.0 60.0 60.0 60.0 
68.0 59.0 64.0 67.0 
60.0 59.0 59.0 60.0 
60.0 59.0 62.0 61.0 
61.0 60.0 60.0 60.0 
68.0 59.0 64.0 66.0 
60.0 59.0 60.0 59.0 
59.0 60.0 60.0 61.0 
61.0 60.0 60.0 60.0 
68.0 60.0 64.0 66.0 
60.0 58.0 59.0 59.0 
60.0 59.0 62.0 60.0 
61.0 60.0 61.0 61.0 
67.0 60.0 64.0 67.0 
59.0 59.0 59.0 59.0 
60.0 59.0 60.0 61.0 
61.0 60.0 60.0 60.0 
68.0 59.0 64.0 66.0 
59.0 59.0 59.0 59.0 
60.0 60.0 60.0 61.0 
61.0 60.0 61.0 60.0 
69.0 59.0 64.0 67.0 
60.0 59.0 59.0 59.0 
60.0 59.0 61.0 61.0 
60.0 60.0 61.0 60.0 
68.0 60.0 64.0 67.0 
60.0 59.0 59.0 60.0 
60.0 59.0 60.0 60.0 
61.0 60.0 61.0 60.0 
68.0 60.0 64.0 67.0 
60.0 59.0 59.0 59.0 
59.0 59.0 60.0 61.0 
61.0 60.0 61.0 60.0 
68.0 59.0 64.0 67.0 
60.0 58.0 60.0 59.0 
61.0 60.0 61.0 61.0 
61.0 60.0 60.0 60.0 
68.0 59.0 64.0 66.0 
59.0 59.0 60.0 60.0 
60.0 59.0 60.0 60.0 
61.0 60.0 60.0 60.0 
68.0 60.0 65.0 67.0 
59.0 58.0 59.0 59.0 
60.0 59.0 61.0 61.0 
61.0 61.0 60.0 61.0 
68.0 59.0 64.0 67.0 
59.0 59.0 59.0 59.0 
60.0 59.0 60.0 61.0 
61.0 60.0 60.0 60.0 
67.0 60.0 63.0 66.0 
59.0 59.0 59.0 60.0 
59.0 60.0 60.0 61.0 
61.0 60.0 60.0 60.0 
68.0 59.0 64.0 66.0 
59.0 59.0 59.0 60.0 
60.0 59.0 61.0 61.0 
61.0 61.0 60.0 60.0 
68.0 60.0 64.0 66.0 
60.0 59.0 60.0 59.0 
60.0 60.0 61.0 61.0 
61.0 60.0 61.0 60.0 
68.0 60.0 63.0 66.0 
60.0 59.0 59.0 59.0 
60.0 59.0 61.0 61.0 
61.0 60.0 61.0 60.0 
67.0 60.0 64.0 67.0 
60.0 59.0 59.0 59.0 
60.0 59.0 60.0 61.0 
61.0 60.0 61.0 60.0 
67.0 59.0 64.0 66.0 
60.0 59.0 59.0 59.0 
60.0 59.0 60.0 61.0 
61.0 60.0 60.0 60.0 
67.0 60.0 63.0 67.0 
60.0 58.0 59.0 59.0 
61.0 59.0 60.0 61.0 
61.0 60.0 61.0 60.0 
67.0 59.0 64.0 66.0 
59.0 59.0 59.0 59.0 
61.0 59.0 60.0 61.0 
61.0 59.0 60.0 60.0 
67.0 59.0 64.0 66.0 
60.0 59.0 60.0 59.0 
59.0 60.0 60.0 61.0 
61.0 60.0 60.0 60.0 
67.0 60.0 63.0 67.0 
60.0 59.0 59.0 60.0 
60.0 59.0 60.0 61.0 
61.0 60.0 60.0 60.0 
68.0 60.0 64.0 67.0 
59.0 59.0 61.0 59.0 
60.0 59.0 62.0 60.0 
61.0 59.0 60.0 60.0 
67.0 59.0 64.0 66.0 
59.0 59.0 60.0 59.0 
60.0 59.0 60.0 60.0 
61.0 60.0 60.0 60.0 
67.0 59.0 64.0 66.0 
59.0 59.0 60.0 59.0 
61.0 59.0 59.0 61.0 
60.0 60.0 61.0 60.0 
67.0 59.0 64.0 66.0 
60.0 59.0 59.0 60.0 
60.0 59.0 60.0 60.0 
60.0 60.0 58.0 61.0 
66.0 59.0 64.0 67.0 
59.0 59.0 59.0 60.0 
60.0 59.0 60.0 61.0 
61.0 60.0 60.0 60.0 
66.0 60.0 63.0 67.0 
60.0 59.0 59.0 59.0 
60.0 59.0 60.0 61.0 
61.0 60.0 61.0 60.0 
67.0 60.0 64.0 66.0 
60.0 59.0 59.0 60.0 
59.0 61.0 60.0 60.0 
61.0 59.0 60.0 60.0 
67.0 60.0 63.0 67.0 
60.0 59.0 59.0 60.0 
60.0 59.0 60.0 60.0 
61.0 60.0 61.0 61.0 
67.0 60.0 64.0 66.0 
60.0 59.0 59.0 60.0 
60.0 59.0 60.0 60.0 
61.0 60.0 60.0 60.0 
67.0 59.0 64.0 67.0 
59.0 59.0 59.0 59.0 
60.0 59.0 60.0 61.0 
61.0 60.0 61.0 60.0 
67.0 60.0 64.0 67.0 
59.0 59.0 59.0 59.0 
60.0 59.0 60.0 60.0 
61.0 60.0 61.0 60.0 
67.0 59.0 64.0 67.0 
59.0 59.0 59.0 60.0 
61.0 59.0 60.0 61.0 
60.0 60.0 60.0 61.0 
67.0 59.0 64.0 66.0 
60.0 59.0 59.0 59.0 
60.0 59.0 60.0 61.0 
61.0 60.0 61.0 60.0 
67.0 60.0 64.0 66.0 
60.0 58.0 59.0 59.0 
60.0 59.0 60.0 61.0 
60.0 60.0 61.0 60.0 
68.0 59.0 64.0 66.0 
60.0 59.0 60.0 59.0 
60.0 59.0 60.0 60.0 
60.0 60.0 61.0 60.0 
68.0 59.0 64.0 67.0 
60.0 58.0 59.0 59.0 
60.0 59.0 61.0 60.0 
61.0 60.0 60.0 60.0 
68.0 59.0 63.0 67.0 
60.0 58.0 60.0 60.0 
60.0 59.0 61.0 60.0 
60.0 60.0 60.0 60.0 
68.0 59.0 64.0 66.0 
60.0 60.0 59.0 60.0 
59.0 59.0 60.0 61.0 
60.0 60.0 61.0 60.0 
68.0 60.0 64.0 67.0 
59.0 59.0 59.0 59.0 
60.0 59.0 60.0 61.0 
61.0 60.0 60.0 60.0 
69.0 59.0 64.0 67.0 
59.0 59.0 60.0 59.0 
61.0 59.0 62.0 61.0 
61.0 60.0 61.0 60.0 
68.0 59.0 64.0 67.0 
60.0 58.0 60.0 59.0 
60.0 59.0 60.0 61.0 
62.0 60.0 60.0 60.0 
67.0 60.0 64.0 67.0 
59.0 58.0 60.0 59.0 
60.0 59.0 59.0 61.0 
61.0 60.0 61.0 60.0 
68.0 59.0 63.0 67.0 
59.0 59.0 59.0 60.0 
60.0 60.0 60.0 60.0 
61.0 60.0 60.0 60.0 
69.0 60.0 64.0 67.0 
60.0 58.0 59.0 59.0 
60.0 59.0 60.0 61.0 
61.0 60.0 61.0 60.0 
69.0 60.0 64.0 66.0 
60.0 59.0 59.0 60.0 
60.0 60.0 61.0 61.0 
61.0 60.0 60.0 60.0 
68.0 60.0 64.0 66.0 
60.0 59.0 59.0 59.0 
60.0 59.0 61.0 61.0 
61.0 60.0 60.0 60.0 
67.0 61.0 63.0 68.0 
60.0 59.0 59.0 60.0 
60.0 59.0 60.0 61.0 
61.0 60.0 60.0 60.0 
68.0 59.0 63.0 67.0 
60.0 59.0 59.0 59.0 
60.0 59.0 60.0 61.0 
61.0 60.0 60.0 60.0 
67.0 59.0 64.0 66.0 
60.0 59.0 59.0 59.0 
60.0 59.0 60.0 61.0 
61.0 60.0 60.0 60.0 
68.0 60.0 64.0 66.0 
60.0 59.0 60.0 59.0 
60.0 60.0 60.0 60.0 
61.0 60.0 61.0 60.0 
69.0 60.0 64.0 67.0 
60.0 59.0 60.0 59.0 
59.0 60.0 59.0 61.0 
61.0 59.0 61.0 60.0 
68.0 59.0 64.0 67.0 
61.0 59.0 59.0 59.0 
60.0 59.0 61.0 60.0 
61.0 60.0 60.0 60.0 
68.0 59.0 64.0 67.0 
60.0 59.0 59.0 60.0 
60.0 59.0 60.0 61.0 
62.0 60.0 60.0 61.0 
68.0 60.0 63.0 68.0 
60.0 58.0 59.0 59.0 
61.0 59.0 61.0 61.0 
61.0 61.0 60.0 61.0 
68.0 60.0 64.0 67.0 
60.0 59.0 59.0 59.0 
60.0 59.0 61.0 60.0 
61.0 60.0 60.0 60.0 
69.0 59.0 64.0 67.0 
59.0 60.0 59.0 60.0 
61.0 59.0 60.0 61.0 
61.0 60.0 60.0 60.0 
69.0 60.0 63.0 67.0 
60.0 58.0 59.0 59.0 
60.0 59.0 60.0 61.0 
61.0 60.0 59.0 61.0 
68.0 59.0 64.0 67.0 
60.0 59.0 59.0 60.0 
60.0 59.0 60.0 61.0 
61.0 60.0 60.0 60.0 
69.0 60.0 64.0 67.0 
59.0 59.0 59.0 59.0 
59.0 60.0 60.0 61.0 
61.0 59.0 60.0 60.0 
69.0 59.0 64.0 66.0 
60.0 59.0 60.0 59.0 
60.0 59.0 60.0 60.0 
60.0 60.0 60.0 60.0 
69.0 60.0 64.0 67.0 
60.0 59.0 59.0 60.0 
60.0 59.0 61.0 61.0 
61.0 60.0 60.0 61.0 
69.0 59.0 64.0 67.0 
60.0 59.0 59.0 60.0 
60.0 59.0 60.0 61.0 
61.0 60.0 60.0 60.0 
69.0 60.0 63.0 67.0 
59.0 59.0 59.0 60.0 
60.0 59.0 60.0 61.0 
61.0 60.0 60.0 61.0 
68.0 60.0 64.0 67.0 
60.0 59.0 59.0 60.0 
60.0 60.0 61.0 61.0 
60.0 59.0 61.0 61.0 
69.0 59.0 64.0 67.0 
59.0 59.0 58.0 59.0 
60.0 59.0 60.0 61.0 
61.0 60.0 59.0 60.0 
68.0 59.0 64.0 67.0 
59.0 59.0 60.0 59.0 
61.0 59.0 61.0 61.0 
61.0 60.0 60.0 61.0 
69.0 59.0 64.0 67.0 
60.0 59.0 59.0 59.0 
60.0 60.0 60.0 61.0 
61.0 60.0 59.0 60.0 
68.0 60.0 64.0 67.0 
60.0 59.0 59.0 59.0 
59.0 59.0 61.0 60.0 
61.0 60.0 60.0 61.0 
68.0 59.0 64.0 67.0 
60.0 59.0 59.0 60.0 
60.0 60.0 60.0 60.0 
60.0 60.0 60.0 61.0 
68.0 59.0 64.0 67.0 
60.0 58.0 58.0 59.0 
60.0 59.0 60.0 61.0 
61.0 60.0 60.0 60.0 
69.0 59.0 64.0 66.0 
59.0 58.0 59.0 59.0 
60.0 60.0 60.0 61.0 
61.0 60.0 60.0 61.0 
68.0 59.0 64.0 67.0 
60.0 59.0 59.0 60.0 
60.0 59.0 60.0 60.0 
60.0 60.0 60.0 60.0 
70.0 60.0 63.0 67.0 
60.0 58.0 59.0 59.0 
59.0 59.0 60.0 61.0 
61.0 60.0 60.0 60.0 
68.0 60.0 64.0 67.0 
60.0 59.0 59.0 60.0 
60.0 59.0 60.0 61.0 
61.0 61.0 61.0 60.0 
68.0 59.0 64.0 67.0 
59.0 59.0 59.0 60.0 
60.0 61.0 60.0 61.0 
61.0 60.0 60.0 60.0 
69.0 59.0 64.0 67.0 
59.0 59.0 59.0 59.0 
59.0 59.0 60.0 60.0 
61.0 59.0 60.0 61.0 
69.0 59.0 63.0 67.0 
59.0 59.0 59.0 60.0 
60.0 59.0 60.0 61.0 
61.0 60.0 60.0 60.0 
68.0 60.0 64.0 66.0 
60.0 59.0 59.0 60.0 
60.0 59.0 60.0 61.0 
61.0 60.0 60.0 61.0 
68.0 60.0 64.0 67.0 
59.0 59.0 59.0 60.0 
60.0 59.0 61.0 60.0 
61.0 60.0 62.0 60.0 
68.0 60.0 63.0 67.0 
60.0 59.0 59.0 59.0 
60.0 59.0 60.0 61.0 
61.0 60.0 61.0 60.0 
68.0 59.0 64.0 67.0 
59.0 59.0 59.0 60.0 
60.0 60.0 61.0 61.0 
61.0 60.0 60.0 60.0 
69.0 60.0 64.0 67.0 
60.0 59.0 60.0 60.0 
60.0 59.0 60.0 62.0 
61.0 60.0 61.0 60.0 
70.0 59.0 63.0 67.0 
60.0 58.0 60.0 59.0 
59.0 60.0 60.0 61.0 
61.0 60.0 61.0 60.0 
69.0 59.0 64.0 67.0 
60.0 59.0 59.0 59.0 
60.0 59.0 61.0 61.0 
61.0 60.0 60.0 60.0 
69.0 60.0 64.0 67.0 
60.0 59.0 59.0 60.0 
59.0 59.0 60.0 61.0 
61.0 60.0 60.0 61.0 
69.0 60.0 64.0 67.0 
59.0 58.0 59.0 60.0 
60.0 59.0 60.0 61.0 
60.0 59.0 61.0 60.0 
69.0 59.0 64.0 68.0 
59.0 58.0 59.0 59.0 
60.0 60.0 60.0 61.0 
60.0 60.0 60.0 60.0 
70.0 60.0 64.0 67.0 
59.0 59.0 60.0 59.0 
60.0 59.0 61.0 61.0 
61.0 59.0 60.0 61.0 
69.0 60.0 63.0 67.0 
59.0 59.0 59.0 60.0 
60.0 59.0 61.0 60.0 
60.0 60.0 61.0 61.0 
69.0 59.0 64.0 67.0 
59.0 60.0 59.0 59.0 
60.0 59.0 61.0 61.0 
61.0 60.0 61.0 59.0 
69.0 60.0 64.0 67.0 
59.0 59.0 59.0 59.0 
60.0 59.0 60.0 60.0 
60.0 60.0 60.0 60.0 
70.0 59.0 64.0 67.0 
59.0 59.0 59.0 59.0 
60.0 59.0 60.0 61.0 
61.0 61.0 60.0 60.0 
69.0 59.0 64.0 67.0 
60.0 59.0 59.0 59.0 
60.0 59.0 60.0 61.0 
60.0 60.0 60.0 60.0 
69.0 59.0 64.0 67.0 
60.0 59.0 59.0 60.0 
60.0 60.0 61.0 61.0 
61.0 59.0 60.0 60.0 
69.0 60.0 64.0 67.0 
59.0 59.0 59.0 59.0 
60.0 59.0 60.0 61.0 
61.0 60.0 61.0 60.0 
69.0 60.0 64.0 67.0 
60.0 58.0 58.0 60.0 
60.0 59.0 61.0 61.0 
60.0 60.0 60.0 60.0 
69.0 59.0 63.0 67.0 
60.0 59.0 59.0 60.0 
60.0 59.0 61.0 61.0 
61.0 60.0 60.0 61.0 
69.0 60.0 64.0 67.0 
59.0 59.0 59.0 59.0 
60.0 59.0 61.0 61.0 
60.0 60.0 61.0 60.0 
69.0 59.0 64.0 67.0 
60.0 59.0 59.0 60.0 
59.0 60.0 61.0 60.0 
61.0 60.0 60.0 60.0 
69.0 60.0 63.0 68.0 
60.0 59.0 59.0 59.0 
60.0 59.0 61.0 61.0 
60.0 60.0 61.0 60.0 
69.0 59.0 64.0 67.0 
60.0 59.0 60.0 60.0 
60.0 59.0 61.0 61.0 
60.0 60.0 60.0 61.0 
69.0 60.0 63.0 67.0 
60.0 58.0 60.0 59.0 
59.0 59.0 61.0 61.0 
62.0 60.0 60.0 61.0 
69.0 59.0 64.0 67.0 
59.0 59.0 59.0 60.0 
60.0 59.0 61.0 60.0 
60.0 60.0 61.0 60.0 
69.0 59.0 64.0 67.0 
60.0 59.0 60.0 59.0 
59.0 60.0 60.0 61.0 
61.0 60.0 60.0 61.0 
70.0 59.0 64.0 67.0 
60.0 59.0 58.0 59.0 
60.0 60.0 61.0 61.0 
61.0 60.0 60.0 60.0 
69.0 59.0 64.0 67.0 
60.0 59.0 59.0 60.0 
60.0 59.0 61.0 60.0 
61.0 60.0 60.0 60.0 
69.0 60.0 64.0 67.0 
60.0 59.0 59.0 60.0 
59.0 60.0 61.0 60.0 
60.0 59.0 60.0 60.0 
69.0 60.0 64.0 67.0 
60.0 59.0 59.0 59.0 
60.0 59.0 61.0 60.0 
61.0 60.0 60.0 60.0 
69.0 60.0 64.0 67.0 
59.0 59.0 59.0 60.0 
60.0 59.0 61.0 61.0 
61.0 60.0 60.0 60.0 
69.0 59.0 64.0 66.0 
60.0 59.0 60.0 59.0 
60.0 59.0 60.0 60.0 
61.0 60.0 60.0 60.0 
69.0 59.0 64.0 67.0 
60.0 58.0 60.0 60.0 
60.0 59.0 61.0 61.0 
61.0 60.0 60.0 60.0 
69.0 59.0 64.0 68.0 
60.0 59.0 60.0 59.0 
60.0 59.0 60.0 61.0 
61.0 60.0 60.0 60.0 
69.0 60.0 63.0 67.0 
60.0 59.0 61.0 59.0 
60.0 59.0 63.0 60.0 
62.0 60.0 60.0 61.0 
69.0 58.0 64.0 67.0 
59.0 59.0 59.0 60.0 
60.0 59.0 61.0 61.0 
61.0 60.0 60.0 59.0 
68.0 60.0 64.0 67.0 
60.0 58.0 60.0 59.0 
60.0 60.0 60.0 61.0 
61.0 60.0 60.0 60.0 
68.0 60.0 64.0 67.0 
59.0 59.0 59.0 60.0 
60.0 59.0 61.0 61.0 
60.0 60.0 60.0 60.0 
69.0 59.0 65.0 67.0 
59.0 59.0 59.0 59.0 
60.0 59.0 60.0 60.0 
61.0 60.0 60.0 60.0 
69.0 60.0 64.0 66.0 
60.0 59.0 59.0 59.0 
60.0 60.0 61.0 61.0 
61.0 60.0 60.0 60.0 
70.0 59.0 64.0 68.0 
59.0 59.0 60.0 60.0 
60.0 59.0 60.0 61.0 
61.0 61.0 60.0 60.0 
69.0 59.0 64.0 67.0 
59.0 59.0 59.0 60.0 
60.0 59.0 60.0 60.0 
60.0 60.0 60.0 60.0 
69.0 59.0 64.0 68.0 
59.0 59.0 59.0 59.0 
61.0 59.0 61.0 61.0 
61.0 60.0 60.0 60.0 
69.0 59.0 65.0 67.0 
59.0 59.0 59.0 59.0 
60.0 59.0 60.0 60.0 
61.0 60.0 60.0 60.0 
69.0 60.0 64.0 67.0 
59.0 58.0 59.0 59.0 
60.0 60.0 60.0 60.0 
61.0 60.0 61.0 60.0 
70.0 59.0 64.0 66.0 
60.0 58.0 59.0 59.0 
59.0 59.0 60.0 60.0 
61.0 60.0 61.0 60.0 
69.0 59.0 64.0 67.0 
60.0 59.0 59.0 59.0 
59.0 59.0 61.0 60.0 
60.0 60.0 59.0 61.0 
69.0 59.0 64.0 68.0 
60.0 59.0 59.0 60.0 
59.0 59.0 60.0 61.0 
61.0 60.0 60.0 60.0 
70.0 59.0 65.0 67.0 
59.0 59.0 59.0 59.0 
59.0 59.0 61.0 60.0 
60.0 60.0 59.0 60.0 
69.0 59.0 64.0 68.0 
59.0 59.0 59.0 59.0 
59.0 59.0 60.0 61.0 
61.0 60.0 60.0 60.0 
69.0 59.0 64.0 67.0 
60.0 59.0 59.0 60.0 
60.0 59.0 61.0 61.0 
62.0 60.0 60.0 60.0 
69.0 59.0 64.0 67.0 
60.0 59.0 59.0 59.0 
59.0 59.0 61.0 60.0 
60.0 59.0 60.0 61.0 
69.0 59.0 64.0 68.0 
59.0 58.0 59.0 59.0 
60.0 60.0 61.0 61.0 
60.0 60.0 61.0 60.0 
69.0 60.0 64.0 67.0 
59.0 58.0 59.0 60.0 
60.0 59.0 60.0 60.0 
60.0 60.0 61.0 60.0 
69.0 59.0 64.0 67.0 
59.0 59.0 59.0 60.0 
60.0 59.0 61.0 61.0 
60.0 60.0 60.0 61.0 
69.0 60.0 64.0 67.0 
59.0 58.0 59.0 59.0 
60.0 59.0 60.0 61.0 
61.0 60.0 61.0 61.0 
69.0 59.0 64.0 66.0 
59.0 59.0 59.0 59.0 
60.0 59.0 61.0 61.0 
60.0 60.0 60.0 60.0 
69.0 59.0 64.0 67.0 
60.0 59.0 59.0 60.0 
60.0 59.0 60.0 60.0 
62.0 60.0 60.0 59.0 
70.0 60.0 64.0 67.0 
60.0 58.0 59.0 59.0 
60.0 59.0 60.0 60.0 
60.0 60.0 60.0 60.0 
70.0 59.0 64.0 67.0 
59.0 59.0 59.0 59.0 
60.0 59.0 61.0 61.0 
61.0 60.0 60.0 60.0 
69.0 59.0 64.0 66.0 
60.0 59.0 59.0 60.0 
59.0 59.0 60.0 60.0 
61.0 59.0 60.0 60.0 
69.0 60.0 64.0 67.0 
59.0 59.0 59.0 60.0 
60.0 59.0 62.0 60.0 
61.0 60.0 60.0 61.0 
70.0 60.0 64.0 67.0 
60.0 58.0 59.0 59.0 
59.0 59.0 60.0 61.0 
62.0 60.0 60.0 60.0 
69.0 59.0 65.0 67.0 
59.0 58.0 59.0 60.0 
59.0 60.0 60.0 60.0 
61.0 59.0 60.0 61.0 
69.0 60.0 64.0 67.0 
60.0 59.0 60.0 59.0 
60.0 59.0 60.0 61.0 
60.0 60.0 59.0 60.0 
69.0 60.0 64.0 67.0 
60.0 59.0 59.0 59.0 
59.0 59.0 61.0 61.0 
60.0 60.0 60.0 60.0 
69.0 60.0 64.0 67.0 
59.0 59.0 59.0 60.0 
60.0 60.0 60.0 61.0 
61.0 60.0 61.0 60.0 
69.0 60.0 65.0 67.0 
61.0 59.0 59.0 59.0 
60.0 59.0 61.0 60.0 
61.0 60.0 60.0 61.0 
70.0 60.0 64.0 67.0 
59.0 59.0 59.0 59.0 
60.0 60.0 60.0 61.0 
61.0 60.0 60.0 60.0 
71.0 59.0 64.0 67.0 
60.0 58.0 59.0 60.0 
60.0 58.0 60.0 61.0 
61.0 60.0 60.0 60.0 
69.0 60.0 64.0 67.0 
60.0 59.0 60.0 59.0 
60.0 59.0 60.0 60.0 
61.0 60.0 60.0 60.0 
70.0 60.0 64.0 67.0 
59.0 59.0 59.0 60.0 
60.0 59.0 60.0 60.0 
61.0 60.0 60.0 61.0 
70.0 59.0 63.0 67.0 
59.0 59.0 59.0 59.0 
60.0 59.0 61.0 61.0 
61.0 60.0 59.0 60.0 
69.0 60.0 64.0 67.0 
59.0 59.0 59.0 59.0 
60.0 59.0 60.0 60.0 
61.0 60.0 61.0 60.0 
70.0 60.0 65.0 67.0 
60.0 58.0 60.0 60.0 
60.0 59.0 60.0 61.0 
61.0 60.0 60.0 60.0 
69.0 59.0 64.0 67.0 
60.0 58.0 59.0 59.0 
60.0 60.0 61.0 60.0 
61.0 60.0 60.0 60.0 
70.0 60.0 64.0 67.0 
60.0 58.0 59.0 60.0 
59.0 59.0 60.0 62.0 
61.0 60.0 60.0 60.0 
70.0 59.0 64.0 67.0 
60.0 59.0 60.0 60.0 
59.0 59.0 60.0 61.0 
60.0 59.0 60.0 60.0 
70.0 60.0 65.0 67.0 
59.0 59.0 59.0 59.0 
59.0 59.0 60.0 61.0 
61.0 61.0 60.0 60.0 
70.0 60.0 65.0 67.0 
59.0 59.0 59.0 60.0 
60.0 59.0 60.0 61.0 
61.0 60.0 60.0 60.0 
70.0 60.0 64.0 67.0 
60.0 58.0 59.0 59.0 
60.0 59.0 60.0 61.0 
60.0 60.0 60.0 61.0 
69.0 60.0 64.0 67.0 
60.0 58.0 59.0 59.0 
60.0 59.0 61.0 61.0 
61.0 60.0 61.0 60.0 
70.0 60.0 64.0 67.0 
59.0 58.0 60.0 59.0 
59.0 59.0 61.0 61.0 
61.0 59.0 61.0 59.0 
70.0 60.0 64.0 67.0 
60.0 59.0 59.0 60.0 
59.0 59.0 61.0 60.0 
61.0 60.0 60.0 60.0 
69.0 60.0 64.0 67.0 
60.0 58.0 59.0 60.0 
59.0 60.0 60.0 61.0 
61.0 60.0 60.0 60.0 
70.0 60.0 64.0 67.0 
60.0 59.0 59.0 59.0 
60.0 59.0 60.0 61.0 
60.0 60.0 60.0 60.0 
70.0 60.0 66.0 67.0 
60.0 58.0 59.0 60.0 
60.0 59.0 61.0 61.0 
61.0 60.0 60.0 60.0 
70.0 59.0 64.0 67.0 
60.0 59.0 59.0 59.0 
59.0 59.0 60.0 60.0 
61.0 60.0 60.0 60.0 
70.0 60.0 64.0 67.0 
59.0 58.0 60.0 60.0 
60.0 59.0 61.0 61.0 
61.0 60.0 61.0 60.0 
70.0 59.0 64.0 67.0 
60.0 59.0 60.0 60.0 
59.0 59.0 61.0 60.0 
60.0 60.0 60.0 60.0 
69.0 60.0 64.0 67.0 
60.0 58.0 60.0 60.0 
60.0 59.0 60.0 61.0 
61.0 60.0 60.0 60.0 
70.0 59.0 64.0 67.0 
60.0 59.0 59.0 60.0 
60.0 59.0 60.0 61.0 
61.0 60.0 60.0 60.0 
70.0 59.0 64.0 66.0 
59.0 59.0 59.0 59.0 
59.0 59.0 60.0 61.0 
61.0 60.0 60.0 60.0 
70.0 59.0 64.0 67.0 
60.0 59.0 59.0 60.0 
59.0 60.0 60.0 61.0 
61.0 60.0 60.0 60.0 
69.0 60.0 64.0 67.0 
59.0 59.0 59.0 60.0 
59.0 59.0 60.0 60.0 
60.0 60.0 61.0 60.0 
70.0 60.0 64.0 67.0 
60.0 59.0 59.0 59.0 
59.0 59.0 60.0 60.0 
61.0 60.0 61.0 60.0 
69.0 60.0 64.0 67.0 
60.0 59.0 59.0 59.0 
60.0 59.0 60.0 60.0 
60.0 60.0 61.0 60.0 
70.0 59.0 64.0 67.0 
59.0 59.0 60.0 59.0 
60.0 59.0 60.0 60.0 
60.0 60.0 60.0 60.0 
70.0 59.0 64.0 67.0 
60.0 59.0 59.0 59.0 
59.0 60.0 60.0 61.0 
61.0 60.0 60.0 60.0 
70.0 59.0 64.0 67.0 
59.0 59.0 59.0 59.0 
60.0 59.0 60.0 61.0 
61.0 60.0 59.0 61.0 
70.0 60.0 64.0 67.0 
60.0 58.0 59.0 59.0 
60.0 60.0 60.0 61.0 
60.0 60.0 60.0 60.0 
71.0 59.0 65.0 67.0 
59.0 59.0 60.0 59.0 
60.0 59.0 60.0 60.0 
60.0 60.0 60.0 61.0 
70.0 60.0 64.0 67.0 
60.0 58.0 59.0 60.0 
60.0 60.0 61.0 60.0 
60.0 60.0 61.0 60.0 
70.0 59.0 64.0 66.0 
60.0 59.0 59.0 59.0 
59.0 59.0 60.0 61.0 
61.0 60.0 60.0 60.0 
70.0 60.0 64.0 67.0 
59.0 59.0 59.0 60.0 
60.0 59.0 61.0 61.0 
61.0 60.0 60.0 60.0 
70.0 60.0 64.0 66.0 
60.0 59.0 59.0 59.0 
60.0 59.0 60.0 61.0 
60.0 60.0 61.0 60.0 
70.0 59.0 64.0 67.0 
59.0 59.0 60.0 60.0 
60.0 60.0 60.0 61.0 
60.0 60.0 60.0 60.0 
70.0 60.0 64.0 67.0 
60.0 58.0 59.0 59.0 
60.0 58.0 60.0 61.0 
60.0 60.0 60.0 60.0 
70.0 59.0 65.0 67.0 
60.0 59.0 60.0 59.0 
60.0 60.0 60.0 60.0 
60.0 60.0 61.0 60.0 
71.0 60.0 64.0 67.0 
60.0 59.0 58.0 59.0 
59.0 60.0 60.0 60.0 
60.0 60.0 61.0 60.0 
71.0 60.0 64.0 66.0 
60.0 58.0 59.0 59.0 
60.0 59.0 60.0 61.0 
61.0 60.0 60.0 60.0 
71.0 60.0 63.0 67.0 
60.0 59.0 59.0 60.0 
60.0 59.0 60.0 61.0 
60.0 60.0 60.0 60.0 
70.0 59.0 65.0 67.0 
60.0 59.0 59.0 59.0 
60.0 59.0 60.0 61.0 
61.0 60.0 61.0 60.0 
70.0 59.0 64.0 67.0 
59.0 59.0 60.0 59.0 
60.0 59.0 60.0 60.0 
61.0 59.0 60.0 60.0 
69.0 60.0 64.0 66.0 
59.0 59.0 59.0 59.0 
59.0 59.0 60.0 61.0 
61.0 60.0 60.0 60.0 
70.0 59.0 64.0 66.0 
59.0 59.0 59.0 59.0 
60.0 59.0 61.0 61.0 
61.0 60.0 60.0 59.0 
70.0 60.0 63.0 67.0 
60.0 59.0 59.0 60.0 
60.0 59.0 60.0 61.0 
60.0 59.0 61.0 60.0 
70.0 60.0 64.0 67.0 
59.0 58.0 59.0 60.0 
60.0 59.0 61.0 61.0 
61.0 60.0 60.0 60.0 
69.0 59.0 64.0 67.0 
59.0 59.0 60.0 60.0 
59.0 59.0 60.0 61.0 
61.0 60.0 61.0 60.0 
70.0 59.0 64.0 67.0 
60.0 59.0 60.0 59.0 
60.0 59.0 60.0 61.0 
61.0 60.0 60.0 60.0 
70.0 59.0 64.0 67.0 
60.0 58.0 59.0 59.0 
60.0 59.0 60.0 61.0 
61.0 60.0 60.0 60.0 
69.0 59.0 64.0 66.0 
59.0 59.0 59.0 59.0 
59.0 60.0 60.0 61.0 
61.0 60.0 60.0 60.0 
69.0 60.0 64.0 67.0 
60.0 58.0 59.0 59.0 
60.0 59.0 61.0 60.0 
61.0 60.0 61.0 60.0 
70.0 60.0 64.0 67.0 
60.0 59.0 60.0 59.0 
60.0 59.0 60.0 61.0 
60.0 60.0 60.0 60.0 
69.0 59.0 64.0 67.0 
60.0 58.0 60.0 59.0 
59.0 60.0 61.0 61.0 
61.0 60.0 61.0 60.0 
70.0 60.0 64.0 66.0 
58.0 59.0 59.0 59.0 
60.0 59.0 60.0 60.0 
61.0 60.0 61.0 60.0 
70.0 59.0 64.0 66.0 
59.0 59.0 59.0 60.0 
60.0 59.0 61.0 60.0 
60.0 60.0 60.0 60.0 
69.0 60.0 64.0 67.0 
60.0 59.0 59.0 59.0 
60.0 59.0 60.0 61.0 
60.0 60.0 60.0 60.0 
70.0 59.0 64.0 67.0 
59.0 59.0 59.0 60.0 
60.0 59.0 60.0 61.0 
61.0 60.0 58.0 60.0 
69.0 59.0 64.0 67.0 
59.0 59.0 59.0 60.0 
60.0 59.0 61.0 60.0 
61.0 60.0 60.0 60.0 
70.0 59.0 64.0 67.0 
60.0 59.0 59.0 59.0 
60.0 59.0 61.0 61.0 
61.0 60.0 60.0 60.0 
70.0 59.0 64.0 67.0 
60.0 59.0 59.0 59.0 
60.0 59.0 61.0 60.0 
60.0 60.0 60.0 60.0 
70.0 59.0 64.0 67.0 
60.0 58.0 59.0 59.0 
60.0 60.0 61.0 61.0 
61.0 60.0 60.0 60.0 
71.0 59.0 65.0 67.0 
60.0 58.0 59.0 59.0 
59.0 59.0 60.0 61.0 
61.0 60.0 60.0 60.0 
70.0 59.0 64.0 67.0 
59.0 58.0 59.0 59.0 
60.0 59.0 60.0 60.0 
61.0 60.0 60.0 60.0 
70.0 59.0 64.0 67.0 
59.0 59.0 59.0 60.0 
60.0 59.0 60.0 61.0 
61.0 60.0 60.0 60.0 
70.0 60.0 63.0 67.0 
59.0 59.0 59.0 59.0 
61.0 59.0 60.0 61.0 
61.0 60.0 60.0 60.0 
70.0 60.0 64.0 67.0 
59.0 58.0 60.0 60.0 
58.0 59.0 60.0 61.0 
60.0 60.0 60.0 61.0 
70.0 60.0 64.0 67.0 
60.0 59.0 59.0 59.0 
59.0 58.0 60.0 60.0 
61.0 60.0 61.0 60.0 
71.0 60.0 64.0 67.0 
60.0 59.0 59.0 59.0 
60.0 59.0 61.0 61.0 
61.0 60.0 60.0 60.0 
70.0 60.0 64.0 67.0 
60.0 58.0 60.0 59.0 
59.0 59.0 60.0 59.0 
61.0 60.0 60.0 60.0 
71.0 59.0 64.0 66.0 
59.0 59.0 59.0 60.0 
60.0 59.0 61.0 60.0 
61.0 60.0 60.0 60.0 
70.0 60.0 64.0 67.0 
59.0 59.0 59.0 59.0 
60.0 59.0 61.0 61.0 
60.0 60.0 59.0 60.0 
71.0 59.0 64.0 67.0 
59.0 59.0 59.0 59.0 
60.0 59.0 60.0 61.0 
61.0 60.0 60.0 60.0 
70.0 60.0 63.0 67.0 
59.0 59.0 59.0 60.0 
60.0 59.0 60.0 60.0 
60.0 60.0 61.0 61.0 
70.0 59.0 63.0 67.0 
59.0 59.0 59.0 60.0 
59.0 59.0 60.0 61.0 
61.0 60.0 60.0 60.0 
70.0 59.0 62.0 67.0 
59.0 59.0 59.0 60.0 
60.0 59.0 60.0 60.0 
61.0 60.0 60.0 60.0 
70.0 60.0 64.0 67.0 
59.0 59.0 59.0 59.0 
60.0 59.0 60.0 61.0 
60.0 60.0 61.0 60.0 
71.0 59.0 63.0 67.0 
59.0 59.0 59.0 60.0 
60.0 59.0 60.0 61.0 
