90.0 58.0 82.0 77.0 
59.0 58.0 59.0 59.0 
59.0 58.0 59.0 61.0 
60.0 58.0 58.0 59.0 
89.0 59.0 83.0 77.0 
59.0 57.0 60.0 59.0 
60.0 58.0 60.0 61.0 
58.0 59.0 58.0 59.0 
88.0 58.0 82.0 77.0 
59.0 57.0 59.0 59.0 
59.0 58.0 59.0 61.0 
58.0 59.0 58.0 60.0 
89.0 58.0 83.0 77.0 
59.0 58.0 59.0 60.0 
60.0 58.0 60.0 61.0 
59.0 59.0 60.0 59.0 
88.0 58.0 82.0 77.0 
59.0 56.0 58.0 60.0 
59.0 58.0 59.0 61.0 
58.0 59.0 58.0 58.0 
90.0 58.0 83.0 77.0 
59.0 58.0 59.0 59.0 
58.0 58.0 60.0 61.0 
59.0 58.0 59.0 59.0 
89.0 58.0 83.0 77.0 
59.0 57.0 59.0 60.0 
59.0 58.0 58.0 62.0 
59.0 59.0 58.0 60.0 
89.0 58.0 83.0 77.0 
59.0 57.0 59.0 60.0 
59.0 58.0 59.0 61.0 
59.0 59.0 59.0 59.0 
89.0 59.0 82.0 77.0 
59.0 57.0 61.0 60.0 
60.0 59.0 59.0 61.0 
59.0 58.0 59.0 59.0 
89.0 58.0 83.0 77.0 
59.0 57.0 59.0 59.0 
59.0 58.0 60.0 61.0 
58.0 59.0 59.0 60.0 
89.0 58.0 84.0 76.0 
59.0 57.0 60.0 60.0 
59.0 58.0 60.0 60.0 
59.0 59.0 59.0 60.0 
89.0 59.0 82.0 77.0 
59.0 57.0 60.0 60.0 
60.0 57.0 59.0 62.0 
59.0 59.0 58.0 59.0 
89.0 59.0 83.0 77.0 
59.0 58.0 59.0 60.0 
59.0 58.0 60.0 62.0 
60.0 59.0 60.0 59.0 
89.0 58.0 83.0 77.0 
58.0 58.0 60.0 60.0 
62.0 58.0 60.0 62.0 
59.0 58.0 59.0 58.0 
89.0 58.0 82.0 77.0 
59.0 58.0 58.0 60.0 
59.0 59.0 59.0 61.0 
60.0 59.0 59.0 60.0 
90.0 59.0 82.0 77.0 
59.0 58.0 59.0 60.0 
60.0 59.0 59.0 61.0 
60.0 58.0 58.0 60.0 
90.0 58.0 82.0 77.0 
59.0 57.0 59.0 60.0 
61.0 57.0 60.0 61.0 
60.0 58.0 58.0 60.0 
90.0 58.0 83.0 77.0 
59.0 58.0 59.0 61.0 
60.0 59.0 59.0 61.0 
59.0 59.0 58.0 60.0 
89.0 60.0 84.0 77.0 
58.0 59.0 59.0 60.0 
59.0 59.0 59.0 61.0 
59.0 60.0 59.0 60.0 
90.0 60.0 83.0 77.0 
59.0 56.0 59.0 60.0 
60.0 57.0 60.0 61.0 
60.0 58.0 59.0 60.0 
89.0 59.0 82.0 77.0 
59.0 58.0 59.0 59.0 
59.0 58.0 60.0 62.0 
60.0 58.0 59.0 60.0 
90.0 58.0 84.0 77.0 
59.0 57.0 59.0 60.0 
60.0 57.0 60.0 61.0 
60.0 59.0 59.0 61.0 
89.0 59.0 83.0 77.0 
59.0 57.0 59.0 59.0 
60.0 57.0 60.0 61.0 
60.0 58.0 60.0 60.0 
89.0 60.0 82.0 77.0 
59.0 57.0 59.0 59.0 
59.0 59.0 59.0 61.0 
62.0 57.0 59.0 60.0 
89.0 59.0 82.0 77.0 
59.0 58.0 59.0 60.0 
60.0 59.0 59.0 61.0 
60.0 59.0 59.0 60.0 
89.0 59.0 82.0 77.0 
59.0 57.0 58.0 59.0 
60.0 59.0 60.0 62.0 
60.0 59.0 59.0 60.0 
90.0 59.0 83.0 77.0 
59.0 57.0 59.0 60.0 
59.0 58.0 59.0 61.0 
60.0 59.0 58.0 60.0 
89.0 58.0 82.0 78.0 
59.0 58.0 59.0 61.0 
58.0 58.0 60.0 61.0 
59.0 59.0 59.0 59.0 
89.0 59.0 82.0 77.0 
59.0 58.0 59.0 60.0 
60.0 59.0 59.0 60.0 
60.0 59.0 59.0 60.0 
89.0 58.0 82.0 77.0 
59.0 57.0 59.0 59.0 
60.0 58.0 59.0 61.0 
60.0 59.0 58.0 59.0 
90.0 58.0 83.0 77.0 
59.0 58.0 59.0 60.0 
60.0 59.0 59.0 62.0 
59.0 59.0 59.0 60.0 
90.0 58.0 83.0 77.0 
58.0 58.0 59.0 60.0 
60.0 60.0 59.0 61.0 
60.0 58.0 58.0 60.0 
90.0 58.0 82.0 77.0 
59.0 58.0 60.0 60.0 
60.0 58.0 59.0 61.0 
60.0 59.0 59.0 60.0 
89.0 58.0 82.0 77.0 
59.0 58.0 60.0 60.0 
60.0 58.0 59.0 61.0 
60.0 59.0 59.0 60.0 
89.0 58.0 82.0 78.0 
59.0 57.0 59.0 60.0 
60.0 59.0 59.0 61.0 
59.0 59.0 59.0 61.0 
90.0 59.0 82.0 77.0 
59.0 58.0 58.0 60.0 
60.0 58.0 60.0 61.0 
60.0 60.0 59.0 61.0 
90.0 61.0 82.0 77.0 
58.0 58.0 59.0 59.0 
61.0 59.0 59.0 61.0 
59.0 60.0 60.0 60.0 
89.0 59.0 82.0 77.0 
59.0 58.0 59.0 61.0 
59.0 59.0 59.0 61.0 
59.0 58.0 60.0 60.0 
89.0 58.0 83.0 78.0 
59.0 58.0 59.0 61.0 
59.0 57.0 60.0 61.0 
60.0 60.0 60.0 60.0 
90.0 59.0 83.0 77.0 
59.0 58.0 59.0 60.0 
60.0 58.0 60.0 62.0 
60.0 58.0 59.0 60.0 
90.0 59.0 81.0 77.0 
59.0 58.0 59.0 60.0 
61.0 58.0 60.0 61.0 
60.0 59.0 60.0 61.0 
90.0 58.0 83.0 77.0 
59.0 58.0 60.0 60.0 
59.0 58.0 59.0 62.0 
60.0 60.0 59.0 60.0 
90.0 59.0 82.0 78.0 
59.0 58.0 59.0 61.0 
59.0 59.0 59.0 62.0 
60.0 59.0 59.0 60.0 
89.0 59.0 82.0 77.0 
59.0 57.0 60.0 59.0 
60.0 58.0 60.0 62.0 
60.0 59.0 60.0 60.0 
90.0 59.0 83.0 76.0 
59.0 59.0 59.0 60.0 
60.0 60.0 60.0 62.0 
60.0 58.0 60.0 60.0 
90.0 58.0 81.0 77.0 
60.0 58.0 59.0 60.0 
60.0 58.0 57.0 62.0 
60.0 59.0 59.0 60.0 
89.0 59.0 82.0 77.0 
59.0 57.0 60.0 60.0 
60.0 59.0 60.0 62.0 
59.0 59.0 59.0 60.0 
90.0 59.0 82.0 77.0 
59.0 58.0 60.0 60.0 
60.0 59.0 60.0 61.0 
59.0 60.0 59.0 60.0 
89.0 59.0 82.0 77.0 
59.0 57.0 60.0 60.0 
60.0 58.0 59.0 61.0 
60.0 59.0 59.0 61.0 
89.0 58.0 82.0 78.0 
59.0 58.0 60.0 60.0 
59.0 57.0 60.0 62.0 
60.0 59.0 58.0 62.0 
90.0 58.0 82.0 76.0 
59.0 57.0 59.0 60.0 
60.0 58.0 60.0 61.0 
59.0 59.0 59.0 61.0 
89.0 59.0 82.0 77.0 
59.0 58.0 60.0 60.0 
60.0 59.0 59.0 62.0 
60.0 59.0 59.0 60.0 
90.0 58.0 82.0 78.0 
59.0 58.0 59.0 60.0 
60.0 60.0 60.0 62.0 
60.0 59.0 59.0 61.0 
89.0 60.0 83.0 77.0 
60.0 58.0 59.0 61.0 
59.0 59.0 60.0 62.0 
61.0 59.0 60.0 60.0 
89.0 59.0 83.0 78.0 
59.0 59.0 59.0 61.0 
60.0 58.0 59.0 62.0 
60.0 59.0 60.0 61.0 
89.0 59.0 82.0 78.0 
60.0 58.0 59.0 60.0 
61.0 59.0 60.0 62.0 
60.0 60.0 59.0 60.0 
89.0 58.0 82.0 78.0 
59.0 58.0 59.0 60.0 
59.0 59.0 60.0 61.0 
60.0 59.0 59.0 60.0 
90.0 58.0 82.0 77.0 
59.0 58.0 60.0 60.0 
60.0 59.0 60.0 61.0 
60.0 59.0 60.0 61.0 
89.0 59.0 82.0 77.0 
59.0 58.0 59.0 59.0 
60.0 59.0 60.0 62.0 
60.0 59.0 60.0 60.0 
89.0 59.0 82.0 77.0 
59.0 57.0 60.0 61.0 
59.0 59.0 59.0 60.0 
60.0 59.0 59.0 60.0 
88.0 59.0 82.0 78.0 
59.0 58.0 59.0 60.0 
59.0 58.0 60.0 62.0 
59.0 59.0 59.0 60.0 
89.0 59.0 83.0 77.0 
59.0 58.0 60.0 60.0 
60.0 58.0 61.0 61.0 
59.0 59.0 60.0 61.0 
90.0 59.0 82.0 77.0 
60.0 58.0 60.0 60.0 
59.0 58.0 60.0 62.0 
60.0 59.0 60.0 61.0 
90.0 59.0 82.0 77.0 
60.0 59.0 60.0 60.0 
59.0 59.0 60.0 62.0 
60.0 58.0 59.0 61.0 
90.0 58.0 83.0 77.0 
61.0 59.0 60.0 60.0 
60.0 58.0 60.0 62.0 
60.0 59.0 59.0 60.0 
90.0 60.0 82.0 78.0 
59.0 59.0 60.0 60.0 
60.0 59.0 60.0 61.0 
59.0 59.0 61.0 61.0 
90.0 58.0 83.0 77.0 
59.0 58.0 59.0 60.0 
61.0 59.0 60.0 61.0 
60.0 60.0 59.0 60.0 
90.0 60.0 83.0 77.0 
60.0 58.0 60.0 60.0 
60.0 58.0 60.0 62.0 
60.0 59.0 60.0 60.0 
91.0 60.0 82.0 78.0 
60.0 58.0 60.0 60.0 
60.0 59.0 60.0 62.0 
60.0 60.0 59.0 61.0 
90.0 58.0 83.0 78.0 
59.0 58.0 60.0 60.0 
60.0 58.0 61.0 62.0 
59.0 59.0 59.0 60.0 
89.0 59.0 82.0 78.0 
60.0 58.0 59.0 60.0 
60.0 58.0 60.0 62.0 
60.0 60.0 59.0 60.0 
89.0 59.0 82.0 78.0 
59.0 58.0 61.0 60.0 
60.0 58.0 60.0 62.0 
59.0 60.0 59.0 60.0 
91.0 59.0 82.0 77.0 
59.0 58.0 59.0 60.0 
59.0 58.0 61.0 62.0 
60.0 60.0 58.0 61.0 
91.0 60.0 83.0 78.0 
59.0 58.0 60.0 60.0 
61.0 59.0 60.0 62.0 
60.0 59.0 60.0 61.0 
89.0 59.0 83.0 78.0 
60.0 58.0 60.0 60.0 
60.0 60.0 60.0 61.0 
60.0 59.0 60.0 61.0 
90.0 59.0 83.0 78.0 
59.0 58.0 59.0 61.0 
60.0 59.0 59.0 62.0 
60.0 59.0 59.0 61.0 
89.0 59.0 83.0 77.0 
59.0 58.0 60.0 60.0 
61.0 59.0 60.0 61.0 
60.0 59.0 59.0 60.0 
90.0 58.0 83.0 77.0 
59.0 58.0 60.0 60.0 
60.0 59.0 60.0 62.0 
60.0 59.0 59.0 60.0 
90.0 58.0 82.0 78.0 
59.0 59.0 60.0 60.0 
60.0 58.0 60.0 62.0 
60.0 59.0 60.0 61.0 
90.0 59.0 83.0 77.0 
59.0 59.0 60.0 60.0 
60.0 58.0 60.0 61.0 
59.0 59.0 60.0 60.0 
90.0 59.0 82.0 78.0 
60.0 59.0 61.0 61.0 
60.0 58.0 60.0 62.0 
59.0 59.0 59.0 60.0 
90.0 59.0 83.0 78.0 
60.0 58.0 60.0 60.0 
60.0 58.0 60.0 61.0 
59.0 60.0 59.0 60.0 
91.0 58.0 83.0 78.0 
60.0 58.0 60.0 61.0 
59.0 59.0 60.0 62.0 
59.0 60.0 60.0 60.0 
90.0 61.0 84.0 77.0 
60.0 58.0 60.0 60.0 
60.0 58.0 60.0 62.0 
59.0 59.0 60.0 60.0 
89.0 59.0 82.0 77.0 
59.0 58.0 60.0 61.0 
60.0 58.0 59.0 62.0 
59.0 59.0 59.0 61.0 
89.0 60.0 82.0 78.0 
60.0 58.0 59.0 60.0 
60.0 59.0 60.0 61.0 
60.0 59.0 60.0 61.0 
90.0 59.0 82.0 78.0 
60.0 59.0 61.0 61.0 
59.0 60.0 60.0 62.0 
60.0 60.0 60.0 61.0 
90.0 61.0 82.0 76.0 
59.0 58.0 60.0 61.0 
60.0 59.0 60.0 63.0 
61.0 59.0 59.0 61.0 
90.0 58.0 82.0 79.0 
60.0 58.0 61.0 61.0 
60.0 59.0 60.0 62.0 
60.0 60.0 60.0 61.0 
89.0 59.0 83.0 77.0 
59.0 59.0 60.0 61.0 
60.0 58.0 60.0 61.0 
60.0 60.0 60.0 60.0 
89.0 59.0 82.0 78.0 
59.0 57.0 60.0 61.0 
60.0 60.0 60.0 62.0 
60.0 60.0 60.0 61.0 
89.0 59.0 83.0 77.0 
60.0 58.0 60.0 60.0 
60.0 59.0 60.0 62.0 
60.0 59.0 60.0 61.0 
90.0 59.0 82.0 78.0 
60.0 58.0 61.0 60.0 
60.0 59.0 60.0 62.0 
59.0 60.0 59.0 61.0 
90.0 59.0 83.0 78.0 
59.0 59.0 60.0 61.0 
59.0 59.0 60.0 62.0 
60.0 59.0 60.0 61.0 
89.0 59.0 83.0 78.0 
60.0 58.0 60.0 60.0 
61.0 58.0 61.0 62.0 
61.0 60.0 60.0 60.0 
90.0 59.0 83.0 78.0 
59.0 58.0 60.0 60.0 
61.0 59.0 60.0 62.0 
61.0 58.0 60.0 60.0 
89.0 60.0 83.0 78.0 
59.0 59.0 60.0 61.0 
61.0 58.0 60.0 61.0 
62.0 58.0 60.0 61.0 
89.0 59.0 83.0 78.0 
59.0 59.0 60.0 61.0 
61.0 59.0 60.0 62.0 
61.0 60.0 60.0 61.0 
90.0 59.0 83.0 78.0 
59.0 59.0 60.0 60.0 
60.0 59.0 60.0 62.0 
61.0 60.0 60.0 62.0 
89.0 59.0 83.0 79.0 
60.0 59.0 59.0 61.0 
60.0 59.0 60.0 62.0 
61.0 59.0 60.0 61.0 
90.0 59.0 84.0 78.0 
59.0 58.0 60.0 60.0 
60.0 59.0 60.0 62.0 
61.0 59.0 61.0 62.0 
89.0 60.0 82.0 77.0 
58.0 58.0 60.0 60.0 
60.0 59.0 60.0 61.0 
59.0 60.0 60.0 61.0 
89.0 59.0 84.0 77.0 
60.0 56.0 60.0 60.0 
60.0 59.0 60.0 60.0 
59.0 59.0 60.0 61.0 
90.0 60.0 83.0 78.0 
60.0 59.0 60.0 60.0 
60.0 59.0 60.0 63.0 
60.0 60.0 60.0 61.0 
90.0 59.0 83.0 78.0 
60.0 58.0 60.0 61.0 
59.0 58.0 60.0 62.0 
60.0 59.0 59.0 61.0 
90.0 59.0 82.0 78.0 
59.0 58.0 59.0 60.0 
60.0 58.0 60.0 61.0 
60.0 60.0 59.0 62.0 
89.0 58.0 83.0 78.0 
59.0 60.0 60.0 61.0 
60.0 59.0 60.0 62.0 
61.0 59.0 60.0 61.0 
88.0 60.0 83.0 78.0 
59.0 59.0 60.0 61.0 
59.0 59.0 60.0 62.0 
61.0 59.0 61.0 61.0 
90.0 59.0 82.0 78.0 
60.0 59.0 60.0 61.0 
60.0 58.0 60.0 61.0 
61.0 60.0 60.0 62.0 
91.0 59.0 83.0 78.0 
59.0 59.0 60.0 62.0 
61.0 59.0 60.0 62.0 
60.0 59.0 60.0 60.0 
90.0 59.0 82.0 77.0 
60.0 58.0 60.0 61.0 
60.0 59.0 60.0 62.0 
59.0 60.0 59.0 60.0 
89.0 59.0 83.0 78.0 
59.0 59.0 60.0 61.0 
61.0 58.0 59.0 62.0 
61.0 60.0 60.0 61.0 
90.0 59.0 84.0 78.0 
59.0 58.0 61.0 61.0 
60.0 60.0 60.0 62.0 
60.0 60.0 61.0 60.0 
90.0 60.0 82.0 78.0 
59.0 58.0 61.0 61.0 
61.0 59.0 60.0 62.0 
60.0 59.0 60.0 60.0 
89.0 59.0 83.0 78.0 
60.0 58.0 61.0 61.0 
61.0 59.0 60.0 63.0 
60.0 60.0 59.0 60.0 
90.0 60.0 84.0 79.0 
59.0 58.0 60.0 61.0 
60.0 60.0 60.0 62.0 
60.0 60.0 60.0 60.0 
90.0 59.0 83.0 78.0 
59.0 59.0 61.0 61.0 
61.0 59.0 60.0 62.0 
61.0 59.0 60.0 62.0 
89.0 59.0 83.0 78.0 
60.0 59.0 61.0 62.0 
60.0 59.0 60.0 62.0 
60.0 60.0 60.0 60.0 
88.0 59.0 82.0 78.0 
60.0 58.0 62.0 61.0 
62.0 60.0 60.0 63.0 
60.0 60.0 60.0 61.0 
89.0 60.0 83.0 78.0 
61.0 58.0 62.0 62.0 
60.0 59.0 60.0 64.0 
61.0 59.0 61.0 60.0 
90.0 60.0 82.0 77.0 
60.0 58.0 63.0 63.0 
61.0 60.0 61.0 63.0 
61.0 60.0 60.0 61.0 
89.0 59.0 82.0 77.0 
62.0 58.0 64.0 64.0 
60.0 59.0 60.0 62.0 
60.0 59.0 60.0 61.0 
89.0 60.0 83.0 77.0 
62.0 58.0 63.0 64.0 
59.0 60.0 60.0 62.0 
61.0 59.0 60.0 61.0 
88.0 59.0 82.0 77.0 
62.0 58.0 62.0 64.0 
60.0 58.0 60.0 61.0 
60.0 60.0 60.0 62.0 
89.0 60.0 82.0 77.0 
61.0 58.0 63.0 64.0 
60.0 59.0 60.0 62.0 
60.0 60.0 61.0 62.0 
89.0 60.0 82.0 77.0 
62.0 59.0 63.0 64.0 
60.0 60.0 60.0 62.0 
61.0 59.0 61.0 61.0 
89.0 60.0 82.0 77.0 
61.0 58.0 63.0 63.0 
61.0 59.0 61.0 62.0 
59.0 60.0 60.0 61.0 
90.0 59.0 81.0 77.0 
62.0 59.0 63.0 65.0 
60.0 59.0 60.0 62.0 
60.0 59.0 60.0 61.0 
90.0 58.0 83.0 77.0 
61.0 58.0 63.0 64.0 
61.0 59.0 61.0 62.0 
59.0 60.0 59.0 61.0 
90.0 60.0 81.0 76.0 
62.0 59.0 64.0 64.0 
61.0 57.0 61.0 62.0 
61.0 59.0 61.0 62.0 
89.0 58.0 82.0 78.0 
62.0 60.0 63.0 64.0 
61.0 59.0 60.0 63.0 
61.0 60.0 61.0 61.0 
89.0 58.0 81.0 77.0 
61.0 58.0 63.0 64.0 
60.0 59.0 61.0 62.0 
60.0 60.0 60.0 62.0 
89.0 60.0 82.0 76.0 
62.0 58.0 63.0 64.0 
60.0 59.0 60.0 62.0 
60.0 60.0 60.0 63.0 
89.0 59.0 81.0 78.0 
63.0 59.0 63.0 64.0 
61.0 59.0 60.0 62.0 
61.0 59.0 60.0 62.0 
90.0 59.0 81.0 77.0 
62.0 59.0 64.0 64.0 
61.0 59.0 60.0 62.0 
60.0 59.0 60.0 61.0 
90.0 58.0 81.0 78.0 
61.0 58.0 63.0 64.0 
60.0 59.0 60.0 62.0 
60.0 60.0 60.0 61.0 
88.0 60.0 80.0 78.0 
62.0 58.0 64.0 64.0 
60.0 59.0 61.0 62.0 
60.0 60.0 60.0 62.0 
88.0 60.0 79.0 78.0 
61.0 58.0 62.0 65.0 
61.0 58.0 60.0 62.0 
60.0 60.0 60.0 61.0 
88.0 58.0 78.0 78.0 
62.0 60.0 63.0 65.0 
60.0 59.0 60.0 62.0 
61.0 61.0 60.0 61.0 
88.0 60.0 81.0 77.0 
62.0 59.0 64.0 65.0 
61.0 59.0 60.0 62.0 
61.0 60.0 60.0 62.0 
85.0 59.0 79.0 77.0 
63.0 58.0 63.0 65.0 
61.0 59.0 61.0 62.0 
61.0 60.0 60.0 62.0 
85.0 59.0 77.0 76.0 
63.0 60.0 64.0 66.0 
61.0 59.0 61.0 62.0 
61.0 60.0 60.0 61.0 
82.0 59.0 76.0 75.0 
64.0 58.0 64.0 67.0 
63.0 59.0 60.0 62.0 
62.0 60.0 60.0 61.0 
77.0 59.0 78.0 76.0 
63.0 59.0 64.0 65.0 
61.0 59.0 62.0 62.0 
61.0 59.0 60.0 61.0 
77.0 59.0 77.0 75.0 
63.0 59.0 64.0 65.0 
60.0 60.0 61.0 62.0 
61.0 60.0 60.0 61.0 
78.0 59.0 77.0 76.0 
63.0 58.0 64.0 66.0 
61.0 59.0 61.0 62.0 
61.0 60.0 60.0 61.0 
77.0 60.0 77.0 76.0 
63.0 59.0 65.0 67.0 
61.0 59.0 61.0 62.0 
62.0 60.0 60.0 61.0 
75.0 60.0 76.0 74.0 
63.0 59.0 65.0 67.0 
61.0 58.0 61.0 62.0 
62.0 60.0 61.0 61.0 
74.0 59.0 78.0 73.0 
64.0 58.0 67.0 67.0 
61.0 59.0 61.0 62.0 
60.0 60.0 60.0 62.0 
76.0 61.0 76.0 74.0 
64.0 59.0 66.0 67.0 
61.0 58.0 61.0 62.0 
60.0 60.0 61.0 61.0 
80.0 59.0 78.0 75.0 
64.0 59.0 66.0 67.0 
60.0 59.0 60.0 62.0 
61.0 60.0 60.0 61.0 
77.0 60.0 78.0 75.0 
65.0 58.0 67.0 67.0 
59.0 59.0 58.0 60.0 
60.0 59.0 61.0 61.0 
68.0 60.0 77.0 74.0 
64.0 59.0 67.0 67.0 
59.0 60.0 59.0 60.0 
61.0 59.0 61.0 61.0 
76.0 59.0 74.0 74.0 
64.0 58.0 67.0 68.0 
59.0 59.0 60.0 60.0 
60.0 60.0 61.0 61.0 
77.0 60.0 75.0 73.0 
64.0 58.0 67.0 68.0 
59.0 60.0 60.0 61.0 
61.0 60.0 62.0 60.0 
70.0 59.0 75.0 73.0 
63.0 59.0 68.0 67.0 
59.0 59.0 59.0 60.0 
61.0 60.0 61.0 62.0 
71.0 60.0 76.0 73.0 
63.0 59.0 68.0 67.0 
60.0 59.0 60.0 60.0 
60.0 59.0 61.0 61.0 
73.0 59.0 76.0 73.0 
63.0 58.0 68.0 66.0 
59.0 59.0 59.0 60.0 
61.0 60.0 62.0 61.0 
70.0 60.0 76.0 72.0 
62.0 58.0 70.0 65.0 
59.0 59.0 58.0 60.0 
61.0 60.0 63.0 62.0 
65.0 60.0 77.0 72.0 
63.0 59.0 70.0 66.0 
59.0 59.0 59.0 59.0 
61.0 60.0 63.0 61.0 
67.0 59.0 76.0 72.0 
62.0 59.0 70.0 67.0 
59.0 58.0 59.0 59.0 
61.0 60.0 62.0 62.0 
74.0 59.0 76.0 73.0 
63.0 59.0 68.0 66.0 
59.0 59.0 59.0 60.0 
60.0 60.0 62.0 61.0 
80.0 60.0 74.0 74.0 
64.0 58.0 67.0 68.0 
59.0 60.0 59.0 60.0 
61.0 60.0 60.0 61.0 
80.0 60.0 74.0 75.0 
63.0 58.0 66.0 67.0 
59.0 59.0 59.0 60.0 
61.0 60.0 61.0 62.0 
76.0 60.0 71.0 74.0 
63.0 59.0 65.0 68.0 
60.0 59.0 61.0 62.0 
61.0 60.0 61.0 62.0 
74.0 59.0 72.0 74.0 
64.0 59.0 65.0 67.0 
59.0 59.0 59.0 58.0 
62.0 60.0 62.0 63.0 
72.0 60.0 70.0 73.0 
64.0 59.0 66.0 67.0 
61.0 59.0 61.0 62.0 
62.0 59.0 62.0 63.0 
65.0 59.0 72.0 73.0 
64.0 59.0 65.0 68.0 
61.0 59.0 60.0 62.0 
62.0 60.0 62.0 62.0 
67.0 59.0 70.0 73.0 
64.0 59.0 64.0 68.0 
61.0 59.0 60.0 62.0 
62.0 60.0 61.0 63.0 
65.0 60.0 70.0 74.0 
64.0 58.0 64.0 69.0 
61.0 59.0 60.0 63.0 
64.0 60.0 62.0 65.0 
78.0 59.0 71.0 75.0 
64.0 59.0 64.0 68.0 
61.0 60.0 61.0 62.0 
66.0 60.0 61.0 65.0 
71.0 60.0 68.0 75.0 
64.0 58.0 63.0 69.0 
61.0 59.0 61.0 62.0 
64.0 60.0 61.0 63.0 
65.0 59.0 69.0 72.0 
66.0 58.0 65.0 71.0 
61.0 59.0 60.0 63.0 
62.0 59.0 60.0 62.0 
65.0 60.0 69.0 73.0 
66.0 58.0 64.0 71.0 
62.0 59.0 60.0 64.0 
61.0 61.0 61.0 62.0 
66.0 59.0 70.0 72.0 
66.0 59.0 65.0 70.0 
62.0 59.0 61.0 64.0 
60.0 61.0 59.0 62.0 
65.0 60.0 69.0 72.0 
65.0 58.0 65.0 71.0 
64.0 59.0 61.0 65.0 
61.0 60.0 61.0 62.0 
66.0 60.0 65.0 78.0 
66.0 59.0 61.0 71.0 
64.0 60.0 60.0 66.0 
62.0 61.0 61.0 62.0 
66.0 59.0 64.0 77.0 
65.0 59.0 61.0 71.0 
64.0 59.0 60.0 66.0 
62.0 60.0 60.0 62.0 
66.0 60.0 64.0 78.0 
65.0 59.0 60.0 72.0 
64.0 60.0 60.0 67.0 
62.0 60.0 61.0 63.0 
65.0 60.0 63.0 77.0 
65.0 58.0 60.0 73.0 
65.0 59.0 61.0 68.0 
63.0 60.0 61.0 62.0 
64.0 64.0 61.0 76.0 
63.0 64.0 60.0 69.0 
63.0 63.0 60.0 66.0 
62.0 62.0 60.0 63.0 
63.0 64.0 60.0 77.0 
63.0 64.0 59.0 69.0 
63.0 63.0 60.0 65.0 
63.0 64.0 60.0 65.0 
63.0 65.0 60.0 76.0 
61.0 64.0 59.0 68.0 
63.0 64.0 60.0 65.0 
64.0 64.0 60.0 65.0 
64.0 65.0 61.0 76.0 
60.0 64.0 59.0 67.0 
63.0 64.0 60.0 65.0 
65.0 66.0 60.0 66.0 
64.0 67.0 61.0 78.0 
63.0 64.0 60.0 67.0 
63.0 64.0 61.0 66.0 
65.0 66.0 59.0 66.0 
65.0 68.0 60.0 79.0 
61.0 61.0 59.0 64.0 
64.0 65.0 60.0 66.0 
66.0 66.0 61.0 66.0 
66.0 70.0 61.0 81.0 
62.0 62.0 59.0 65.0 
68.0 72.0 61.0 70.0 
58.0 59.0 61.0 59.0 
79.0 72.0 61.0 80.0 
63.0 64.0 59.0 66.0 
68.0 70.0 61.0 70.0 
58.0 59.0 60.0 60.0 
71.0 71.0 59.0 82.0 
63.0 63.0 60.0 66.0 
69.0 72.0 60.0 72.0 
58.0 58.0 61.0 59.0 
75.0 71.0 60.0 82.0 
63.0 64.0 60.0 67.0 
70.0 72.0 59.0 72.0 
58.0 58.0 61.0 58.0 
82.0 59.0 67.0 86.0 
66.0 58.0 61.0 69.0 
75.0 59.0 60.0 76.0 
58.0 59.0 60.0 58.0 
85.0 60.0 70.0 88.0 
66.0 58.0 61.0 70.0 
76.0 59.0 63.0 77.0 
57.0 61.0 59.0 58.0 
91.0 59.0 75.0 88.0 
66.0 60.0 63.0 69.0 
75.0 59.0 62.0 77.0 
57.0 61.0 59.0 59.0 
91.0 61.0 82.0 88.0 
65.0 59.0 63.0 69.0 
76.0 59.0 63.0 77.0 
57.0 61.0 59.0 58.0 
93.0 60.0 90.0 88.0 
67.0 59.0 68.0 70.0 
74.0 60.0 84.0 76.0 
57.0 60.0 58.0 58.0 
90.0 59.0 103.0 86.0 
65.0 59.0 70.0 69.0 
74.0 59.0 91.0 77.0 
58.0 60.0 56.0 58.0 
79.0 64.0 111.0 83.0 
63.0 63.0 72.0 67.0 
70.0 69.0 98.0 72.0 
58.0 59.0 56.0 59.0 
80.0 59.0 114.0 87.0 
64.0 59.0 71.0 68.0 
75.0 59.0 105.0 74.0 
66.0 60.0 77.0 67.0 
80.0 65.0 116.0 85.0 
62.0 60.0 72.0 67.0 
69.0 63.0 98.0 71.0 
67.0 64.0 85.0 70.0 
79.0 62.0 125.0 87.0 
63.0 59.0 74.0 67.0 
67.0 67.0 118.0 72.0 
67.0 66.0 95.0 68.0 
79.0 69.0 134.0 85.0 
62.0 61.0 75.0 65.0 
67.0 68.0 148.0 73.0 
66.0 66.0 118.0 69.0 
88.0 71.0 143.0 86.0 
62.0 59.0 72.0 64.0 
66.0 67.0 181.0 74.0 
66.0 66.0 158.0 70.0 
82.0 70.0 184.0 89.0 
61.0 60.0 74.0 64.0 
67.0 69.0 219.0 78.0 
67.0 68.0 204.0 75.0 
83.0 71.0 238.0 91.0 
60.0 61.0 76.0 64.0 
69.0 71.0 300.0 85.0 
67.0 70.0 257.0 79.0 
84.0 74.0 313.0 98.0 
61.0 60.0 84.0 64.0 
70.0 71.0 321.0 88.0 
68.0 70.0 285.0 83.0 
85.0 61.0 308.0 103.0 
63.0 58.0 85.0 65.0 
81.0 64.0 424.0 108.0 
72.0 61.0 309.0 91.0 
90.0 64.0 392.0 117.0 
61.0 59.0 82.0 64.0 
78.0 64.0 402.0 107.0 
76.0 61.0 348.0 97.0 
91.0 64.0 409.0 121.0 
61.0 59.0 85.0 64.0 
83.0 63.0 448.0 114.0 
76.0 63.0 358.0 100.0 
93.0 64.0 432.0 133.0 
62.0 59.0 83.0 65.0 
87.0 66.0 496.0 125.0 
77.0 63.0 374.0 104.0 
92.0 63.0 407.0 132.0 
61.0 58.0 83.0 64.0 
84.0 64.0 448.0 120.0 
78.0 63.0 377.0 108.0 
98.0 65.0 484.0 154.0 
62.0 58.0 84.0 65.0 
82.0 64.0 417.0 117.0 
76.0 62.0 342.0 102.0 
100.0 66.0 505.0 165.0 
61.0 59.0 80.0 64.0 
84.0 63.0 433.0 124.0 
76.0 62.0 341.0 108.0 
101.0 67.0 528.0 180.0 
60.0 60.0 71.0 62.0 
83.0 63.0 417.0 126.0 
80.0 64.0 381.0 114.0 
99.0 65.0 493.0 178.0 
61.0 59.0 69.0 62.0 
82.0 62.0 408.0 129.0 
81.0 63.0 406.0 125.0 
99.0 64.0 465.0 186.0 
60.0 59.0 67.0 62.0 
79.0 62.0 377.0 129.0 
80.0 62.0 392.0 130.0 
99.0 64.0 450.0 210.0 
60.0 59.0 67.0 61.0 
80.0 62.0 376.0 133.0 
81.0 63.0 392.0 134.0 
103.0 66.0 467.0 242.0 
60.0 59.0 65.0 62.0 
83.0 63.0 377.0 153.0 
80.0 63.0 389.0 151.0 
105.0 66.0 461.0 279.0 
61.0 60.0 65.0 61.0 
85.0 62.0 355.0 172.0 
79.0 62.0 353.0 155.0 
109.0 66.0 429.0 353.0 
60.0 58.0 65.0 60.0 
83.0 62.0 313.0 190.0 
80.0 62.0 371.0 197.0 
105.0 63.0 338.0 351.0 
60.0 59.0 67.0 62.0 
87.0 61.0 283.0 247.0 
80.0 61.0 325.0 225.0 
109.0 64.0 342.0 399.0 
59.0 59.0 66.0 60.0 
96.0 61.0 273.0 345.0 
82.0 60.0 291.0 250.0 
116.0 65.0 322.0 447.0 
58.0 59.0 69.0 60.0 
102.0 62.0 270.0 395.0 
78.0 61.0 244.0 235.0 
118.0 64.0 286.0 465.0 
59.0 59.0 68.0 59.0 
108.0 64.0 257.0 443.0 
80.0 60.0 216.0 243.0 
121.0 64.0 266.0 477.0 
59.0 59.0 68.0 58.0 
109.0 64.0 233.0 460.0 
81.0 60.0 190.0 250.0 
120.0 64.0 241.0 468.0 
59.0 58.0 68.0 57.0 
111.0 65.0 211.0 475.0 
78.0 59.0 160.0 232.0 
124.0 65.0 247.0 490.0 
58.0 58.0 68.0 55.0 
109.0 64.0 185.0 461.0 
80.0 60.0 145.0 254.0 
128.0 66.0 226.0 528.0 
59.0 58.0 67.0 55.0 
114.0 63.0 186.0 475.0 
77.0 60.0 134.0 229.0 
122.0 64.0 204.0 469.0 
59.0 59.0 69.0 54.0 
106.0 62.0 171.0 423.0 
78.0 61.0 129.0 230.0 
119.0 64.0 189.0 488.0 
59.0 59.0 70.0 54.0 
103.0 62.0 167.0 400.0 
78.0 60.0 121.0 230.0 
129.0 67.0 189.0 538.0 
59.0 59.0 72.0 54.0 
102.0 62.0 150.0 389.0 
80.0 61.0 120.0 234.0 
130.0 65.0 176.0 512.0 
59.0 59.0 74.0 56.0 
103.0 62.0 139.0 391.0 
75.0 59.0 101.0 207.0 
134.0 66.0 171.0 533.0 
59.0 59.0 68.0 53.0 
100.0 61.0 128.0 360.0 
76.0 61.0 100.0 223.0 
141.0 65.0 162.0 518.0 
59.0 59.0 67.0 54.0 
96.0 61.0 114.0 332.0 
83.0 61.0 103.0 262.0 
147.0 64.0 149.0 493.0 
59.0 59.0 68.0 53.0 
100.0 60.0 111.0 324.0 
87.0 60.0 107.0 290.0 
150.0 64.0 144.0 480.0 
58.0 59.0 66.0 53.0 
101.0 61.0 107.0 313.0 
87.0 61.0 93.0 254.0 
156.0 64.0 134.0 447.0 
58.0 59.0 67.0 55.0 
108.0 60.0 100.0 308.0 
85.0 60.0 85.0 225.0 
160.0 63.0 128.0 414.0 
59.0 59.0 66.0 57.0 
117.0 59.0 97.0 302.0 
80.0 60.0 78.0 183.0 
168.0 62.0 122.0 405.0 
58.0 59.0 67.0 57.0 
122.0 60.0 91.0 249.0 
84.0 60.0 77.0 181.0 
189.0 62.0 121.0 388.0 
58.0 58.0 68.0 59.0 
118.0 59.0 94.0 264.0 
85.0 60.0 75.0 171.0 
193.0 61.0 115.0 371.0 
58.0 59.0 68.0 60.0 
123.0 58.0 88.0 246.0 
85.0 60.0 70.0 130.0 
199.0 61.0 111.0 355.0 
58.0 59.0 67.0 62.0 
119.0 60.0 85.0 210.0 
83.0 60.0 68.0 109.0 
196.0 60.0 109.0 334.0 
57.0 60.0 67.0 62.0 
136.0 59.0 88.0 228.0 
87.0 60.0 70.0 117.0 
203.0 60.0 107.0 322.0 
57.0 58.0 67.0 62.0 
145.0 60.0 90.0 231.0 
88.0 60.0 72.0 121.0 
209.0 488.0 108.0 282.0 
57.0 59.0 66.0 62.0 
140.0 271.0 85.0 184.0 
89.0 113.0 72.0 109.0 
205.0 606.0 103.0 265.0 
58.0 52.0 66.0 63.0 
113.0 300.0 79.0 147.0 
83.0 174.0 70.0 93.0 
215.0 640.0 101.0 251.0 
58.0 55.0 66.0 64.0 
115.0 299.0 77.0 144.0 
74.0 132.0 68.0 82.0 
221.0 645.0 96.0 235.0 
58.0 54.0 65.0 65.0 
116.0 300.0 76.0 141.0 
75.0 131.0 69.0 83.0 
237.0 631.0 96.0 225.0 
58.0 55.0 65.0 64.0 
114.0 262.0 76.0 126.0 
77.0 128.0 70.0 80.0 
263.0 629.0 92.0 207.0 
59.0 56.0 65.0 64.0 
122.0 278.0 76.0 124.0 
73.0 114.0 69.0 77.0 
288.0 647.0 91.0 203.0 
57.0 57.0 65.0 66.0 
127.0 272.0 71.0 112.0 
76.0 116.0 66.0 77.0 
309.0 577.0 90.0 184.0 
60.0 65.0 67.0 68.0 
143.0 312.0 73.0 120.0 
52.0 112.0 63.0 73.0 
329.0 495.0 89.0 164.0 
61.0 67.0 68.0 69.0 
159.0 316.0 73.0 121.0 
50.0 42.0 60.0 57.0 
370.0 496.0 89.0 156.0 
63.0 70.0 69.0 70.0 
169.0 308.0 73.0 116.0 
48.0 43.0 59.0 57.0 
445.0 444.0 91.0 144.0 
64.0 71.0 72.0 71.0 
180.0 277.0 73.0 104.0 
46.0 44.0 60.0 57.0 
488.0 410.0 91.0 136.0 
68.0 68.0 72.0 69.0 
247.0 207.0 72.0 96.0 
43.0 47.0 59.0 57.0 
509.0 371.0 92.0 129.0 
71.0 68.0 72.0 69.0 
307.0 203.0 74.0 96.0 
41.0 49.0 58.0 58.0 
586.0 344.0 91.0 124.0 
73.0 68.0 72.0 70.0 
250.0 151.0 72.0 86.0 
41.0 51.0 59.0 59.0 
566.0 315.0 91.0 123.0 
74.0 69.0 73.0 70.0 
316.0 160.0 74.0 90.0 
41.0 52.0 60.0 58.0 
605.0 292.0 91.0 116.0 
75.0 66.0 73.0 70.0 
231.0 124.0 73.0 83.0 
40.0 51.0 59.0 59.0 
582.0 258.0 91.0 109.0 
76.0 67.0 75.0 70.0 
279.0 128.0 79.0 85.0 
40.0 53.0 59.0 58.0 
558.0 218.0 94.0 104.0 
77.0 65.0 75.0 70.0 
279.0 115.0 88.0 84.0 
41.0 54.0 58.0 59.0 
589.0 206.0 96.0 103.0 
77.0 66.0 77.0 70.0 
270.0 113.0 109.0 85.0 
41.0 56.0 57.0 59.0 
541.0 190.0 100.0 101.0 
78.0 65.0 80.0 70.0 
328.0 119.0 131.0 88.0 
40.0 55.0 57.0 59.0 
524.0 175.0 101.0 98.0 
76.0 65.0 81.0 70.0 
272.0 105.0 141.0 84.0 
40.0 56.0 56.0 57.0 
524.0 164.0 100.0 96.0 
75.0 64.0 84.0 70.0 
257.0 100.0 163.0 84.0 
43.0 56.0 55.0 59.0 
549.0 156.0 108.0 100.0 
75.0 59.0 86.0 71.0 
256.0 96.0 211.0 90.0 
38.0 60.0 54.0 56.0 
545.0 154.0 113.0 100.0 
77.0 60.0 86.0 72.0 
295.0 62.0 245.0 105.0 
125.0 60.0 148.0 76.0 
485.0 65.0 110.0 91.0 
74.0 59.0 91.0 72.0 
257.0 61.0 297.0 95.0 
137.0 61.0 236.0 85.0 
443.0 64.0 112.0 107.0 
75.0 58.0 109.0 73.0 
200.0 61.0 308.0 100.0 
109.0 61.0 288.0 86.0 
321.0 62.0 84.0 92.0 
68.0 59.0 87.0 71.0 
186.0 62.0 381.0 104.0 
101.0 62.0 351.0 92.0 
301.0 62.0 76.0 88.0 
65.0 59.0 86.0 71.0 
149.0 64.0 428.0 110.0 
91.0 64.0 398.0 95.0 
268.0 60.0 68.0 86.0 
64.0 58.0 86.0 70.0 
98.0 66.0 482.0 109.0 
80.0 65.0 444.0 99.0 
209.0 60.0 62.0 82.0 
62.0 59.0 84.0 70.0 
83.0 67.0 547.0 125.0 
77.0 66.0 488.0 113.0 
188.0 59.0 61.0 81.0 
62.0 59.0 80.0 70.0 
83.0 67.0 536.0 129.0 
82.0 67.0 528.0 123.0 
161.0 60.0 57.0 78.0 
61.0 59.0 80.0 70.0 
86.0 65.0 578.0 140.0 
81.0 66.0 583.0 134.0 
132.0 60.0 56.0 74.0 
61.0 59.0 78.0 69.0 
92.0 64.0 600.0 156.0 
85.0 66.0 609.0 142.0 
123.0 59.0 54.0 73.0 
62.0 58.0 78.0 70.0 
92.0 64.0 621.0 168.0 
87.0 65.0 625.0 151.0 
115.0 60.0 52.0 72.0 
62.0 59.0 79.0 70.0 
92.0 64.0 637.0 176.0 
88.0 64.0 648.0 162.0 
112.0 60.0 52.0 71.0 
61.0 59.0 79.0 70.0 
92.0 64.0 663.0 192.0 
88.0 64.0 646.0 172.0 
113.0 60.0 53.0 70.0 
61.0 59.0 80.0 71.0 
93.0 64.0 645.0 207.0 
87.0 64.0 646.0 182.0 
113.0 60.0 52.0 70.0 
61.0 60.0 79.0 71.0 
95.0 64.0 658.0 227.0 
87.0 65.0 648.0 200.0 
110.0 60.0 51.0 69.0 
61.0 58.0 81.0 73.0 
94.0 64.0 647.0 239.0 
88.0 64.0 638.0 216.0 
108.0 60.0 50.0 67.0 
61.0 59.0 81.0 74.0 
97.0 65.0 648.0 279.0 
91.0 64.0 670.0 259.0 
104.0 60.0 52.0 66.0 
62.0 59.0 80.0 74.0 
100.0 64.0 677.0 325.0 
93.0 64.0 663.0 290.0 
103.0 59.0 51.0 64.0 
62.0 59.0 77.0 73.0 
101.0 65.0 646.0 359.0 
97.0 65.0 672.0 346.0 
101.0 59.0 52.0 61.0 
61.0 59.0 76.0 74.0 
107.0 67.0 651.0 417.0 
103.0 67.0 677.0 424.0 
98.0 60.0 52.0 60.0 
61.0 59.0 76.0 73.0 
111.0 67.0 646.0 464.0 
110.0 68.0 667.0 480.0 
96.0 60.0 52.0 58.0 
61.0 59.0 74.0 73.0 
114.0 70.0 621.0 490.0 
113.0 69.0 670.0 515.0 
94.0 60.0 53.0 57.0 
61.0 58.0 74.0 72.0 
118.0 70.0 626.0 527.0 
113.0 71.0 640.0 515.0 
96.0 61.0 55.0 57.0 
60.0 59.0 67.0 66.0 
124.0 72.0 618.0 562.0 
117.0 71.0 642.0 550.0 
93.0 60.0 56.0 57.0 
60.0 59.0 67.0 67.0 
125.0 69.0 597.0 598.0 
116.0 72.0 619.0 559.0 
94.0 60.0 55.0 55.0 
60.0 59.0 70.0 67.0 
126.0 69.0 581.0 611.0 
119.0 71.0 594.0 593.0 
88.0 60.0 55.0 54.0 
60.0 59.0 70.0 65.0 
129.0 70.0 544.0 627.0 
125.0 73.0 555.0 598.0 
73.0 60.0 55.0 51.0 
60.0 59.0 71.0 66.0 
134.0 70.0 518.0 651.0 
126.0 71.0 515.0 594.0 
73.0 59.0 56.0 51.0 
60.0 60.0 67.0 63.0 
135.0 69.0 488.0 625.0 
128.0 69.0 497.0 619.0 
73.0 59.0 58.0 52.0 
59.0 60.0 67.0 61.0 
139.0 69.0 479.0 643.0 
131.0 69.0 472.0 618.0 
73.0 60.0 59.0 52.0 
60.0 59.0 64.0 58.0 
136.0 67.0 455.0 637.0 
132.0 67.0 466.0 651.0 
68.0 60.0 60.0 50.0 
59.0 59.0 64.0 58.0 
142.0 67.0 432.0 657.0 
138.0 67.0 441.0 677.0 
66.0 60.0 60.0 52.0 
59.0 59.0 63.0 56.0 
140.0 68.0 417.0 625.0 
142.0 66.0 432.0 703.0 
70.0 60.0 61.0 50.0 
59.0 59.0 65.0 56.0 
140.0 66.0 392.0 625.0 
144.0 65.0 415.0 712.0 
72.0 59.0 62.0 50.0 
59.0 58.0 64.0 55.0 
150.0 66.0 377.0 634.0 
155.0 64.0 393.0 713.0 
66.0 60.0 62.0 50.0 
59.0 59.0 65.0 55.0 
159.0 64.0 361.0 659.0 
160.0 65.0 371.0 711.0 
69.0 60.0 63.0 51.0 
59.0 58.0 65.0 55.0 
159.0 65.0 358.0 652.0 
167.0 64.0 365.0 705.0 
68.0 59.0 63.0 51.0 
58.0 58.0 63.0 53.0 
163.0 65.0 347.0 649.0 
173.0 64.0 358.0 703.0 
68.0 60.0 62.0 50.0 
59.0 59.0 65.0 53.0 
166.0 65.0 356.0 663.0 
177.0 63.0 352.0 725.0 
70.0 59.0 64.0 52.0 
58.0 59.0 63.0 52.0 
169.0 65.0 335.0 627.0 
182.0 63.0 334.0 723.0 
71.0 59.0 64.0 51.0 
58.0 59.0 62.0 51.0 
182.0 65.0 318.0 641.0 
189.0 64.0 326.0 699.0 
71.0 59.0 66.0 51.0 
57.0 61.0 62.0 51.0 
189.0 64.0 294.0 643.0 
192.0 64.0 303.0 691.0 
71.0 60.0 66.0 50.0 
58.0 58.0 66.0 52.0 
191.0 64.0 262.0 632.0 
194.0 64.0 259.0 657.0 
69.0 61.0 67.0 52.0 
57.0 59.0 66.0 52.0 
197.0 64.0 237.0 622.0 
198.0 64.0 243.0 635.0 
70.0 60.0 67.0 51.0 
58.0 59.0 66.0 53.0 
202.0 63.0 220.0 599.0 
205.0 64.0 223.0 614.0 
70.0 60.0 66.0 53.0 
58.0 59.0 65.0 54.0 
204.0 68.0 211.0 564.0 
214.0 65.0 221.0 585.0 
70.0 60.0 68.0 54.0 
57.0 60.0 66.0 56.0 
214.0 66.0 208.0 540.0 
225.0 67.0 203.0 544.0 
68.0 60.0 68.0 56.0 
57.0 58.0 68.0 56.0 
226.0 66.0 193.0 511.0 
224.0 64.0 176.0 507.0 
68.0 59.0 69.0 57.0 
56.0 59.0 66.0 55.0 
235.0 64.0 165.0 490.0 
225.0 64.0 161.0 467.0 
67.0 59.0 71.0 58.0 
56.0 59.0 67.0 56.0 
240.0 65.0 150.0 469.0 
239.0 64.0 151.0 455.0 
68.0 60.0 71.0 58.0 
55.0 59.0 68.0 57.0 
251.0 64.0 141.0 449.0 
250.0 64.0 145.0 439.0 
68.0 59.0 71.0 59.0 
55.0 60.0 67.0 58.0 
265.0 65.0 133.0 435.0 
263.0 63.0 135.0 418.0 
66.0 60.0 72.0 61.0 
54.0 59.0 67.0 58.0 
292.0 63.0 125.0 416.0 
281.0 63.0 130.0 394.0 
66.0 60.0 72.0 64.0 
54.0 59.0 66.0 59.0 
308.0 64.0 116.0 391.0 
298.0 63.0 111.0 364.0 
64.0 59.0 72.0 65.0 
53.0 59.0 66.0 60.0 
331.0 63.0 113.0 368.0 
326.0 63.0 110.0 347.0 
62.0 60.0 74.0 68.0 
52.0 59.0 66.0 61.0 
373.0 63.0 107.0 345.0 
373.0 64.0 105.0 320.0 
62.0 59.0 74.0 69.0 
50.0 58.0 66.0 60.0 
413.0 64.0 107.0 324.0 
405.0 64.0 103.0 292.0 
61.0 60.0 75.0 70.0 
51.0 58.0 67.0 64.0 
435.0 65.0 111.0 306.0 
451.0 65.0 106.0 279.0 
59.0 60.0 76.0 72.0 
50.0 59.0 67.0 65.0 
484.0 66.0 107.0 293.0 
474.0 66.0 103.0 265.0 
57.0 60.0 76.0 72.0 
49.0 58.0 67.0 66.0 
506.0 67.0 100.0 286.0 
496.0 66.0 96.0 250.0 
57.0 59.0 75.0 72.0 
48.0 60.0 67.0 65.0 
564.0 67.0 97.0 285.0 
512.0 66.0 91.0 243.0 
57.0 59.0 75.0 73.0 
47.0 59.0 65.0 65.0 
565.0 67.0 91.0 275.0 
523.0 68.0 88.0 232.0 
56.0 60.0 76.0 74.0 
47.0 59.0 65.0 66.0 
603.0 66.0 88.0 264.0 
537.0 68.0 86.0 222.0 
56.0 59.0 75.0 74.0 
47.0 59.0 63.0 66.0 
572.0 66.0 83.0 252.0 
552.0 67.0 79.0 208.0 
67.0 59.0 76.0 78.0 
57.0 59.0 64.0 69.0 
608.0 65.0 82.0 248.0 
524.0 68.0 80.0 194.0 
67.0 59.0 76.0 78.0 
58.0 59.0 65.0 69.0 
648.0 64.0 82.0 244.0 
509.0 67.0 79.0 182.0 
67.0 59.0 78.0 78.0 
58.0 59.0 66.0 68.0 
734.0 62.0 89.0 249.0 
484.0 66.0 81.0 168.0 
68.0 60.0 78.0 79.0 
57.0 59.0 66.0 66.0 
760.0 62.0 94.0 232.0 
42.0 60.0 59.0 54.0 
69.0 60.0 80.0 82.0 
58.0 58.0 64.0 67.0 
774.0 62.0 80.0 229.0 
42.0 61.0 60.0 54.0 
69.0 61.0 81.0 83.0 
59.0 59.0 65.0 68.0 
777.0 62.0 85.0 222.0 
41.0 60.0 58.0 55.0 
69.0 60.0 82.0 82.0 
60.0 59.0 64.0 67.0 
776.0 61.0 83.0 215.0 
41.0 60.0 59.0 55.0 
71.0 59.0 83.0 83.0 
62.0 59.0 63.0 66.0 
773.0 62.0 85.0 206.0 
41.0 60.0 59.0 56.0 
72.0 60.0 86.0 84.0 
63.0 59.0 63.0 66.0 
772.0 63.0 85.0 198.0 
42.0 60.0 60.0 55.0 
72.0 59.0 87.0 83.0 
65.0 59.0 65.0 67.0 
767.0 62.0 83.0 193.0 
40.0 60.0 59.0 56.0 
73.0 61.0 93.0 83.0 
66.0 58.0 63.0 67.0 
765.0 61.0 76.0 176.0 
40.0 61.0 58.0 56.0 
74.0 59.0 94.0 83.0 
66.0 59.0 63.0 67.0 
731.0 64.0 81.0 163.0 
365.0 63.0 71.0 112.0 
74.0 60.0 100.0 83.0 
64.0 60.0 64.0 65.0 
625.0 65.0 84.0 155.0 
471.0 66.0 82.0 124.0 
63.0 60.0 107.0 82.0 
52.0 59.0 64.0 63.0 
631.0 65.0 85.0 148.0 
480.0 66.0 82.0 122.0 
62.0 61.0 111.0 80.0 
52.0 58.0 64.0 63.0 
622.0 64.0 86.0 144.0 
460.0 66.0 83.0 117.0 
66.0 59.0 114.0 81.0 
52.0 59.0 63.0 63.0 
581.0 66.0 86.0 138.0 
431.0 64.0 82.0 110.0 
66.0 60.0 119.0 83.0 
51.0 59.0 63.0 61.0 
555.0 66.0 85.0 136.0 
371.0 62.0 83.0 105.0 
53.0 59.0 92.0 71.0 
55.0 59.0 69.0 65.0 
544.0 67.0 92.0 136.0 
330.0 62.0 82.0 100.0 
61.0 60.0 108.0 76.0 
56.0 59.0 67.0 63.0 
515.0 67.0 88.0 132.0 
298.0 61.0 78.0 93.0 
72.0 60.0 141.0 84.0 
53.0 59.0 63.0 61.0 
470.0 64.0 98.0 122.0 
272.0 61.0 83.0 88.0 
74.0 60.0 153.0 85.0 
53.0 59.0 62.0 60.0 
417.0 64.0 109.0 110.0 
255.0 61.0 89.0 87.0 
76.0 61.0 167.0 87.0 
52.0 59.0 60.0 60.0 
362.0 62.0 141.0 109.0 
238.0 60.0 109.0 86.0 
80.0 59.0 188.0 89.0 
52.0 59.0 59.0 60.0 
362.0 62.0 151.0 106.0 
222.0 62.0 116.0 85.0 
81.0 60.0 208.0 93.0 
53.0 59.0 61.0 60.0 
320.0 62.0 157.0 102.0 
175.0 61.0 123.0 82.0 
85.0 60.0 226.0 95.0 
55.0 59.0 60.0 59.0 
279.0 60.0 157.0 100.0 
159.0 60.0 137.0 80.0 
87.0 60.0 255.0 98.0 
55.0 58.0 60.0 60.0 
261.0 60.0 177.0 98.0 
144.0 60.0 121.0 77.0 
87.0 60.0 258.0 98.0 
56.0 58.0 60.0 60.0 
231.0 61.0 177.0 94.0 
130.0 59.0 119.0 75.0 
93.0 62.0 335.0 110.0 
56.0 59.0 59.0 59.0 
217.0 60.0 178.0 93.0 
123.0 61.0 113.0 74.0 
96.0 62.0 368.0 118.0 
57.0 59.0 59.0 59.0 
199.0 59.0 178.0 91.0 
106.0 61.0 117.0 72.0 
96.0 64.0 404.0 128.0 
57.0 59.0 62.0 60.0 
180.0 61.0 148.0 86.0 
104.0 60.0 131.0 75.0 
97.0 62.0 380.0 126.0 
58.0 59.0 63.0 60.0 
167.0 60.0 157.0 87.0 
103.0 60.0 141.0 77.0 
97.0 63.0 377.0 130.0 
57.0 60.0 61.0 60.0 
157.0 60.0 193.0 90.0 
100.0 60.0 140.0 75.0 
97.0 63.0 357.0 132.0 
58.0 59.0 61.0 60.0 
149.0 61.0 228.0 96.0 
85.0 60.0 119.0 71.0 
101.0 64.0 411.0 149.0 
58.0 59.0 60.0 60.0 
140.0 59.0 217.0 96.0 
96.0 60.0 120.0 75.0 
104.0 64.0 435.0 165.0 
59.0 59.0 60.0 60.0 
132.0 60.0 180.0 90.0 
88.0 60.0 113.0 73.0 
106.0 65.0 445.0 169.0 
59.0 59.0 60.0 60.0 
89.0 60.0 162.0 84.0 
67.0 60.0 95.0 67.0 
105.0 64.0 421.0 169.0 
61.0 59.0 64.0 61.0 
78.0 60.0 155.0 81.0 
66.0 60.0 92.0 67.0 
106.0 64.0 421.0 189.0 
60.0 59.0 67.0 61.0 
75.0 60.0 152.0 84.0 
65.0 60.0 81.0 64.0 
108.0 63.0 427.0 214.0 
59.0 59.0 64.0 59.0 
78.0 60.0 173.0 97.0 
64.0 60.0 78.0 62.0 
107.0 64.0 424.0 232.0 
60.0 59.0 65.0 60.0 
78.0 59.0 149.0 99.0 
64.0 61.0 78.0 66.0 
107.0 64.0 423.0 248.0 
60.0 58.0 66.0 61.0 
74.0 60.0 129.0 110.0 
65.0 60.0 77.0 70.0 
104.0 63.0 391.0 271.0 
60.0 58.0 65.0 60.0 
78.0 60.0 122.0 147.0 
63.0 59.0 72.0 73.0 
99.0 63.0 366.0 302.0 
59.0 58.0 66.0 59.0 
85.0 59.0 136.0 200.0 
63.0 60.0 70.0 73.0 
93.0 62.0 314.0 312.0 
59.0 59.0 65.0 59.0 
84.0 60.0 122.0 213.0 
62.0 60.0 69.0 78.0 
91.0 62.0 278.0 320.0 
59.0 60.0 65.0 56.0 
87.0 58.0 119.0 246.0 
65.0 60.0 74.0 100.0 
100.0 63.0 267.0 376.0 
60.0 58.0 65.0 55.0 
86.0 59.0 111.0 254.0 
65.0 61.0 72.0 101.0 
102.0 63.0 243.0 391.0 
59.0 59.0 64.0 55.0 
93.0 59.0 116.0 290.0 
65.0 62.0 71.0 94.0 
109.0 63.0 222.0 440.0 
59.0 60.0 65.0 54.0 
95.0 60.0 121.0 309.0 
65.0 59.0 74.0 96.0 
109.0 64.0 207.0 434.0 
58.0 58.0 64.0 53.0 
96.0 60.0 114.0 315.0 
63.0 60.0 67.0 88.0 
111.0 64.0 195.0 444.0 
59.0 59.0 65.0 53.0 
94.0 60.0 103.0 302.0 
63.0 60.0 69.0 93.0 
117.0 64.0 199.0 488.0 
59.0 58.0 65.0 54.0 
90.0 60.0 104.0 273.0 
65.0 60.0 73.0 104.0 
121.0 66.0 171.0 508.0 
59.0 59.0 66.0 57.0 
83.0 60.0 90.0 259.0 
64.0 61.0 68.0 92.0 
112.0 66.0 157.0 457.0 
59.0 59.0 65.0 56.0 
88.0 60.0 94.0 263.0 
64.0 60.0 67.0 86.0 
117.0 64.0 156.0 457.0 
59.0 59.0 67.0 56.0 
90.0 60.0 96.0 279.0 
62.0 59.0 66.0 74.0 
120.0 64.0 150.0 461.0 
59.0 59.0 65.0 55.0 
95.0 59.0 96.0 303.0 
60.0 60.0 63.0 67.0 
116.0 64.0 142.0 440.0 
59.0 59.0 66.0 56.0 
93.0 60.0 93.0 282.0 
60.0 60.0 63.0 65.0 
135.0 66.0 144.0 505.0 
59.0 59.0 64.0 55.0 
87.0 61.0 92.0 284.0 
60.0 60.0 60.0 60.0 
127.0 64.0 137.0 459.0 
59.0 58.0 65.0 55.0 
98.0 61.0 97.0 318.0 
59.0 61.0 61.0 57.0 
126.0 63.0 133.0 441.0 
59.0 59.0 65.0 58.0 
96.0 59.0 92.0 296.0 
59.0 59.0 62.0 59.0 
121.0 63.0 121.0 395.0 
60.0 59.0 64.0 58.0 
95.0 59.0 92.0 296.0 
59.0 60.0 62.0 59.0 
124.0 61.0 117.0 383.0 
59.0 59.0 65.0 59.0 
109.0 60.0 95.0 329.0 
59.0 60.0 62.0 58.0 
119.0 62.0 111.0 344.0 
58.0 59.0 66.0 58.0 
120.0 59.0 94.0 325.0 
58.0 60.0 61.0 56.0 
122.0 61.0 105.0 320.0 
60.0 59.0 65.0 59.0 
112.0 59.0 86.0 254.0 
60.0 60.0 61.0 60.0 
117.0 61.0 103.0 303.0 
59.0 60.0 65.0 59.0 
117.0 60.0 86.0 244.0 
59.0 59.0 63.0 59.0 
120.0 61.0 100.0 272.0 
59.0 59.0 66.0 62.0 
112.0 60.0 84.0 213.0 
58.0 60.0 62.0 59.0 
112.0 59.0 96.0 248.0 
60.0 59.0 66.0 63.0 
122.0 59.0 84.0 214.0 
60.0 59.0 61.0 61.0 
118.0 60.0 93.0 237.0 
59.0 58.0 66.0 62.0 
132.0 59.0 84.0 202.0 
59.0 61.0 61.0 57.0 
115.0 60.0 94.0 219.0 
59.0 59.0 66.0 62.0 
140.0 59.0 84.0 198.0 
59.0 60.0 61.0 58.0 
119.0 59.0 92.0 210.0 
60.0 59.0 67.0 63.0 
136.0 59.0 83.0 185.0 
59.0 60.0 60.0 58.0 
128.0 59.0 94.0 226.0 
58.0 59.0 67.0 62.0 
137.0 60.0 82.0 179.0 
64.0 61.0 61.0 62.0 
131.0 60.0 94.0 215.0 
57.0 59.0 65.0 62.0 
128.0 60.0 80.0 158.0 
66.0 62.0 62.0 65.0 
136.0 60.0 92.0 197.0 
57.0 59.0 65.0 62.0 
142.0 59.0 81.0 173.0 
65.0 59.0 62.0 64.0 
137.0 60.0 91.0 193.0 
58.0 59.0 65.0 60.0 
138.0 60.0 78.0 159.0 
66.0 61.0 61.0 65.0 
149.0 60.0 91.0 186.0 
58.0 59.0 65.0 62.0 
133.0 59.0 76.0 141.0 
68.0 60.0 62.0 68.0 
146.0 61.0 88.0 161.0 
58.0 59.0 64.0 63.0 
128.0 59.0 74.0 137.0 
69.0 60.0 62.0 68.0 
160.0 59.0 87.0 160.0 
59.0 59.0 66.0 64.0 
128.0 61.0 73.0 136.0 
70.0 60.0 61.0 68.0 
165.0 59.0 87.0 155.0 
57.0 59.0 65.0 62.0 
141.0 59.0 75.0 145.0 
68.0 61.0 61.0 66.0 
176.0 60.0 87.0 153.0 
55.0 60.0 65.0 61.0 
146.0 60.0 75.0 142.0 
68.0 60.0 61.0 66.0 
190.0 60.0 87.0 149.0 
56.0 60.0 65.0 62.0 
152.0 59.0 76.0 143.0 
67.0 60.0 62.0 65.0 
200.0 60.0 87.0 149.0 
55.0 58.0 64.0 60.0 
154.0 59.0 76.0 138.0 
64.0 60.0 61.0 63.0 
207.0 60.0 87.0 154.0 
55.0 60.0 66.0 62.0 
166.0 60.0 72.0 130.0 
56.0 58.0 62.0 58.0 
212.0 60.0 86.0 151.0 
55.0 59.0 64.0 62.0 
194.0 60.0 75.0 133.0 
56.0 61.0 60.0 59.0 
205.0 60.0 84.0 137.0 
55.0 59.0 65.0 63.0 
241.0 60.0 72.0 128.0 
52.0 59.0 60.0 57.0 
196.0 60.0 83.0 130.0 
54.0 58.0 65.0 63.0 
280.0 60.0 74.0 130.0 
51.0 60.0 60.0 57.0 
230.0 60.0 85.0 135.0 
55.0 59.0 65.0 64.0 
279.0 60.0 70.0 110.0 
51.0 61.0 61.0 58.0 
218.0 61.0 82.0 125.0 
54.0 60.0 65.0 64.0 
296.0 61.0 69.0 103.0 
50.0 60.0 60.0 58.0 
225.0 60.0 84.0 129.0 
57.0 60.0 65.0 65.0 
193.0 60.0 64.0 83.0 
54.0 61.0 61.0 58.0 
198.0 60.0 81.0 116.0 
57.0 59.0 66.0 64.0 
232.0 59.0 65.0 86.0 
55.0 60.0 60.0 59.0 
276.0 61.0 84.0 124.0 
56.0 60.0 65.0 64.0 
241.0 61.0 65.0 84.0 
57.0 60.0 59.0 60.0 
282.0 60.0 83.0 118.0 
54.0 59.0 65.0 64.0 
243.0 60.0 66.0 86.0 
56.0 60.0 61.0 60.0 
298.0 62.0 83.0 115.0 
55.0 59.0 65.0 64.0 
297.0 62.0 67.0 89.0 
55.0 60.0 61.0 60.0 
322.0 62.0 82.0 116.0 
54.0 59.0 65.0 64.0 
257.0 60.0 66.0 85.0 
54.0 60.0 60.0 60.0 
292.0 61.0 82.0 110.0 
52.0 59.0 65.0 64.0 
319.0 61.0 69.0 91.0 
61.0 60.0 60.0 60.0 
271.0 60.0 81.0 102.0 
51.0 58.0 64.0 65.0 
394.0 63.0 72.0 101.0 
63.0 59.0 61.0 61.0 
275.0 61.0 82.0 102.0 
51.0 59.0 65.0 64.0 
387.0 63.0 74.0 100.0 
67.0 60.0 61.0 60.0 
319.0 62.0 83.0 106.0 
53.0 59.0 64.0 64.0 
299.0 60.0 69.0 88.0 
67.0 60.0 61.0 61.0 
318.0 62.0 83.0 107.0 
52.0 58.0 65.0 63.0 
269.0 63.0 68.0 87.0 
70.0 59.0 61.0 62.0 
302.0 61.0 83.0 102.0 
54.0 59.0 65.0 65.0 
243.0 61.0 66.0 80.0 
70.0 60.0 61.0 62.0 
291.0 61.0 82.0 101.0 
52.0 59.0 65.0 64.0 
314.0 61.0 68.0 89.0 
65.0 60.0 61.0 61.0 
251.0 60.0 80.0 95.0 
50.0 59.0 65.0 63.0 
369.0 62.0 71.0 95.0 
63.0 60.0 61.0 61.0 
244.0 61.0 81.0 93.0 
50.0 59.0 65.0 64.0 
325.0 61.0 70.0 89.0 
58.0 61.0 60.0 62.0 
254.0 60.0 81.0 93.0 
56.0 59.0 64.0 64.0 
235.0 61.0 68.0 85.0 
54.0 60.0 62.0 61.0 
270.0 61.0 81.0 94.0 
55.0 59.0 65.0 65.0 
181.0 61.0 66.0 78.0 
53.0 62.0 61.0 60.0 
185.0 61.0 79.0 84.0 
58.0 59.0 64.0 64.0 
219.0 60.0 66.0 82.0 
58.0 60.0 61.0 60.0 
156.0 60.0 78.0 81.0 
58.0 59.0 65.0 64.0 
210.0 61.0 66.0 80.0 
56.0 60.0 62.0 60.0 
165.0 60.0 79.0 84.0 
57.0 60.0 64.0 64.0 
182.0 59.0 65.0 79.0 
55.0 60.0 61.0 60.0 
182.0 60.0 79.0 84.0 
57.0 59.0 65.0 63.0 
163.0 59.0 66.0 77.0 
53.0 60.0 61.0 61.0 
163.0 59.0 79.0 82.0 
60.0 58.0 65.0 64.0 
104.0 60.0 63.0 68.0 
57.0 59.0 61.0 61.0 
160.0 59.0 79.0 82.0 
62.0 59.0 65.0 65.0 
78.0 60.0 61.0 64.0 
60.0 61.0 60.0 61.0 
149.0 61.0 80.0 82.0 
63.0 59.0 66.0 65.0 
75.0 59.0 62.0 64.0 
59.0 60.0 61.0 61.0 
141.0 61.0 79.0 81.0 
63.0 58.0 64.0 66.0 
74.0 59.0 63.0 65.0 
60.0 60.0 61.0 61.0 
131.0 60.0 80.0 79.0 
63.0 59.0 65.0 66.0 
71.0 60.0 60.0 63.0 
60.0 60.0 61.0 61.0 
109.0 60.0 79.0 78.0 
64.0 59.0 66.0 65.0 
65.0 61.0 61.0 62.0 
62.0 62.0 61.0 62.0 
102.0 60.0 78.0 76.0 
64.0 58.0 65.0 65.0 
65.0 59.0 63.0 63.0 
62.0 60.0 60.0 62.0 
102.0 60.0 79.0 77.0 
63.0 59.0 66.0 66.0 
65.0 60.0 60.0 62.0 
62.0 60.0 61.0 62.0 
100.0 60.0 78.0 77.0 
64.0 59.0 66.0 65.0 
66.0 59.0 61.0 63.0 
62.0 61.0 60.0 62.0 
93.0 59.0 78.0 75.0 
64.0 59.0 66.0 66.0 
63.0 59.0 61.0 62.0 
61.0 60.0 60.0 62.0 
91.0 59.0 79.0 76.0 
64.0 59.0 66.0 66.0 
63.0 60.0 60.0 62.0 
63.0 60.0 60.0 62.0 
88.0 58.0 79.0 74.0 
64.0 59.0 66.0 66.0 
62.0 59.0 60.0 62.0 
65.0 60.0 61.0 63.0 
90.0 59.0 78.0 75.0 
64.0 59.0 66.0 67.0 
61.0 60.0 60.0 63.0 
65.0 60.0 60.0 62.0 
89.0 61.0 78.0 76.0 
64.0 59.0 66.0 66.0 
60.0 61.0 61.0 62.0 
63.0 61.0 61.0 62.0 
89.0 59.0 78.0 76.0 
64.0 60.0 66.0 67.0 
61.0 60.0 61.0 61.0 
63.0 58.0 61.0 62.0 
85.0 60.0 78.0 75.0 
64.0 59.0 66.0 67.0 
61.0 60.0 61.0 62.0 
61.0 60.0 61.0 62.0 
84.0 61.0 78.0 75.0 
64.0 59.0 67.0 67.0 
61.0 59.0 61.0 62.0 
60.0 60.0 61.0 62.0 
80.0 60.0 78.0 74.0 
64.0 59.0 67.0 67.0 
61.0 60.0 61.0 61.0 
59.0 60.0 61.0 62.0 
82.0 60.0 78.0 74.0 
64.0 59.0 67.0 67.0 
61.0 60.0 60.0 62.0 
61.0 60.0 61.0 61.0 
79.0 59.0 78.0 74.0 
64.0 60.0 67.0 66.0 
62.0 59.0 62.0 62.0 
61.0 61.0 60.0 60.0 
79.0 60.0 78.0 74.0 
64.0 59.0 67.0 67.0 
62.0 58.0 61.0 61.0 
61.0 61.0 60.0 61.0 
79.0 60.0 77.0 73.0 
63.0 59.0 67.0 68.0 
61.0 60.0 61.0 61.0 
60.0 60.0 61.0 61.0 
79.0 60.0 78.0 73.0 
65.0 59.0 66.0 67.0 
60.0 60.0 61.0 62.0 
61.0 61.0 60.0 61.0 
79.0 60.0 78.0 73.0 
64.0 58.0 68.0 67.0 
61.0 60.0 60.0 62.0 
60.0 60.0 61.0 62.0 
78.0 60.0 78.0 73.0 
65.0 59.0 67.0 67.0 
61.0 60.0 61.0 62.0 
61.0 62.0 60.0 62.0 
79.0 60.0 78.0 74.0 
64.0 59.0 67.0 67.0 
60.0 59.0 61.0 62.0 
60.0 60.0 60.0 61.0 
79.0 60.0 78.0 73.0 
64.0 59.0 67.0 66.0 
61.0 60.0 61.0 62.0 
61.0 59.0 61.0 60.0 
79.0 58.0 78.0 73.0 
64.0 59.0 67.0 67.0 
61.0 59.0 62.0 63.0 
62.0 60.0 60.0 62.0 
78.0 59.0 78.0 74.0 
63.0 59.0 67.0 67.0 
61.0 60.0 61.0 63.0 
62.0 60.0 61.0 60.0 
79.0 60.0 78.0 74.0 
64.0 60.0 66.0 67.0 
61.0 60.0 62.0 63.0 
61.0 60.0 61.0 61.0 
78.0 60.0 78.0 73.0 
65.0 59.0 67.0 67.0 
61.0 59.0 61.0 62.0 
60.0 60.0 60.0 61.0 
79.0 59.0 77.0 73.0 
64.0 59.0 67.0 67.0 
61.0 60.0 61.0 63.0 
60.0 61.0 59.0 61.0 
79.0 60.0 78.0 74.0 
64.0 59.0 66.0 67.0 
62.0 59.0 60.0 65.0 
61.0 61.0 61.0 60.0 
78.0 61.0 78.0 73.0 
64.0 59.0 67.0 68.0 
61.0 59.0 62.0 63.0 
61.0 60.0 60.0 61.0 
79.0 59.0 78.0 73.0 
64.0 59.0 67.0 66.0 
62.0 59.0 61.0 62.0 
60.0 60.0 60.0 62.0 
78.0 60.0 77.0 74.0 
64.0 59.0 67.0 67.0 
62.0 59.0 62.0 63.0 
61.0 60.0 61.0 61.0 
78.0 60.0 75.0 76.0 
65.0 59.0 67.0 67.0 
61.0 59.0 62.0 64.0 
61.0 59.0 60.0 61.0 
79.0 60.0 76.0 75.0 
64.0 58.0 67.0 67.0 
61.0 61.0 61.0 62.0 
61.0 61.0 61.0 61.0 
78.0 59.0 77.0 73.0 
64.0 58.0 66.0 67.0 
61.0 59.0 62.0 63.0 
61.0 60.0 61.0 62.0 
69.0 60.0 77.0 74.0 
64.0 58.0 66.0 66.0 
63.0 59.0 61.0 63.0 
62.0 62.0 61.0 61.0 
70.0 60.0 77.0 73.0 
63.0 59.0 65.0 66.0 
62.0 59.0 62.0 63.0 
61.0 60.0 60.0 62.0 
72.0 60.0 75.0 73.0 
64.0 58.0 67.0 67.0 
62.0 59.0 62.0 63.0 
62.0 60.0 61.0 61.0 
66.0 60.0 76.0 72.0 
63.0 59.0 65.0 67.0 
62.0 60.0 61.0 63.0 
61.0 60.0 61.0 61.0 
66.0 59.0 75.0 73.0 
64.0 60.0 65.0 66.0 
62.0 59.0 61.0 64.0 
62.0 60.0 61.0 62.0 
66.0 60.0 75.0 72.0 
63.0 59.0 65.0 66.0 
63.0 60.0 62.0 63.0 
61.0 60.0 61.0 61.0 
65.0 59.0 76.0 71.0 
63.0 59.0 66.0 66.0 
63.0 59.0 62.0 63.0 
61.0 60.0 61.0 61.0 
66.0 60.0 73.0 71.0 
63.0 59.0 66.0 66.0 
63.0 59.0 61.0 63.0 
61.0 60.0 61.0 62.0 
75.0 59.0 75.0 73.0 
64.0 58.0 66.0 66.0 
62.0 60.0 62.0 63.0 
62.0 60.0 60.0 61.0 
75.0 60.0 74.0 73.0 
64.0 59.0 65.0 66.0 
62.0 59.0 62.0 63.0 
62.0 60.0 61.0 61.0 
65.0 60.0 75.0 73.0 
64.0 59.0 66.0 66.0 
63.0 59.0 62.0 63.0 
61.0 60.0 61.0 61.0 
67.0 59.0 76.0 72.0 
64.0 58.0 66.0 65.0 
62.0 59.0 62.0 64.0 
60.0 59.0 60.0 62.0 
70.0 60.0 74.0 73.0 
63.0 59.0 65.0 66.0 
63.0 59.0 62.0 64.0 
62.0 60.0 60.0 61.0 
77.0 60.0 75.0 73.0 
63.0 60.0 65.0 66.0 
62.0 61.0 63.0 63.0 
61.0 60.0 61.0 61.0 
71.0 60.0 75.0 73.0 
63.0 59.0 66.0 66.0 
62.0 61.0 62.0 64.0 
62.0 59.0 61.0 62.0 
65.0 60.0 75.0 72.0 
63.0 59.0 66.0 66.0 
63.0 59.0 61.0 62.0 
61.0 60.0 62.0 62.0 
66.0 60.0 74.0 72.0 
64.0 59.0 66.0 66.0 
63.0 59.0 61.0 63.0 
62.0 60.0 60.0 61.0 
65.0 60.0 74.0 72.0 
63.0 59.0 66.0 66.0 
62.0 60.0 61.0 64.0 
62.0 61.0 61.0 62.0 
66.0 60.0 75.0 71.0 
64.0 58.0 66.0 66.0 
62.0 59.0 62.0 64.0 
61.0 60.0 61.0 61.0 
66.0 59.0 76.0 73.0 
63.0 59.0 65.0 66.0 
62.0 60.0 62.0 64.0 
61.0 59.0 61.0 61.0 
71.0 60.0 76.0 73.0 
63.0 59.0 66.0 66.0 
63.0 60.0 62.0 64.0 
61.0 60.0 61.0 61.0 
65.0 59.0 75.0 72.0 
64.0 58.0 66.0 66.0 
62.0 59.0 62.0 64.0 
62.0 60.0 61.0 61.0 
69.0 59.0 74.0 73.0 
64.0 59.0 66.0 67.0 
62.0 60.0 63.0 63.0 
61.0 61.0 61.0 61.0 
66.0 60.0 75.0 72.0 
64.0 59.0 66.0 66.0 
62.0 60.0 62.0 63.0 
62.0 61.0 61.0 62.0 
76.0 60.0 75.0 73.0 
63.0 58.0 66.0 67.0 
63.0 59.0 63.0 64.0 
61.0 61.0 60.0 61.0 
71.0 60.0 76.0 74.0 
63.0 58.0 65.0 65.0 
62.0 59.0 62.0 63.0 
61.0 59.0 61.0 61.0 
66.0 60.0 75.0 73.0 
64.0 59.0 66.0 66.0 
62.0 59.0 62.0 63.0 
61.0 59.0 61.0 61.0 
66.0 60.0 75.0 73.0 
63.0 59.0 65.0 66.0 
62.0 60.0 62.0 64.0 
61.0 60.0 62.0 61.0 
66.0 59.0 76.0 72.0 
63.0 59.0 67.0 67.0 
62.0 60.0 61.0 63.0 
62.0 60.0 60.0 61.0 
66.0 59.0 75.0 72.0 
63.0 58.0 65.0 66.0 
62.0 60.0 61.0 64.0 
61.0 60.0 61.0 62.0 
71.0 60.0 75.0 73.0 
64.0 59.0 66.0 66.0 
62.0 59.0 62.0 63.0 
61.0 60.0 61.0 62.0 
74.0 60.0 76.0 74.0 
64.0 59.0 66.0 67.0 
63.0 58.0 62.0 64.0 
61.0 59.0 61.0 61.0 
70.0 60.0 75.0 73.0 
63.0 58.0 66.0 67.0 
63.0 59.0 62.0 63.0 
61.0 60.0 61.0 62.0 
65.0 60.0 74.0 71.0 
64.0 60.0 66.0 66.0 
62.0 61.0 62.0 64.0 
62.0 60.0 61.0 61.0 
67.0 60.0 75.0 72.0 
65.0 59.0 65.0 66.0 
62.0 59.0 63.0 63.0 
61.0 60.0 61.0 61.0 
65.0 60.0 74.0 72.0 
63.0 60.0 66.0 67.0 
62.0 60.0 61.0 63.0 
61.0 60.0 60.0 61.0 
65.0 60.0 74.0 72.0 
64.0 60.0 66.0 66.0 
62.0 60.0 62.0 64.0 
61.0 60.0 61.0 61.0 
74.0 60.0 75.0 73.0 
63.0 60.0 66.0 66.0 
62.0 59.0 61.0 64.0 
62.0 60.0 61.0 62.0 
65.0 60.0 75.0 73.0 
64.0 59.0 66.0 66.0 
62.0 59.0 63.0 63.0 
61.0 61.0 61.0 61.0 
66.0 59.0 75.0 72.0 
63.0 59.0 66.0 67.0 
61.0 59.0 62.0 63.0 
61.0 59.0 60.0 61.0 
69.0 60.0 76.0 73.0 
63.0 59.0 66.0 66.0 
62.0 58.0 64.0 63.0 
62.0 60.0 61.0 61.0 
64.0 60.0 76.0 71.0 
64.0 59.0 66.0 67.0 
61.0 59.0 61.0 63.0 
61.0 60.0 62.0 61.0 
66.0 59.0 76.0 72.0 
64.0 59.0 66.0 66.0 
62.0 59.0 61.0 63.0 
62.0 60.0 59.0 62.0 
66.0 58.0 76.0 74.0 
63.0 60.0 66.0 66.0 
61.0 60.0 61.0 63.0 
62.0 59.0 61.0 62.0 
70.0 59.0 76.0 73.0 
63.0 58.0 66.0 67.0 
62.0 59.0 62.0 63.0 
61.0 61.0 60.0 62.0 
66.0 59.0 77.0 73.0 
63.0 59.0 65.0 66.0 
62.0 60.0 61.0 62.0 
61.0 61.0 60.0 61.0 
66.0 60.0 75.0 74.0 
64.0 58.0 66.0 66.0 
61.0 60.0 61.0 63.0 
61.0 60.0 61.0 62.0 
66.0 60.0 76.0 72.0 
63.0 59.0 66.0 66.0 
61.0 59.0 62.0 63.0 
62.0 60.0 62.0 60.0 
65.0 60.0 76.0 72.0 
64.0 59.0 66.0 66.0 
62.0 59.0 60.0 63.0 
62.0 61.0 61.0 62.0 
70.0 61.0 76.0 73.0 
64.0 58.0 66.0 65.0 
62.0 59.0 62.0 63.0 
61.0 61.0 61.0 62.0 
65.0 60.0 76.0 72.0 
64.0 57.0 66.0 66.0 
62.0 59.0 61.0 62.0 
61.0 60.0 61.0 61.0 
68.0 60.0 75.0 71.0 
64.0 59.0 66.0 66.0 
62.0 59.0 62.0 63.0 
62.0 60.0 60.0 61.0 
65.0 59.0 77.0 72.0 
63.0 60.0 66.0 66.0 
61.0 58.0 60.0 63.0 
61.0 61.0 60.0 62.0 
65.0 58.0 76.0 73.0 
62.0 59.0 66.0 67.0 
62.0 59.0 61.0 62.0 
62.0 60.0 61.0 61.0 
69.0 58.0 76.0 72.0 
64.0 59.0 66.0 66.0 
62.0 60.0 61.0 63.0 
61.0 60.0 61.0 61.0 
66.0 60.0 75.0 74.0 
63.0 59.0 66.0 66.0 
61.0 60.0 61.0 63.0 
62.0 61.0 61.0 61.0 
66.0 60.0 76.0 74.0 
64.0 59.0 66.0 66.0 
62.0 59.0 61.0 62.0 
62.0 60.0 61.0 62.0 
75.0 60.0 76.0 74.0 
64.0 59.0 68.0 66.0 
61.0 59.0 60.0 62.0 
62.0 60.0 61.0 62.0 
67.0 59.0 77.0 74.0 
64.0 59.0 67.0 66.0 
62.0 60.0 61.0 63.0 
61.0 60.0 60.0 61.0 
66.0 59.0 76.0 74.0 
64.0 59.0 66.0 66.0 
61.0 60.0 60.0 63.0 
62.0 60.0 60.0 62.0 
66.0 61.0 76.0 73.0 
63.0 60.0 66.0 65.0 
61.0 60.0 61.0 63.0 
62.0 59.0 61.0 62.0 
65.0 60.0 76.0 72.0 
64.0 59.0 65.0 66.0 
62.0 59.0 61.0 62.0 
62.0 60.0 61.0 62.0 
65.0 59.0 76.0 72.0 
64.0 58.0 66.0 67.0 
60.0 60.0 61.0 63.0 
61.0 61.0 60.0 62.0 
64.0 60.0 76.0 71.0 
63.0 58.0 66.0 66.0 
61.0 60.0 60.0 63.0 
62.0 60.0 61.0 62.0 
65.0 59.0 77.0 70.0 
64.0 59.0 66.0 66.0 
62.0 59.0 61.0 63.0 
61.0 60.0 61.0 61.0 
65.0 60.0 76.0 70.0 
63.0 59.0 65.0 66.0 
61.0 60.0 61.0 62.0 
62.0 60.0 61.0 62.0 
70.0 60.0 76.0 71.0 
64.0 58.0 67.0 66.0 
61.0 59.0 60.0 63.0 
62.0 60.0 61.0 61.0 
69.0 59.0 76.0 70.0 
64.0 59.0 66.0 66.0 
61.0 59.0 62.0 63.0 
62.0 60.0 61.0 61.0 
72.0 60.0 75.0 71.0 
64.0 58.0 66.0 67.0 
62.0 59.0 62.0 63.0 
61.0 59.0 60.0 61.0 
65.0 60.0 76.0 72.0 
64.0 59.0 66.0 66.0 
62.0 60.0 61.0 63.0 
61.0 60.0 61.0 61.0 
66.0 60.0 76.0 71.0 
64.0 59.0 66.0 66.0 
61.0 60.0 61.0 63.0 
63.0 61.0 61.0 61.0 
71.0 60.0 76.0 70.0 
64.0 58.0 67.0 66.0 
61.0 58.0 61.0 63.0 
61.0 61.0 61.0 62.0 
64.0 59.0 76.0 71.0 
64.0 60.0 65.0 66.0 
61.0 60.0 61.0 62.0 
61.0 60.0 60.0 61.0 
67.0 59.0 75.0 72.0 
64.0 59.0 66.0 67.0 
61.0 59.0 61.0 63.0 
62.0 60.0 60.0 61.0 
66.0 60.0 75.0 73.0 
63.0 59.0 65.0 66.0 
61.0 59.0 62.0 63.0 
62.0 59.0 62.0 62.0 
74.0 60.0 77.0 73.0 
63.0 60.0 65.0 67.0 
62.0 59.0 61.0 62.0 
61.0 60.0 61.0 62.0 
71.0 60.0 74.0 74.0 
64.0 58.0 65.0 67.0 
62.0 59.0 61.0 62.0 
62.0 60.0 61.0 60.0 
66.0 59.0 76.0 73.0 
64.0 59.0 66.0 67.0 
62.0 60.0 60.0 63.0 
61.0 60.0 60.0 62.0 
66.0 60.0 76.0 72.0 
64.0 58.0 66.0 66.0 
62.0 61.0 61.0 63.0 
61.0 61.0 61.0 61.0 
66.0 60.0 75.0 74.0 
64.0 59.0 66.0 66.0 
62.0 60.0 61.0 63.0 
61.0 61.0 61.0 63.0 
66.0 60.0 76.0 72.0 
64.0 60.0 66.0 67.0 
62.0 59.0 61.0 63.0 
61.0 60.0 61.0 62.0 
67.0 59.0 74.0 73.0 
63.0 59.0 65.0 66.0 
62.0 59.0 61.0 63.0 
62.0 59.0 61.0 62.0 
66.0 59.0 76.0 73.0 
63.0 59.0 65.0 67.0 
62.0 60.0 60.0 63.0 
61.0 60.0 60.0 62.0 
66.0 59.0 76.0 73.0 
63.0 59.0 66.0 66.0 
61.0 59.0 61.0 63.0 
61.0 59.0 62.0 62.0 
66.0 60.0 76.0 73.0 
63.0 58.0 66.0 66.0 
62.0 60.0 61.0 62.0 
61.0 60.0 60.0 61.0 
67.0 59.0 76.0 72.0 
63.0 59.0 66.0 67.0 
61.0 60.0 61.0 63.0 
62.0 60.0 60.0 61.0 
66.0 59.0 76.0 72.0 
63.0 59.0 65.0 66.0 
61.0 61.0 62.0 63.0 
61.0 61.0 60.0 61.0 
71.0 60.0 76.0 73.0 
63.0 61.0 65.0 66.0 
62.0 59.0 62.0 63.0 
62.0 59.0 61.0 61.0 
66.0 59.0 76.0 73.0 
63.0 59.0 66.0 65.0 
62.0 59.0 61.0 62.0 
61.0 60.0 60.0 61.0 
66.0 60.0 75.0 73.0 
64.0 59.0 65.0 65.0 
61.0 59.0 61.0 63.0 
61.0 60.0 61.0 61.0 
67.0 59.0 76.0 72.0 
64.0 59.0 66.0 66.0 
62.0 60.0 60.0 63.0 
61.0 61.0 60.0 61.0 
67.0 60.0 76.0 73.0 
63.0 59.0 66.0 66.0 
62.0 59.0 61.0 62.0 
61.0 61.0 61.0 60.0 
66.0 60.0 76.0 73.0 
64.0 59.0 67.0 66.0 
62.0 59.0 61.0 63.0 
61.0 60.0 61.0 61.0 
73.0 59.0 77.0 74.0 
63.0 59.0 66.0 66.0 
61.0 60.0 61.0 63.0 
62.0 59.0 60.0 61.0 
75.0 58.0 76.0 74.0 
63.0 60.0 66.0 66.0 
61.0 61.0 61.0 63.0 
61.0 60.0 61.0 62.0 
66.0 60.0 75.0 74.0 
64.0 59.0 65.0 66.0 
61.0 59.0 61.0 63.0 
62.0 61.0 61.0 62.0 
72.0 59.0 77.0 75.0 
64.0 58.0 65.0 65.0 
62.0 60.0 61.0 63.0 
61.0 59.0 60.0 61.0 
74.0 60.0 76.0 74.0 
64.0 59.0 65.0 65.0 
61.0 59.0 60.0 63.0 
61.0 60.0 61.0 62.0 
70.0 60.0 76.0 74.0 
63.0 59.0 65.0 65.0 
63.0 59.0 62.0 64.0 
61.0 60.0 61.0 60.0 
78.0 60.0 77.0 73.0 
64.0 60.0 65.0 65.0 
62.0 60.0 62.0 63.0 
62.0 60.0 62.0 62.0 
76.0 59.0 77.0 74.0 
63.0 59.0 65.0 66.0 
62.0 60.0 61.0 63.0 
62.0 60.0 61.0 62.0 
72.0 59.0 76.0 73.0 
63.0 59.0 66.0 65.0 
62.0 60.0 61.0 63.0 
62.0 60.0 61.0 62.0 
70.0 59.0 77.0 73.0 
63.0 59.0 65.0 65.0 
61.0 61.0 63.0 63.0 
63.0 60.0 61.0 61.0 
71.0 59.0 77.0 74.0 
64.0 59.0 65.0 65.0 
62.0 59.0 62.0 63.0 
62.0 60.0 61.0 62.0 
70.0 60.0 77.0 73.0 
64.0 60.0 65.0 66.0 
61.0 60.0 62.0 63.0 
61.0 61.0 61.0 61.0 
69.0 60.0 77.0 74.0 
63.0 59.0 66.0 65.0 
62.0 59.0 62.0 63.0 
62.0 60.0 61.0 61.0 
74.0 60.0 77.0 74.0 
63.0 58.0 65.0 66.0 
61.0 60.0 61.0 63.0 
61.0 60.0 60.0 62.0 
74.0 61.0 77.0 74.0 
63.0 59.0 66.0 66.0 
62.0 59.0 61.0 63.0 
62.0 60.0 61.0 62.0 
70.0 61.0 76.0 73.0 
63.0 59.0 64.0 65.0 
61.0 60.0 62.0 64.0 
62.0 60.0 59.0 62.0 
73.0 59.0 76.0 73.0 
64.0 59.0 65.0 66.0 
62.0 59.0 62.0 63.0 
62.0 61.0 60.0 62.0 
66.0 60.0 75.0 70.0 
63.0 59.0 66.0 66.0 
62.0 59.0 61.0 62.0 
62.0 60.0 61.0 62.0 
69.0 60.0 76.0 72.0 
64.0 59.0 66.0 66.0 
61.0 59.0 62.0 63.0 
61.0 60.0 62.0 62.0 
66.0 59.0 76.0 70.0 
64.0 59.0 65.0 66.0 
61.0 60.0 62.0 63.0 
62.0 60.0 61.0 62.0 
65.0 60.0 75.0 73.0 
63.0 59.0 65.0 66.0 
62.0 61.0 61.0 63.0 
62.0 58.0 62.0 61.0 
66.0 61.0 76.0 72.0 
63.0 59.0 66.0 65.0 
63.0 60.0 61.0 62.0 
62.0 60.0 61.0 62.0 
72.0 60.0 76.0 73.0 
63.0 59.0 65.0 67.0 
61.0 59.0 61.0 63.0 
61.0 61.0 61.0 62.0 
75.0 60.0 76.0 73.0 
63.0 59.0 65.0 66.0 
62.0 59.0 60.0 63.0 
63.0 60.0 60.0 62.0 
71.0 61.0 76.0 72.0 
64.0 59.0 65.0 66.0 
63.0 59.0 61.0 63.0 
59.0 60.0 61.0 61.0 
70.0 59.0 75.0 71.0 
64.0 59.0 66.0 66.0 
61.0 60.0 62.0 63.0 
61.0 60.0 60.0 63.0 
74.0 60.0 76.0 72.0 
63.0 59.0 66.0 66.0 
61.0 60.0 61.0 63.0 
62.0 60.0 61.0 62.0 
65.0 59.0 76.0 71.0 
64.0 59.0 65.0 66.0 
62.0 59.0 61.0 64.0 
62.0 59.0 61.0 62.0 
64.0 60.0 75.0 71.0 
63.0 59.0 66.0 66.0 
63.0 59.0 62.0 62.0 
62.0 59.0 61.0 62.0 
65.0 60.0 74.0 72.0 
64.0 58.0 65.0 66.0 
62.0 59.0 62.0 63.0 
62.0 60.0 62.0 62.0 
65.0 59.0 75.0 73.0 
65.0 58.0 66.0 66.0 
61.0 60.0 61.0 63.0 
62.0 60.0 60.0 61.0 
66.0 59.0 76.0 73.0 
64.0 60.0 66.0 66.0 
62.0 60.0 61.0 63.0 
62.0 60.0 61.0 62.0 
69.0 60.0 76.0 73.0 
64.0 58.0 66.0 66.0 
61.0 60.0 62.0 63.0 
62.0 60.0 61.0 62.0 
71.0 59.0 76.0 73.0 
64.0 59.0 66.0 66.0 
62.0 61.0 62.0 63.0 
62.0 60.0 61.0 62.0 
75.0 58.0 77.0 74.0 
64.0 58.0 65.0 65.0 
62.0 59.0 61.0 63.0 
63.0 60.0 61.0 61.0 
70.0 60.0 77.0 72.0 
63.0 59.0 65.0 66.0 
61.0 59.0 61.0 63.0 
61.0 60.0 61.0 62.0 
67.0 59.0 77.0 72.0 
64.0 59.0 65.0 66.0 
62.0 60.0 61.0 63.0 
61.0 61.0 60.0 61.0 
72.0 59.0 77.0 72.0 
63.0 58.0 66.0 66.0 
61.0 59.0 61.0 63.0 
61.0 61.0 60.0 62.0 
74.0 59.0 74.0 72.0 
63.0 60.0 65.0 68.0 
62.0 58.0 61.0 63.0 
61.0 60.0 61.0 62.0 
73.0 60.0 76.0 73.0 
63.0 59.0 66.0 66.0 
62.0 60.0 61.0 63.0 
63.0 60.0 61.0 62.0 
71.0 59.0 76.0 73.0 
63.0 58.0 66.0 67.0 
62.0 60.0 62.0 63.0 
61.0 61.0 61.0 62.0 
70.0 60.0 76.0 73.0 
63.0 59.0 66.0 66.0 
62.0 60.0 61.0 62.0 
61.0 61.0 62.0 62.0 
70.0 62.0 75.0 72.0 
63.0 59.0 65.0 66.0 
62.0 59.0 62.0 62.0 
61.0 60.0 61.0 62.0 
65.0 60.0 75.0 72.0 
63.0 58.0 65.0 65.0 
61.0 60.0 61.0 63.0 
62.0 60.0 61.0 62.0 
65.0 60.0 76.0 71.0 
64.0 59.0 66.0 66.0 
62.0 59.0 61.0 63.0 
61.0 59.0 62.0 61.0 
65.0 61.0 76.0 72.0 
64.0 59.0 65.0 66.0 
61.0 59.0 61.0 62.0 
61.0 60.0 61.0 62.0 
65.0 60.0 76.0 72.0 
65.0 59.0 65.0 67.0 
62.0 59.0 61.0 63.0 
61.0 60.0 61.0 62.0 
65.0 60.0 76.0 73.0 
63.0 59.0 66.0 67.0 
62.0 58.0 61.0 61.0 
62.0 60.0 62.0 60.0 
65.0 60.0 76.0 72.0 
63.0 58.0 66.0 67.0 
62.0 59.0 61.0 63.0 
61.0 60.0 61.0 62.0 
67.0 60.0 76.0 72.0 
63.0 60.0 65.0 66.0 
62.0 60.0 61.0 63.0 
61.0 60.0 61.0 62.0 
65.0 60.0 76.0 72.0 
64.0 58.0 66.0 66.0 
62.0 59.0 62.0 63.0 
62.0 59.0 61.0 61.0 
65.0 60.0 75.0 72.0 
64.0 59.0 65.0 66.0 
62.0 59.0 61.0 62.0 
62.0 60.0 62.0 61.0 
65.0 59.0 75.0 73.0 
63.0 60.0 65.0 66.0 
62.0 58.0 61.0 63.0 
61.0 60.0 60.0 62.0 
65.0 60.0 75.0 73.0 
63.0 59.0 66.0 66.0 
62.0 59.0 61.0 63.0 
62.0 60.0 61.0 61.0 
66.0 60.0 75.0 72.0 
63.0 59.0 66.0 66.0 
62.0 60.0 61.0 62.0 
60.0 61.0 61.0 62.0 
65.0 61.0 75.0 72.0 
63.0 59.0 66.0 66.0 
62.0 59.0 61.0 63.0 
61.0 60.0 61.0 61.0 
66.0 60.0 75.0 72.0 
63.0 58.0 65.0 66.0 
62.0 58.0 61.0 63.0 
62.0 60.0 62.0 61.0 
65.0 60.0 75.0 73.0 
63.0 59.0 65.0 66.0 
60.0 60.0 61.0 63.0 
62.0 60.0 61.0 60.0 
65.0 60.0 74.0 72.0 
63.0 60.0 65.0 66.0 
62.0 58.0 61.0 62.0 
62.0 61.0 61.0 62.0 
67.0 59.0 75.0 71.0 
64.0 60.0 65.0 67.0 
61.0 60.0 61.0 63.0 
62.0 60.0 61.0 61.0 
65.0 60.0 74.0 73.0 
64.0 59.0 66.0 66.0 
61.0 59.0 62.0 63.0 
61.0 59.0 61.0 62.0 
66.0 59.0 75.0 72.0 
64.0 59.0 66.0 66.0 
62.0 59.0 60.0 62.0 
61.0 61.0 60.0 62.0 
66.0 61.0 74.0 72.0 
63.0 59.0 65.0 66.0 
61.0 61.0 61.0 63.0 
62.0 61.0 60.0 62.0 
66.0 60.0 75.0 73.0 
64.0 59.0 65.0 66.0 
61.0 60.0 61.0 62.0 
61.0 60.0 61.0 61.0 
67.0 61.0 74.0 73.0 
63.0 59.0 66.0 67.0 
62.0 59.0 61.0 63.0 
61.0 61.0 60.0 62.0 
66.0 60.0 75.0 73.0 
64.0 59.0 65.0 67.0 
61.0 61.0 62.0 63.0 
61.0 61.0 61.0 62.0 
68.0 59.0 75.0 73.0 
64.0 59.0 65.0 66.0 
61.0 59.0 62.0 62.0 
62.0 60.0 62.0 62.0 
68.0 59.0 75.0 73.0 
63.0 59.0 65.0 66.0 
61.0 59.0 62.0 62.0 
62.0 60.0 61.0 61.0 
66.0 60.0 75.0 73.0 
63.0 59.0 66.0 66.0 
61.0 60.0 61.0 62.0 
61.0 60.0 61.0 62.0 
67.0 60.0 75.0 74.0 
64.0 59.0 65.0 66.0 
61.0 59.0 61.0 62.0 
62.0 61.0 60.0 62.0 
67.0 60.0 75.0 73.0 
64.0 60.0 66.0 67.0 
62.0 59.0 61.0 62.0 
61.0 60.0 62.0 61.0 
67.0 60.0 76.0 73.0 
64.0 59.0 66.0 65.0 
62.0 60.0 61.0 62.0 
61.0 59.0 62.0 61.0 
66.0 60.0 75.0 73.0 
63.0 59.0 66.0 66.0 
62.0 59.0 61.0 63.0 
62.0 60.0 61.0 62.0 
65.0 61.0 76.0 73.0 
64.0 58.0 66.0 66.0 
62.0 60.0 61.0 62.0 
62.0 60.0 61.0 61.0 
66.0 59.0 75.0 72.0 
63.0 58.0 65.0 67.0 
61.0 59.0 62.0 63.0 
62.0 60.0 60.0 62.0 
65.0 60.0 75.0 73.0 
64.0 58.0 66.0 66.0 
61.0 59.0 61.0 62.0 
61.0 60.0 61.0 62.0 
64.0 60.0 75.0 74.0 
63.0 60.0 66.0 65.0 
62.0 60.0 61.0 62.0 
61.0 60.0 61.0 62.0 
66.0 60.0 74.0 72.0 
63.0 59.0 66.0 66.0 
62.0 59.0 62.0 63.0 
61.0 60.0 61.0 62.0 
65.0 61.0 75.0 72.0 
63.0 59.0 65.0 67.0 
62.0 60.0 61.0 62.0 
62.0 59.0 61.0 62.0 
65.0 59.0 75.0 74.0 
64.0 57.0 65.0 66.0 
62.0 59.0 61.0 63.0 
62.0 60.0 60.0 62.0 
66.0 60.0 75.0 72.0 
64.0 58.0 67.0 66.0 
62.0 59.0 61.0 62.0 
62.0 60.0 60.0 62.0 
65.0 60.0 75.0 72.0 
63.0 59.0 66.0 66.0 
62.0 61.0 62.0 62.0 
62.0 60.0 61.0 62.0 
66.0 59.0 76.0 72.0 
63.0 59.0 66.0 66.0 
61.0 59.0 62.0 62.0 
61.0 60.0 59.0 61.0 
65.0 60.0 75.0 72.0 
64.0 58.0 65.0 66.0 
61.0 59.0 60.0 63.0 
61.0 60.0 61.0 62.0 
66.0 59.0 74.0 72.0 
64.0 58.0 66.0 66.0 
61.0 60.0 61.0 63.0 
61.0 60.0 61.0 61.0 
65.0 60.0 74.0 73.0 
63.0 60.0 65.0 66.0 
61.0 60.0 61.0 62.0 
62.0 59.0 61.0 61.0 
65.0 59.0 75.0 72.0 
63.0 59.0 65.0 66.0 
62.0 59.0 61.0 63.0 
61.0 60.0 61.0 60.0 
66.0 60.0 74.0 72.0 
64.0 59.0 66.0 66.0 
62.0 59.0 62.0 63.0 
62.0 60.0 62.0 62.0 
65.0 60.0 74.0 73.0 
64.0 59.0 65.0 67.0 
60.0 59.0 61.0 62.0 
61.0 60.0 61.0 62.0 
65.0 60.0 74.0 71.0 
63.0 60.0 66.0 67.0 
61.0 61.0 61.0 63.0 
62.0 60.0 61.0 60.0 
64.0 60.0 73.0 70.0 
64.0 59.0 65.0 67.0 
62.0 58.0 61.0 63.0 
62.0 60.0 61.0 62.0 
64.0 60.0 74.0 70.0 
63.0 59.0 65.0 67.0 
62.0 60.0 60.0 63.0 
61.0 60.0 61.0 61.0 
65.0 59.0 73.0 70.0 
64.0 58.0 66.0 66.0 
61.0 61.0 61.0 63.0 
62.0 60.0 61.0 61.0 
67.0 60.0 73.0 70.0 
63.0 59.0 64.0 67.0 
62.0 59.0 62.0 63.0 
61.0 61.0 62.0 62.0 
67.0 60.0 75.0 70.0 
63.0 60.0 65.0 66.0 
61.0 59.0 62.0 63.0 
61.0 60.0 61.0 61.0 
65.0 59.0 74.0 69.0 
63.0 58.0 66.0 66.0 
62.0 59.0 61.0 63.0 
62.0 60.0 60.0 62.0 
64.0 59.0 74.0 70.0 
64.0 59.0 66.0 66.0 
62.0 59.0 62.0 63.0 
61.0 60.0 61.0 62.0 
65.0 59.0 75.0 69.0 
63.0 59.0 65.0 66.0 
62.0 61.0 61.0 63.0 
61.0 60.0 61.0 62.0 
65.0 60.0 75.0 69.0 
63.0 58.0 66.0 66.0 
63.0 59.0 61.0 62.0 
61.0 59.0 61.0 61.0 
64.0 59.0 75.0 69.0 
63.0 59.0 67.0 66.0 
62.0 59.0 61.0 62.0 
62.0 60.0 61.0 61.0 
64.0 59.0 75.0 69.0 
64.0 59.0 66.0 66.0 
62.0 60.0 62.0 63.0 
61.0 60.0 60.0 61.0 
64.0 59.0 75.0 70.0 
64.0 58.0 65.0 66.0 
61.0 60.0 61.0 63.0 
61.0 60.0 61.0 61.0 
64.0 60.0 74.0 70.0 
64.0 58.0 66.0 66.0 
62.0 59.0 61.0 63.0 
62.0 60.0 61.0 62.0 
66.0 60.0 75.0 70.0 
64.0 59.0 65.0 66.0 
62.0 60.0 61.0 62.0 
61.0 59.0 61.0 61.0 
67.0 60.0 74.0 71.0 
63.0 58.0 64.0 66.0 
62.0 59.0 61.0 63.0 
61.0 60.0 61.0 61.0 
65.0 59.0 76.0 70.0 
63.0 59.0 65.0 66.0 
61.0 60.0 61.0 62.0 
62.0 60.0 61.0 61.0 
66.0 59.0 76.0 70.0 
63.0 59.0 65.0 66.0 
62.0 59.0 61.0 62.0 
61.0 60.0 60.0 62.0 
65.0 59.0 74.0 70.0 
64.0 59.0 65.0 66.0 
62.0 60.0 61.0 63.0 
61.0 61.0 60.0 62.0 
63.0 61.0 75.0 70.0 
64.0 58.0 66.0 65.0 
62.0 59.0 60.0 62.0 
61.0 60.0 61.0 61.0 
64.0 59.0 76.0 70.0 
64.0 58.0 65.0 66.0 
61.0 59.0 61.0 63.0 
62.0 60.0 61.0 62.0 
65.0 60.0 75.0 70.0 
64.0 59.0 66.0 66.0 
62.0 59.0 60.0 63.0 
61.0 60.0 61.0 61.0 
64.0 60.0 75.0 70.0 
64.0 59.0 64.0 67.0 
62.0 59.0 62.0 62.0 
62.0 60.0 61.0 61.0 
64.0 59.0 75.0 70.0 
63.0 59.0 65.0 67.0 
62.0 58.0 60.0 62.0 
61.0 61.0 60.0 62.0 
64.0 60.0 76.0 70.0 
63.0 58.0 65.0 66.0 
62.0 60.0 61.0 63.0 
61.0 61.0 61.0 62.0 
64.0 59.0 75.0 71.0 
64.0 59.0 66.0 66.0 
63.0 60.0 61.0 63.0 
61.0 60.0 60.0 62.0 
65.0 59.0 75.0 70.0 
63.0 59.0 65.0 66.0 
62.0 59.0 61.0 63.0 
61.0 60.0 61.0 62.0 
66.0 59.0 76.0 70.0 
65.0 58.0 67.0 66.0 
61.0 60.0 61.0 63.0 
61.0 60.0 61.0 62.0 
64.0 59.0 76.0 70.0 
65.0 59.0 66.0 65.0 
60.0 60.0 60.0 62.0 
61.0 60.0 60.0 61.0 
65.0 59.0 76.0 70.0 
64.0 59.0 66.0 66.0 
61.0 59.0 62.0 62.0 
61.0 60.0 61.0 62.0 
64.0 60.0 75.0 71.0 
64.0 58.0 66.0 66.0 
62.0 59.0 62.0 62.0 
61.0 61.0 61.0 62.0 
65.0 60.0 76.0 70.0 
63.0 59.0 66.0 66.0 
62.0 59.0 61.0 63.0 
62.0 61.0 61.0 62.0 
65.0 59.0 75.0 69.0 
64.0 58.0 67.0 66.0 
62.0 60.0 59.0 63.0 
61.0 59.0 61.0 61.0 
65.0 60.0 76.0 70.0 
64.0 59.0 65.0 66.0 
61.0 61.0 60.0 61.0 
61.0 60.0 60.0 62.0 
65.0 59.0 76.0 70.0 
64.0 59.0 66.0 66.0 
61.0 60.0 61.0 63.0 
62.0 59.0 61.0 62.0 
66.0 60.0 76.0 71.0 
63.0 59.0 65.0 65.0 
61.0 60.0 60.0 63.0 
61.0 62.0 61.0 62.0 
65.0 59.0 76.0 71.0 
63.0 58.0 66.0 66.0 
61.0 60.0 61.0 63.0 
62.0 60.0 60.0 62.0 
65.0 60.0 76.0 70.0 
63.0 59.0 65.0 66.0 
60.0 58.0 61.0 63.0 
62.0 61.0 62.0 61.0 
64.0 60.0 75.0 71.0 
64.0 58.0 65.0 66.0 
62.0 59.0 61.0 63.0 
62.0 61.0 60.0 62.0 
65.0 59.0 76.0 70.0 
63.0 59.0 65.0 66.0 
61.0 60.0 61.0 63.0 
62.0 59.0 60.0 62.0 
65.0 60.0 75.0 70.0 
63.0 59.0 65.0 66.0 
61.0 62.0 60.0 63.0 
61.0 60.0 61.0 62.0 
65.0 60.0 76.0 71.0 
63.0 58.0 66.0 66.0 
62.0 60.0 61.0 63.0 
62.0 60.0 60.0 62.0 
64.0 59.0 76.0 71.0 
64.0 59.0 65.0 65.0 
62.0 60.0 61.0 63.0 
62.0 60.0 60.0 62.0 
65.0 59.0 75.0 71.0 
63.0 59.0 66.0 66.0 
62.0 59.0 60.0 62.0 
62.0 60.0 60.0 61.0 
65.0 61.0 75.0 70.0 
63.0 60.0 65.0 66.0 
62.0 59.0 61.0 63.0 
62.0 60.0 61.0 62.0 
65.0 58.0 76.0 70.0 
63.0 59.0 66.0 65.0 
61.0 60.0 60.0 63.0 
62.0 60.0 61.0 62.0 
65.0 59.0 76.0 69.0 
63.0 59.0 65.0 66.0 
61.0 59.0 61.0 63.0 
62.0 60.0 61.0 61.0 
65.0 60.0 74.0 70.0 
63.0 59.0 65.0 67.0 
62.0 58.0 61.0 63.0 
61.0 61.0 61.0 61.0 
65.0 60.0 75.0 70.0 
63.0 59.0 66.0 66.0 
61.0 60.0 60.0 62.0 
62.0 59.0 61.0 61.0 
65.0 59.0 74.0 70.0 
63.0 59.0 66.0 66.0 
62.0 60.0 62.0 61.0 
61.0 61.0 60.0 62.0 
65.0 60.0 75.0 70.0 
62.0 59.0 66.0 66.0 
62.0 59.0 61.0 62.0 
62.0 60.0 61.0 61.0 
64.0 59.0 77.0 70.0 
63.0 59.0 66.0 65.0 
61.0 58.0 61.0 62.0 
61.0 60.0 61.0 61.0 
65.0 59.0 76.0 70.0 
64.0 59.0 65.0 67.0 
62.0 59.0 61.0 62.0 
61.0 61.0 61.0 62.0 
65.0 59.0 75.0 70.0 
63.0 59.0 65.0 66.0 
60.0 60.0 61.0 62.0 
62.0 60.0 59.0 63.0 
65.0 60.0 76.0 70.0 
63.0 59.0 66.0 67.0 
61.0 59.0 61.0 62.0 
61.0 60.0 62.0 61.0 
64.0 58.0 75.0 70.0 
64.0 58.0 65.0 66.0 
62.0 59.0 61.0 62.0 
62.0 60.0 61.0 61.0 
64.0 60.0 76.0 70.0 
64.0 59.0 65.0 66.0 
62.0 59.0 61.0 63.0 
61.0 60.0 61.0 62.0 
65.0 60.0 75.0 71.0 
64.0 59.0 65.0 66.0 
62.0 58.0 62.0 62.0 
61.0 60.0 61.0 61.0 
65.0 59.0 75.0 70.0 
63.0 59.0 65.0 66.0 
62.0 59.0 61.0 62.0 
62.0 60.0 62.0 62.0 
64.0 60.0 76.0 70.0 
63.0 59.0 66.0 66.0 
61.0 59.0 61.0 63.0 
62.0 61.0 61.0 61.0 
64.0 59.0 75.0 71.0 
63.0 58.0 66.0 65.0 
62.0 60.0 61.0 62.0 
63.0 60.0 61.0 62.0 
65.0 60.0 75.0 71.0 
64.0 58.0 65.0 66.0 
62.0 60.0 61.0 63.0 
62.0 59.0 62.0 61.0 
65.0 59.0 75.0 71.0 
63.0 59.0 65.0 66.0 
62.0 60.0 60.0 63.0 
62.0 58.0 61.0 62.0 
65.0 59.0 74.0 70.0 
63.0 60.0 65.0 66.0 
62.0 59.0 61.0 63.0 
61.0 60.0 61.0 62.0 
65.0 60.0 75.0 72.0 
64.0 59.0 65.0 68.0 
62.0 60.0 61.0 63.0 
62.0 60.0 61.0 62.0 
64.0 60.0 74.0 71.0 
64.0 59.0 66.0 66.0 
61.0 60.0 61.0 62.0 
62.0 61.0 61.0 63.0 
65.0 59.0 74.0 71.0 
64.0 58.0 65.0 67.0 
62.0 59.0 61.0 63.0 
61.0 61.0 60.0 61.0 
65.0 60.0 75.0 71.0 
63.0 59.0 65.0 66.0 
62.0 59.0 61.0 63.0 
61.0 60.0 61.0 61.0 
65.0 60.0 75.0 71.0 
64.0 59.0 64.0 66.0 
61.0 60.0 61.0 63.0 
62.0 60.0 61.0 62.0 
65.0 59.0 74.0 72.0 
64.0 59.0 65.0 66.0 
61.0 59.0 61.0 63.0 
62.0 60.0 61.0 61.0 
66.0 59.0 74.0 71.0 
63.0 59.0 65.0 66.0 
61.0 60.0 61.0 63.0 
61.0 60.0 60.0 62.0 
64.0 60.0 74.0 71.0 
63.0 59.0 65.0 67.0 
62.0 59.0 61.0 62.0 
63.0 61.0 61.0 62.0 
64.0 59.0 74.0 71.0 
64.0 58.0 65.0 66.0 
61.0 61.0 61.0 63.0 
61.0 60.0 61.0 61.0 
64.0 60.0 73.0 70.0 
63.0 59.0 65.0 66.0 
62.0 59.0 61.0 62.0 
61.0 60.0 61.0 63.0 
65.0 59.0 74.0 70.0 
63.0 59.0 66.0 67.0 
62.0 60.0 60.0 63.0 
62.0 60.0 61.0 61.0 
65.0 60.0 75.0 71.0 
63.0 59.0 65.0 66.0 
62.0 60.0 61.0 63.0 
62.0 60.0 61.0 62.0 
65.0 60.0 74.0 70.0 
64.0 59.0 66.0 65.0 
61.0 59.0 61.0 63.0 
61.0 59.0 61.0 62.0 
67.0 59.0 75.0 71.0 
62.0 58.0 65.0 66.0 
62.0 60.0 61.0 63.0 
61.0 60.0 61.0 62.0 
66.0 59.0 73.0 70.0 
63.0 58.0 66.0 67.0 
61.0 60.0 61.0 63.0 
62.0 60.0 60.0 62.0 
65.0 61.0 74.0 70.0 
63.0 58.0 64.0 66.0 
62.0 58.0 62.0 62.0 
61.0 60.0 61.0 62.0 
63.0 60.0 75.0 69.0 
63.0 59.0 65.0 67.0 
62.0 60.0 62.0 62.0 
62.0 60.0 62.0 62.0 
64.0 60.0 75.0 70.0 
64.0 59.0 65.0 66.0 
62.0 59.0 61.0 62.0 
61.0 61.0 61.0 62.0 
65.0 60.0 75.0 71.0 
63.0 59.0 64.0 66.0 
62.0 60.0 61.0 62.0 
61.0 61.0 61.0 61.0 
64.0 59.0 76.0 70.0 
63.0 59.0 64.0 66.0 
62.0 59.0 61.0 62.0 
61.0 61.0 60.0 62.0 
64.0 61.0 75.0 70.0 
63.0 58.0 64.0 65.0 
62.0 59.0 62.0 63.0 
61.0 60.0 61.0 62.0 
64.0 60.0 76.0 70.0 
64.0 59.0 65.0 67.0 
62.0 59.0 61.0 62.0 
61.0 61.0 61.0 62.0 
65.0 60.0 76.0 70.0 
63.0 58.0 66.0 66.0 
61.0 59.0 61.0 63.0 
62.0 61.0 60.0 61.0 
65.0 60.0 76.0 70.0 
63.0 59.0 65.0 66.0 
62.0 59.0 62.0 62.0 
62.0 61.0 61.0 62.0 
65.0 59.0 76.0 70.0 
63.0 58.0 66.0 66.0 
62.0 59.0 60.0 63.0 
61.0 60.0 60.0 62.0 
65.0 60.0 76.0 71.0 
64.0 59.0 65.0 66.0 
61.0 59.0 60.0 63.0 
61.0 60.0 61.0 61.0 
64.0 60.0 77.0 71.0 
63.0 59.0 65.0 66.0 
62.0 59.0 61.0 63.0 
62.0 59.0 61.0 62.0 
64.0 60.0 77.0 71.0 
64.0 60.0 66.0 65.0 
60.0 59.0 60.0 63.0 
61.0 61.0 62.0 62.0 
64.0 58.0 77.0 71.0 
64.0 59.0 66.0 66.0 
61.0 59.0 61.0 63.0 
62.0 60.0 61.0 61.0 
64.0 60.0 77.0 70.0 
63.0 59.0 66.0 65.0 
62.0 60.0 60.0 63.0 
62.0 60.0 60.0 62.0 
64.0 60.0 77.0 71.0 
63.0 59.0 65.0 66.0 
61.0 59.0 61.0 63.0 
62.0 60.0 61.0 62.0 
65.0 59.0 77.0 71.0 
63.0 59.0 65.0 66.0 
61.0 59.0 61.0 62.0 
62.0 59.0 60.0 62.0 
64.0 60.0 77.0 71.0 
64.0 59.0 65.0 66.0 
61.0 60.0 61.0 62.0 
62.0 61.0 61.0 62.0 
65.0 60.0 76.0 71.0 
65.0 59.0 65.0 66.0 
61.0 59.0 61.0 62.0 
61.0 61.0 61.0 62.0 
65.0 59.0 77.0 71.0 
64.0 58.0 65.0 66.0 
62.0 59.0 61.0 62.0 
61.0 61.0 60.0 62.0 
65.0 60.0 76.0 70.0 
64.0 59.0 65.0 65.0 
61.0 59.0 61.0 63.0 
62.0 60.0 61.0 62.0 
65.0 60.0 76.0 71.0 
63.0 59.0 65.0 66.0 
62.0 60.0 61.0 63.0 
62.0 59.0 62.0 61.0 
65.0 60.0 76.0 71.0 
63.0 59.0 65.0 67.0 
61.0 60.0 61.0 63.0 
63.0 61.0 61.0 61.0 
64.0 60.0 77.0 71.0 
63.0 59.0 65.0 66.0 
61.0 59.0 62.0 62.0 
61.0 60.0 61.0 62.0 
64.0 60.0 77.0 71.0 
64.0 58.0 64.0 66.0 
62.0 59.0 61.0 63.0 
62.0 59.0 61.0 62.0 
64.0 60.0 76.0 71.0 
63.0 58.0 66.0 66.0 
61.0 60.0 61.0 64.0 
62.0 59.0 62.0 62.0 
65.0 59.0 77.0 70.0 
64.0 59.0 65.0 66.0 
62.0 59.0 61.0 63.0 
62.0 61.0 60.0 62.0 
65.0 60.0 76.0 71.0 
64.0 59.0 65.0 66.0 
62.0 59.0 61.0 63.0 
61.0 60.0 61.0 61.0 
64.0 60.0 77.0 70.0 
64.0 60.0 66.0 66.0 
61.0 59.0 61.0 63.0 
61.0 60.0 61.0 62.0 
64.0 60.0 76.0 70.0 
62.0 59.0 65.0 66.0 
62.0 58.0 61.0 62.0 
61.0 60.0 61.0 61.0 
66.0 59.0 77.0 70.0 
63.0 60.0 65.0 66.0 
62.0 59.0 60.0 63.0 
62.0 60.0 60.0 62.0 
64.0 61.0 77.0 71.0 
63.0 59.0 65.0 66.0 
61.0 60.0 60.0 63.0 
61.0 60.0 61.0 62.0 
65.0 59.0 77.0 70.0 
63.0 58.0 65.0 66.0 
61.0 61.0 62.0 62.0 
62.0 60.0 61.0 61.0 
65.0 60.0 76.0 71.0 
64.0 59.0 65.0 66.0 
61.0 60.0 60.0 62.0 
61.0 60.0 62.0 62.0 
65.0 60.0 76.0 70.0 
64.0 59.0 66.0 66.0 
62.0 59.0 61.0 62.0 
61.0 60.0 60.0 61.0 
65.0 60.0 77.0 71.0 
63.0 59.0 65.0 66.0 
62.0 59.0 61.0 63.0 
61.0 60.0 61.0 62.0 
64.0 59.0 77.0 71.0 
63.0 59.0 65.0 65.0 
61.0 58.0 61.0 62.0 
61.0 60.0 60.0 62.0 
65.0 60.0 76.0 71.0 
63.0 59.0 65.0 65.0 
61.0 59.0 61.0 62.0 
61.0 60.0 61.0 61.0 
65.0 60.0 76.0 71.0 
62.0 59.0 64.0 66.0 
61.0 59.0 61.0 62.0 
61.0 61.0 60.0 62.0 
64.0 60.0 75.0 71.0 
63.0 59.0 65.0 67.0 
62.0 60.0 61.0 63.0 
62.0 59.0 62.0 61.0 
65.0 60.0 76.0 71.0 
64.0 59.0 65.0 66.0 
62.0 60.0 60.0 63.0 
62.0 60.0 60.0 62.0 
66.0 60.0 76.0 71.0 
63.0 59.0 65.0 66.0 
61.0 60.0 61.0 63.0 
62.0 61.0 60.0 62.0 
67.0 61.0 76.0 71.0 
64.0 58.0 66.0 66.0 
62.0 59.0 62.0 63.0 
61.0 60.0 61.0 60.0 
66.0 59.0 77.0 71.0 
63.0 59.0 65.0 66.0 
62.0 59.0 60.0 63.0 
62.0 60.0 60.0 62.0 
67.0 61.0 75.0 71.0 
63.0 58.0 65.0 67.0 
61.0 60.0 61.0 63.0 
61.0 60.0 61.0 61.0 
66.0 61.0 76.0 71.0 
63.0 59.0 65.0 66.0 
62.0 60.0 60.0 64.0 
61.0 60.0 61.0 62.0 
66.0 60.0 77.0 71.0 
63.0 59.0 65.0 66.0 
63.0 59.0 60.0 62.0 
61.0 60.0 62.0 62.0 
66.0 60.0 75.0 71.0 
63.0 59.0 66.0 65.0 
61.0 59.0 62.0 62.0 
61.0 60.0 62.0 62.0 
66.0 60.0 76.0 71.0 
63.0 58.0 65.0 66.0 
62.0 60.0 60.0 63.0 
62.0 60.0 61.0 62.0 
66.0 60.0 75.0 70.0 
63.0 60.0 65.0 66.0 
62.0 61.0 61.0 62.0 
59.0 60.0 61.0 62.0 
65.0 60.0 74.0 71.0 
63.0 59.0 66.0 66.0 
62.0 59.0 62.0 63.0 
62.0 59.0 61.0 61.0 
66.0 60.0 76.0 70.0 
63.0 58.0 65.0 67.0 
62.0 59.0 61.0 63.0 
61.0 60.0 60.0 61.0 
68.0 60.0 76.0 71.0 
64.0 59.0 65.0 66.0 
61.0 60.0 62.0 63.0 
62.0 59.0 61.0 61.0 
68.0 60.0 76.0 71.0 
63.0 59.0 65.0 67.0 
62.0 60.0 62.0 62.0 
61.0 60.0 61.0 62.0 
68.0 59.0 76.0 71.0 
63.0 59.0 65.0 66.0 
62.0 58.0 63.0 62.0 
61.0 60.0 61.0 61.0 
68.0 60.0 76.0 71.0 
63.0 59.0 66.0 65.0 
61.0 60.0 61.0 64.0 
62.0 60.0 61.0 62.0 
67.0 60.0 75.0 71.0 
63.0 59.0 65.0 66.0 
60.0 60.0 61.0 62.0 
61.0 60.0 59.0 62.0 
66.0 60.0 76.0 71.0 
63.0 58.0 65.0 66.0 
63.0 60.0 61.0 62.0 
62.0 61.0 61.0 62.0 
68.0 59.0 75.0 71.0 
63.0 59.0 65.0 66.0 
63.0 59.0 62.0 62.0 
61.0 60.0 61.0 63.0 
67.0 60.0 75.0 71.0 
63.0 59.0 65.0 67.0 
62.0 60.0 61.0 63.0 
61.0 61.0 60.0 62.0 
67.0 61.0 76.0 71.0 
63.0 59.0 65.0 66.0 
62.0 59.0 61.0 63.0 
62.0 60.0 61.0 62.0 
67.0 60.0 75.0 72.0 
64.0 59.0 65.0 66.0 
61.0 59.0 61.0 63.0 
61.0 60.0 61.0 62.0 
67.0 60.0 74.0 72.0 
64.0 59.0 65.0 66.0 
62.0 59.0 61.0 63.0 
61.0 60.0 60.0 61.0 
68.0 60.0 76.0 71.0 
63.0 59.0 65.0 66.0 
62.0 59.0 62.0 62.0 
61.0 59.0 62.0 61.0 
66.0 60.0 75.0 71.0 
64.0 58.0 65.0 66.0 
62.0 60.0 61.0 62.0 
61.0 60.0 61.0 61.0 
66.0 59.0 74.0 71.0 
64.0 59.0 65.0 66.0 
61.0 59.0 61.0 63.0 
62.0 60.0 61.0 61.0 
67.0 60.0 75.0 70.0 
64.0 59.0 65.0 67.0 
61.0 60.0 60.0 63.0 
61.0 61.0 61.0 61.0 
65.0 59.0 74.0 71.0 
64.0 59.0 65.0 67.0 
61.0 59.0 61.0 63.0 
61.0 60.0 60.0 61.0 
65.0 59.0 74.0 71.0 
64.0 59.0 66.0 67.0 
61.0 59.0 61.0 63.0 
62.0 61.0 60.0 62.0 
66.0 60.0 74.0 70.0 
64.0 60.0 65.0 67.0 
62.0 59.0 60.0 62.0 
61.0 60.0 61.0 62.0 
65.0 60.0 74.0 71.0 
63.0 59.0 65.0 66.0 
61.0 60.0 60.0 63.0 
61.0 60.0 60.0 61.0 
65.0 60.0 75.0 71.0 
64.0 59.0 65.0 67.0 
62.0 59.0 62.0 62.0 
62.0 60.0 61.0 61.0 
66.0 59.0 76.0 71.0 
64.0 59.0 65.0 66.0 
61.0 59.0 61.0 62.0 
60.0 61.0 61.0 58.0 
65.0 59.0 75.0 72.0 
63.0 59.0 65.0 66.0 
61.0 61.0 61.0 63.0 
61.0 59.0 60.0 62.0 
65.0 59.0 74.0 71.0 
64.0 59.0 65.0 66.0 
61.0 60.0 61.0 62.0 
62.0 60.0 60.0 61.0 
64.0 60.0 74.0 71.0 
63.0 59.0 65.0 66.0 
62.0 60.0 59.0 63.0 
61.0 60.0 60.0 62.0 
64.0 60.0 75.0 70.0 
63.0 59.0 65.0 67.0 
62.0 60.0 62.0 62.0 
62.0 59.0 61.0 61.0 
64.0 61.0 75.0 71.0 
64.0 58.0 65.0 66.0 
62.0 59.0 60.0 62.0 
61.0 60.0 61.0 62.0 
63.0 59.0 75.0 71.0 
64.0 59.0 65.0 65.0 
62.0 59.0 61.0 61.0 
62.0 60.0 61.0 61.0 
64.0 59.0 74.0 70.0 
63.0 59.0 65.0 66.0 
61.0 60.0 61.0 63.0 
62.0 59.0 60.0 61.0 
64.0 60.0 75.0 71.0 
62.0 59.0 64.0 66.0 
61.0 60.0 61.0 62.0 
61.0 60.0 61.0 62.0 
64.0 59.0 75.0 70.0 
64.0 58.0 66.0 67.0 
60.0 60.0 61.0 62.0 
62.0 59.0 62.0 62.0 
65.0 59.0 75.0 71.0 
63.0 59.0 66.0 67.0 
62.0 59.0 61.0 62.0 
62.0 60.0 60.0 62.0 
65.0 60.0 75.0 70.0 
63.0 59.0 64.0 65.0 
62.0 59.0 61.0 62.0 
61.0 60.0 61.0 63.0 
64.0 59.0 76.0 71.0 
63.0 58.0 65.0 67.0 
61.0 60.0 60.0 62.0 
62.0 60.0 60.0 62.0 
65.0 60.0 74.0 71.0 
63.0 60.0 65.0 65.0 
62.0 59.0 60.0 63.0 
61.0 60.0 60.0 62.0 
65.0 59.0 74.0 71.0 
63.0 59.0 65.0 66.0 
60.0 59.0 60.0 63.0 
61.0 61.0 61.0 60.0 
66.0 60.0 75.0 71.0 
65.0 58.0 65.0 67.0 
63.0 59.0 61.0 62.0 
61.0 60.0 60.0 62.0 
65.0 59.0 75.0 71.0 
64.0 59.0 65.0 66.0 
62.0 60.0 61.0 63.0 
62.0 60.0 61.0 61.0 
64.0 60.0 75.0 71.0 
64.0 60.0 66.0 67.0 
61.0 60.0 61.0 63.0 
61.0 60.0 61.0 61.0 
65.0 59.0 76.0 71.0 
63.0 59.0 65.0 67.0 
62.0 60.0 60.0 63.0 
62.0 60.0 61.0 62.0 
64.0 61.0 75.0 70.0 
63.0 60.0 65.0 66.0 
62.0 60.0 61.0 63.0 
62.0 59.0 62.0 60.0 
64.0 59.0 76.0 71.0 
63.0 58.0 65.0 66.0 
61.0 59.0 60.0 63.0 
62.0 59.0 60.0 61.0 
64.0 59.0 75.0 70.0 
64.0 60.0 65.0 66.0 
62.0 59.0 61.0 62.0 
62.0 60.0 61.0 61.0 
64.0 59.0 76.0 69.0 
63.0 59.0 65.0 66.0 
62.0 60.0 61.0 63.0 
62.0 58.0 60.0 61.0 
64.0 60.0 76.0 71.0 
64.0 59.0 65.0 66.0 
62.0 60.0 60.0 62.0 
61.0 60.0 61.0 62.0 
64.0 61.0 76.0 72.0 
64.0 59.0 65.0 66.0 
61.0 60.0 60.0 63.0 
62.0 60.0 61.0 62.0 
63.0 60.0 76.0 71.0 
63.0 59.0 65.0 66.0 
62.0 60.0 61.0 62.0 
61.0 60.0 61.0 62.0 
65.0 60.0 76.0 71.0 
63.0 59.0 65.0 66.0 
61.0 59.0 62.0 62.0 
61.0 59.0 60.0 62.0 
64.0 60.0 76.0 71.0 
64.0 59.0 65.0 66.0 
61.0 60.0 60.0 63.0 
61.0 60.0 61.0 62.0 
65.0 59.0 76.0 70.0 
64.0 59.0 65.0 66.0 
62.0 59.0 61.0 64.0 
62.0 60.0 60.0 61.0 
64.0 59.0 76.0 70.0 
63.0 59.0 65.0 66.0 
62.0 60.0 60.0 62.0 
61.0 58.0 60.0 62.0 
64.0 59.0 76.0 70.0 
62.0 59.0 65.0 66.0 
62.0 60.0 61.0 62.0 
61.0 60.0 60.0 62.0 
64.0 59.0 76.0 71.0 
63.0 58.0 66.0 67.0 
60.0 59.0 62.0 63.0 
61.0 60.0 60.0 61.0 
64.0 59.0 77.0 71.0 
63.0 59.0 66.0 67.0 
61.0 58.0 61.0 63.0 
62.0 60.0 61.0 62.0 
64.0 60.0 77.0 70.0 
65.0 60.0 65.0 66.0 
61.0 60.0 60.0 63.0 
62.0 60.0 61.0 61.0 
65.0 60.0 76.0 70.0 
63.0 59.0 65.0 66.0 
61.0 59.0 62.0 62.0 
60.0 60.0 61.0 61.0 
65.0 60.0 76.0 70.0 
64.0 59.0 64.0 67.0 
61.0 59.0 61.0 62.0 
61.0 60.0 60.0 62.0 
64.0 60.0 74.0 70.0 
63.0 59.0 65.0 66.0 
61.0 58.0 61.0 62.0 
61.0 60.0 61.0 61.0 
64.0 61.0 75.0 71.0 
64.0 59.0 65.0 66.0 
62.0 59.0 61.0 62.0 
61.0 60.0 60.0 62.0 
65.0 59.0 74.0 70.0 
63.0 59.0 65.0 66.0 
62.0 60.0 61.0 63.0 
62.0 59.0 61.0 62.0 
64.0 59.0 74.0 70.0 
64.0 59.0 65.0 66.0 
62.0 59.0 61.0 63.0 
62.0 60.0 60.0 61.0 
66.0 59.0 75.0 70.0 
63.0 58.0 66.0 66.0 
62.0 59.0 61.0 62.0 
62.0 60.0 61.0 62.0 
65.0 60.0 74.0 71.0 
63.0 58.0 66.0 66.0 
60.0 61.0 60.0 63.0 
61.0 60.0 62.0 63.0 
65.0 59.0 75.0 71.0 
63.0 58.0 66.0 67.0 
62.0 59.0 60.0 63.0 
62.0 60.0 60.0 61.0 
64.0 59.0 76.0 70.0 
64.0 58.0 66.0 66.0 
62.0 59.0 61.0 63.0 
61.0 60.0 61.0 62.0 
65.0 59.0 75.0 70.0 
63.0 59.0 66.0 66.0 
61.0 60.0 61.0 62.0 
62.0 60.0 60.0 61.0 
65.0 60.0 74.0 71.0 
64.0 58.0 66.0 66.0 
62.0 59.0 61.0 62.0 
62.0 60.0 61.0 62.0 
65.0 59.0 74.0 70.0 
64.0 58.0 65.0 66.0 
61.0 60.0 61.0 62.0 
62.0 60.0 61.0 61.0 
64.0 59.0 74.0 71.0 
64.0 59.0 65.0 67.0 
62.0 59.0 61.0 63.0 
62.0 60.0 60.0 62.0 
67.0 60.0 74.0 71.0 
63.0 59.0 65.0 66.0 
62.0 60.0 62.0 63.0 
61.0 60.0 60.0 62.0 
65.0 59.0 74.0 71.0 
63.0 59.0 65.0 66.0 
61.0 60.0 62.0 63.0 
61.0 60.0 61.0 62.0 
66.0 60.0 74.0 71.0 
63.0 59.0 65.0 67.0 
61.0 60.0 61.0 64.0 
61.0 60.0 61.0 62.0 
64.0 59.0 74.0 70.0 
64.0 59.0 64.0 67.0 
62.0 59.0 61.0 63.0 
62.0 61.0 60.0 62.0 
66.0 60.0 73.0 71.0 
64.0 59.0 65.0 66.0 
61.0 58.0 61.0 62.0 
62.0 61.0 61.0 62.0 
66.0 59.0 74.0 71.0 
64.0 59.0 65.0 66.0 
61.0 59.0 61.0 63.0 
62.0 60.0 60.0 61.0 
68.0 59.0 74.0 71.0 
64.0 59.0 65.0 66.0 
61.0 60.0 61.0 63.0 
61.0 60.0 60.0 62.0 
67.0 59.0 75.0 71.0 
63.0 58.0 65.0 66.0 
61.0 59.0 62.0 62.0 
60.0 61.0 60.0 62.0 
68.0 60.0 75.0 71.0 
64.0 59.0 65.0 66.0 
62.0 59.0 62.0 63.0 
62.0 60.0 61.0 62.0 
66.0 59.0 75.0 71.0 
63.0 59.0 65.0 67.0 
62.0 60.0 61.0 63.0 
61.0 61.0 61.0 62.0 
69.0 59.0 74.0 71.0 
63.0 59.0 65.0 67.0 
61.0 59.0 62.0 63.0 
62.0 60.0 60.0 62.0 
66.0 60.0 74.0 71.0 
63.0 58.0 64.0 67.0 
61.0 58.0 61.0 62.0 
61.0 59.0 60.0 62.0 
68.0 59.0 74.0 71.0 
64.0 59.0 65.0 66.0 
62.0 59.0 62.0 64.0 
61.0 59.0 59.0 61.0 
67.0 60.0 73.0 71.0 
64.0 59.0 65.0 66.0 
62.0 59.0 61.0 62.0 
61.0 60.0 61.0 62.0 
66.0 59.0 74.0 70.0 
63.0 59.0 65.0 66.0 
61.0 59.0 61.0 62.0 
61.0 61.0 60.0 62.0 
65.0 60.0 74.0 71.0 
64.0 59.0 65.0 66.0 
61.0 59.0 61.0 63.0 
61.0 60.0 61.0 61.0 
68.0 59.0 74.0 71.0 
63.0 59.0 64.0 66.0 
61.0 60.0 62.0 63.0 
62.0 60.0 60.0 62.0 
64.0 60.0 74.0 70.0 
64.0 59.0 64.0 66.0 
61.0 59.0 61.0 63.0 
61.0 60.0 61.0 62.0 
65.0 60.0 73.0 69.0 
64.0 60.0 65.0 66.0 
61.0 59.0 62.0 62.0 
63.0 60.0 61.0 61.0 
64.0 60.0 74.0 71.0 
64.0 59.0 64.0 66.0 
62.0 60.0 60.0 63.0 
62.0 60.0 61.0 62.0 
64.0 59.0 73.0 71.0 
63.0 59.0 65.0 67.0 
61.0 59.0 61.0 63.0 
62.0 59.0 61.0 61.0 
65.0 59.0 74.0 70.0 
64.0 59.0 65.0 67.0 
63.0 59.0 61.0 63.0 
62.0 58.0 60.0 60.0 
65.0 60.0 73.0 71.0 
64.0 59.0 65.0 66.0 
61.0 60.0 60.0 63.0 
61.0 60.0 61.0 61.0 
65.0 59.0 74.0 71.0 
63.0 58.0 66.0 66.0 
62.0 59.0 61.0 63.0 
61.0 60.0 61.0 62.0 
64.0 60.0 73.0 70.0 
64.0 59.0 66.0 66.0 
62.0 59.0 61.0 62.0 
61.0 60.0 61.0 62.0 
64.0 60.0 73.0 69.0 
63.0 59.0 65.0 67.0 
62.0 60.0 61.0 63.0 
62.0 61.0 60.0 62.0 
64.0 60.0 72.0 71.0 
63.0 58.0 66.0 67.0 
61.0 58.0 61.0 63.0 
63.0 60.0 61.0 61.0 
65.0 60.0 73.0 70.0 
63.0 58.0 66.0 65.0 
62.0 58.0 61.0 62.0 
61.0 61.0 61.0 62.0 
64.0 59.0 73.0 70.0 
64.0 58.0 65.0 67.0 
62.0 59.0 60.0 63.0 
62.0 60.0 60.0 62.0 
64.0 60.0 73.0 70.0 
63.0 59.0 65.0 66.0 
61.0 58.0 61.0 62.0 
61.0 61.0 61.0 61.0 
65.0 59.0 73.0 70.0 
63.0 58.0 65.0 67.0 
61.0 57.0 61.0 63.0 
62.0 59.0 61.0 61.0 
65.0 59.0 73.0 70.0 
64.0 59.0 67.0 67.0 
61.0 59.0 62.0 63.0 
62.0 59.0 61.0 61.0 
65.0 59.0 73.0 71.0 
63.0 58.0 65.0 66.0 
62.0 60.0 61.0 62.0 
61.0 60.0 61.0 62.0 
69.0 60.0 74.0 70.0 
63.0 59.0 65.0 67.0 
62.0 60.0 61.0 62.0 
61.0 60.0 61.0 62.0 
66.0 59.0 73.0 70.0 
63.0 59.0 64.0 66.0 
61.0 60.0 61.0 62.0 
62.0 60.0 60.0 61.0 
65.0 60.0 73.0 70.0 
64.0 59.0 64.0 66.0 
61.0 59.0 61.0 64.0 
61.0 60.0 60.0 62.0 
65.0 59.0 73.0 71.0 
64.0 59.0 65.0 66.0 
61.0 59.0 62.0 62.0 
61.0 60.0 60.0 62.0 
64.0 59.0 73.0 70.0 
63.0 60.0 65.0 67.0 
61.0 58.0 61.0 63.0 
62.0 59.0 60.0 62.0 
66.0 59.0 73.0 71.0 
64.0 59.0 66.0 66.0 
63.0 60.0 61.0 62.0 
62.0 60.0 60.0 61.0 
64.0 60.0 72.0 70.0 
64.0 59.0 65.0 67.0 
61.0 60.0 61.0 63.0 
62.0 59.0 61.0 61.0 
65.0 59.0 73.0 70.0 
62.0 60.0 65.0 66.0 
62.0 59.0 63.0 63.0 
61.0 60.0 60.0 62.0 
66.0 59.0 74.0 72.0 
64.0 59.0 65.0 66.0 
61.0 60.0 62.0 62.0 
61.0 60.0 62.0 61.0 
65.0 60.0 73.0 70.0 
63.0 59.0 65.0 66.0 
61.0 60.0 61.0 63.0 
61.0 60.0 61.0 62.0 
65.0 60.0 72.0 70.0 
64.0 59.0 65.0 66.0 
61.0 59.0 61.0 62.0 
61.0 61.0 60.0 62.0 
66.0 60.0 73.0 70.0 
63.0 59.0 64.0 66.0 
62.0 59.0 63.0 64.0 
62.0 60.0 62.0 61.0 
65.0 59.0 73.0 70.0 
63.0 59.0 65.0 67.0 
62.0 60.0 61.0 63.0 
62.0 60.0 61.0 61.0 
65.0 59.0 73.0 70.0 
64.0 59.0 65.0 67.0 
61.0 59.0 61.0 62.0 
62.0 60.0 60.0 61.0 
65.0 60.0 73.0 71.0 
64.0 58.0 66.0 67.0 
62.0 59.0 61.0 63.0 
62.0 59.0 61.0 62.0 
64.0 59.0 73.0 69.0 
63.0 59.0 65.0 66.0 
62.0 59.0 61.0 62.0 
61.0 60.0 60.0 62.0 
65.0 59.0 73.0 70.0 
63.0 59.0 65.0 66.0 
62.0 60.0 62.0 62.0 
61.0 61.0 60.0 62.0 
64.0 60.0 72.0 70.0 
63.0 58.0 65.0 66.0 
61.0 59.0 61.0 62.0 
61.0 60.0 61.0 61.0 
65.0 61.0 73.0 70.0 
64.0 59.0 66.0 66.0 
62.0 60.0 60.0 63.0 
61.0 61.0 61.0 62.0 
65.0 60.0 73.0 70.0 
64.0 59.0 65.0 67.0 
62.0 59.0 61.0 62.0 
61.0 60.0 60.0 62.0 
64.0 59.0 72.0 70.0 
63.0 59.0 65.0 67.0 
61.0 60.0 61.0 63.0 
62.0 60.0 61.0 60.0 
65.0 59.0 74.0 70.0 
63.0 59.0 66.0 66.0 
61.0 60.0 60.0 62.0 
62.0 60.0 60.0 61.0 
65.0 59.0 73.0 70.0 
63.0 59.0 65.0 67.0 
62.0 59.0 61.0 63.0 
62.0 60.0 60.0 61.0 
64.0 59.0 73.0 70.0 
64.0 59.0 65.0 66.0 
62.0 60.0 61.0 62.0 
62.0 61.0 60.0 62.0 
65.0 60.0 73.0 70.0 
64.0 58.0 65.0 67.0 
62.0 59.0 60.0 62.0 
61.0 60.0 61.0 61.0 
65.0 58.0 73.0 71.0 
64.0 59.0 65.0 66.0 
62.0 58.0 61.0 63.0 
61.0 59.0 61.0 61.0 
64.0 59.0 73.0 70.0 
63.0 58.0 65.0 66.0 
61.0 60.0 60.0 63.0 
61.0 60.0 60.0 62.0 
64.0 60.0 72.0 70.0 
64.0 59.0 65.0 67.0 
61.0 59.0 61.0 63.0 
61.0 60.0 61.0 61.0 
65.0 60.0 74.0 70.0 
63.0 59.0 65.0 66.0 
62.0 60.0 61.0 62.0 
61.0 61.0 60.0 62.0 
65.0 60.0 74.0 70.0 
63.0 59.0 65.0 67.0 
61.0 59.0 61.0 63.0 
62.0 60.0 61.0 61.0 
66.0 59.0 74.0 71.0 
63.0 59.0 66.0 66.0 
62.0 59.0 60.0 63.0 
62.0 59.0 62.0 61.0 
66.0 60.0 74.0 71.0 
63.0 58.0 65.0 66.0 
61.0 60.0 61.0 62.0 
61.0 60.0 61.0 62.0 
65.0 60.0 73.0 70.0 
64.0 59.0 65.0 67.0 
62.0 59.0 61.0 62.0 
61.0 61.0 61.0 61.0 
65.0 59.0 74.0 70.0 
63.0 59.0 64.0 66.0 
61.0 60.0 60.0 62.0 
61.0 60.0 60.0 62.0 
64.0 60.0 74.0 70.0 
64.0 59.0 65.0 66.0 
61.0 60.0 61.0 62.0 
61.0 60.0 61.0 62.0 
65.0 59.0 75.0 71.0 
63.0 59.0 66.0 67.0 
61.0 59.0 61.0 62.0 
61.0 59.0 61.0 61.0 
65.0 60.0 74.0 71.0 
63.0 58.0 65.0 66.0 
62.0 59.0 60.0 62.0 
61.0 60.0 61.0 62.0 
66.0 59.0 74.0 71.0 
63.0 59.0 65.0 66.0 
62.0 59.0 61.0 63.0 
62.0 59.0 61.0 61.0 
65.0 59.0 74.0 71.0 
63.0 59.0 65.0 67.0 
62.0 60.0 60.0 63.0 
61.0 60.0 60.0 62.0 
65.0 60.0 73.0 71.0 
63.0 59.0 65.0 66.0 
61.0 60.0 61.0 63.0 
61.0 61.0 61.0 62.0 
67.0 59.0 74.0 71.0 
63.0 59.0 64.0 66.0 
61.0 60.0 60.0 63.0 
62.0 60.0 60.0 62.0 
66.0 60.0 74.0 71.0 
63.0 59.0 65.0 66.0 
61.0 60.0 60.0 63.0 
61.0 59.0 61.0 62.0 
65.0 59.0 74.0 71.0 
63.0 59.0 64.0 66.0 
62.0 59.0 61.0 63.0 
62.0 59.0 61.0 61.0 
66.0 60.0 73.0 71.0 
64.0 59.0 65.0 66.0 
61.0 59.0 60.0 63.0 
62.0 59.0 60.0 62.0 
65.0 59.0 73.0 70.0 
64.0 58.0 66.0 66.0 
