65.0 57.0 61.0 63.0 
58.0 57.0 58.0 59.0 
59.0 58.0 58.0 59.0 
59.0 59.0 59.0 59.0 
65.0 59.0 61.0 63.0 
58.0 58.0 58.0 57.0 
59.0 58.0 59.0 60.0 
60.0 59.0 59.0 58.0 
65.0 58.0 61.0 62.0 
59.0 58.0 57.0 58.0 
60.0 58.0 59.0 59.0 
60.0 59.0 59.0 59.0 
65.0 59.0 61.0 62.0 
59.0 58.0 58.0 58.0 
59.0 57.0 59.0 59.0 
59.0 59.0 59.0 59.0 
64.0 59.0 60.0 63.0 
59.0 57.0 58.0 59.0 
58.0 58.0 59.0 59.0 
60.0 58.0 59.0 59.0 
64.0 59.0 60.0 62.0 
59.0 58.0 58.0 59.0 
59.0 58.0 58.0 58.0 
60.0 59.0 58.0 59.0 
64.0 58.0 61.0 63.0 
58.0 57.0 58.0 59.0 
59.0 57.0 59.0 59.0 
59.0 59.0 59.0 59.0 
64.0 59.0 61.0 64.0 
59.0 58.0 59.0 58.0 
59.0 58.0 59.0 59.0 
60.0 59.0 59.0 59.0 
64.0 59.0 61.0 63.0 
59.0 58.0 58.0 59.0 
59.0 58.0 59.0 60.0 
60.0 59.0 60.0 59.0 
65.0 58.0 61.0 63.0 
59.0 57.0 58.0 58.0 
59.0 58.0 58.0 59.0 
60.0 58.0 59.0 60.0 
65.0 58.0 62.0 63.0 
58.0 58.0 58.0 59.0 
59.0 59.0 59.0 59.0 
61.0 58.0 60.0 59.0 
65.0 58.0 61.0 63.0 
58.0 58.0 57.0 58.0 
59.0 58.0 58.0 60.0 
61.0 58.0 59.0 59.0 
65.0 58.0 62.0 63.0 
58.0 58.0 58.0 58.0 
58.0 58.0 59.0 60.0 
61.0 58.0 59.0 58.0 
64.0 59.0 61.0 63.0 
59.0 57.0 58.0 58.0 
60.0 58.0 59.0 59.0 
60.0 58.0 59.0 59.0 
65.0 57.0 61.0 62.0 
58.0 58.0 58.0 59.0 
58.0 58.0 58.0 60.0 
60.0 59.0 59.0 59.0 
64.0 58.0 62.0 63.0 
59.0 57.0 58.0 58.0 
59.0 58.0 59.0 59.0 
59.0 59.0 59.0 60.0 
64.0 58.0 61.0 63.0 
59.0 58.0 58.0 58.0 
58.0 57.0 59.0 59.0 
60.0 58.0 59.0 59.0 
65.0 58.0 61.0 63.0 
59.0 58.0 59.0 58.0 
59.0 58.0 59.0 59.0 
59.0 59.0 59.0 59.0 
66.0 57.0 61.0 63.0 
58.0 57.0 58.0 59.0 
59.0 59.0 59.0 60.0 
60.0 59.0 60.0 59.0 
64.0 58.0 60.0 63.0 
59.0 59.0 58.0 59.0 
59.0 58.0 59.0 60.0 
60.0 59.0 59.0 59.0 
65.0 58.0 61.0 63.0 
58.0 58.0 58.0 58.0 
59.0 59.0 59.0 60.0 
60.0 59.0 59.0 59.0 
65.0 58.0 61.0 63.0 
59.0 57.0 58.0 59.0 
59.0 58.0 58.0 60.0 
60.0 58.0 58.0 59.0 
66.0 58.0 61.0 64.0 
58.0 57.0 59.0 58.0 
59.0 58.0 59.0 59.0 
60.0 59.0 60.0 59.0 
64.0 59.0 61.0 63.0 
59.0 58.0 58.0 58.0 
58.0 58.0 59.0 59.0 
59.0 59.0 59.0 59.0 
64.0 58.0 61.0 63.0 
59.0 58.0 59.0 59.0 
59.0 58.0 59.0 60.0 
60.0 58.0 59.0 58.0 
65.0 59.0 60.0 63.0 
59.0 57.0 58.0 58.0 
58.0 58.0 58.0 60.0 
60.0 58.0 59.0 59.0 
65.0 58.0 61.0 63.0 
58.0 57.0 58.0 58.0 
60.0 58.0 59.0 59.0 
59.0 59.0 59.0 59.0 
66.0 58.0 61.0 62.0 
59.0 58.0 58.0 58.0 
59.0 58.0 59.0 60.0 
60.0 58.0 59.0 59.0 
65.0 58.0 61.0 62.0 
59.0 57.0 59.0 59.0 
59.0 58.0 59.0 60.0 
59.0 59.0 59.0 60.0 
65.0 58.0 62.0 63.0 
59.0 58.0 58.0 59.0 
59.0 58.0 59.0 60.0 
59.0 59.0 58.0 59.0 
65.0 58.0 61.0 63.0 
59.0 59.0 58.0 58.0 
59.0 58.0 58.0 60.0 
59.0 59.0 59.0 58.0 
66.0 58.0 61.0 63.0 
59.0 58.0 58.0 58.0 
59.0 58.0 59.0 60.0 
60.0 59.0 59.0 58.0 
65.0 58.0 61.0 63.0 
59.0 58.0 56.0 58.0 
59.0 58.0 59.0 59.0 
60.0 58.0 58.0 59.0 
65.0 58.0 61.0 63.0 
59.0 58.0 58.0 59.0 
59.0 58.0 59.0 60.0 
59.0 58.0 59.0 59.0 
64.0 58.0 61.0 63.0 
58.0 57.0 59.0 59.0 
58.0 58.0 59.0 59.0 
59.0 58.0 60.0 60.0 
66.0 59.0 60.0 63.0 
59.0 57.0 59.0 58.0 
59.0 58.0 59.0 59.0 
59.0 59.0 59.0 60.0 
66.0 58.0 61.0 62.0 
58.0 58.0 59.0 58.0 
59.0 59.0 59.0 59.0 
59.0 58.0 59.0 58.0 
65.0 58.0 62.0 62.0 
58.0 58.0 58.0 58.0 
59.0 59.0 59.0 60.0 
61.0 59.0 59.0 59.0 
64.0 59.0 61.0 63.0 
58.0 58.0 58.0 58.0 
58.0 58.0 59.0 60.0 
59.0 59.0 60.0 59.0 
65.0 58.0 62.0 63.0 
58.0 57.0 58.0 59.0 
59.0 58.0 59.0 60.0 
60.0 58.0 59.0 59.0 
64.0 58.0 61.0 64.0 
59.0 58.0 58.0 58.0 
59.0 59.0 58.0 60.0 
60.0 59.0 59.0 59.0 
65.0 58.0 62.0 63.0 
59.0 58.0 59.0 59.0 
58.0 58.0 58.0 59.0 
60.0 58.0 59.0 59.0 
65.0 58.0 61.0 63.0 
59.0 58.0 59.0 58.0 
58.0 60.0 58.0 60.0 
60.0 59.0 58.0 60.0 
66.0 58.0 61.0 63.0 
59.0 58.0 58.0 58.0 
59.0 58.0 60.0 59.0 
60.0 59.0 59.0 59.0 
64.0 59.0 61.0 63.0 
59.0 57.0 59.0 58.0 
59.0 58.0 59.0 59.0 
61.0 59.0 59.0 58.0 
65.0 59.0 61.0 62.0 
59.0 58.0 59.0 59.0 
58.0 58.0 59.0 60.0 
60.0 59.0 59.0 59.0 
65.0 58.0 61.0 63.0 
59.0 57.0 59.0 58.0 
59.0 58.0 59.0 60.0 
60.0 59.0 59.0 60.0 
65.0 59.0 61.0 63.0 
58.0 58.0 58.0 59.0 
60.0 58.0 59.0 59.0 
60.0 59.0 59.0 59.0 
65.0 59.0 61.0 63.0 
59.0 58.0 58.0 59.0 
59.0 58.0 58.0 59.0 
60.0 59.0 59.0 59.0 
65.0 58.0 61.0 63.0 
59.0 58.0 59.0 58.0 
60.0 58.0 59.0 60.0 
61.0 59.0 58.0 59.0 
65.0 59.0 61.0 65.0 
60.0 58.0 58.0 59.0 
59.0 59.0 59.0 60.0 
59.0 60.0 61.0 60.0 
65.0 58.0 60.0 63.0 
58.0 57.0 58.0 58.0 
59.0 58.0 59.0 60.0 
60.0 59.0 59.0 59.0 
65.0 58.0 61.0 63.0 
59.0 57.0 59.0 58.0 
58.0 58.0 59.0 60.0 
60.0 59.0 59.0 59.0 
66.0 58.0 62.0 63.0 
59.0 57.0 58.0 59.0 
58.0 58.0 59.0 60.0 
60.0 59.0 59.0 60.0 
64.0 58.0 61.0 63.0 
58.0 58.0 59.0 59.0 
59.0 58.0 59.0 60.0 
60.0 58.0 59.0 59.0 
64.0 59.0 61.0 63.0 
59.0 58.0 58.0 58.0 
58.0 58.0 59.0 60.0 
60.0 59.0 59.0 59.0 
64.0 58.0 61.0 63.0 
59.0 57.0 58.0 58.0 
58.0 58.0 59.0 60.0 
60.0 60.0 59.0 59.0 
65.0 57.0 60.0 63.0 
59.0 58.0 58.0 59.0 
59.0 58.0 58.0 60.0 
60.0 59.0 59.0 59.0 
65.0 60.0 61.0 63.0 
58.0 57.0 58.0 58.0 
59.0 59.0 59.0 60.0 
60.0 57.0 59.0 60.0 
65.0 58.0 61.0 63.0 
59.0 57.0 58.0 59.0 
59.0 58.0 59.0 60.0 
60.0 59.0 60.0 59.0 
65.0 59.0 62.0 63.0 
59.0 57.0 59.0 59.0 
59.0 58.0 58.0 59.0 
60.0 59.0 58.0 59.0 
64.0 58.0 61.0 64.0 
59.0 58.0 58.0 58.0 
59.0 58.0 59.0 59.0 
59.0 59.0 59.0 60.0 
64.0 59.0 62.0 64.0 
58.0 57.0 58.0 59.0 
60.0 58.0 59.0 60.0 
59.0 58.0 59.0 59.0 
65.0 59.0 60.0 63.0 
58.0 58.0 58.0 59.0 
59.0 58.0 59.0 60.0 
60.0 59.0 60.0 59.0 
64.0 58.0 60.0 63.0 
59.0 58.0 59.0 59.0 
59.0 58.0 58.0 60.0 
61.0 58.0 59.0 59.0 
65.0 59.0 61.0 63.0 
60.0 58.0 59.0 59.0 
59.0 58.0 58.0 60.0 
60.0 58.0 58.0 59.0 
64.0 58.0 62.0 63.0 
59.0 57.0 59.0 60.0 
60.0 58.0 59.0 60.0 
59.0 59.0 59.0 61.0 
65.0 58.0 60.0 62.0 
59.0 58.0 59.0 59.0 
59.0 58.0 58.0 60.0 
60.0 59.0 59.0 59.0 
65.0 59.0 61.0 63.0 
59.0 57.0 59.0 59.0 
59.0 59.0 59.0 60.0 
61.0 59.0 59.0 59.0 
65.0 59.0 61.0 62.0 
59.0 58.0 59.0 58.0 
58.0 58.0 59.0 60.0 
60.0 59.0 59.0 60.0 
65.0 58.0 61.0 63.0 
59.0 58.0 58.0 59.0 
59.0 58.0 60.0 60.0 
61.0 58.0 59.0 59.0 
64.0 58.0 61.0 64.0 
59.0 58.0 59.0 58.0 
59.0 58.0 59.0 60.0 
61.0 59.0 58.0 60.0 
64.0 58.0 60.0 63.0 
59.0 57.0 58.0 59.0 
59.0 58.0 58.0 60.0 
60.0 58.0 59.0 60.0 
65.0 58.0 61.0 63.0 
59.0 58.0 58.0 59.0 
59.0 58.0 59.0 59.0 
59.0 59.0 59.0 59.0 
65.0 59.0 61.0 63.0 
60.0 57.0 58.0 58.0 
59.0 60.0 59.0 59.0 
59.0 60.0 59.0 60.0 
66.0 59.0 61.0 63.0 
59.0 58.0 58.0 59.0 
59.0 58.0 59.0 60.0 
60.0 59.0 59.0 59.0 
65.0 59.0 62.0 63.0 
59.0 57.0 59.0 58.0 
59.0 58.0 59.0 60.0 
60.0 58.0 59.0 59.0 
65.0 59.0 61.0 63.0 
59.0 58.0 58.0 59.0 
58.0 58.0 58.0 60.0 
60.0 59.0 59.0 60.0 
65.0 59.0 61.0 63.0 
59.0 59.0 58.0 59.0 
60.0 58.0 59.0 60.0 
61.0 59.0 59.0 59.0 
65.0 59.0 61.0 63.0 
59.0 58.0 58.0 59.0 
59.0 58.0 59.0 60.0 
60.0 59.0 59.0 60.0 
65.0 59.0 60.0 62.0 
59.0 58.0 59.0 59.0 
59.0 59.0 58.0 60.0 
60.0 60.0 59.0 59.0 
66.0 58.0 61.0 63.0 
59.0 58.0 59.0 59.0 
60.0 59.0 59.0 60.0 
60.0 59.0 60.0 60.0 
65.0 59.0 61.0 63.0 
59.0 58.0 58.0 59.0 
59.0 59.0 58.0 60.0 
60.0 58.0 60.0 60.0 
66.0 58.0 62.0 63.0 
59.0 58.0 58.0 59.0 
59.0 59.0 58.0 60.0 
60.0 59.0 59.0 60.0 
66.0 59.0 62.0 63.0 
59.0 58.0 59.0 58.0 
59.0 58.0 59.0 60.0 
60.0 59.0 59.0 59.0 
65.0 59.0 61.0 63.0 
59.0 58.0 59.0 59.0 
58.0 58.0 59.0 59.0 
60.0 59.0 59.0 59.0 
66.0 59.0 62.0 63.0 
59.0 58.0 58.0 59.0 
59.0 59.0 59.0 60.0 
60.0 59.0 59.0 60.0 
66.0 59.0 61.0 63.0 
59.0 57.0 59.0 59.0 
59.0 59.0 59.0 60.0 
60.0 59.0 59.0 60.0 
66.0 59.0 61.0 63.0 
59.0 58.0 58.0 59.0 
59.0 58.0 59.0 59.0 
60.0 58.0 59.0 60.0 
66.0 59.0 62.0 63.0 
59.0 58.0 59.0 59.0 
59.0 58.0 60.0 60.0 
60.0 59.0 59.0 59.0 
65.0 58.0 61.0 63.0 
59.0 58.0 59.0 59.0 
59.0 59.0 59.0 60.0 
61.0 59.0 60.0 60.0 
65.0 59.0 62.0 63.0 
59.0 58.0 59.0 58.0 
59.0 58.0 59.0 60.0 
61.0 60.0 59.0 60.0 
65.0 59.0 60.0 62.0 
59.0 58.0 59.0 59.0 
59.0 58.0 59.0 60.0 
61.0 59.0 60.0 60.0 
66.0 59.0 61.0 62.0 
59.0 59.0 59.0 58.0 
59.0 58.0 59.0 60.0 
61.0 59.0 59.0 59.0 
65.0 59.0 61.0 62.0 
59.0 59.0 59.0 59.0 
59.0 59.0 59.0 59.0 
61.0 59.0 59.0 59.0 
64.0 59.0 60.0 63.0 
59.0 58.0 59.0 59.0 
59.0 58.0 59.0 60.0 
60.0 59.0 60.0 60.0 
65.0 59.0 61.0 63.0 
59.0 58.0 58.0 59.0 
59.0 58.0 59.0 60.0 
60.0 60.0 59.0 60.0 
65.0 59.0 61.0 63.0 
59.0 58.0 59.0 59.0 
60.0 58.0 59.0 60.0 
61.0 59.0 60.0 59.0 
65.0 58.0 61.0 62.0 
60.0 58.0 59.0 58.0 
59.0 60.0 59.0 60.0 
61.0 59.0 58.0 59.0 
66.0 59.0 61.0 62.0 
60.0 58.0 59.0 59.0 
59.0 59.0 60.0 60.0 
60.0 59.0 60.0 59.0 
65.0 59.0 61.0 63.0 
59.0 58.0 58.0 59.0 
60.0 58.0 59.0 60.0 
60.0 59.0 59.0 60.0 
65.0 58.0 62.0 62.0 
59.0 58.0 58.0 60.0 
59.0 59.0 58.0 60.0 
60.0 59.0 60.0 60.0 
65.0 59.0 61.0 62.0 
59.0 57.0 59.0 58.0 
59.0 58.0 59.0 60.0 
60.0 59.0 59.0 60.0 
65.0 60.0 61.0 63.0 
59.0 58.0 59.0 59.0 
59.0 59.0 58.0 60.0 
60.0 59.0 60.0 60.0 
65.0 59.0 61.0 63.0 
59.0 58.0 58.0 59.0 
59.0 58.0 59.0 60.0 
60.0 59.0 60.0 60.0 
64.0 58.0 61.0 63.0 
60.0 58.0 59.0 59.0 
60.0 58.0 59.0 60.0 
60.0 60.0 60.0 60.0 
65.0 59.0 61.0 62.0 
59.0 58.0 58.0 59.0 
60.0 59.0 60.0 59.0 
60.0 59.0 60.0 60.0 
65.0 59.0 61.0 63.0 
60.0 59.0 59.0 59.0 
59.0 59.0 59.0 59.0 
60.0 60.0 59.0 61.0 
65.0 59.0 61.0 63.0 
59.0 59.0 59.0 59.0 
60.0 59.0 58.0 60.0 
60.0 59.0 60.0 60.0 
65.0 58.0 61.0 63.0 
59.0 58.0 59.0 59.0 
59.0 58.0 59.0 60.0 
60.0 58.0 60.0 60.0 
65.0 59.0 61.0 63.0 
58.0 58.0 59.0 59.0 
60.0 59.0 60.0 60.0 
61.0 59.0 60.0 60.0 
65.0 59.0 61.0 62.0 
59.0 58.0 58.0 59.0 
59.0 58.0 60.0 59.0 
60.0 59.0 59.0 60.0 
65.0 59.0 61.0 62.0 
59.0 58.0 59.0 59.0 
59.0 58.0 59.0 60.0 
60.0 58.0 59.0 60.0 
65.0 59.0 61.0 62.0 
59.0 58.0 59.0 59.0 
60.0 58.0 59.0 59.0 
61.0 59.0 59.0 60.0 
65.0 59.0 61.0 63.0 
59.0 58.0 59.0 60.0 
59.0 59.0 59.0 59.0 
61.0 59.0 60.0 60.0 
66.0 59.0 61.0 63.0 
59.0 58.0 58.0 59.0 
60.0 58.0 59.0 60.0 
60.0 60.0 58.0 60.0 
65.0 59.0 61.0 63.0 
59.0 58.0 58.0 59.0 
59.0 58.0 60.0 60.0 
61.0 59.0 60.0 60.0 
64.0 59.0 61.0 63.0 
59.0 58.0 58.0 60.0 
59.0 59.0 59.0 60.0 
61.0 59.0 60.0 60.0 
66.0 59.0 61.0 63.0 
59.0 58.0 58.0 59.0 
60.0 59.0 59.0 60.0 
61.0 59.0 59.0 60.0 
65.0 59.0 62.0 63.0 
59.0 59.0 58.0 59.0 
60.0 58.0 59.0 60.0 
61.0 59.0 60.0 60.0 
65.0 59.0 61.0 63.0 
59.0 58.0 59.0 60.0 
59.0 58.0 59.0 60.0 
60.0 59.0 59.0 60.0 
65.0 59.0 61.0 63.0 
59.0 59.0 59.0 59.0 
59.0 58.0 59.0 60.0 
60.0 59.0 60.0 60.0 
65.0 59.0 62.0 63.0 
60.0 59.0 59.0 59.0 
60.0 60.0 59.0 60.0 
60.0 60.0 60.0 60.0 
66.0 59.0 61.0 63.0 
59.0 58.0 59.0 58.0 
59.0 58.0 60.0 59.0 
60.0 59.0 59.0 60.0 
66.0 59.0 61.0 63.0 
59.0 57.0 59.0 59.0 
59.0 58.0 60.0 60.0 
61.0 59.0 59.0 59.0 
65.0 59.0 62.0 63.0 
59.0 58.0 59.0 59.0 
59.0 58.0 59.0 60.0 
61.0 59.0 60.0 60.0 
66.0 59.0 61.0 63.0 
59.0 59.0 59.0 58.0 
60.0 58.0 59.0 61.0 
61.0 59.0 59.0 60.0 
65.0 59.0 62.0 63.0 
60.0 58.0 59.0 59.0 
60.0 58.0 59.0 60.0 
61.0 59.0 59.0 60.0 
65.0 59.0 61.0 63.0 
59.0 59.0 58.0 59.0 
59.0 58.0 59.0 59.0 
60.0 59.0 60.0 60.0 
65.0 59.0 62.0 63.0 
60.0 58.0 59.0 59.0 
59.0 59.0 59.0 60.0 
60.0 59.0 59.0 60.0 
66.0 59.0 62.0 63.0 
59.0 58.0 59.0 59.0 
59.0 58.0 60.0 59.0 
60.0 59.0 60.0 60.0 
67.0 59.0 60.0 63.0 
59.0 58.0 59.0 59.0 
60.0 58.0 59.0 60.0 
61.0 60.0 59.0 60.0 
66.0 59.0 62.0 63.0 
60.0 58.0 60.0 59.0 
59.0 59.0 60.0 60.0 
60.0 60.0 60.0 60.0 
66.0 59.0 61.0 63.0 
59.0 59.0 59.0 59.0 
59.0 59.0 59.0 60.0 
61.0 59.0 60.0 59.0 
66.0 59.0 61.0 64.0 
60.0 58.0 59.0 59.0 
60.0 58.0 59.0 60.0 
60.0 60.0 60.0 60.0 
66.0 59.0 62.0 63.0 
59.0 59.0 60.0 59.0 
60.0 59.0 60.0 60.0 
60.0 59.0 60.0 60.0 
66.0 59.0 62.0 63.0 
59.0 58.0 59.0 59.0 
58.0 59.0 59.0 60.0 
61.0 60.0 59.0 60.0 
66.0 60.0 61.0 63.0 
60.0 58.0 60.0 59.0 
60.0 59.0 59.0 60.0 
60.0 59.0 60.0 60.0 
66.0 60.0 61.0 63.0 
60.0 58.0 59.0 59.0 
61.0 59.0 59.0 60.0 
60.0 60.0 60.0 60.0 
66.0 59.0 61.0 64.0 
59.0 58.0 58.0 59.0 
59.0 59.0 59.0 60.0 
60.0 60.0 59.0 60.0 
65.0 59.0 62.0 64.0 
59.0 58.0 59.0 59.0 
60.0 58.0 60.0 60.0 
61.0 59.0 60.0 60.0 
66.0 59.0 62.0 64.0 
60.0 58.0 59.0 60.0 
59.0 58.0 59.0 60.0 
61.0 59.0 59.0 60.0 
66.0 60.0 62.0 63.0 
60.0 59.0 59.0 59.0 
59.0 59.0 59.0 60.0 
61.0 59.0 60.0 60.0 
65.0 59.0 62.0 64.0 
59.0 59.0 59.0 59.0 
60.0 59.0 60.0 60.0 
60.0 60.0 59.0 60.0 
65.0 59.0 61.0 64.0 
59.0 58.0 59.0 59.0 
60.0 59.0 58.0 60.0 
61.0 59.0 60.0 60.0 
65.0 59.0 62.0 63.0 
59.0 58.0 59.0 59.0 
60.0 59.0 60.0 60.0 
61.0 59.0 60.0 60.0 
66.0 59.0 61.0 63.0 
59.0 58.0 59.0 59.0 
59.0 59.0 59.0 60.0 
61.0 59.0 59.0 60.0 
67.0 59.0 61.0 63.0 
59.0 59.0 59.0 59.0 
61.0 58.0 60.0 60.0 
60.0 61.0 59.0 60.0 
65.0 59.0 61.0 63.0 
60.0 58.0 59.0 59.0 
60.0 59.0 59.0 60.0 
60.0 60.0 59.0 60.0 
66.0 59.0 61.0 64.0 
59.0 58.0 59.0 59.0 
59.0 59.0 60.0 60.0 
60.0 60.0 60.0 60.0 
66.0 59.0 62.0 64.0 
59.0 58.0 59.0 59.0 
59.0 59.0 59.0 61.0 
62.0 59.0 60.0 60.0 
66.0 58.0 62.0 63.0 
59.0 58.0 59.0 59.0 
59.0 59.0 60.0 60.0 
61.0 60.0 59.0 60.0 
66.0 59.0 62.0 64.0 
59.0 58.0 59.0 59.0 
60.0 59.0 59.0 60.0 
61.0 59.0 60.0 60.0 
67.0 59.0 62.0 63.0 
60.0 58.0 59.0 60.0 
59.0 59.0 59.0 60.0 
61.0 59.0 60.0 60.0 
66.0 59.0 62.0 64.0 
60.0 58.0 59.0 60.0 
59.0 59.0 60.0 60.0 
61.0 60.0 61.0 60.0 
65.0 59.0 61.0 62.0 
59.0 59.0 59.0 59.0 
59.0 59.0 59.0 60.0 
61.0 59.0 60.0 60.0 
63.0 59.0 62.0 63.0 
60.0 58.0 60.0 59.0 
58.0 59.0 60.0 60.0 
60.0 60.0 60.0 60.0 
63.0 59.0 61.0 64.0 
60.0 58.0 59.0 59.0 
59.0 60.0 60.0 60.0 
61.0 59.0 60.0 60.0 
63.0 59.0 62.0 62.0 
59.0 58.0 59.0 60.0 
60.0 59.0 61.0 59.0 
60.0 59.0 60.0 60.0 
60.0 59.0 62.0 62.0 
59.0 58.0 60.0 60.0 
59.0 60.0 60.0 59.0 
60.0 59.0 59.0 60.0 
62.0 59.0 61.0 62.0 
59.0 59.0 59.0 59.0 
59.0 59.0 59.0 60.0 
61.0 59.0 60.0 60.0 
62.0 59.0 61.0 62.0 
60.0 59.0 60.0 60.0 
60.0 60.0 60.0 60.0 
60.0 60.0 60.0 60.0 
62.0 59.0 61.0 61.0 
60.0 59.0 59.0 59.0 
60.0 59.0 59.0 59.0 
61.0 60.0 60.0 60.0 
64.0 59.0 61.0 62.0 
60.0 58.0 58.0 59.0 
59.0 59.0 60.0 60.0 
60.0 59.0 61.0 60.0 
64.0 59.0 63.0 63.0 
60.0 58.0 59.0 59.0 
60.0 59.0 59.0 60.0 
60.0 60.0 59.0 60.0 
62.0 59.0 62.0 62.0 
60.0 58.0 59.0 59.0 
60.0 59.0 60.0 59.0 
61.0 60.0 59.0 60.0 
62.0 59.0 62.0 62.0 
59.0 59.0 59.0 59.0 
60.0 59.0 60.0 60.0 
61.0 59.0 60.0 60.0 
61.0 59.0 62.0 62.0 
59.0 58.0 59.0 60.0 
59.0 59.0 60.0 60.0 
61.0 59.0 59.0 61.0 
62.0 60.0 61.0 63.0 
59.0 58.0 60.0 59.0 
59.0 59.0 61.0 59.0 
61.0 60.0 60.0 60.0 
62.0 58.0 62.0 62.0 
59.0 59.0 59.0 59.0 
60.0 58.0 60.0 59.0 
61.0 60.0 60.0 59.0 
63.0 59.0 62.0 62.0 
59.0 58.0 60.0 59.0 
60.0 59.0 60.0 60.0 
61.0 60.0 60.0 60.0 
63.0 59.0 62.0 63.0 
60.0 58.0 60.0 60.0 
60.0 59.0 60.0 59.0 
61.0 59.0 60.0 60.0 
62.0 59.0 62.0 63.0 
60.0 58.0 60.0 59.0 
61.0 59.0 59.0 60.0 
61.0 60.0 59.0 61.0 
62.0 59.0 61.0 62.0 
60.0 58.0 59.0 59.0 
60.0 60.0 60.0 59.0 
60.0 59.0 60.0 60.0 
62.0 59.0 61.0 63.0 
59.0 59.0 58.0 59.0 
61.0 58.0 61.0 61.0 
60.0 60.0 60.0 60.0 
66.0 59.0 62.0 64.0 
59.0 58.0 58.0 59.0 
61.0 59.0 61.0 63.0 
60.0 60.0 59.0 60.0 
66.0 59.0 62.0 64.0 
59.0 58.0 59.0 59.0 
61.0 59.0 61.0 63.0 
60.0 60.0 60.0 60.0 
63.0 60.0 62.0 63.0 
60.0 58.0 59.0 59.0 
62.0 59.0 62.0 64.0 
60.0 59.0 59.0 60.0 
63.0 59.0 61.0 61.0 
59.0 59.0 59.0 59.0 
62.0 60.0 62.0 64.0 
60.0 59.0 60.0 60.0 
63.0 60.0 61.0 63.0 
60.0 58.0 58.0 59.0 
62.0 60.0 62.0 65.0 
61.0 60.0 60.0 60.0 
65.0 59.0 62.0 63.0 
59.0 59.0 59.0 59.0 
63.0 59.0 63.0 65.0 
61.0 59.0 59.0 59.0 
62.0 59.0 61.0 63.0 
59.0 58.0 59.0 59.0 
62.0 59.0 63.0 64.0 
60.0 60.0 60.0 59.0 
66.0 59.0 61.0 64.0 
59.0 59.0 59.0 59.0 
63.0 59.0 62.0 65.0 
60.0 59.0 59.0 60.0 
64.0 59.0 61.0 64.0 
59.0 58.0 59.0 59.0 
63.0 59.0 62.0 65.0 
61.0 59.0 60.0 60.0 
65.0 59.0 63.0 65.0 
59.0 59.0 59.0 59.0 
62.0 59.0 62.0 65.0 
60.0 59.0 59.0 60.0 
62.0 59.0 62.0 64.0 
61.0 58.0 59.0 60.0 
63.0 59.0 62.0 65.0 
60.0 60.0 59.0 59.0 
65.0 59.0 64.0 66.0 
59.0 59.0 59.0 59.0 
63.0 60.0 61.0 65.0 
60.0 59.0 60.0 60.0 
67.0 59.0 64.0 67.0 
60.0 58.0 60.0 59.0 
63.0 59.0 61.0 65.0 
60.0 60.0 59.0 60.0 
68.0 60.0 64.0 67.0 
59.0 58.0 59.0 59.0 
63.0 59.0 63.0 65.0 
60.0 60.0 60.0 59.0 
67.0 59.0 63.0 66.0 
59.0 59.0 59.0 59.0 
63.0 59.0 61.0 65.0 
61.0 59.0 59.0 61.0 
68.0 59.0 64.0 66.0 
59.0 58.0 58.0 59.0 
62.0 59.0 62.0 65.0 
61.0 60.0 60.0 61.0 
70.0 60.0 64.0 66.0 
59.0 59.0 59.0 59.0 
63.0 58.0 63.0 65.0 
61.0 60.0 60.0 61.0 
69.0 59.0 65.0 66.0 
60.0 58.0 59.0 59.0 
62.0 59.0 61.0 65.0 
61.0 60.0 60.0 61.0 
68.0 59.0 65.0 67.0 
59.0 58.0 59.0 59.0 
63.0 59.0 63.0 64.0 
60.0 60.0 60.0 61.0 
70.0 59.0 64.0 66.0 
59.0 58.0 59.0 59.0 
62.0 60.0 62.0 65.0 
60.0 60.0 60.0 60.0 
68.0 59.0 64.0 67.0 
59.0 59.0 59.0 60.0 
62.0 59.0 62.0 64.0 
60.0 60.0 60.0 61.0 
66.0 59.0 64.0 66.0 
60.0 59.0 62.0 63.0 
63.0 59.0 61.0 65.0 
61.0 59.0 60.0 61.0 
64.0 59.0 63.0 65.0 
63.0 59.0 61.0 65.0 
63.0 59.0 61.0 65.0 
62.0 59.0 60.0 61.0 
66.0 59.0 62.0 64.0 
63.0 59.0 62.0 65.0 
63.0 59.0 62.0 64.0 
61.0 60.0 60.0 61.0 
72.0 59.0 64.0 66.0 
63.0 59.0 63.0 64.0 
62.0 59.0 61.0 65.0 
60.0 59.0 60.0 61.0 
66.0 59.0 62.0 64.0 
63.0 58.0 63.0 66.0 
62.0 59.0 61.0 64.0 
61.0 59.0 60.0 60.0 
71.0 59.0 63.0 65.0 
62.0 58.0 62.0 64.0 
63.0 59.0 61.0 65.0 
61.0 59.0 60.0 60.0 
69.0 60.0 64.0 65.0 
63.0 59.0 62.0 65.0 
63.0 59.0 62.0 65.0 
60.0 60.0 60.0 61.0 
68.0 59.0 64.0 66.0 
62.0 58.0 61.0 64.0 
63.0 59.0 62.0 65.0 
60.0 60.0 60.0 61.0 
67.0 58.0 63.0 70.0 
64.0 59.0 61.0 66.0 
63.0 59.0 60.0 64.0 
61.0 60.0 60.0 62.0 
68.0 59.0 63.0 73.0 
63.0 59.0 61.0 65.0 
62.0 60.0 60.0 63.0 
61.0 60.0 60.0 61.0 
67.0 59.0 65.0 73.0 
63.0 59.0 60.0 65.0 
59.0 59.0 59.0 61.0 
61.0 59.0 61.0 60.0 
80.0 59.0 64.0 76.0 
63.0 58.0 61.0 65.0 
59.0 60.0 59.0 59.0 
62.0 60.0 60.0 62.0 
67.0 59.0 64.0 75.0 
64.0 59.0 60.0 66.0 
59.0 59.0 59.0 60.0 
61.0 60.0 60.0 61.0 
66.0 59.0 64.0 74.0 
64.0 59.0 60.0 66.0 
60.0 59.0 60.0 59.0 
60.0 60.0 60.0 60.0 
67.0 59.0 64.0 75.0 
64.0 59.0 60.0 67.0 
59.0 60.0 59.0 59.0 
61.0 59.0 61.0 60.0 
72.0 59.0 62.0 76.0 
64.0 58.0 59.0 67.0 
58.0 59.0 60.0 60.0 
61.0 59.0 61.0 60.0 
72.0 59.0 64.0 77.0 
64.0 59.0 59.0 67.0 
59.0 59.0 59.0 59.0 
60.0 59.0 60.0 60.0 
74.0 59.0 62.0 77.0 
64.0 58.0 60.0 66.0 
59.0 58.0 60.0 60.0 
60.0 60.0 60.0 60.0 
75.0 59.0 61.0 77.0 
63.0 58.0 60.0 67.0 
59.0 59.0 60.0 59.0 
60.0 60.0 60.0 60.0 
76.0 59.0 61.0 78.0 
64.0 58.0 59.0 66.0 
59.0 59.0 61.0 59.0 
61.0 60.0 60.0 61.0 
75.0 60.0 60.0 78.0 
63.0 58.0 59.0 66.0 
59.0 59.0 59.0 59.0 
61.0 60.0 60.0 59.0 
71.0 59.0 60.0 77.0 
64.0 58.0 60.0 65.0 
59.0 59.0 60.0 60.0 
61.0 60.0 60.0 60.0 
69.0 59.0 61.0 76.0 
64.0 58.0 59.0 65.0 
59.0 60.0 60.0 60.0 
61.0 60.0 60.0 60.0 
73.0 59.0 60.0 77.0 
64.0 58.0 59.0 65.0 
61.0 59.0 60.0 63.0 
60.0 60.0 60.0 60.0 
72.0 59.0 61.0 76.0 
64.0 58.0 59.0 66.0 
62.0 59.0 60.0 64.0 
60.0 60.0 59.0 60.0 
71.0 59.0 60.0 76.0 
64.0 58.0 59.0 67.0 
64.0 58.0 61.0 64.0 
62.0 59.0 60.0 61.0 
74.0 59.0 61.0 76.0 
63.0 58.0 59.0 65.0 
62.0 59.0 60.0 64.0 
61.0 60.0 60.0 61.0 
73.0 59.0 63.0 76.0 
63.0 58.0 59.0 65.0 
62.0 59.0 60.0 64.0 
61.0 60.0 60.0 61.0 
71.0 59.0 62.0 76.0 
63.0 59.0 59.0 64.0 
64.0 59.0 60.0 65.0 
61.0 60.0 59.0 61.0 
69.0 59.0 63.0 75.0 
63.0 59.0 60.0 64.0 
64.0 59.0 61.0 65.0 
61.0 60.0 60.0 61.0 
71.0 59.0 63.0 75.0 
63.0 58.0 60.0 65.0 
64.0 59.0 60.0 65.0 
62.0 59.0 60.0 61.0 
69.0 59.0 62.0 75.0 
63.0 59.0 60.0 65.0 
65.0 59.0 61.0 65.0 
61.0 60.0 60.0 61.0 
68.0 60.0 62.0 73.0 
65.0 58.0 59.0 67.0 
64.0 59.0 61.0 65.0 
61.0 60.0 60.0 62.0 
73.0 59.0 63.0 74.0 
65.0 59.0 60.0 67.0 
64.0 60.0 60.0 65.0 
61.0 60.0 60.0 62.0 
65.0 66.0 62.0 71.0 
62.0 64.0 60.0 66.0 
63.0 63.0 61.0 64.0 
61.0 61.0 61.0 60.0 
69.0 59.0 61.0 75.0 
65.0 58.0 59.0 68.0 
65.0 59.0 60.0 65.0 
62.0 60.0 60.0 62.0 
71.0 68.0 61.0 72.0 
63.0 66.0 59.0 67.0 
64.0 65.0 61.0 66.0 
60.0 61.0 60.0 62.0 
75.0 59.0 62.0 74.0 
66.0 59.0 60.0 68.0 
65.0 59.0 60.0 66.0 
63.0 60.0 61.0 64.0 
71.0 67.0 62.0 71.0 
62.0 63.0 59.0 65.0 
62.0 65.0 60.0 66.0 
62.0 64.0 60.0 64.0 
70.0 67.0 62.0 70.0 
62.0 63.0 59.0 65.0 
64.0 65.0 61.0 65.0 
62.0 63.0 59.0 63.0 
70.0 67.0 61.0 70.0 
62.0 63.0 59.0 65.0 
65.0 68.0 60.0 67.0 
62.0 64.0 60.0 63.0 
71.0 68.0 61.0 70.0 
62.0 63.0 59.0 65.0 
65.0 67.0 60.0 66.0 
62.0 63.0 60.0 62.0 
71.0 69.0 60.0 71.0 
62.0 63.0 59.0 65.0 
65.0 67.0 60.0 67.0 
62.0 64.0 61.0 63.0 
71.0 68.0 60.0 72.0 
61.0 64.0 59.0 65.0 
66.0 68.0 60.0 67.0 
63.0 65.0 60.0 63.0 
72.0 68.0 60.0 72.0 
62.0 64.0 59.0 65.0 
68.0 71.0 59.0 70.0 
58.0 59.0 61.0 59.0 
72.0 68.0 61.0 73.0 
61.0 64.0 59.0 65.0 
69.0 72.0 60.0 70.0 
57.0 58.0 61.0 59.0 
69.0 68.0 60.0 74.0 
61.0 63.0 60.0 65.0 
69.0 73.0 60.0 70.0 
58.0 58.0 60.0 59.0 
69.0 68.0 60.0 73.0 
62.0 63.0 59.0 65.0 
70.0 72.0 60.0 70.0 
58.0 59.0 60.0 59.0 
71.0 69.0 60.0 74.0 
62.0 63.0 60.0 65.0 
69.0 72.0 60.0 70.0 
58.0 59.0 60.0 59.0 
69.0 68.0 60.0 74.0 
63.0 64.0 59.0 66.0 
71.0 72.0 60.0 70.0 
58.0 58.0 61.0 59.0 
69.0 69.0 60.0 74.0 
62.0 65.0 59.0 66.0 
70.0 72.0 60.0 70.0 
58.0 58.0 60.0 59.0 
68.0 69.0 60.0 74.0 
63.0 65.0 59.0 66.0 
70.0 72.0 61.0 68.0 
58.0 59.0 60.0 60.0 
68.0 69.0 62.0 74.0 
63.0 66.0 60.0 66.0 
70.0 72.0 60.0 69.0 
58.0 58.0 61.0 59.0 
69.0 69.0 63.0 75.0 
63.0 66.0 59.0 68.0 
69.0 73.0 61.0 69.0 
58.0 59.0 59.0 59.0 
69.0 69.0 65.0 75.0 
63.0 65.0 60.0 67.0 
70.0 73.0 61.0 70.0 
58.0 58.0 60.0 58.0 
70.0 69.0 66.0 77.0 
63.0 64.0 60.0 67.0 
70.0 73.0 60.0 70.0 
58.0 58.0 60.0 59.0 
70.0 69.0 68.0 76.0 
64.0 65.0 61.0 67.0 
71.0 73.0 61.0 71.0 
58.0 59.0 60.0 60.0 
68.0 70.0 68.0 77.0 
63.0 64.0 60.0 67.0 
71.0 69.0 62.0 69.0 
64.0 65.0 61.0 63.0 
69.0 68.0 68.0 78.0 
62.0 64.0 60.0 67.0 
67.0 69.0 61.0 68.0 
64.0 65.0 60.0 65.0 
69.0 69.0 74.0 78.0 
62.0 63.0 63.0 66.0 
66.0 69.0 79.0 68.0 
65.0 66.0 69.0 64.0 
64.0 68.0 77.0 79.0 
61.0 63.0 65.0 66.0 
66.0 67.0 82.0 68.0 
65.0 67.0 74.0 65.0 
67.0 68.0 83.0 79.0 
61.0 62.0 65.0 65.0 
67.0 68.0 87.0 69.0 
66.0 66.0 77.0 64.0 
66.0 68.0 86.0 80.0 
62.0 64.0 70.0 66.0 
62.0 63.0 72.0 64.0 
67.0 67.0 85.0 67.0 
63.0 67.0 95.0 77.0 
61.0 62.0 67.0 64.0 
67.0 69.0 101.0 68.0 
65.0 66.0 81.0 65.0 
67.0 59.0 106.0 80.0 
63.0 58.0 71.0 65.0 
72.0 59.0 119.0 74.0 
69.0 60.0 92.0 67.0 
67.0 58.0 135.0 79.0 
62.0 58.0 71.0 64.0 
72.0 59.0 146.0 74.0 
68.0 59.0 103.0 68.0 
68.0 59.0 160.0 81.0 
61.0 59.0 76.0 64.0 
73.0 59.0 196.0 77.0 
68.0 60.0 116.0 68.0 
68.0 59.0 185.0 83.0 
62.0 59.0 80.0 63.0 
74.0 59.0 249.0 80.0 
67.0 60.0 138.0 68.0 
69.0 59.0 205.0 85.0 
61.0 58.0 85.0 64.0 
77.0 62.0 315.0 85.0 
68.0 60.0 154.0 69.0 
69.0 60.0 235.0 84.0 
61.0 58.0 79.0 62.0 
77.0 61.0 355.0 89.0 
66.0 60.0 158.0 69.0 
72.0 60.0 284.0 90.0 
61.0 59.0 86.0 63.0 
76.0 62.0 350.0 91.0 
66.0 59.0 158.0 70.0 
70.0 60.0 250.0 85.0 
60.0 59.0 80.0 63.0 
79.0 62.0 404.0 98.0 
65.0 59.0 158.0 71.0 
71.0 60.0 278.0 93.0 
60.0 58.0 77.0 63.0 
81.0 64.0 449.0 109.0 
66.0 60.0 153.0 71.0 
71.0 61.0 294.0 97.0 
60.0 59.0 78.0 62.0 
81.0 63.0 432.0 110.0 
64.0 59.0 146.0 71.0 
69.0 60.0 235.0 92.0 
60.0 59.0 79.0 62.0 
83.0 63.0 459.0 117.0 
64.0 60.0 147.0 71.0 
74.0 61.0 325.0 111.0 
60.0 58.0 79.0 63.0 
80.0 63.0 406.0 111.0 
64.0 60.0 135.0 69.0 
77.0 61.0 374.0 128.0 
60.0 59.0 69.0 60.0 
79.0 62.0 380.0 107.0 
64.0 59.0 127.0 69.0 
76.0 62.0 355.0 130.0 
60.0 58.0 69.0 61.0 
81.0 62.0 405.0 118.0 
64.0 60.0 129.0 69.0 
74.0 61.0 320.0 130.0 
59.0 59.0 68.0 61.0 
80.0 61.0 371.0 121.0 
64.0 60.0 117.0 69.0 
76.0 61.0 333.0 151.0 
59.0 58.0 68.0 61.0 
81.0 63.0 400.0 130.0 
63.0 60.0 102.0 67.0 
75.0 60.0 310.0 164.0 
59.0 59.0 68.0 60.0 
84.0 63.0 398.0 136.0 
62.0 60.0 102.0 66.0 
78.0 62.0 365.0 191.0 
59.0 58.0 69.0 61.0 
83.0 61.0 337.0 140.0 
61.0 59.0 85.0 63.0 
76.0 61.0 309.0 193.0 
59.0 58.0 70.0 61.0 
86.0 60.0 311.0 198.0 
61.0 60.0 81.0 65.0 
80.0 61.0 324.0 238.0 
59.0 58.0 68.0 61.0 
83.0 59.0 255.0 207.0 
60.0 59.0 77.0 67.0 
81.0 60.0 272.0 254.0 
59.0 58.0 70.0 65.0 
84.0 60.0 215.0 240.0 
60.0 60.0 73.0 67.0 
91.0 60.0 253.0 317.0 
59.0 59.0 66.0 58.0 
94.0 60.0 222.0 336.0 
60.0 60.0 69.0 64.0 
91.0 61.0 244.0 369.0 
59.0 58.0 66.0 58.0 
92.0 62.0 174.0 341.0 
60.0 60.0 65.0 66.0 
95.0 62.0 224.0 392.0 
59.0 59.0 66.0 60.0 
91.0 60.0 159.0 340.0 
60.0 60.0 67.0 69.0 
94.0 61.0 194.0 384.0 
59.0 59.0 65.0 60.0 
92.0 61.0 137.0 361.0 
61.0 59.0 68.0 70.0 
92.0 62.0 179.0 357.0 
59.0 59.0 65.0 60.0 
91.0 61.0 130.0 385.0 
60.0 59.0 64.0 73.0 
94.0 61.0 172.0 365.0 
58.0 60.0 63.0 55.0 
101.0 62.0 133.0 450.0 
60.0 60.0 64.0 69.0 
96.0 62.0 159.0 371.0 
59.0 59.0 62.0 53.0 
102.0 63.0 125.0 452.0 
61.0 60.0 62.0 69.0 
91.0 60.0 120.0 324.0 
59.0 59.0 64.0 58.0 
93.0 61.0 105.0 373.0 
60.0 60.0 61.0 66.0 
98.0 62.0 124.0 389.0 
59.0 59.0 63.0 57.0 
95.0 61.0 102.0 378.0 
59.0 60.0 60.0 57.0 
100.0 61.0 116.0 371.0 
59.0 58.0 64.0 60.0 
97.0 63.0 99.0 389.0 
58.0 60.0 60.0 56.0 
102.0 61.0 115.0 370.0 
59.0 59.0 64.0 58.0 
96.0 60.0 95.0 361.0 
58.0 59.0 60.0 53.0 
97.0 60.0 107.0 325.0 
60.0 59.0 65.0 63.0 
98.0 60.0 90.0 338.0 
58.0 60.0 60.0 54.0 
99.0 60.0 102.0 309.0 
61.0 59.0 65.0 67.0 
81.0 60.0 85.0 294.0 
58.0 60.0 59.0 53.0 
127.0 63.0 112.0 398.0 
61.0 58.0 65.0 66.0 
85.0 60.0 82.0 287.0 
58.0 60.0 59.0 51.0 
124.0 60.0 104.0 364.0 
60.0 59.0 65.0 65.0 
101.0 60.0 86.0 319.0 
56.0 60.0 60.0 49.0 
123.0 61.0 100.0 355.0 
60.0 58.0 64.0 64.0 
109.0 59.0 84.0 320.0 
56.0 59.0 59.0 47.0 
134.0 60.0 96.0 333.0 
59.0 58.0 64.0 64.0 
122.0 60.0 82.0 316.0 
55.0 60.0 59.0 46.0 
146.0 61.0 92.0 319.0 
59.0 58.0 64.0 64.0 
122.0 60.0 81.0 309.0 
55.0 60.0 59.0 48.0 
144.0 60.0 89.0 297.0 
60.0 59.0 64.0 66.0 
123.0 59.0 79.0 279.0 
55.0 60.0 59.0 47.0 
162.0 309.0 87.0 235.0 
60.0 58.0 64.0 67.0 
115.0 235.0 77.0 235.0 
54.0 60.0 60.0 50.0 
143.0 363.0 86.0 241.0 
60.0 58.0 63.0 66.0 
120.0 277.0 75.0 221.0 
55.0 60.0 59.0 50.0 
150.0 393.0 86.0 234.0 
61.0 58.0 64.0 66.0 
118.0 278.0 73.0 197.0 
55.0 60.0 59.0 50.0 
151.0 353.0 84.0 221.0 
61.0 59.0 63.0 68.0 
103.0 226.0 68.0 145.0 
55.0 61.0 59.0 53.0 
149.0 404.0 82.0 196.0 
60.0 62.0 62.0 66.0 
118.0 346.0 70.0 144.0 
56.0 48.0 60.0 56.0 
167.0 463.0 81.0 200.0 
60.0 64.0 62.0 67.0 
107.0 310.0 68.0 135.0 
56.0 48.0 60.0 57.0 
171.0 467.0 80.0 195.0 
60.0 63.0 62.0 66.0 
107.0 298.0 66.0 131.0 
57.0 48.0 60.0 58.0 
174.0 471.0 81.0 192.0 
60.0 64.0 62.0 66.0 
100.0 294.0 66.0 126.0 
57.0 49.0 60.0 58.0 
173.0 426.0 77.0 168.0 
61.0 68.0 62.0 70.0 
106.0 311.0 66.0 124.0 
57.0 51.0 60.0 59.0 
198.0 524.0 81.0 181.0 
62.0 71.0 62.0 69.0 
111.0 315.0 66.0 116.0 
57.0 49.0 60.0 57.0 
225.0 519.0 80.0 178.0 
63.0 59.0 62.0 72.0 
120.0 281.0 65.0 112.0 
56.0 60.0 61.0 59.0 
238.0 506.0 69.0 182.0 
65.0 75.0 60.0 72.0 
113.0 255.0 62.0 105.0 
53.0 42.0 59.0 56.0 
302.0 566.0 71.0 185.0 
66.0 75.0 60.0 72.0 
116.0 233.0 61.0 104.0 
52.0 42.0 60.0 56.0 
312.0 483.0 72.0 171.0 
68.0 75.0 60.0 72.0 
248.0 366.0 64.0 124.0 
48.0 42.0 60.0 56.0 
321.0 408.0 72.0 153.0 
69.0 76.0 60.0 72.0 
201.0 315.0 63.0 113.0 
49.0 43.0 61.0 56.0 
372.0 424.0 75.0 148.0 
72.0 76.0 61.0 71.0 
174.0 245.0 63.0 101.0 
48.0 45.0 60.0 56.0 
386.0 374.0 74.0 132.0 
75.0 77.0 61.0 70.0 
175.0 213.0 61.0 91.0 
47.0 47.0 60.0 57.0 
417.0 330.0 73.0 124.0 
78.0 76.0 60.0 70.0 
169.0 198.0 61.0 88.0 
45.0 48.0 59.0 58.0 
412.0 291.0 74.0 117.0 
78.0 74.0 61.0 70.0 
199.0 178.0 62.0 88.0 
46.0 49.0 59.0 58.0 
396.0 242.0 74.0 110.0 
84.0 75.0 61.0 69.0 
279.0 181.0 64.0 91.0 
42.0 50.0 59.0 59.0 
384.0 201.0 74.0 102.0 
88.0 73.0 61.0 70.0 
307.0 161.0 63.0 89.0 
42.0 52.0 60.0 58.0 
392.0 183.0 80.0 99.0 
89.0 72.0 61.0 69.0 
259.0 126.0 63.0 81.0 
43.0 54.0 59.0 58.0 
382.0 158.0 88.0 92.0 
91.0 70.0 64.0 68.0 
267.0 110.0 67.0 79.0 
44.0 56.0 60.0 59.0 
393.0 153.0 92.0 91.0 
92.0 69.0 65.0 68.0 
261.0 109.0 68.0 78.0 
75.0 64.0 60.0 64.0 
368.0 144.0 95.0 90.0 
90.0 68.0 67.0 67.0 
270.0 102.0 68.0 77.0 
82.0 65.0 61.0 64.0 
459.0 153.0 106.0 93.0 
92.0 67.0 70.0 66.0 
229.0 93.0 85.0 75.0 
74.0 64.0 65.0 64.0 
439.0 142.0 123.0 91.0 
86.0 66.0 73.0 66.0 
302.0 103.0 103.0 80.0 
70.0 63.0 71.0 64.0 
459.0 142.0 144.0 92.0 
85.0 64.0 75.0 66.0 
176.0 96.0 106.0 78.0 
72.0 64.0 73.0 64.0 
438.0 136.0 152.0 91.0 
82.0 66.0 81.0 67.0 
82.0 64.0 74.0 65.0 
73.0 64.0 75.0 64.0 
381.0 122.0 191.0 90.0 
88.0 66.0 81.0 66.0 
106.0 69.0 77.0 66.0 
118.0 71.0 84.0 68.0 
361.0 118.0 203.0 90.0 
96.0 66.0 82.0 66.0 
114.0 71.0 85.0 68.0 
108.0 70.0 88.0 69.0 
338.0 111.0 211.0 88.0 
79.0 64.0 84.0 65.0 
191.0 88.0 149.0 81.0 
93.0 69.0 98.0 68.0 
317.0 106.0 222.0 88.0 
76.0 63.0 88.0 65.0 
175.0 87.0 220.0 86.0 
79.0 66.0 122.0 68.0 
289.0 100.0 227.0 89.0 
72.0 62.0 93.0 66.0 
131.0 84.0 316.0 93.0 
72.0 66.0 162.0 71.0 
262.0 96.0 241.0 90.0 
71.0 63.0 100.0 66.0 
139.0 93.0 442.0 109.0 
73.0 67.0 193.0 75.0 
236.0 94.0 229.0 89.0 
67.0 62.0 97.0 65.0 
112.0 89.0 482.0 113.0 
70.0 67.0 214.0 77.0 
200.0 88.0 241.0 90.0 
64.0 61.0 95.0 65.0 
107.0 92.0 537.0 123.0 
69.0 68.0 220.0 78.0 
180.0 84.0 272.0 96.0 
63.0 60.0 93.0 65.0 
105.0 92.0 556.0 128.0 
68.0 67.0 223.0 81.0 
149.0 82.0 288.0 100.0 
61.0 60.0 98.0 65.0 
94.0 87.0 604.0 137.0 
68.0 67.0 224.0 81.0 
140.0 82.0 313.0 106.0 
62.0 61.0 100.0 66.0 
91.0 86.0 603.0 142.0 
67.0 67.0 220.0 83.0 
101.0 75.0 289.0 107.0 
61.0 61.0 100.0 67.0 
87.0 88.0 610.0 157.0 
66.0 66.0 219.0 85.0 
101.0 80.0 354.0 132.0 
61.0 61.0 99.0 68.0 
89.0 89.0 622.0 162.0 
66.0 67.0 209.0 86.0 
100.0 80.0 343.0 136.0 
61.0 61.0 98.0 67.0 
87.0 90.0 604.0 171.0 
65.0 67.0 213.0 89.0 
94.0 80.0 350.0 147.0 
61.0 60.0 93.0 67.0 
88.0 91.0 631.0 187.0 
66.0 67.0 210.0 92.0 
96.0 82.0 364.0 150.0 
60.0 60.0 89.0 66.0 
88.0 92.0 627.0 193.0 
67.0 69.0 227.0 96.0 
100.0 90.0 402.0 204.0 
60.0 61.0 89.0 67.0 
89.0 93.0 605.0 202.0 
67.0 68.0 222.0 100.0 
97.0 95.0 359.0 236.0 
60.0 60.0 85.0 68.0 
89.0 99.0 628.0 253.0 
66.0 69.0 217.0 109.0 
97.0 97.0 348.0 259.0 
60.0 61.0 84.0 69.0 
90.0 103.0 617.0 285.0 
66.0 69.0 211.0 113.0 
95.0 101.0 350.0 283.0 
60.0 60.0 80.0 68.0 
93.0 114.0 626.0 347.0 
65.0 71.0 206.0 122.0 
100.0 105.0 326.0 281.0 
60.0 61.0 81.0 71.0 
98.0 119.0 582.0 408.0 
65.0 71.0 192.0 131.0 
105.0 113.0 365.0 324.0 
60.0 60.0 74.0 68.0 
101.0 131.0 569.0 470.0 
65.0 70.0 166.0 133.0 
109.0 118.0 371.0 334.0 
60.0 61.0 74.0 70.0 
106.0 144.0 546.0 561.0 
66.0 72.0 170.0 150.0 
110.0 123.0 344.0 351.0 
59.0 60.0 74.0 68.0 
104.0 150.0 521.0 592.0 
65.0 75.0 161.0 157.0 
114.0 122.0 335.0 391.0 
60.0 59.0 74.0 67.0 
106.0 150.0 481.0 617.0 
66.0 65.0 141.0 145.0 
114.0 139.0 310.0 419.0 
61.0 59.0 74.0 69.0 
106.0 152.0 448.0 603.0 
67.0 59.0 128.0 132.0 
135.0 142.0 289.0 474.0 
61.0 62.0 73.0 68.0 
104.0 158.0 405.0 615.0 
67.0 60.0 120.0 128.0 
116.0 152.0 285.0 467.0 
61.0 62.0 73.0 67.0 
102.0 165.0 378.0 597.0 
65.0 60.0 113.0 120.0 
129.0 64.0 263.0 440.0 
62.0 58.0 71.0 66.0 
104.0 178.0 367.0 635.0 
63.0 70.0 108.0 115.0 
130.0 62.0 231.0 399.0 
61.0 59.0 71.0 65.0 
106.0 191.0 355.0 658.0 
62.0 70.0 105.0 109.0 
133.0 65.0 238.0 470.0 
62.0 58.0 72.0 64.0 
133.0 64.0 330.0 631.0 
62.0 72.0 102.0 104.0 
133.0 63.0 225.0 446.0 
61.0 58.0 71.0 63.0 
134.0 64.0 316.0 631.0 
62.0 60.0 101.0 97.0 
135.0 63.0 207.0 413.0 
61.0 58.0 72.0 64.0 
138.0 63.0 317.0 682.0 
64.0 60.0 98.0 97.0 
145.0 64.0 216.0 464.0 
61.0 58.0 71.0 63.0 
143.0 64.0 316.0 661.0 
65.0 60.0 96.0 94.0 
144.0 63.0 199.0 455.0 
60.0 58.0 71.0 60.0 
141.0 64.0 297.0 639.0 
65.0 60.0 101.0 113.0 
155.0 64.0 198.0 467.0 
59.0 59.0 71.0 59.0 
143.0 63.0 292.0 643.0 
65.0 60.0 101.0 112.0 
157.0 64.0 185.0 471.0 
61.0 59.0 72.0 60.0 
145.0 64.0 275.0 622.0 
66.0 60.0 99.0 114.0 
155.0 64.0 172.0 462.0 
61.0 59.0 72.0 61.0 
145.0 64.0 255.0 602.0 
65.0 59.0 91.0 109.0 
157.0 63.0 162.0 439.0 
60.0 58.0 70.0 60.0 
153.0 63.0 233.0 631.0 
64.0 59.0 85.0 104.0 
164.0 63.0 151.0 452.0 
60.0 59.0 69.0 61.0 
164.0 63.0 221.0 624.0 
65.0 59.0 85.0 104.0 
177.0 65.0 148.0 489.0 
60.0 58.0 68.0 60.0 
167.0 64.0 191.0 599.0 
66.0 60.0 75.0 105.0 
181.0 65.0 148.0 513.0 
60.0 59.0 68.0 60.0 
167.0 65.0 175.0 588.0 
64.0 60.0 73.0 96.0 
178.0 64.0 137.0 485.0 
58.0 59.0 66.0 57.0 
175.0 549.0 160.0 531.0 
64.0 80.0 69.0 89.0 
170.0 505.0 123.0 426.0 
59.0 54.0 65.0 57.0 
165.0 559.0 145.0 502.0 
65.0 89.0 69.0 94.0 
177.0 507.0 116.0 385.0 
59.0 53.0 64.0 58.0 
169.0 559.0 136.0 473.0 
64.0 83.0 67.0 83.0 
171.0 516.0 111.0 370.0 
59.0 53.0 64.0 59.0 
176.0 586.0 127.0 465.0 
65.0 89.0 67.0 85.0 
178.0 517.0 105.0 345.0 
59.0 53.0 63.0 59.0 
184.0 586.0 117.0 434.0 
68.0 98.0 66.0 87.0 
198.0 513.0 102.0 321.0 
58.0 52.0 63.0 59.0 
183.0 567.0 112.0 397.0 
68.0 100.0 66.0 86.0 
222.0 554.0 100.0 314.0 
58.0 50.0 63.0 60.0 
187.0 565.0 104.0 370.0 
66.0 85.0 64.0 74.0 
218.0 527.0 100.0 309.0 
57.0 49.0 61.0 57.0 
207.0 580.0 103.0 359.0 
65.0 63.0 65.0 76.0 
242.0 536.0 97.0 288.0 
54.0 59.0 59.0 53.0 
203.0 546.0 100.0 336.0 
66.0 60.0 63.0 75.0 
278.0 536.0 95.0 273.0 
53.0 58.0 60.0 54.0 
232.0 514.0 98.0 316.0 
67.0 59.0 63.0 75.0 
336.0 573.0 95.0 264.0 
52.0 58.0 60.0 55.0 
269.0 545.0 96.0 295.0 
69.0 60.0 63.0 73.0 
368.0 557.0 95.0 250.0 
51.0 59.0 59.0 55.0 
322.0 587.0 96.0 297.0 
64.0 60.0 62.0 68.0 
398.0 535.0 91.0 241.0 
51.0 58.0 60.0 56.0 
358.0 582.0 94.0 286.0 
62.0 60.0 62.0 66.0 
433.0 540.0 92.0 235.0 
53.0 59.0 60.0 57.0 
411.0 575.0 92.0 277.0 
67.0 60.0 62.0 69.0 
474.0 579.0 92.0 236.0 
55.0 59.0 59.0 57.0 
439.0 544.0 93.0 262.0 
75.0 60.0 62.0 71.0 
456.0 528.0 89.0 213.0 
55.0 60.0 59.0 57.0 
493.0 528.0 92.0 245.0 
76.0 59.0 62.0 70.0 
473.0 497.0 87.0 201.0 
52.0 59.0 59.0 57.0 
534.0 513.0 91.0 226.0 
77.0 60.0 61.0 68.0 
502.0 515.0 90.0 199.0 
56.0 59.0 60.0 58.0 
558.0 488.0 91.0 206.0 
69.0 60.0 61.0 66.0 
507.0 482.0 87.0 187.0 
57.0 59.0 59.0 59.0 
610.0 492.0 86.0 200.0 
70.0 60.0 62.0 67.0 
500.0 452.0 85.0 180.0 
66.0 59.0 60.0 61.0 
607.0 458.0 85.0 186.0 
83.0 60.0 62.0 70.0 
521.0 449.0 86.0 178.0 
66.0 59.0 60.0 62.0 
597.0 412.0 84.0 182.0 
76.0 60.0 60.0 63.0 
537.0 440.0 85.0 172.0 
63.0 58.0 60.0 61.0 
625.0 392.0 82.0 175.0 
76.0 60.0 60.0 63.0 
537.0 393.0 83.0 161.0 
66.0 59.0 60.0 61.0 
639.0 382.0 81.0 163.0 
76.0 60.0 60.0 62.0 
585.0 376.0 81.0 153.0 
55.0 59.0 60.0 60.0 
666.0 357.0 80.0 149.0 
77.0 60.0 61.0 62.0 
572.0 347.0 82.0 141.0 
62.0 59.0 59.0 61.0 
653.0 334.0 80.0 143.0 
79.0 60.0 60.0 63.0 
577.0 302.0 79.0 126.0 
42.0 58.0 59.0 58.0 
676.0 323.0 80.0 138.0 
83.0 60.0 61.0 62.0 
581.0 271.0 80.0 120.0 
61.0 59.0 60.0 60.0 
662.0 301.0 80.0 135.0 
84.0 60.0 61.0 63.0 
584.0 250.0 78.0 120.0 
59.0 59.0 59.0 60.0 
672.0 279.0 79.0 135.0 
67.0 60.0 60.0 61.0 
539.0 232.0 80.0 109.0 
57.0 59.0 59.0 60.0 
647.0 263.0 77.0 115.0 
81.0 60.0 60.0 63.0 
537.0 215.0 79.0 105.0 
38.0 59.0 59.0 57.0 
610.0 222.0 77.0 108.0 
83.0 60.0 61.0 63.0 
529.0 191.0 77.0 100.0 
39.0 58.0 59.0 57.0 
550.0 197.0 78.0 104.0 
84.0 60.0 61.0 62.0 
528.0 184.0 76.0 98.0 
39.0 59.0 59.0 57.0 
545.0 185.0 78.0 102.0 
84.0 61.0 61.0 63.0 
530.0 181.0 77.0 99.0 
40.0 58.0 59.0 57.0 
563.0 178.0 76.0 100.0 
83.0 60.0 61.0 63.0 
510.0 172.0 76.0 96.0 
39.0 58.0 59.0 57.0 
551.0 169.0 77.0 100.0 
81.0 59.0 61.0 63.0 
487.0 165.0 75.0 93.0 
39.0 58.0 59.0 57.0 
525.0 167.0 76.0 99.0 
85.0 60.0 60.0 63.0 
429.0 149.0 72.0 88.0 
40.0 58.0 59.0 57.0 
497.0 147.0 77.0 94.0 
82.0 60.0 61.0 62.0 
376.0 130.0 71.0 83.0 
42.0 58.0 59.0 57.0 
466.0 133.0 74.0 92.0 
79.0 60.0 60.0 63.0 
342.0 124.0 69.0 81.0 
42.0 58.0 59.0 58.0 
431.0 122.0 73.0 89.0 
67.0 60.0 60.0 63.0 
332.0 120.0 69.0 81.0 
44.0 59.0 60.0 57.0 
356.0 110.0 70.0 83.0 
65.0 60.0 61.0 60.0 
324.0 117.0 69.0 80.0 
45.0 59.0 58.0 57.0 
311.0 101.0 69.0 82.0 
56.0 60.0 60.0 60.0 
307.0 113.0 69.0 80.0 
47.0 58.0 59.0 58.0 
262.0 91.0 67.0 79.0 
54.0 60.0 61.0 60.0 
302.0 112.0 68.0 78.0 
47.0 59.0 59.0 58.0 
232.0 87.0 67.0 77.0 
58.0 60.0 60.0 61.0 
295.0 103.0 68.0 79.0 
48.0 59.0 59.0 58.0 
201.0 76.0 67.0 78.0 
46.0 61.0 60.0 58.0 
285.0 94.0 68.0 79.0 
49.0 59.0 59.0 58.0 
172.0 60.0 66.0 80.0 
48.0 60.0 60.0 59.0 
276.0 92.0 68.0 78.0 
50.0 59.0 59.0 59.0 
151.0 60.0 65.0 75.0 
49.0 60.0 60.0 58.0 
267.0 60.0 69.0 89.0 
50.0 59.0 59.0 59.0 
133.0 60.0 64.0 75.0 
50.0 60.0 60.0 59.0 
259.0 60.0 68.0 87.0 
51.0 59.0 59.0 58.0 
127.0 59.0 63.0 74.0 
50.0 60.0 61.0 59.0 
247.0 60.0 68.0 87.0 
53.0 58.0 59.0 58.0 
105.0 60.0 64.0 72.0 
51.0 60.0 60.0 59.0 
246.0 60.0 68.0 87.0 
52.0 59.0 59.0 58.0 
91.0 59.0 63.0 69.0 
52.0 60.0 60.0 59.0 
239.0 60.0 68.0 87.0 
53.0 59.0 59.0 58.0 
87.0 59.0 63.0 70.0 
52.0 59.0 60.0 59.0 
211.0 60.0 68.0 84.0 
54.0 59.0 59.0 60.0 
83.0 59.0 63.0 70.0 
53.0 60.0 60.0 59.0 
205.0 60.0 68.0 85.0 
55.0 59.0 59.0 59.0 
61.0 59.0 62.0 61.0 
54.0 60.0 60.0 60.0 
198.0 60.0 67.0 79.0 
56.0 59.0 59.0 59.0 
58.0 59.0 60.0 61.0 
55.0 60.0 60.0 60.0 
181.0 60.0 66.0 77.0 
58.0 59.0 59.0 59.0 
60.0 60.0 61.0 61.0 
60.0 60.0 61.0 60.0 
128.0 60.0 65.0 70.0 
59.0 59.0 59.0 59.0 
61.0 59.0 60.0 60.0 
60.0 60.0 61.0 60.0 
89.0 59.0 66.0 70.0 
59.0 58.0 60.0 59.0 
59.0 60.0 60.0 60.0 
60.0 60.0 61.0 60.0 
87.0 60.0 64.0 68.0 
59.0 59.0 59.0 59.0 
60.0 59.0 60.0 60.0 
60.0 61.0 60.0 60.0 
87.0 60.0 64.0 69.0 
60.0 59.0 59.0 60.0 
60.0 59.0 60.0 60.0 
60.0 60.0 61.0 60.0 
88.0 59.0 65.0 69.0 
59.0 59.0 59.0 60.0 
60.0 60.0 60.0 60.0 
60.0 60.0 61.0 60.0 
87.0 59.0 66.0 70.0 
59.0 59.0 59.0 59.0 
60.0 59.0 61.0 60.0 
60.0 60.0 60.0 60.0 
86.0 59.0 66.0 70.0 
60.0 59.0 59.0 59.0 
59.0 59.0 60.0 60.0 
60.0 60.0 60.0 60.0 
85.0 60.0 65.0 70.0 
59.0 59.0 59.0 60.0 
60.0 59.0 61.0 60.0 
60.0 60.0 60.0 61.0 
84.0 59.0 65.0 68.0 
60.0 58.0 60.0 60.0 
60.0 59.0 60.0 61.0 
61.0 60.0 59.0 61.0 
84.0 60.0 65.0 69.0 
60.0 60.0 59.0 59.0 
59.0 61.0 60.0 60.0 
60.0 60.0 60.0 60.0 
82.0 60.0 64.0 69.0 
60.0 59.0 59.0 60.0 
60.0 59.0 60.0 61.0 
61.0 60.0 61.0 60.0 
81.0 59.0 65.0 69.0 
60.0 59.0 60.0 59.0 
59.0 59.0 60.0 60.0 
61.0 60.0 60.0 60.0 
79.0 60.0 64.0 69.0 
60.0 59.0 59.0 59.0 
60.0 59.0 60.0 61.0 
61.0 60.0 61.0 60.0 
78.0 59.0 65.0 67.0 
59.0 59.0 60.0 59.0 
60.0 59.0 60.0 60.0 
61.0 60.0 60.0 60.0 
69.0 59.0 65.0 67.0 
60.0 59.0 59.0 59.0 
60.0 59.0 61.0 60.0 
61.0 60.0 60.0 61.0 
66.0 59.0 64.0 65.0 
60.0 59.0 59.0 59.0 
59.0 59.0 60.0 60.0 
61.0 59.0 61.0 60.0 
65.0 59.0 63.0 66.0 
60.0 59.0 59.0 59.0 
60.0 59.0 60.0 60.0 
61.0 60.0 60.0 60.0 
66.0 60.0 63.0 65.0 
60.0 59.0 59.0 60.0 
60.0 59.0 59.0 60.0 
61.0 60.0 60.0 61.0 
66.0 60.0 64.0 65.0 
60.0 58.0 59.0 61.0 
59.0 60.0 60.0 60.0 
61.0 60.0 61.0 60.0 
67.0 60.0 64.0 65.0 
60.0 59.0 59.0 60.0 
60.0 59.0 59.0 61.0 
60.0 60.0 61.0 60.0 
69.0 60.0 62.0 64.0 
60.0 59.0 59.0 59.0 
60.0 59.0 60.0 61.0 
61.0 60.0 61.0 60.0 
67.0 59.0 62.0 64.0 
60.0 59.0 59.0 59.0 
60.0 59.0 60.0 60.0 
61.0 60.0 60.0 61.0 
68.0 60.0 63.0 64.0 
60.0 59.0 59.0 60.0 
60.0 59.0 61.0 61.0 
62.0 60.0 61.0 61.0 
64.0 60.0 62.0 64.0 
60.0 59.0 60.0 60.0 
60.0 59.0 60.0 61.0 
61.0 60.0 61.0 60.0 
67.0 60.0 63.0 64.0 
60.0 58.0 59.0 59.0 
60.0 59.0 60.0 60.0 
61.0 60.0 61.0 61.0 
67.0 59.0 63.0 64.0 
59.0 59.0 60.0 60.0 
60.0 60.0 60.0 61.0 
61.0 60.0 60.0 61.0 
69.0 59.0 63.0 64.0 
60.0 58.0 60.0 60.0 
60.0 59.0 61.0 60.0 
61.0 60.0 60.0 60.0 
69.0 60.0 64.0 65.0 
60.0 59.0 59.0 60.0 
60.0 59.0 60.0 60.0 
61.0 59.0 61.0 61.0 
69.0 60.0 64.0 65.0 
59.0 60.0 59.0 60.0 
60.0 59.0 61.0 61.0 
61.0 59.0 61.0 60.0 
70.0 60.0 64.0 65.0 
59.0 59.0 59.0 59.0 
60.0 59.0 60.0 61.0 
61.0 60.0 60.0 61.0 
71.0 59.0 64.0 65.0 
60.0 59.0 59.0 60.0 
60.0 59.0 61.0 60.0 
61.0 60.0 61.0 60.0 
71.0 60.0 64.0 66.0 
59.0 58.0 59.0 60.0 
60.0 59.0 61.0 61.0 
61.0 59.0 60.0 60.0 
70.0 60.0 65.0 65.0 
60.0 58.0 60.0 60.0 
60.0 59.0 60.0 60.0 
61.0 60.0 60.0 60.0 
71.0 60.0 64.0 65.0 
60.0 59.0 60.0 60.0 
59.0 60.0 62.0 61.0 
61.0 60.0 60.0 60.0 
71.0 59.0 64.0 65.0 
60.0 59.0 59.0 59.0 
60.0 59.0 60.0 60.0 
61.0 60.0 60.0 61.0 
69.0 59.0 64.0 65.0 
60.0 59.0 59.0 59.0 
60.0 60.0 61.0 61.0 
60.0 60.0 60.0 61.0 
69.0 60.0 64.0 64.0 
59.0 59.0 59.0 61.0 
59.0 59.0 60.0 61.0 
61.0 60.0 61.0 60.0 
70.0 60.0 64.0 65.0 
59.0 59.0 59.0 59.0 
60.0 59.0 61.0 61.0 
61.0 60.0 60.0 60.0 
70.0 60.0 64.0 65.0 
60.0 59.0 59.0 59.0 
60.0 59.0 61.0 61.0 
61.0 60.0 60.0 60.0 
71.0 60.0 64.0 66.0 
60.0 59.0 59.0 58.0 
60.0 59.0 61.0 61.0 
60.0 60.0 61.0 61.0 
69.0 59.0 65.0 65.0 
60.0 59.0 59.0 60.0 
59.0 59.0 60.0 61.0 
61.0 60.0 60.0 60.0 
68.0 59.0 65.0 66.0 
59.0 59.0 59.0 59.0 
60.0 60.0 61.0 61.0 
61.0 60.0 60.0 61.0 
72.0 60.0 65.0 66.0 
60.0 59.0 59.0 60.0 
60.0 59.0 60.0 61.0 
60.0 60.0 60.0 60.0 
73.0 59.0 65.0 66.0 
59.0 59.0 59.0 59.0 
60.0 59.0 59.0 61.0 
61.0 60.0 60.0 60.0 
72.0 59.0 65.0 66.0 
59.0 59.0 59.0 60.0 
60.0 59.0 60.0 61.0 
61.0 60.0 60.0 60.0 
71.0 60.0 66.0 67.0 
59.0 58.0 59.0 59.0 
59.0 59.0 60.0 61.0 
61.0 60.0 60.0 60.0 
69.0 60.0 66.0 66.0 
59.0 59.0 59.0 60.0 
60.0 59.0 60.0 61.0 
61.0 60.0 60.0 60.0 
70.0 59.0 66.0 66.0 
59.0 59.0 59.0 59.0 
59.0 60.0 61.0 61.0 
60.0 60.0 60.0 61.0 
70.0 59.0 66.0 66.0 
60.0 59.0 59.0 60.0 
61.0 59.0 61.0 60.0 
61.0 60.0 59.0 60.0 
68.0 59.0 66.0 66.0 
59.0 58.0 59.0 60.0 
58.0 60.0 60.0 61.0 
61.0 60.0 60.0 60.0 
70.0 60.0 65.0 66.0 
60.0 58.0 59.0 59.0 
61.0 59.0 61.0 60.0 
61.0 60.0 60.0 61.0 
69.0 60.0 65.0 66.0 
60.0 59.0 59.0 60.0 
59.0 59.0 61.0 61.0 
60.0 60.0 60.0 60.0 
69.0 59.0 64.0 64.0 
60.0 60.0 59.0 59.0 
60.0 59.0 61.0 61.0 
60.0 60.0 60.0 60.0 
66.0 59.0 64.0 65.0 
59.0 59.0 59.0 60.0 
61.0 59.0 60.0 60.0 
60.0 60.0 60.0 60.0 
65.0 59.0 64.0 64.0 
59.0 59.0 59.0 60.0 
60.0 59.0 60.0 61.0 
60.0 60.0 60.0 60.0 
66.0 60.0 65.0 66.0 
59.0 58.0 59.0 60.0 
60.0 59.0 60.0 61.0 
61.0 60.0 60.0 61.0 
64.0 60.0 64.0 64.0 
60.0 59.0 59.0 59.0 
60.0 60.0 60.0 61.0 
61.0 60.0 60.0 60.0 
66.0 59.0 64.0 65.0 
60.0 58.0 59.0 59.0 
60.0 59.0 59.0 61.0 
61.0 60.0 60.0 61.0 
68.0 60.0 64.0 65.0 
60.0 59.0 59.0 60.0 
60.0 59.0 61.0 62.0 
61.0 60.0 61.0 60.0 
65.0 59.0 64.0 65.0 
60.0 59.0 59.0 60.0 
60.0 59.0 60.0 61.0 
61.0 61.0 60.0 61.0 
65.0 60.0 64.0 64.0 
60.0 59.0 59.0 59.0 
60.0 59.0 60.0 60.0 
60.0 60.0 60.0 61.0 
67.0 59.0 64.0 65.0 
60.0 59.0 59.0 59.0 
60.0 59.0 60.0 61.0 
61.0 60.0 60.0 60.0 
67.0 60.0 64.0 65.0 
60.0 58.0 59.0 59.0 
60.0 59.0 60.0 60.0 
61.0 60.0 61.0 60.0 
66.0 59.0 64.0 65.0 
60.0 59.0 59.0 59.0 
60.0 59.0 60.0 61.0 
61.0 60.0 60.0 60.0 
65.0 59.0 64.0 65.0 
60.0 58.0 59.0 60.0 
61.0 60.0 60.0 61.0 
61.0 60.0 60.0 61.0 
66.0 59.0 64.0 64.0 
59.0 59.0 59.0 59.0 
60.0 59.0 60.0 61.0 
61.0 60.0 60.0 60.0 
67.0 59.0 65.0 65.0 
59.0 59.0 59.0 59.0 
60.0 59.0 60.0 61.0 
61.0 60.0 60.0 60.0 
66.0 60.0 64.0 65.0 
60.0 58.0 60.0 59.0 
60.0 59.0 59.0 61.0 
61.0 60.0 60.0 60.0 
67.0 60.0 65.0 65.0 
59.0 59.0 59.0 60.0 
60.0 59.0 60.0 61.0 
61.0 60.0 61.0 60.0 
67.0 60.0 65.0 65.0 
60.0 58.0 60.0 60.0 
60.0 59.0 60.0 61.0 
61.0 60.0 60.0 60.0 
66.0 59.0 65.0 65.0 
60.0 59.0 59.0 59.0 
60.0 59.0 59.0 61.0 
61.0 58.0 60.0 60.0 
67.0 60.0 64.0 65.0 
60.0 59.0 59.0 60.0 
60.0 59.0 60.0 61.0 
61.0 60.0 61.0 61.0 
67.0 59.0 65.0 66.0 
60.0 58.0 59.0 59.0 
61.0 59.0 60.0 61.0 
60.0 60.0 60.0 60.0 
68.0 59.0 64.0 64.0 
60.0 59.0 59.0 59.0 
60.0 60.0 60.0 61.0 
61.0 60.0 61.0 60.0 
67.0 59.0 65.0 65.0 
60.0 59.0 59.0 59.0 
60.0 59.0 60.0 61.0 
61.0 60.0 60.0 61.0 
66.0 59.0 65.0 65.0 
59.0 58.0 60.0 59.0 
60.0 59.0 60.0 60.0 
60.0 60.0 60.0 60.0 
67.0 60.0 64.0 65.0 
60.0 59.0 60.0 60.0 
60.0 59.0 60.0 61.0 
60.0 60.0 60.0 60.0 
65.0 60.0 64.0 65.0 
60.0 59.0 60.0 60.0 
60.0 59.0 60.0 60.0 
62.0 60.0 61.0 61.0 
67.0 59.0 64.0 65.0 
60.0 59.0 59.0 59.0 
60.0 59.0 60.0 61.0 
60.0 60.0 60.0 60.0 
67.0 59.0 65.0 66.0 
60.0 58.0 59.0 60.0 
59.0 59.0 60.0 61.0 
62.0 60.0 60.0 60.0 
67.0 59.0 65.0 66.0 
59.0 59.0 59.0 59.0 
60.0 59.0 60.0 60.0 
61.0 60.0 61.0 60.0 
68.0 59.0 65.0 65.0 
60.0 59.0 59.0 59.0 
60.0 60.0 61.0 61.0 
61.0 60.0 61.0 60.0 
69.0 60.0 64.0 66.0 
59.0 59.0 59.0 60.0 
60.0 59.0 61.0 61.0 
61.0 60.0 61.0 60.0 
69.0 60.0 65.0 66.0 
60.0 59.0 59.0 59.0 
59.0 59.0 60.0 61.0 
60.0 60.0 60.0 60.0 
69.0 60.0 65.0 65.0 
59.0 59.0 59.0 60.0 
59.0 59.0 61.0 61.0 
62.0 60.0 61.0 60.0 
68.0 59.0 64.0 66.0 
59.0 59.0 59.0 59.0 
60.0 59.0 60.0 60.0 
60.0 60.0 60.0 60.0 
68.0 59.0 64.0 65.0 
59.0 59.0 59.0 60.0 
60.0 59.0 61.0 61.0 
61.0 61.0 60.0 60.0 
68.0 60.0 65.0 65.0 
59.0 59.0 59.0 59.0 
60.0 60.0 61.0 61.0 
61.0 60.0 60.0 60.0 
67.0 59.0 65.0 65.0 
60.0 59.0 60.0 60.0 
60.0 59.0 60.0 61.0 
60.0 60.0 60.0 60.0 
65.0 60.0 65.0 65.0 
59.0 59.0 59.0 60.0 
60.0 60.0 60.0 60.0 
61.0 60.0 60.0 60.0 
66.0 60.0 65.0 65.0 
59.0 58.0 59.0 59.0 
60.0 60.0 60.0 61.0 
61.0 60.0 60.0 61.0 
65.0 59.0 64.0 66.0 
60.0 59.0 59.0 59.0 
60.0 59.0 60.0 61.0 
61.0 60.0 60.0 60.0 
65.0 59.0 66.0 66.0 
59.0 59.0 59.0 60.0 
60.0 59.0 60.0 61.0 
61.0 60.0 61.0 61.0 
66.0 60.0 66.0 66.0 
60.0 59.0 59.0 59.0 
60.0 59.0 60.0 61.0 
61.0 60.0 60.0 60.0 
65.0 59.0 66.0 66.0 
60.0 59.0 59.0 60.0 
59.0 59.0 60.0 61.0 
61.0 60.0 60.0 61.0 
65.0 59.0 66.0 66.0 
59.0 59.0 60.0 59.0 
60.0 59.0 60.0 61.0 
61.0 60.0 59.0 60.0 
66.0 58.0 66.0 66.0 
60.0 58.0 59.0 59.0 
60.0 59.0 60.0 61.0 
61.0 60.0 60.0 61.0 
66.0 59.0 66.0 66.0 
60.0 59.0 59.0 59.0 
59.0 60.0 60.0 61.0 
61.0 60.0 60.0 60.0 
67.0 60.0 66.0 67.0 
59.0 58.0 59.0 59.0 
61.0 59.0 60.0 61.0 
61.0 60.0 60.0 60.0 
67.0 60.0 67.0 66.0 
60.0 58.0 58.0 60.0 
60.0 59.0 60.0 61.0 
60.0 60.0 60.0 59.0 
66.0 60.0 66.0 66.0 
59.0 59.0 58.0 60.0 
60.0 59.0 60.0 61.0 
61.0 60.0 61.0 60.0 
67.0 60.0 66.0 67.0 
60.0 59.0 59.0 59.0 
60.0 59.0 60.0 61.0 
61.0 60.0 60.0 60.0 
66.0 59.0 67.0 66.0 
59.0 59.0 60.0 59.0 
60.0 59.0 60.0 61.0 
61.0 60.0 60.0 60.0 
66.0 59.0 66.0 67.0 
60.0 59.0 59.0 59.0 
59.0 59.0 60.0 61.0 
61.0 60.0 60.0 60.0 
65.0 59.0 66.0 65.0 
60.0 59.0 59.0 59.0 
60.0 59.0 59.0 60.0 
61.0 59.0 61.0 60.0 
65.0 60.0 66.0 66.0 
59.0 59.0 59.0 60.0 
59.0 60.0 60.0 61.0 
62.0 60.0 61.0 61.0 
66.0 60.0 65.0 67.0 
59.0 59.0 59.0 59.0 
60.0 59.0 60.0 61.0 
61.0 60.0 61.0 60.0 
65.0 59.0 65.0 66.0 
59.0 58.0 60.0 59.0 
60.0 59.0 60.0 61.0 
60.0 61.0 60.0 60.0 
65.0 60.0 65.0 65.0 
60.0 59.0 59.0 60.0 
60.0 59.0 60.0 61.0 
61.0 60.0 60.0 61.0 
65.0 60.0 65.0 64.0 
60.0 59.0 59.0 59.0 
61.0 59.0 60.0 61.0 
61.0 60.0 61.0 60.0 
64.0 60.0 64.0 65.0 
60.0 58.0 59.0 59.0 
60.0 59.0 60.0 61.0 
61.0 61.0 60.0 61.0 
64.0 59.0 65.0 66.0 
59.0 59.0 58.0 59.0 
59.0 59.0 60.0 61.0 
61.0 59.0 59.0 60.0 
64.0 59.0 65.0 66.0 
60.0 59.0 58.0 59.0 
60.0 60.0 60.0 61.0 
61.0 60.0 60.0 60.0 
64.0 59.0 66.0 67.0 
60.0 58.0 59.0 59.0 
60.0 61.0 60.0 60.0 
61.0 60.0 60.0 60.0 
65.0 59.0 65.0 66.0 
60.0 59.0 59.0 60.0 
60.0 59.0 60.0 61.0 
60.0 60.0 60.0 60.0 
65.0 60.0 66.0 66.0 
60.0 59.0 60.0 59.0 
59.0 59.0 60.0 61.0 
61.0 60.0 60.0 60.0 
64.0 59.0 65.0 66.0 
60.0 59.0 59.0 59.0 
59.0 59.0 60.0 60.0 
61.0 60.0 60.0 60.0 
64.0 60.0 66.0 66.0 
60.0 58.0 59.0 59.0 
61.0 59.0 60.0 60.0 
60.0 60.0 60.0 60.0 
65.0 60.0 66.0 66.0 
60.0 59.0 59.0 59.0 
60.0 59.0 60.0 61.0 
60.0 60.0 61.0 61.0 
67.0 60.0 65.0 66.0 
60.0 59.0 59.0 59.0 
60.0 59.0 59.0 60.0 
60.0 59.0 61.0 60.0 
66.0 59.0 65.0 65.0 
59.0 59.0 59.0 60.0 
60.0 59.0 60.0 61.0 
61.0 60.0 60.0 61.0 
67.0 60.0 65.0 66.0 
59.0 59.0 59.0 60.0 
60.0 60.0 60.0 60.0 
61.0 60.0 60.0 60.0 
67.0 60.0 65.0 66.0 
59.0 59.0 59.0 60.0 
59.0 59.0 60.0 61.0 
61.0 59.0 61.0 60.0 
65.0 60.0 65.0 66.0 
60.0 59.0 60.0 59.0 
60.0 59.0 59.0 60.0 
60.0 60.0 61.0 61.0 
65.0 60.0 65.0 66.0 
59.0 58.0 60.0 59.0 
60.0 59.0 60.0 61.0 
60.0 60.0 61.0 60.0 
66.0 60.0 64.0 66.0 
60.0 58.0 59.0 59.0 
61.0 59.0 60.0 60.0 
61.0 60.0 61.0 60.0 
65.0 59.0 65.0 66.0 
60.0 58.0 59.0 59.0 
60.0 59.0 60.0 60.0 
61.0 60.0 61.0 61.0 
66.0 60.0 64.0 65.0 
59.0 58.0 60.0 60.0 
60.0 59.0 60.0 60.0 
61.0 61.0 60.0 61.0 
65.0 60.0 64.0 66.0 
60.0 59.0 59.0 59.0 
60.0 59.0 60.0 61.0 
61.0 61.0 59.0 60.0 
65.0 60.0 64.0 65.0 
60.0 59.0 59.0 60.0 
60.0 60.0 60.0 61.0 
61.0 60.0 60.0 60.0 
66.0 59.0 65.0 66.0 
59.0 59.0 59.0 60.0 
60.0 59.0 60.0 61.0 
61.0 60.0 60.0 60.0 
66.0 60.0 64.0 66.0 
60.0 59.0 59.0 59.0 
60.0 59.0 60.0 61.0 
61.0 60.0 60.0 60.0 
67.0 60.0 63.0 65.0 
59.0 59.0 59.0 59.0 
60.0 60.0 60.0 60.0 
61.0 60.0 60.0 60.0 
66.0 60.0 64.0 66.0 
60.0 59.0 60.0 60.0 
60.0 59.0 60.0 61.0 
61.0 60.0 60.0 60.0 
66.0 60.0 65.0 66.0 
60.0 58.0 59.0 60.0 
60.0 59.0 60.0 60.0 
60.0 60.0 60.0 61.0 
65.0 60.0 64.0 66.0 
60.0 59.0 59.0 59.0 
59.0 59.0 60.0 61.0 
61.0 60.0 61.0 60.0 
64.0 60.0 64.0 65.0 
60.0 59.0 59.0 59.0 
60.0 58.0 60.0 61.0 
60.0 60.0 61.0 60.0 
65.0 59.0 63.0 66.0 
60.0 59.0 59.0 60.0 
60.0 60.0 60.0 60.0 
61.0 60.0 60.0 60.0 
66.0 60.0 64.0 66.0 
59.0 59.0 59.0 59.0 
60.0 59.0 60.0 60.0 
60.0 60.0 60.0 59.0 
66.0 59.0 64.0 65.0 
59.0 58.0 59.0 60.0 
60.0 59.0 60.0 61.0 
61.0 60.0 60.0 61.0 
66.0 60.0 65.0 66.0 
60.0 59.0 60.0 59.0 
60.0 59.0 60.0 60.0 
61.0 59.0 61.0 60.0 
67.0 59.0 65.0 65.0 
59.0 59.0 59.0 59.0 
60.0 59.0 60.0 60.0 
61.0 59.0 60.0 60.0 
65.0 60.0 64.0 65.0 
60.0 58.0 60.0 59.0 
60.0 59.0 60.0 60.0 
62.0 60.0 60.0 60.0 
64.0 59.0 64.0 66.0 
60.0 59.0 60.0 59.0 
60.0 59.0 60.0 60.0 
60.0 60.0 60.0 60.0 
65.0 59.0 64.0 65.0 
60.0 59.0 59.0 59.0 
60.0 59.0 60.0 61.0 
61.0 59.0 60.0 60.0 
64.0 60.0 65.0 65.0 
60.0 59.0 59.0 60.0 
60.0 61.0 60.0 60.0 
60.0 61.0 61.0 61.0 
65.0 60.0 65.0 66.0 
60.0 59.0 59.0 60.0 
60.0 59.0 60.0 61.0 
61.0 60.0 60.0 60.0 
65.0 60.0 64.0 66.0 
60.0 59.0 59.0 60.0 
60.0 59.0 60.0 61.0 
61.0 60.0 61.0 61.0 
64.0 59.0 64.0 66.0 
60.0 59.0 60.0 60.0 
60.0 59.0 60.0 60.0 
60.0 60.0 60.0 60.0 
64.0 59.0 64.0 65.0 
60.0 58.0 59.0 60.0 
60.0 59.0 60.0 61.0 
61.0 60.0 60.0 60.0 
64.0 59.0 64.0 65.0 
60.0 58.0 60.0 59.0 
59.0 60.0 59.0 62.0 
61.0 60.0 60.0 60.0 
66.0 60.0 64.0 65.0 
59.0 59.0 59.0 59.0 
61.0 60.0 60.0 62.0 
61.0 60.0 61.0 60.0 
66.0 59.0 64.0 65.0 
60.0 59.0 60.0 60.0 
60.0 59.0 60.0 60.0 
61.0 60.0 60.0 60.0 
65.0 60.0 64.0 65.0 
59.0 59.0 59.0 60.0 
59.0 59.0 60.0 60.0 
61.0 60.0 61.0 60.0 
66.0 59.0 64.0 65.0 
60.0 59.0 59.0 60.0 
60.0 59.0 60.0 61.0 
61.0 60.0 60.0 60.0 
64.0 59.0 64.0 65.0 
60.0 59.0 60.0 59.0 
61.0 60.0 60.0 60.0 
60.0 60.0 60.0 60.0 
65.0 59.0 64.0 65.0 
60.0 59.0 60.0 60.0 
60.0 60.0 60.0 61.0 
61.0 60.0 60.0 60.0 
65.0 59.0 64.0 66.0 
60.0 59.0 59.0 60.0 
60.0 59.0 60.0 60.0 
61.0 60.0 60.0 61.0 
65.0 60.0 64.0 66.0 
59.0 59.0 59.0 60.0 
60.0 59.0 60.0 60.0 
60.0 60.0 60.0 61.0 
65.0 60.0 65.0 65.0 
60.0 58.0 59.0 59.0 
59.0 59.0 60.0 61.0 
61.0 60.0 60.0 61.0 
65.0 59.0 64.0 65.0 
59.0 59.0 59.0 60.0 
61.0 59.0 60.0 60.0 
61.0 60.0 60.0 61.0 
65.0 60.0 64.0 65.0 
59.0 60.0 59.0 60.0 
60.0 59.0 60.0 60.0 
61.0 60.0 60.0 61.0 
66.0 59.0 65.0 66.0 
60.0 59.0 60.0 59.0 
60.0 59.0 60.0 60.0 
61.0 60.0 60.0 61.0 
66.0 60.0 64.0 65.0 
60.0 58.0 59.0 60.0 
60.0 59.0 60.0 61.0 
60.0 60.0 60.0 61.0 
65.0 59.0 65.0 65.0 
60.0 59.0 60.0 60.0 
60.0 59.0 60.0 61.0 
61.0 60.0 60.0 60.0 
65.0 60.0 64.0 65.0 
60.0 59.0 59.0 60.0 
60.0 59.0 60.0 61.0 
61.0 60.0 60.0 61.0 
64.0 60.0 64.0 65.0 
60.0 58.0 59.0 59.0 
59.0 59.0 60.0 61.0 
61.0 60.0 60.0 60.0 
65.0 59.0 64.0 65.0 
60.0 59.0 59.0 59.0 
60.0 59.0 59.0 61.0 
61.0 60.0 60.0 60.0 
65.0 60.0 64.0 65.0 
60.0 58.0 59.0 59.0 
60.0 59.0 60.0 61.0 
62.0 60.0 60.0 60.0 
64.0 60.0 64.0 65.0 
59.0 59.0 60.0 60.0 
59.0 61.0 60.0 60.0 
61.0 60.0 60.0 61.0 
66.0 60.0 64.0 65.0 
61.0 58.0 59.0 59.0 
60.0 60.0 60.0 60.0 
61.0 60.0 61.0 60.0 
65.0 60.0 64.0 66.0 
59.0 59.0 59.0 60.0 
60.0 59.0 60.0 61.0 
61.0 60.0 61.0 60.0 
65.0 60.0 64.0 65.0 
60.0 59.0 59.0 59.0 
60.0 60.0 59.0 61.0 
60.0 60.0 61.0 60.0 
66.0 59.0 63.0 65.0 
61.0 59.0 59.0 60.0 
60.0 60.0 60.0 61.0 
61.0 60.0 60.0 61.0 
65.0 59.0 64.0 65.0 
60.0 58.0 60.0 60.0 
59.0 60.0 60.0 61.0 
61.0 60.0 60.0 60.0 
65.0 60.0 64.0 65.0 
59.0 58.0 59.0 60.0 
60.0 59.0 60.0 60.0 
61.0 61.0 60.0 61.0 
65.0 59.0 63.0 65.0 
60.0 58.0 60.0 59.0 
60.0 59.0 61.0 60.0 
61.0 60.0 60.0 60.0 
65.0 59.0 64.0 66.0 
60.0 59.0 60.0 60.0 
60.0 60.0 59.0 60.0 
61.0 60.0 60.0 61.0 
66.0 59.0 64.0 65.0 
60.0 58.0 59.0 60.0 
60.0 59.0 60.0 60.0 
61.0 60.0 60.0 61.0 
66.0 60.0 64.0 66.0 
60.0 59.0 60.0 60.0 
59.0 60.0 60.0 60.0 
61.0 59.0 61.0 60.0 
65.0 59.0 64.0 66.0 
60.0 58.0 59.0 60.0 
59.0 59.0 60.0 61.0 
61.0 60.0 60.0 60.0 
68.0 60.0 64.0 66.0 
60.0 58.0 59.0 59.0 
60.0 59.0 60.0 60.0 
61.0 59.0 61.0 59.0 
65.0 60.0 64.0 66.0 
59.0 59.0 59.0 60.0 
60.0 59.0 60.0 60.0 
61.0 60.0 61.0 60.0 
66.0 59.0 64.0 66.0 
60.0 59.0 60.0 60.0 
60.0 59.0 60.0 60.0 
61.0 60.0 60.0 60.0 
65.0 59.0 64.0 66.0 
60.0 59.0 59.0 59.0 
59.0 59.0 60.0 60.0 
61.0 60.0 60.0 61.0 
65.0 59.0 64.0 66.0 
60.0 59.0 59.0 60.0 
60.0 60.0 60.0 61.0 
60.0 60.0 62.0 60.0 
66.0 59.0 64.0 66.0 
59.0 59.0 59.0 60.0 
59.0 59.0 60.0 60.0 
61.0 60.0 60.0 60.0 
66.0 59.0 64.0 65.0 
60.0 58.0 60.0 60.0 
59.0 58.0 59.0 61.0 
61.0 60.0 61.0 61.0 
66.0 60.0 64.0 66.0 
60.0 59.0 59.0 60.0 
59.0 59.0 60.0 60.0 
61.0 60.0 61.0 61.0 
64.0 59.0 64.0 65.0 
60.0 59.0 59.0 59.0 
60.0 59.0 60.0 60.0 
61.0 59.0 60.0 61.0 
65.0 60.0 64.0 66.0 
59.0 59.0 59.0 60.0 
60.0 59.0 60.0 60.0 
60.0 60.0 61.0 60.0 
64.0 59.0 64.0 66.0 
60.0 59.0 60.0 59.0 
60.0 59.0 60.0 61.0 
61.0 59.0 59.0 60.0 
64.0 60.0 64.0 66.0 
60.0 59.0 59.0 59.0 
60.0 59.0 60.0 60.0 
61.0 60.0 61.0 60.0 
64.0 59.0 65.0 65.0 
59.0 59.0 60.0 59.0 
60.0 60.0 60.0 61.0 
61.0 60.0 60.0 60.0 
65.0 60.0 64.0 65.0 
60.0 59.0 59.0 59.0 
60.0 59.0 59.0 60.0 
60.0 60.0 60.0 61.0 
65.0 59.0 64.0 65.0 
60.0 59.0 59.0 60.0 
60.0 59.0 60.0 61.0 
61.0 60.0 60.0 60.0 
64.0 60.0 65.0 64.0 
60.0 59.0 60.0 59.0 
60.0 59.0 60.0 61.0 
61.0 60.0 61.0 61.0 
64.0 59.0 65.0 66.0 
60.0 59.0 59.0 60.0 
60.0 59.0 60.0 60.0 
61.0 60.0 60.0 60.0 
64.0 60.0 64.0 65.0 
60.0 58.0 60.0 60.0 
60.0 59.0 60.0 61.0 
61.0 60.0 60.0 61.0 
64.0 59.0 64.0 65.0 
60.0 58.0 59.0 60.0 
60.0 59.0 60.0 61.0 
61.0 60.0 60.0 60.0 
65.0 60.0 64.0 64.0 
60.0 59.0 59.0 60.0 
60.0 59.0 61.0 60.0 
61.0 60.0 60.0 61.0 
64.0 59.0 65.0 65.0 
59.0 59.0 59.0 59.0 
60.0 60.0 59.0 60.0 
61.0 60.0 61.0 61.0 
65.0 59.0 65.0 65.0 
60.0 59.0 60.0 59.0 
60.0 59.0 59.0 61.0 
61.0 60.0 60.0 61.0 
64.0 59.0 64.0 65.0 
59.0 59.0 59.0 59.0 
59.0 59.0 60.0 61.0 
61.0 60.0 60.0 60.0 
63.0 60.0 64.0 65.0 
60.0 58.0 59.0 59.0 
61.0 59.0 60.0 60.0 
61.0 60.0 60.0 60.0 
64.0 59.0 65.0 65.0 
59.0 59.0 59.0 60.0 
60.0 59.0 60.0 61.0 
61.0 60.0 60.0 60.0 
64.0 59.0 65.0 65.0 
60.0 58.0 59.0 59.0 
60.0 58.0 59.0 60.0 
61.0 60.0 60.0 60.0 
65.0 60.0 65.0 66.0 
60.0 59.0 59.0 60.0 
59.0 59.0 61.0 61.0 
61.0 60.0 61.0 60.0 
64.0 59.0 65.0 64.0 
59.0 59.0 59.0 59.0 
60.0 59.0 60.0 60.0 
61.0 59.0 60.0 60.0 
64.0 60.0 64.0 65.0 
60.0 58.0 59.0 60.0 
59.0 60.0 60.0 60.0 
61.0 60.0 60.0 60.0 
65.0 60.0 64.0 65.0 
59.0 59.0 59.0 60.0 
60.0 59.0 60.0 62.0 
60.0 60.0 61.0 60.0 
65.0 59.0 65.0 65.0 
60.0 59.0 59.0 60.0 
60.0 59.0 60.0 61.0 
61.0 60.0 60.0 61.0 
65.0 60.0 64.0 65.0 
61.0 59.0 59.0 59.0 
59.0 60.0 60.0 61.0 
61.0 60.0 61.0 60.0 
65.0 59.0 65.0 66.0 
59.0 59.0 59.0 59.0 
59.0 60.0 59.0 60.0 
61.0 61.0 60.0 60.0 
65.0 60.0 66.0 65.0 
59.0 59.0 59.0 60.0 
59.0 59.0 59.0 61.0 
61.0 60.0 61.0 60.0 
65.0 60.0 65.0 65.0 
60.0 59.0 60.0 59.0 
59.0 59.0 60.0 61.0 
61.0 60.0 60.0 60.0 
63.0 59.0 65.0 65.0 
59.0 58.0 59.0 59.0 
60.0 59.0 60.0 61.0 
61.0 60.0 59.0 61.0 
64.0 59.0 65.0 66.0 
59.0 58.0 60.0 59.0 
60.0 61.0 60.0 60.0 
61.0 60.0 60.0 61.0 
65.0 60.0 65.0 65.0 
60.0 59.0 59.0 60.0 
60.0 59.0 60.0 61.0 
60.0 60.0 60.0 60.0 
65.0 59.0 65.0 65.0 
60.0 59.0 60.0 59.0 
60.0 60.0 59.0 61.0 
60.0 60.0 60.0 61.0 
65.0 59.0 65.0 65.0 
60.0 58.0 60.0 60.0 
60.0 59.0 59.0 61.0 
60.0 60.0 60.0 60.0 
65.0 60.0 65.0 66.0 
60.0 59.0 59.0 60.0 
60.0 59.0 60.0 61.0 
60.0 60.0 61.0 61.0 
66.0 59.0 65.0 65.0 
60.0 59.0 59.0 59.0 
60.0 59.0 60.0 61.0 
60.0 61.0 60.0 60.0 
65.0 59.0 64.0 65.0 
60.0 59.0 59.0 60.0 
60.0 59.0 59.0 60.0 
61.0 60.0 60.0 60.0 
64.0 60.0 65.0 66.0 
60.0 59.0 59.0 60.0 
60.0 59.0 60.0 61.0 
61.0 60.0 60.0 61.0 
65.0 59.0 65.0 65.0 
59.0 59.0 59.0 59.0 
59.0 60.0 60.0 60.0 
61.0 60.0 60.0 60.0 
65.0 59.0 64.0 65.0 
59.0 59.0 59.0 59.0 
60.0 59.0 60.0 61.0 
61.0 60.0 60.0 61.0 
65.0 59.0 65.0 65.0 
60.0 59.0 59.0 60.0 
60.0 59.0 60.0 61.0 
61.0 60.0 60.0 60.0 
65.0 60.0 65.0 65.0 
59.0 60.0 59.0 60.0 
61.0 59.0 60.0 60.0 
61.0 60.0 61.0 60.0 
66.0 60.0 64.0 66.0 
59.0 59.0 59.0 59.0 
60.0 59.0 59.0 61.0 
61.0 60.0 60.0 61.0 
66.0 60.0 65.0 66.0 
60.0 59.0 59.0 60.0 
60.0 59.0 60.0 60.0 
60.0 60.0 60.0 60.0 
66.0 59.0 65.0 65.0 
59.0 59.0 59.0 59.0 
60.0 59.0 60.0 61.0 
60.0 60.0 60.0 60.0 
65.0 59.0 65.0 65.0 
60.0 59.0 60.0 59.0 
60.0 59.0 60.0 61.0 
61.0 60.0 61.0 59.0 
67.0 59.0 65.0 65.0 
60.0 59.0 60.0 59.0 
59.0 60.0 60.0 60.0 
61.0 60.0 61.0 60.0 
66.0 60.0 65.0 66.0 
60.0 58.0 60.0 59.0 
60.0 59.0 60.0 61.0 
61.0 60.0 60.0 60.0 
65.0 59.0 65.0 66.0 
60.0 59.0 59.0 59.0 
61.0 59.0 60.0 61.0 
61.0 60.0 60.0 60.0 
66.0 60.0 64.0 65.0 
60.0 59.0 59.0 59.0 
59.0 59.0 60.0 61.0 
61.0 59.0 60.0 60.0 
66.0 59.0 66.0 66.0 
60.0 58.0 59.0 59.0 
60.0 59.0 60.0 60.0 
61.0 60.0 59.0 60.0 
65.0 60.0 64.0 65.0 
59.0 59.0 59.0 60.0 
60.0 60.0 60.0 60.0 
61.0 60.0 60.0 60.0 
65.0 60.0 65.0 65.0 
60.0 59.0 60.0 59.0 
60.0 59.0 60.0 60.0 
61.0 60.0 61.0 60.0 
65.0 59.0 65.0 65.0 
60.0 58.0 59.0 59.0 
60.0 59.0 60.0 60.0 
61.0 60.0 60.0 60.0 
65.0 59.0 64.0 65.0 
60.0 59.0 59.0 59.0 
60.0 60.0 60.0 61.0 
60.0 60.0 59.0 61.0 
65.0 59.0 65.0 65.0 
60.0 59.0 59.0 59.0 
60.0 60.0 60.0 60.0 
61.0 60.0 60.0 60.0 
66.0 59.0 64.0 65.0 
60.0 59.0 59.0 59.0 
60.0 59.0 60.0 61.0 
61.0 60.0 60.0 61.0 
65.0 59.0 65.0 66.0 
60.0 58.0 60.0 59.0 
60.0 60.0 60.0 60.0 
61.0 60.0 60.0 60.0 
65.0 59.0 65.0 65.0 
59.0 59.0 59.0 60.0 
61.0 59.0 60.0 60.0 
60.0 60.0 60.0 61.0 
65.0 59.0 65.0 65.0 
60.0 58.0 59.0 60.0 
60.0 59.0 60.0 60.0 
60.0 60.0 60.0 60.0 
66.0 59.0 65.0 65.0 
59.0 59.0 59.0 59.0 
60.0 60.0 60.0 61.0 
60.0 60.0 60.0 60.0 
65.0 59.0 65.0 66.0 
60.0 58.0 58.0 60.0 
60.0 59.0 59.0 60.0 
61.0 60.0 61.0 60.0 
65.0 59.0 65.0 64.0 
60.0 59.0 59.0 60.0 
60.0 60.0 60.0 61.0 
61.0 60.0 60.0 61.0 
66.0 60.0 64.0 65.0 
60.0 59.0 59.0 59.0 
60.0 59.0 60.0 61.0 
61.0 60.0 60.0 61.0 
65.0 59.0 65.0 65.0 
59.0 59.0 60.0 59.0 
59.0 60.0 60.0 61.0 
61.0 60.0 60.0 60.0 
65.0 60.0 65.0 65.0 
60.0 59.0 60.0 59.0 
60.0 59.0 60.0 61.0 
61.0 60.0 60.0 61.0 
65.0 59.0 65.0 65.0 
60.0 58.0 60.0 60.0 
60.0 59.0 60.0 61.0 
61.0 60.0 60.0 60.0 
65.0 60.0 65.0 65.0 
59.0 59.0 59.0 60.0 
59.0 59.0 60.0 61.0 
61.0 60.0 60.0 61.0 
65.0 60.0 65.0 65.0 
60.0 59.0 59.0 60.0 
60.0 59.0 60.0 61.0 
60.0 60.0 61.0 61.0 
65.0 59.0 64.0 65.0 
61.0 59.0 59.0 59.0 
61.0 59.0 61.0 61.0 
61.0 60.0 60.0 60.0 
65.0 59.0 65.0 65.0 
60.0 59.0 59.0 60.0 
60.0 60.0 60.0 61.0 
61.0 60.0 62.0 61.0 
66.0 60.0 65.0 66.0 
60.0 59.0 59.0 59.0 
59.0 59.0 60.0 61.0 
61.0 60.0 61.0 60.0 
65.0 59.0 65.0 65.0 
60.0 59.0 59.0 60.0 
60.0 59.0 60.0 61.0 
61.0 61.0 60.0 60.0 
65.0 59.0 64.0 65.0 
61.0 60.0 59.0 60.0 
59.0 60.0 60.0 61.0 
61.0 60.0 60.0 61.0 
65.0 60.0 64.0 65.0 
60.0 59.0 60.0 59.0 
59.0 60.0 60.0 61.0 
61.0 60.0 61.0 60.0 
65.0 60.0 64.0 65.0 
59.0 59.0 59.0 60.0 
60.0 59.0 60.0 61.0 
61.0 60.0 61.0 60.0 
66.0 60.0 65.0 65.0 
60.0 59.0 59.0 59.0 
60.0 59.0 60.0 61.0 
61.0 60.0 61.0 60.0 
65.0 60.0 65.0 65.0 
59.0 59.0 59.0 60.0 
60.0 59.0 60.0 61.0 
60.0 60.0 60.0 60.0 
65.0 60.0 65.0 65.0 
60.0 59.0 59.0 59.0 
60.0 61.0 60.0 61.0 
61.0 60.0 61.0 60.0 
66.0 59.0 65.0 65.0 
60.0 59.0 58.0 60.0 
60.0 59.0 60.0 61.0 
61.0 60.0 60.0 60.0 
66.0 59.0 65.0 66.0 
60.0 58.0 59.0 59.0 
60.0 59.0 59.0 61.0 
61.0 60.0 60.0 60.0 
66.0 59.0 65.0 65.0 
60.0 59.0 59.0 59.0 
59.0 59.0 60.0 61.0 
61.0 60.0 59.0 60.0 
65.0 60.0 64.0 66.0 
60.0 59.0 59.0 59.0 
61.0 59.0 60.0 61.0 
61.0 60.0 60.0 60.0 
65.0 59.0 65.0 65.0 
60.0 59.0 60.0 60.0 
60.0 59.0 60.0 61.0 
61.0 60.0 60.0 60.0 
65.0 59.0 65.0 64.0 
59.0 59.0 59.0 59.0 
59.0 59.0 60.0 61.0 
61.0 60.0 60.0 60.0 
65.0 60.0 64.0 64.0 
60.0 59.0 59.0 60.0 
60.0 59.0 60.0 61.0 
61.0 60.0 61.0 60.0 
65.0 59.0 64.0 64.0 
59.0 59.0 60.0 60.0 
60.0 60.0 60.0 61.0 
61.0 60.0 60.0 60.0 
65.0 59.0 64.0 65.0 
60.0 58.0 59.0 59.0 
59.0 59.0 60.0 61.0 
60.0 60.0 60.0 61.0 
64.0 60.0 64.0 65.0 
59.0 58.0 59.0 60.0 
59.0 60.0 60.0 61.0 
61.0 60.0 61.0 60.0 
64.0 60.0 64.0 65.0 
60.0 59.0 60.0 60.0 
60.0 59.0 60.0 61.0 
60.0 60.0 60.0 60.0 
64.0 60.0 64.0 64.0 
60.0 59.0 59.0 59.0 
60.0 59.0 60.0 61.0 
61.0 60.0 60.0 60.0 
65.0 59.0 64.0 65.0 
59.0 59.0 60.0 59.0 
60.0 60.0 60.0 60.0 
60.0 59.0 60.0 61.0 
65.0 60.0 64.0 65.0 
59.0 59.0 59.0 59.0 
60.0 59.0 60.0 61.0 
61.0 59.0 61.0 61.0 
64.0 60.0 65.0 64.0 
60.0 58.0 59.0 59.0 
60.0 59.0 60.0 60.0 
61.0 60.0 60.0 60.0 
65.0 60.0 65.0 65.0 
60.0 59.0 60.0 59.0 
60.0 60.0 61.0 60.0 
61.0 60.0 60.0 60.0 
65.0 60.0 64.0 64.0 
60.0 59.0 59.0 59.0 
60.0 59.0 60.0 61.0 
60.0 60.0 61.0 60.0 
64.0 60.0 64.0 65.0 
59.0 59.0 60.0 59.0 
61.0 59.0 60.0 61.0 
60.0 60.0 61.0 60.0 
64.0 59.0 64.0 65.0 
60.0 59.0 59.0 60.0 
60.0 59.0 60.0 61.0 
61.0 60.0 60.0 60.0 
64.0 59.0 64.0 65.0 
60.0 59.0 59.0 59.0 
60.0 60.0 60.0 61.0 
61.0 60.0 60.0 60.0 
65.0 59.0 65.0 65.0 
59.0 59.0 60.0 59.0 
60.0 59.0 60.0 61.0 
60.0 60.0 60.0 61.0 
65.0 59.0 65.0 65.0 
59.0 59.0 59.0 60.0 
60.0 60.0 60.0 61.0 
61.0 60.0 60.0 60.0 
64.0 60.0 65.0 65.0 
60.0 59.0 59.0 59.0 
60.0 59.0 60.0 61.0 
61.0 60.0 60.0 61.0 
66.0 60.0 65.0 65.0 
60.0 58.0 59.0 60.0 
59.0 60.0 60.0 61.0 
60.0 61.0 60.0 60.0 
66.0 60.0 65.0 65.0 
60.0 59.0 59.0 59.0 
60.0 60.0 60.0 60.0 
61.0 60.0 60.0 60.0 
65.0 59.0 65.0 65.0 
60.0 59.0 59.0 59.0 
60.0 59.0 60.0 61.0 
60.0 60.0 60.0 61.0 
65.0 59.0 65.0 65.0 
59.0 58.0 60.0 59.0 
59.0 59.0 60.0 61.0 
60.0 60.0 60.0 60.0 
66.0 59.0 65.0 66.0 
60.0 59.0 59.0 59.0 
60.0 59.0 59.0 60.0 
61.0 60.0 60.0 61.0 
66.0 60.0 65.0 65.0 
59.0 59.0 59.0 60.0 
60.0 59.0 60.0 61.0 
60.0 60.0 60.0 60.0 
66.0 58.0 65.0 65.0 
59.0 59.0 59.0 59.0 
60.0 59.0 60.0 61.0 
61.0 60.0 61.0 60.0 
65.0 60.0 65.0 66.0 
59.0 59.0 60.0 59.0 
60.0 60.0 60.0 61.0 
61.0 60.0 60.0 60.0 
65.0 59.0 64.0 65.0 
60.0 59.0 59.0 60.0 
59.0 60.0 60.0 60.0 
61.0 60.0 60.0 60.0 
65.0 60.0 65.0 66.0 
60.0 58.0 59.0 59.0 
60.0 59.0 60.0 60.0 
60.0 60.0 61.0 60.0 
65.0 60.0 65.0 65.0 
60.0 59.0 59.0 60.0 
60.0 59.0 60.0 61.0 
61.0 60.0 60.0 60.0 
66.0 59.0 65.0 65.0 
60.0 59.0 60.0 59.0 
60.0 59.0 59.0 61.0 
61.0 60.0 60.0 60.0 
65.0 59.0 66.0 65.0 
59.0 58.0 60.0 59.0 
60.0 59.0 60.0 61.0 
61.0 60.0 60.0 60.0 
65.0 59.0 65.0 66.0 
60.0 58.0 59.0 60.0 
60.0 60.0 60.0 61.0 
60.0 60.0 60.0 60.0 
65.0 59.0 65.0 65.0 
59.0 59.0 59.0 59.0 
61.0 59.0 60.0 61.0 
61.0 60.0 60.0 60.0 
66.0 60.0 65.0 66.0 
59.0 59.0 59.0 60.0 
60.0 59.0 60.0 61.0 
60.0 60.0 60.0 60.0 
67.0 59.0 65.0 65.0 
59.0 59.0 59.0 59.0 
60.0 60.0 60.0 60.0 
61.0 60.0 61.0 60.0 
66.0 60.0 66.0 65.0 
59.0 59.0 59.0 60.0 
60.0 59.0 60.0 60.0 
61.0 60.0 61.0 59.0 
65.0 60.0 65.0 65.0 
59.0 59.0 59.0 60.0 
60.0 59.0 60.0 61.0 
60.0 60.0 60.0 60.0 
66.0 60.0 65.0 65.0 
59.0 59.0 59.0 59.0 
60.0 59.0 60.0 61.0 
60.0 60.0 60.0 60.0 
66.0 60.0 65.0 66.0 
59.0 60.0 59.0 60.0 
60.0 59.0 60.0 61.0 
61.0 60.0 60.0 60.0 
66.0 60.0 65.0 65.0 
59.0 58.0 59.0 59.0 
60.0 59.0 60.0 61.0 
61.0 60.0 60.0 60.0 
67.0 60.0 65.0 65.0 
59.0 58.0 59.0 59.0 
60.0 59.0 60.0 60.0 
61.0 60.0 61.0 60.0 
66.0 59.0 66.0 66.0 
59.0 59.0 58.0 61.0 
61.0 59.0 60.0 60.0 
61.0 60.0 60.0 60.0 
66.0 60.0 65.0 66.0 
60.0 59.0 59.0 59.0 
60.0 59.0 60.0 60.0 
61.0 59.0 60.0 61.0 
66.0 60.0 65.0 65.0 
60.0 59.0 59.0 60.0 
61.0 59.0 60.0 61.0 
61.0 60.0 60.0 61.0 
66.0 60.0 64.0 65.0 
59.0 58.0 59.0 59.0 
61.0 59.0 59.0 61.0 
62.0 60.0 60.0 60.0 
66.0 60.0 65.0 65.0 
59.0 60.0 59.0 59.0 
60.0 59.0 60.0 60.0 
60.0 60.0 60.0 60.0 
65.0 59.0 65.0 65.0 
60.0 59.0 60.0 61.0 
60.0 59.0 60.0 62.0 
61.0 60.0 60.0 60.0 
66.0 60.0 65.0 65.0 
59.0 59.0 59.0 59.0 
59.0 59.0 59.0 60.0 
61.0 60.0 60.0 61.0 
66.0 59.0 65.0 65.0 
60.0 58.0 59.0 60.0 
60.0 59.0 60.0 60.0 
60.0 60.0 60.0 60.0 
66.0 59.0 65.0 66.0 
59.0 59.0 59.0 59.0 
60.0 59.0 60.0 61.0 
62.0 60.0 61.0 61.0 
66.0 59.0 65.0 66.0 
60.0 59.0 59.0 59.0 
60.0 60.0 60.0 61.0 
61.0 60.0 60.0 61.0 
66.0 59.0 65.0 66.0 
60.0 59.0 59.0 60.0 
60.0 59.0 60.0 61.0 
60.0 60.0 60.0 61.0 
65.0 61.0 64.0 66.0 
60.0 58.0 59.0 59.0 
60.0 59.0 60.0 60.0 
60.0 60.0 60.0 61.0 
66.0 59.0 65.0 65.0 
59.0 59.0 59.0 60.0 
59.0 59.0 60.0 61.0 
61.0 61.0 60.0 60.0 
65.0 60.0 65.0 66.0 
59.0 59.0 59.0 60.0 
60.0 59.0 60.0 61.0 
61.0 60.0 61.0 60.0 
65.0 60.0 64.0 65.0 
60.0 59.0 59.0 59.0 
60.0 59.0 60.0 61.0 
61.0 60.0 60.0 61.0 
65.0 59.0 65.0 66.0 
60.0 59.0 59.0 59.0 
60.0 59.0 59.0 61.0 
61.0 60.0 60.0 60.0 
66.0 59.0 65.0 65.0 
60.0 58.0 59.0 60.0 
60.0 59.0 60.0 61.0 
60.0 60.0 61.0 60.0 
67.0 60.0 65.0 66.0 
60.0 58.0 59.0 59.0 
60.0 60.0 60.0 61.0 
61.0 60.0 61.0 60.0 
66.0 60.0 65.0 66.0 
60.0 59.0 59.0 60.0 
59.0 59.0 60.0 61.0 
61.0 60.0 60.0 60.0 
66.0 59.0 65.0 65.0 
59.0 59.0 59.0 59.0 
60.0 59.0 60.0 61.0 
61.0 60.0 60.0 60.0 
67.0 60.0 65.0 66.0 
59.0 59.0 59.0 60.0 
60.0 59.0 60.0 60.0 
61.0 60.0 60.0 60.0 
67.0 59.0 65.0 66.0 
59.0 60.0 59.0 60.0 
61.0 59.0 61.0 61.0 
61.0 60.0 60.0 61.0 
68.0 59.0 65.0 65.0 
60.0 60.0 59.0 60.0 
60.0 59.0 60.0 62.0 
60.0 60.0 60.0 60.0 
67.0 60.0 66.0 65.0 
58.0 59.0 59.0 59.0 
60.0 59.0 60.0 60.0 
61.0 60.0 61.0 60.0 
66.0 60.0 65.0 66.0 
60.0 58.0 59.0 59.0 
60.0 59.0 59.0 61.0 
60.0 60.0 60.0 60.0 
67.0 61.0 65.0 66.0 
60.0 59.0 59.0 60.0 
60.0 60.0 60.0 61.0 
60.0 60.0 60.0 60.0 
67.0 60.0 65.0 66.0 
60.0 58.0 59.0 59.0 
60.0 60.0 60.0 61.0 
60.0 60.0 61.0 60.0 
65.0 60.0 65.0 65.0 
60.0 59.0 59.0 60.0 
59.0 59.0 60.0 61.0 
62.0 60.0 61.0 60.0 
65.0 60.0 66.0 65.0 
60.0 59.0 58.0 60.0 
60.0 59.0 60.0 61.0 
61.0 60.0 61.0 60.0 
65.0 59.0 65.0 65.0 
60.0 59.0 59.0 59.0 
60.0 60.0 60.0 61.0 
61.0 60.0 60.0 59.0 
66.0 60.0 65.0 65.0 
60.0 59.0 59.0 59.0 
60.0 59.0 59.0 61.0 
61.0 60.0 61.0 60.0 
67.0 60.0 64.0 66.0 
60.0 59.0 59.0 60.0 
59.0 59.0 60.0 60.0 
60.0 59.0 60.0 60.0 
65.0 60.0 65.0 66.0 
60.0 58.0 59.0 59.0 
61.0 59.0 60.0 60.0 
61.0 60.0 60.0 61.0 
66.0 60.0 64.0 66.0 
59.0 59.0 60.0 60.0 
60.0 59.0 60.0 61.0 
61.0 60.0 61.0 60.0 
66.0 59.0 65.0 66.0 
60.0 59.0 59.0 60.0 
59.0 58.0 59.0 61.0 
62.0 60.0 61.0 60.0 
65.0 59.0 65.0 66.0 
60.0 59.0 59.0 59.0 
60.0 59.0 59.0 60.0 
61.0 60.0 60.0 60.0 
66.0 59.0 65.0 65.0 
60.0 59.0 60.0 60.0 
59.0 58.0 59.0 60.0 
61.0 60.0 60.0 60.0 
66.0 60.0 65.0 66.0 
59.0 59.0 59.0 59.0 
59.0 59.0 60.0 61.0 
61.0 60.0 61.0 60.0 
66.0 59.0 65.0 66.0 
60.0 58.0 59.0 60.0 
60.0 59.0 60.0 61.0 
61.0 60.0 60.0 60.0 
65.0 59.0 65.0 65.0 
59.0 60.0 59.0 60.0 
59.0 59.0 60.0 61.0 
61.0 60.0 60.0 60.0 
65.0 59.0 65.0 65.0 
59.0 59.0 59.0 60.0 
60.0 59.0 60.0 60.0 
61.0 60.0 59.0 60.0 
65.0 60.0 65.0 65.0 
60.0 59.0 59.0 59.0 
60.0 60.0 61.0 61.0 
61.0 60.0 60.0 60.0 
65.0 59.0 65.0 65.0 
60.0 59.0 59.0 59.0 
60.0 59.0 60.0 61.0 
61.0 60.0 60.0 60.0 
65.0 59.0 65.0 65.0 
60.0 59.0 59.0 59.0 
60.0 59.0 60.0 61.0 
60.0 60.0 60.0 61.0 
65.0 60.0 65.0 65.0 
59.0 59.0 59.0 60.0 
59.0 60.0 60.0 61.0 
61.0 60.0 60.0 59.0 
64.0 59.0 65.0 66.0 
60.0 60.0 59.0 59.0 
60.0 59.0 60.0 60.0 
61.0 60.0 60.0 61.0 
64.0 60.0 64.0 65.0 
60.0 58.0 59.0 60.0 
60.0 59.0 60.0 60.0 
61.0 60.0 61.0 61.0 
65.0 59.0 65.0 65.0 
60.0 59.0 59.0 59.0 
60.0 59.0 60.0 61.0 
61.0 60.0 60.0 60.0 
65.0 60.0 65.0 65.0 
60.0 59.0 59.0 60.0 
59.0 59.0 60.0 61.0 
60.0 60.0 60.0 60.0 
66.0 59.0 65.0 65.0 
59.0 60.0 60.0 60.0 
59.0 60.0 60.0 61.0 
60.0 60.0 61.0 61.0 
65.0 59.0 65.0 66.0 
60.0 59.0 59.0 60.0 
60.0 59.0 60.0 61.0 
61.0 60.0 60.0 61.0 
65.0 59.0 65.0 65.0 
60.0 58.0 59.0 60.0 
60.0 60.0 60.0 61.0 
61.0 60.0 60.0 61.0 
65.0 60.0 65.0 66.0 
60.0 59.0 60.0 59.0 
60.0 59.0 60.0 61.0 
61.0 60.0 61.0 60.0 
65.0 59.0 64.0 66.0 
60.0 58.0 60.0 60.0 
60.0 59.0 60.0 61.0 
61.0 60.0 60.0 60.0 
65.0 60.0 63.0 66.0 
60.0 59.0 59.0 59.0 
60.0 60.0 60.0 61.0 
61.0 61.0 60.0 60.0 
65.0 59.0 64.0 65.0 
60.0 59.0 59.0 60.0 
60.0 59.0 60.0 61.0 
61.0 60.0 60.0 60.0 
64.0 60.0 64.0 65.0 
60.0 59.0 59.0 59.0 
60.0 59.0 60.0 61.0 
61.0 60.0 60.0 60.0 
65.0 60.0 65.0 66.0 
60.0 59.0 59.0 59.0 
60.0 59.0 60.0 60.0 
61.0 59.0 60.0 60.0 
65.0 59.0 64.0 65.0 
59.0 58.0 59.0 59.0 
60.0 59.0 59.0 61.0 
61.0 60.0 60.0 60.0 
65.0 60.0 65.0 66.0 
60.0 59.0 60.0 60.0 
60.0 59.0 60.0 60.0 
61.0 60.0 61.0 60.0 
65.0 61.0 64.0 65.0 
60.0 59.0 58.0 60.0 
60.0 59.0 60.0 61.0 
61.0 60.0 60.0 60.0 
65.0 60.0 64.0 66.0 
60.0 59.0 59.0 59.0 
60.0 59.0 61.0 61.0 
61.0 60.0 61.0 60.0 
64.0 60.0 64.0 66.0 
60.0 59.0 60.0 59.0 
60.0 59.0 60.0 60.0 
61.0 59.0 61.0 60.0 
65.0 59.0 64.0 66.0 
59.0 58.0 59.0 60.0 
59.0 58.0 60.0 62.0 
61.0 60.0 60.0 60.0 
66.0 60.0 65.0 66.0 
60.0 58.0 59.0 59.0 
60.0 59.0 60.0 61.0 
61.0 60.0 61.0 60.0 
66.0 60.0 64.0 66.0 
60.0 58.0 59.0 60.0 
60.0 59.0 60.0 61.0 
61.0 60.0 61.0 60.0 
67.0 60.0 64.0 66.0 
59.0 59.0 59.0 59.0 
59.0 59.0 60.0 61.0 
61.0 60.0 60.0 60.0 
66.0 60.0 64.0 66.0 
59.0 59.0 59.0 59.0 
60.0 59.0 60.0 61.0 
60.0 59.0 60.0 60.0 
66.0 60.0 65.0 66.0 
59.0 58.0 60.0 59.0 
59.0 59.0 60.0 61.0 
61.0 60.0 61.0 60.0 
66.0 60.0 64.0 66.0 
59.0 59.0 59.0 60.0 
60.0 59.0 60.0 60.0 
60.0 59.0 60.0 60.0 
66.0 59.0 64.0 66.0 
59.0 59.0 59.0 59.0 
59.0 59.0 60.0 61.0 
61.0 60.0 60.0 60.0 
66.0 59.0 64.0 66.0 
60.0 59.0 59.0 60.0 
60.0 59.0 60.0 60.0 
60.0 59.0 59.0 61.0 
66.0 60.0 64.0 66.0 
59.0 59.0 58.0 59.0 
60.0 59.0 60.0 61.0 
61.0 59.0 61.0 61.0 
67.0 60.0 64.0 66.0 
59.0 59.0 59.0 59.0 
60.0 60.0 60.0 61.0 
61.0 61.0 61.0 60.0 
68.0 60.0 64.0 66.0 
60.0 59.0 60.0 59.0 
60.0 59.0 60.0 60.0 
61.0 60.0 61.0 60.0 
67.0 60.0 64.0 66.0 
59.0 59.0 59.0 59.0 
60.0 59.0 60.0 60.0 
61.0 60.0 60.0 60.0 
67.0 59.0 64.0 66.0 
59.0 59.0 59.0 59.0 
60.0 59.0 59.0 60.0 
61.0 59.0 59.0 60.0 
67.0 60.0 64.0 66.0 
60.0 58.0 59.0 59.0 
60.0 59.0 60.0 61.0 
62.0 60.0 60.0 60.0 
66.0 60.0 64.0 66.0 
60.0 59.0 59.0 59.0 
60.0 59.0 60.0 60.0 
61.0 60.0 61.0 60.0 
67.0 59.0 64.0 66.0 
60.0 59.0 60.0 59.0 
60.0 59.0 59.0 61.0 
60.0 59.0 60.0 60.0 
67.0 60.0 64.0 65.0 
59.0 58.0 59.0 60.0 
60.0 59.0 60.0 61.0 
61.0 60.0 61.0 60.0 
67.0 59.0 64.0 66.0 
59.0 59.0 59.0 60.0 
59.0 60.0 60.0 60.0 
61.0 60.0 61.0 60.0 
68.0 60.0 64.0 66.0 
59.0 59.0 59.0 59.0 
60.0 59.0 61.0 61.0 
60.0 60.0 61.0 60.0 
66.0 60.0 64.0 66.0 
60.0 58.0 59.0 59.0 
60.0 59.0 60.0 61.0 
61.0 60.0 60.0 60.0 
67.0 60.0 64.0 66.0 
59.0 59.0 58.0 60.0 
60.0 59.0 59.0 61.0 
61.0 60.0 60.0 59.0 
68.0 60.0 63.0 66.0 
60.0 59.0 59.0 60.0 
60.0 59.0 61.0 61.0 
61.0 60.0 60.0 60.0 
67.0 60.0 64.0 66.0 
59.0 59.0 60.0 59.0 
60.0 59.0 61.0 61.0 
61.0 60.0 60.0 60.0 
68.0 59.0 64.0 66.0 
60.0 59.0 60.0 60.0 
60.0 58.0 61.0 61.0 
61.0 60.0 60.0 60.0 
68.0 59.0 64.0 66.0 
59.0 59.0 59.0 59.0 
60.0 59.0 61.0 61.0 
61.0 60.0 60.0 60.0 
67.0 59.0 64.0 66.0 
59.0 59.0 59.0 59.0 
60.0 60.0 60.0 61.0 
60.0 60.0 60.0 60.0 
69.0 59.0 64.0 66.0 
60.0 59.0 59.0 60.0 
60.0 61.0 61.0 61.0 
61.0 59.0 59.0 59.0 
67.0 60.0 64.0 66.0 
59.0 59.0 60.0 59.0 
60.0 59.0 60.0 61.0 
60.0 60.0 61.0 60.0 
68.0 60.0 64.0 66.0 
60.0 58.0 59.0 60.0 
60.0 59.0 60.0 61.0 
61.0 59.0 60.0 61.0 
68.0 59.0 64.0 66.0 
59.0 59.0 59.0 59.0 
60.0 60.0 60.0 61.0 
61.0 59.0 60.0 60.0 
68.0 60.0 64.0 66.0 
59.0 59.0 59.0 60.0 
60.0 59.0 60.0 61.0 
61.0 60.0 61.0 60.0 
68.0 59.0 64.0 66.0 
59.0 59.0 59.0 60.0 
60.0 59.0 61.0 61.0 
61.0 60.0 60.0 60.0 
68.0 60.0 64.0 66.0 
60.0 59.0 59.0 59.0 
59.0 59.0 60.0 61.0 
61.0 60.0 60.0 61.0 
69.0 60.0 65.0 67.0 
60.0 58.0 59.0 60.0 
60.0 60.0 61.0 60.0 
61.0 60.0 60.0 60.0 
69.0 60.0 64.0 67.0 
60.0 59.0 59.0 59.0 
60.0 59.0 60.0 61.0 
61.0 59.0 60.0 60.0 
70.0 59.0 64.0 67.0 
60.0 58.0 59.0 59.0 
60.0 59.0 60.0 61.0 
61.0 60.0 60.0 61.0 
68.0 60.0 64.0 66.0 
59.0 59.0 60.0 60.0 
60.0 59.0 61.0 60.0 
61.0 60.0 60.0 60.0 
70.0 60.0 64.0 66.0 
59.0 59.0 59.0 59.0 
60.0 59.0 60.0 61.0 
61.0 60.0 60.0 61.0 
71.0 60.0 65.0 67.0 
60.0 59.0 59.0 60.0 
60.0 59.0 61.0 61.0 
60.0 60.0 61.0 60.0 
71.0 60.0 64.0 66.0 
60.0 58.0 58.0 59.0 
60.0 59.0 60.0 59.0 
60.0 60.0 61.0 60.0 
69.0 59.0 64.0 66.0 
59.0 58.0 59.0 60.0 
59.0 60.0 61.0 61.0 
61.0 60.0 60.0 61.0 
69.0 60.0 64.0 66.0 
59.0 58.0 59.0 59.0 
59.0 59.0 60.0 60.0 
61.0 60.0 60.0 61.0 
69.0 59.0 64.0 66.0 
60.0 59.0 59.0 59.0 
60.0 59.0 60.0 61.0 
61.0 60.0 60.0 61.0 
70.0 60.0 64.0 66.0 
60.0 59.0 58.0 60.0 
60.0 59.0 61.0 60.0 
60.0 60.0 61.0 60.0 
69.0 60.0 64.0 67.0 
60.0 59.0 59.0 59.0 
59.0 60.0 60.0 61.0 
61.0 59.0 60.0 60.0 
68.0 60.0 64.0 66.0 
60.0 59.0 59.0 59.0 
60.0 59.0 61.0 60.0 
61.0 60.0 60.0 60.0 
69.0 60.0 64.0 66.0 
60.0 59.0 59.0 59.0 
60.0 59.0 61.0 60.0 
61.0 59.0 60.0 60.0 
69.0 60.0 64.0 66.0 
60.0 59.0 59.0 60.0 
60.0 59.0 60.0 61.0 
61.0 60.0 60.0 60.0 
69.0 59.0 64.0 66.0 
59.0 59.0 59.0 59.0 
60.0 59.0 60.0 61.0 
61.0 60.0 60.0 60.0 
68.0 59.0 64.0 66.0 
59.0 59.0 59.0 60.0 
60.0 60.0 61.0 61.0 
60.0 59.0 60.0 61.0 
70.0 60.0 63.0 66.0 
59.0 59.0 59.0 60.0 
60.0 59.0 61.0 60.0 
61.0 60.0 61.0 60.0 
69.0 60.0 64.0 66.0 
60.0 59.0 59.0 59.0 
60.0 59.0 61.0 61.0 
61.0 59.0 61.0 61.0 
69.0 60.0 64.0 66.0 
59.0 58.0 59.0 60.0 
60.0 59.0 61.0 60.0 
61.0 60.0 60.0 60.0 
69.0 60.0 65.0 66.0 
60.0 59.0 60.0 59.0 
60.0 59.0 61.0 61.0 
61.0 60.0 60.0 60.0 
69.0 59.0 65.0 66.0 
59.0 59.0 60.0 59.0 
60.0 59.0 60.0 61.0 
60.0 60.0 60.0 60.0 
69.0 60.0 64.0 66.0 
60.0 59.0 59.0 59.0 
60.0 59.0 61.0 61.0 
61.0 60.0 61.0 60.0 
67.0 59.0 64.0 66.0 
60.0 59.0 59.0 59.0 
60.0 59.0 59.0 61.0 
61.0 60.0 60.0 60.0 
68.0 60.0 65.0 66.0 
60.0 58.0 59.0 60.0 
60.0 60.0 61.0 60.0 
60.0 60.0 60.0 60.0 
69.0 59.0 64.0 66.0 
60.0 59.0 59.0 60.0 
59.0 60.0 60.0 61.0 
61.0 60.0 60.0 60.0 
68.0 59.0 64.0 66.0 
60.0 58.0 59.0 60.0 
60.0 59.0 60.0 61.0 
61.0 60.0 60.0 60.0 
68.0 60.0 64.0 66.0 
60.0 59.0 59.0 60.0 
60.0 59.0 60.0 60.0 
60.0 60.0 60.0 60.0 
68.0 60.0 64.0 66.0 
59.0 58.0 59.0 60.0 
60.0 60.0 60.0 60.0 
61.0 60.0 61.0 60.0 
69.0 59.0 64.0 66.0 
59.0 59.0 60.0 60.0 
60.0 59.0 62.0 60.0 
61.0 60.0 60.0 60.0 
68.0 59.0 65.0 67.0 
60.0 58.0 60.0 59.0 
60.0 59.0 60.0 61.0 
60.0 59.0 59.0 60.0 
69.0 60.0 64.0 67.0 
60.0 58.0 59.0 60.0 
60.0 59.0 61.0 61.0 
62.0 60.0 61.0 60.0 
68.0 59.0 64.0 67.0 
61.0 59.0 59.0 60.0 
60.0 60.0 60.0 60.0 
61.0 60.0 60.0 61.0 
69.0 59.0 64.0 67.0 
60.0 59.0 59.0 59.0 
60.0 59.0 60.0 60.0 
61.0 60.0 60.0 60.0 
68.0 60.0 64.0 67.0 
59.0 59.0 59.0 60.0 
60.0 59.0 60.0 60.0 
60.0 60.0 61.0 60.0 
68.0 60.0 64.0 66.0 
59.0 58.0 59.0 60.0 
60.0 60.0 60.0 61.0 
60.0 60.0 60.0 60.0 
68.0 60.0 64.0 66.0 
60.0 59.0 59.0 59.0 
60.0 59.0 62.0 60.0 
60.0 60.0 61.0 61.0 
68.0 59.0 65.0 66.0 
59.0 59.0 60.0 59.0 
60.0 60.0 60.0 60.0 
61.0 61.0 60.0 60.0 
68.0 59.0 64.0 66.0 
59.0 59.0 59.0 59.0 
60.0 59.0 60.0 61.0 
61.0 60.0 60.0 61.0 
68.0 60.0 64.0 67.0 
60.0 59.0 60.0 59.0 
60.0 59.0 61.0 61.0 
61.0 60.0 60.0 60.0 
68.0 59.0 64.0 67.0 
59.0 59.0 59.0 59.0 
61.0 59.0 60.0 61.0 
61.0 60.0 59.0 60.0 
68.0 59.0 64.0 67.0 
60.0 59.0 60.0 60.0 
61.0 60.0 61.0 60.0 
61.0 60.0 60.0 60.0 
69.0 60.0 64.0 67.0 
60.0 58.0 60.0 60.0 
60.0 59.0 60.0 61.0 
60.0 60.0 60.0 60.0 
68.0 59.0 64.0 66.0 
60.0 59.0 59.0 60.0 
60.0 59.0 61.0 60.0 
61.0 60.0 60.0 60.0 
68.0 59.0 64.0 67.0 
60.0 59.0 59.0 59.0 
60.0 59.0 60.0 60.0 
60.0 60.0 61.0 60.0 
68.0 60.0 64.0 67.0 
60.0 59.0 59.0 59.0 
60.0 59.0 60.0 61.0 
61.0 60.0 60.0 60.0 
68.0 59.0 64.0 66.0 
59.0 59.0 59.0 60.0 
59.0 59.0 61.0 60.0 
60.0 59.0 59.0 60.0 
68.0 60.0 64.0 66.0 
60.0 59.0 59.0 59.0 
60.0 59.0 60.0 60.0 
61.0 60.0 60.0 60.0 
69.0 59.0 64.0 66.0 
59.0 59.0 59.0 59.0 
60.0 60.0 60.0 61.0 
60.0 60.0 61.0 60.0 
69.0 59.0 64.0 66.0 
60.0 59.0 59.0 59.0 
59.0 59.0 60.0 61.0 
61.0 60.0 60.0 60.0 
68.0 59.0 65.0 67.0 
60.0 59.0 59.0 59.0 
60.0 59.0 61.0 60.0 
61.0 59.0 60.0 60.0 
68.0 60.0 64.0 66.0 
61.0 59.0 59.0 59.0 
60.0 59.0 60.0 61.0 
61.0 60.0 60.0 60.0 
68.0 59.0 65.0 66.0 
59.0 59.0 59.0 59.0 
60.0 59.0 61.0 61.0 
60.0 60.0 60.0 60.0 
70.0 59.0 64.0 66.0 
59.0 59.0 59.0 60.0 
60.0 59.0 60.0 61.0 
61.0 60.0 60.0 60.0 
69.0 60.0 64.0 67.0 
59.0 59.0 61.0 59.0 
60.0 59.0 61.0 61.0 
61.0 60.0 60.0 61.0 
68.0 59.0 64.0 67.0 
60.0 59.0 59.0 59.0 
60.0 59.0 61.0 61.0 
61.0 60.0 60.0 60.0 
68.0 59.0 64.0 66.0 
60.0 59.0 59.0 60.0 
58.0 60.0 60.0 60.0 
61.0 60.0 61.0 60.0 
69.0 59.0 64.0 66.0 
59.0 59.0 59.0 60.0 
60.0 59.0 60.0 60.0 
61.0 60.0 60.0 61.0 
69.0 59.0 64.0 66.0 
60.0 59.0 59.0 59.0 
59.0 59.0 61.0 60.0 
61.0 60.0 60.0 61.0 
68.0 60.0 65.0 67.0 
59.0 59.0 59.0 60.0 
60.0 59.0 60.0 61.0 
61.0 60.0 60.0 60.0 
68.0 60.0 64.0 66.0 
60.0 59.0 59.0 60.0 
60.0 59.0 61.0 60.0 
62.0 60.0 60.0 60.0 
68.0 59.0 64.0 66.0 
59.0 59.0 59.0 59.0 
60.0 59.0 61.0 61.0 
61.0 60.0 60.0 61.0 
69.0 59.0 65.0 67.0 
60.0 59.0 59.0 59.0 
60.0 59.0 61.0 61.0 
61.0 59.0 59.0 60.0 
69.0 60.0 64.0 66.0 
60.0 59.0 59.0 59.0 
60.0 59.0 61.0 60.0 
61.0 60.0 61.0 59.0 
69.0 59.0 64.0 66.0 
59.0 59.0 59.0 59.0 
60.0 60.0 60.0 61.0 
61.0 60.0 61.0 60.0 
69.0 59.0 64.0 66.0 
59.0 59.0 59.0 59.0 
59.0 59.0 61.0 61.0 
61.0 60.0 61.0 60.0 
69.0 59.0 64.0 66.0 
59.0 59.0 60.0 60.0 
60.0 60.0 60.0 61.0 
61.0 59.0 60.0 60.0 
69.0 59.0 64.0 66.0 
60.0 59.0 59.0 59.0 
60.0 59.0 61.0 60.0 
60.0 60.0 60.0 61.0 
69.0 59.0 64.0 66.0 
59.0 59.0 58.0 59.0 
60.0 59.0 60.0 61.0 
61.0 60.0 61.0 60.0 
69.0 59.0 64.0 67.0 
59.0 59.0 59.0 59.0 
60.0 58.0 60.0 61.0 
60.0 60.0 60.0 60.0 
69.0 60.0 64.0 67.0 
60.0 59.0 59.0 59.0 
60.0 59.0 62.0 61.0 
61.0 60.0 60.0 60.0 
68.0 60.0 64.0 67.0 
60.0 58.0 59.0 60.0 
60.0 60.0 60.0 61.0 
60.0 61.0 61.0 60.0 
69.0 60.0 64.0 66.0 
59.0 58.0 59.0 59.0 
60.0 60.0 60.0 61.0 
61.0 59.0 60.0 60.0 
70.0 59.0 64.0 67.0 
59.0 59.0 60.0 60.0 
60.0 59.0 60.0 61.0 
61.0 60.0 61.0 60.0 
69.0 60.0 64.0 66.0 
59.0 59.0 59.0 59.0 
60.0 59.0 60.0 60.0 
61.0 60.0 60.0 60.0 
69.0 59.0 64.0 67.0 
60.0 59.0 59.0 60.0 
59.0 59.0 61.0 60.0 
61.0 60.0 60.0 61.0 
69.0 60.0 64.0 67.0 
60.0 59.0 60.0 60.0 
60.0 60.0 60.0 61.0 
61.0 60.0 60.0 60.0 
69.0 59.0 64.0 66.0 
60.0 58.0 59.0 60.0 
60.0 59.0 60.0 61.0 
61.0 60.0 60.0 61.0 
69.0 60.0 64.0 67.0 
60.0 59.0 59.0 60.0 
60.0 59.0 62.0 61.0 
61.0 60.0 60.0 60.0 
69.0 60.0 64.0 67.0 
59.0 59.0 59.0 60.0 
60.0 59.0 60.0 60.0 
61.0 61.0 60.0 61.0 
69.0 60.0 64.0 67.0 
60.0 59.0 59.0 60.0 
59.0 61.0 61.0 61.0 
60.0 60.0 61.0 60.0 
70.0 60.0 65.0 67.0 
59.0 59.0 59.0 60.0 
59.0 59.0 60.0 61.0 
60.0 60.0 60.0 61.0 
70.0 59.0 64.0 67.0 
60.0 59.0 60.0 59.0 
60.0 59.0 59.0 61.0 
60.0 60.0 60.0 61.0 
69.0 59.0 64.0 66.0 
59.0 59.0 59.0 59.0 
60.0 59.0 60.0 60.0 
61.0 60.0 60.0 60.0 
69.0 60.0 64.0 67.0 
60.0 59.0 59.0 59.0 
60.0 59.0 61.0 61.0 
60.0 60.0 60.0 61.0 
69.0 60.0 64.0 66.0 
60.0 58.0 59.0 59.0 
60.0 59.0 61.0 61.0 
61.0 60.0 60.0 60.0 
69.0 58.0 64.0 67.0 
60.0 59.0 59.0 60.0 
59.0 59.0 61.0 60.0 
61.0 60.0 60.0 61.0 
69.0 60.0 65.0 66.0 
60.0 59.0 59.0 60.0 
60.0 59.0 61.0 60.0 
60.0 60.0 60.0 60.0 
69.0 59.0 64.0 66.0 
59.0 59.0 60.0 60.0 
60.0 60.0 60.0 60.0 
60.0 60.0 60.0 60.0 
69.0 60.0 64.0 67.0 
60.0 59.0 59.0 58.0 
60.0 59.0 61.0 61.0 
61.0 60.0 60.0 60.0 
70.0 59.0 64.0 66.0 
60.0 59.0 59.0 59.0 
60.0 60.0 61.0 61.0 
61.0 60.0 60.0 60.0 
69.0 60.0 64.0 66.0 
60.0 59.0 59.0 59.0 
60.0 59.0 61.0 61.0 
61.0 59.0 60.0 60.0 
70.0 60.0 64.0 67.0 
59.0 59.0 59.0 59.0 
60.0 59.0 61.0 61.0 
60.0 60.0 61.0 60.0 
69.0 59.0 64.0 67.0 
60.0 59.0 59.0 59.0 
60.0 59.0 61.0 61.0 
60.0 60.0 60.0 60.0 
70.0 59.0 64.0 66.0 
60.0 59.0 59.0 59.0 
60.0 60.0 60.0 61.0 
61.0 60.0 60.0 60.0 
70.0 60.0 64.0 67.0 
60.0 59.0 59.0 59.0 
60.0 59.0 61.0 61.0 
61.0 60.0 60.0 60.0 
69.0 60.0 64.0 67.0 
59.0 59.0 59.0 59.0 
60.0 60.0 60.0 61.0 
60.0 60.0 61.0 61.0 
71.0 59.0 64.0 67.0 
59.0 59.0 59.0 59.0 
60.0 59.0 60.0 60.0 
61.0 60.0 61.0 60.0 
69.0 59.0 64.0 67.0 
59.0 59.0 59.0 59.0 
60.0 59.0 61.0 61.0 
61.0 60.0 59.0 61.0 
69.0 60.0 65.0 67.0 
59.0 59.0 59.0 59.0 
60.0 59.0 60.0 60.0 
60.0 59.0 61.0 60.0 
69.0 59.0 64.0 66.0 
59.0 58.0 59.0 59.0 
59.0 59.0 60.0 61.0 
61.0 60.0 60.0 60.0 
69.0 59.0 64.0 66.0 
60.0 58.0 59.0 60.0 
60.0 59.0 60.0 61.0 
61.0 59.0 60.0 60.0 
69.0 59.0 64.0 67.0 
60.0 59.0 59.0 60.0 
60.0 59.0 60.0 61.0 
61.0 60.0 60.0 60.0 
70.0 60.0 64.0 67.0 
60.0 57.0 59.0 59.0 
61.0 59.0 61.0 60.0 
61.0 60.0 60.0 61.0 
70.0 59.0 64.0 66.0 
59.0 59.0 59.0 59.0 
59.0 61.0 60.0 61.0 
61.0 60.0 60.0 60.0 
70.0 59.0 65.0 66.0 
59.0 58.0 60.0 59.0 
59.0 59.0 60.0 60.0 
60.0 60.0 60.0 60.0 
70.0 60.0 64.0 66.0 
59.0 59.0 59.0 59.0 
60.0 59.0 60.0 61.0 
61.0 60.0 59.0 60.0 
70.0 59.0 64.0 67.0 
60.0 58.0 59.0 60.0 
60.0 59.0 60.0 61.0 
60.0 60.0 60.0 60.0 
69.0 59.0 64.0 67.0 
60.0 59.0 59.0 58.0 
60.0 59.0 61.0 60.0 
61.0 59.0 60.0 61.0 
69.0 59.0 64.0 66.0 
60.0 58.0 59.0 60.0 
60.0 59.0 60.0 60.0 
61.0 60.0 60.0 60.0 
69.0 59.0 65.0 67.0 
59.0 58.0 60.0 60.0 
59.0 59.0 61.0 61.0 
62.0 60.0 60.0 60.0 
70.0 59.0 64.0 66.0 
60.0 59.0 58.0 59.0 
60.0 59.0 60.0 61.0 
61.0 60.0 60.0 60.0 
69.0 59.0 65.0 67.0 
60.0 59.0 59.0 59.0 
59.0 60.0 61.0 60.0 
61.0 60.0 61.0 60.0 
70.0 60.0 64.0 67.0 
60.0 59.0 59.0 59.0 
60.0 60.0 60.0 61.0 
60.0 60.0 60.0 60.0 
69.0 59.0 64.0 66.0 
60.0 58.0 59.0 58.0 
59.0 59.0 61.0 61.0 
61.0 60.0 60.0 60.0 
69.0 60.0 64.0 66.0 
60.0 59.0 59.0 59.0 
60.0 59.0 60.0 61.0 
61.0 60.0 60.0 61.0 
69.0 59.0 64.0 67.0 
59.0 59.0 59.0 60.0 
60.0 59.0 61.0 60.0 
60.0 60.0 61.0 60.0 
69.0 59.0 64.0 66.0 
59.0 59.0 59.0 59.0 
60.0 58.0 61.0 61.0 
60.0 60.0 60.0 60.0 
70.0 60.0 64.0 67.0 
60.0 58.0 59.0 59.0 
60.0 60.0 60.0 61.0 
60.0 60.0 60.0 60.0 
69.0 59.0 64.0 67.0 
60.0 58.0 60.0 60.0 
60.0 59.0 61.0 61.0 
61.0 60.0 61.0 60.0 
69.0 60.0 64.0 67.0 
60.0 58.0 59.0 59.0 
59.0 60.0 60.0 61.0 
61.0 60.0 60.0 60.0 
69.0 59.0 64.0 67.0 
60.0 58.0 59.0 59.0 
60.0 59.0 60.0 61.0 
60.0 60.0 60.0 60.0 
69.0 60.0 64.0 67.0 
60.0 59.0 59.0 59.0 
60.0 59.0 61.0 61.0 
61.0 60.0 61.0 60.0 
69.0 59.0 65.0 67.0 
59.0 59.0 59.0 59.0 
60.0 59.0 61.0 61.0 
61.0 60.0 60.0 60.0 
69.0 60.0 64.0 67.0 
59.0 58.0 59.0 59.0 
60.0 60.0 62.0 61.0 
60.0 59.0 60.0 60.0 
69.0 60.0 64.0 66.0 
59.0 58.0 60.0 59.0 
60.0 59.0 61.0 62.0 
60.0 60.0 60.0 61.0 
69.0 59.0 64.0 66.0 
59.0 59.0 59.0 59.0 
60.0 59.0 61.0 61.0 
61.0 60.0 60.0 60.0 
69.0 59.0 64.0 66.0 
59.0 58.0 59.0 59.0 
60.0 59.0 61.0 61.0 
61.0 62.0 60.0 60.0 
69.0 60.0 65.0 67.0 
59.0 59.0 59.0 60.0 
59.0 61.0 60.0 61.0 
60.0 60.0 60.0 61.0 
70.0 59.0 64.0 67.0 
60.0 59.0 59.0 59.0 
59.0 59.0 61.0 61.0 
61.0 60.0 60.0 60.0 
70.0 59.0 64.0 66.0 
59.0 59.0 59.0 59.0 
60.0 59.0 61.0 61.0 
61.0 60.0 60.0 59.0 
69.0 59.0 64.0 67.0 
60.0 59.0 59.0 59.0 
60.0 59.0 60.0 61.0 
60.0 59.0 60.0 60.0 
69.0 59.0 65.0 67.0 
60.0 59.0 59.0 60.0 
60.0 59.0 60.0 61.0 
60.0 60.0 60.0 60.0 
69.0 59.0 65.0 66.0 
59.0 59.0 59.0 59.0 
59.0 59.0 60.0 61.0 
60.0 60.0 60.0 60.0 
69.0 60.0 64.0 67.0 
59.0 59.0 59.0 59.0 
59.0 60.0 60.0 61.0 
61.0 60.0 60.0 60.0 
70.0 59.0 64.0 67.0 
60.0 59.0 59.0 59.0 
60.0 59.0 60.0 61.0 
62.0 60.0 60.0 60.0 
69.0 59.0 64.0 66.0 
60.0 59.0 59.0 60.0 
61.0 60.0 60.0 61.0 
61.0 60.0 61.0 61.0 
69.0 58.0 64.0 67.0 
60.0 58.0 59.0 60.0 
60.0 59.0 61.0 61.0 
61.0 60.0 60.0 60.0 
69.0 59.0 64.0 66.0 
59.0 59.0 59.0 59.0 
60.0 59.0 60.0 60.0 
60.0 59.0 60.0 60.0 
69.0 60.0 64.0 66.0 
60.0 58.0 59.0 59.0 
60.0 59.0 60.0 61.0 
61.0 60.0 60.0 60.0 
69.0 60.0 65.0 67.0 
59.0 59.0 58.0 59.0 
60.0 59.0 60.0 61.0 
61.0 60.0 61.0 60.0 
69.0 60.0 64.0 67.0 
60.0 59.0 59.0 59.0 
60.0 59.0 60.0 61.0 
60.0 60.0 60.0 61.0 
70.0 59.0 64.0 67.0 
59.0 59.0 60.0 60.0 
60.0 59.0 61.0 60.0 
61.0 60.0 60.0 60.0 
70.0 60.0 64.0 67.0 
59.0 59.0 59.0 60.0 
60.0 59.0 60.0 60.0 
60.0 60.0 60.0 61.0 
70.0 59.0 64.0 67.0 
60.0 59.0 59.0 59.0 
60.0 59.0 60.0 61.0 
61.0 60.0 59.0 60.0 
70.0 60.0 64.0 67.0 
60.0 58.0 60.0 60.0 
60.0 59.0 61.0 61.0 
60.0 60.0 60.0 60.0 
70.0 59.0 64.0 67.0 
59.0 59.0 59.0 59.0 
61.0 59.0 61.0 60.0 
60.0 59.0 60.0 60.0 
70.0 60.0 64.0 67.0 
60.0 59.0 59.0 59.0 
59.0 59.0 60.0 61.0 
60.0 60.0 61.0 60.0 
70.0 59.0 64.0 67.0 
59.0 59.0 59.0 60.0 
60.0 59.0 60.0 60.0 
60.0 60.0 60.0 60.0 
70.0 59.0 64.0 67.0 
59.0 59.0 58.0 60.0 
60.0 59.0 60.0 61.0 
60.0 59.0 60.0 60.0 
70.0 59.0 65.0 66.0 
60.0 59.0 59.0 59.0 
60.0 58.0 60.0 61.0 
61.0 60.0 60.0 60.0 
70.0 60.0 64.0 67.0 
59.0 59.0 59.0 59.0 
60.0 59.0 61.0 60.0 
61.0 60.0 60.0 60.0 
70.0 60.0 64.0 67.0 
60.0 59.0 59.0 60.0 
60.0 60.0 60.0 61.0 
61.0 60.0 61.0 60.0 
71.0 59.0 64.0 67.0 
60.0 58.0 59.0 59.0 
59.0 59.0 60.0 60.0 
60.0 60.0 60.0 60.0 
69.0 60.0 64.0 68.0 
60.0 58.0 59.0 60.0 
59.0 59.0 61.0 61.0 
60.0 60.0 61.0 60.0 
70.0 59.0 65.0 67.0 
59.0 59.0 60.0 59.0 
60.0 59.0 60.0 61.0 
60.0 60.0 59.0 60.0 
70.0 59.0 64.0 67.0 
59.0 58.0 60.0 59.0 
60.0 59.0 61.0 60.0 
61.0 60.0 60.0 60.0 
70.0 59.0 65.0 67.0 
59.0 59.0 59.0 59.0 
60.0 59.0 60.0 61.0 
61.0 59.0 60.0 60.0 
70.0 59.0 64.0 67.0 
60.0 59.0 59.0 59.0 
59.0 58.0 60.0 61.0 
61.0 60.0 60.0 60.0 
70.0 59.0 65.0 67.0 
59.0 59.0 59.0 59.0 
60.0 59.0 60.0 61.0 
61.0 61.0 60.0 60.0 
70.0 60.0 64.0 67.0 
60.0 58.0 59.0 59.0 
58.0 60.0 60.0 61.0 
61.0 60.0 60.0 60.0 
72.0 59.0 64.0 67.0 
59.0 58.0 59.0 60.0 
60.0 59.0 60.0 60.0 
61.0 60.0 60.0 60.0 
70.0 60.0 63.0 67.0 
59.0 58.0 59.0 59.0 
60.0 59.0 61.0 60.0 
61.0 59.0 60.0 60.0 
70.0 59.0 64.0 67.0 
60.0 58.0 59.0 59.0 
59.0 60.0 60.0 61.0 
61.0 60.0 60.0 60.0 
70.0 59.0 64.0 66.0 
59.0 59.0 58.0 59.0 
60.0 59.0 60.0 60.0 
60.0 60.0 60.0 60.0 
70.0 59.0 64.0 67.0 
60.0 58.0 60.0 60.0 
59.0 59.0 60.0 60.0 
60.0 60.0 60.0 60.0 
70.0 59.0 64.0 67.0 
59.0 58.0 59.0 60.0 
60.0 59.0 60.0 60.0 
