114.0 59.0 90.0 77.0 
57.0 57.0 58.0 59.0 
58.0 58.0 60.0 61.0 
56.0 59.0 57.0 58.0 
113.0 58.0 91.0 78.0 
57.0 58.0 59.0 59.0 
58.0 58.0 60.0 62.0 
57.0 58.0 57.0 57.0 
115.0 59.0 90.0 77.0 
57.0 58.0 58.0 59.0 
59.0 58.0 60.0 62.0 
57.0 58.0 58.0 58.0 
113.0 58.0 90.0 78.0 
58.0 57.0 60.0 59.0 
59.0 60.0 59.0 62.0 
57.0 58.0 57.0 58.0 
112.0 58.0 90.0 78.0 
55.0 58.0 58.0 59.0 
58.0 58.0 62.0 61.0 
56.0 59.0 57.0 57.0 
114.0 59.0 90.0 78.0 
58.0 58.0 58.0 59.0 
59.0 58.0 60.0 61.0 
59.0 58.0 58.0 59.0 
113.0 58.0 90.0 78.0 
58.0 58.0 59.0 59.0 
59.0 58.0 60.0 62.0 
57.0 59.0 57.0 58.0 
114.0 58.0 92.0 77.0 
58.0 58.0 59.0 59.0 
59.0 58.0 60.0 62.0 
57.0 58.0 58.0 59.0 
114.0 59.0 91.0 78.0 
58.0 57.0 59.0 59.0 
59.0 58.0 60.0 62.0 
57.0 59.0 59.0 59.0 
114.0 59.0 90.0 78.0 
57.0 57.0 59.0 58.0 
60.0 58.0 60.0 62.0 
57.0 58.0 58.0 59.0 
114.0 58.0 91.0 77.0 
58.0 57.0 60.0 59.0 
58.0 60.0 60.0 61.0 
57.0 59.0 59.0 59.0 
113.0 58.0 91.0 78.0 
57.0 59.0 59.0 59.0 
58.0 58.0 60.0 62.0 
57.0 58.0 59.0 58.0 
114.0 57.0 90.0 77.0 
57.0 58.0 58.0 59.0 
59.0 58.0 60.0 61.0 
57.0 61.0 58.0 58.0 
114.0 59.0 90.0 78.0 
56.0 58.0 59.0 61.0 
59.0 58.0 60.0 61.0 
57.0 59.0 57.0 58.0 
113.0 58.0 92.0 77.0 
57.0 58.0 59.0 59.0 
59.0 58.0 60.0 62.0 
57.0 58.0 58.0 59.0 
115.0 58.0 90.0 77.0 
58.0 58.0 58.0 60.0 
58.0 58.0 60.0 61.0 
57.0 59.0 58.0 59.0 
114.0 58.0 91.0 77.0 
58.0 58.0 59.0 59.0 
58.0 58.0 60.0 61.0 
56.0 60.0 58.0 58.0 
113.0 59.0 90.0 79.0 
56.0 58.0 58.0 59.0 
59.0 58.0 60.0 61.0 
56.0 59.0 58.0 59.0 
113.0 58.0 90.0 78.0 
58.0 57.0 59.0 59.0 
59.0 58.0 60.0 61.0 
57.0 59.0 56.0 58.0 
113.0 59.0 90.0 77.0 
57.0 57.0 59.0 60.0 
58.0 58.0 60.0 62.0 
57.0 59.0 58.0 58.0 
113.0 57.0 91.0 77.0 
57.0 57.0 58.0 60.0 
58.0 59.0 60.0 62.0 
57.0 58.0 58.0 58.0 
113.0 59.0 90.0 77.0 
58.0 57.0 59.0 59.0 
59.0 58.0 60.0 62.0 
58.0 59.0 58.0 59.0 
113.0 58.0 91.0 78.0 
57.0 58.0 58.0 59.0 
59.0 57.0 61.0 62.0 
57.0 59.0 58.0 58.0 
114.0 58.0 90.0 77.0 
57.0 57.0 59.0 60.0 
59.0 56.0 59.0 62.0 
58.0 59.0 57.0 59.0 
114.0 59.0 90.0 78.0 
58.0 57.0 59.0 59.0 
59.0 58.0 60.0 61.0 
57.0 59.0 58.0 58.0 
113.0 58.0 91.0 77.0 
57.0 58.0 58.0 58.0 
59.0 58.0 60.0 62.0 
58.0 59.0 57.0 58.0 
113.0 58.0 91.0 77.0 
57.0 59.0 58.0 60.0 
58.0 58.0 60.0 62.0 
57.0 59.0 57.0 59.0 
113.0 59.0 90.0 78.0 
58.0 59.0 59.0 59.0 
58.0 59.0 60.0 61.0 
57.0 59.0 59.0 59.0 
114.0 58.0 90.0 77.0 
57.0 57.0 59.0 59.0 
59.0 58.0 61.0 61.0 
57.0 59.0 58.0 59.0 
113.0 58.0 90.0 78.0 
57.0 58.0 59.0 60.0 
59.0 58.0 61.0 62.0 
57.0 58.0 58.0 58.0 
113.0 59.0 90.0 78.0 
58.0 57.0 60.0 59.0 
59.0 58.0 60.0 61.0 
57.0 58.0 58.0 58.0 
114.0 59.0 91.0 79.0 
58.0 57.0 59.0 59.0 
58.0 58.0 60.0 62.0 
57.0 59.0 57.0 59.0 
113.0 59.0 91.0 78.0 
58.0 57.0 60.0 59.0 
60.0 58.0 61.0 62.0 
57.0 58.0 58.0 59.0 
114.0 59.0 89.0 77.0 
57.0 58.0 59.0 59.0 
59.0 58.0 61.0 61.0 
57.0 59.0 57.0 59.0 
114.0 58.0 90.0 77.0 
57.0 58.0 58.0 60.0 
58.0 59.0 60.0 62.0 
57.0 59.0 58.0 59.0 
113.0 58.0 91.0 77.0 
57.0 58.0 58.0 61.0 
59.0 58.0 61.0 62.0 
57.0 59.0 58.0 59.0 
114.0 60.0 90.0 78.0 
58.0 57.0 59.0 60.0 
59.0 58.0 60.0 62.0 
56.0 59.0 58.0 58.0 
113.0 58.0 91.0 77.0 
57.0 58.0 58.0 59.0 
59.0 58.0 60.0 62.0 
56.0 59.0 58.0 58.0 
113.0 58.0 90.0 78.0 
57.0 58.0 59.0 60.0 
58.0 58.0 61.0 62.0 
57.0 59.0 58.0 59.0 
113.0 59.0 90.0 78.0 
59.0 57.0 60.0 59.0 
59.0 57.0 60.0 61.0 
56.0 60.0 58.0 59.0 
113.0 60.0 87.0 79.0 
58.0 56.0 59.0 59.0 
58.0 58.0 60.0 61.0 
57.0 59.0 58.0 59.0 
112.0 59.0 90.0 77.0 
58.0 58.0 59.0 60.0 
59.0 58.0 60.0 62.0 
57.0 58.0 58.0 59.0 
113.0 57.0 91.0 78.0 
57.0 57.0 59.0 60.0 
58.0 59.0 60.0 62.0 
57.0 59.0 58.0 59.0 
113.0 58.0 90.0 78.0 
57.0 58.0 59.0 60.0 
58.0 57.0 60.0 62.0 
58.0 59.0 58.0 59.0 
112.0 59.0 91.0 78.0 
58.0 57.0 59.0 60.0 
59.0 58.0 60.0 62.0 
57.0 56.0 58.0 58.0 
113.0 59.0 90.0 78.0 
58.0 58.0 59.0 60.0 
59.0 58.0 60.0 62.0 
57.0 58.0 59.0 59.0 
112.0 58.0 91.0 78.0 
58.0 58.0 59.0 59.0 
60.0 58.0 60.0 62.0 
58.0 58.0 58.0 59.0 
114.0 58.0 91.0 79.0 
58.0 58.0 60.0 60.0 
60.0 59.0 61.0 61.0 
57.0 58.0 58.0 59.0 
113.0 59.0 91.0 78.0 
58.0 58.0 59.0 59.0 
58.0 58.0 60.0 62.0 
58.0 59.0 58.0 59.0 
113.0 59.0 91.0 78.0 
58.0 58.0 60.0 59.0 
58.0 59.0 60.0 62.0 
57.0 58.0 58.0 60.0 
113.0 59.0 90.0 78.0 
58.0 58.0 59.0 60.0 
58.0 59.0 60.0 62.0 
57.0 59.0 59.0 59.0 
114.0 59.0 90.0 78.0 
58.0 58.0 60.0 59.0 
59.0 58.0 60.0 62.0 
58.0 58.0 58.0 59.0 
114.0 60.0 91.0 78.0 
58.0 59.0 59.0 59.0 
59.0 58.0 61.0 62.0 
57.0 60.0 59.0 59.0 
113.0 58.0 90.0 78.0 
56.0 57.0 60.0 60.0 
59.0 58.0 60.0 61.0 
56.0 59.0 58.0 59.0 
112.0 58.0 91.0 79.0 
58.0 58.0 60.0 59.0 
59.0 58.0 61.0 62.0 
58.0 59.0 59.0 59.0 
113.0 58.0 91.0 78.0 
57.0 57.0 59.0 60.0 
59.0 59.0 60.0 62.0 
57.0 59.0 58.0 60.0 
114.0 58.0 91.0 78.0 
58.0 58.0 60.0 60.0 
59.0 58.0 60.0 62.0 
58.0 59.0 58.0 59.0 
114.0 59.0 90.0 78.0 
59.0 57.0 59.0 59.0 
59.0 58.0 60.0 63.0 
57.0 61.0 59.0 59.0 
114.0 59.0 90.0 78.0 
58.0 58.0 59.0 60.0 
59.0 59.0 61.0 62.0 
58.0 60.0 58.0 58.0 
114.0 59.0 91.0 77.0 
57.0 58.0 60.0 59.0 
59.0 59.0 60.0 63.0 
57.0 59.0 57.0 59.0 
114.0 59.0 91.0 79.0 
58.0 58.0 59.0 60.0 
58.0 59.0 61.0 61.0 
57.0 59.0 59.0 59.0 
114.0 58.0 91.0 78.0 
58.0 58.0 59.0 60.0 
58.0 59.0 60.0 62.0 
57.0 58.0 58.0 58.0 
114.0 59.0 91.0 78.0 
57.0 58.0 59.0 60.0 
59.0 58.0 60.0 62.0 
57.0 59.0 58.0 60.0 
114.0 58.0 92.0 78.0 
57.0 59.0 58.0 60.0 
59.0 58.0 61.0 62.0 
58.0 59.0 58.0 59.0 
114.0 59.0 91.0 80.0 
57.0 57.0 61.0 59.0 
59.0 58.0 60.0 61.0 
58.0 58.0 59.0 59.0 
114.0 59.0 91.0 79.0 
58.0 58.0 59.0 60.0 
59.0 58.0 61.0 62.0 
58.0 59.0 58.0 58.0 
114.0 59.0 91.0 78.0 
58.0 58.0 59.0 60.0 
59.0 58.0 60.0 62.0 
57.0 59.0 58.0 59.0 
114.0 59.0 90.0 78.0 
58.0 58.0 60.0 59.0 
59.0 58.0 61.0 62.0 
57.0 60.0 57.0 58.0 
113.0 60.0 91.0 79.0 
58.0 57.0 58.0 60.0 
60.0 58.0 61.0 62.0 
57.0 59.0 59.0 59.0 
114.0 58.0 91.0 78.0 
58.0 58.0 60.0 60.0 
59.0 58.0 61.0 62.0 
58.0 58.0 58.0 59.0 
114.0 59.0 90.0 78.0 
58.0 58.0 59.0 61.0 
59.0 58.0 61.0 62.0 
57.0 59.0 58.0 59.0 
113.0 59.0 92.0 78.0 
58.0 58.0 60.0 59.0 
58.0 58.0 61.0 62.0 
57.0 59.0 58.0 59.0 
113.0 59.0 91.0 78.0 
57.0 58.0 59.0 60.0 
60.0 58.0 60.0 63.0 
58.0 59.0 59.0 59.0 
113.0 59.0 91.0 79.0 
58.0 58.0 60.0 60.0 
59.0 58.0 60.0 62.0 
58.0 60.0 58.0 59.0 
114.0 58.0 91.0 78.0 
58.0 58.0 59.0 60.0 
59.0 60.0 61.0 62.0 
58.0 59.0 59.0 59.0 
114.0 58.0 91.0 78.0 
58.0 58.0 60.0 60.0 
58.0 58.0 61.0 62.0 
59.0 58.0 58.0 59.0 
114.0 58.0 92.0 78.0 
58.0 58.0 60.0 60.0 
59.0 59.0 60.0 62.0 
58.0 59.0 58.0 59.0 
112.0 60.0 91.0 78.0 
58.0 59.0 61.0 60.0 
59.0 58.0 60.0 63.0 
57.0 60.0 58.0 59.0 
113.0 58.0 91.0 78.0 
59.0 58.0 59.0 60.0 
60.0 59.0 61.0 62.0 
58.0 59.0 58.0 58.0 
114.0 59.0 92.0 78.0 
58.0 57.0 59.0 60.0 
59.0 58.0 61.0 62.0 
58.0 59.0 58.0 59.0 
114.0 60.0 91.0 79.0 
58.0 58.0 60.0 60.0 
59.0 58.0 60.0 63.0 
59.0 59.0 59.0 59.0 
113.0 59.0 91.0 78.0 
58.0 58.0 61.0 60.0 
59.0 58.0 61.0 62.0 
57.0 58.0 58.0 59.0 
113.0 59.0 91.0 77.0 
58.0 59.0 60.0 60.0 
60.0 60.0 61.0 62.0 
57.0 59.0 58.0 60.0 
113.0 59.0 91.0 79.0 
59.0 58.0 59.0 60.0 
58.0 58.0 61.0 62.0 
58.0 59.0 58.0 58.0 
113.0 59.0 91.0 79.0 
58.0 57.0 60.0 60.0 
58.0 59.0 60.0 62.0 
58.0 58.0 59.0 59.0 
114.0 59.0 91.0 78.0 
56.0 58.0 60.0 61.0 
58.0 59.0 61.0 62.0 
57.0 60.0 58.0 60.0 
114.0 58.0 91.0 78.0 
59.0 58.0 60.0 60.0 
60.0 59.0 61.0 62.0 
58.0 60.0 58.0 59.0 
114.0 59.0 91.0 79.0 
58.0 57.0 59.0 60.0 
59.0 58.0 61.0 62.0 
57.0 60.0 58.0 59.0 
113.0 59.0 91.0 78.0 
59.0 58.0 59.0 61.0 
59.0 58.0 62.0 62.0 
58.0 59.0 57.0 59.0 
114.0 59.0 91.0 78.0 
58.0 58.0 59.0 60.0 
59.0 59.0 61.0 61.0 
58.0 59.0 58.0 59.0 
114.0 59.0 91.0 79.0 
58.0 58.0 60.0 60.0 
59.0 58.0 60.0 63.0 
58.0 59.0 58.0 59.0 
114.0 59.0 91.0 78.0 
58.0 58.0 60.0 60.0 
59.0 58.0 61.0 62.0 
59.0 60.0 58.0 58.0 
113.0 60.0 90.0 79.0 
58.0 58.0 60.0 60.0 
58.0 59.0 60.0 62.0 
57.0 59.0 59.0 60.0 
114.0 59.0 92.0 78.0 
58.0 58.0 60.0 60.0 
59.0 59.0 60.0 62.0 
58.0 59.0 57.0 59.0 
114.0 59.0 91.0 79.0 
59.0 58.0 59.0 60.0 
59.0 59.0 61.0 62.0 
58.0 59.0 58.0 59.0 
115.0 59.0 92.0 78.0 
58.0 59.0 59.0 60.0 
60.0 58.0 61.0 61.0 
58.0 59.0 58.0 60.0 
114.0 59.0 91.0 79.0 
59.0 56.0 60.0 60.0 
59.0 59.0 60.0 62.0 
58.0 59.0 58.0 59.0 
113.0 59.0 92.0 78.0 
58.0 59.0 60.0 60.0 
59.0 59.0 60.0 62.0 
58.0 59.0 59.0 59.0 
113.0 59.0 91.0 78.0 
59.0 58.0 60.0 60.0 
58.0 60.0 61.0 62.0 
58.0 59.0 58.0 60.0 
114.0 60.0 91.0 79.0 
59.0 58.0 60.0 60.0 
60.0 59.0 61.0 62.0 
59.0 59.0 58.0 60.0 
115.0 59.0 91.0 78.0 
59.0 59.0 60.0 60.0 
59.0 59.0 61.0 62.0 
58.0 59.0 59.0 59.0 
114.0 60.0 91.0 78.0 
58.0 59.0 60.0 61.0 
59.0 58.0 61.0 62.0 
57.0 59.0 59.0 59.0 
115.0 59.0 91.0 78.0 
59.0 58.0 61.0 60.0 
59.0 59.0 61.0 62.0 
58.0 60.0 58.0 59.0 
115.0 59.0 91.0 78.0 
58.0 58.0 60.0 60.0 
59.0 58.0 61.0 62.0 
58.0 60.0 58.0 60.0 
114.0 59.0 91.0 78.0 
58.0 58.0 60.0 60.0 
59.0 58.0 61.0 62.0 
57.0 59.0 59.0 59.0 
113.0 59.0 91.0 79.0 
58.0 58.0 60.0 60.0 
60.0 58.0 62.0 62.0 
58.0 60.0 58.0 59.0 
115.0 59.0 91.0 78.0 
59.0 58.0 60.0 60.0 
60.0 59.0 62.0 62.0 
57.0 60.0 59.0 59.0 
114.0 60.0 91.0 79.0 
59.0 58.0 60.0 60.0 
58.0 59.0 61.0 61.0 
58.0 60.0 59.0 59.0 
114.0 60.0 90.0 79.0 
59.0 58.0 61.0 60.0 
59.0 59.0 61.0 63.0 
58.0 60.0 59.0 59.0 
114.0 59.0 91.0 79.0 
58.0 59.0 60.0 60.0 
60.0 58.0 60.0 63.0 
58.0 59.0 59.0 59.0 
114.0 59.0 90.0 78.0 
58.0 58.0 60.0 60.0 
59.0 59.0 59.0 62.0 
57.0 60.0 58.0 60.0 
114.0 60.0 91.0 78.0 
58.0 58.0 60.0 60.0 
59.0 60.0 60.0 63.0 
58.0 59.0 59.0 60.0 
115.0 59.0 91.0 78.0 
58.0 59.0 60.0 61.0 
58.0 59.0 61.0 62.0 
58.0 59.0 58.0 60.0 
114.0 59.0 91.0 78.0 
59.0 58.0 61.0 60.0 
59.0 59.0 61.0 62.0 
58.0 59.0 58.0 59.0 
116.0 59.0 91.0 80.0 
58.0 58.0 60.0 60.0 
60.0 60.0 61.0 62.0 
58.0 60.0 60.0 59.0 
114.0 59.0 91.0 78.0 
58.0 58.0 59.0 61.0 
59.0 59.0 62.0 62.0 
58.0 59.0 58.0 59.0 
115.0 59.0 91.0 79.0 
60.0 58.0 60.0 60.0 
59.0 59.0 62.0 62.0 
57.0 61.0 58.0 59.0 
115.0 59.0 91.0 78.0 
58.0 58.0 60.0 60.0 
60.0 59.0 61.0 62.0 
57.0 60.0 58.0 60.0 
115.0 58.0 91.0 79.0 
58.0 58.0 60.0 60.0 
60.0 59.0 61.0 62.0 
57.0 60.0 58.0 59.0 
116.0 59.0 91.0 78.0 
59.0 58.0 60.0 61.0 
59.0 60.0 62.0 63.0 
58.0 60.0 59.0 60.0 
114.0 59.0 91.0 79.0 
58.0 58.0 61.0 60.0 
60.0 59.0 60.0 63.0 
58.0 60.0 58.0 60.0 
114.0 60.0 91.0 78.0 
58.0 58.0 61.0 60.0 
59.0 59.0 60.0 63.0 
58.0 59.0 59.0 59.0 
115.0 59.0 91.0 78.0 
59.0 58.0 60.0 61.0 
59.0 60.0 61.0 62.0 
58.0 60.0 58.0 59.0 
115.0 59.0 91.0 79.0 
59.0 59.0 60.0 60.0 
59.0 59.0 60.0 63.0 
58.0 60.0 59.0 60.0 
115.0 59.0 91.0 79.0 
59.0 58.0 60.0 60.0 
58.0 59.0 61.0 62.0 
58.0 60.0 59.0 59.0 
114.0 59.0 90.0 79.0 
58.0 58.0 60.0 60.0 
59.0 58.0 61.0 63.0 
58.0 60.0 58.0 60.0 
114.0 60.0 91.0 79.0 
59.0 59.0 60.0 61.0 
59.0 59.0 61.0 63.0 
58.0 59.0 59.0 60.0 
115.0 60.0 91.0 79.0 
59.0 59.0 60.0 60.0 
59.0 59.0 61.0 63.0 
58.0 59.0 61.0 60.0 
116.0 59.0 91.0 79.0 
58.0 58.0 59.0 61.0 
59.0 59.0 63.0 61.0 
58.0 59.0 58.0 60.0 
117.0 60.0 91.0 78.0 
59.0 58.0 60.0 61.0 
59.0 59.0 61.0 63.0 
58.0 60.0 59.0 60.0 
116.0 59.0 90.0 79.0 
59.0 58.0 59.0 60.0 
60.0 61.0 61.0 63.0 
59.0 59.0 59.0 59.0 
116.0 59.0 91.0 80.0 
58.0 59.0 60.0 61.0 
59.0 59.0 61.0 62.0 
58.0 59.0 59.0 59.0 
116.0 59.0 91.0 78.0 
59.0 58.0 60.0 60.0 
60.0 59.0 62.0 62.0 
57.0 60.0 59.0 59.0 
116.0 60.0 90.0 79.0 
60.0 59.0 59.0 61.0 
60.0 59.0 62.0 62.0 
58.0 59.0 59.0 59.0 
116.0 60.0 91.0 79.0 
58.0 58.0 61.0 61.0 
60.0 59.0 62.0 62.0 
58.0 60.0 59.0 59.0 
116.0 59.0 91.0 79.0 
58.0 58.0 60.0 61.0 
59.0 59.0 61.0 63.0 
58.0 60.0 59.0 59.0 
116.0 60.0 91.0 78.0 
57.0 59.0 60.0 61.0 
60.0 59.0 62.0 63.0 
59.0 60.0 60.0 59.0 
116.0 60.0 92.0 79.0 
59.0 58.0 61.0 61.0 
60.0 59.0 63.0 62.0 
58.0 60.0 59.0 59.0 
115.0 59.0 91.0 79.0 
58.0 58.0 60.0 61.0 
60.0 59.0 61.0 62.0 
58.0 59.0 60.0 59.0 
116.0 59.0 91.0 79.0 
59.0 58.0 60.0 61.0 
60.0 59.0 62.0 63.0 
58.0 59.0 59.0 59.0 
115.0 59.0 91.0 79.0 
58.0 59.0 60.0 61.0 
60.0 59.0 61.0 62.0 
57.0 60.0 58.0 60.0 
115.0 60.0 91.0 79.0 
59.0 58.0 60.0 60.0 
60.0 59.0 61.0 63.0 
58.0 60.0 59.0 60.0 
115.0 61.0 91.0 78.0 
60.0 57.0 60.0 60.0 
59.0 59.0 61.0 62.0 
59.0 59.0 60.0 58.0 
115.0 59.0 90.0 79.0 
59.0 60.0 60.0 61.0 
59.0 59.0 61.0 62.0 
59.0 60.0 58.0 61.0 
115.0 59.0 92.0 78.0 
59.0 59.0 60.0 60.0 
59.0 58.0 62.0 63.0 
58.0 59.0 58.0 60.0 
114.0 59.0 91.0 78.0 
58.0 59.0 60.0 61.0 
60.0 59.0 61.0 62.0 
57.0 60.0 59.0 59.0 
114.0 59.0 91.0 79.0 
58.0 59.0 59.0 62.0 
60.0 59.0 61.0 62.0 
59.0 59.0 58.0 60.0 
116.0 59.0 91.0 79.0 
59.0 59.0 60.0 61.0 
60.0 59.0 61.0 63.0 
59.0 59.0 59.0 59.0 
115.0 60.0 91.0 79.0 
59.0 59.0 60.0 60.0 
59.0 59.0 61.0 64.0 
59.0 59.0 59.0 60.0 
115.0 59.0 90.0 79.0 
60.0 58.0 61.0 60.0 
60.0 59.0 61.0 63.0 
58.0 60.0 58.0 60.0 
115.0 60.0 91.0 79.0 
58.0 59.0 60.0 60.0 
60.0 59.0 61.0 62.0 
58.0 59.0 59.0 59.0 
115.0 60.0 91.0 78.0 
59.0 59.0 60.0 60.0 
60.0 59.0 61.0 63.0 
58.0 60.0 60.0 60.0 
116.0 60.0 90.0 79.0 
58.0 59.0 60.0 61.0 
58.0 59.0 62.0 63.0 
59.0 59.0 60.0 59.0 
115.0 60.0 90.0 79.0 
59.0 58.0 61.0 61.0 
60.0 58.0 61.0 63.0 
58.0 60.0 59.0 60.0 
115.0 58.0 91.0 79.0 
58.0 58.0 60.0 61.0 
59.0 60.0 62.0 63.0 
59.0 60.0 59.0 60.0 
116.0 59.0 90.0 78.0 
59.0 59.0 60.0 61.0 
61.0 59.0 62.0 63.0 
57.0 60.0 59.0 60.0 
116.0 59.0 91.0 78.0 
58.0 59.0 59.0 60.0 
59.0 59.0 62.0 62.0 
57.0 60.0 59.0 60.0 
116.0 60.0 91.0 79.0 
59.0 58.0 60.0 61.0 
58.0 59.0 63.0 63.0 
58.0 61.0 59.0 60.0 
116.0 59.0 91.0 79.0 
59.0 58.0 60.0 60.0 
59.0 60.0 62.0 63.0 
58.0 59.0 60.0 59.0 
117.0 59.0 91.0 79.0 
59.0 58.0 60.0 59.0 
59.0 57.0 61.0 62.0 
58.0 59.0 59.0 60.0 
116.0 59.0 91.0 78.0 
58.0 58.0 61.0 61.0 
59.0 60.0 61.0 63.0 
58.0 59.0 60.0 60.0 
116.0 60.0 92.0 78.0 
59.0 58.0 59.0 60.0 
58.0 59.0 62.0 62.0 
58.0 60.0 60.0 60.0 
116.0 59.0 92.0 79.0 
58.0 58.0 61.0 61.0 
59.0 60.0 62.0 63.0 
59.0 60.0 59.0 60.0 
117.0 59.0 90.0 80.0 
59.0 58.0 61.0 60.0 
60.0 59.0 63.0 62.0 
58.0 62.0 58.0 60.0 
117.0 60.0 91.0 79.0 
58.0 58.0 60.0 61.0 
59.0 59.0 62.0 63.0 
59.0 59.0 59.0 59.0 
117.0 58.0 92.0 79.0 
59.0 59.0 60.0 61.0 
59.0 60.0 62.0 62.0 
58.0 60.0 58.0 60.0 
116.0 60.0 90.0 79.0 
59.0 58.0 60.0 60.0 
59.0 59.0 62.0 62.0 
58.0 60.0 60.0 59.0 
117.0 60.0 91.0 80.0 
59.0 59.0 60.0 61.0 
60.0 59.0 62.0 63.0 
58.0 59.0 59.0 59.0 
118.0 59.0 91.0 79.0 
59.0 59.0 60.0 61.0 
59.0 59.0 62.0 63.0 
59.0 60.0 59.0 59.0 
119.0 60.0 90.0 79.0 
58.0 58.0 60.0 60.0 
60.0 59.0 62.0 63.0 
58.0 60.0 59.0 59.0 
117.0 60.0 90.0 79.0 
59.0 58.0 60.0 61.0 
59.0 59.0 62.0 63.0 
58.0 59.0 59.0 60.0 
116.0 60.0 90.0 78.0 
59.0 59.0 60.0 60.0 
60.0 60.0 64.0 64.0 
60.0 60.0 61.0 62.0 
115.0 60.0 88.0 77.0 
61.0 58.0 67.0 65.0 
61.0 59.0 62.0 64.0 
59.0 60.0 60.0 61.0 
116.0 59.0 89.0 76.0 
61.0 59.0 65.0 65.0 
60.0 59.0 63.0 64.0 
59.0 61.0 59.0 61.0 
117.0 59.0 88.0 77.0 
61.0 58.0 66.0 65.0 
61.0 59.0 63.0 63.0 
60.0 60.0 60.0 61.0 
117.0 60.0 89.0 76.0 
61.0 58.0 66.0 65.0 
61.0 59.0 63.0 63.0 
59.0 59.0 60.0 61.0 
116.0 58.0 88.0 76.0 
62.0 58.0 67.0 65.0 
61.0 59.0 63.0 64.0 
59.0 60.0 60.0 61.0 
116.0 60.0 88.0 77.0 
61.0 60.0 66.0 65.0 
61.0 59.0 62.0 64.0 
60.0 60.0 61.0 61.0 
116.0 60.0 88.0 77.0 
60.0 58.0 66.0 65.0 
61.0 61.0 62.0 65.0 
59.0 59.0 60.0 62.0 
116.0 59.0 87.0 76.0 
61.0 59.0 65.0 66.0 
61.0 58.0 62.0 64.0 
60.0 59.0 60.0 61.0 
118.0 60.0 89.0 77.0 
61.0 59.0 66.0 66.0 
61.0 59.0 62.0 65.0 
59.0 60.0 61.0 60.0 
119.0 59.0 88.0 75.0 
60.0 59.0 66.0 64.0 
60.0 59.0 63.0 64.0 
59.0 60.0 59.0 61.0 
120.0 59.0 88.0 78.0 
61.0 59.0 66.0 65.0 
61.0 60.0 61.0 65.0 
60.0 59.0 61.0 61.0 
121.0 59.0 89.0 77.0 
62.0 58.0 66.0 65.0 
60.0 59.0 62.0 64.0 
59.0 61.0 60.0 61.0 
121.0 59.0 89.0 76.0 
61.0 59.0 66.0 64.0 
61.0 59.0 63.0 64.0 
59.0 60.0 60.0 61.0 
120.0 59.0 87.0 77.0 
61.0 59.0 66.0 64.0 
61.0 59.0 62.0 65.0 
59.0 59.0 59.0 62.0 
120.0 59.0 88.0 77.0 
60.0 59.0 66.0 65.0 
61.0 60.0 63.0 64.0 
59.0 60.0 60.0 61.0 
120.0 60.0 88.0 77.0 
61.0 59.0 66.0 65.0 
61.0 59.0 62.0 65.0 
58.0 60.0 60.0 62.0 
120.0 59.0 88.0 78.0 
61.0 59.0 66.0 65.0 
60.0 60.0 63.0 65.0 
59.0 60.0 60.0 61.0 
119.0 59.0 88.0 77.0 
62.0 59.0 67.0 65.0 
61.0 58.0 62.0 64.0 
59.0 60.0 60.0 61.0 
114.0 59.0 88.0 77.0 
61.0 58.0 66.0 65.0 
60.0 59.0 62.0 65.0 
60.0 59.0 60.0 61.0 
114.0 60.0 88.0 77.0 
62.0 59.0 66.0 64.0 
61.0 59.0 62.0 64.0 
59.0 61.0 60.0 61.0 
112.0 59.0 88.0 76.0 
61.0 59.0 66.0 65.0 
61.0 60.0 63.0 64.0 
60.0 60.0 61.0 61.0 
111.0 60.0 87.0 77.0 
62.0 59.0 66.0 65.0 
60.0 59.0 63.0 64.0 
58.0 59.0 60.0 61.0 
112.0 59.0 87.0 76.0 
61.0 59.0 67.0 64.0 
62.0 59.0 63.0 64.0 
60.0 60.0 61.0 61.0 
111.0 60.0 87.0 76.0 
62.0 58.0 66.0 64.0 
61.0 59.0 63.0 64.0 
60.0 60.0 60.0 62.0 
111.0 60.0 87.0 76.0 
61.0 60.0 66.0 65.0 
62.0 59.0 64.0 64.0 
59.0 60.0 61.0 61.0 
110.0 60.0 86.0 76.0 
61.0 59.0 66.0 65.0 
61.0 59.0 63.0 65.0 
61.0 60.0 61.0 62.0 
111.0 60.0 88.0 75.0 
62.0 58.0 66.0 65.0 
61.0 59.0 62.0 65.0 
60.0 61.0 61.0 61.0 
110.0 60.0 87.0 76.0 
61.0 58.0 66.0 65.0 
62.0 59.0 63.0 64.0 
60.0 61.0 60.0 61.0 
110.0 60.0 87.0 75.0 
62.0 57.0 67.0 65.0 
62.0 59.0 63.0 64.0 
59.0 60.0 61.0 61.0 
110.0 60.0 87.0 75.0 
61.0 59.0 67.0 66.0 
61.0 58.0 64.0 65.0 
59.0 60.0 62.0 61.0 
110.0 60.0 87.0 76.0 
62.0 59.0 67.0 65.0 
61.0 60.0 64.0 65.0 
60.0 59.0 61.0 61.0 
111.0 60.0 88.0 76.0 
62.0 60.0 67.0 65.0 
62.0 59.0 64.0 65.0 
60.0 60.0 61.0 62.0 
111.0 59.0 87.0 76.0 
61.0 58.0 68.0 66.0 
61.0 58.0 65.0 65.0 
59.0 59.0 60.0 61.0 
111.0 60.0 87.0 76.0 
62.0 57.0 68.0 65.0 
61.0 59.0 66.0 64.0 
59.0 61.0 61.0 61.0 
112.0 60.0 88.0 76.0 
62.0 59.0 69.0 66.0 
61.0 59.0 65.0 64.0 
58.0 60.0 61.0 61.0 
110.0 59.0 89.0 76.0 
61.0 59.0 68.0 65.0 
61.0 59.0 65.0 65.0 
60.0 59.0 61.0 61.0 
111.0 59.0 88.0 76.0 
62.0 58.0 68.0 65.0 
61.0 59.0 65.0 65.0 
59.0 60.0 61.0 61.0 
110.0 59.0 88.0 76.0 
61.0 59.0 68.0 65.0 
61.0 60.0 66.0 64.0 
59.0 60.0 60.0 61.0 
111.0 60.0 86.0 77.0 
61.0 59.0 68.0 65.0 
61.0 60.0 65.0 65.0 
58.0 61.0 61.0 62.0 
112.0 60.0 87.0 77.0 
62.0 58.0 68.0 65.0 
60.0 59.0 65.0 65.0 
60.0 60.0 61.0 61.0 
112.0 59.0 86.0 76.0 
61.0 59.0 68.0 65.0 
61.0 59.0 64.0 65.0 
60.0 60.0 62.0 62.0 
111.0 60.0 85.0 77.0 
62.0 59.0 68.0 65.0 
61.0 58.0 64.0 65.0 
59.0 60.0 61.0 61.0 
112.0 60.0 84.0 77.0 
62.0 59.0 68.0 67.0 
61.0 59.0 64.0 65.0 
59.0 60.0 61.0 61.0 
113.0 61.0 86.0 79.0 
62.0 59.0 67.0 65.0 
61.0 59.0 63.0 64.0 
60.0 60.0 61.0 60.0 
110.0 60.0 85.0 78.0 
61.0 58.0 67.0 66.0 
61.0 60.0 65.0 65.0 
60.0 59.0 61.0 61.0 
110.0 60.0 88.0 79.0 
62.0 59.0 65.0 66.0 
61.0 59.0 63.0 65.0 
59.0 60.0 61.0 61.0 
109.0 60.0 88.0 80.0 
62.0 58.0 66.0 64.0 
60.0 60.0 63.0 63.0 
60.0 60.0 61.0 61.0 
104.0 60.0 89.0 80.0 
62.0 58.0 66.0 66.0 
60.0 60.0 61.0 62.0 
59.0 60.0 61.0 61.0 
99.0 61.0 87.0 79.0 
63.0 59.0 64.0 65.0 
60.0 58.0 60.0 63.0 
61.0 60.0 60.0 61.0 
96.0 60.0 89.0 80.0 
62.0 59.0 66.0 65.0 
58.0 60.0 59.0 60.0 
61.0 60.0 61.0 61.0 
94.0 59.0 87.0 81.0 
63.0 59.0 64.0 66.0 
58.0 58.0 59.0 61.0 
61.0 59.0 61.0 62.0 
97.0 59.0 85.0 82.0 
63.0 59.0 64.0 67.0 
58.0 59.0 59.0 60.0 
61.0 60.0 60.0 62.0 
96.0 60.0 85.0 81.0 
62.0 60.0 63.0 65.0 
61.0 59.0 60.0 64.0 
60.0 61.0 60.0 60.0 
98.0 60.0 85.0 81.0 
61.0 59.0 63.0 64.0 
61.0 60.0 61.0 64.0 
61.0 60.0 60.0 62.0 
100.0 59.0 84.0 82.0 
60.0 58.0 63.0 63.0 
60.0 61.0 61.0 63.0 
60.0 61.0 59.0 62.0 
100.0 60.0 83.0 83.0 
62.0 59.0 62.0 64.0 
61.0 59.0 62.0 65.0 
60.0 60.0 60.0 61.0 
96.0 60.0 81.0 83.0 
62.0 58.0 62.0 64.0 
62.0 58.0 61.0 64.0 
61.0 60.0 61.0 62.0 
96.0 60.0 80.0 84.0 
62.0 59.0 61.0 65.0 
62.0 59.0 61.0 65.0 
60.0 60.0 61.0 61.0 
96.0 60.0 82.0 85.0 
61.0 59.0 61.0 64.0 
61.0 59.0 61.0 63.0 
60.0 61.0 61.0 60.0 
99.0 59.0 87.0 88.0 
62.0 59.0 62.0 65.0 
60.0 60.0 59.0 62.0 
61.0 60.0 59.0 62.0 
99.0 60.0 86.0 89.0 
62.0 59.0 61.0 65.0 
60.0 60.0 59.0 61.0 
60.0 60.0 61.0 61.0 
99.0 59.0 84.0 89.0 
62.0 58.0 60.0 65.0 
58.0 60.0 58.0 60.0 
60.0 60.0 59.0 61.0 
99.0 61.0 84.0 91.0 
63.0 58.0 61.0 67.0 
58.0 61.0 58.0 59.0 
60.0 60.0 60.0 60.0 
100.0 59.0 84.0 90.0 
64.0 58.0 61.0 67.0 
58.0 59.0 60.0 59.0 
61.0 60.0 59.0 61.0 
100.0 59.0 87.0 91.0 
63.0 59.0 62.0 67.0 
58.0 59.0 59.0 60.0 
60.0 60.0 60.0 61.0 
100.0 60.0 97.0 89.0 
64.0 59.0 62.0 66.0 
58.0 59.0 60.0 60.0 
60.0 59.0 59.0 61.0 
98.0 59.0 112.0 86.0 
63.0 59.0 63.0 65.0 
61.0 57.0 60.0 64.0 
59.0 59.0 58.0 60.0 
99.0 59.0 125.0 84.0 
63.0 57.0 63.0 65.0 
61.0 60.0 59.0 63.0 
59.0 59.0 57.0 60.0 
97.0 59.0 127.0 84.0 
65.0 59.0 66.0 67.0 
62.0 59.0 60.0 64.0 
59.0 60.0 57.0 60.0 
98.0 60.0 129.0 84.0 
65.0 59.0 66.0 67.0 
62.0 59.0 60.0 64.0 
59.0 60.0 58.0 59.0 
98.0 60.0 129.0 84.0 
66.0 58.0 67.0 68.0 
62.0 61.0 60.0 64.0 
60.0 60.0 58.0 59.0 
99.0 60.0 136.0 85.0 
66.0 58.0 69.0 68.0 
62.0 60.0 59.0 63.0 
59.0 60.0 58.0 60.0 
100.0 60.0 141.0 85.0 
66.0 59.0 67.0 68.0 
62.0 59.0 60.0 65.0 
59.0 60.0 58.0 59.0 
99.0 60.0 148.0 85.0 
66.0 59.0 69.0 67.0 
60.0 59.0 59.0 62.0 
58.0 61.0 57.0 59.0 
99.0 60.0 155.0 86.0 
67.0 59.0 70.0 68.0 
60.0 59.0 58.0 61.0 
60.0 60.0 57.0 60.0 
101.0 59.0 160.0 86.0 
65.0 60.0 68.0 67.0 
59.0 59.0 57.0 61.0 
59.0 60.0 56.0 61.0 
99.0 60.0 175.0 88.0 
67.0 59.0 69.0 67.0 
59.0 60.0 57.0 61.0 
61.0 60.0 57.0 61.0 
100.0 60.0 181.0 88.0 
67.0 58.0 70.0 67.0 
60.0 60.0 57.0 62.0 
59.0 60.0 56.0 60.0 
99.0 60.0 187.0 90.0 
67.0 58.0 70.0 68.0 
60.0 60.0 57.0 60.0 
60.0 60.0 56.0 61.0 
93.0 59.0 192.0 89.0 
66.0 59.0 71.0 68.0 
60.0 59.0 57.0 61.0 
60.0 60.0 55.0 61.0 
92.0 60.0 210.0 90.0 
66.0 60.0 71.0 68.0 
60.0 59.0 56.0 61.0 
60.0 60.0 56.0 60.0 
87.0 58.0 225.0 94.0 
63.0 59.0 64.0 65.0 
60.0 59.0 56.0 61.0 
61.0 60.0 55.0 60.0 
86.0 60.0 234.0 94.0 
64.0 59.0 64.0 66.0 
60.0 59.0 56.0 61.0 
61.0 60.0 55.0 61.0 
87.0 61.0 241.0 94.0 
64.0 59.0 66.0 65.0 
59.0 60.0 56.0 60.0 
61.0 60.0 55.0 60.0 
86.0 60.0 259.0 95.0 
63.0 59.0 66.0 65.0 
60.0 60.0 55.0 61.0 
61.0 59.0 54.0 61.0 
87.0 60.0 281.0 98.0 
64.0 59.0 67.0 65.0 
60.0 59.0 55.0 61.0 
60.0 59.0 53.0 60.0 
83.0 61.0 271.0 97.0 
64.0 58.0 66.0 65.0 
61.0 60.0 54.0 60.0 
61.0 60.0 54.0 60.0 
84.0 61.0 271.0 100.0 
62.0 58.0 65.0 65.0 
60.0 59.0 54.0 61.0 
61.0 60.0 54.0 61.0 
84.0 60.0 283.0 107.0 
64.0 60.0 67.0 64.0 
60.0 59.0 54.0 60.0 
60.0 60.0 53.0 60.0 
88.0 62.0 353.0 127.0 
63.0 58.0 66.0 65.0 
60.0 59.0 52.0 59.0 
61.0 60.0 52.0 59.0 
90.0 62.0 376.0 134.0 
63.0 59.0 64.0 64.0 
60.0 59.0 53.0 59.0 
60.0 59.0 52.0 59.0 
89.0 63.0 386.0 141.0 
63.0 59.0 64.0 64.0 
59.0 59.0 51.0 59.0 
59.0 60.0 51.0 59.0 
88.0 64.0 401.0 146.0 
63.0 59.0 63.0 63.0 
59.0 59.0 51.0 58.0 
61.0 60.0 51.0 58.0 
88.0 62.0 376.0 142.0 
63.0 59.0 63.0 63.0 
59.0 59.0 51.0 59.0 
61.0 59.0 52.0 59.0 
87.0 61.0 339.0 141.0 
62.0 58.0 65.0 64.0 
59.0 61.0 53.0 58.0 
61.0 60.0 52.0 58.0 
94.0 63.0 392.0 192.0 
62.0 58.0 64.0 61.0 
59.0 59.0 52.0 58.0 
61.0 60.0 52.0 58.0 
102.0 65.0 427.0 236.0 
62.0 59.0 60.0 60.0 
59.0 59.0 51.0 57.0 
60.0 60.0 51.0 57.0 
99.0 63.0 387.0 231.0 
61.0 59.0 60.0 60.0 
59.0 59.0 52.0 57.0 
60.0 60.0 54.0 57.0 
106.0 63.0 388.0 260.0 
61.0 58.0 62.0 60.0 
59.0 60.0 54.0 57.0 
62.0 60.0 55.0 56.0 
104.0 62.0 334.0 267.0 
62.0 59.0 60.0 59.0 
59.0 59.0 54.0 56.0 
60.0 60.0 55.0 56.0 
107.0 63.0 318.0 307.0 
61.0 59.0 63.0 59.0 
59.0 59.0 54.0 54.0 
60.0 60.0 55.0 54.0 
112.0 62.0 291.0 357.0 
60.0 59.0 63.0 59.0 
59.0 59.0 54.0 53.0 
61.0 60.0 56.0 53.0 
116.0 63.0 248.0 365.0 
62.0 58.0 65.0 58.0 
59.0 59.0 55.0 52.0 
59.0 60.0 56.0 52.0 
114.0 61.0 223.0 335.0 
61.0 60.0 65.0 61.0 
59.0 59.0 56.0 55.0 
60.0 60.0 58.0 56.0 
110.0 61.0 195.0 300.0 
63.0 60.0 67.0 61.0 
59.0 59.0 56.0 55.0 
61.0 60.0 58.0 56.0 
112.0 61.0 192.0 320.0 
63.0 58.0 69.0 60.0 
58.0 60.0 56.0 54.0 
60.0 60.0 58.0 54.0 
120.0 62.0 193.0 350.0 
62.0 58.0 66.0 58.0 
58.0 59.0 57.0 53.0 
59.0 60.0 57.0 53.0 
126.0 62.0 198.0 389.0 
62.0 59.0 66.0 58.0 
58.0 59.0 56.0 53.0 
61.0 61.0 58.0 53.0 
135.0 64.0 202.0 435.0 
61.0 59.0 66.0 57.0 
59.0 60.0 61.0 55.0 
59.0 61.0 57.0 52.0 
151.0 63.0 193.0 401.0 
60.0 59.0 66.0 57.0 
60.0 59.0 61.0 55.0 
59.0 60.0 58.0 51.0 
155.0 63.0 190.0 407.0 
60.0 59.0 65.0 57.0 
61.0 60.0 60.0 56.0 
57.0 59.0 58.0 51.0 
159.0 63.0 193.0 433.0 
60.0 59.0 66.0 56.0 
61.0 59.0 61.0 55.0 
57.0 61.0 56.0 50.0 
172.0 63.0 184.0 406.0 
61.0 59.0 66.0 57.0 
60.0 60.0 62.0 57.0 
58.0 60.0 58.0 51.0 
180.0 62.0 178.0 382.0 
59.0 60.0 66.0 58.0 
60.0 59.0 63.0 56.0 
56.0 60.0 57.0 51.0 
157.0 61.0 168.0 319.0 
61.0 58.0 66.0 60.0 
60.0 59.0 63.0 57.0 
57.0 60.0 57.0 52.0 
162.0 61.0 163.0 295.0 
61.0 58.0 70.0 62.0 
59.0 60.0 62.0 57.0 
56.0 60.0 58.0 52.0 
166.0 61.0 158.0 292.0 
61.0 58.0 71.0 63.0 
57.0 59.0 59.0 54.0 
57.0 59.0 58.0 53.0 
192.0 61.0 150.0 310.0 
61.0 60.0 71.0 62.0 
56.0 59.0 57.0 54.0 
55.0 60.0 57.0 52.0 
202.0 61.0 129.0 280.0 
62.0 59.0 73.0 64.0 
56.0 61.0 58.0 54.0 
55.0 60.0 58.0 52.0 
205.0 61.0 129.0 292.0 
61.0 58.0 73.0 64.0 
58.0 59.0 62.0 58.0 
54.0 60.0 58.0 52.0 
207.0 60.0 126.0 283.0 
61.0 58.0 73.0 64.0 
58.0 59.0 62.0 58.0 
54.0 59.0 58.0 52.0 
206.0 60.0 123.0 263.0 
61.0 59.0 73.0 65.0 
59.0 59.0 62.0 59.0 
55.0 60.0 57.0 53.0 
210.0 61.0 121.0 255.0 
62.0 59.0 74.0 64.0 
58.0 58.0 62.0 60.0 
53.0 61.0 57.0 53.0 
194.0 60.0 119.0 246.0 
61.0 60.0 73.0 65.0 
59.0 59.0 63.0 60.0 
54.0 61.0 58.0 53.0 
214.0 413.0 118.0 218.0 
61.0 59.0 74.0 65.0 
58.0 59.0 63.0 61.0 
54.0 60.0 57.0 53.0 
204.0 505.0 119.0 216.0 
62.0 60.0 78.0 68.0 
59.0 60.0 64.0 61.0 
54.0 60.0 57.0 55.0 
214.0 514.0 116.0 207.0 
63.0 61.0 80.0 69.0 
59.0 54.0 63.0 61.0 
52.0 59.0 57.0 54.0 
252.0 543.0 118.0 213.0 
64.0 58.0 82.0 70.0 
57.0 59.0 63.0 60.0 
53.0 60.0 58.0 53.0 
253.0 523.0 117.0 217.0 
64.0 59.0 82.0 69.0 
59.0 60.0 66.0 62.0 
52.0 60.0 57.0 54.0 
265.0 524.0 115.0 211.0 
63.0 60.0 81.0 68.0 
59.0 60.0 65.0 62.0 
51.0 60.0 57.0 54.0 
277.0 571.0 114.0 199.0 
62.0 59.0 79.0 68.0 
61.0 56.0 67.0 66.0 
54.0 47.0 58.0 57.0 
285.0 580.0 115.0 196.0 
61.0 62.0 80.0 69.0 
61.0 56.0 68.0 65.0 
53.0 47.0 59.0 56.0 
289.0 521.0 114.0 193.0 
63.0 59.0 80.0 68.0 
61.0 60.0 67.0 66.0 
50.0 60.0 58.0 54.0 
288.0 478.0 114.0 177.0 
64.0 66.0 80.0 70.0 
61.0 59.0 67.0 66.0 
54.0 49.0 58.0 57.0 
322.0 461.0 114.0 179.0 
64.0 65.0 82.0 70.0 
62.0 59.0 67.0 67.0 
52.0 49.0 58.0 57.0 
379.0 493.0 117.0 178.0 
64.0 67.0 81.0 70.0 
61.0 60.0 67.0 69.0 
52.0 49.0 59.0 56.0 
390.0 474.0 117.0 174.0 
65.0 67.0 82.0 70.0 
62.0 61.0 68.0 67.0 
53.0 52.0 60.0 60.0 
401.0 408.0 115.0 151.0 
66.0 68.0 80.0 70.0 
60.0 60.0 66.0 67.0 
54.0 54.0 60.0 61.0 
371.0 343.0 116.0 135.0 
72.0 72.0 85.0 74.0 
52.0 53.0 57.0 58.0 
58.0 59.0 63.0 65.0 
403.0 309.0 118.0 128.0 
74.0 73.0 86.0 75.0 
50.0 53.0 57.0 58.0 
56.0 59.0 63.0 64.0 
434.0 293.0 114.0 120.0 
73.0 74.0 84.0 75.0 
51.0 54.0 58.0 58.0 
55.0 60.0 63.0 63.0 
364.0 264.0 121.0 117.0 
74.0 73.0 83.0 75.0 
53.0 56.0 58.0 59.0 
60.0 60.0 61.0 65.0 
336.0 257.0 115.0 111.0 
75.0 74.0 82.0 75.0 
52.0 54.0 58.0 59.0 
59.0 61.0 63.0 64.0 
435.0 263.0 121.0 114.0 
79.0 74.0 84.0 78.0 
50.0 56.0 57.0 57.0 
57.0 62.0 64.0 65.0 
449.0 262.0 123.0 114.0 
80.0 75.0 85.0 75.0 
49.0 54.0 58.0 58.0 
56.0 61.0 64.0 65.0 
429.0 240.0 129.0 111.0 
81.0 75.0 85.0 76.0 
51.0 55.0 59.0 58.0 
56.0 61.0 65.0 65.0 
418.0 210.0 129.0 103.0 
80.0 74.0 95.0 76.0 
50.0 55.0 56.0 58.0 
56.0 62.0 69.0 66.0 
359.0 197.0 129.0 99.0 
78.0 74.0 97.0 76.0 
52.0 55.0 57.0 59.0 
58.0 63.0 69.0 66.0 
340.0 192.0 132.0 98.0 
77.0 74.0 99.0 76.0 
52.0 55.0 57.0 59.0 
58.0 63.0 73.0 67.0 
292.0 185.0 137.0 95.0 
75.0 73.0 115.0 77.0 
53.0 55.0 55.0 59.0 
60.0 63.0 81.0 67.0 
242.0 103.0 139.0 82.0 
73.0 70.0 124.0 76.0 
54.0 58.0 55.0 60.0 
61.0 65.0 87.0 68.0 
244.0 104.0 142.0 81.0 
72.0 71.0 142.0 79.0 
55.0 57.0 67.0 62.0 
61.0 65.0 95.0 69.0 
189.0 97.0 139.0 80.0 
70.0 68.0 166.0 79.0 
60.0 62.0 128.0 72.0 
60.0 63.0 103.0 67.0 
191.0 92.0 124.0 77.0 
68.0 68.0 184.0 80.0 
65.0 69.0 247.0 85.0 
60.0 63.0 112.0 68.0 
202.0 92.0 128.0 77.0 
67.0 67.0 197.0 82.0 
68.0 71.0 311.0 93.0 
60.0 64.0 110.0 67.0 
174.0 89.0 119.0 77.0 
67.0 66.0 210.0 82.0 
69.0 74.0 359.0 98.0 
61.0 64.0 113.0 67.0 
180.0 89.0 124.0 76.0 
66.0 67.0 217.0 84.0 
73.0 77.0 429.0 110.0 
61.0 63.0 115.0 69.0 
166.0 86.0 124.0 76.0 
67.0 67.0 221.0 84.0 
75.0 81.0 465.0 117.0 
61.0 63.0 116.0 68.0 
186.0 88.0 117.0 75.0 
66.0 67.0 222.0 85.0 
77.0 83.0 494.0 123.0 
60.0 63.0 116.0 68.0 
181.0 80.0 109.0 78.0 
69.0 60.0 221.0 88.0 
84.0 65.0 497.0 134.0 
61.0 60.0 116.0 69.0 
144.0 59.0 104.0 79.0 
67.0 59.0 217.0 88.0 
86.0 66.0 518.0 140.0 
63.0 60.0 118.0 71.0 
126.0 61.0 98.0 77.0 
68.0 59.0 217.0 90.0 
86.0 67.0 526.0 143.0 
63.0 59.0 118.0 70.0 
136.0 59.0 97.0 79.0 
68.0 59.0 211.0 89.0 
88.0 67.0 543.0 149.0 
63.0 60.0 126.0 73.0 
141.0 59.0 100.0 79.0 
67.0 58.0 193.0 87.0 
85.0 66.0 506.0 146.0 
62.0 60.0 126.0 74.0 
141.0 60.0 101.0 79.0 
67.0 59.0 185.0 91.0 
84.0 66.0 509.0 183.0 
63.0 60.0 122.0 76.0 
124.0 60.0 128.0 96.0 
67.0 59.0 186.0 96.0 
85.0 62.0 463.0 166.0 
64.0 60.0 122.0 79.0 
113.0 61.0 126.0 105.0 
68.0 58.0 189.0 103.0 
87.0 65.0 490.0 196.0 
64.0 60.0 118.0 80.0 
140.0 60.0 131.0 110.0 
68.0 58.0 182.0 110.0 
83.0 64.0 456.0 207.0 
64.0 60.0 115.0 84.0 
139.0 60.0 130.0 118.0 
68.0 59.0 174.0 118.0 
84.0 64.0 458.0 244.0 
63.0 61.0 111.0 88.0 
174.0 60.0 148.0 145.0 
69.0 59.0 184.0 134.0 
87.0 65.0 455.0 274.0 
61.0 60.0 105.0 89.0 
198.0 59.0 142.0 144.0 
68.0 59.0 166.0 131.0 
88.0 65.0 463.0 311.0 
60.0 60.0 100.0 90.0 
197.0 60.0 139.0 143.0 
70.0 58.0 186.0 152.0 
85.0 64.0 434.0 308.0 
61.0 61.0 97.0 90.0 
194.0 60.0 142.0 152.0 
71.0 58.0 181.0 156.0 
85.0 65.0 401.0 289.0 
61.0 60.0 97.0 90.0 
172.0 59.0 148.0 163.0 
69.0 59.0 164.0 150.0 
85.0 62.0 386.0 293.0 
60.0 59.0 96.0 91.0 
162.0 61.0 146.0 162.0 
68.0 57.0 135.0 127.0 
87.0 64.0 385.0 315.0 
61.0 60.0 96.0 92.0 
134.0 59.0 137.0 150.0 
69.0 58.0 132.0 127.0 
90.0 65.0 405.0 385.0 
61.0 60.0 93.0 92.0 
135.0 60.0 143.0 175.0 
67.0 59.0 123.0 124.0 
88.0 62.0 353.0 336.0 
61.0 60.0 92.0 90.0 
128.0 59.0 146.0 172.0 
67.0 59.0 114.0 116.0 
97.0 65.0 353.0 421.0 
60.0 60.0 85.0 88.0 
136.0 59.0 144.0 163.0 
67.0 58.0 110.0 113.0 
105.0 66.0 360.0 471.0 
63.0 60.0 84.0 87.0 
133.0 59.0 144.0 163.0 
68.0 58.0 108.0 114.0 
108.0 64.0 316.0 442.0 
61.0 59.0 84.0 86.0 
102.0 59.0 146.0 155.0 
67.0 59.0 103.0 109.0 
112.0 64.0 300.0 461.0 
62.0 59.0 82.0 84.0 
107.0 60.0 142.0 161.0 
68.0 58.0 104.0 108.0 
127.0 67.0 304.0 579.0 
61.0 60.0 80.0 81.0 
128.0 59.0 143.0 164.0 
67.0 58.0 100.0 102.0 
124.0 68.0 278.0 544.0 
62.0 60.0 78.0 78.0 
113.0 60.0 141.0 165.0 
68.0 59.0 102.0 108.0 
121.0 67.0 278.0 550.0 
61.0 61.0 79.0 77.0 
118.0 60.0 144.0 181.0 
72.0 58.0 107.0 128.0 
132.0 67.0 267.0 560.0 
59.0 60.0 71.0 65.0 
126.0 60.0 145.0 172.0 
72.0 59.0 107.0 125.0 
131.0 67.0 255.0 571.0 
57.0 60.0 65.0 57.0 
153.0 60.0 146.0 182.0 
71.0 59.0 103.0 129.0 
131.0 67.0 246.0 528.0 
58.0 61.0 65.0 55.0 
156.0 59.0 152.0 210.0 
74.0 59.0 102.0 139.0 
127.0 66.0 238.0 539.0 
57.0 61.0 64.0 55.0 
158.0 60.0 142.0 179.0 
82.0 59.0 102.0 163.0 
137.0 66.0 224.0 564.0 
57.0 60.0 63.0 54.0 
157.0 61.0 142.0 184.0 
84.0 59.0 98.0 167.0 
124.0 65.0 204.0 477.0 
57.0 61.0 61.0 55.0 
161.0 59.0 152.0 239.0 
87.0 59.0 102.0 185.0 
112.0 63.0 174.0 417.0 
56.0 59.0 60.0 53.0 
176.0 60.0 149.0 230.0 
87.0 59.0 101.0 176.0 
110.0 61.0 157.0 377.0 
57.0 60.0 63.0 54.0 
188.0 59.0 146.0 245.0 
89.0 59.0 100.0 175.0 
112.0 63.0 162.0 431.0 
56.0 61.0 63.0 54.0 
209.0 60.0 138.0 234.0 
90.0 59.0 93.0 160.0 
129.0 62.0 147.0 424.0 
56.0 60.0 62.0 53.0 
179.0 60.0 119.0 223.0 
90.0 59.0 87.0 151.0 
130.0 62.0 137.0 384.0 
59.0 60.0 62.0 58.0 
244.0 60.0 121.0 235.0 
86.0 60.0 83.0 136.0 
124.0 60.0 124.0 332.0 
60.0 60.0 63.0 60.0 
229.0 60.0 122.0 247.0 
85.0 58.0 79.0 122.0 
139.0 60.0 121.0 338.0 
59.0 59.0 63.0 60.0 
249.0 60.0 120.0 234.0 
86.0 59.0 79.0 116.0 
140.0 60.0 123.0 348.0 
58.0 60.0 62.0 59.0 
236.0 60.0 119.0 235.0 
88.0 59.0 78.0 111.0 
153.0 60.0 120.0 323.0 
57.0 60.0 62.0 59.0 
253.0 60.0 118.0 225.0 
92.0 59.0 77.0 111.0 
184.0 61.0 121.0 325.0 
56.0 60.0 61.0 57.0 
246.0 60.0 116.0 226.0 
94.0 59.0 77.0 105.0 
183.0 61.0 110.0 286.0 
56.0 59.0 61.0 57.0 
262.0 60.0 115.0 215.0 
100.0 58.0 76.0 105.0 
195.0 59.0 103.0 262.0 
56.0 60.0 61.0 57.0 
283.0 61.0 113.0 208.0 
98.0 58.0 74.0 101.0 
202.0 60.0 103.0 256.0 
57.0 59.0 62.0 58.0 
307.0 61.0 113.0 208.0 
97.0 58.0 73.0 95.0 
206.0 60.0 96.0 223.0 
55.0 60.0 61.0 57.0 
321.0 61.0 110.0 194.0 
97.0 59.0 73.0 91.0 
243.0 61.0 99.0 226.0 
53.0 60.0 59.0 56.0 
324.0 61.0 110.0 186.0 
95.0 58.0 72.0 88.0 
312.0 62.0 103.0 245.0 
47.0 60.0 58.0 51.0 
347.0 62.0 107.0 178.0 
97.0 59.0 71.0 86.0 
365.0 66.0 109.0 241.0 
42.0 61.0 58.0 52.0 
323.0 61.0 105.0 163.0 
104.0 59.0 72.0 86.0 
366.0 63.0 99.0 221.0 
46.0 59.0 58.0 52.0 
319.0 61.0 105.0 156.0 
106.0 59.0 72.0 82.0 
385.0 62.0 98.0 208.0 
45.0 60.0 59.0 53.0 
311.0 62.0 105.0 156.0 
117.0 60.0 74.0 85.0 
359.0 61.0 92.0 189.0 
48.0 61.0 58.0 54.0 
320.0 60.0 106.0 153.0 
87.0 59.0 69.0 74.0 
369.0 64.0 93.0 184.0 
48.0 60.0 59.0 54.0 
276.0 61.0 104.0 141.0 
87.0 58.0 70.0 72.0 
602.0 65.0 100.0 204.0 
43.0 59.0 59.0 54.0 
280.0 60.0 106.0 143.0 
69.0 59.0 68.0 69.0 
618.0 65.0 100.0 202.0 
42.0 60.0 58.0 55.0 
286.0 61.0 105.0 142.0 
89.0 59.0 69.0 70.0 
622.0 65.0 98.0 185.0 
42.0 60.0 58.0 54.0 
300.0 61.0 106.0 143.0 
129.0 59.0 70.0 76.0 
587.0 66.0 98.0 173.0 
42.0 61.0 59.0 55.0 
293.0 61.0 107.0 140.0 
131.0 59.0 69.0 76.0 
631.0 64.0 98.0 175.0 
41.0 60.0 59.0 55.0 
293.0 61.0 106.0 138.0 
142.0 59.0 69.0 77.0 
623.0 65.0 97.0 164.0 
41.0 60.0 59.0 55.0 
304.0 61.0 107.0 138.0 
124.0 58.0 67.0 72.0 
520.0 67.0 93.0 153.0 
40.0 60.0 58.0 56.0 
307.0 61.0 108.0 139.0 
117.0 59.0 65.0 71.0 
568.0 66.0 94.0 151.0 
40.0 60.0 59.0 56.0 
323.0 61.0 108.0 139.0 
116.0 59.0 68.0 68.0 
518.0 66.0 92.0 143.0 
40.0 60.0 58.0 56.0 
337.0 62.0 109.0 141.0 
108.0 59.0 66.0 68.0 
501.0 66.0 90.0 137.0 
45.0 60.0 59.0 56.0 
340.0 62.0 112.0 142.0 
86.0 60.0 65.0 63.0 
467.0 66.0 90.0 134.0 
46.0 60.0 58.0 56.0 
325.0 62.0 111.0 140.0 
89.0 59.0 65.0 65.0 
568.0 66.0 91.0 136.0 
43.0 60.0 59.0 57.0 
313.0 61.0 110.0 138.0 
81.0 59.0 64.0 64.0 
582.0 66.0 92.0 136.0 
41.0 60.0 58.0 57.0 
304.0 61.0 110.0 134.0 
77.0 59.0 62.0 63.0 
524.0 67.0 91.0 129.0 
42.0 59.0 59.0 56.0 
295.0 61.0 114.0 130.0 
61.0 59.0 65.0 61.0 
496.0 66.0 89.0 124.0 
43.0 59.0 59.0 57.0 
281.0 61.0 115.0 130.0 
47.0 59.0 62.0 59.0 
553.0 67.0 89.0 125.0 
43.0 60.0 59.0 56.0 
281.0 61.0 114.0 130.0 
46.0 60.0 61.0 58.0 
535.0 67.0 90.0 124.0 
42.0 61.0 58.0 56.0 
280.0 60.0 112.0 127.0 
45.0 59.0 63.0 59.0 
556.0 67.0 89.0 121.0 
42.0 60.0 59.0 56.0 
280.0 60.0 111.0 128.0 
46.0 58.0 63.0 60.0 
492.0 65.0 87.0 114.0 
42.0 60.0 58.0 57.0 
284.0 61.0 115.0 128.0 
47.0 58.0 63.0 60.0 
443.0 65.0 85.0 108.0 
43.0 60.0 58.0 57.0 
281.0 61.0 114.0 127.0 
47.0 59.0 62.0 59.0 
398.0 63.0 81.0 102.0 
43.0 60.0 58.0 57.0 
282.0 61.0 113.0 125.0 
48.0 58.0 65.0 59.0 
334.0 61.0 78.0 96.0 
45.0 60.0 59.0 57.0 
289.0 61.0 108.0 126.0 
49.0 59.0 66.0 60.0 
291.0 62.0 78.0 92.0 
46.0 60.0 58.0 57.0 
286.0 61.0 100.0 123.0 
51.0 59.0 68.0 61.0 
261.0 60.0 76.0 87.0 
46.0 60.0 59.0 57.0 
286.0 61.0 97.0 122.0 
51.0 60.0 66.0 61.0 
220.0 61.0 75.0 86.0 
48.0 60.0 59.0 57.0 
300.0 61.0 98.0 123.0 
51.0 59.0 67.0 60.0 
192.0 60.0 72.0 82.0 
48.0 61.0 59.0 57.0 
288.0 61.0 97.0 118.0 
53.0 58.0 68.0 61.0 
162.0 60.0 70.0 77.0 
48.0 60.0 60.0 59.0 
278.0 61.0 95.0 103.0 
54.0 59.0 68.0 64.0 
128.0 60.0 68.0 74.0 
51.0 61.0 60.0 59.0 
265.0 61.0 92.0 90.0 
55.0 60.0 69.0 62.0 
109.0 60.0 67.0 73.0 
51.0 60.0 61.0 60.0 
265.0 60.0 92.0 90.0 
55.0 59.0 69.0 63.0 
102.0 59.0 66.0 71.0 
53.0 60.0 61.0 60.0 
260.0 60.0 92.0 91.0 
55.0 59.0 69.0 63.0 
97.0 57.0 67.0 71.0 
51.0 62.0 60.0 60.0 
274.0 62.0 93.0 93.0 
56.0 59.0 69.0 63.0 
78.0 59.0 64.0 67.0 
49.0 60.0 62.0 61.0 
269.0 61.0 92.0 92.0 
56.0 59.0 71.0 64.0 
75.0 60.0 64.0 67.0 
53.0 61.0 61.0 60.0 
271.0 61.0 94.0 93.0 
56.0 59.0 71.0 64.0 
71.0 59.0 64.0 68.0 
52.0 60.0 61.0 61.0 
273.0 60.0 95.0 93.0 
57.0 59.0 71.0 65.0 
70.0 59.0 64.0 67.0 
52.0 59.0 63.0 60.0 
258.0 60.0 135.0 108.0 
58.0 58.0 71.0 66.0 
64.0 59.0 61.0 64.0 
54.0 60.0 62.0 62.0 
236.0 61.0 132.0 104.0 
59.0 58.0 71.0 65.0 
60.0 60.0 59.0 62.0 
59.0 60.0 60.0 62.0 
209.0 60.0 133.0 113.0 
61.0 60.0 69.0 65.0 
60.0 59.0 59.0 61.0 
58.0 60.0 61.0 62.0 
182.0 60.0 133.0 114.0 
62.0 59.0 69.0 66.0 
58.0 60.0 59.0 59.0 
59.0 60.0 59.0 60.0 
135.0 60.0 133.0 114.0 
62.0 59.0 68.0 65.0 
58.0 60.0 60.0 61.0 
59.0 60.0 62.0 60.0 
143.0 60.0 132.0 117.0 
62.0 57.0 68.0 64.0 
59.0 61.0 60.0 60.0 
59.0 60.0 60.0 61.0 
123.0 60.0 126.0 112.0 
62.0 59.0 68.0 65.0 
59.0 59.0 60.0 62.0 
59.0 61.0 61.0 61.0 
130.0 60.0 120.0 114.0 
62.0 59.0 68.0 65.0 
58.0 60.0 61.0 61.0 
59.0 60.0 60.0 61.0 
132.0 59.0 133.0 121.0 
61.0 59.0 68.0 65.0 
59.0 60.0 61.0 60.0 
58.0 61.0 60.0 60.0 
129.0 60.0 126.0 114.0 
61.0 59.0 68.0 65.0 
60.0 59.0 61.0 62.0 
59.0 60.0 61.0 60.0 
129.0 60.0 101.0 114.0 
61.0 59.0 68.0 65.0 
59.0 59.0 62.0 61.0 
58.0 60.0 60.0 61.0 
127.0 60.0 101.0 113.0 
61.0 59.0 68.0 65.0 
59.0 59.0 62.0 62.0 
58.0 60.0 60.0 61.0 
133.0 58.0 100.0 115.0 
61.0 59.0 67.0 65.0 
59.0 59.0 62.0 61.0 
58.0 60.0 59.0 61.0 
141.0 60.0 102.0 106.0 
60.0 58.0 68.0 65.0 
58.0 59.0 62.0 61.0 
57.0 60.0 60.0 62.0 
143.0 60.0 105.0 123.0 
60.0 59.0 67.0 65.0 
58.0 60.0 62.0 62.0 
58.0 60.0 60.0 60.0 
179.0 60.0 104.0 110.0 
59.0 59.0 67.0 65.0 
57.0 59.0 61.0 61.0 
58.0 60.0 60.0 60.0 
191.0 60.0 114.0 165.0 
60.0 59.0 65.0 62.0 
58.0 60.0 62.0 60.0 
56.0 61.0 59.0 58.0 
184.0 60.0 106.0 164.0 
57.0 59.0 60.0 58.0 
57.0 60.0 62.0 60.0 
57.0 60.0 60.0 57.0 
197.0 60.0 98.0 150.0 
56.0 59.0 63.0 60.0 
57.0 59.0 62.0 60.0 
56.0 61.0 59.0 57.0 
205.0 59.0 102.0 161.0 
57.0 58.0 63.0 60.0 
57.0 59.0 63.0 61.0 
56.0 60.0 59.0 56.0 
204.0 60.0 107.0 163.0 
57.0 59.0 63.0 60.0 
57.0 60.0 62.0 60.0 
56.0 60.0 60.0 57.0 
205.0 61.0 104.0 162.0 
57.0 59.0 63.0 59.0 
57.0 60.0 63.0 60.0 
56.0 60.0 59.0 57.0 
220.0 60.0 108.0 189.0 
57.0 59.0 63.0 59.0 
56.0 60.0 63.0 60.0 
54.0 60.0 59.0 56.0 
223.0 60.0 103.0 184.0 
57.0 59.0 62.0 59.0 
57.0 59.0 62.0 59.0 
54.0 61.0 60.0 56.0 
220.0 60.0 96.0 173.0 
57.0 58.0 62.0 60.0 
57.0 60.0 62.0 61.0 
57.0 60.0 60.0 56.0 
219.0 60.0 107.0 186.0 
57.0 59.0 63.0 58.0 
57.0 59.0 61.0 60.0 
56.0 60.0 59.0 57.0 
213.0 60.0 103.0 172.0 
57.0 59.0 62.0 59.0 
56.0 60.0 62.0 61.0 
57.0 60.0 60.0 56.0 
230.0 60.0 101.0 166.0 
55.0 59.0 62.0 60.0 
56.0 58.0 63.0 60.0 
55.0 60.0 59.0 56.0 
220.0 60.0 101.0 151.0 
58.0 59.0 63.0 59.0 
57.0 60.0 62.0 60.0 
56.0 60.0 59.0 57.0 
172.0 60.0 98.0 147.0 
59.0 57.0 63.0 59.0 
59.0 59.0 63.0 60.0 
57.0 60.0 59.0 57.0 
174.0 59.0 98.0 143.0 
58.0 59.0 63.0 60.0 
58.0 60.0 62.0 61.0 
57.0 60.0 59.0 57.0 
177.0 60.0 101.0 157.0 
58.0 59.0 62.0 60.0 
57.0 59.0 61.0 60.0 
56.0 59.0 59.0 56.0 
192.0 60.0 101.0 156.0 
58.0 59.0 63.0 61.0 
58.0 58.0 63.0 60.0 
55.0 60.0 59.0 57.0 
206.0 60.0 103.0 162.0 
57.0 58.0 62.0 59.0 
57.0 59.0 62.0 60.0 
56.0 61.0 59.0 56.0 
196.0 60.0 103.0 167.0 
58.0 59.0 63.0 59.0 
57.0 59.0 62.0 60.0 
55.0 61.0 59.0 56.0 
208.0 60.0 104.0 175.0 
58.0 59.0 63.0 59.0 
57.0 59.0 61.0 60.0 
54.0 60.0 59.0 57.0 
203.0 60.0 103.0 172.0 
57.0 59.0 64.0 60.0 
57.0 58.0 61.0 59.0 
56.0 60.0 60.0 57.0 
202.0 59.0 101.0 164.0 
58.0 59.0 65.0 61.0 
57.0 58.0 62.0 60.0 
56.0 60.0 60.0 57.0 
202.0 59.0 100.0 157.0 
58.0 58.0 65.0 62.0 
57.0 59.0 61.0 60.0 
56.0 60.0 60.0 57.0 
208.0 60.0 99.0 151.0 
58.0 59.0 66.0 61.0 
56.0 60.0 61.0 60.0 
55.0 60.0 61.0 58.0 
224.0 61.0 100.0 157.0 
59.0 59.0 66.0 62.0 
56.0 61.0 61.0 61.0 
56.0 59.0 61.0 57.0 
231.0 59.0 100.0 154.0 
58.0 59.0 66.0 63.0 
56.0 59.0 61.0 60.0 
55.0 60.0 60.0 58.0 
240.0 60.0 99.0 147.0 
58.0 59.0 67.0 62.0 
56.0 59.0 60.0 60.0 
56.0 60.0 59.0 58.0 
251.0 61.0 99.0 147.0 
58.0 59.0 67.0 63.0 
56.0 59.0 62.0 60.0 
55.0 59.0 61.0 59.0 
244.0 60.0 99.0 144.0 
59.0 59.0 68.0 63.0 
56.0 59.0 62.0 60.0 
55.0 59.0 60.0 58.0 
238.0 61.0 100.0 142.0 
58.0 59.0 68.0 63.0 
56.0 59.0 61.0 60.0 
55.0 60.0 61.0 58.0 
257.0 61.0 99.0 143.0 
59.0 59.0 67.0 63.0 
56.0 58.0 62.0 60.0 
55.0 60.0 60.0 59.0 
267.0 60.0 101.0 144.0 
57.0 58.0 68.0 63.0 
56.0 58.0 62.0 60.0 
55.0 60.0 60.0 60.0 
270.0 60.0 98.0 141.0 
57.0 58.0 67.0 64.0 
55.0 61.0 62.0 60.0 
55.0 60.0 61.0 59.0 
305.0 60.0 99.0 141.0 
56.0 58.0 67.0 63.0 
54.0 59.0 61.0 60.0 
53.0 59.0 61.0 58.0 
308.0 61.0 99.0 135.0 
56.0 59.0 67.0 64.0 
54.0 59.0 62.0 61.0 
53.0 60.0 60.0 59.0 
310.0 61.0 100.0 136.0 
56.0 59.0 68.0 63.0 
54.0 58.0 62.0 60.0 
53.0 60.0 61.0 58.0 
330.0 62.0 100.0 138.0 
56.0 59.0 67.0 65.0 
54.0 59.0 61.0 60.0 
52.0 60.0 61.0 59.0 
323.0 62.0 99.0 136.0 
56.0 59.0 68.0 64.0 
53.0 60.0 61.0 61.0 
52.0 60.0 60.0 59.0 
315.0 62.0 101.0 136.0 
55.0 59.0 68.0 64.0 
53.0 60.0 61.0 61.0 
53.0 59.0 61.0 59.0 
304.0 61.0 99.0 135.0 
57.0 59.0 68.0 64.0 
54.0 59.0 62.0 61.0 
53.0 60.0 61.0 59.0 
290.0 60.0 99.0 131.0 
57.0 58.0 68.0 64.0 
57.0 60.0 62.0 60.0 
53.0 60.0 61.0 59.0 
292.0 61.0 99.0 133.0 
58.0 59.0 68.0 63.0 
54.0 59.0 62.0 61.0 
54.0 61.0 60.0 60.0 
234.0 61.0 97.0 127.0 
59.0 58.0 68.0 64.0 
55.0 60.0 61.0 61.0 
56.0 60.0 61.0 59.0 
241.0 60.0 97.0 126.0 
60.0 58.0 68.0 63.0 
56.0 60.0 61.0 61.0 
57.0 60.0 61.0 60.0 
236.0 61.0 97.0 125.0 
59.0 60.0 68.0 63.0 
57.0 60.0 61.0 61.0 
56.0 60.0 60.0 61.0 
259.0 61.0 99.0 128.0 
60.0 58.0 67.0 63.0 
57.0 59.0 61.0 61.0 
58.0 61.0 61.0 60.0 
277.0 61.0 96.0 130.0 
57.0 59.0 68.0 63.0 
54.0 59.0 62.0 60.0 
53.0 60.0 60.0 59.0 
276.0 59.0 96.0 129.0 
59.0 58.0 68.0 64.0 
56.0 58.0 62.0 60.0 
55.0 61.0 60.0 60.0 
305.0 61.0 97.0 130.0 
57.0 58.0 68.0 63.0 
54.0 60.0 61.0 61.0 
52.0 60.0 61.0 60.0 
297.0 62.0 97.0 129.0 
57.0 59.0 68.0 64.0 
55.0 60.0 60.0 60.0 
53.0 59.0 61.0 59.0 
262.0 61.0 96.0 126.0 
58.0 58.0 68.0 63.0 
56.0 59.0 62.0 60.0 
57.0 59.0 60.0 60.0 
269.0 60.0 96.0 127.0 
57.0 59.0 69.0 63.0 
55.0 59.0 63.0 60.0 
54.0 61.0 60.0 59.0 
255.0 61.0 96.0 127.0 
57.0 59.0 68.0 64.0 
56.0 60.0 62.0 61.0 
55.0 60.0 60.0 59.0 
261.0 60.0 96.0 124.0 
58.0 59.0 68.0 64.0 
55.0 59.0 62.0 60.0 
54.0 60.0 61.0 59.0 
261.0 60.0 95.0 118.0 
60.0 59.0 68.0 64.0 
55.0 60.0 61.0 61.0 
55.0 60.0 61.0 60.0 
253.0 61.0 94.0 118.0 
58.0 59.0 68.0 64.0 
56.0 59.0 62.0 60.0 
54.0 60.0 60.0 59.0 
232.0 60.0 94.0 114.0 
59.0 59.0 68.0 64.0 
57.0 60.0 61.0 61.0 
55.0 60.0 60.0 60.0 
233.0 61.0 94.0 115.0 
59.0 59.0 69.0 65.0 
56.0 59.0 62.0 62.0 
56.0 59.0 61.0 60.0 
247.0 61.0 95.0 116.0 
58.0 59.0 68.0 64.0 
56.0 59.0 61.0 60.0 
55.0 61.0 62.0 60.0 
232.0 60.0 93.0 112.0 
60.0 58.0 67.0 64.0 
57.0 58.0 61.0 62.0 
57.0 60.0 61.0 61.0 
211.0 61.0 93.0 110.0 
61.0 58.0 68.0 64.0 
59.0 59.0 62.0 61.0 
59.0 61.0 60.0 61.0 
184.0 60.0 88.0 83.0 
63.0 59.0 68.0 67.0 
60.0 59.0 61.0 62.0 
60.0 59.0 61.0 61.0 
186.0 60.0 88.0 84.0 
62.0 59.0 68.0 66.0 
61.0 59.0 61.0 63.0 
59.0 60.0 60.0 61.0 
196.0 61.0 89.0 84.0 
61.0 59.0 68.0 65.0 
59.0 59.0 62.0 62.0 
59.0 60.0 62.0 61.0 
203.0 60.0 87.0 85.0 
62.0 58.0 69.0 65.0 
57.0 61.0 62.0 62.0 
58.0 59.0 62.0 61.0 
207.0 60.0 89.0 86.0 
60.0 59.0 69.0 65.0 
58.0 59.0 62.0 62.0 
57.0 60.0 61.0 61.0 
215.0 60.0 88.0 86.0 
59.0 59.0 68.0 65.0 
57.0 60.0 62.0 62.0 
56.0 60.0 61.0 61.0 
211.0 60.0 88.0 85.0 
59.0 59.0 68.0 67.0 
56.0 60.0 61.0 63.0 
56.0 60.0 61.0 61.0 
208.0 60.0 87.0 85.0 
60.0 57.0 68.0 64.0 
55.0 59.0 60.0 63.0 
56.0 60.0 62.0 61.0 
199.0 60.0 88.0 84.0 
59.0 60.0 68.0 65.0 
58.0 59.0 62.0 62.0 
56.0 60.0 61.0 61.0 
193.0 60.0 88.0 84.0 
59.0 59.0 69.0 65.0 
56.0 60.0 62.0 62.0 
57.0 60.0 61.0 62.0 
191.0 60.0 88.0 83.0 
60.0 59.0 68.0 65.0 
57.0 59.0 62.0 62.0 
56.0 60.0 61.0 61.0 
188.0 60.0 89.0 82.0 
60.0 59.0 69.0 65.0 
57.0 61.0 63.0 62.0 
56.0 59.0 61.0 61.0 
195.0 61.0 88.0 83.0 
59.0 58.0 68.0 66.0 
57.0 60.0 62.0 62.0 
56.0 60.0 61.0 61.0 
191.0 60.0 88.0 83.0 
59.0 58.0 68.0 64.0 
57.0 59.0 63.0 63.0 
56.0 60.0 62.0 61.0 
188.0 61.0 88.0 83.0 
60.0 59.0 68.0 65.0 
58.0 60.0 63.0 61.0 
56.0 61.0 61.0 61.0 
185.0 59.0 88.0 84.0 
59.0 59.0 68.0 64.0 
57.0 59.0 60.0 62.0 
57.0 60.0 60.0 61.0 
179.0 60.0 89.0 83.0 
61.0 58.0 69.0 66.0 
58.0 60.0 63.0 63.0 
59.0 61.0 61.0 62.0 
179.0 59.0 88.0 82.0 
61.0 59.0 68.0 65.0 
59.0 59.0 61.0 62.0 
59.0 60.0 60.0 61.0 
165.0 60.0 88.0 82.0 
63.0 58.0 69.0 65.0 
61.0 59.0 63.0 62.0 
59.0 60.0 61.0 61.0 
178.0 59.0 88.0 84.0 
62.0 59.0 68.0 66.0 
61.0 60.0 61.0 62.0 
57.0 60.0 60.0 61.0 
179.0 61.0 89.0 84.0 
62.0 59.0 69.0 65.0 
60.0 60.0 61.0 62.0 
59.0 60.0 60.0 62.0 
180.0 59.0 89.0 83.0 
61.0 59.0 69.0 65.0 
59.0 59.0 63.0 62.0 
59.0 59.0 60.0 61.0 
169.0 59.0 88.0 84.0 
60.0 59.0 68.0 66.0 
58.0 60.0 61.0 63.0 
58.0 61.0 60.0 62.0 
182.0 60.0 87.0 83.0 
61.0 59.0 68.0 65.0 
58.0 60.0 62.0 63.0 
58.0 60.0 61.0 61.0 
182.0 60.0 87.0 83.0 
60.0 57.0 67.0 65.0 
58.0 59.0 63.0 62.0 
59.0 60.0 61.0 61.0 
182.0 59.0 86.0 84.0 
60.0 59.0 67.0 65.0 
59.0 59.0 62.0 62.0 
59.0 60.0 60.0 61.0 
183.0 60.0 88.0 84.0 
62.0 59.0 68.0 65.0 
60.0 59.0 62.0 62.0 
59.0 60.0 61.0 61.0 
183.0 61.0 87.0 84.0 
60.0 59.0 66.0 65.0 
57.0 60.0 62.0 62.0 
57.0 61.0 60.0 61.0 
185.0 60.0 87.0 84.0 
60.0 58.0 67.0 64.0 
58.0 59.0 61.0 62.0 
58.0 60.0 61.0 61.0 
184.0 60.0 88.0 84.0 
61.0 59.0 68.0 64.0 
57.0 60.0 62.0 64.0 
57.0 60.0 60.0 61.0 
186.0 60.0 87.0 83.0 
60.0 60.0 68.0 65.0 
58.0 60.0 62.0 63.0 
58.0 61.0 61.0 61.0 
187.0 60.0 88.0 84.0 
59.0 58.0 64.0 63.0 
58.0 59.0 63.0 63.0 
58.0 60.0 61.0 62.0 
188.0 60.0 88.0 84.0 
60.0 59.0 66.0 64.0 
56.0 60.0 62.0 63.0 
57.0 61.0 60.0 61.0 
190.0 61.0 89.0 85.0 
59.0 59.0 67.0 63.0 
58.0 59.0 63.0 61.0 
57.0 60.0 62.0 61.0 
189.0 61.0 88.0 85.0 
58.0 57.0 66.0 63.0 
57.0 60.0 62.0 62.0 
57.0 60.0 60.0 61.0 
188.0 60.0 88.0 86.0 
59.0 58.0 63.0 62.0 
58.0 60.0 62.0 62.0 
57.0 60.0 61.0 61.0 
189.0 60.0 88.0 84.0 
58.0 58.0 63.0 62.0 
58.0 60.0 63.0 63.0 
58.0 59.0 61.0 60.0 
189.0 60.0 87.0 84.0 
58.0 58.0 63.0 62.0 
58.0 60.0 63.0 63.0 
58.0 61.0 62.0 61.0 
190.0 60.0 87.0 85.0 
58.0 59.0 63.0 61.0 
58.0 59.0 63.0 62.0 
57.0 60.0 61.0 62.0 
191.0 60.0 87.0 85.0 
58.0 58.0 62.0 62.0 
58.0 59.0 63.0 63.0 
57.0 59.0 61.0 61.0 
193.0 59.0 87.0 85.0 
57.0 60.0 63.0 61.0 
58.0 59.0 63.0 63.0 
57.0 60.0 61.0 62.0 
193.0 59.0 87.0 84.0 
59.0 59.0 62.0 61.0 
58.0 60.0 62.0 63.0 
58.0 60.0 61.0 62.0 
193.0 60.0 87.0 84.0 
58.0 59.0 64.0 62.0 
59.0 60.0 62.0 63.0 
57.0 61.0 60.0 61.0 
187.0 62.0 87.0 84.0 
59.0 59.0 63.0 62.0 
58.0 60.0 62.0 63.0 
58.0 61.0 61.0 61.0 
186.0 60.0 86.0 84.0 
59.0 59.0 63.0 62.0 
59.0 60.0 62.0 61.0 
58.0 60.0 61.0 62.0 
186.0 60.0 87.0 84.0 
59.0 59.0 65.0 63.0 
59.0 60.0 62.0 63.0 
58.0 60.0 62.0 61.0 
186.0 60.0 86.0 83.0 
59.0 59.0 63.0 63.0 
59.0 60.0 63.0 63.0 
57.0 60.0 60.0 61.0 
184.0 60.0 87.0 84.0 
58.0 59.0 64.0 63.0 
58.0 59.0 61.0 62.0 
57.0 61.0 62.0 61.0 
183.0 60.0 87.0 84.0 
59.0 59.0 62.0 63.0 
59.0 59.0 63.0 62.0 
58.0 60.0 62.0 62.0 
184.0 60.0 87.0 84.0 
59.0 60.0 63.0 63.0 
60.0 60.0 62.0 63.0 
60.0 60.0 62.0 61.0 
178.0 60.0 88.0 84.0 
59.0 59.0 63.0 63.0 
60.0 59.0 62.0 62.0 
58.0 60.0 62.0 60.0 
178.0 60.0 87.0 83.0 
59.0 58.0 64.0 62.0 
60.0 59.0 64.0 62.0 
58.0 60.0 61.0 62.0 
179.0 60.0 86.0 84.0 
60.0 58.0 64.0 63.0 
60.0 59.0 63.0 62.0 
60.0 59.0 61.0 62.0 
181.0 60.0 85.0 83.0 
59.0 59.0 63.0 63.0 
59.0 60.0 63.0 63.0 
58.0 60.0 60.0 62.0 
179.0 60.0 87.0 83.0 
59.0 59.0 64.0 63.0 
60.0 59.0 63.0 62.0 
57.0 60.0 61.0 63.0 
177.0 61.0 86.0 84.0 
60.0 59.0 64.0 63.0 
60.0 59.0 63.0 63.0 
59.0 60.0 62.0 62.0 
176.0 60.0 87.0 84.0 
60.0 59.0 65.0 63.0 
59.0 60.0 62.0 63.0 
60.0 60.0 61.0 62.0 
175.0 61.0 87.0 84.0 
59.0 59.0 65.0 63.0 
59.0 61.0 63.0 63.0 
57.0 60.0 62.0 61.0 
181.0 60.0 86.0 85.0 
59.0 59.0 65.0 63.0 
61.0 59.0 63.0 63.0 
58.0 61.0 62.0 61.0 
180.0 60.0 87.0 84.0 
58.0 59.0 64.0 63.0 
58.0 60.0 64.0 63.0 
57.0 61.0 61.0 61.0 
180.0 60.0 86.0 83.0 
60.0 59.0 65.0 63.0 
60.0 59.0 63.0 63.0 
59.0 61.0 61.0 61.0 
184.0 60.0 87.0 84.0 
59.0 60.0 64.0 63.0 
60.0 60.0 62.0 63.0 
59.0 60.0 60.0 62.0 
179.0 60.0 89.0 84.0 
59.0 59.0 64.0 63.0 
60.0 60.0 62.0 63.0 
60.0 60.0 62.0 62.0 
178.0 60.0 86.0 84.0 
59.0 59.0 63.0 63.0 
59.0 59.0 63.0 63.0 
58.0 60.0 62.0 62.0 
180.0 59.0 87.0 83.0 
60.0 59.0 65.0 63.0 
59.0 60.0 63.0 63.0 
59.0 60.0 61.0 61.0 
178.0 60.0 87.0 84.0 
59.0 59.0 64.0 62.0 
59.0 59.0 63.0 63.0 
59.0 61.0 60.0 62.0 
180.0 61.0 88.0 84.0 
59.0 60.0 64.0 63.0 
60.0 60.0 63.0 63.0 
60.0 60.0 62.0 62.0 
184.0 60.0 87.0 84.0 
60.0 59.0 64.0 63.0 
60.0 61.0 62.0 63.0 
59.0 59.0 61.0 62.0 
186.0 60.0 87.0 85.0 
60.0 59.0 64.0 63.0 
59.0 59.0 63.0 62.0 
59.0 61.0 62.0 62.0 
181.0 59.0 86.0 84.0 
60.0 59.0 64.0 62.0 
59.0 59.0 63.0 63.0 
59.0 60.0 60.0 60.0 
178.0 61.0 87.0 84.0 
59.0 60.0 64.0 63.0 
60.0 59.0 62.0 62.0 
59.0 59.0 61.0 61.0 
180.0 60.0 87.0 85.0 
58.0 58.0 63.0 61.0 
59.0 59.0 63.0 62.0 
57.0 59.0 61.0 61.0 
183.0 60.0 89.0 84.0 
59.0 59.0 63.0 63.0 
59.0 60.0 63.0 63.0 
58.0 60.0 61.0 61.0 
181.0 59.0 88.0 84.0 
58.0 58.0 64.0 63.0 
58.0 60.0 63.0 63.0 
58.0 60.0 61.0 61.0 
182.0 60.0 88.0 85.0 
58.0 59.0 63.0 62.0 
60.0 59.0 62.0 63.0 
59.0 60.0 61.0 61.0 
180.0 61.0 87.0 83.0 
60.0 58.0 64.0 62.0 
59.0 61.0 64.0 63.0 
59.0 60.0 59.0 62.0 
176.0 60.0 89.0 84.0 
58.0 58.0 63.0 63.0 
60.0 59.0 63.0 62.0 
59.0 60.0 61.0 62.0 
178.0 60.0 88.0 84.0 
59.0 59.0 63.0 63.0 
58.0 60.0 62.0 62.0 
59.0 61.0 60.0 62.0 
176.0 60.0 88.0 83.0 
59.0 60.0 63.0 64.0 
60.0 60.0 61.0 62.0 
59.0 60.0 61.0 62.0 
176.0 60.0 88.0 83.0 
59.0 58.0 64.0 63.0 
59.0 60.0 63.0 62.0 
57.0 60.0 61.0 61.0 
176.0 59.0 88.0 83.0 
59.0 59.0 62.0 62.0 
59.0 58.0 62.0 63.0 
59.0 61.0 60.0 63.0 
178.0 60.0 89.0 83.0 
59.0 59.0 64.0 62.0 
60.0 59.0 63.0 62.0 
59.0 60.0 61.0 61.0 
177.0 60.0 88.0 84.0 
59.0 59.0 64.0 63.0 
59.0 59.0 62.0 63.0 
59.0 59.0 60.0 61.0 
180.0 60.0 88.0 84.0 
59.0 59.0 63.0 62.0 
60.0 60.0 63.0 63.0 
58.0 60.0 61.0 61.0 
180.0 60.0 89.0 85.0 
59.0 58.0 63.0 62.0 
59.0 60.0 63.0 63.0 
59.0 61.0 61.0 62.0 
180.0 60.0 88.0 85.0 
57.0 59.0 63.0 62.0 
59.0 60.0 63.0 65.0 
59.0 60.0 60.0 62.0 
180.0 60.0 88.0 84.0 
60.0 59.0 63.0 62.0 
60.0 59.0 63.0 63.0 
59.0 61.0 60.0 61.0 
178.0 60.0 88.0 84.0 
59.0 59.0 63.0 63.0 
60.0 59.0 62.0 63.0 
59.0 60.0 61.0 60.0 
182.0 60.0 89.0 85.0 
59.0 59.0 63.0 62.0 
60.0 59.0 62.0 62.0 
59.0 60.0 61.0 61.0 
184.0 58.0 89.0 84.0 
58.0 59.0 63.0 62.0 
59.0 59.0 62.0 62.0 
59.0 59.0 61.0 62.0 
181.0 60.0 89.0 84.0 
59.0 59.0 63.0 61.0 
59.0 59.0 63.0 64.0 
58.0 60.0 61.0 61.0 
182.0 60.0 88.0 84.0 
59.0 58.0 63.0 62.0 
60.0 59.0 63.0 63.0 
59.0 60.0 61.0 61.0 
183.0 60.0 89.0 84.0 
58.0 57.0 63.0 63.0 
60.0 59.0 63.0 63.0 
58.0 61.0 60.0 61.0 
178.0 60.0 87.0 84.0 
59.0 59.0 63.0 62.0 
59.0 59.0 63.0 63.0 
59.0 61.0 61.0 62.0 
177.0 60.0 88.0 84.0 
59.0 60.0 63.0 63.0 
58.0 60.0 62.0 62.0 
58.0 60.0 60.0 61.0 
178.0 59.0 88.0 85.0 
58.0 59.0 63.0 62.0 
60.0 58.0 62.0 64.0 
59.0 60.0 61.0 61.0 
179.0 60.0 88.0 84.0 
59.0 58.0 64.0 62.0 
60.0 60.0 63.0 62.0 
58.0 61.0 61.0 63.0 
179.0 59.0 88.0 85.0 
59.0 59.0 62.0 63.0 
59.0 60.0 62.0 63.0 
58.0 60.0 61.0 61.0 
183.0 60.0 89.0 85.0 
59.0 59.0 63.0 62.0 
59.0 59.0 62.0 63.0 
58.0 60.0 62.0 61.0 
182.0 60.0 89.0 85.0 
60.0 58.0 63.0 61.0 
58.0 60.0 63.0 63.0 
58.0 60.0 61.0 61.0 
180.0 60.0 89.0 85.0 
58.0 59.0 63.0 62.0 
59.0 59.0 63.0 64.0 
59.0 60.0 61.0 62.0 
182.0 60.0 88.0 85.0 
59.0 59.0 63.0 63.0 
59.0 59.0 62.0 63.0 
59.0 60.0 61.0 61.0 
178.0 60.0 88.0 83.0 
59.0 59.0 63.0 62.0 
58.0 59.0 62.0 63.0 
58.0 60.0 60.0 61.0 
180.0 60.0 89.0 84.0 
60.0 59.0 63.0 63.0 
60.0 60.0 63.0 62.0 
59.0 60.0 61.0 62.0 
173.0 60.0 89.0 83.0 
59.0 58.0 63.0 62.0 
59.0 59.0 64.0 63.0 
59.0 60.0 61.0 62.0 
172.0 60.0 88.0 83.0 
59.0 59.0 63.0 62.0 
58.0 59.0 63.0 63.0 
58.0 61.0 61.0 61.0 
180.0 60.0 89.0 84.0 
59.0 59.0 64.0 62.0 
59.0 59.0 63.0 63.0 
58.0 60.0 62.0 61.0 
179.0 61.0 89.0 85.0 
59.0 59.0 63.0 62.0 
60.0 60.0 63.0 63.0 
59.0 60.0 62.0 61.0 
181.0 60.0 89.0 84.0 
59.0 58.0 63.0 62.0 
59.0 60.0 63.0 63.0 
58.0 60.0 62.0 61.0 
179.0 60.0 89.0 84.0 
59.0 58.0 63.0 62.0 
59.0 58.0 62.0 63.0 
58.0 60.0 60.0 61.0 
177.0 60.0 88.0 84.0 
59.0 58.0 64.0 62.0 
58.0 59.0 63.0 62.0 
59.0 60.0 62.0 62.0 
179.0 60.0 89.0 84.0 
59.0 59.0 64.0 62.0 
59.0 60.0 62.0 63.0 
58.0 60.0 61.0 62.0 
175.0 60.0 88.0 84.0 
59.0 58.0 63.0 62.0 
59.0 60.0 63.0 64.0 
59.0 60.0 61.0 62.0 
179.0 61.0 89.0 85.0 
59.0 59.0 62.0 62.0 
59.0 59.0 63.0 63.0 
59.0 61.0 61.0 62.0 
174.0 60.0 87.0 83.0 
59.0 58.0 63.0 62.0 
60.0 58.0 63.0 64.0 
59.0 60.0 61.0 62.0 
169.0 60.0 87.0 82.0 
59.0 59.0 63.0 62.0 
59.0 60.0 62.0 63.0 
58.0 61.0 61.0 61.0 
174.0 61.0 87.0 83.0 
59.0 59.0 63.0 63.0 
60.0 59.0 63.0 63.0 
58.0 60.0 61.0 62.0 
173.0 59.0 88.0 84.0 
58.0 58.0 64.0 62.0 
59.0 59.0 64.0 62.0 
59.0 61.0 61.0 61.0 
173.0 59.0 88.0 84.0 
58.0 59.0 63.0 62.0 
58.0 59.0 63.0 62.0 
58.0 60.0 60.0 61.0 
175.0 60.0 87.0 84.0 
60.0 59.0 63.0 63.0 
60.0 59.0 63.0 64.0 
59.0 60.0 60.0 61.0 
175.0 60.0 88.0 83.0 
60.0 58.0 64.0 62.0 
60.0 59.0 62.0 63.0 
59.0 60.0 61.0 61.0 
171.0 60.0 88.0 83.0 
59.0 58.0 63.0 62.0 
59.0 60.0 63.0 61.0 
58.0 60.0 61.0 61.0 
172.0 60.0 87.0 85.0 
59.0 59.0 64.0 62.0 
58.0 60.0 64.0 62.0 
58.0 59.0 61.0 61.0 
174.0 60.0 87.0 84.0 
59.0 58.0 64.0 62.0 
59.0 59.0 62.0 62.0 
58.0 60.0 61.0 61.0 
169.0 60.0 86.0 77.0 
59.0 59.0 63.0 62.0 
61.0 59.0 62.0 63.0 
59.0 60.0 61.0 62.0 
117.0 60.0 86.0 77.0 
60.0 59.0 65.0 62.0 
61.0 59.0 62.0 63.0 
59.0 60.0 60.0 62.0 
119.0 60.0 87.0 77.0 
59.0 59.0 64.0 62.0 
60.0 59.0 64.0 64.0 
60.0 61.0 61.0 62.0 
121.0 60.0 86.0 77.0 
60.0 60.0 63.0 62.0 
62.0 59.0 64.0 63.0 
60.0 61.0 61.0 61.0 
121.0 60.0 86.0 77.0 
60.0 59.0 63.0 62.0 
60.0 59.0 62.0 63.0 
60.0 59.0 62.0 62.0 
120.0 59.0 86.0 78.0 
60.0 59.0 63.0 63.0 
61.0 59.0 63.0 63.0 
59.0 61.0 60.0 62.0 
122.0 59.0 86.0 78.0 
60.0 59.0 63.0 63.0 
60.0 60.0 62.0 64.0 
60.0 59.0 61.0 62.0 
123.0 60.0 86.0 78.0 
60.0 57.0 64.0 62.0 
60.0 60.0 62.0 63.0 
60.0 60.0 62.0 61.0 
123.0 60.0 87.0 78.0 
60.0 59.0 64.0 63.0 
60.0 60.0 62.0 63.0 
59.0 60.0 62.0 62.0 
123.0 61.0 86.0 78.0 
60.0 58.0 64.0 63.0 
60.0 59.0 63.0 64.0 
59.0 60.0 62.0 62.0 
125.0 60.0 87.0 78.0 
60.0 59.0 64.0 63.0 
61.0 59.0 63.0 63.0 
60.0 61.0 61.0 61.0 
123.0 60.0 87.0 78.0 
60.0 59.0 64.0 63.0 
60.0 60.0 62.0 62.0 
59.0 61.0 60.0 62.0 
123.0 60.0 87.0 78.0 
60.0 59.0 64.0 63.0 
61.0 59.0 63.0 63.0 
60.0 61.0 61.0 62.0 
123.0 59.0 87.0 78.0 
61.0 58.0 64.0 64.0 
60.0 59.0 63.0 63.0 
59.0 60.0 61.0 61.0 
123.0 60.0 87.0 77.0 
60.0 58.0 64.0 63.0 
60.0 60.0 62.0 63.0 
60.0 60.0 61.0 60.0 
123.0 60.0 85.0 78.0 
61.0 58.0 65.0 64.0 
61.0 60.0 63.0 63.0 
59.0 60.0 60.0 62.0 
123.0 59.0 87.0 78.0 
60.0 59.0 64.0 63.0 
60.0 59.0 62.0 63.0 
59.0 60.0 60.0 62.0 
124.0 60.0 86.0 78.0 
60.0 58.0 65.0 64.0 
61.0 59.0 63.0 62.0 
60.0 60.0 61.0 61.0 
124.0 59.0 86.0 78.0 
61.0 59.0 66.0 63.0 
60.0 60.0 63.0 64.0 
60.0 60.0 61.0 62.0 
122.0 60.0 87.0 77.0 
61.0 59.0 65.0 63.0 
61.0 60.0 62.0 63.0 
60.0 60.0 62.0 61.0 
119.0 59.0 86.0 78.0 
60.0 58.0 65.0 61.0 
61.0 59.0 63.0 63.0 
60.0 60.0 61.0 62.0 
121.0 60.0 87.0 77.0 
60.0 59.0 65.0 63.0 
61.0 59.0 62.0 62.0 
60.0 60.0 61.0 61.0 
124.0 60.0 86.0 78.0 
61.0 59.0 65.0 64.0 
60.0 59.0 62.0 63.0 
59.0 60.0 61.0 62.0 
123.0 59.0 86.0 78.0 
61.0 58.0 66.0 63.0 
60.0 60.0 61.0 63.0 
60.0 60.0 60.0 61.0 
120.0 59.0 87.0 77.0 
60.0 59.0 64.0 64.0 
60.0 60.0 64.0 63.0 
60.0 60.0 61.0 62.0 
120.0 60.0 86.0 78.0 
61.0 59.0 65.0 64.0 
60.0 60.0 63.0 63.0 
60.0 60.0 61.0 61.0 
124.0 60.0 86.0 78.0 
62.0 59.0 64.0 63.0 
61.0 60.0 62.0 64.0 
60.0 60.0 60.0 61.0 
124.0 59.0 85.0 78.0 
61.0 59.0 65.0 63.0 
60.0 59.0 64.0 63.0 
59.0 60.0 61.0 62.0 
124.0 59.0 85.0 78.0 
60.0 59.0 66.0 63.0 
60.0 59.0 62.0 64.0 
60.0 59.0 61.0 61.0 
125.0 60.0 85.0 78.0 
60.0 58.0 64.0 64.0 
59.0 60.0 63.0 64.0 
59.0 60.0 61.0 61.0 
121.0 60.0 85.0 78.0 
61.0 59.0 65.0 63.0 
60.0 59.0 62.0 63.0 
59.0 60.0 61.0 62.0 
122.0 60.0 85.0 77.0 
60.0 60.0 64.0 63.0 
61.0 60.0 62.0 63.0 
60.0 60.0 61.0 61.0 
124.0 60.0 85.0 78.0 
60.0 58.0 64.0 64.0 
60.0 60.0 63.0 63.0 
60.0 60.0 62.0 61.0 
124.0 60.0 86.0 77.0 
61.0 58.0 64.0 64.0 
60.0 60.0 63.0 63.0 
60.0 60.0 61.0 62.0 
122.0 60.0 86.0 78.0 
60.0 59.0 64.0 63.0 
60.0 60.0 62.0 64.0 
59.0 61.0 61.0 62.0 
122.0 59.0 87.0 78.0 
60.0 59.0 64.0 63.0 
60.0 59.0 62.0 63.0 
60.0 59.0 61.0 60.0 
120.0 60.0 86.0 78.0 
60.0 59.0 65.0 62.0 
61.0 59.0 62.0 63.0 
61.0 60.0 61.0 62.0 
127.0 60.0 85.0 78.0 
61.0 58.0 64.0 63.0 
60.0 60.0 62.0 63.0 
58.0 60.0 61.0 62.0 
126.0 60.0 86.0 78.0 
60.0 59.0 65.0 63.0 
60.0 59.0 63.0 62.0 
59.0 61.0 61.0 62.0 
122.0 60.0 85.0 79.0 
60.0 59.0 64.0 63.0 
60.0 59.0 62.0 62.0 
58.0 60.0 61.0 62.0 
127.0 59.0 86.0 79.0 
60.0 60.0 64.0 63.0 
60.0 60.0 62.0 62.0 
59.0 60.0 60.0 62.0 
123.0 60.0 85.0 78.0 
60.0 59.0 64.0 63.0 
59.0 58.0 62.0 63.0 
59.0 60.0 61.0 62.0 
124.0 60.0 86.0 78.0 
61.0 59.0 65.0 63.0 
61.0 60.0 63.0 64.0 
60.0 60.0 61.0 62.0 
126.0 60.0 86.0 79.0 
61.0 59.0 65.0 64.0 
60.0 59.0 63.0 63.0 
60.0 60.0 60.0 62.0 
120.0 60.0 86.0 78.0 
61.0 59.0 65.0 63.0 
61.0 59.0 62.0 63.0 
61.0 60.0 61.0 62.0 
122.0 61.0 85.0 78.0 
61.0 59.0 64.0 63.0 
60.0 60.0 62.0 63.0 
59.0 60.0 61.0 61.0 
124.0 60.0 86.0 78.0 
60.0 59.0 65.0 63.0 
60.0 59.0 63.0 63.0 
59.0 61.0 61.0 62.0 
121.0 60.0 86.0 78.0 
61.0 58.0 65.0 63.0 
61.0 60.0 62.0 63.0 
59.0 60.0 61.0 62.0 
123.0 60.0 86.0 77.0 
60.0 60.0 65.0 64.0 
60.0 59.0 62.0 63.0 
60.0 60.0 61.0 62.0 
122.0 59.0 85.0 77.0 
61.0 59.0 64.0 63.0 
61.0 60.0 61.0 64.0 
59.0 61.0 60.0 61.0 
120.0 59.0 86.0 78.0 
60.0 59.0 65.0 63.0 
61.0 59.0 62.0 63.0 
60.0 60.0 61.0 61.0 
123.0 60.0 86.0 78.0 
60.0 59.0 65.0 63.0 
60.0 59.0 62.0 63.0 
60.0 61.0 60.0 62.0 
123.0 60.0 86.0 78.0 
60.0 59.0 65.0 63.0 
59.0 61.0 63.0 64.0 
60.0 60.0 61.0 60.0 
122.0 59.0 86.0 77.0 
61.0 58.0 64.0 63.0 
62.0 59.0 63.0 63.0 
60.0 60.0 60.0 62.0 
121.0 61.0 85.0 78.0 
61.0 58.0 64.0 62.0 
59.0 60.0 62.0 63.0 
60.0 60.0 61.0 61.0 
120.0 60.0 85.0 78.0 
61.0 59.0 65.0 63.0 
60.0 60.0 62.0 62.0 
59.0 60.0 61.0 62.0 
120.0 60.0 85.0 77.0 
60.0 58.0 65.0 63.0 
61.0 60.0 63.0 63.0 
60.0 60.0 61.0 62.0 
122.0 60.0 86.0 77.0 
61.0 59.0 64.0 63.0 
60.0 61.0 62.0 63.0 
61.0 60.0 61.0 62.0 
121.0 59.0 85.0 77.0 
62.0 59.0 65.0 63.0 
61.0 60.0 62.0 64.0 
59.0 60.0 60.0 62.0 
120.0 60.0 85.0 76.0 
61.0 59.0 65.0 63.0 
60.0 60.0 62.0 63.0 
61.0 60.0 61.0 61.0 
120.0 59.0 85.0 77.0 
60.0 59.0 64.0 63.0 
61.0 60.0 62.0 63.0 
60.0 60.0 61.0 62.0 
121.0 60.0 85.0 77.0 
61.0 59.0 65.0 63.0 
61.0 59.0 62.0 63.0 
60.0 60.0 62.0 61.0 
122.0 60.0 85.0 77.0 
60.0 59.0 65.0 64.0 
60.0 60.0 62.0 65.0 
60.0 60.0 62.0 62.0 
121.0 60.0 85.0 77.0 
61.0 59.0 65.0 64.0 
60.0 59.0 63.0 64.0 
60.0 60.0 61.0 61.0 
119.0 60.0 85.0 77.0 
60.0 60.0 64.0 63.0 
60.0 59.0 63.0 63.0 
60.0 59.0 61.0 60.0 
119.0 60.0 84.0 77.0 
61.0 58.0 64.0 63.0 
62.0 59.0 63.0 63.0 
60.0 60.0 60.0 62.0 
119.0 59.0 84.0 77.0 
61.0 59.0 65.0 63.0 
60.0 59.0 63.0 63.0 
60.0 59.0 61.0 62.0 
118.0 60.0 85.0 77.0 
60.0 57.0 63.0 63.0 
60.0 59.0 63.0 63.0 
58.0 61.0 61.0 61.0 
118.0 60.0 84.0 77.0 
60.0 59.0 65.0 63.0 
61.0 60.0 63.0 63.0 
60.0 60.0 61.0 61.0 
116.0 59.0 85.0 77.0 
60.0 59.0 65.0 63.0 
60.0 59.0 63.0 64.0 
61.0 60.0 62.0 62.0 
116.0 60.0 84.0 76.0 
61.0 58.0 64.0 64.0 
61.0 60.0 63.0 62.0 
61.0 60.0 60.0 61.0 
117.0 59.0 85.0 76.0 
60.0 59.0 65.0 63.0 
61.0 60.0 63.0 64.0 
60.0 60.0 61.0 61.0 
117.0 60.0 84.0 76.0 
61.0 60.0 64.0 63.0 
61.0 59.0 63.0 63.0 
59.0 60.0 61.0 62.0 
114.0 60.0 85.0 77.0 
60.0 59.0 65.0 63.0 
61.0 59.0 63.0 63.0 
60.0 60.0 62.0 61.0 
117.0 59.0 84.0 77.0 
61.0 59.0 65.0 62.0 
60.0 59.0 63.0 63.0 
60.0 60.0 60.0 61.0 
115.0 60.0 84.0 76.0 
61.0 59.0 65.0 64.0 
61.0 59.0 62.0 63.0 
60.0 59.0 61.0 61.0 
116.0 60.0 84.0 76.0 
61.0 59.0 64.0 63.0 
61.0 59.0 64.0 64.0 
60.0 59.0 62.0 62.0 
115.0 58.0 84.0 77.0 
61.0 59.0 65.0 63.0 
60.0 60.0 63.0 63.0 
59.0 60.0 60.0 62.0 
112.0 59.0 85.0 74.0 
60.0 59.0 65.0 63.0 
60.0 59.0 63.0 63.0 
60.0 61.0 59.0 62.0 
110.0 59.0 85.0 75.0 
60.0 59.0 65.0 64.0 
61.0 60.0 63.0 63.0 
61.0 60.0 61.0 62.0 
110.0 60.0 84.0 76.0 
61.0 58.0 65.0 63.0 
60.0 60.0 63.0 64.0 
60.0 60.0 61.0 62.0 
110.0 59.0 85.0 75.0 
61.0 59.0 64.0 63.0 
61.0 59.0 63.0 64.0 
61.0 60.0 61.0 61.0 
113.0 60.0 84.0 76.0 
61.0 59.0 64.0 63.0 
60.0 60.0 62.0 63.0 
60.0 61.0 60.0 62.0 
117.0 60.0 85.0 76.0 
60.0 59.0 64.0 64.0 
61.0 59.0 64.0 63.0 
59.0 61.0 61.0 62.0 
120.0 59.0 84.0 77.0 
60.0 59.0 65.0 64.0 
60.0 60.0 62.0 63.0 
60.0 60.0 61.0 62.0 
118.0 60.0 85.0 78.0 
61.0 59.0 65.0 63.0 
60.0 59.0 62.0 64.0 
59.0 60.0 61.0 62.0 
115.0 61.0 84.0 77.0 
60.0 59.0 65.0 63.0 
60.0 59.0 62.0 64.0 
58.0 60.0 61.0 62.0 
115.0 61.0 84.0 77.0 
61.0 58.0 65.0 65.0 
61.0 60.0 63.0 63.0 
60.0 59.0 61.0 61.0 
118.0 60.0 85.0 76.0 
60.0 60.0 65.0 63.0 
60.0 59.0 62.0 64.0 
60.0 60.0 61.0 61.0 
114.0 60.0 85.0 77.0 
61.0 59.0 64.0 64.0 
58.0 60.0 63.0 63.0 
60.0 60.0 61.0 61.0 
114.0 59.0 85.0 76.0 
61.0 59.0 64.0 63.0 
61.0 59.0 62.0 63.0 
60.0 60.0 60.0 62.0 
113.0 60.0 85.0 76.0 
61.0 59.0 65.0 65.0 
61.0 58.0 63.0 63.0 
60.0 61.0 61.0 61.0 
114.0 60.0 85.0 76.0 
62.0 58.0 65.0 63.0 
61.0 60.0 62.0 63.0 
60.0 60.0 61.0 61.0 
115.0 60.0 85.0 76.0 
60.0 59.0 65.0 63.0 
60.0 59.0 62.0 64.0 
61.0 60.0 61.0 61.0 
120.0 60.0 84.0 77.0 
61.0 58.0 65.0 63.0 
59.0 59.0 62.0 64.0 
59.0 60.0 62.0 61.0 
118.0 60.0 85.0 77.0 
60.0 59.0 64.0 64.0 
60.0 59.0 62.0 64.0 
59.0 61.0 60.0 62.0 
115.0 60.0 85.0 77.0 
60.0 57.0 65.0 64.0 
60.0 60.0 62.0 64.0 
60.0 60.0 61.0 62.0 
114.0 60.0 85.0 76.0 
60.0 59.0 64.0 62.0 
61.0 59.0 62.0 63.0 
60.0 60.0 61.0 62.0 
115.0 59.0 84.0 77.0 
61.0 59.0 63.0 63.0 
61.0 59.0 62.0 64.0 
59.0 57.0 61.0 62.0 
116.0 60.0 85.0 76.0 
60.0 58.0 65.0 63.0 
61.0 59.0 62.0 63.0 
60.0 60.0 61.0 61.0 
116.0 59.0 85.0 76.0 
59.0 59.0 65.0 64.0 
61.0 59.0 63.0 63.0 
60.0 59.0 61.0 61.0 
117.0 60.0 85.0 77.0 
61.0 59.0 64.0 63.0 
61.0 59.0 62.0 64.0 
61.0 60.0 61.0 61.0 
115.0 58.0 85.0 76.0 
61.0 59.0 64.0 63.0 
61.0 60.0 62.0 63.0 
60.0 60.0 61.0 62.0 
113.0 59.0 85.0 76.0 
60.0 59.0 65.0 64.0 
61.0 60.0 61.0 64.0 
61.0 60.0 61.0 62.0 
110.0 60.0 83.0 77.0 
61.0 60.0 65.0 63.0 
61.0 59.0 63.0 63.0 
61.0 60.0 61.0 61.0 
117.0 59.0 86.0 77.0 
61.0 59.0 65.0 63.0 
60.0 58.0 63.0 63.0 
60.0 59.0 61.0 62.0 
116.0 60.0 85.0 77.0 
60.0 59.0 64.0 63.0 
60.0 58.0 63.0 63.0 
59.0 60.0 62.0 61.0 
117.0 60.0 85.0 76.0 
61.0 59.0 64.0 63.0 
61.0 59.0 63.0 65.0 
60.0 60.0 61.0 62.0 
118.0 59.0 86.0 77.0 
60.0 59.0 63.0 63.0 
62.0 60.0 63.0 63.0 
60.0 59.0 61.0 61.0 
119.0 60.0 87.0 77.0 
60.0 59.0 65.0 62.0 
60.0 60.0 63.0 63.0 
60.0 60.0 60.0 61.0 
116.0 60.0 85.0 77.0 
60.0 59.0 65.0 63.0 
60.0 59.0 62.0 63.0 
60.0 60.0 61.0 61.0 
116.0 59.0 85.0 76.0 
60.0 59.0 64.0 63.0 
60.0 60.0 62.0 64.0 
61.0 60.0 60.0 62.0 
116.0 60.0 85.0 76.0 
61.0 60.0 64.0 63.0 
61.0 60.0 63.0 63.0 
61.0 59.0 61.0 62.0 
117.0 59.0 86.0 77.0 
60.0 58.0 64.0 63.0 
60.0 60.0 64.0 63.0 
60.0 61.0 60.0 61.0 
122.0 60.0 86.0 76.0 
61.0 59.0 65.0 62.0 
61.0 59.0 63.0 63.0 
59.0 60.0 62.0 61.0 
121.0 60.0 86.0 77.0 
61.0 60.0 64.0 64.0 
60.0 60.0 62.0 63.0 
60.0 60.0 61.0 61.0 
120.0 60.0 86.0 77.0 
60.0 58.0 64.0 63.0 
61.0 59.0 62.0 63.0 
60.0 60.0 61.0 62.0 
123.0 60.0 87.0 77.0 
60.0 59.0 65.0 63.0 
60.0 58.0 60.0 63.0 
59.0 59.0 61.0 62.0 
123.0 58.0 85.0 77.0 
61.0 58.0 65.0 63.0 
60.0 59.0 62.0 64.0 
61.0 60.0 60.0 62.0 
123.0 59.0 86.0 77.0 
60.0 59.0 65.0 63.0 
60.0 61.0 62.0 63.0 
59.0 61.0 61.0 62.0 
119.0 60.0 86.0 77.0 
61.0 59.0 63.0 64.0 
60.0 60.0 63.0 64.0 
60.0 60.0 60.0 62.0 
121.0 59.0 86.0 77.0 
60.0 59.0 64.0 63.0 
61.0 60.0 63.0 64.0 
60.0 60.0 60.0 61.0 
123.0 61.0 85.0 78.0 
60.0 59.0 64.0 63.0 
61.0 60.0 61.0 64.0 
60.0 60.0 61.0 62.0 
121.0 59.0 86.0 77.0 
61.0 59.0 65.0 64.0 
61.0 59.0 62.0 63.0 
60.0 60.0 60.0 61.0 
118.0 59.0 85.0 77.0 
60.0 59.0 65.0 63.0 
61.0 59.0 62.0 64.0 
60.0 60.0 60.0 62.0 
115.0 60.0 85.0 78.0 
61.0 59.0 65.0 63.0 
61.0 60.0 61.0 63.0 
61.0 60.0 61.0 62.0 
116.0 60.0 86.0 76.0 
61.0 59.0 64.0 63.0 
61.0 59.0 62.0 64.0 
60.0 60.0 61.0 61.0 
104.0 60.0 86.0 74.0 
60.0 59.0 65.0 63.0 
62.0 59.0 62.0 63.0 
61.0 61.0 59.0 62.0 
103.0 61.0 85.0 74.0 
61.0 60.0 64.0 64.0 
61.0 60.0 63.0 63.0 
61.0 59.0 61.0 63.0 
105.0 61.0 85.0 75.0 
61.0 59.0 65.0 63.0 
61.0 59.0 62.0 63.0 
60.0 60.0 61.0 61.0 
106.0 60.0 84.0 75.0 
61.0 58.0 64.0 64.0 
61.0 59.0 62.0 64.0 
60.0 60.0 61.0 62.0 
106.0 60.0 85.0 75.0 
60.0 59.0 64.0 63.0 
61.0 59.0 62.0 64.0 
60.0 60.0 61.0 62.0 
104.0 60.0 84.0 75.0 
61.0 59.0 64.0 64.0 
62.0 60.0 63.0 64.0 
60.0 60.0 62.0 62.0 
107.0 59.0 85.0 77.0 
61.0 58.0 64.0 64.0 
62.0 59.0 63.0 64.0 
61.0 61.0 60.0 61.0 
110.0 61.0 85.0 77.0 
61.0 59.0 66.0 63.0 
60.0 60.0 63.0 63.0 
60.0 60.0 61.0 62.0 
113.0 60.0 85.0 76.0 
61.0 59.0 65.0 63.0 
61.0 60.0 62.0 64.0 
59.0 59.0 61.0 62.0 
120.0 59.0 85.0 77.0 
60.0 57.0 65.0 63.0 
61.0 59.0 62.0 64.0 
59.0 60.0 59.0 61.0 
121.0 60.0 86.0 77.0 
61.0 59.0 64.0 63.0 
61.0 59.0 62.0 64.0 
60.0 60.0 61.0 61.0 
121.0 60.0 85.0 77.0 
62.0 58.0 64.0 62.0 
60.0 59.0 62.0 63.0 
60.0 60.0 61.0 61.0 
122.0 60.0 85.0 78.0 
60.0 59.0 64.0 63.0 
61.0 59.0 63.0 65.0 
60.0 60.0 61.0 61.0 
124.0 61.0 85.0 78.0 
61.0 58.0 65.0 63.0 
60.0 60.0 63.0 63.0 
59.0 60.0 60.0 61.0 
128.0 60.0 86.0 78.0 
60.0 58.0 65.0 63.0 
60.0 59.0 62.0 63.0 
59.0 60.0 61.0 62.0 
130.0 60.0 86.0 79.0 
61.0 59.0 64.0 63.0 
60.0 59.0 62.0 62.0 
59.0 60.0 60.0 62.0 
125.0 60.0 85.0 78.0 
60.0 59.0 64.0 63.0 
59.0 60.0 62.0 64.0 
59.0 60.0 61.0 61.0 
122.0 61.0 85.0 78.0 
61.0 58.0 64.0 63.0 
60.0 59.0 63.0 63.0 
59.0 59.0 61.0 61.0 
126.0 59.0 85.0 78.0 
60.0 59.0 64.0 64.0 
60.0 60.0 63.0 63.0 
59.0 60.0 61.0 62.0 
128.0 60.0 86.0 80.0 
61.0 59.0 64.0 63.0 
60.0 59.0 61.0 63.0 
59.0 60.0 60.0 62.0 
127.0 59.0 84.0 79.0 
60.0 59.0 64.0 64.0 
60.0 60.0 62.0 63.0 
60.0 59.0 61.0 62.0 
124.0 60.0 86.0 78.0 
61.0 59.0 64.0 63.0 
61.0 59.0 63.0 63.0 
59.0 60.0 60.0 62.0 
125.0 60.0 86.0 78.0 
61.0 58.0 65.0 62.0 
60.0 59.0 62.0 63.0 
60.0 59.0 61.0 59.0 
126.0 59.0 85.0 78.0 
60.0 58.0 65.0 64.0 
61.0 59.0 63.0 63.0 
60.0 59.0 61.0 61.0 
125.0 59.0 86.0 77.0 
61.0 59.0 65.0 64.0 
60.0 60.0 63.0 63.0 
59.0 60.0 61.0 61.0 
128.0 60.0 86.0 79.0 
60.0 58.0 64.0 64.0 
60.0 59.0 61.0 63.0 
60.0 60.0 61.0 61.0 
126.0 60.0 86.0 79.0 
61.0 59.0 65.0 63.0 
60.0 59.0 62.0 63.0 
60.0 60.0 61.0 61.0 
128.0 60.0 87.0 79.0 
60.0 59.0 64.0 63.0 
61.0 59.0 62.0 63.0 
59.0 60.0 61.0 61.0 
127.0 60.0 87.0 78.0 
61.0 59.0 65.0 63.0 
61.0 60.0 64.0 63.0 
60.0 61.0 61.0 61.0 
129.0 60.0 87.0 79.0 
60.0 59.0 64.0 63.0 
61.0 59.0 62.0 63.0 
60.0 61.0 61.0 62.0 
131.0 60.0 86.0 78.0 
61.0 57.0 64.0 64.0 
60.0 59.0 61.0 63.0 
60.0 60.0 61.0 61.0 
130.0 59.0 86.0 79.0 
61.0 59.0 65.0 63.0 
60.0 60.0 62.0 62.0 
59.0 59.0 61.0 61.0 
128.0 60.0 86.0 78.0 
60.0 60.0 65.0 63.0 
60.0 60.0 63.0 63.0 
60.0 60.0 61.0 61.0 
129.0 60.0 86.0 78.0 
61.0 59.0 65.0 64.0 
60.0 59.0 62.0 63.0 
60.0 59.0 62.0 61.0 
127.0 59.0 86.0 79.0 
61.0 59.0 65.0 64.0 
60.0 61.0 62.0 63.0 
60.0 60.0 60.0 62.0 
123.0 60.0 86.0 77.0 
61.0 59.0 65.0 64.0 
60.0 60.0 62.0 63.0 
60.0 60.0 62.0 62.0 
119.0 60.0 86.0 78.0 
61.0 59.0 64.0 64.0 
61.0 59.0 63.0 63.0 
60.0 60.0 61.0 62.0 
121.0 59.0 86.0 77.0 
61.0 59.0 65.0 63.0 
62.0 60.0 61.0 63.0 
60.0 60.0 60.0 62.0 
118.0 59.0 87.0 78.0 
60.0 59.0 65.0 63.0 
61.0 59.0 62.0 63.0 
60.0 60.0 60.0 62.0 
117.0 60.0 86.0 77.0 
61.0 58.0 65.0 63.0 
61.0 60.0 62.0 63.0 
60.0 60.0 60.0 61.0 
118.0 60.0 87.0 77.0 
61.0 59.0 65.0 64.0 
60.0 60.0 63.0 64.0 
60.0 59.0 61.0 62.0 
119.0 60.0 86.0 77.0 
61.0 59.0 65.0 64.0 
60.0 61.0 61.0 61.0 
60.0 60.0 61.0 63.0 
120.0 59.0 85.0 77.0 
61.0 58.0 65.0 63.0 
60.0 60.0 62.0 63.0 
61.0 61.0 61.0 61.0 
119.0 60.0 86.0 76.0 
61.0 59.0 64.0 64.0 
60.0 59.0 63.0 64.0 
60.0 60.0 61.0 61.0 
121.0 59.0 86.0 77.0 
61.0 59.0 64.0 63.0 
60.0 59.0 62.0 63.0 
59.0 60.0 61.0 62.0 
122.0 60.0 85.0 77.0 
61.0 59.0 64.0 64.0 
61.0 59.0 62.0 63.0 
59.0 60.0 61.0 62.0 
123.0 61.0 86.0 77.0 
61.0 59.0 65.0 63.0 
60.0 59.0 62.0 63.0 
60.0 60.0 61.0 62.0 
123.0 59.0 86.0 77.0 
60.0 59.0 65.0 63.0 
60.0 57.0 63.0 63.0 
60.0 60.0 61.0 62.0 
122.0 60.0 85.0 77.0 
61.0 59.0 65.0 64.0 
60.0 60.0 62.0 63.0 
60.0 61.0 61.0 61.0 
118.0 60.0 85.0 77.0 
61.0 59.0 65.0 63.0 
59.0 59.0 63.0 63.0 
59.0 60.0 61.0 61.0 
116.0 60.0 86.0 77.0 
60.0 59.0 65.0 64.0 
60.0 59.0 62.0 63.0 
60.0 61.0 60.0 62.0 
118.0 60.0 86.0 78.0 
61.0 58.0 65.0 64.0 
59.0 59.0 62.0 63.0 
61.0 60.0 61.0 62.0 
119.0 60.0 85.0 77.0 
61.0 59.0 65.0 63.0 
61.0 59.0 63.0 63.0 
60.0 60.0 61.0 62.0 
115.0 60.0 86.0 77.0 
62.0 58.0 65.0 64.0 
60.0 60.0 63.0 63.0 
60.0 60.0 61.0 62.0 
109.0 59.0 86.0 75.0 
62.0 60.0 64.0 64.0 
61.0 60.0 62.0 64.0 
60.0 59.0 62.0 62.0 
106.0 59.0 86.0 76.0 
62.0 58.0 65.0 64.0 
61.0 59.0 61.0 63.0 
61.0 59.0 60.0 62.0 
103.0 60.0 86.0 77.0 
60.0 59.0 64.0 63.0 
61.0 60.0 62.0 63.0 
61.0 61.0 61.0 62.0 
106.0 60.0 85.0 75.0 
61.0 59.0 65.0 64.0 
61.0 61.0 62.0 63.0 
61.0 60.0 62.0 62.0 
111.0 60.0 85.0 76.0 
61.0 59.0 65.0 64.0 
61.0 59.0 63.0 63.0 
60.0 60.0 61.0 62.0 
110.0 59.0 86.0 76.0 
61.0 59.0 65.0 63.0 
61.0 59.0 61.0 63.0 
61.0 60.0 61.0 62.0 
110.0 59.0 86.0 76.0 
62.0 59.0 65.0 63.0 
62.0 59.0 62.0 63.0 
61.0 59.0 61.0 61.0 
105.0 60.0 86.0 75.0 
61.0 59.0 65.0 63.0 
62.0 60.0 62.0 63.0 
61.0 60.0 61.0 62.0 
109.0 61.0 86.0 75.0 
61.0 60.0 65.0 63.0 
61.0 59.0 63.0 63.0 
60.0 60.0 60.0 62.0 
108.0 59.0 86.0 75.0 
60.0 57.0 65.0 63.0 
61.0 60.0 63.0 63.0 
60.0 60.0 61.0 62.0 
109.0 60.0 86.0 75.0 
61.0 60.0 64.0 64.0 
60.0 60.0 62.0 63.0 
61.0 59.0 62.0 61.0 
108.0 59.0 86.0 75.0 
62.0 59.0 66.0 64.0 
60.0 60.0 62.0 63.0 
60.0 61.0 61.0 61.0 
104.0 59.0 85.0 75.0 
62.0 59.0 66.0 64.0 
61.0 60.0 61.0 63.0 
61.0 60.0 60.0 64.0 
110.0 60.0 86.0 76.0 
61.0 58.0 65.0 64.0 
61.0 59.0 62.0 63.0 
60.0 60.0 61.0 62.0 
115.0 58.0 86.0 76.0 
61.0 58.0 65.0 64.0 
61.0 58.0 62.0 63.0 
59.0 61.0 60.0 61.0 
116.0 60.0 85.0 76.0 
61.0 59.0 65.0 63.0 
61.0 59.0 62.0 63.0 
61.0 60.0 61.0 62.0 
113.0 59.0 85.0 75.0 
60.0 59.0 65.0 64.0 
60.0 60.0 62.0 64.0 
60.0 60.0 60.0 62.0 
112.0 60.0 85.0 76.0 
61.0 59.0 65.0 63.0 
61.0 59.0 62.0 63.0 
61.0 60.0 61.0 62.0 
110.0 59.0 85.0 75.0 
60.0 59.0 64.0 63.0 
61.0 60.0 62.0 63.0 
60.0 60.0 61.0 61.0 
110.0 59.0 86.0 76.0 
61.0 61.0 64.0 64.0 
61.0 59.0 63.0 63.0 
60.0 59.0 60.0 62.0 
110.0 59.0 84.0 75.0 
62.0 61.0 65.0 64.0 
60.0 59.0 61.0 63.0 
61.0 61.0 61.0 62.0 
111.0 59.0 86.0 76.0 
61.0 59.0 66.0 64.0 
61.0 60.0 63.0 63.0 
60.0 60.0 61.0 62.0 
108.0 59.0 86.0 75.0 
61.0 59.0 65.0 64.0 
61.0 59.0 63.0 63.0 
61.0 60.0 61.0 62.0 
110.0 59.0 85.0 76.0 
61.0 59.0 65.0 64.0 
61.0 60.0 62.0 63.0 
60.0 60.0 61.0 62.0 
107.0 61.0 86.0 76.0 
61.0 59.0 65.0 63.0 
61.0 59.0 62.0 63.0 
60.0 59.0 62.0 62.0 
106.0 60.0 85.0 75.0 
60.0 58.0 65.0 63.0 
60.0 60.0 63.0 64.0 
61.0 60.0 62.0 62.0 
105.0 60.0 85.0 75.0 
61.0 59.0 64.0 63.0 
61.0 60.0 62.0 64.0 
61.0 61.0 62.0 62.0 
107.0 60.0 84.0 75.0 
61.0 59.0 65.0 63.0 
61.0 59.0 62.0 63.0 
60.0 60.0 61.0 62.0 
105.0 60.0 84.0 75.0 
62.0 59.0 65.0 63.0 
61.0 59.0 63.0 64.0 
59.0 60.0 61.0 62.0 
107.0 60.0 85.0 75.0 
60.0 59.0 64.0 64.0 
61.0 59.0 62.0 63.0 
60.0 60.0 62.0 61.0 
109.0 60.0 86.0 76.0 
61.0 58.0 65.0 64.0 
61.0 59.0 63.0 63.0 
60.0 60.0 61.0 62.0 
110.0 58.0 85.0 76.0 
61.0 58.0 65.0 64.0 
61.0 59.0 62.0 63.0 
60.0 60.0 60.0 61.0 
110.0 60.0 86.0 75.0 
62.0 59.0 65.0 63.0 
60.0 59.0 63.0 63.0 
60.0 59.0 61.0 62.0 
110.0 60.0 85.0 75.0 
60.0 58.0 65.0 64.0 
61.0 59.0 63.0 63.0 
58.0 60.0 61.0 62.0 
108.0 60.0 85.0 77.0 
61.0 59.0 66.0 63.0 
61.0 60.0 62.0 63.0 
60.0 61.0 61.0 62.0 
120.0 60.0 86.0 76.0 
62.0 59.0 65.0 63.0 
61.0 59.0 62.0 63.0 
60.0 60.0 61.0 61.0 
116.0 59.0 86.0 78.0 
61.0 59.0 65.0 63.0 
60.0 60.0 64.0 63.0 
60.0 60.0 61.0 62.0 
127.0 60.0 86.0 78.0 
61.0 58.0 65.0 63.0 
60.0 59.0 62.0 63.0 
61.0 60.0 61.0 62.0 
121.0 60.0 85.0 78.0 
59.0 58.0 65.0 64.0 
61.0 59.0 62.0 63.0 
60.0 59.0 61.0 61.0 
128.0 60.0 84.0 78.0 
60.0 58.0 64.0 63.0 
60.0 59.0 62.0 62.0 
60.0 60.0 61.0 62.0 
132.0 60.0 86.0 78.0 
60.0 59.0 64.0 63.0 
60.0 59.0 63.0 62.0 
60.0 60.0 61.0 62.0 
123.0 60.0 86.0 80.0 
61.0 59.0 64.0 65.0 
60.0 59.0 62.0 63.0 
59.0 62.0 61.0 62.0 
125.0 60.0 86.0 79.0 
61.0 59.0 65.0 63.0 
61.0 59.0 63.0 63.0 
59.0 61.0 62.0 61.0 
118.0 60.0 85.0 77.0 
61.0 59.0 65.0 64.0 
61.0 60.0 63.0 63.0 
60.0 60.0 62.0 62.0 
123.0 60.0 85.0 77.0 
60.0 59.0 65.0 63.0 
60.0 59.0 62.0 64.0 
61.0 60.0 61.0 62.0 
124.0 60.0 85.0 77.0 
60.0 59.0 64.0 63.0 
60.0 59.0 63.0 63.0 
59.0 61.0 61.0 62.0 
124.0 59.0 85.0 78.0 
60.0 59.0 65.0 63.0 
60.0 60.0 63.0 64.0 
60.0 59.0 61.0 61.0 
124.0 60.0 86.0 78.0 
61.0 59.0 65.0 64.0 
60.0 59.0 62.0 63.0 
60.0 58.0 62.0 61.0 
125.0 58.0 86.0 78.0 
60.0 58.0 65.0 64.0 
60.0 59.0 62.0 64.0 
61.0 60.0 60.0 62.0 
125.0 60.0 84.0 78.0 
60.0 59.0 65.0 64.0 
60.0 59.0 62.0 63.0 
60.0 60.0 60.0 62.0 
125.0 59.0 85.0 77.0 
60.0 59.0 64.0 63.0 
61.0 59.0 63.0 64.0 
60.0 59.0 61.0 62.0 
123.0 60.0 85.0 80.0 
61.0 59.0 64.0 63.0 
60.0 59.0 63.0 63.0 
60.0 60.0 61.0 62.0 
123.0 59.0 85.0 77.0 
60.0 58.0 65.0 64.0 
61.0 59.0 61.0 63.0 
60.0 60.0 61.0 62.0 
123.0 59.0 85.0 78.0 
61.0 59.0 64.0 64.0 
60.0 60.0 62.0 63.0 
60.0 60.0 61.0 61.0 
122.0 59.0 85.0 77.0 
61.0 59.0 64.0 63.0 
60.0 59.0 62.0 63.0 
59.0 60.0 61.0 61.0 
122.0 59.0 85.0 78.0 
60.0 59.0 64.0 63.0 
60.0 60.0 62.0 64.0 
60.0 60.0 60.0 61.0 
124.0 59.0 84.0 78.0 
61.0 58.0 65.0 63.0 
61.0 59.0 63.0 63.0 
61.0 60.0 60.0 62.0 
123.0 60.0 85.0 77.0 
60.0 59.0 64.0 64.0 
61.0 59.0 62.0 62.0 
60.0 59.0 61.0 61.0 
126.0 60.0 83.0 78.0 
60.0 59.0 65.0 64.0 
60.0 60.0 61.0 64.0 
60.0 60.0 62.0 61.0 
125.0 59.0 85.0 78.0 
60.0 60.0 65.0 63.0 
59.0 60.0 62.0 64.0 
59.0 60.0 61.0 61.0 
125.0 59.0 84.0 78.0 
60.0 58.0 65.0 64.0 
60.0 58.0 64.0 63.0 
60.0 59.0 60.0 61.0 
121.0 60.0 83.0 78.0 
60.0 58.0 65.0 63.0 
60.0 59.0 62.0 63.0 
59.0 60.0 61.0 62.0 
118.0 59.0 83.0 77.0 
61.0 58.0 65.0 64.0 
60.0 59.0 62.0 63.0 
60.0 60.0 61.0 62.0 
120.0 60.0 84.0 78.0 
61.0 58.0 65.0 63.0 
61.0 59.0 62.0 64.0 
59.0 61.0 62.0 62.0 
119.0 59.0 85.0 77.0 
61.0 58.0 65.0 64.0 
61.0 59.0 63.0 63.0 
59.0 60.0 61.0 62.0 
119.0 60.0 84.0 77.0 
61.0 58.0 65.0 64.0 
60.0 60.0 63.0 63.0 
59.0 59.0 61.0 63.0 
118.0 59.0 84.0 76.0 
61.0 59.0 66.0 64.0 
60.0 60.0 63.0 64.0 
59.0 60.0 61.0 62.0 
116.0 58.0 83.0 77.0 
61.0 59.0 64.0 63.0 
61.0 58.0 64.0 64.0 
60.0 58.0 61.0 61.0 
115.0 60.0 83.0 77.0 
61.0 58.0 65.0 64.0 
61.0 59.0 63.0 64.0 
60.0 60.0 61.0 62.0 
116.0 60.0 83.0 76.0 
61.0 59.0 65.0 64.0 
60.0 59.0 63.0 63.0 
60.0 61.0 61.0 62.0 
117.0 60.0 83.0 77.0 
61.0 60.0 65.0 65.0 
59.0 60.0 64.0 63.0 
60.0 60.0 62.0 62.0 
115.0 60.0 81.0 76.0 
61.0 59.0 64.0 64.0 
59.0 59.0 62.0 63.0 
60.0 60.0 60.0 62.0 
114.0 60.0 82.0 76.0 
60.0 60.0 66.0 63.0 
60.0 58.0 62.0 64.0 
60.0 61.0 62.0 61.0 
115.0 60.0 83.0 76.0 
61.0 59.0 64.0 64.0 
60.0 59.0 62.0 63.0 
59.0 60.0 62.0 62.0 
114.0 60.0 83.0 75.0 
60.0 59.0 66.0 64.0 
61.0 59.0 63.0 64.0 
60.0 60.0 62.0 61.0 
115.0 60.0 83.0 77.0 
60.0 58.0 65.0 64.0 
60.0 59.0 63.0 63.0 
61.0 61.0 61.0 62.0 
114.0 60.0 83.0 76.0 
60.0 60.0 66.0 64.0 
61.0 59.0 62.0 63.0 
59.0 60.0 61.0 61.0 
114.0 59.0 83.0 76.0 
60.0 58.0 65.0 64.0 
60.0 59.0 63.0 64.0 
59.0 60.0 61.0 62.0 
116.0 60.0 83.0 77.0 
61.0 59.0 66.0 64.0 
60.0 60.0 63.0 64.0 
60.0 60.0 61.0 61.0 
118.0 59.0 83.0 77.0 
60.0 59.0 65.0 64.0 
60.0 59.0 63.0 62.0 
60.0 60.0 60.0 62.0 
118.0 60.0 83.0 77.0 
61.0 58.0 66.0 64.0 
60.0 59.0 62.0 64.0 
61.0 60.0 62.0 61.0 
117.0 59.0 84.0 77.0 
61.0 59.0 66.0 64.0 
61.0 59.0 62.0 63.0 
60.0 60.0 60.0 62.0 
117.0 60.0 84.0 77.0 
60.0 60.0 65.0 64.0 
60.0 60.0 63.0 63.0 
61.0 59.0 61.0 62.0 
118.0 60.0 83.0 78.0 
61.0 59.0 66.0 63.0 
60.0 59.0 63.0 63.0 
60.0 60.0 61.0 61.0 
119.0 59.0 83.0 77.0 
61.0 58.0 66.0 63.0 
61.0 60.0 63.0 63.0 
60.0 60.0 62.0 61.0 
120.0 59.0 83.0 77.0 
60.0 58.0 65.0 64.0 
59.0 58.0 62.0 63.0 
59.0 60.0 61.0 62.0 
120.0 59.0 82.0 78.0 
60.0 59.0 65.0 64.0 
60.0 59.0 61.0 62.0 
60.0 60.0 61.0 61.0 
118.0 59.0 84.0 77.0 
60.0 58.0 64.0 63.0 
60.0 59.0 63.0 63.0 
60.0 60.0 61.0 62.0 
117.0 59.0 83.0 76.0 
60.0 59.0 65.0 63.0 
60.0 59.0 63.0 63.0 
60.0 59.0 61.0 61.0 
115.0 60.0 83.0 77.0 
60.0 58.0 65.0 64.0 
61.0 59.0 62.0 63.0 
61.0 60.0 62.0 61.0 
118.0 59.0 83.0 76.0 
60.0 59.0 64.0 64.0 
60.0 60.0 63.0 63.0 
60.0 60.0 61.0 62.0 
115.0 59.0 82.0 77.0 
61.0 59.0 65.0 64.0 
61.0 59.0 62.0 63.0 
61.0 59.0 61.0 61.0 
113.0 60.0 83.0 76.0 
61.0 59.0 64.0 64.0 
60.0 59.0 62.0 63.0 
59.0 60.0 62.0 61.0 
117.0 59.0 83.0 76.0 
61.0 59.0 65.0 64.0 
60.0 59.0 63.0 63.0 
60.0 60.0 61.0 62.0 
118.0 60.0 82.0 77.0 
60.0 60.0 66.0 64.0 
61.0 58.0 62.0 63.0 
60.0 60.0 62.0 61.0 
116.0 60.0 83.0 76.0 
60.0 59.0 64.0 63.0 
60.0 59.0 63.0 64.0 
59.0 60.0 61.0 62.0 
115.0 60.0 82.0 76.0 
61.0 59.0 64.0 64.0 
60.0 59.0 62.0 63.0 
60.0 60.0 61.0 61.0 
116.0 60.0 83.0 76.0 
61.0 58.0 65.0 64.0 
60.0 59.0 63.0 63.0 
60.0 59.0 61.0 62.0 
116.0 59.0 82.0 76.0 
61.0 58.0 65.0 64.0 
61.0 60.0 62.0 64.0 
60.0 60.0 61.0 61.0 
116.0 59.0 82.0 76.0 
61.0 61.0 65.0 64.0 
60.0 59.0 63.0 64.0 
60.0 60.0 60.0 61.0 
116.0 61.0 83.0 76.0 
61.0 58.0 64.0 64.0 
60.0 59.0 63.0 64.0 
60.0 59.0 61.0 61.0 
116.0 60.0 82.0 77.0 
61.0 59.0 64.0 64.0 
61.0 58.0 63.0 63.0 
59.0 60.0 61.0 61.0 
116.0 59.0 83.0 76.0 
61.0 57.0 65.0 63.0 
60.0 60.0 62.0 63.0 
59.0 61.0 60.0 61.0 
116.0 59.0 83.0 76.0 
60.0 58.0 65.0 63.0 
60.0 59.0 63.0 64.0 
60.0 60.0 61.0 61.0 
116.0 61.0 82.0 77.0 
61.0 58.0 64.0 64.0 
60.0 60.0 62.0 63.0 
59.0 60.0 61.0 61.0 
115.0 59.0 82.0 76.0 
60.0 58.0 66.0 63.0 
60.0 60.0 62.0 64.0 
60.0 60.0 61.0 62.0 
113.0 60.0 82.0 76.0 
61.0 58.0 64.0 64.0 
60.0 60.0 62.0 64.0 
60.0 60.0 61.0 61.0 
114.0 59.0 83.0 76.0 
61.0 58.0 66.0 63.0 
61.0 59.0 62.0 64.0 
61.0 60.0 61.0 62.0 
115.0 59.0 82.0 77.0 
60.0 59.0 65.0 64.0 
60.0 59.0 62.0 64.0 
60.0 59.0 61.0 62.0 
117.0 60.0 82.0 76.0 
61.0 58.0 65.0 64.0 
60.0 59.0 63.0 63.0 
60.0 60.0 61.0 62.0 
119.0 59.0 82.0 77.0 
60.0 58.0 65.0 63.0 
60.0 59.0 63.0 63.0 
60.0 59.0 60.0 61.0 
118.0 60.0 82.0 77.0 
61.0 58.0 65.0 63.0 
60.0 59.0 63.0 65.0 
59.0 60.0 61.0 63.0 
116.0 59.0 81.0 76.0 
61.0 59.0 65.0 64.0 
60.0 59.0 63.0 64.0 
60.0 59.0 61.0 62.0 
118.0 60.0 82.0 76.0 
61.0 60.0 65.0 64.0 
60.0 59.0 64.0 63.0 
60.0 60.0 61.0 62.0 
120.0 59.0 82.0 76.0 
61.0 59.0 64.0 65.0 
60.0 60.0 62.0 63.0 
60.0 61.0 61.0 62.0 
118.0 59.0 81.0 77.0 
61.0 58.0 65.0 64.0 
60.0 59.0 63.0 63.0 
60.0 60.0 61.0 62.0 
117.0 60.0 82.0 76.0 
60.0 59.0 64.0 64.0 
61.0 58.0 63.0 62.0 
59.0 59.0 61.0 62.0 
117.0 61.0 82.0 77.0 
61.0 58.0 65.0 63.0 
60.0 60.0 63.0 63.0 
61.0 59.0 61.0 62.0 
119.0 60.0 82.0 77.0 
61.0 58.0 64.0 62.0 
60.0 59.0 63.0 63.0 
60.0 60.0 61.0 61.0 
120.0 60.0 82.0 77.0 
60.0 59.0 65.0 64.0 
60.0 59.0 64.0 63.0 
60.0 59.0 61.0 62.0 
121.0 60.0 82.0 77.0 
59.0 58.0 65.0 63.0 
61.0 59.0 63.0 63.0 
60.0 61.0 61.0 62.0 
117.0 60.0 81.0 76.0 
60.0 58.0 65.0 64.0 
59.0 59.0 64.0 62.0 
59.0 60.0 61.0 62.0 
118.0 60.0 81.0 77.0 
60.0 58.0 65.0 64.0 
61.0 59.0 62.0 64.0 
61.0 60.0 61.0 62.0 
119.0 60.0 82.0 77.0 
61.0 58.0 64.0 63.0 
60.0 59.0 63.0 65.0 
59.0 58.0 61.0 63.0 
118.0 59.0 82.0 77.0 
61.0 58.0 65.0 63.0 
60.0 59.0 62.0 62.0 
59.0 60.0 60.0 62.0 
121.0 59.0 82.0 77.0 
61.0 59.0 65.0 65.0 
60.0 61.0 62.0 63.0 
60.0 61.0 62.0 62.0 
117.0 59.0 83.0 76.0 
61.0 58.0 64.0 64.0 
60.0 59.0 62.0 64.0 
60.0 60.0 61.0 61.0 
116.0 60.0 82.0 77.0 
60.0 59.0 65.0 63.0 
61.0 59.0 63.0 63.0 
60.0 60.0 61.0 62.0 
116.0 60.0 82.0 77.0 
60.0 59.0 66.0 63.0 
61.0 59.0 63.0 63.0 
60.0 60.0 62.0 62.0 
116.0 59.0 82.0 77.0 
61.0 59.0 65.0 64.0 
60.0 59.0 61.0 64.0 
60.0 60.0 60.0 62.0 
117.0 59.0 82.0 76.0 
60.0 59.0 65.0 64.0 
60.0 60.0 63.0 63.0 
59.0 60.0 58.0 62.0 
115.0 60.0 82.0 77.0 
61.0 59.0 64.0 64.0 
60.0 61.0 62.0 63.0 
59.0 60.0 60.0 62.0 
114.0 59.0 82.0 76.0 
61.0 59.0 65.0 63.0 
61.0 59.0 62.0 63.0 
60.0 60.0 61.0 62.0 
114.0 60.0 82.0 78.0 
61.0 59.0 66.0 65.0 
61.0 59.0 62.0 63.0 
60.0 60.0 61.0 61.0 
117.0 59.0 82.0 76.0 
61.0 58.0 66.0 64.0 
60.0 59.0 63.0 64.0 
60.0 59.0 61.0 60.0 
115.0 60.0 82.0 78.0 
61.0 59.0 65.0 64.0 
61.0 59.0 62.0 63.0 
60.0 60.0 62.0 62.0 
114.0 61.0 81.0 76.0 
61.0 59.0 64.0 63.0 
60.0 59.0 62.0 63.0 
61.0 60.0 62.0 62.0 
115.0 57.0 81.0 76.0 
61.0 58.0 64.0 63.0 
60.0 60.0 62.0 64.0 
60.0 60.0 61.0 61.0 
116.0 60.0 82.0 76.0 
61.0 59.0 65.0 64.0 
60.0 61.0 63.0 63.0 
60.0 60.0 61.0 62.0 
115.0 57.0 82.0 76.0 
60.0 59.0 65.0 64.0 
60.0 59.0 62.0 63.0 
61.0 60.0 61.0 62.0 
115.0 58.0 82.0 76.0 
62.0 59.0 65.0 63.0 
61.0 60.0 61.0 63.0 
60.0 60.0 62.0 63.0 
116.0 59.0 82.0 77.0 
60.0 59.0 65.0 64.0 
60.0 59.0 63.0 63.0 
59.0 60.0 61.0 62.0 
116.0 60.0 82.0 76.0 
61.0 58.0 66.0 64.0 
61.0 60.0 63.0 63.0 
60.0 60.0 61.0 63.0 
116.0 60.0 82.0 77.0 
61.0 59.0 65.0 64.0 
60.0 60.0 64.0 63.0 
60.0 60.0 62.0 62.0 
117.0 59.0 82.0 76.0 
60.0 59.0 64.0 63.0 
60.0 59.0 63.0 63.0 
60.0 60.0 61.0 62.0 
119.0 59.0 82.0 77.0 
61.0 58.0 65.0 63.0 
60.0 59.0 63.0 63.0 
60.0 60.0 60.0 61.0 
119.0 60.0 81.0 76.0 
60.0 58.0 65.0 63.0 
60.0 59.0 63.0 63.0 
60.0 59.0 62.0 62.0 
119.0 60.0 81.0 77.0 
60.0 59.0 65.0 63.0 
60.0 58.0 63.0 63.0 
59.0 61.0 61.0 62.0 
121.0 60.0 82.0 76.0 
60.0 59.0 65.0 64.0 
61.0 59.0 64.0 63.0 
60.0 60.0 62.0 62.0 
121.0 59.0 81.0 77.0 
60.0 57.0 65.0 64.0 
59.0 60.0 62.0 63.0 
60.0 59.0 62.0 62.0 
121.0 60.0 81.0 77.0 
60.0 59.0 66.0 64.0 
62.0 59.0 63.0 64.0 
60.0 59.0 62.0 61.0 
121.0 60.0 82.0 77.0 
61.0 58.0 65.0 64.0 
60.0 59.0 62.0 63.0 
60.0 59.0 62.0 62.0 
121.0 60.0 81.0 77.0 
60.0 59.0 66.0 64.0 
61.0 59.0 62.0 64.0 
60.0 60.0 61.0 61.0 
120.0 60.0 82.0 77.0 
60.0 59.0 65.0 63.0 
61.0 59.0 62.0 64.0 
60.0 60.0 62.0 61.0 
121.0 60.0 81.0 78.0 
60.0 59.0 65.0 64.0 
60.0 59.0 64.0 63.0 
60.0 60.0 61.0 61.0 
120.0 60.0 81.0 77.0 
60.0 59.0 66.0 63.0 
60.0 59.0 63.0 63.0 
59.0 59.0 62.0 62.0 
123.0 59.0 82.0 77.0 
61.0 59.0 65.0 63.0 
61.0 59.0 63.0 64.0 
60.0 60.0 60.0 62.0 
123.0 60.0 81.0 78.0 
60.0 58.0 65.0 64.0 
61.0 58.0 63.0 63.0 
60.0 60.0 61.0 62.0 
121.0 59.0 80.0 76.0 
60.0 58.0 65.0 63.0 
60.0 60.0 63.0 63.0 
59.0 61.0 62.0 62.0 
122.0 59.0 80.0 77.0 
60.0 59.0 65.0 63.0 
60.0 59.0 63.0 63.0 
60.0 59.0 61.0 62.0 
122.0 59.0 80.0 77.0 
61.0 59.0 65.0 64.0 
61.0 60.0 61.0 64.0 
60.0 60.0 62.0 62.0 
121.0 60.0 80.0 76.0 
60.0 60.0 64.0 63.0 
60.0 60.0 63.0 64.0 
60.0 60.0 62.0 61.0 
120.0 59.0 80.0 76.0 
60.0 59.0 66.0 63.0 
61.0 59.0 63.0 63.0 
60.0 59.0 62.0 62.0 
120.0 60.0 80.0 76.0 
60.0 59.0 66.0 65.0 
60.0 59.0 63.0 64.0 
61.0 59.0 62.0 62.0 
120.0 59.0 80.0 77.0 
60.0 59.0 65.0 64.0 
60.0 59.0 62.0 64.0 
60.0 60.0 61.0 62.0 
117.0 60.0 80.0 76.0 
61.0 59.0 65.0 64.0 
60.0 59.0 63.0 63.0 
60.0 60.0 62.0 61.0 
119.0 58.0 80.0 76.0 
61.0 59.0 66.0 63.0 
61.0 59.0 64.0 64.0 
60.0 61.0 61.0 62.0 
118.0 60.0 80.0 76.0 
60.0 59.0 65.0 64.0 
60.0 59.0 63.0 64.0 
60.0 61.0 62.0 62.0 
119.0 59.0 79.0 76.0 
60.0 59.0 66.0 64.0 
60.0 59.0 63.0 63.0 
60.0 59.0 62.0 62.0 
118.0 60.0 80.0 76.0 
61.0 58.0 65.0 64.0 
61.0 59.0 63.0 64.0 
60.0 60.0 62.0 62.0 
117.0 60.0 80.0 76.0 
60.0 59.0 66.0 64.0 
60.0 60.0 63.0 63.0 
59.0 60.0 61.0 62.0 
119.0 60.0 80.0 77.0 
60.0 59.0 65.0 64.0 
61.0 59.0 63.0 63.0 
59.0 60.0 62.0 61.0 
119.0 60.0 81.0 76.0 
61.0 59.0 65.0 63.0 
60.0 59.0 63.0 64.0 
60.0 60.0 61.0 62.0 
117.0 60.0 80.0 76.0 
61.0 59.0 65.0 64.0 
60.0 59.0 62.0 63.0 
60.0 60.0 61.0 62.0 
119.0 59.0 81.0 77.0 
61.0 59.0 65.0 63.0 
60.0 58.0 63.0 63.0 
60.0 60.0 61.0 62.0 
117.0 60.0 81.0 76.0 
60.0 59.0 66.0 63.0 
60.0 59.0 62.0 63.0 
60.0 60.0 62.0 62.0 
119.0 59.0 81.0 77.0 
61.0 57.0 65.0 63.0 
59.0 58.0 64.0 63.0 
60.0 60.0 60.0 62.0 
121.0 59.0 80.0 76.0 
61.0 60.0 65.0 64.0 
60.0 59.0 63.0 63.0 
60.0 60.0 61.0 62.0 
119.0 60.0 81.0 77.0 
60.0 59.0 64.0 63.0 
61.0 59.0 63.0 64.0 
59.0 61.0 61.0 62.0 
120.0 60.0 80.0 76.0 
61.0 59.0 65.0 64.0 
60.0 59.0 62.0 63.0 
60.0 60.0 61.0 62.0 
118.0 60.0 80.0 76.0 
60.0 58.0 66.0 63.0 
60.0 59.0 62.0 64.0 
60.0 59.0 62.0 61.0 
119.0 59.0 80.0 77.0 
60.0 59.0 65.0 64.0 
61.0 59.0 63.0 63.0 
59.0 61.0 60.0 61.0 
120.0 60.0 81.0 77.0 
61.0 59.0 64.0 63.0 
60.0 59.0 62.0 63.0 
