64.0 58.0 62.0 65.0 
58.0 57.0 58.0 58.0 
59.0 58.0 59.0 59.0 
60.0 59.0 60.0 59.0 
66.0 57.0 62.0 65.0 
58.0 57.0 58.0 58.0 
59.0 58.0 58.0 60.0 
60.0 58.0 58.0 58.0 
66.0 58.0 62.0 65.0 
59.0 57.0 58.0 58.0 
59.0 58.0 59.0 59.0 
60.0 58.0 59.0 59.0 
65.0 58.0 62.0 65.0 
58.0 57.0 58.0 58.0 
59.0 58.0 58.0 59.0 
59.0 59.0 59.0 59.0 
66.0 58.0 62.0 65.0 
58.0 57.0 58.0 58.0 
59.0 58.0 58.0 59.0 
60.0 58.0 59.0 59.0 
65.0 58.0 62.0 65.0 
59.0 58.0 58.0 58.0 
59.0 58.0 59.0 59.0 
59.0 59.0 59.0 59.0 
66.0 59.0 63.0 65.0 
59.0 57.0 58.0 58.0 
59.0 58.0 59.0 59.0 
59.0 58.0 58.0 59.0 
66.0 58.0 62.0 65.0 
58.0 58.0 59.0 58.0 
58.0 58.0 58.0 59.0 
58.0 59.0 58.0 58.0 
65.0 58.0 63.0 65.0 
59.0 58.0 58.0 59.0 
58.0 59.0 58.0 59.0 
60.0 58.0 59.0 59.0 
66.0 58.0 62.0 65.0 
59.0 58.0 59.0 58.0 
58.0 58.0 59.0 60.0 
60.0 59.0 59.0 59.0 
66.0 59.0 63.0 65.0 
59.0 57.0 58.0 58.0 
59.0 58.0 59.0 59.0 
59.0 59.0 59.0 59.0 
65.0 59.0 62.0 65.0 
58.0 58.0 58.0 58.0 
59.0 58.0 59.0 59.0 
59.0 59.0 59.0 60.0 
66.0 58.0 62.0 65.0 
59.0 58.0 58.0 58.0 
59.0 58.0 58.0 59.0 
60.0 59.0 59.0 59.0 
65.0 59.0 62.0 65.0 
59.0 57.0 58.0 58.0 
58.0 58.0 59.0 59.0 
59.0 59.0 59.0 59.0 
65.0 58.0 62.0 65.0 
59.0 58.0 58.0 59.0 
58.0 58.0 58.0 59.0 
59.0 58.0 60.0 58.0 
65.0 59.0 62.0 66.0 
58.0 58.0 58.0 58.0 
59.0 58.0 59.0 59.0 
59.0 59.0 59.0 59.0 
65.0 59.0 63.0 65.0 
59.0 57.0 58.0 58.0 
58.0 58.0 59.0 59.0 
60.0 59.0 60.0 59.0 
66.0 58.0 62.0 65.0 
58.0 58.0 58.0 59.0 
58.0 59.0 59.0 59.0 
59.0 60.0 58.0 59.0 
66.0 59.0 63.0 65.0 
58.0 58.0 58.0 58.0 
59.0 58.0 59.0 59.0 
59.0 58.0 60.0 60.0 
65.0 59.0 62.0 65.0 
59.0 57.0 58.0 58.0 
59.0 58.0 59.0 59.0 
60.0 59.0 60.0 59.0 
66.0 59.0 62.0 66.0 
59.0 58.0 59.0 59.0 
58.0 58.0 58.0 59.0 
60.0 59.0 59.0 59.0 
65.0 58.0 63.0 65.0 
59.0 58.0 58.0 58.0 
59.0 58.0 58.0 60.0 
59.0 59.0 59.0 59.0 
65.0 59.0 62.0 65.0 
58.0 58.0 59.0 58.0 
59.0 58.0 59.0 60.0 
59.0 59.0 61.0 59.0 
66.0 58.0 63.0 65.0 
58.0 58.0 58.0 58.0 
59.0 58.0 59.0 59.0 
59.0 59.0 59.0 60.0 
65.0 59.0 62.0 66.0 
59.0 57.0 58.0 59.0 
58.0 58.0 58.0 59.0 
59.0 59.0 59.0 60.0 
65.0 58.0 62.0 66.0 
59.0 58.0 59.0 58.0 
57.0 58.0 59.0 60.0 
60.0 59.0 58.0 59.0 
67.0 58.0 62.0 65.0 
59.0 57.0 58.0 58.0 
58.0 59.0 58.0 60.0 
59.0 59.0 58.0 59.0 
66.0 58.0 63.0 66.0 
59.0 57.0 59.0 59.0 
59.0 58.0 59.0 59.0 
61.0 59.0 59.0 59.0 
66.0 58.0 63.0 65.0 
58.0 58.0 58.0 59.0 
59.0 58.0 58.0 59.0 
59.0 59.0 58.0 59.0 
66.0 59.0 62.0 65.0 
58.0 58.0 58.0 58.0 
59.0 58.0 59.0 59.0 
59.0 59.0 59.0 59.0 
65.0 58.0 62.0 65.0 
59.0 58.0 58.0 58.0 
60.0 58.0 58.0 60.0 
60.0 58.0 60.0 59.0 
66.0 59.0 62.0 65.0 
59.0 57.0 58.0 58.0 
59.0 58.0 58.0 60.0 
59.0 59.0 59.0 59.0 
66.0 58.0 63.0 66.0 
59.0 58.0 58.0 58.0 
59.0 58.0 59.0 59.0 
60.0 59.0 59.0 59.0 
66.0 58.0 62.0 65.0 
59.0 58.0 58.0 58.0 
60.0 57.0 58.0 60.0 
59.0 58.0 59.0 59.0 
66.0 59.0 63.0 65.0 
59.0 57.0 58.0 58.0 
59.0 58.0 59.0 59.0 
60.0 59.0 59.0 59.0 
66.0 59.0 63.0 65.0 
58.0 58.0 58.0 58.0 
59.0 58.0 58.0 60.0 
60.0 58.0 59.0 59.0 
66.0 59.0 62.0 66.0 
59.0 57.0 58.0 58.0 
59.0 58.0 59.0 59.0 
59.0 59.0 59.0 59.0 
66.0 59.0 62.0 65.0 
59.0 58.0 58.0 58.0 
58.0 58.0 59.0 60.0 
60.0 60.0 59.0 59.0 
65.0 58.0 63.0 65.0 
58.0 58.0 58.0 58.0 
59.0 58.0 59.0 60.0 
60.0 58.0 60.0 58.0 
67.0 58.0 62.0 65.0 
59.0 57.0 59.0 59.0 
59.0 58.0 59.0 59.0 
59.0 58.0 59.0 59.0 
66.0 58.0 62.0 66.0 
59.0 57.0 57.0 58.0 
59.0 58.0 59.0 60.0 
60.0 58.0 59.0 59.0 
66.0 58.0 62.0 65.0 
59.0 58.0 58.0 59.0 
59.0 58.0 59.0 59.0 
60.0 59.0 59.0 59.0 
65.0 59.0 63.0 66.0 
59.0 58.0 59.0 58.0 
60.0 59.0 59.0 60.0 
60.0 59.0 58.0 59.0 
66.0 59.0 63.0 65.0 
59.0 57.0 58.0 58.0 
58.0 58.0 58.0 60.0 
60.0 59.0 59.0 59.0 
66.0 59.0 62.0 65.0 
59.0 57.0 58.0 59.0 
58.0 58.0 59.0 60.0 
60.0 59.0 59.0 59.0 
66.0 58.0 63.0 65.0 
59.0 58.0 58.0 59.0 
59.0 58.0 59.0 59.0 
60.0 59.0 59.0 59.0 
65.0 59.0 63.0 65.0 
59.0 58.0 59.0 58.0 
59.0 58.0 59.0 59.0 
60.0 59.0 59.0 59.0 
66.0 58.0 62.0 66.0 
59.0 58.0 58.0 58.0 
59.0 58.0 59.0 59.0 
61.0 58.0 59.0 59.0 
65.0 58.0 63.0 66.0 
59.0 58.0 58.0 57.0 
60.0 58.0 58.0 60.0 
59.0 59.0 59.0 59.0 
65.0 59.0 64.0 65.0 
59.0 58.0 59.0 59.0 
59.0 59.0 59.0 59.0 
60.0 59.0 59.0 59.0 
66.0 59.0 63.0 65.0 
59.0 57.0 58.0 58.0 
58.0 59.0 59.0 60.0 
60.0 59.0 60.0 59.0 
66.0 59.0 62.0 66.0 
59.0 57.0 58.0 58.0 
59.0 58.0 59.0 59.0 
60.0 59.0 59.0 59.0 
66.0 58.0 63.0 66.0 
59.0 57.0 59.0 59.0 
59.0 58.0 59.0 60.0 
61.0 59.0 59.0 59.0 
66.0 59.0 63.0 66.0 
58.0 58.0 59.0 58.0 
59.0 58.0 58.0 60.0 
60.0 59.0 59.0 59.0 
66.0 58.0 63.0 65.0 
59.0 58.0 59.0 59.0 
59.0 58.0 59.0 60.0 
60.0 59.0 59.0 59.0 
65.0 58.0 63.0 65.0 
59.0 58.0 58.0 58.0 
59.0 58.0 59.0 60.0 
60.0 58.0 59.0 60.0 
66.0 59.0 63.0 66.0 
59.0 58.0 58.0 58.0 
59.0 58.0 58.0 59.0 
59.0 59.0 59.0 60.0 
65.0 59.0 62.0 65.0 
59.0 58.0 58.0 58.0 
59.0 58.0 58.0 60.0 
60.0 59.0 59.0 59.0 
66.0 59.0 63.0 66.0 
59.0 58.0 59.0 59.0 
59.0 59.0 59.0 59.0 
60.0 58.0 60.0 59.0 
66.0 59.0 63.0 65.0 
59.0 59.0 58.0 59.0 
59.0 58.0 59.0 60.0 
60.0 59.0 59.0 59.0 
67.0 58.0 63.0 66.0 
59.0 58.0 59.0 58.0 
59.0 58.0 59.0 60.0 
60.0 59.0 59.0 59.0 
66.0 58.0 63.0 65.0 
59.0 58.0 58.0 58.0 
59.0 58.0 59.0 59.0 
61.0 59.0 59.0 59.0 
66.0 59.0 62.0 66.0 
59.0 58.0 58.0 59.0 
59.0 59.0 58.0 60.0 
60.0 58.0 59.0 59.0 
66.0 59.0 63.0 66.0 
59.0 57.0 58.0 58.0 
59.0 58.0 58.0 60.0 
61.0 59.0 59.0 59.0 
66.0 59.0 63.0 65.0 
58.0 58.0 58.0 59.0 
59.0 58.0 59.0 59.0 
59.0 58.0 59.0 59.0 
66.0 59.0 62.0 66.0 
59.0 58.0 58.0 58.0 
59.0 58.0 59.0 60.0 
60.0 59.0 59.0 59.0 
65.0 59.0 63.0 66.0 
58.0 58.0 58.0 58.0 
59.0 58.0 60.0 59.0 
60.0 59.0 59.0 59.0 
67.0 58.0 63.0 66.0 
59.0 58.0 59.0 58.0 
59.0 59.0 59.0 60.0 
61.0 59.0 60.0 59.0 
66.0 59.0 63.0 66.0 
59.0 58.0 58.0 58.0 
59.0 59.0 59.0 60.0 
61.0 59.0 59.0 59.0 
66.0 59.0 62.0 66.0 
60.0 58.0 58.0 58.0 
59.0 58.0 59.0 59.0 
60.0 59.0 60.0 60.0 
66.0 59.0 63.0 65.0 
59.0 58.0 58.0 59.0 
59.0 59.0 59.0 59.0 
60.0 59.0 59.0 60.0 
66.0 59.0 63.0 66.0 
58.0 58.0 58.0 59.0 
61.0 58.0 59.0 60.0 
60.0 59.0 59.0 60.0 
66.0 59.0 63.0 66.0 
59.0 58.0 59.0 59.0 
58.0 58.0 59.0 60.0 
60.0 59.0 59.0 60.0 
67.0 59.0 63.0 66.0 
59.0 57.0 59.0 59.0 
60.0 58.0 59.0 60.0 
60.0 59.0 59.0 60.0 
66.0 59.0 64.0 66.0 
59.0 58.0 59.0 59.0 
59.0 59.0 59.0 60.0 
60.0 58.0 59.0 59.0 
67.0 59.0 63.0 66.0 
60.0 58.0 58.0 58.0 
60.0 59.0 59.0 60.0 
61.0 59.0 59.0 59.0 
67.0 58.0 63.0 66.0 
59.0 58.0 59.0 59.0 
59.0 59.0 59.0 60.0 
60.0 60.0 59.0 59.0 
66.0 59.0 64.0 66.0 
59.0 58.0 58.0 59.0 
59.0 58.0 59.0 60.0 
60.0 59.0 59.0 59.0 
66.0 59.0 63.0 66.0 
58.0 58.0 58.0 59.0 
59.0 58.0 59.0 59.0 
60.0 59.0 59.0 60.0 
66.0 59.0 63.0 66.0 
58.0 59.0 59.0 58.0 
59.0 59.0 58.0 58.0 
60.0 59.0 59.0 60.0 
66.0 59.0 63.0 66.0 
59.0 58.0 59.0 59.0 
59.0 58.0 60.0 60.0 
60.0 59.0 59.0 60.0 
66.0 59.0 64.0 67.0 
59.0 58.0 58.0 58.0 
59.0 58.0 59.0 60.0 
60.0 59.0 59.0 59.0 
67.0 59.0 63.0 66.0 
59.0 58.0 58.0 59.0 
59.0 59.0 59.0 60.0 
60.0 60.0 59.0 60.0 
67.0 59.0 63.0 66.0 
59.0 58.0 59.0 59.0 
59.0 58.0 59.0 60.0 
61.0 59.0 59.0 60.0 
66.0 59.0 63.0 66.0 
59.0 58.0 59.0 58.0 
58.0 58.0 59.0 60.0 
60.0 59.0 59.0 59.0 
66.0 59.0 63.0 66.0 
60.0 59.0 58.0 59.0 
59.0 58.0 59.0 59.0 
60.0 59.0 59.0 59.0 
65.0 59.0 63.0 66.0 
58.0 58.0 59.0 58.0 
60.0 58.0 59.0 60.0 
61.0 59.0 60.0 59.0 
66.0 59.0 63.0 66.0 
59.0 58.0 59.0 59.0 
59.0 60.0 58.0 60.0 
60.0 59.0 59.0 59.0 
65.0 60.0 63.0 65.0 
59.0 58.0 58.0 59.0 
59.0 58.0 59.0 60.0 
61.0 59.0 59.0 58.0 
66.0 59.0 64.0 66.0 
59.0 58.0 59.0 58.0 
59.0 58.0 60.0 60.0 
60.0 61.0 60.0 60.0 
66.0 59.0 63.0 66.0 
60.0 58.0 59.0 59.0 
59.0 59.0 59.0 60.0 
60.0 59.0 59.0 60.0 
67.0 59.0 63.0 66.0 
59.0 58.0 58.0 59.0 
60.0 59.0 58.0 60.0 
61.0 59.0 59.0 59.0 
65.0 59.0 63.0 67.0 
59.0 57.0 58.0 59.0 
60.0 58.0 59.0 60.0 
60.0 59.0 59.0 60.0 
66.0 59.0 64.0 66.0 
59.0 58.0 59.0 59.0 
58.0 58.0 58.0 60.0 
60.0 59.0 59.0 59.0 
65.0 59.0 63.0 66.0 
58.0 59.0 58.0 59.0 
59.0 58.0 59.0 60.0 
60.0 60.0 59.0 60.0 
66.0 59.0 63.0 66.0 
60.0 58.0 58.0 59.0 
59.0 59.0 59.0 61.0 
61.0 59.0 60.0 59.0 
66.0 59.0 63.0 66.0 
59.0 58.0 58.0 59.0 
59.0 59.0 59.0 60.0 
60.0 59.0 59.0 60.0 
66.0 59.0 63.0 65.0 
58.0 58.0 59.0 59.0 
60.0 59.0 60.0 60.0 
60.0 60.0 59.0 59.0 
66.0 59.0 63.0 66.0 
59.0 58.0 58.0 59.0 
60.0 57.0 60.0 60.0 
60.0 59.0 59.0 59.0 
67.0 59.0 63.0 66.0 
60.0 58.0 59.0 59.0 
59.0 59.0 59.0 60.0 
60.0 59.0 60.0 60.0 
66.0 59.0 64.0 66.0 
59.0 59.0 59.0 59.0 
60.0 58.0 59.0 60.0 
61.0 59.0 60.0 60.0 
66.0 58.0 63.0 66.0 
59.0 58.0 59.0 59.0 
59.0 59.0 59.0 60.0 
61.0 60.0 59.0 60.0 
67.0 59.0 63.0 66.0 
59.0 58.0 59.0 59.0 
60.0 59.0 59.0 60.0 
60.0 59.0 60.0 59.0 
67.0 59.0 64.0 66.0 
59.0 58.0 59.0 59.0 
59.0 59.0 59.0 60.0 
60.0 59.0 59.0 60.0 
66.0 59.0 63.0 66.0 
59.0 58.0 59.0 59.0 
60.0 59.0 59.0 60.0 
60.0 59.0 59.0 60.0 
66.0 59.0 63.0 66.0 
59.0 58.0 59.0 59.0 
60.0 59.0 59.0 60.0 
60.0 59.0 58.0 59.0 
66.0 59.0 64.0 66.0 
59.0 58.0 59.0 59.0 
59.0 59.0 59.0 60.0 
60.0 59.0 60.0 60.0 
67.0 59.0 63.0 65.0 
60.0 58.0 59.0 58.0 
60.0 59.0 59.0 60.0 
60.0 59.0 60.0 60.0 
66.0 58.0 63.0 66.0 
59.0 58.0 59.0 59.0 
60.0 58.0 59.0 60.0 
61.0 60.0 60.0 60.0 
66.0 59.0 63.0 66.0 
59.0 58.0 58.0 59.0 
60.0 58.0 59.0 60.0 
60.0 59.0 59.0 59.0 
67.0 59.0 63.0 66.0 
59.0 58.0 59.0 58.0 
59.0 59.0 59.0 60.0 
61.0 59.0 59.0 59.0 
66.0 59.0 63.0 66.0 
59.0 58.0 58.0 59.0 
59.0 59.0 59.0 60.0 
60.0 59.0 59.0 59.0 
67.0 59.0 63.0 66.0 
60.0 58.0 59.0 59.0 
59.0 59.0 58.0 60.0 
61.0 59.0 59.0 60.0 
66.0 59.0 63.0 66.0 
60.0 58.0 59.0 59.0 
60.0 59.0 59.0 60.0 
60.0 60.0 60.0 60.0 
66.0 60.0 63.0 66.0 
59.0 59.0 59.0 58.0 
59.0 59.0 60.0 61.0 
60.0 60.0 60.0 60.0 
67.0 59.0 63.0 66.0 
58.0 58.0 59.0 59.0 
59.0 59.0 59.0 60.0 
60.0 60.0 60.0 60.0 
66.0 58.0 63.0 66.0 
59.0 58.0 58.0 59.0 
59.0 59.0 59.0 61.0 
60.0 59.0 60.0 60.0 
66.0 59.0 63.0 66.0 
59.0 58.0 59.0 59.0 
59.0 59.0 59.0 61.0 
60.0 59.0 59.0 60.0 
66.0 59.0 63.0 66.0 
59.0 58.0 58.0 59.0 
60.0 59.0 60.0 60.0 
60.0 59.0 59.0 60.0 
66.0 59.0 63.0 66.0 
59.0 59.0 59.0 59.0 
59.0 58.0 60.0 60.0 
61.0 59.0 59.0 60.0 
67.0 59.0 63.0 66.0 
59.0 58.0 60.0 59.0 
59.0 58.0 59.0 60.0 
61.0 59.0 59.0 60.0 
66.0 60.0 63.0 66.0 
59.0 59.0 59.0 59.0 
59.0 59.0 59.0 60.0 
60.0 60.0 60.0 59.0 
66.0 59.0 64.0 66.0 
59.0 58.0 59.0 59.0 
60.0 59.0 60.0 60.0 
61.0 60.0 59.0 60.0 
66.0 60.0 63.0 66.0 
60.0 58.0 59.0 59.0 
60.0 59.0 60.0 60.0 
60.0 60.0 59.0 60.0 
67.0 59.0 63.0 66.0 
59.0 58.0 59.0 58.0 
60.0 58.0 59.0 60.0 
61.0 60.0 60.0 60.0 
66.0 59.0 64.0 66.0 
59.0 59.0 59.0 59.0 
59.0 59.0 60.0 60.0 
60.0 59.0 59.0 60.0 
66.0 59.0 63.0 66.0 
59.0 58.0 58.0 59.0 
60.0 59.0 59.0 60.0 
60.0 59.0 60.0 59.0 
66.0 59.0 64.0 66.0 
60.0 58.0 59.0 59.0 
60.0 59.0 59.0 60.0 
61.0 60.0 59.0 60.0 
66.0 59.0 63.0 66.0 
59.0 58.0 60.0 59.0 
60.0 59.0 59.0 61.0 
60.0 59.0 59.0 60.0 
66.0 59.0 63.0 66.0 
59.0 58.0 59.0 59.0 
59.0 59.0 59.0 60.0 
61.0 60.0 59.0 60.0 
66.0 59.0 63.0 66.0 
59.0 58.0 59.0 59.0 
59.0 60.0 59.0 60.0 
61.0 60.0 60.0 60.0 
67.0 59.0 63.0 66.0 
59.0 58.0 60.0 59.0 
59.0 59.0 59.0 61.0 
61.0 59.0 59.0 60.0 
66.0 59.0 63.0 66.0 
59.0 59.0 59.0 59.0 
59.0 58.0 60.0 60.0 
61.0 60.0 60.0 60.0 
66.0 59.0 64.0 66.0 
59.0 58.0 59.0 59.0 
60.0 59.0 60.0 61.0 
61.0 59.0 60.0 59.0 
66.0 59.0 63.0 66.0 
59.0 58.0 59.0 59.0 
60.0 59.0 60.0 60.0 
61.0 59.0 59.0 60.0 
67.0 58.0 64.0 66.0 
59.0 58.0 59.0 59.0 
59.0 59.0 60.0 60.0 
60.0 60.0 59.0 59.0 
66.0 58.0 63.0 66.0 
59.0 59.0 59.0 59.0 
59.0 58.0 59.0 61.0 
60.0 60.0 59.0 60.0 
67.0 60.0 63.0 67.0 
59.0 58.0 59.0 59.0 
60.0 59.0 60.0 60.0 
61.0 60.0 60.0 60.0 
66.0 60.0 63.0 66.0 
60.0 58.0 59.0 59.0 
59.0 60.0 59.0 60.0 
60.0 59.0 60.0 60.0 
67.0 59.0 64.0 66.0 
59.0 58.0 59.0 59.0 
60.0 58.0 60.0 60.0 
61.0 59.0 60.0 60.0 
67.0 59.0 64.0 66.0 
59.0 58.0 60.0 59.0 
59.0 59.0 59.0 61.0 
60.0 59.0 59.0 60.0 
67.0 59.0 63.0 66.0 
59.0 58.0 59.0 59.0 
59.0 59.0 60.0 60.0 
61.0 59.0 60.0 60.0 
66.0 59.0 63.0 66.0 
59.0 58.0 59.0 59.0 
61.0 59.0 59.0 60.0 
60.0 59.0 60.0 60.0 
66.0 59.0 63.0 66.0 
59.0 59.0 59.0 59.0 
60.0 59.0 59.0 60.0 
61.0 60.0 60.0 60.0 
67.0 59.0 63.0 66.0 
60.0 58.0 60.0 59.0 
59.0 59.0 59.0 60.0 
61.0 59.0 60.0 60.0 
65.0 59.0 64.0 66.0 
59.0 59.0 59.0 59.0 
60.0 59.0 60.0 60.0 
61.0 60.0 59.0 60.0 
66.0 60.0 63.0 66.0 
59.0 58.0 59.0 60.0 
59.0 59.0 60.0 60.0 
60.0 59.0 60.0 60.0 
66.0 59.0 63.0 66.0 
59.0 58.0 59.0 59.0 
60.0 59.0 60.0 60.0 
60.0 59.0 59.0 60.0 
66.0 59.0 63.0 66.0 
59.0 58.0 59.0 60.0 
60.0 58.0 59.0 60.0 
60.0 59.0 60.0 60.0 
66.0 59.0 63.0 66.0 
61.0 58.0 59.0 59.0 
59.0 59.0 60.0 61.0 
60.0 60.0 59.0 60.0 
66.0 59.0 63.0 67.0 
59.0 58.0 58.0 59.0 
61.0 59.0 60.0 60.0 
60.0 60.0 60.0 60.0 
66.0 59.0 63.0 66.0 
60.0 58.0 59.0 59.0 
59.0 58.0 59.0 60.0 
60.0 59.0 60.0 60.0 
67.0 59.0 63.0 66.0 
59.0 58.0 59.0 59.0 
60.0 59.0 59.0 60.0 
61.0 59.0 60.0 60.0 
66.0 59.0 63.0 66.0 
59.0 59.0 59.0 59.0 
60.0 59.0 59.0 60.0 
60.0 59.0 59.0 60.0 
66.0 59.0 63.0 67.0 
59.0 59.0 59.0 59.0 
59.0 59.0 59.0 60.0 
60.0 60.0 59.0 60.0 
67.0 59.0 64.0 66.0 
60.0 59.0 59.0 59.0 
59.0 59.0 60.0 60.0 
60.0 60.0 59.0 61.0 
67.0 59.0 64.0 66.0 
59.0 59.0 58.0 59.0 
58.0 59.0 59.0 61.0 
60.0 60.0 60.0 60.0 
66.0 60.0 64.0 67.0 
60.0 59.0 60.0 59.0 
59.0 59.0 59.0 61.0 
61.0 60.0 60.0 60.0 
67.0 59.0 63.0 66.0 
59.0 59.0 59.0 59.0 
60.0 59.0 59.0 60.0 
60.0 60.0 59.0 60.0 
66.0 60.0 64.0 67.0 
60.0 58.0 60.0 59.0 
59.0 59.0 59.0 60.0 
60.0 60.0 61.0 60.0 
64.0 59.0 64.0 66.0 
60.0 58.0 59.0 59.0 
59.0 59.0 59.0 60.0 
61.0 59.0 60.0 60.0 
67.0 60.0 63.0 67.0 
60.0 58.0 58.0 59.0 
60.0 58.0 60.0 60.0 
61.0 60.0 61.0 60.0 
67.0 59.0 63.0 66.0 
59.0 58.0 59.0 59.0 
60.0 60.0 60.0 60.0 
60.0 59.0 61.0 60.0 
66.0 60.0 63.0 66.0 
59.0 58.0 59.0 59.0 
59.0 59.0 59.0 60.0 
60.0 60.0 60.0 60.0 
65.0 59.0 63.0 66.0 
59.0 59.0 59.0 59.0 
59.0 59.0 60.0 60.0 
60.0 60.0 60.0 60.0 
64.0 59.0 64.0 66.0 
59.0 59.0 59.0 59.0 
60.0 59.0 59.0 60.0 
61.0 60.0 60.0 60.0 
64.0 59.0 64.0 66.0 
59.0 58.0 59.0 59.0 
60.0 59.0 60.0 60.0 
60.0 60.0 59.0 60.0 
64.0 59.0 64.0 66.0 
60.0 59.0 59.0 59.0 
59.0 60.0 60.0 61.0 
61.0 60.0 60.0 60.0 
65.0 59.0 64.0 66.0 
60.0 59.0 59.0 59.0 
60.0 59.0 60.0 60.0 
61.0 60.0 60.0 60.0 
65.0 60.0 63.0 67.0 
60.0 58.0 59.0 59.0 
60.0 58.0 59.0 60.0 
60.0 60.0 60.0 60.0 
65.0 60.0 63.0 66.0 
59.0 59.0 59.0 59.0 
60.0 59.0 59.0 60.0 
61.0 60.0 61.0 59.0 
64.0 59.0 63.0 66.0 
59.0 59.0 59.0 59.0 
60.0 59.0 60.0 60.0 
60.0 60.0 60.0 60.0 
64.0 59.0 63.0 66.0 
59.0 59.0 60.0 59.0 
59.0 59.0 60.0 61.0 
61.0 60.0 60.0 60.0 
63.0 59.0 63.0 67.0 
59.0 58.0 60.0 59.0 
60.0 59.0 60.0 59.0 
61.0 60.0 60.0 60.0 
63.0 59.0 63.0 66.0 
59.0 58.0 59.0 59.0 
59.0 59.0 60.0 60.0 
61.0 60.0 60.0 60.0 
64.0 59.0 63.0 65.0 
60.0 59.0 59.0 59.0 
60.0 59.0 60.0 60.0 
61.0 60.0 60.0 60.0 
63.0 59.0 62.0 65.0 
59.0 59.0 60.0 59.0 
61.0 60.0 61.0 61.0 
61.0 60.0 60.0 61.0 
63.0 59.0 64.0 66.0 
59.0 59.0 59.0 59.0 
62.0 59.0 62.0 63.0 
60.0 60.0 59.0 60.0 
62.0 60.0 63.0 65.0 
59.0 59.0 59.0 59.0 
62.0 60.0 61.0 64.0 
60.0 60.0 60.0 60.0 
64.0 59.0 62.0 65.0 
59.0 58.0 59.0 59.0 
62.0 59.0 61.0 64.0 
59.0 60.0 59.0 60.0 
65.0 59.0 63.0 66.0 
60.0 58.0 59.0 60.0 
62.0 59.0 61.0 65.0 
61.0 60.0 60.0 60.0 
63.0 59.0 62.0 64.0 
59.0 59.0 59.0 59.0 
62.0 59.0 62.0 65.0 
60.0 60.0 60.0 60.0 
63.0 59.0 64.0 66.0 
60.0 59.0 59.0 59.0 
63.0 59.0 63.0 65.0 
60.0 60.0 60.0 60.0 
63.0 59.0 63.0 66.0 
60.0 59.0 59.0 59.0 
62.0 59.0 62.0 64.0 
61.0 60.0 60.0 60.0 
64.0 58.0 63.0 66.0 
59.0 58.0 60.0 61.0 
63.0 59.0 62.0 65.0 
61.0 60.0 60.0 60.0 
63.0 60.0 64.0 66.0 
60.0 59.0 59.0 62.0 
62.0 59.0 63.0 64.0 
61.0 60.0 61.0 60.0 
62.0 59.0 63.0 66.0 
60.0 59.0 59.0 61.0 
63.0 60.0 62.0 64.0 
61.0 60.0 60.0 59.0 
63.0 59.0 64.0 66.0 
60.0 58.0 60.0 61.0 
63.0 59.0 62.0 65.0 
60.0 60.0 60.0 60.0 
66.0 59.0 63.0 66.0 
60.0 59.0 60.0 60.0 
63.0 59.0 62.0 66.0 
60.0 60.0 59.0 60.0 
66.0 59.0 64.0 66.0 
60.0 59.0 60.0 61.0 
63.0 59.0 61.0 65.0 
60.0 59.0 60.0 61.0 
65.0 60.0 63.0 66.0 
60.0 58.0 59.0 60.0 
63.0 59.0 61.0 66.0 
61.0 59.0 61.0 62.0 
66.0 59.0 63.0 66.0 
60.0 59.0 60.0 60.0 
63.0 60.0 61.0 65.0 
61.0 60.0 60.0 61.0 
67.0 59.0 63.0 66.0 
60.0 58.0 60.0 61.0 
63.0 59.0 61.0 65.0 
61.0 59.0 61.0 60.0 
66.0 59.0 62.0 66.0 
60.0 59.0 60.0 61.0 
63.0 59.0 61.0 65.0 
61.0 60.0 60.0 61.0 
67.0 59.0 63.0 66.0 
60.0 58.0 60.0 61.0 
63.0 59.0 61.0 65.0 
61.0 59.0 62.0 61.0 
66.0 60.0 62.0 65.0 
61.0 59.0 61.0 62.0 
63.0 59.0 62.0 66.0 
61.0 60.0 61.0 61.0 
68.0 60.0 63.0 65.0 
61.0 58.0 60.0 61.0 
63.0 58.0 62.0 65.0 
61.0 60.0 60.0 61.0 
65.0 59.0 62.0 65.0 
60.0 58.0 60.0 60.0 
63.0 59.0 61.0 66.0 
61.0 60.0 61.0 61.0 
66.0 59.0 62.0 65.0 
61.0 58.0 60.0 61.0 
63.0 59.0 62.0 66.0 
61.0 60.0 60.0 61.0 
65.0 59.0 62.0 65.0 
60.0 59.0 60.0 61.0 
63.0 58.0 61.0 66.0 
61.0 59.0 60.0 62.0 
66.0 59.0 63.0 65.0 
64.0 59.0 63.0 67.0 
62.0 59.0 61.0 65.0 
61.0 60.0 60.0 61.0 
64.0 60.0 63.0 65.0 
65.0 58.0 63.0 68.0 
62.0 59.0 61.0 65.0 
61.0 59.0 60.0 61.0 
64.0 59.0 63.0 65.0 
64.0 59.0 63.0 68.0 
62.0 60.0 61.0 64.0 
61.0 60.0 60.0 60.0 
67.0 61.0 66.0 70.0 
64.0 59.0 63.0 67.0 
62.0 59.0 61.0 64.0 
60.0 60.0 60.0 61.0 
67.0 59.0 65.0 70.0 
64.0 59.0 62.0 67.0 
62.0 59.0 60.0 63.0 
61.0 60.0 60.0 62.0 
70.0 59.0 66.0 71.0 
63.0 59.0 62.0 66.0 
61.0 59.0 61.0 64.0 
60.0 60.0 60.0 60.0 
69.0 59.0 66.0 73.0 
64.0 58.0 62.0 67.0 
62.0 59.0 62.0 63.0 
61.0 60.0 60.0 61.0 
70.0 59.0 67.0 74.0 
64.0 58.0 62.0 67.0 
61.0 59.0 61.0 62.0 
61.0 60.0 60.0 61.0 
68.0 59.0 66.0 73.0 
64.0 59.0 62.0 66.0 
61.0 59.0 61.0 62.0 
61.0 60.0 60.0 62.0 
69.0 59.0 66.0 72.0 
63.0 59.0 62.0 67.0 
61.0 59.0 61.0 62.0 
62.0 60.0 60.0 62.0 
67.0 59.0 66.0 73.0 
64.0 59.0 62.0 66.0 
61.0 60.0 60.0 62.0 
61.0 60.0 61.0 62.0 
67.0 59.0 66.0 74.0 
65.0 59.0 62.0 68.0 
58.0 59.0 58.0 60.0 
61.0 60.0 60.0 61.0 
67.0 59.0 66.0 74.0 
65.0 59.0 62.0 68.0 
59.0 59.0 60.0 60.0 
61.0 60.0 60.0 60.0 
66.0 60.0 65.0 74.0 
65.0 59.0 61.0 68.0 
60.0 59.0 60.0 61.0 
61.0 60.0 59.0 60.0 
68.0 59.0 65.0 75.0 
64.0 59.0 61.0 67.0 
59.0 59.0 61.0 61.0 
59.0 60.0 60.0 60.0 
69.0 59.0 66.0 75.0 
64.0 58.0 62.0 68.0 
60.0 59.0 60.0 61.0 
60.0 59.0 60.0 60.0 
71.0 60.0 65.0 74.0 
65.0 59.0 61.0 67.0 
60.0 59.0 60.0 60.0 
60.0 60.0 60.0 61.0 
73.0 60.0 66.0 76.0 
64.0 59.0 61.0 67.0 
59.0 59.0 59.0 61.0 
60.0 60.0 60.0 60.0 
74.0 59.0 65.0 76.0 
64.0 59.0 60.0 68.0 
59.0 60.0 59.0 61.0 
60.0 60.0 61.0 60.0 
75.0 59.0 61.0 79.0 
65.0 58.0 59.0 69.0 
60.0 59.0 60.0 61.0 
61.0 60.0 61.0 60.0 
73.0 60.0 62.0 78.0 
65.0 59.0 60.0 69.0 
59.0 59.0 60.0 60.0 
60.0 60.0 60.0 59.0 
71.0 60.0 61.0 79.0 
65.0 59.0 59.0 69.0 
60.0 59.0 60.0 60.0 
60.0 60.0 61.0 60.0 
72.0 59.0 62.0 77.0 
65.0 60.0 60.0 68.0 
62.0 59.0 59.0 64.0 
60.0 59.0 60.0 59.0 
72.0 59.0 62.0 78.0 
64.0 58.0 60.0 68.0 
63.0 59.0 60.0 64.0 
59.0 60.0 60.0 61.0 
70.0 59.0 63.0 77.0 
64.0 59.0 60.0 68.0 
62.0 59.0 61.0 64.0 
60.0 60.0 60.0 60.0 
70.0 59.0 62.0 76.0 
65.0 59.0 60.0 69.0 
63.0 58.0 60.0 65.0 
61.0 60.0 60.0 60.0 
69.0 59.0 62.0 76.0 
63.0 59.0 60.0 67.0 
64.0 61.0 61.0 67.0 
60.0 59.0 60.0 60.0 
70.0 59.0 63.0 75.0 
64.0 58.0 60.0 67.0 
65.0 59.0 61.0 67.0 
61.0 60.0 60.0 61.0 
69.0 60.0 60.0 77.0 
64.0 59.0 59.0 68.0 
65.0 59.0 60.0 67.0 
62.0 60.0 60.0 61.0 
68.0 59.0 60.0 76.0 
65.0 59.0 59.0 69.0 
64.0 59.0 60.0 66.0 
61.0 60.0 60.0 61.0 
68.0 59.0 60.0 75.0 
65.0 58.0 59.0 69.0 
65.0 59.0 61.0 66.0 
60.0 60.0 60.0 61.0 
71.0 59.0 61.0 75.0 
66.0 59.0 59.0 69.0 
64.0 58.0 60.0 66.0 
61.0 60.0 61.0 61.0 
64.0 65.0 61.0 73.0 
63.0 64.0 59.0 68.0 
62.0 63.0 60.0 64.0 
61.0 60.0 60.0 61.0 
71.0 60.0 60.0 77.0 
65.0 59.0 59.0 69.0 
65.0 59.0 60.0 66.0 
62.0 60.0 60.0 62.0 
65.0 66.0 60.0 74.0 
63.0 64.0 60.0 68.0 
62.0 64.0 61.0 65.0 
61.0 61.0 60.0 61.0 
67.0 65.0 60.0 73.0 
63.0 64.0 59.0 68.0 
62.0 62.0 60.0 64.0 
62.0 63.0 60.0 63.0 
66.0 66.0 61.0 74.0 
63.0 63.0 59.0 67.0 
64.0 65.0 60.0 67.0 
62.0 63.0 61.0 63.0 
66.0 67.0 60.0 74.0 
62.0 63.0 59.0 66.0 
64.0 65.0 60.0 67.0 
61.0 63.0 60.0 63.0 
66.0 65.0 60.0 72.0 
63.0 63.0 60.0 66.0 
65.0 66.0 60.0 68.0 
62.0 63.0 60.0 63.0 
66.0 67.0 60.0 72.0 
62.0 64.0 59.0 67.0 
65.0 67.0 60.0 68.0 
62.0 63.0 60.0 64.0 
66.0 66.0 60.0 71.0 
62.0 63.0 59.0 67.0 
64.0 66.0 60.0 67.0 
63.0 65.0 60.0 64.0 
69.0 66.0 61.0 72.0 
62.0 63.0 59.0 66.0 
64.0 67.0 60.0 68.0 
63.0 65.0 60.0 65.0 
69.0 67.0 60.0 73.0 
62.0 64.0 59.0 66.0 
69.0 72.0 60.0 71.0 
58.0 59.0 59.0 59.0 
69.0 67.0 61.0 74.0 
62.0 64.0 59.0 66.0 
69.0 71.0 61.0 72.0 
58.0 59.0 60.0 59.0 
69.0 67.0 60.0 74.0 
62.0 64.0 59.0 66.0 
69.0 72.0 60.0 71.0 
58.0 59.0 60.0 59.0 
68.0 67.0 61.0 75.0 
63.0 64.0 59.0 66.0 
69.0 71.0 61.0 73.0 
58.0 59.0 60.0 59.0 
68.0 68.0 60.0 75.0 
63.0 64.0 60.0 66.0 
70.0 73.0 61.0 71.0 
59.0 59.0 60.0 59.0 
69.0 68.0 60.0 74.0 
63.0 65.0 59.0 66.0 
71.0 73.0 60.0 70.0 
58.0 58.0 61.0 59.0 
69.0 68.0 61.0 74.0 
63.0 64.0 59.0 66.0 
70.0 72.0 60.0 69.0 
58.0 59.0 60.0 59.0 
69.0 68.0 60.0 76.0 
63.0 65.0 59.0 67.0 
69.0 72.0 60.0 70.0 
59.0 59.0 61.0 59.0 
68.0 68.0 60.0 77.0 
63.0 65.0 59.0 68.0 
69.0 72.0 60.0 70.0 
58.0 59.0 61.0 59.0 
69.0 68.0 60.0 77.0 
64.0 66.0 60.0 68.0 
70.0 72.0 61.0 71.0 
58.0 59.0 61.0 59.0 
66.0 69.0 66.0 76.0 
63.0 66.0 60.0 66.0 
70.0 73.0 60.0 70.0 
59.0 59.0 60.0 60.0 
67.0 69.0 67.0 76.0 
63.0 64.0 60.0 66.0 
70.0 73.0 60.0 70.0 
59.0 58.0 61.0 59.0 
67.0 68.0 64.0 78.0 
63.0 65.0 60.0 67.0 
71.0 73.0 61.0 71.0 
58.0 58.0 60.0 59.0 
68.0 69.0 69.0 78.0 
63.0 65.0 60.0 67.0 
71.0 72.0 61.0 71.0 
58.0 59.0 61.0 59.0 
70.0 68.0 65.0 78.0 
62.0 64.0 60.0 66.0 
68.0 69.0 61.0 69.0 
64.0 65.0 60.0 63.0 
68.0 68.0 74.0 80.0 
62.0 62.0 64.0 67.0 
67.0 69.0 78.0 69.0 
64.0 66.0 67.0 64.0 
67.0 67.0 77.0 80.0 
62.0 63.0 64.0 67.0 
67.0 68.0 81.0 69.0 
65.0 65.0 71.0 65.0 
67.0 67.0 83.0 80.0 
61.0 63.0 68.0 66.0 
67.0 68.0 87.0 69.0 
66.0 66.0 74.0 65.0 
64.0 66.0 90.0 79.0 
63.0 64.0 71.0 66.0 
63.0 63.0 74.0 64.0 
67.0 68.0 83.0 67.0 
63.0 66.0 101.0 78.0 
62.0 63.0 73.0 66.0 
67.0 69.0 100.0 71.0 
65.0 66.0 77.0 65.0 
63.0 65.0 107.0 78.0 
61.0 61.0 70.0 65.0 
67.0 69.0 122.0 71.0 
65.0 66.0 88.0 66.0 
66.0 60.0 114.0 81.0 
62.0 58.0 71.0 65.0 
72.0 59.0 145.0 75.0 
68.0 59.0 98.0 68.0 
66.0 60.0 146.0 79.0 
62.0 58.0 76.0 64.0 
73.0 59.0 181.0 78.0 
69.0 59.0 109.0 67.0 
72.0 59.0 166.0 82.0 
61.0 59.0 79.0 63.0 
73.0 60.0 237.0 80.0 
67.0 59.0 129.0 68.0 
67.0 59.0 182.0 83.0 
61.0 59.0 79.0 63.0 
75.0 61.0 318.0 86.0 
67.0 60.0 148.0 68.0 
68.0 59.0 214.0 83.0 
61.0 58.0 81.0 63.0 
77.0 62.0 362.0 90.0 
66.0 60.0 160.0 70.0 
69.0 60.0 255.0 88.0 
61.0 59.0 83.0 63.0 
77.0 62.0 379.0 93.0 
66.0 60.0 158.0 70.0 
67.0 62.0 239.0 83.0 
60.0 60.0 84.0 63.0 
72.0 71.0 407.0 96.0 
64.0 65.0 158.0 69.0 
66.0 68.0 270.0 87.0 
60.0 60.0 85.0 63.0 
74.0 78.0 436.0 103.0 
63.0 64.0 151.0 69.0 
67.0 70.0 310.0 93.0 
60.0 60.0 84.0 63.0 
75.0 79.0 449.0 105.0 
63.0 64.0 146.0 69.0 
66.0 70.0 302.0 94.0 
59.0 60.0 77.0 62.0 
74.0 77.0 419.0 105.0 
62.0 64.0 148.0 70.0 
65.0 68.0 254.0 90.0 
59.0 59.0 79.0 62.0 
74.0 78.0 422.0 107.0 
62.0 63.0 138.0 69.0 
70.0 74.0 367.0 115.0 
59.0 60.0 76.0 62.0 
75.0 79.0 428.0 109.0 
62.0 63.0 125.0 67.0 
78.0 63.0 385.0 132.0 
60.0 59.0 74.0 62.0 
80.0 63.0 410.0 114.0 
64.0 60.0 126.0 70.0 
74.0 61.0 310.0 123.0 
59.0 58.0 73.0 62.0 
84.0 65.0 444.0 132.0 
63.0 60.0 116.0 69.0 
74.0 61.0 321.0 135.0 
60.0 58.0 73.0 62.0 
83.0 64.0 417.0 133.0 
63.0 59.0 110.0 69.0 
76.0 61.0 327.0 159.0 
59.0 59.0 75.0 63.0 
83.0 62.0 410.0 139.0 
63.0 60.0 104.0 68.0 
78.0 60.0 312.0 177.0 
60.0 59.0 75.0 62.0 
82.0 61.0 365.0 142.0 
63.0 59.0 104.0 68.0 
77.0 61.0 340.0 187.0 
60.0 58.0 73.0 63.0 
88.0 61.0 346.0 199.0 
61.0 60.0 80.0 66.0 
75.0 60.0 285.0 199.0 
60.0 58.0 72.0 62.0 
88.0 61.0 308.0 229.0 
61.0 59.0 77.0 66.0 
81.0 61.0 303.0 241.0 
60.0 59.0 72.0 63.0 
87.0 60.0 259.0 248.0 
61.0 60.0 75.0 68.0 
82.0 60.0 218.0 262.0 
60.0 58.0 74.0 65.0 
92.0 61.0 274.0 333.0 
60.0 59.0 76.0 65.0 
86.0 60.0 234.0 334.0 
60.0 58.0 74.0 67.0 
94.0 61.0 225.0 361.0 
60.0 60.0 71.0 66.0 
94.0 62.0 252.0 381.0 
59.0 59.0 68.0 61.0 
92.0 61.0 183.0 354.0 
60.0 60.0 66.0 65.0 
96.0 62.0 226.0 412.0 
60.0 59.0 67.0 57.0 
92.0 61.0 167.0 362.0 
60.0 60.0 70.0 67.0 
94.0 62.0 187.0 396.0 
58.0 59.0 62.0 56.0 
91.0 61.0 138.0 350.0 
61.0 60.0 69.0 73.0 
89.0 61.0 179.0 369.0 
59.0 58.0 63.0 56.0 
94.0 61.0 132.0 412.0 
61.0 60.0 68.0 72.0 
97.0 62.0 170.0 375.0 
59.0 59.0 62.0 55.0 
96.0 61.0 129.0 395.0 
60.0 60.0 65.0 68.0 
97.0 61.0 155.0 367.0 
59.0 58.0 63.0 55.0 
96.0 62.0 126.0 406.0 
60.0 60.0 63.0 59.0 
101.0 62.0 134.0 379.0 
59.0 58.0 63.0 54.0 
101.0 62.0 118.0 418.0 
58.0 60.0 60.0 53.0 
107.0 62.0 128.0 408.0 
59.0 59.0 63.0 57.0 
99.0 61.0 103.0 387.0 
59.0 60.0 60.0 56.0 
110.0 62.0 118.0 375.0 
58.0 58.0 63.0 56.0 
98.0 61.0 99.0 386.0 
58.0 60.0 60.0 53.0 
115.0 61.0 113.0 373.0 
59.0 59.0 62.0 56.0 
100.0 61.0 94.0 373.0 
58.0 60.0 60.0 52.0 
110.0 60.0 106.0 325.0 
60.0 59.0 63.0 63.0 
80.0 59.0 83.0 283.0 
59.0 60.0 61.0 56.0 
113.0 60.0 104.0 339.0 
60.0 59.0 64.0 64.0 
105.0 60.0 87.0 332.0 
58.0 60.0 60.0 54.0 
133.0 63.0 112.0 426.0 
60.0 59.0 64.0 63.0 
103.0 60.0 86.0 311.0 
58.0 60.0 60.0 49.0 
133.0 62.0 108.0 395.0 
59.0 59.0 64.0 63.0 
110.0 61.0 88.0 342.0 
57.0 60.0 59.0 48.0 
136.0 61.0 100.0 335.0 
60.0 59.0 64.0 65.0 
98.0 64.0 85.0 334.0 
57.0 59.0 60.0 49.0 
128.0 60.0 96.0 285.0 
60.0 59.0 65.0 64.0 
126.0 222.0 83.0 320.0 
55.0 60.0 59.0 48.0 
140.0 324.0 95.0 256.0 
59.0 59.0 65.0 64.0 
112.0 270.0 84.0 296.0 
55.0 60.0 59.0 49.0 
135.0 386.0 96.0 242.0 
60.0 60.0 65.0 66.0 
88.0 217.0 76.0 206.0 
57.0 49.0 59.0 49.0 
128.0 354.0 93.0 209.0 
60.0 60.0 64.0 65.0 
112.0 358.0 80.0 223.0 
56.0 46.0 59.0 54.0 
140.0 427.0 95.0 233.0 
60.0 62.0 64.0 66.0 
117.0 382.0 79.0 207.0 
56.0 44.0 59.0 53.0 
151.0 460.0 91.0 233.0 
59.0 61.0 62.0 65.0 
124.0 373.0 75.0 198.0 
56.0 45.0 60.0 55.0 
149.0 406.0 83.0 203.0 
60.0 60.0 63.0 66.0 
104.0 367.0 72.0 159.0 
56.0 47.0 59.0 56.0 
150.0 397.0 83.0 193.0 
59.0 60.0 62.0 65.0 
120.0 374.0 71.0 149.0 
56.0 47.0 60.0 58.0 
160.0 495.0 83.0 200.0 
60.0 64.0 62.0 67.0 
107.0 334.0 69.0 138.0 
56.0 47.0 60.0 58.0 
170.0 512.0 84.0 201.0 
59.0 63.0 62.0 67.0 
95.0 246.0 65.0 116.0 
56.0 49.0 60.0 58.0 
161.0 417.0 77.0 172.0 
61.0 64.0 63.0 67.0 
109.0 330.0 67.0 137.0 
56.0 51.0 60.0 60.0 
190.0 511.0 81.0 182.0 
61.0 67.0 62.0 68.0 
110.0 325.0 67.0 120.0 
57.0 52.0 61.0 60.0 
206.0 529.0 82.0 183.0 
61.0 67.0 62.0 66.0 
111.0 306.0 67.0 118.0 
57.0 52.0 60.0 59.0 
230.0 517.0 81.0 179.0 
63.0 71.0 63.0 69.0 
120.0 278.0 66.0 112.0 
53.0 52.0 60.0 60.0 
266.0 565.0 82.0 183.0 
64.0 72.0 62.0 68.0 
129.0 273.0 65.0 110.0 
51.0 41.0 59.0 56.0 
310.0 521.0 82.0 174.0 
66.0 72.0 62.0 69.0 
245.0 376.0 69.0 126.0 
50.0 42.0 60.0 56.0 
316.0 429.0 68.0 155.0 
68.0 73.0 60.0 70.0 
187.0 334.0 63.0 121.0 
49.0 43.0 60.0 56.0 
322.0 374.0 67.0 143.0 
70.0 73.0 60.0 71.0 
188.0 273.0 61.0 107.0 
48.0 45.0 60.0 57.0 
354.0 358.0 69.0 132.0 
72.0 75.0 60.0 71.0 
184.0 251.0 62.0 102.0 
47.0 46.0 61.0 57.0 
418.0 358.0 70.0 131.0 
77.0 75.0 60.0 71.0 
197.0 215.0 61.0 93.0 
45.0 47.0 60.0 57.0 
422.0 308.0 76.0 121.0 
77.0 74.0 61.0 70.0 
198.0 184.0 63.0 89.0 
45.0 50.0 60.0 58.0 
402.0 253.0 79.0 112.0 
81.0 73.0 62.0 69.0 
298.0 175.0 65.0 88.0 
42.0 51.0 60.0 58.0 
376.0 204.0 77.0 103.0 
87.0 73.0 63.0 70.0 
293.0 155.0 66.0 89.0 
42.0 53.0 60.0 59.0 
394.0 190.0 78.0 100.0 
89.0 72.0 63.0 69.0 
264.0 125.0 68.0 90.0 
43.0 54.0 60.0 58.0 
456.0 184.0 87.0 101.0 
92.0 70.0 65.0 69.0 
423.0 142.0 72.0 92.0 
40.0 55.0 59.0 58.0 
379.0 168.0 90.0 95.0 
95.0 70.0 66.0 68.0 
389.0 133.0 73.0 89.0 
78.0 64.0 60.0 63.0 
376.0 160.0 91.0 94.0 
90.0 68.0 65.0 67.0 
269.0 101.0 67.0 78.0 
81.0 64.0 61.0 64.0 
441.0 151.0 108.0 94.0 
89.0 67.0 70.0 67.0 
238.0 94.0 86.0 76.0 
78.0 64.0 65.0 64.0 
438.0 144.0 111.0 93.0 
85.0 66.0 71.0 66.0 
236.0 92.0 95.0 76.0 
70.0 65.0 70.0 63.0 
441.0 142.0 128.0 93.0 
85.0 64.0 73.0 66.0 
172.0 83.0 99.0 75.0 
71.0 63.0 72.0 64.0 
429.0 138.0 163.0 92.0 
83.0 65.0 76.0 66.0 
166.0 80.0 102.0 74.0 
72.0 64.0 74.0 65.0 
407.0 133.0 178.0 94.0 
103.0 68.0 80.0 67.0 
96.0 66.0 76.0 64.0 
115.0 71.0 82.0 69.0 
361.0 126.0 194.0 92.0 
95.0 66.0 80.0 66.0 
111.0 69.0 83.0 69.0 
103.0 69.0 84.0 68.0 
343.0 120.0 206.0 90.0 
78.0 63.0 78.0 65.0 
170.0 84.0 147.0 80.0 
78.0 65.0 87.0 66.0 
334.0 113.0 231.0 90.0 
74.0 62.0 82.0 65.0 
175.0 85.0 188.0 85.0 
79.0 66.0 108.0 68.0 
309.0 111.0 224.0 89.0 
72.0 62.0 88.0 65.0 
136.0 82.0 289.0 90.0 
72.0 66.0 150.0 71.0 
267.0 100.0 231.0 89.0 
69.0 62.0 92.0 65.0 
141.0 89.0 421.0 106.0 
69.0 66.0 178.0 73.0 
253.0 96.0 232.0 90.0 
68.0 62.0 96.0 65.0 
114.0 88.0 462.0 111.0 
69.0 66.0 205.0 76.0 
196.0 89.0 229.0 88.0 
65.0 60.0 93.0 64.0 
109.0 90.0 518.0 120.0 
69.0 67.0 217.0 78.0 
160.0 85.0 258.0 92.0 
64.0 61.0 97.0 65.0 
105.0 92.0 560.0 127.0 
68.0 67.0 217.0 78.0 
145.0 84.0 284.0 99.0 
62.0 61.0 96.0 65.0 
90.0 86.0 594.0 132.0 
66.0 66.0 221.0 80.0 
105.0 78.0 324.0 105.0 
60.0 60.0 94.0 65.0 
85.0 85.0 597.0 138.0 
66.0 66.0 216.0 82.0 
99.0 76.0 316.0 108.0 
61.0 61.0 97.0 66.0 
85.0 85.0 599.0 147.0 
66.0 67.0 222.0 85.0 
98.0 80.0 372.0 133.0 
61.0 61.0 97.0 66.0 
87.0 88.0 627.0 165.0 
66.0 67.0 215.0 87.0 
96.0 81.0 371.0 139.0 
61.0 60.0 94.0 67.0 
87.0 89.0 604.0 169.0 
65.0 67.0 200.0 86.0 
94.0 83.0 399.0 155.0 
60.0 61.0 93.0 67.0 
88.0 92.0 624.0 184.0 
65.0 67.0 203.0 89.0 
94.0 84.0 359.0 154.0 
61.0 61.0 94.0 69.0 
88.0 93.0 628.0 200.0 
65.0 67.0 201.0 92.0 
99.0 91.0 368.0 190.0 
60.0 60.0 86.0 66.0 
89.0 95.0 621.0 208.0 
65.0 68.0 218.0 99.0 
100.0 92.0 350.0 209.0 
60.0 61.0 83.0 68.0 
88.0 97.0 618.0 240.0 
66.0 68.0 214.0 105.0 
96.0 95.0 369.0 231.0 
61.0 60.0 84.0 68.0 
89.0 101.0 605.0 268.0 
65.0 69.0 204.0 109.0 
97.0 105.0 389.0 276.0 
61.0 61.0 91.0 74.0 
90.0 109.0 620.0 329.0 
64.0 69.0 195.0 113.0 
96.0 103.0 307.0 280.0 
60.0 61.0 84.0 71.0 
90.0 119.0 578.0 383.0 
64.0 71.0 190.0 123.0 
102.0 114.0 359.0 306.0 
59.0 61.0 79.0 70.0 
101.0 131.0 586.0 479.0 
64.0 69.0 163.0 124.0 
99.0 118.0 361.0 336.0 
60.0 61.0 79.0 72.0 
102.0 141.0 549.0 535.0 
64.0 70.0 164.0 138.0 
100.0 124.0 351.0 361.0 
59.0 60.0 72.0 66.0 
103.0 149.0 532.0 590.0 
64.0 73.0 164.0 148.0 
102.0 133.0 352.0 397.0 
60.0 59.0 70.0 65.0 
101.0 154.0 503.0 616.0 
64.0 72.0 143.0 141.0 
101.0 136.0 313.0 410.0 
60.0 62.0 73.0 65.0 
100.0 156.0 455.0 597.0 
62.0 70.0 125.0 122.0 
108.0 152.0 306.0 464.0 
61.0 62.0 71.0 65.0 
91.0 136.0 421.0 606.0 
63.0 71.0 118.0 121.0 
109.0 159.0 311.0 480.0 
61.0 61.0 71.0 63.0 
103.0 171.0 406.0 617.0 
63.0 72.0 120.0 122.0 
112.0 165.0 291.0 481.0 
60.0 61.0 70.0 63.0 
104.0 181.0 398.0 627.0 
62.0 71.0 112.0 111.0 
108.0 166.0 271.0 473.0 
60.0 61.0 70.0 64.0 
103.0 186.0 361.0 646.0 
62.0 70.0 108.0 110.0 
110.0 177.0 244.0 433.0 
60.0 61.0 71.0 63.0 
106.0 225.0 346.0 647.0 
62.0 72.0 106.0 107.0 
115.0 204.0 245.0 471.0 
60.0 61.0 71.0 62.0 
107.0 234.0 327.0 635.0 
62.0 71.0 101.0 98.0 
114.0 205.0 219.0 446.0 
60.0 61.0 70.0 61.0 
108.0 244.0 312.0 647.0 
60.0 68.0 91.0 86.0 
113.0 213.0 202.0 412.0 
59.0 61.0 71.0 61.0 
110.0 261.0 305.0 664.0 
62.0 70.0 94.0 90.0 
121.0 237.0 208.0 441.0 
59.0 60.0 71.0 60.0 
114.0 262.0 292.0 626.0 
61.0 75.0 99.0 105.0 
124.0 263.0 199.0 427.0 
60.0 59.0 71.0 59.0 
117.0 284.0 288.0 622.0 
63.0 78.0 99.0 111.0 
130.0 297.0 182.0 455.0 
60.0 61.0 71.0 60.0 
118.0 306.0 277.0 594.0 
64.0 82.0 99.0 115.0 
133.0 319.0 178.0 463.0 
60.0 60.0 70.0 59.0 
125.0 351.0 262.0 587.0 
64.0 82.0 96.0 109.0 
129.0 326.0 167.0 421.0 
60.0 60.0 71.0 59.0 
129.0 391.0 249.0 584.0 
64.0 84.0 91.0 108.0 
133.0 338.0 140.0 377.0 
60.0 59.0 71.0 59.0 
136.0 439.0 217.0 585.0 
63.0 82.0 81.0 100.0 
160.0 455.0 157.0 461.0 
59.0 57.0 70.0 58.0 
151.0 479.0 210.0 570.0 
63.0 81.0 81.0 98.0 
163.0 494.0 147.0 478.0 
59.0 56.0 69.0 58.0 
159.0 523.0 184.0 583.0 
64.0 83.0 75.0 99.0 
169.0 521.0 146.0 491.0 
59.0 55.0 70.0 57.0 
160.0 552.0 175.0 545.0 
65.0 86.0 72.0 98.0 
173.0 532.0 133.0 482.0 
59.0 54.0 67.0 59.0 
163.0 569.0 150.0 508.0 
63.0 79.0 69.0 88.0 
172.0 527.0 120.0 429.0 
59.0 52.0 66.0 58.0 
169.0 575.0 136.0 482.0 
66.0 90.0 69.0 93.0 
178.0 552.0 118.0 401.0 
58.0 50.0 65.0 56.0 
174.0 604.0 136.0 481.0 
65.0 89.0 69.0 86.0 
185.0 543.0 114.0 381.0 
58.0 50.0 63.0 58.0 
180.0 593.0 118.0 453.0 
66.0 96.0 65.0 85.0 
191.0 554.0 104.0 347.0 
58.0 52.0 63.0 59.0 
188.0 601.0 114.0 420.0 
69.0 102.0 66.0 87.0 
202.0 576.0 100.0 332.0 
58.0 52.0 63.0 59.0 
186.0 596.0 108.0 389.0 
67.0 93.0 64.0 80.0 
213.0 586.0 97.0 316.0 
57.0 49.0 61.0 58.0 
192.0 627.0 106.0 377.0 
65.0 80.0 63.0 72.0 
238.0 600.0 96.0 305.0 
56.0 48.0 60.0 56.0 
204.0 604.0 101.0 355.0 
63.0 75.0 62.0 70.0 
275.0 640.0 92.0 291.0 
56.0 49.0 60.0 56.0 
224.0 590.0 94.0 327.0 
65.0 82.0 62.0 72.0 
298.0 624.0 90.0 276.0 
55.0 47.0 59.0 57.0 
254.0 587.0 93.0 313.0 
66.0 79.0 62.0 70.0 
350.0 603.0 92.0 262.0 
55.0 47.0 60.0 58.0 
297.0 593.0 93.0 292.0 
65.0 75.0 62.0 68.0 
396.0 608.0 91.0 261.0 
53.0 47.0 59.0 57.0 
348.0 623.0 94.0 295.0 
62.0 68.0 62.0 67.0 
425.0 583.0 92.0 250.0 
52.0 49.0 59.0 57.0 
384.0 614.0 93.0 289.0 
61.0 66.0 61.0 64.0 
464.0 611.0 91.0 246.0 
55.0 52.0 60.0 59.0 
450.0 609.0 93.0 274.0 
68.0 76.0 62.0 66.0 
476.0 581.0 90.0 232.0 
56.0 55.0 60.0 60.0 
473.0 581.0 92.0 248.0 
71.0 79.0 62.0 67.0 
482.0 551.0 90.0 210.0 
56.0 55.0 60.0 61.0 
547.0 576.0 92.0 237.0 
70.0 74.0 62.0 65.0 
486.0 525.0 87.0 193.0 
56.0 55.0 59.0 61.0 
547.0 540.0 91.0 210.0 
66.0 69.0 62.0 64.0 
508.0 540.0 88.0 191.0 
56.0 56.0 60.0 61.0 
568.0 501.0 87.0 194.0 
67.0 69.0 62.0 65.0 
498.0 488.0 85.0 179.0 
63.0 56.0 60.0 63.0 
608.0 507.0 85.0 191.0 
65.0 67.0 62.0 64.0 
509.0 466.0 84.0 176.0 
67.0 65.0 60.0 64.0 
610.0 454.0 83.0 183.0 
80.0 60.0 61.0 68.0 
511.0 452.0 84.0 170.0 
65.0 59.0 60.0 62.0 
627.0 429.0 82.0 176.0 
87.0 60.0 61.0 69.0 
526.0 440.0 84.0 162.0 
58.0 59.0 59.0 61.0 
669.0 424.0 81.0 161.0 
85.0 60.0 63.0 66.0 
544.0 423.0 85.0 160.0 
65.0 59.0 60.0 62.0 
658.0 389.0 81.0 159.0 
78.0 60.0 61.0 64.0 
570.0 372.0 80.0 151.0 
65.0 59.0 59.0 62.0 
656.0 360.0 80.0 159.0 
82.0 60.0 61.0 64.0 
582.0 358.0 79.0 144.0 
60.0 58.0 59.0 60.0 
674.0 341.0 79.0 149.0 
77.0 60.0 61.0 62.0 
602.0 332.0 78.0 136.0 
60.0 59.0 60.0 62.0 
657.0 314.0 78.0 142.0 
80.0 60.0 61.0 63.0 
573.0 246.0 76.0 119.0 
57.0 58.0 60.0 60.0 
667.0 307.0 78.0 140.0 
75.0 60.0 61.0 62.0 
582.0 239.0 76.0 111.0 
56.0 59.0 59.0 60.0 
662.0 278.0 75.0 121.0 
76.0 60.0 60.0 63.0 
540.0 224.0 78.0 108.0 
43.0 59.0 59.0 58.0 
626.0 256.0 74.0 113.0 
87.0 61.0 60.0 63.0 
541.0 211.0 78.0 105.0 
41.0 59.0 59.0 58.0 
616.0 228.0 76.0 110.0 
85.0 60.0 61.0 63.0 
504.0 193.0 74.0 97.0 
41.0 59.0 59.0 57.0 
589.0 207.0 74.0 104.0 
84.0 60.0 61.0 63.0 
521.0 188.0 76.0 100.0 
40.0 59.0 59.0 58.0 
563.0 190.0 75.0 101.0 
84.0 59.0 61.0 62.0 
551.0 185.0 75.0 101.0 
38.0 59.0 59.0 57.0 
573.0 188.0 75.0 101.0 
86.0 61.0 60.0 62.0 
524.0 67.0 74.0 94.0 
40.0 53.0 59.0 57.0 
522.0 166.0 75.0 100.0 
85.0 60.0 61.0 62.0 
451.0 65.0 73.0 113.0 
40.0 59.0 58.0 57.0 
514.0 66.0 76.0 120.0 
84.0 60.0 60.0 64.0 
374.0 63.0 71.0 105.0 
41.0 58.0 59.0 58.0 
466.0 64.0 75.0 113.0 
82.0 60.0 61.0 63.0 
355.0 62.0 70.0 101.0 
41.0 59.0 59.0 57.0 
446.0 66.0 73.0 110.0 
67.0 60.0 61.0 61.0 
353.0 62.0 70.0 101.0 
43.0 59.0 60.0 57.0 
362.0 62.0 70.0 101.0 
65.0 60.0 60.0 61.0 
338.0 62.0 70.0 99.0 
44.0 59.0 59.0 58.0 
334.0 61.0 69.0 98.0 
62.0 60.0 61.0 61.0 
315.0 61.0 69.0 96.0 
45.0 59.0 59.0 57.0 
297.0 60.0 68.0 92.0 
56.0 60.0 61.0 60.0 
314.0 61.0 69.0 98.0 
45.0 59.0 58.0 58.0 
257.0 60.0 66.0 87.0 
57.0 60.0 60.0 60.0 
293.0 61.0 69.0 94.0 
46.0 59.0 59.0 58.0 
233.0 60.0 67.0 86.0 
55.0 60.0 61.0 60.0 
285.0 61.0 69.0 94.0 
49.0 59.0 59.0 58.0 
188.0 59.0 66.0 81.0 
48.0 60.0 60.0 58.0 
262.0 60.0 68.0 91.0 
50.0 59.0 59.0 59.0 
169.0 59.0 65.0 78.0 
49.0 60.0 60.0 58.0 
253.0 60.0 67.0 88.0 
51.0 58.0 59.0 58.0 
148.0 60.0 64.0 76.0 
50.0 60.0 60.0 59.0 
235.0 61.0 67.0 88.0 
52.0 59.0 59.0 59.0 
128.0 60.0 64.0 76.0 
51.0 60.0 61.0 59.0 
233.0 60.0 67.0 85.0 
52.0 59.0 59.0 58.0 
109.0 60.0 62.0 72.0 
52.0 60.0 60.0 60.0 
231.0 60.0 67.0 84.0 
53.0 59.0 59.0 58.0 
97.0 60.0 61.0 70.0 
52.0 60.0 61.0 59.0 
225.0 60.0 68.0 84.0 
52.0 59.0 59.0 58.0 
90.0 59.0 63.0 70.0 
53.0 59.0 60.0 59.0 
217.0 60.0 67.0 83.0 
54.0 59.0 59.0 58.0 
86.0 59.0 63.0 70.0 
54.0 60.0 61.0 60.0 
215.0 59.0 68.0 84.0 
55.0 59.0 59.0 59.0 
61.0 59.0 61.0 63.0 
55.0 60.0 59.0 60.0 
209.0 60.0 68.0 83.0 
55.0 58.0 60.0 59.0 
60.0 59.0 60.0 62.0 
55.0 61.0 60.0 60.0 
156.0 60.0 67.0 80.0 
58.0 58.0 60.0 59.0 
61.0 60.0 60.0 60.0 
60.0 59.0 60.0 60.0 
92.0 59.0 65.0 69.0 
59.0 59.0 60.0 59.0 
62.0 58.0 61.0 61.0 
61.0 60.0 60.0 60.0 
86.0 60.0 64.0 68.0 
60.0 59.0 60.0 59.0 
60.0 59.0 61.0 60.0 
61.0 60.0 61.0 60.0 
87.0 60.0 65.0 69.0 
59.0 59.0 59.0 59.0 
59.0 59.0 60.0 61.0 
60.0 60.0 60.0 60.0 
86.0 60.0 64.0 68.0 
59.0 59.0 59.0 60.0 
59.0 59.0 60.0 60.0 
60.0 60.0 60.0 61.0 
84.0 59.0 65.0 69.0 
59.0 59.0 59.0 60.0 
59.0 59.0 61.0 61.0 
61.0 60.0 60.0 60.0 
84.0 59.0 64.0 68.0 
59.0 59.0 59.0 60.0 
60.0 59.0 62.0 61.0 
61.0 60.0 60.0 60.0 
77.0 59.0 65.0 68.0 
60.0 58.0 60.0 60.0 
60.0 59.0 61.0 60.0 
61.0 60.0 61.0 60.0 
78.0 59.0 64.0 68.0 
59.0 59.0 60.0 60.0 
59.0 60.0 60.0 61.0 
61.0 60.0 60.0 61.0 
76.0 59.0 65.0 69.0 
60.0 59.0 60.0 60.0 
59.0 60.0 61.0 61.0 
61.0 60.0 60.0 61.0 
76.0 59.0 64.0 67.0 
60.0 58.0 60.0 59.0 
59.0 59.0 61.0 60.0 
60.0 59.0 60.0 60.0 
77.0 60.0 64.0 68.0 
59.0 59.0 60.0 60.0 
59.0 59.0 61.0 60.0 
61.0 59.0 60.0 60.0 
72.0 60.0 64.0 66.0 
61.0 59.0 59.0 59.0 
59.0 59.0 60.0 61.0 
61.0 60.0 61.0 60.0 
70.0 59.0 63.0 66.0 
60.0 59.0 59.0 59.0 
60.0 59.0 60.0 61.0 
60.0 60.0 60.0 60.0 
70.0 59.0 63.0 65.0 
59.0 59.0 60.0 60.0 
59.0 59.0 61.0 60.0 
61.0 60.0 60.0 60.0 
70.0 59.0 63.0 65.0 
60.0 59.0 59.0 60.0 
60.0 59.0 60.0 61.0 
60.0 60.0 60.0 61.0 
69.0 59.0 63.0 65.0 
60.0 58.0 59.0 60.0 
59.0 61.0 60.0 61.0 
61.0 60.0 61.0 61.0 
68.0 60.0 62.0 64.0 
60.0 59.0 60.0 60.0 
59.0 59.0 60.0 60.0 
61.0 60.0 61.0 60.0 
68.0 60.0 62.0 64.0 
60.0 59.0 60.0 60.0 
60.0 59.0 60.0 61.0 
61.0 60.0 61.0 61.0 
68.0 60.0 63.0 64.0 
60.0 58.0 60.0 59.0 
60.0 59.0 59.0 61.0 
61.0 60.0 61.0 61.0 
69.0 60.0 62.0 65.0 
60.0 59.0 59.0 60.0 
61.0 59.0 60.0 59.0 
61.0 60.0 60.0 61.0 
67.0 60.0 63.0 65.0 
60.0 59.0 59.0 59.0 
60.0 59.0 60.0 61.0 
61.0 60.0 61.0 60.0 
67.0 60.0 63.0 65.0 
59.0 59.0 59.0 59.0 
59.0 59.0 60.0 60.0 
61.0 60.0 60.0 61.0 
71.0 59.0 64.0 67.0 
59.0 59.0 59.0 59.0 
59.0 59.0 61.0 60.0 
61.0 60.0 60.0 60.0 
74.0 60.0 64.0 68.0 
59.0 59.0 59.0 59.0 
59.0 59.0 60.0 60.0 
60.0 61.0 60.0 60.0 
74.0 59.0 64.0 68.0 
60.0 59.0 59.0 59.0 
59.0 59.0 60.0 60.0 
60.0 60.0 60.0 60.0 
72.0 60.0 64.0 67.0 
60.0 59.0 59.0 60.0 
59.0 59.0 60.0 60.0 
60.0 60.0 60.0 60.0 
73.0 60.0 63.0 68.0 
59.0 59.0 59.0 59.0 
60.0 59.0 60.0 60.0 
60.0 61.0 60.0 60.0 
72.0 60.0 63.0 66.0 
60.0 58.0 59.0 60.0 
60.0 59.0 60.0 61.0 
61.0 59.0 60.0 61.0 
73.0 60.0 63.0 67.0 
59.0 59.0 59.0 60.0 
60.0 60.0 60.0 60.0 
60.0 60.0 61.0 60.0 
73.0 60.0 63.0 66.0 
60.0 59.0 59.0 59.0 
60.0 59.0 59.0 61.0 
61.0 59.0 60.0 61.0 
73.0 60.0 63.0 66.0 
60.0 59.0 59.0 60.0 
60.0 60.0 60.0 61.0 
62.0 60.0 61.0 60.0 
73.0 59.0 63.0 66.0 
60.0 59.0 60.0 60.0 
59.0 60.0 60.0 61.0 
61.0 60.0 60.0 60.0 
73.0 60.0 63.0 66.0 
59.0 59.0 59.0 59.0 
60.0 59.0 60.0 60.0 
60.0 60.0 60.0 60.0 
73.0 60.0 64.0 66.0 
59.0 58.0 59.0 59.0 
59.0 59.0 60.0 60.0 
60.0 60.0 60.0 60.0 
73.0 59.0 63.0 66.0 
59.0 59.0 60.0 60.0 
59.0 60.0 60.0 61.0 
61.0 60.0 60.0 61.0 
71.0 59.0 63.0 67.0 
60.0 59.0 59.0 59.0 
60.0 59.0 60.0 60.0 
60.0 60.0 61.0 60.0 
72.0 59.0 63.0 66.0 
60.0 59.0 59.0 59.0 
60.0 59.0 59.0 60.0 
60.0 60.0 60.0 60.0 
71.0 59.0 64.0 67.0 
59.0 59.0 59.0 59.0 
59.0 60.0 60.0 60.0 
60.0 60.0 60.0 60.0 
73.0 60.0 63.0 66.0 
59.0 58.0 59.0 60.0 
60.0 60.0 60.0 61.0 
61.0 60.0 61.0 60.0 
71.0 60.0 63.0 67.0 
60.0 59.0 59.0 59.0 
59.0 60.0 60.0 60.0 
61.0 61.0 60.0 60.0 
72.0 60.0 63.0 66.0 
60.0 59.0 59.0 59.0 
60.0 60.0 60.0 60.0 
60.0 60.0 61.0 60.0 
72.0 58.0 64.0 66.0 
59.0 59.0 59.0 59.0 
60.0 59.0 60.0 60.0 
60.0 60.0 60.0 59.0 
72.0 60.0 64.0 67.0 
60.0 59.0 59.0 59.0 
59.0 59.0 60.0 61.0 
61.0 60.0 61.0 60.0 
71.0 60.0 63.0 65.0 
60.0 59.0 59.0 59.0 
59.0 59.0 60.0 61.0 
61.0 59.0 61.0 61.0 
70.0 59.0 64.0 67.0 
59.0 58.0 59.0 60.0 
59.0 59.0 60.0 61.0 
60.0 60.0 60.0 61.0 
71.0 60.0 63.0 66.0 
59.0 59.0 60.0 59.0 
59.0 59.0 61.0 60.0 
60.0 59.0 60.0 60.0 
71.0 59.0 63.0 67.0 
59.0 59.0 59.0 59.0 
60.0 59.0 60.0 61.0 
60.0 60.0 59.0 60.0 
70.0 59.0 64.0 67.0 
59.0 59.0 59.0 60.0 
59.0 60.0 60.0 61.0 
61.0 60.0 61.0 60.0 
71.0 60.0 64.0 67.0 
59.0 59.0 58.0 60.0 
60.0 59.0 61.0 61.0 
61.0 60.0 60.0 60.0 
68.0 59.0 63.0 67.0 
59.0 59.0 60.0 59.0 
60.0 59.0 62.0 60.0 
61.0 60.0 60.0 61.0 
69.0 59.0 64.0 67.0 
60.0 59.0 60.0 60.0 
60.0 59.0 60.0 61.0 
61.0 60.0 60.0 60.0 
67.0 60.0 63.0 67.0 
60.0 59.0 60.0 59.0 
59.0 59.0 60.0 60.0 
61.0 60.0 61.0 60.0 
67.0 59.0 63.0 67.0 
60.0 59.0 60.0 59.0 
60.0 59.0 60.0 60.0 
61.0 60.0 60.0 60.0 
70.0 60.0 64.0 68.0 
59.0 59.0 59.0 59.0 
59.0 59.0 60.0 61.0 
61.0 60.0 60.0 60.0 
67.0 60.0 64.0 67.0 
60.0 58.0 58.0 59.0 
59.0 59.0 60.0 60.0 
61.0 60.0 61.0 61.0 
66.0 60.0 63.0 67.0 
59.0 58.0 58.0 60.0 
60.0 59.0 60.0 61.0 
61.0 60.0 61.0 60.0 
67.0 59.0 63.0 67.0 
59.0 59.0 59.0 59.0 
59.0 59.0 60.0 61.0 
61.0 60.0 60.0 60.0 
67.0 59.0 64.0 67.0 
60.0 59.0 60.0 59.0 
60.0 59.0 59.0 60.0 
61.0 59.0 60.0 60.0 
67.0 60.0 63.0 68.0 
59.0 59.0 59.0 59.0 
59.0 59.0 60.0 61.0 
61.0 61.0 61.0 60.0 
66.0 59.0 65.0 68.0 
60.0 59.0 59.0 59.0 
60.0 59.0 60.0 60.0 
61.0 60.0 60.0 60.0 
67.0 61.0 64.0 68.0 
60.0 59.0 59.0 59.0 
60.0 59.0 60.0 60.0 
61.0 60.0 60.0 61.0 
67.0 60.0 64.0 68.0 
59.0 59.0 59.0 59.0 
59.0 59.0 59.0 60.0 
62.0 60.0 61.0 60.0 
68.0 59.0 64.0 68.0 
59.0 59.0 59.0 59.0 
60.0 59.0 60.0 60.0 
61.0 60.0 59.0 60.0 
69.0 60.0 63.0 69.0 
60.0 58.0 60.0 60.0 
60.0 59.0 60.0 60.0 
61.0 60.0 61.0 60.0 
68.0 59.0 64.0 68.0 
59.0 59.0 59.0 59.0 
60.0 59.0 60.0 60.0 
60.0 60.0 60.0 60.0 
68.0 60.0 63.0 67.0 
60.0 59.0 59.0 59.0 
60.0 59.0 61.0 60.0 
60.0 60.0 61.0 60.0 
68.0 59.0 64.0 69.0 
59.0 59.0 60.0 59.0 
60.0 59.0 60.0 60.0 
61.0 60.0 60.0 60.0 
68.0 60.0 63.0 68.0 
60.0 59.0 60.0 59.0 
59.0 59.0 60.0 61.0 
60.0 60.0 60.0 60.0 
68.0 59.0 64.0 68.0 
60.0 58.0 60.0 59.0 
59.0 59.0 60.0 60.0 
62.0 60.0 61.0 60.0 
67.0 60.0 64.0 68.0 
60.0 59.0 60.0 59.0 
60.0 59.0 60.0 61.0 
60.0 59.0 60.0 60.0 
69.0 60.0 64.0 68.0 
59.0 59.0 60.0 60.0 
61.0 59.0 60.0 60.0 
61.0 60.0 60.0 60.0 
69.0 59.0 64.0 68.0 
60.0 59.0 59.0 59.0 
58.0 60.0 60.0 60.0 
60.0 61.0 60.0 60.0 
70.0 59.0 64.0 68.0 
60.0 59.0 59.0 59.0 
60.0 59.0 59.0 60.0 
61.0 60.0 60.0 61.0 
70.0 60.0 64.0 68.0 
60.0 59.0 59.0 60.0 
59.0 59.0 60.0 60.0 
60.0 60.0 61.0 60.0 
68.0 60.0 64.0 67.0 
59.0 59.0 59.0 59.0 
60.0 59.0 60.0 60.0 
60.0 60.0 60.0 60.0 
69.0 59.0 64.0 68.0 
60.0 58.0 60.0 59.0 
60.0 59.0 60.0 60.0 
61.0 60.0 60.0 59.0 
66.0 60.0 64.0 68.0 
59.0 59.0 59.0 60.0 
60.0 59.0 60.0 60.0 
61.0 60.0 60.0 60.0 
67.0 59.0 64.0 67.0 
59.0 58.0 59.0 60.0 
59.0 59.0 59.0 61.0 
61.0 60.0 60.0 60.0 
68.0 59.0 64.0 68.0 
59.0 59.0 59.0 59.0 
59.0 59.0 60.0 60.0 
60.0 59.0 60.0 60.0 
67.0 60.0 63.0 68.0 
59.0 59.0 58.0 60.0 
59.0 59.0 60.0 60.0 
61.0 60.0 60.0 61.0 
66.0 60.0 64.0 68.0 
59.0 59.0 59.0 59.0 
60.0 59.0 60.0 61.0 
62.0 60.0 60.0 60.0 
66.0 59.0 65.0 68.0 
60.0 59.0 60.0 58.0 
60.0 59.0 60.0 60.0 
61.0 60.0 59.0 60.0 
67.0 58.0 64.0 68.0 
60.0 58.0 59.0 60.0 
60.0 59.0 60.0 60.0 
61.0 60.0 60.0 60.0 
66.0 59.0 64.0 68.0 
60.0 59.0 59.0 59.0 
60.0 59.0 60.0 60.0 
60.0 60.0 60.0 60.0 
66.0 60.0 63.0 68.0 
60.0 58.0 59.0 59.0 
60.0 60.0 60.0 60.0 
61.0 60.0 60.0 61.0 
66.0 60.0 63.0 68.0 
60.0 59.0 59.0 59.0 
60.0 58.0 60.0 60.0 
61.0 60.0 60.0 60.0 
66.0 60.0 64.0 68.0 
59.0 59.0 59.0 59.0 
60.0 59.0 60.0 60.0 
61.0 60.0 60.0 60.0 
66.0 59.0 64.0 67.0 
60.0 58.0 59.0 60.0 
59.0 60.0 60.0 61.0 
61.0 60.0 60.0 61.0 
69.0 59.0 64.0 68.0 
60.0 59.0 59.0 59.0 
59.0 59.0 60.0 60.0 
61.0 60.0 60.0 60.0 
66.0 59.0 64.0 68.0 
60.0 59.0 59.0 59.0 
60.0 58.0 60.0 60.0 
61.0 60.0 60.0 60.0 
66.0 59.0 64.0 67.0 
60.0 58.0 59.0 59.0 
60.0 59.0 60.0 60.0 
62.0 59.0 60.0 60.0 
66.0 59.0 63.0 67.0 
59.0 59.0 59.0 59.0 
60.0 58.0 59.0 60.0 
60.0 59.0 60.0 61.0 
66.0 59.0 64.0 67.0 
59.0 59.0 59.0 59.0 
60.0 59.0 60.0 61.0 
61.0 60.0 60.0 60.0 
66.0 60.0 64.0 67.0 
60.0 58.0 59.0 59.0 
60.0 59.0 59.0 60.0 
60.0 60.0 60.0 61.0 
67.0 60.0 64.0 67.0 
60.0 58.0 59.0 60.0 
60.0 59.0 59.0 61.0 
61.0 60.0 60.0 61.0 
67.0 60.0 64.0 68.0 
60.0 59.0 59.0 59.0 
60.0 60.0 60.0 60.0 
61.0 60.0 61.0 60.0 
67.0 59.0 64.0 68.0 
60.0 59.0 59.0 60.0 
60.0 59.0 60.0 61.0 
60.0 60.0 60.0 60.0 
66.0 60.0 64.0 67.0 
59.0 59.0 60.0 59.0 
60.0 59.0 59.0 60.0 
61.0 60.0 60.0 61.0 
68.0 59.0 64.0 67.0 
60.0 59.0 60.0 60.0 
60.0 59.0 60.0 60.0 
61.0 59.0 60.0 60.0 
67.0 59.0 65.0 67.0 
60.0 59.0 59.0 59.0 
60.0 59.0 60.0 60.0 
61.0 60.0 60.0 60.0 
66.0 60.0 63.0 67.0 
60.0 59.0 59.0 60.0 
60.0 59.0 60.0 60.0 
60.0 60.0 60.0 60.0 
66.0 60.0 64.0 67.0 
59.0 58.0 58.0 59.0 
59.0 58.0 60.0 61.0 
61.0 60.0 60.0 60.0 
65.0 59.0 63.0 68.0 
59.0 58.0 59.0 59.0 
60.0 59.0 59.0 60.0 
61.0 60.0 60.0 60.0 
67.0 60.0 63.0 68.0 
60.0 59.0 59.0 59.0 
60.0 60.0 60.0 60.0 
61.0 60.0 60.0 60.0 
67.0 59.0 63.0 67.0 
60.0 58.0 59.0 60.0 
60.0 59.0 60.0 61.0 
61.0 60.0 59.0 60.0 
67.0 60.0 63.0 67.0 
60.0 59.0 59.0 60.0 
60.0 59.0 60.0 60.0 
61.0 60.0 61.0 60.0 
67.0 59.0 64.0 67.0 
60.0 59.0 59.0 59.0 
60.0 59.0 60.0 60.0 
61.0 60.0 60.0 60.0 
67.0 60.0 63.0 68.0 
59.0 59.0 59.0 60.0 
60.0 60.0 60.0 60.0 
61.0 60.0 60.0 60.0 
68.0 58.0 64.0 67.0 
59.0 59.0 60.0 59.0 
59.0 59.0 61.0 61.0 
61.0 60.0 60.0 60.0 
68.0 59.0 63.0 68.0 
60.0 58.0 59.0 59.0 
60.0 59.0 60.0 60.0 
62.0 60.0 60.0 60.0 
68.0 59.0 63.0 68.0 
59.0 59.0 60.0 59.0 
60.0 59.0 60.0 60.0 
61.0 60.0 60.0 60.0 
69.0 59.0 64.0 67.0 
60.0 59.0 59.0 59.0 
60.0 60.0 60.0 61.0 
61.0 60.0 60.0 60.0 
69.0 59.0 63.0 68.0 
59.0 59.0 59.0 60.0 
59.0 59.0 61.0 60.0 
61.0 60.0 60.0 60.0 
67.0 60.0 63.0 68.0 
60.0 58.0 60.0 60.0 
59.0 59.0 60.0 61.0 
61.0 60.0 61.0 60.0 
66.0 60.0 64.0 67.0 
60.0 59.0 59.0 60.0 
60.0 59.0 60.0 61.0 
61.0 60.0 60.0 60.0 
67.0 60.0 63.0 68.0 
59.0 58.0 59.0 59.0 
60.0 59.0 60.0 60.0 
61.0 60.0 61.0 61.0 
66.0 59.0 64.0 68.0 
60.0 59.0 59.0 60.0 
60.0 59.0 60.0 60.0 
61.0 60.0 60.0 60.0 
66.0 59.0 64.0 68.0 
60.0 59.0 60.0 59.0 
60.0 59.0 60.0 61.0 
61.0 60.0 60.0 60.0 
66.0 59.0 63.0 67.0 
59.0 58.0 58.0 59.0 
59.0 59.0 60.0 60.0 
61.0 60.0 60.0 61.0 
66.0 59.0 64.0 68.0 
59.0 59.0 59.0 59.0 
60.0 61.0 60.0 60.0 
61.0 60.0 60.0 60.0 
67.0 60.0 64.0 68.0 
59.0 59.0 59.0 60.0 
59.0 58.0 60.0 61.0 
61.0 60.0 61.0 60.0 
67.0 59.0 63.0 68.0 
60.0 58.0 59.0 60.0 
60.0 59.0 60.0 60.0 
61.0 60.0 60.0 60.0 
66.0 60.0 64.0 67.0 
60.0 58.0 60.0 59.0 
59.0 59.0 59.0 61.0 
61.0 60.0 60.0 60.0 
66.0 59.0 63.0 69.0 
60.0 59.0 59.0 60.0 
60.0 59.0 60.0 61.0 
61.0 60.0 60.0 60.0 
66.0 60.0 65.0 68.0 
60.0 59.0 59.0 60.0 
59.0 60.0 60.0 60.0 
61.0 60.0 61.0 60.0 
66.0 60.0 64.0 68.0 
60.0 59.0 59.0 59.0 
60.0 59.0 60.0 61.0 
61.0 59.0 60.0 60.0 
66.0 60.0 64.0 68.0 
60.0 59.0 59.0 59.0 
60.0 59.0 60.0 60.0 
61.0 60.0 61.0 60.0 
65.0 60.0 64.0 68.0 
59.0 59.0 59.0 60.0 
60.0 60.0 59.0 60.0 
61.0 60.0 60.0 60.0 
66.0 60.0 64.0 67.0 
59.0 58.0 60.0 60.0 
60.0 59.0 60.0 60.0 
61.0 60.0 60.0 61.0 
66.0 59.0 65.0 68.0 
60.0 58.0 59.0 59.0 
60.0 59.0 60.0 61.0 
61.0 59.0 60.0 60.0 
67.0 60.0 64.0 68.0 
59.0 59.0 59.0 59.0 
59.0 59.0 60.0 61.0 
61.0 60.0 61.0 60.0 
68.0 58.0 65.0 68.0 
60.0 58.0 59.0 61.0 
60.0 59.0 60.0 61.0 
60.0 59.0 60.0 59.0 
67.0 59.0 65.0 69.0 
59.0 59.0 59.0 59.0 
60.0 59.0 60.0 61.0 
60.0 59.0 60.0 60.0 
66.0 59.0 64.0 67.0 
60.0 58.0 59.0 60.0 
59.0 59.0 60.0 60.0 
61.0 59.0 60.0 60.0 
67.0 60.0 64.0 68.0 
59.0 59.0 59.0 59.0 
60.0 59.0 59.0 60.0 
61.0 59.0 61.0 60.0 
66.0 59.0 64.0 68.0 
60.0 58.0 60.0 59.0 
60.0 59.0 60.0 60.0 
61.0 60.0 59.0 60.0 
67.0 60.0 64.0 68.0 
59.0 58.0 59.0 60.0 
60.0 58.0 60.0 60.0 
60.0 60.0 60.0 60.0 
67.0 59.0 64.0 68.0 
60.0 59.0 59.0 59.0 
59.0 59.0 60.0 60.0 
60.0 60.0 60.0 60.0 
66.0 59.0 64.0 68.0 
59.0 59.0 59.0 59.0 
60.0 60.0 60.0 60.0 
61.0 60.0 60.0 60.0 
66.0 60.0 65.0 67.0 
60.0 59.0 59.0 60.0 
60.0 59.0 59.0 60.0 
60.0 60.0 60.0 60.0 
67.0 60.0 64.0 68.0 
59.0 59.0 59.0 59.0 
60.0 60.0 59.0 61.0 
61.0 60.0 60.0 60.0 
66.0 59.0 64.0 68.0 
60.0 59.0 59.0 60.0 
60.0 59.0 60.0 60.0 
60.0 60.0 60.0 60.0 
67.0 60.0 64.0 67.0 
59.0 59.0 59.0 59.0 
60.0 59.0 59.0 60.0 
61.0 59.0 61.0 60.0 
66.0 60.0 63.0 67.0 
59.0 59.0 59.0 60.0 
59.0 60.0 60.0 61.0 
61.0 60.0 61.0 60.0 
66.0 59.0 63.0 67.0 
59.0 59.0 59.0 59.0 
60.0 59.0 60.0 61.0 
61.0 59.0 60.0 61.0 
66.0 59.0 64.0 67.0 
60.0 60.0 59.0 59.0 
60.0 59.0 59.0 60.0 
61.0 60.0 60.0 60.0 
67.0 60.0 63.0 67.0 
59.0 58.0 61.0 60.0 
60.0 59.0 60.0 60.0 
60.0 60.0 61.0 60.0 
67.0 60.0 63.0 67.0 
59.0 59.0 59.0 59.0 
60.0 59.0 60.0 61.0 
61.0 60.0 60.0 60.0 
66.0 59.0 65.0 67.0 
60.0 59.0 59.0 60.0 
60.0 59.0 59.0 61.0 
61.0 60.0 60.0 60.0 
67.0 60.0 64.0 67.0 
60.0 59.0 59.0 59.0 
60.0 59.0 60.0 60.0 
61.0 60.0 61.0 60.0 
67.0 60.0 64.0 68.0 
59.0 58.0 59.0 59.0 
60.0 59.0 60.0 60.0 
61.0 59.0 61.0 61.0 
68.0 60.0 64.0 67.0 
59.0 59.0 59.0 59.0 
60.0 59.0 60.0 60.0 
61.0 60.0 61.0 60.0 
68.0 60.0 64.0 67.0 
60.0 58.0 60.0 60.0 
60.0 59.0 61.0 61.0 
61.0 60.0 60.0 60.0 
67.0 59.0 64.0 66.0 
59.0 59.0 59.0 59.0 
60.0 59.0 60.0 61.0 
61.0 60.0 60.0 60.0 
67.0 60.0 64.0 65.0 
60.0 58.0 59.0 60.0 
60.0 59.0 60.0 60.0 
61.0 61.0 61.0 60.0 
67.0 60.0 63.0 66.0 
59.0 59.0 59.0 59.0 
60.0 59.0 60.0 61.0 
60.0 60.0 60.0 61.0 
67.0 59.0 63.0 66.0 
60.0 59.0 59.0 60.0 
60.0 59.0 60.0 61.0 
60.0 59.0 60.0 60.0 
66.0 59.0 63.0 67.0 
60.0 58.0 59.0 60.0 
59.0 59.0 59.0 61.0 
60.0 60.0 60.0 61.0 
67.0 60.0 63.0 66.0 
59.0 59.0 60.0 59.0 
60.0 60.0 59.0 61.0 
61.0 60.0 60.0 60.0 
66.0 59.0 63.0 66.0 
60.0 59.0 60.0 60.0 
60.0 59.0 59.0 61.0 
61.0 59.0 60.0 61.0 
66.0 59.0 63.0 68.0 
60.0 58.0 59.0 60.0 
59.0 59.0 60.0 60.0 
61.0 60.0 61.0 60.0 
67.0 59.0 64.0 67.0 
60.0 59.0 60.0 59.0 
60.0 59.0 60.0 61.0 
61.0 60.0 60.0 60.0 
66.0 59.0 64.0 67.0 
59.0 58.0 59.0 60.0 
60.0 59.0 59.0 61.0 
60.0 60.0 60.0 61.0 
66.0 59.0 63.0 66.0 
60.0 60.0 59.0 59.0 
60.0 58.0 60.0 61.0 
61.0 60.0 60.0 60.0 
67.0 59.0 65.0 67.0 
60.0 58.0 59.0 60.0 
58.0 59.0 60.0 61.0 
61.0 60.0 60.0 60.0 
66.0 60.0 63.0 67.0 
60.0 58.0 60.0 60.0 
60.0 59.0 60.0 60.0 
61.0 59.0 61.0 60.0 
67.0 59.0 64.0 67.0 
60.0 59.0 60.0 59.0 
60.0 59.0 60.0 61.0 
61.0 60.0 60.0 60.0 
67.0 60.0 64.0 67.0 
60.0 59.0 59.0 60.0 
59.0 61.0 60.0 61.0 
60.0 60.0 61.0 60.0 
68.0 59.0 64.0 67.0 
59.0 59.0 60.0 59.0 
60.0 60.0 60.0 60.0 
61.0 59.0 60.0 60.0 
67.0 60.0 64.0 68.0 
60.0 59.0 60.0 59.0 
59.0 60.0 60.0 61.0 
62.0 60.0 60.0 61.0 
67.0 59.0 64.0 68.0 
60.0 58.0 60.0 60.0 
60.0 59.0 60.0 61.0 
61.0 60.0 60.0 60.0 
66.0 60.0 64.0 67.0 
60.0 59.0 59.0 60.0 
60.0 59.0 60.0 61.0 
61.0 60.0 61.0 61.0 
67.0 59.0 64.0 67.0 
60.0 59.0 59.0 59.0 
59.0 60.0 60.0 60.0 
61.0 59.0 60.0 60.0 
66.0 60.0 64.0 66.0 
60.0 59.0 59.0 59.0 
60.0 58.0 59.0 61.0 
61.0 60.0 61.0 60.0 
67.0 60.0 64.0 67.0 
60.0 59.0 60.0 60.0 
60.0 59.0 60.0 60.0 
61.0 60.0 61.0 61.0 
66.0 59.0 64.0 66.0 
59.0 59.0 59.0 60.0 
59.0 60.0 60.0 61.0 
61.0 59.0 60.0 61.0 
67.0 59.0 63.0 66.0 
59.0 59.0 59.0 60.0 
60.0 59.0 60.0 60.0 
60.0 59.0 61.0 60.0 
67.0 59.0 64.0 66.0 
60.0 59.0 59.0 60.0 
59.0 59.0 60.0 61.0 
61.0 60.0 60.0 61.0 
66.0 59.0 64.0 67.0 
60.0 59.0 59.0 59.0 
60.0 59.0 60.0 61.0 
61.0 60.0 60.0 60.0 
67.0 59.0 63.0 67.0 
60.0 58.0 58.0 60.0 
60.0 59.0 60.0 60.0 
60.0 59.0 60.0 60.0 
66.0 59.0 63.0 67.0 
60.0 59.0 59.0 61.0 
59.0 59.0 60.0 61.0 
61.0 59.0 61.0 60.0 
66.0 60.0 64.0 67.0 
60.0 58.0 59.0 59.0 
60.0 59.0 60.0 60.0 
61.0 60.0 61.0 60.0 
66.0 60.0 64.0 67.0 
59.0 58.0 60.0 60.0 
60.0 59.0 60.0 61.0 
61.0 59.0 61.0 60.0 
65.0 59.0 64.0 67.0 
60.0 59.0 59.0 59.0 
60.0 59.0 60.0 60.0 
60.0 60.0 61.0 60.0 
66.0 59.0 63.0 68.0 
60.0 59.0 60.0 59.0 
59.0 59.0 59.0 61.0 
61.0 60.0 60.0 61.0 
66.0 60.0 64.0 68.0 
60.0 59.0 59.0 60.0 
60.0 60.0 60.0 60.0 
61.0 60.0 60.0 60.0 
67.0 60.0 64.0 67.0 
60.0 58.0 60.0 60.0 
60.0 59.0 59.0 60.0 
61.0 60.0 61.0 60.0 
67.0 60.0 64.0 67.0 
60.0 59.0 59.0 60.0 
60.0 59.0 59.0 61.0 
61.0 61.0 60.0 61.0 
66.0 58.0 64.0 68.0 
59.0 59.0 59.0 59.0 
60.0 60.0 60.0 60.0 
61.0 59.0 60.0 60.0 
66.0 60.0 63.0 68.0 
60.0 59.0 59.0 59.0 
60.0 59.0 60.0 60.0 
61.0 60.0 60.0 60.0 
66.0 60.0 64.0 68.0 
60.0 59.0 59.0 59.0 
60.0 59.0 59.0 61.0 
61.0 60.0 60.0 61.0 
65.0 59.0 64.0 67.0 
59.0 59.0 59.0 59.0 
60.0 60.0 60.0 60.0 
60.0 60.0 60.0 59.0 
66.0 59.0 65.0 67.0 
59.0 58.0 60.0 60.0 
60.0 58.0 60.0 61.0 
60.0 59.0 60.0 60.0 
66.0 60.0 64.0 68.0 
60.0 59.0 59.0 60.0 
59.0 59.0 59.0 60.0 
61.0 60.0 61.0 61.0 
66.0 60.0 64.0 68.0 
60.0 59.0 60.0 59.0 
60.0 60.0 60.0 60.0 
60.0 60.0 61.0 60.0 
66.0 59.0 64.0 68.0 
59.0 58.0 59.0 58.0 
61.0 59.0 59.0 61.0 
60.0 60.0 60.0 60.0 
67.0 60.0 64.0 67.0 
59.0 59.0 59.0 60.0 
60.0 59.0 60.0 60.0 
61.0 60.0 61.0 60.0 
66.0 59.0 64.0 67.0 
60.0 60.0 59.0 60.0 
60.0 59.0 60.0 59.0 
61.0 60.0 60.0 60.0 
66.0 60.0 64.0 68.0 
59.0 59.0 59.0 59.0 
60.0 59.0 59.0 61.0 
61.0 60.0 61.0 60.0 
66.0 59.0 64.0 67.0 
60.0 59.0 59.0 60.0 
59.0 60.0 60.0 61.0 
61.0 60.0 60.0 60.0 
67.0 59.0 64.0 68.0 
60.0 60.0 60.0 59.0 
60.0 59.0 60.0 61.0 
61.0 60.0 60.0 62.0 
66.0 60.0 64.0 67.0 
60.0 58.0 59.0 59.0 
59.0 59.0 60.0 61.0 
61.0 60.0 60.0 60.0 
66.0 59.0 64.0 67.0 
60.0 59.0 59.0 60.0 
60.0 59.0 60.0 60.0 
61.0 60.0 60.0 60.0 
66.0 59.0 64.0 67.0 
59.0 59.0 59.0 59.0 
59.0 59.0 59.0 61.0 
61.0 60.0 61.0 60.0 
65.0 60.0 63.0 66.0 
60.0 58.0 60.0 60.0 
60.0 60.0 60.0 61.0 
61.0 60.0 60.0 60.0 
66.0 59.0 63.0 67.0 
60.0 59.0 59.0 59.0 
59.0 59.0 60.0 60.0 
60.0 60.0 61.0 60.0 
65.0 60.0 63.0 67.0 
60.0 59.0 59.0 59.0 
61.0 59.0 60.0 60.0 
61.0 60.0 60.0 60.0 
67.0 60.0 64.0 67.0 
60.0 58.0 59.0 59.0 
60.0 60.0 60.0 60.0 
61.0 60.0 61.0 60.0 
68.0 60.0 64.0 68.0 
60.0 58.0 59.0 60.0 
60.0 59.0 60.0 61.0 
60.0 59.0 60.0 60.0 
67.0 59.0 65.0 68.0 
59.0 59.0 59.0 59.0 
59.0 59.0 60.0 61.0 
61.0 60.0 60.0 60.0 
67.0 59.0 64.0 67.0 
59.0 59.0 59.0 59.0 
60.0 59.0 60.0 60.0 
61.0 59.0 60.0 60.0 
67.0 60.0 64.0 68.0 
60.0 59.0 60.0 59.0 
60.0 59.0 60.0 60.0 
61.0 59.0 60.0 60.0 
67.0 60.0 64.0 68.0 
60.0 60.0 59.0 59.0 
60.0 59.0 60.0 60.0 
61.0 60.0 61.0 60.0 
67.0 59.0 64.0 68.0 
60.0 59.0 59.0 60.0 
59.0 59.0 60.0 60.0 
61.0 60.0 60.0 60.0 
68.0 59.0 65.0 68.0 
59.0 59.0 59.0 59.0 
60.0 59.0 61.0 60.0 
60.0 60.0 60.0 60.0 
68.0 59.0 64.0 67.0 
60.0 59.0 59.0 59.0 
60.0 60.0 61.0 60.0 
61.0 60.0 60.0 60.0 
67.0 60.0 65.0 68.0 
59.0 58.0 59.0 59.0 
60.0 59.0 60.0 60.0 
61.0 60.0 61.0 60.0 
67.0 60.0 64.0 68.0 
60.0 59.0 59.0 60.0 
59.0 59.0 60.0 60.0 
61.0 60.0 61.0 60.0 
68.0 59.0 64.0 68.0 
60.0 59.0 59.0 59.0 
59.0 60.0 60.0 60.0 
61.0 60.0 60.0 60.0 
67.0 60.0 65.0 68.0 
59.0 58.0 59.0 59.0 
61.0 59.0 60.0 60.0 
61.0 60.0 60.0 60.0 
67.0 59.0 64.0 69.0 
59.0 59.0 59.0 60.0 
59.0 59.0 59.0 60.0 
60.0 60.0 60.0 60.0 
68.0 59.0 64.0 69.0 
60.0 59.0 59.0 59.0 
59.0 59.0 60.0 61.0 
60.0 61.0 60.0 60.0 
67.0 60.0 64.0 69.0 
59.0 59.0 59.0 60.0 
60.0 59.0 60.0 60.0 
61.0 60.0 60.0 60.0 
68.0 59.0 64.0 68.0 
60.0 59.0 60.0 59.0 
60.0 59.0 60.0 60.0 
61.0 60.0 60.0 60.0 
67.0 59.0 64.0 68.0 
60.0 59.0 59.0 60.0 
60.0 59.0 59.0 60.0 
61.0 60.0 60.0 60.0 
67.0 59.0 64.0 68.0 
60.0 59.0 59.0 59.0 
60.0 59.0 59.0 60.0 
60.0 60.0 61.0 60.0 
67.0 59.0 64.0 69.0 
60.0 59.0 59.0 59.0 
60.0 60.0 60.0 60.0 
61.0 60.0 60.0 60.0 
67.0 60.0 64.0 68.0 
59.0 58.0 60.0 59.0 
59.0 59.0 59.0 60.0 
61.0 60.0 61.0 60.0 
67.0 59.0 64.0 68.0 
60.0 59.0 59.0 59.0 
60.0 59.0 60.0 60.0 
60.0 60.0 59.0 60.0 
67.0 59.0 64.0 68.0 
60.0 58.0 60.0 59.0 
60.0 59.0 59.0 61.0 
60.0 60.0 60.0 60.0 
66.0 60.0 65.0 68.0 
59.0 58.0 60.0 59.0 
60.0 59.0 60.0 60.0 
61.0 60.0 60.0 60.0 
67.0 59.0 65.0 69.0 
59.0 60.0 59.0 59.0 
60.0 60.0 60.0 60.0 
61.0 60.0 61.0 60.0 
68.0 60.0 64.0 68.0 
60.0 59.0 59.0 59.0 
60.0 59.0 62.0 60.0 
61.0 59.0 60.0 60.0 
68.0 59.0 64.0 67.0 
59.0 59.0 59.0 60.0 
60.0 59.0 61.0 60.0 
61.0 60.0 60.0 60.0 
67.0 59.0 64.0 68.0 
60.0 59.0 59.0 59.0 
60.0 59.0 59.0 61.0 
61.0 60.0 60.0 60.0 
67.0 59.0 64.0 67.0 
60.0 59.0 59.0 60.0 
60.0 59.0 60.0 60.0 
61.0 60.0 60.0 60.0 
67.0 60.0 64.0 67.0 
60.0 59.0 60.0 59.0 
60.0 59.0 60.0 61.0 
61.0 60.0 60.0 60.0 
67.0 59.0 63.0 67.0 
59.0 58.0 59.0 60.0 
60.0 59.0 59.0 60.0 
61.0 60.0 60.0 60.0 
67.0 60.0 64.0 68.0 
59.0 59.0 59.0 59.0 
60.0 59.0 60.0 60.0 
60.0 60.0 61.0 60.0 
67.0 60.0 63.0 67.0 
59.0 59.0 59.0 59.0 
60.0 60.0 59.0 60.0 
60.0 60.0 61.0 60.0 
67.0 59.0 64.0 67.0 
60.0 59.0 59.0 60.0 
59.0 59.0 59.0 61.0 
61.0 59.0 60.0 60.0 
67.0 58.0 64.0 67.0 
59.0 59.0 60.0 59.0 
60.0 59.0 60.0 61.0 
61.0 60.0 60.0 60.0 
67.0 59.0 63.0 67.0 
60.0 59.0 59.0 59.0 
59.0 59.0 60.0 61.0 
61.0 60.0 61.0 60.0 
65.0 59.0 63.0 66.0 
60.0 59.0 59.0 59.0 
60.0 59.0 60.0 61.0 
61.0 60.0 60.0 60.0 
66.0 59.0 63.0 66.0 
60.0 58.0 60.0 59.0 
59.0 59.0 60.0 61.0 
61.0 60.0 60.0 61.0 
67.0 59.0 62.0 67.0 
60.0 58.0 60.0 59.0 
60.0 60.0 60.0 61.0 
61.0 60.0 60.0 60.0 
67.0 59.0 63.0 66.0 
60.0 59.0 59.0 59.0 
60.0 59.0 60.0 61.0 
61.0 60.0 60.0 61.0 
67.0 60.0 64.0 67.0 
60.0 59.0 59.0 60.0 
59.0 60.0 59.0 60.0 
61.0 60.0 60.0 60.0 
67.0 59.0 63.0 66.0 
59.0 59.0 59.0 60.0 
60.0 59.0 60.0 60.0 
61.0 60.0 60.0 60.0 
66.0 59.0 63.0 66.0 
60.0 58.0 60.0 59.0 
60.0 59.0 60.0 60.0 
60.0 60.0 60.0 60.0 
67.0 60.0 62.0 66.0 
60.0 58.0 59.0 59.0 
59.0 59.0 60.0 61.0 
61.0 60.0 61.0 60.0 
67.0 60.0 62.0 66.0 
60.0 59.0 60.0 60.0 
61.0 59.0 60.0 60.0 
61.0 60.0 62.0 60.0 
66.0 59.0 62.0 66.0 
60.0 59.0 59.0 59.0 
59.0 59.0 60.0 60.0 
61.0 60.0 60.0 60.0 
67.0 60.0 63.0 68.0 
59.0 59.0 59.0 60.0 
61.0 59.0 59.0 60.0 
61.0 60.0 60.0 61.0 
66.0 59.0 64.0 67.0 
60.0 59.0 60.0 60.0 
60.0 60.0 60.0 60.0 
61.0 60.0 60.0 60.0 
67.0 59.0 64.0 68.0 
60.0 59.0 60.0 59.0 
60.0 59.0 61.0 60.0 
61.0 60.0 61.0 61.0 
66.0 59.0 63.0 66.0 
60.0 59.0 59.0 59.0 
60.0 59.0 59.0 61.0 
61.0 60.0 60.0 61.0 
67.0 59.0 63.0 67.0 
59.0 59.0 59.0 60.0 
60.0 60.0 59.0 61.0 
61.0 59.0 60.0 60.0 
67.0 59.0 64.0 68.0 
60.0 58.0 59.0 60.0 
60.0 59.0 60.0 61.0 
61.0 60.0 60.0 60.0 
67.0 59.0 64.0 67.0 
59.0 59.0 59.0 59.0 
60.0 59.0 60.0 61.0 
60.0 60.0 60.0 60.0 
67.0 59.0 63.0 69.0 
60.0 58.0 60.0 59.0 
59.0 59.0 60.0 60.0 
61.0 60.0 60.0 61.0 
67.0 59.0 63.0 66.0 
59.0 59.0 60.0 59.0 
60.0 59.0 61.0 60.0 
61.0 60.0 61.0 60.0 
66.0 59.0 62.0 67.0 
60.0 59.0 60.0 60.0 
59.0 59.0 60.0 60.0 
61.0 60.0 60.0 61.0 
67.0 59.0 63.0 69.0 
60.0 58.0 59.0 59.0 
61.0 59.0 59.0 60.0 
62.0 59.0 61.0 60.0 
67.0 59.0 63.0 67.0 
60.0 58.0 59.0 60.0 
60.0 60.0 60.0 61.0 
61.0 60.0 60.0 60.0 
67.0 60.0 63.0 67.0 
60.0 59.0 59.0 59.0 
61.0 59.0 59.0 61.0 
61.0 60.0 60.0 60.0 
67.0 60.0 62.0 67.0 
60.0 59.0 59.0 59.0 
60.0 59.0 60.0 60.0 
60.0 60.0 61.0 60.0 
66.0 60.0 63.0 67.0 
60.0 58.0 59.0 59.0 
60.0 59.0 60.0 60.0 
60.0 60.0 60.0 60.0 
67.0 60.0 63.0 67.0 
60.0 59.0 59.0 59.0 
60.0 59.0 60.0 60.0 
60.0 60.0 60.0 60.0 
67.0 59.0 63.0 67.0 
59.0 59.0 59.0 60.0 
60.0 59.0 60.0 60.0 
60.0 60.0 60.0 60.0 
66.0 60.0 63.0 67.0 
59.0 59.0 60.0 59.0 
60.0 59.0 60.0 60.0 
62.0 60.0 61.0 61.0 
67.0 59.0 64.0 68.0 
59.0 59.0 59.0 59.0 
59.0 60.0 60.0 60.0 
61.0 60.0 60.0 60.0 
67.0 59.0 63.0 67.0 
60.0 59.0 59.0 59.0 
60.0 59.0 60.0 61.0 
61.0 60.0 60.0 61.0 
67.0 60.0 63.0 68.0 
60.0 59.0 60.0 59.0 
59.0 58.0 60.0 61.0 
61.0 60.0 60.0 60.0 
67.0 60.0 63.0 67.0 
59.0 59.0 59.0 60.0 
60.0 59.0 60.0 61.0 
60.0 60.0 60.0 60.0 
67.0 59.0 63.0 67.0 
60.0 59.0 59.0 60.0 
60.0 59.0 60.0 61.0 
60.0 59.0 60.0 61.0 
67.0 60.0 63.0 66.0 
60.0 58.0 59.0 59.0 
60.0 59.0 60.0 61.0 
61.0 60.0 60.0 60.0 
66.0 60.0 63.0 67.0 
60.0 59.0 59.0 59.0 
59.0 59.0 60.0 60.0 
60.0 60.0 60.0 61.0 
67.0 59.0 64.0 66.0 
59.0 59.0 60.0 60.0 
60.0 59.0 60.0 61.0 
60.0 60.0 60.0 61.0 
67.0 60.0 63.0 66.0 
59.0 59.0 59.0 60.0 
60.0 60.0 60.0 61.0 
61.0 60.0 60.0 61.0 
68.0 59.0 63.0 66.0 
59.0 59.0 59.0 59.0 
60.0 59.0 61.0 61.0 
61.0 60.0 60.0 60.0 
67.0 59.0 62.0 67.0 
60.0 59.0 60.0 59.0 
60.0 59.0 60.0 60.0 
61.0 60.0 60.0 60.0 
67.0 59.0 63.0 67.0 
59.0 59.0 59.0 60.0 
60.0 60.0 60.0 61.0 
61.0 60.0 60.0 60.0 
67.0 59.0 64.0 67.0 
60.0 59.0 60.0 59.0 
60.0 59.0 60.0 61.0 
61.0 60.0 60.0 60.0 
67.0 59.0 62.0 67.0 
60.0 59.0 59.0 59.0 
60.0 59.0 60.0 61.0 
61.0 60.0 60.0 60.0 
66.0 59.0 63.0 66.0 
59.0 59.0 59.0 59.0 
60.0 59.0 60.0 60.0 
60.0 60.0 60.0 61.0 
66.0 60.0 62.0 67.0 
59.0 57.0 60.0 60.0 
60.0 59.0 60.0 61.0 
60.0 60.0 60.0 61.0 
67.0 60.0 62.0 67.0 
60.0 59.0 59.0 60.0 
60.0 60.0 60.0 61.0 
61.0 59.0 60.0 60.0 
66.0 59.0 63.0 66.0 
60.0 59.0 59.0 60.0 
60.0 59.0 60.0 61.0 
60.0 59.0 60.0 60.0 
66.0 59.0 62.0 67.0 
60.0 58.0 59.0 59.0 
61.0 59.0 60.0 61.0 
61.0 60.0 60.0 60.0 
67.0 59.0 62.0 66.0 
60.0 58.0 60.0 59.0 
60.0 59.0 60.0 60.0 
61.0 60.0 61.0 60.0 
67.0 59.0 63.0 66.0 
60.0 58.0 59.0 59.0 
60.0 59.0 60.0 61.0 
61.0 60.0 60.0 60.0 
67.0 59.0 63.0 66.0 
60.0 59.0 59.0 60.0 
60.0 59.0 60.0 61.0 
60.0 60.0 61.0 60.0 
67.0 59.0 62.0 66.0 
60.0 59.0 59.0 59.0 
60.0 59.0 60.0 61.0 
61.0 60.0 60.0 60.0 
67.0 59.0 63.0 67.0 
60.0 58.0 59.0 59.0 
61.0 59.0 60.0 61.0 
61.0 60.0 60.0 60.0 
67.0 59.0 63.0 67.0 
59.0 58.0 59.0 60.0 
60.0 59.0 60.0 61.0 
61.0 59.0 60.0 60.0 
68.0 60.0 63.0 66.0 
60.0 59.0 59.0 59.0 
59.0 59.0 60.0 62.0 
61.0 60.0 60.0 61.0 
67.0 59.0 62.0 67.0 
60.0 58.0 60.0 59.0 
60.0 59.0 60.0 61.0 
61.0 60.0 61.0 60.0 
67.0 60.0 63.0 67.0 
60.0 59.0 60.0 60.0 
59.0 59.0 60.0 61.0 
61.0 59.0 61.0 61.0 
67.0 59.0 62.0 67.0 
60.0 59.0 60.0 60.0 
60.0 58.0 60.0 61.0 
61.0 60.0 60.0 60.0 
67.0 59.0 62.0 67.0 
60.0 58.0 60.0 60.0 
60.0 59.0 59.0 60.0 
60.0 60.0 60.0 61.0 
67.0 60.0 63.0 66.0 
60.0 59.0 59.0 60.0 
60.0 59.0 60.0 61.0 
61.0 60.0 60.0 61.0 
67.0 59.0 63.0 67.0 
59.0 59.0 60.0 59.0 
61.0 59.0 61.0 60.0 
61.0 60.0 61.0 61.0 
68.0 59.0 62.0 66.0 
60.0 58.0 59.0 60.0 
60.0 59.0 60.0 61.0 
61.0 59.0 61.0 60.0 
68.0 59.0 62.0 66.0 
60.0 59.0 59.0 59.0 
59.0 59.0 60.0 61.0 
61.0 60.0 60.0 60.0 
67.0 59.0 63.0 66.0 
60.0 58.0 60.0 59.0 
60.0 59.0 60.0 60.0 
60.0 60.0 60.0 60.0 
67.0 59.0 62.0 66.0 
60.0 59.0 59.0 60.0 
60.0 59.0 60.0 61.0 
61.0 60.0 60.0 60.0 
67.0 59.0 62.0 66.0 
59.0 59.0 60.0 59.0 
60.0 59.0 60.0 61.0 
61.0 60.0 61.0 60.0 
67.0 59.0 62.0 66.0 
60.0 59.0 59.0 60.0 
61.0 59.0 60.0 61.0 
61.0 60.0 60.0 60.0 
67.0 59.0 63.0 66.0 
60.0 58.0 59.0 60.0 
60.0 59.0 60.0 60.0 
62.0 59.0 59.0 60.0 
66.0 60.0 62.0 67.0 
60.0 58.0 59.0 59.0 
60.0 59.0 60.0 60.0 
61.0 60.0 61.0 60.0 
67.0 60.0 63.0 66.0 
60.0 59.0 59.0 59.0 
59.0 59.0 60.0 61.0 
61.0 60.0 60.0 60.0 
67.0 59.0 64.0 66.0 
60.0 59.0 59.0 59.0 
60.0 59.0 60.0 61.0 
61.0 61.0 60.0 61.0 
66.0 59.0 63.0 66.0 
59.0 59.0 59.0 59.0 
60.0 59.0 60.0 61.0 
60.0 60.0 60.0 60.0 
66.0 59.0 63.0 66.0 
60.0 58.0 59.0 60.0 
60.0 59.0 60.0 61.0 
61.0 60.0 60.0 61.0 
66.0 59.0 63.0 66.0 
60.0 58.0 59.0 60.0 
60.0 59.0 60.0 60.0 
61.0 60.0 60.0 60.0 
67.0 59.0 63.0 66.0 
60.0 59.0 59.0 60.0 
61.0 59.0 60.0 61.0 
61.0 60.0 61.0 61.0 
67.0 59.0 62.0 66.0 
60.0 58.0 60.0 60.0 
60.0 59.0 60.0 61.0 
61.0 60.0 60.0 60.0 
67.0 59.0 63.0 67.0 
60.0 59.0 60.0 60.0 
61.0 59.0 60.0 61.0 
61.0 60.0 60.0 60.0 
66.0 59.0 64.0 67.0 
60.0 59.0 59.0 60.0 
60.0 60.0 60.0 61.0 
61.0 60.0 60.0 60.0 
67.0 60.0 62.0 65.0 
59.0 59.0 59.0 58.0 
59.0 58.0 60.0 61.0 
61.0 60.0 61.0 61.0 
67.0 59.0 63.0 66.0 
59.0 58.0 59.0 58.0 
60.0 59.0 60.0 61.0 
61.0 59.0 60.0 60.0 
67.0 59.0 63.0 66.0 
60.0 59.0 59.0 60.0 
59.0 59.0 60.0 61.0 
61.0 60.0 60.0 61.0 
67.0 60.0 63.0 67.0 
59.0 59.0 60.0 60.0 
60.0 59.0 60.0 61.0 
61.0 60.0 60.0 61.0 
68.0 59.0 64.0 66.0 
59.0 59.0 60.0 60.0 
60.0 59.0 60.0 61.0 
61.0 60.0 60.0 60.0 
67.0 60.0 63.0 67.0 
60.0 58.0 59.0 60.0 
59.0 59.0 60.0 61.0 
61.0 60.0 60.0 61.0 
68.0 59.0 63.0 66.0 
60.0 59.0 59.0 59.0 
60.0 59.0 61.0 60.0 
61.0 59.0 61.0 60.0 
67.0 59.0 63.0 66.0 
60.0 59.0 59.0 59.0 
60.0 60.0 61.0 60.0 
60.0 60.0 60.0 60.0 
68.0 59.0 63.0 66.0 
59.0 58.0 59.0 60.0 
60.0 59.0 60.0 61.0 
61.0 60.0 60.0 61.0 
68.0 59.0 63.0 66.0 
60.0 59.0 59.0 60.0 
60.0 59.0 61.0 61.0 
61.0 60.0 60.0 60.0 
67.0 58.0 63.0 67.0 
59.0 59.0 59.0 60.0 
60.0 59.0 60.0 61.0 
60.0 60.0 60.0 60.0 
67.0 60.0 63.0 67.0 
59.0 59.0 60.0 60.0 
60.0 59.0 60.0 61.0 
60.0 60.0 60.0 60.0 
68.0 59.0 63.0 66.0 
60.0 59.0 60.0 59.0 
60.0 59.0 61.0 61.0 
61.0 60.0 60.0 60.0 
68.0 59.0 63.0 66.0 
59.0 59.0 59.0 60.0 
60.0 60.0 60.0 61.0 
61.0 60.0 60.0 60.0 
67.0 59.0 62.0 66.0 
60.0 59.0 58.0 59.0 
60.0 60.0 60.0 60.0 
60.0 59.0 60.0 60.0 
67.0 60.0 62.0 66.0 
59.0 59.0 60.0 59.0 
60.0 59.0 61.0 61.0 
61.0 60.0 61.0 60.0 
68.0 59.0 63.0 66.0 
59.0 58.0 59.0 59.0 
60.0 59.0 60.0 62.0 
60.0 59.0 60.0 60.0 
68.0 59.0 62.0 66.0 
60.0 59.0 59.0 59.0 
59.0 58.0 61.0 61.0 
60.0 60.0 60.0 60.0 
67.0 59.0 63.0 66.0 
59.0 59.0 59.0 60.0 
62.0 59.0 59.0 61.0 
61.0 60.0 60.0 61.0 
67.0 60.0 63.0 66.0 
59.0 59.0 59.0 59.0 
60.0 59.0 59.0 61.0 
60.0 59.0 61.0 61.0 
68.0 59.0 62.0 66.0 
60.0 59.0 60.0 59.0 
60.0 59.0 62.0 61.0 
61.0 60.0 60.0 60.0 
67.0 60.0 63.0 66.0 
60.0 59.0 59.0 60.0 
60.0 59.0 60.0 60.0 
61.0 59.0 60.0 60.0 
67.0 59.0 63.0 66.0 
59.0 58.0 59.0 60.0 
60.0 59.0 59.0 61.0 
60.0 60.0 61.0 61.0 
66.0 59.0 64.0 66.0 
59.0 59.0 59.0 59.0 
60.0 60.0 60.0 61.0 
62.0 60.0 59.0 60.0 
68.0 60.0 63.0 67.0 
60.0 58.0 59.0 59.0 
60.0 59.0 60.0 61.0 
62.0 60.0 61.0 60.0 
67.0 59.0 63.0 66.0 
59.0 59.0 60.0 59.0 
60.0 59.0 60.0 60.0 
60.0 59.0 60.0 60.0 
67.0 59.0 63.0 67.0 
60.0 58.0 60.0 60.0 
60.0 59.0 60.0 61.0 
61.0 60.0 60.0 60.0 
68.0 59.0 63.0 66.0 
60.0 58.0 59.0 59.0 
60.0 59.0 60.0 61.0 
61.0 60.0 59.0 60.0 
67.0 60.0 64.0 66.0 
60.0 59.0 58.0 59.0 
60.0 59.0 60.0 61.0 
61.0 59.0 60.0 60.0 
67.0 60.0 63.0 67.0 
59.0 58.0 59.0 60.0 
60.0 60.0 60.0 61.0 
61.0 60.0 61.0 60.0 
67.0 59.0 63.0 66.0 
60.0 59.0 59.0 60.0 
60.0 59.0 60.0 61.0 
61.0 60.0 60.0 60.0 
67.0 60.0 63.0 66.0 
59.0 59.0 60.0 60.0 
60.0 60.0 60.0 61.0 
61.0 60.0 60.0 60.0 
68.0 59.0 63.0 67.0 
60.0 58.0 59.0 59.0 
59.0 60.0 60.0 61.0 
61.0 60.0 60.0 60.0 
68.0 59.0 63.0 67.0 
60.0 59.0 60.0 59.0 
60.0 61.0 61.0 61.0 
61.0 60.0 60.0 60.0 
68.0 59.0 63.0 67.0 
60.0 58.0 59.0 60.0 
59.0 58.0 61.0 61.0 
61.0 58.0 60.0 60.0 
68.0 59.0 63.0 67.0 
59.0 59.0 60.0 59.0 
59.0 59.0 60.0 61.0 
60.0 59.0 61.0 60.0 
68.0 60.0 63.0 67.0 
59.0 59.0 59.0 59.0 
60.0 60.0 60.0 61.0 
61.0 60.0 61.0 60.0 
69.0 59.0 63.0 66.0 
59.0 59.0 59.0 60.0 
60.0 59.0 62.0 61.0 
61.0 60.0 59.0 61.0 
68.0 60.0 62.0 67.0 
60.0 59.0 59.0 59.0 
60.0 59.0 60.0 61.0 
60.0 60.0 60.0 60.0 
68.0 59.0 63.0 67.0 
59.0 58.0 59.0 60.0 
59.0 60.0 60.0 61.0 
61.0 60.0 62.0 60.0 
69.0 59.0 63.0 67.0 
60.0 59.0 59.0 59.0 
60.0 59.0 61.0 61.0 
61.0 60.0 59.0 60.0 
68.0 58.0 62.0 67.0 
60.0 58.0 59.0 60.0 
60.0 58.0 61.0 61.0 
60.0 60.0 60.0 61.0 
68.0 59.0 63.0 67.0 
60.0 59.0 59.0 59.0 
61.0 59.0 61.0 61.0 
60.0 60.0 60.0 60.0 
69.0 59.0 63.0 66.0 
59.0 58.0 60.0 59.0 
60.0 59.0 61.0 60.0 
61.0 60.0 60.0 61.0 
70.0 59.0 63.0 67.0 
60.0 58.0 59.0 60.0 
60.0 60.0 60.0 61.0 
61.0 60.0 60.0 60.0 
69.0 59.0 63.0 67.0 
59.0 59.0 59.0 59.0 
60.0 59.0 60.0 61.0 
60.0 59.0 60.0 61.0 
69.0 60.0 62.0 67.0 
60.0 58.0 60.0 59.0 
59.0 59.0 60.0 61.0 
61.0 60.0 61.0 60.0 
69.0 59.0 63.0 67.0 
59.0 59.0 59.0 60.0 
60.0 59.0 61.0 60.0 
60.0 60.0 60.0 60.0 
70.0 59.0 63.0 67.0 
59.0 59.0 59.0 59.0 
60.0 59.0 61.0 61.0 
61.0 60.0 60.0 60.0 
70.0 59.0 63.0 67.0 
59.0 58.0 59.0 59.0 
60.0 59.0 61.0 61.0 
61.0 60.0 60.0 60.0 
70.0 60.0 63.0 67.0 
59.0 59.0 59.0 60.0 
60.0 59.0 60.0 61.0 
61.0 60.0 60.0 60.0 
69.0 60.0 63.0 67.0 
59.0 59.0 59.0 60.0 
60.0 60.0 61.0 61.0 
61.0 60.0 61.0 60.0 
69.0 59.0 62.0 67.0 
59.0 58.0 59.0 59.0 
60.0 59.0 60.0 61.0 
61.0 60.0 60.0 60.0 
70.0 60.0 63.0 67.0 
60.0 59.0 60.0 60.0 
60.0 59.0 60.0 61.0 
60.0 60.0 61.0 60.0 
70.0 60.0 63.0 67.0 
60.0 59.0 59.0 59.0 
60.0 59.0 60.0 61.0 
61.0 60.0 61.0 60.0 
70.0 60.0 63.0 67.0 
60.0 58.0 60.0 59.0 
60.0 59.0 61.0 60.0 
61.0 60.0 60.0 61.0 
70.0 60.0 62.0 69.0 
60.0 59.0 59.0 60.0 
60.0 59.0 60.0 60.0 
61.0 60.0 61.0 60.0 
70.0 60.0 63.0 67.0 
60.0 58.0 59.0 60.0 
60.0 59.0 61.0 61.0 
61.0 60.0 61.0 60.0 
70.0 60.0 63.0 67.0 
59.0 59.0 60.0 59.0 
59.0 58.0 61.0 61.0 
61.0 60.0 60.0 60.0 
69.0 59.0 63.0 67.0 
60.0 58.0 59.0 59.0 
60.0 59.0 61.0 61.0 
61.0 60.0 59.0 61.0 
69.0 60.0 63.0 67.0 
60.0 58.0 58.0 59.0 
59.0 59.0 61.0 61.0 
60.0 60.0 60.0 60.0 
70.0 59.0 63.0 67.0 
60.0 58.0 59.0 60.0 
60.0 59.0 60.0 61.0 
61.0 60.0 60.0 60.0 
69.0 59.0 63.0 67.0 
59.0 59.0 59.0 59.0 
60.0 59.0 60.0 60.0 
61.0 60.0 60.0 60.0 
70.0 59.0 63.0 67.0 
59.0 58.0 59.0 60.0 
60.0 59.0 61.0 61.0 
61.0 60.0 60.0 60.0 
70.0 60.0 64.0 67.0 
60.0 59.0 59.0 59.0 
60.0 59.0 62.0 60.0 
60.0 60.0 60.0 60.0 
69.0 60.0 63.0 67.0 
60.0 58.0 59.0 59.0 
60.0 60.0 60.0 61.0 
60.0 60.0 61.0 61.0 
69.0 59.0 63.0 67.0 
60.0 59.0 60.0 59.0 
60.0 59.0 61.0 61.0 
61.0 60.0 60.0 60.0 
70.0 59.0 63.0 67.0 
60.0 59.0 60.0 60.0 
61.0 59.0 60.0 61.0 
60.0 60.0 60.0 60.0 
69.0 59.0 64.0 67.0 
59.0 58.0 59.0 60.0 
60.0 59.0 61.0 61.0 
61.0 60.0 60.0 60.0 
70.0 59.0 63.0 67.0 
59.0 59.0 59.0 60.0 
60.0 60.0 61.0 60.0 
60.0 59.0 59.0 61.0 
70.0 60.0 63.0 67.0 
60.0 58.0 59.0 59.0 
60.0 59.0 60.0 61.0 
61.0 60.0 61.0 60.0 
69.0 60.0 64.0 67.0 
59.0 59.0 60.0 60.0 
60.0 60.0 60.0 61.0 
61.0 60.0 60.0 60.0 
70.0 60.0 63.0 66.0 
59.0 58.0 59.0 60.0 
60.0 59.0 61.0 61.0 
61.0 60.0 61.0 61.0 
70.0 59.0 63.0 66.0 
59.0 58.0 59.0 60.0 
60.0 59.0 60.0 61.0 
61.0 60.0 60.0 60.0 
69.0 59.0 63.0 66.0 
60.0 59.0 59.0 59.0 
60.0 59.0 61.0 61.0 
61.0 59.0 61.0 60.0 
69.0 59.0 63.0 66.0 
60.0 59.0 59.0 59.0 
60.0 59.0 61.0 61.0 
61.0 59.0 60.0 61.0 
70.0 60.0 63.0 67.0 
60.0 58.0 59.0 59.0 
60.0 59.0 61.0 61.0 
60.0 60.0 60.0 60.0 
69.0 60.0 63.0 66.0 
60.0 59.0 59.0 60.0 
60.0 59.0 60.0 61.0 
61.0 60.0 61.0 60.0 
69.0 59.0 63.0 66.0 
59.0 59.0 59.0 59.0 
61.0 59.0 61.0 60.0 
61.0 60.0 60.0 60.0 
69.0 59.0 63.0 66.0 
60.0 59.0 59.0 60.0 
60.0 60.0 60.0 61.0 
61.0 59.0 60.0 59.0 
70.0 59.0 62.0 67.0 
60.0 58.0 59.0 60.0 
60.0 59.0 60.0 61.0 
61.0 60.0 60.0 61.0 
70.0 59.0 63.0 66.0 
59.0 58.0 59.0 60.0 
59.0 59.0 60.0 60.0 
61.0 59.0 60.0 60.0 
70.0 59.0 64.0 66.0 
60.0 59.0 59.0 59.0 
59.0 59.0 60.0 61.0 
61.0 60.0 60.0 61.0 
69.0 60.0 63.0 67.0 
60.0 59.0 59.0 59.0 
60.0 59.0 61.0 61.0 
61.0 60.0 61.0 60.0 
70.0 60.0 62.0 67.0 
60.0 59.0 60.0 59.0 
60.0 59.0 60.0 61.0 
60.0 60.0 61.0 61.0 
70.0 59.0 63.0 67.0 
59.0 58.0 59.0 59.0 
60.0 59.0 60.0 61.0 
61.0 60.0 60.0 60.0 
70.0 59.0 63.0 66.0 
59.0 59.0 59.0 59.0 
60.0 60.0 61.0 61.0 
61.0 59.0 60.0 60.0 
70.0 60.0 63.0 66.0 
60.0 58.0 59.0 58.0 
60.0 60.0 60.0 61.0 
60.0 60.0 60.0 60.0 
70.0 60.0 63.0 67.0 
59.0 59.0 59.0 60.0 
60.0 59.0 61.0 60.0 
61.0 59.0 61.0 60.0 
70.0 60.0 63.0 67.0 
60.0 59.0 59.0 59.0 
60.0 59.0 60.0 61.0 
62.0 60.0 61.0 60.0 
71.0 59.0 63.0 66.0 
59.0 58.0 59.0 60.0 
60.0 60.0 60.0 61.0 
61.0 60.0 60.0 60.0 
70.0 59.0 63.0 67.0 
60.0 59.0 59.0 60.0 
60.0 59.0 60.0 61.0 
61.0 59.0 60.0 60.0 
71.0 59.0 63.0 66.0 
59.0 58.0 59.0 60.0 
60.0 59.0 61.0 61.0 
60.0 60.0 59.0 60.0 
71.0 59.0 62.0 67.0 
59.0 59.0 60.0 60.0 
60.0 59.0 60.0 61.0 
61.0 60.0 60.0 61.0 
72.0 59.0 63.0 67.0 
59.0 58.0 59.0 60.0 
60.0 60.0 60.0 62.0 
61.0 59.0 61.0 60.0 
71.0 59.0 63.0 66.0 
59.0 59.0 60.0 60.0 
60.0 60.0 60.0 61.0 
61.0 59.0 61.0 60.0 
71.0 60.0 63.0 66.0 
59.0 59.0 59.0 59.0 
60.0 59.0 61.0 61.0 
61.0 59.0 61.0 60.0 
70.0 59.0 63.0 66.0 
60.0 59.0 59.0 60.0 
60.0 59.0 61.0 61.0 
61.0 60.0 60.0 60.0 
70.0 59.0 63.0 66.0 
59.0 59.0 60.0 59.0 
60.0 59.0 60.0 61.0 
60.0 60.0 60.0 60.0 
69.0 60.0 62.0 67.0 
60.0 59.0 59.0 60.0 
60.0 59.0 60.0 61.0 
60.0 60.0 60.0 61.0 
70.0 60.0 63.0 66.0 
59.0 59.0 60.0 60.0 
60.0 59.0 61.0 61.0 
61.0 60.0 60.0 60.0 
69.0 59.0 63.0 66.0 
60.0 59.0 60.0 60.0 
60.0 59.0 60.0 61.0 
61.0 60.0 60.0 60.0 
70.0 60.0 63.0 66.0 
60.0 58.0 59.0 59.0 
60.0 59.0 60.0 61.0 
61.0 60.0 61.0 61.0 
69.0 59.0 62.0 66.0 
60.0 60.0 59.0 60.0 
60.0 60.0 60.0 61.0 
62.0 60.0 60.0 61.0 
69.0 60.0 63.0 66.0 
60.0 58.0 59.0 60.0 
60.0 59.0 61.0 61.0 
61.0 59.0 61.0 60.0 
69.0 59.0 62.0 66.0 
59.0 59.0 60.0 59.0 
60.0 59.0 61.0 61.0 
61.0 60.0 60.0 60.0 
69.0 60.0 63.0 66.0 
59.0 59.0 59.0 59.0 
61.0 60.0 60.0 61.0 
61.0 60.0 60.0 60.0 
69.0 59.0 63.0 66.0 
60.0 59.0 59.0 60.0 
60.0 59.0 61.0 61.0 
61.0 60.0 60.0 61.0 
69.0 59.0 63.0 66.0 
59.0 59.0 59.0 59.0 
60.0 58.0 60.0 62.0 
61.0 60.0 60.0 60.0 
70.0 60.0 63.0 66.0 
59.0 59.0 59.0 60.0 
61.0 59.0 60.0 61.0 
61.0 60.0 61.0 61.0 
70.0 60.0 63.0 66.0 
60.0 59.0 60.0 59.0 
60.0 60.0 60.0 60.0 
61.0 60.0 60.0 61.0 
69.0 59.0 63.0 66.0 
60.0 59.0 60.0 59.0 
60.0 60.0 61.0 61.0 
61.0 59.0 61.0 60.0 
70.0 59.0 63.0 66.0 
60.0 59.0 59.0 59.0 
60.0 59.0 60.0 61.0 
61.0 60.0 60.0 60.0 
69.0 59.0 63.0 66.0 
59.0 59.0 59.0 59.0 
60.0 60.0 60.0 61.0 
60.0 60.0 60.0 61.0 
70.0 59.0 63.0 67.0 
60.0 58.0 60.0 59.0 
59.0 59.0 61.0 61.0 
61.0 60.0 60.0 60.0 
70.0 59.0 63.0 67.0 
58.0 58.0 59.0 59.0 
60.0 59.0 60.0 61.0 
61.0 60.0 60.0 60.0 
70.0 60.0 63.0 66.0 
59.0 58.0 59.0 59.0 
60.0 59.0 61.0 61.0 
61.0 60.0 60.0 60.0 
70.0 59.0 63.0 66.0 
59.0 58.0 60.0 59.0 
59.0 58.0 60.0 61.0 
60.0 60.0 60.0 60.0 
70.0 59.0 63.0 67.0 
60.0 58.0 59.0 59.0 
60.0 59.0 60.0 61.0 
60.0 60.0 60.0 60.0 
70.0 59.0 63.0 66.0 
59.0 58.0 59.0 60.0 
59.0 60.0 60.0 61.0 
61.0 61.0 60.0 60.0 
71.0 60.0 63.0 67.0 
60.0 59.0 59.0 60.0 
60.0 58.0 61.0 60.0 
62.0 60.0 60.0 60.0 
71.0 59.0 63.0 67.0 
59.0 59.0 60.0 60.0 
60.0 59.0 61.0 60.0 
60.0 59.0 60.0 60.0 
71.0 59.0 63.0 67.0 
59.0 59.0 59.0 59.0 
60.0 58.0 61.0 61.0 
61.0 59.0 60.0 60.0 
71.0 60.0 63.0 67.0 
59.0 59.0 59.0 60.0 
60.0 59.0 60.0 61.0 
61.0 60.0 60.0 61.0 
70.0 59.0 63.0 67.0 
60.0 59.0 59.0 59.0 
60.0 59.0 60.0 61.0 
62.0 60.0 60.0 61.0 
71.0 59.0 63.0 67.0 
60.0 59.0 59.0 59.0 
60.0 59.0 60.0 60.0 
60.0 60.0 61.0 60.0 
71.0 59.0 63.0 66.0 
60.0 59.0 59.0 60.0 
60.0 59.0 60.0 61.0 
60.0 60.0 60.0 60.0 
71.0 59.0 63.0 66.0 
59.0 59.0 59.0 59.0 
60.0 60.0 61.0 61.0 
61.0 59.0 59.0 60.0 
71.0 60.0 63.0 66.0 
60.0 58.0 59.0 60.0 
60.0 59.0 61.0 61.0 
61.0 60.0 61.0 60.0 
70.0 59.0 62.0 67.0 
60.0 58.0 60.0 59.0 
60.0 59.0 60.0 62.0 
61.0 60.0 60.0 60.0 
71.0 59.0 63.0 66.0 
60.0 60.0 59.0 60.0 
60.0 59.0 60.0 61.0 
61.0 60.0 60.0 60.0 
70.0 59.0 63.0 67.0 
59.0 59.0 59.0 59.0 
60.0 59.0 59.0 60.0 
60.0 60.0 60.0 60.0 
71.0 59.0 64.0 66.0 
60.0 59.0 59.0 59.0 
60.0 60.0 60.0 61.0 
60.0 60.0 60.0 60.0 
71.0 60.0 63.0 66.0 
59.0 59.0 58.0 60.0 
60.0 59.0 60.0 61.0 
61.0 60.0 61.0 60.0 
70.0 60.0 63.0 67.0 
57.0 59.0 60.0 59.0 
60.0 60.0 61.0 61.0 
61.0 59.0 61.0 60.0 
71.0 58.0 63.0 67.0 
59.0 58.0 60.0 60.0 
59.0 61.0 60.0 61.0 
60.0 60.0 60.0 60.0 
71.0 59.0 62.0 66.0 
60.0 59.0 59.0 59.0 
60.0 59.0 60.0 61.0 
61.0 60.0 61.0 60.0 
70.0 59.0 63.0 66.0 
60.0 59.0 59.0 60.0 
60.0 59.0 60.0 61.0 
60.0 60.0 60.0 60.0 
71.0 60.0 63.0 67.0 
59.0 60.0 59.0 60.0 
60.0 59.0 61.0 61.0 
61.0 60.0 60.0 61.0 
71.0 59.0 62.0 66.0 
59.0 58.0 59.0 59.0 
60.0 59.0 61.0 60.0 
60.0 60.0 60.0 60.0 
70.0 59.0 63.0 66.0 
60.0 59.0 59.0 59.0 
61.0 59.0 61.0 61.0 
61.0 60.0 60.0 61.0 
70.0 59.0 63.0 67.0 
60.0 59.0 60.0 59.0 
61.0 59.0 60.0 60.0 
61.0 60.0 60.0 60.0 
70.0 59.0 63.0 67.0 
60.0 59.0 60.0 61.0 
60.0 59.0 60.0 61.0 
61.0 60.0 60.0 61.0 
70.0 59.0 63.0 66.0 
60.0 59.0 59.0 59.0 
60.0 60.0 60.0 61.0 
61.0 61.0 60.0 61.0 
70.0 59.0 63.0 67.0 
60.0 59.0 59.0 59.0 
60.0 59.0 60.0 61.0 
61.0 60.0 60.0 60.0 
70.0 59.0 63.0 66.0 
60.0 59.0 59.0 59.0 
59.0 59.0 61.0 60.0 
61.0 60.0 60.0 60.0 
71.0 59.0 63.0 67.0 
59.0 59.0 59.0 60.0 
60.0 59.0 60.0 61.0 
61.0 59.0 60.0 60.0 
70.0 60.0 63.0 67.0 
59.0 58.0 59.0 60.0 
59.0 59.0 61.0 61.0 
61.0 60.0 60.0 61.0 
71.0 59.0 63.0 67.0 
60.0 57.0 59.0 60.0 
60.0 58.0 60.0 61.0 
61.0 60.0 61.0 60.0 
70.0 59.0 63.0 66.0 
59.0 59.0 59.0 59.0 
60.0 59.0 60.0 61.0 
61.0 60.0 60.0 61.0 
70.0 60.0 63.0 67.0 
60.0 59.0 59.0 60.0 
60.0 59.0 61.0 61.0 
61.0 60.0 61.0 60.0 
70.0 60.0 63.0 67.0 
59.0 59.0 59.0 60.0 
59.0 59.0 61.0 61.0 
61.0 60.0 60.0 60.0 
72.0 59.0 64.0 68.0 
59.0 58.0 59.0 59.0 
59.0 59.0 60.0 61.0 
61.0 60.0 61.0 60.0 
70.0 59.0 64.0 67.0 
59.0 59.0 59.0 59.0 
59.0 59.0 60.0 61.0 
61.0 60.0 60.0 60.0 
71.0 59.0 63.0 68.0 
60.0 59.0 59.0 59.0 
60.0 59.0 60.0 61.0 
61.0 59.0 60.0 61.0 
70.0 59.0 64.0 67.0 
59.0 59.0 59.0 59.0 
60.0 59.0 60.0 61.0 
60.0 60.0 60.0 60.0 
70.0 59.0 64.0 67.0 
59.0 59.0 59.0 60.0 
60.0 59.0 61.0 61.0 
61.0 60.0 59.0 60.0 
70.0 59.0 62.0 66.0 
60.0 58.0 59.0 60.0 
60.0 60.0 60.0 61.0 
60.0 60.0 60.0 61.0 
71.0 59.0 64.0 67.0 
59.0 59.0 59.0 60.0 
60.0 59.0 60.0 61.0 
61.0 60.0 60.0 60.0 
70.0 58.0 63.0 67.0 
59.0 59.0 59.0 59.0 
60.0 59.0 61.0 61.0 
61.0 60.0 60.0 60.0 
70.0 59.0 63.0 66.0 
60.0 59.0 59.0 60.0 
60.0 58.0 61.0 61.0 
61.0 59.0 60.0 60.0 
70.0 59.0 63.0 67.0 
59.0 59.0 59.0 59.0 
60.0 60.0 60.0 61.0 
60.0 60.0 60.0 61.0 
71.0 59.0 63.0 66.0 
59.0 59.0 59.0 59.0 
61.0 59.0 60.0 61.0 
61.0 60.0 60.0 60.0 
70.0 59.0 62.0 67.0 
59.0 58.0 60.0 59.0 
60.0 61.0 60.0 61.0 
61.0 60.0 60.0 61.0 
71.0 60.0 64.0 67.0 
59.0 58.0 59.0 59.0 
60.0 59.0 60.0 61.0 
61.0 60.0 60.0 60.0 
70.0 59.0 63.0 66.0 
59.0 59.0 59.0 59.0 
59.0 59.0 60.0 61.0 
61.0 60.0 60.0 61.0 
70.0 59.0 63.0 66.0 
59.0 60.0 59.0 60.0 
60.0 59.0 61.0 61.0 
61.0 60.0 60.0 60.0 
69.0 59.0 64.0 66.0 
60.0 58.0 59.0 60.0 
60.0 59.0 61.0 61.0 
61.0 60.0 61.0 60.0 
70.0 59.0 63.0 67.0 
59.0 58.0 59.0 60.0 
59.0 60.0 60.0 61.0 
61.0 59.0 61.0 60.0 
69.0 59.0 63.0 67.0 
59.0 59.0 59.0 60.0 
61.0 59.0 60.0 61.0 
60.0 59.0 60.0 60.0 
69.0 59.0 62.0 66.0 
60.0 58.0 59.0 59.0 
60.0 59.0 60.0 61.0 
61.0 59.0 59.0 60.0 
69.0 60.0 63.0 67.0 
60.0 58.0 59.0 60.0 
59.0 59.0 61.0 61.0 
61.0 60.0 60.0 61.0 
68.0 59.0 63.0 66.0 
59.0 59.0 59.0 60.0 
60.0 59.0 60.0 61.0 
61.0 60.0 60.0 60.0 
70.0 59.0 63.0 66.0 
60.0 59.0 59.0 59.0 
59.0 59.0 60.0 61.0 
61.0 60.0 60.0 61.0 
69.0 60.0 63.0 66.0 
60.0 59.0 59.0 59.0 
60.0 59.0 61.0 61.0 
61.0 60.0 61.0 61.0 
70.0 59.0 63.0 67.0 
60.0 58.0 60.0 59.0 
60.0 59.0 60.0 61.0 
61.0 60.0 61.0 60.0 
70.0 59.0 63.0 67.0 
60.0 58.0 60.0 59.0 
61.0 59.0 61.0 61.0 
60.0 60.0 60.0 61.0 
70.0 60.0 63.0 66.0 
60.0 58.0 59.0 59.0 
60.0 59.0 61.0 60.0 
61.0 60.0 61.0 60.0 
70.0 60.0 63.0 67.0 
59.0 59.0 59.0 59.0 
59.0 60.0 60.0 61.0 
61.0 60.0 60.0 60.0 
69.0 59.0 63.0 66.0 
59.0 59.0 58.0 59.0 
60.0 59.0 61.0 61.0 
60.0 60.0 60.0 61.0 
69.0 60.0 63.0 67.0 
60.0 59.0 59.0 60.0 
60.0 59.0 61.0 61.0 
61.0 60.0 61.0 60.0 
70.0 59.0 63.0 67.0 
60.0 59.0 59.0 59.0 
60.0 59.0 60.0 61.0 
61.0 60.0 60.0 61.0 
69.0 59.0 63.0 67.0 
60.0 59.0 59.0 59.0 
60.0 59.0 61.0 60.0 
60.0 60.0 61.0 60.0 
70.0 60.0 64.0 68.0 
60.0 58.0 59.0 59.0 
60.0 61.0 60.0 61.0 
61.0 59.0 60.0 60.0 
71.0 59.0 64.0 68.0 
59.0 59.0 59.0 59.0 
59.0 59.0 61.0 61.0 
61.0 59.0 60.0 60.0 
70.0 59.0 64.0 69.0 
59.0 59.0 59.0 59.0 
59.0 59.0 60.0 61.0 
61.0 60.0 59.0 60.0 
70.0 59.0 64.0 68.0 
60.0 59.0 59.0 59.0 
60.0 59.0 60.0 61.0 
60.0 60.0 60.0 60.0 
70.0 59.0 64.0 68.0 
60.0 59.0 59.0 59.0 
60.0 59.0 60.0 61.0 
60.0 60.0 60.0 60.0 
70.0 60.0 64.0 68.0 
59.0 59.0 59.0 59.0 
60.0 59.0 61.0 60.0 
60.0 59.0 60.0 59.0 
70.0 59.0 65.0 68.0 
60.0 59.0 59.0 59.0 
60.0 59.0 61.0 61.0 
60.0 60.0 60.0 60.0 
71.0 60.0 64.0 68.0 
60.0 58.0 59.0 59.0 
60.0 59.0 60.0 61.0 
60.0 60.0 60.0 60.0 
70.0 59.0 64.0 68.0 
61.0 59.0 59.0 59.0 
59.0 59.0 60.0 60.0 
60.0 60.0 61.0 60.0 
71.0 59.0 64.0 68.0 
59.0 59.0 59.0 59.0 
60.0 59.0 60.0 61.0 
61.0 59.0 60.0 61.0 
71.0 59.0 64.0 68.0 
60.0 59.0 58.0 59.0 
60.0 59.0 60.0 60.0 
61.0 60.0 60.0 60.0 
69.0 60.0 64.0 68.0 
59.0 59.0 59.0 61.0 
60.0 59.0 61.0 61.0 
61.0 60.0 61.0 61.0 
70.0 58.0 63.0 67.0 
59.0 58.0 59.0 60.0 
60.0 59.0 61.0 61.0 
61.0 60.0 60.0 60.0 
69.0 59.0 63.0 67.0 
60.0 59.0 59.0 59.0 
60.0 58.0 61.0 61.0 
61.0 60.0 60.0 61.0 
70.0 60.0 63.0 67.0 
59.0 59.0 60.0 59.0 
60.0 59.0 62.0 61.0 
60.0 60.0 60.0 61.0 
70.0 59.0 64.0 67.0 
59.0 59.0 60.0 60.0 
60.0 59.0 59.0 61.0 
60.0 59.0 60.0 61.0 
71.0 60.0 62.0 67.0 
60.0 58.0 59.0 59.0 
60.0 60.0 60.0 61.0 
61.0 60.0 60.0 60.0 
69.0 59.0 63.0 67.0 
59.0 59.0 59.0 59.0 
60.0 58.0 60.0 61.0 
62.0 59.0 60.0 60.0 
70.0 59.0 64.0 67.0 
60.0 58.0 60.0 59.0 
60.0 59.0 61.0 60.0 
61.0 60.0 60.0 60.0 
70.0 59.0 63.0 67.0 
59.0 59.0 59.0 59.0 
60.0 59.0 60.0 61.0 
60.0 60.0 60.0 60.0 
70.0 59.0 63.0 67.0 
60.0 58.0 59.0 59.0 
61.0 59.0 60.0 61.0 
61.0 60.0 60.0 60.0 
70.0 59.0 62.0 66.0 
59.0 59.0 59.0 59.0 
60.0 59.0 61.0 61.0 
60.0 60.0 60.0 60.0 
69.0 59.0 63.0 67.0 
60.0 58.0 59.0 59.0 
60.0 59.0 60.0 61.0 
61.0 60.0 60.0 60.0 
70.0 59.0 64.0 66.0 
59.0 59.0 59.0 59.0 
61.0 59.0 60.0 61.0 
61.0 60.0 61.0 60.0 
70.0 59.0 63.0 67.0 
59.0 59.0 60.0 60.0 
60.0 60.0 61.0 61.0 
60.0 60.0 59.0 61.0 
71.0 59.0 63.0 67.0 
60.0 59.0 59.0 59.0 
60.0 59.0 60.0 61.0 
61.0 59.0 60.0 60.0 
71.0 60.0 63.0 67.0 
60.0 58.0 60.0 59.0 
60.0 59.0 60.0 61.0 
60.0 60.0 60.0 60.0 
70.0 59.0 63.0 66.0 
59.0 59.0 59.0 60.0 
60.0 59.0 60.0 61.0 
60.0 60.0 60.0 60.0 
70.0 59.0 64.0 67.0 
59.0 58.0 59.0 59.0 
60.0 59.0 60.0 61.0 
60.0 60.0 60.0 60.0 
70.0 60.0 63.0 67.0 
60.0 58.0 60.0 59.0 
59.0 59.0 60.0 61.0 
61.0 60.0 60.0 61.0 
70.0 60.0 64.0 67.0 
60.0 59.0 59.0 60.0 
60.0 59.0 60.0 60.0 
60.0 60.0 60.0 60.0 
70.0 59.0 64.0 67.0 
59.0 59.0 59.0 59.0 
60.0 59.0 60.0 61.0 
61.0 59.0 60.0 60.0 
71.0 59.0 64.0 68.0 
59.0 59.0 60.0 60.0 
60.0 60.0 60.0 61.0 
61.0 60.0 60.0 60.0 
71.0 59.0 64.0 68.0 
59.0 58.0 59.0 59.0 
60.0 59.0 60.0 60.0 
60.0 59.0 60.0 60.0 
71.0 59.0 65.0 69.0 
60.0 59.0 58.0 59.0 
60.0 59.0 60.0 60.0 
61.0 60.0 60.0 60.0 
70.0 59.0 65.0 68.0 
59.0 58.0 59.0 59.0 
61.0 59.0 60.0 61.0 
61.0 60.0 60.0 60.0 
71.0 60.0 65.0 69.0 
59.0 59.0 59.0 59.0 
61.0 59.0 61.0 61.0 
61.0 60.0 60.0 60.0 
71.0 60.0 65.0 68.0 
59.0 59.0 59.0 59.0 
59.0 59.0 60.0 61.0 
60.0 60.0 60.0 60.0 
70.0 60.0 65.0 69.0 
59.0 59.0 58.0 59.0 
60.0 59.0 61.0 61.0 
61.0 60.0 60.0 60.0 
70.0 59.0 64.0 68.0 
59.0 59.0 59.0 59.0 
60.0 59.0 61.0 61.0 
61.0 60.0 59.0 60.0 
70.0 59.0 65.0 69.0 
59.0 58.0 59.0 59.0 
60.0 60.0 60.0 61.0 
61.0 60.0 61.0 60.0 
70.0 60.0 64.0 69.0 
60.0 59.0 60.0 60.0 
60.0 59.0 60.0 61.0 
60.0 60.0 60.0 59.0 
70.0 59.0 65.0 68.0 
58.0 58.0 59.0 59.0 
60.0 59.0 60.0 61.0 
60.0 60.0 60.0 60.0 
71.0 58.0 65.0 69.0 
60.0 59.0 59.0 59.0 
60.0 58.0 60.0 61.0 
61.0 60.0 60.0 60.0 
71.0 60.0 65.0 69.0 
59.0 59.0 59.0 60.0 
60.0 59.0 60.0 61.0 
61.0 59.0 61.0 60.0 
71.0 60.0 64.0 68.0 
59.0 59.0 59.0 59.0 
60.0 59.0 60.0 60.0 
61.0 60.0 60.0 60.0 
71.0 59.0 65.0 70.0 
59.0 59.0 59.0 59.0 
60.0 59.0 60.0 61.0 
60.0 60.0 60.0 60.0 
71.0 59.0 65.0 68.0 
60.0 58.0 58.0 59.0 
59.0 58.0 60.0 61.0 
61.0 60.0 60.0 60.0 
70.0 60.0 64.0 69.0 
59.0 59.0 59.0 59.0 
60.0 59.0 60.0 60.0 
61.0 60.0 60.0 60.0 
71.0 60.0 64.0 68.0 
59.0 59.0 59.0 60.0 
59.0 59.0 61.0 60.0 
61.0 60.0 60.0 60.0 
71.0 59.0 65.0 68.0 
59.0 58.0 59.0 59.0 
60.0 58.0 60.0 61.0 
60.0 60.0 60.0 60.0 
71.0 59.0 65.0 68.0 
59.0 58.0 59.0 59.0 
60.0 59.0 60.0 61.0 
