110.0 58.0 95.0 79.0 
58.0 57.0 58.0 59.0 
59.0 58.0 60.0 62.0 
57.0 59.0 57.0 59.0 
110.0 59.0 95.0 77.0 
57.0 57.0 59.0 59.0 
59.0 58.0 61.0 62.0 
58.0 59.0 57.0 59.0 
111.0 58.0 95.0 77.0 
58.0 58.0 59.0 59.0 
59.0 57.0 59.0 62.0 
58.0 58.0 58.0 58.0 
110.0 58.0 96.0 78.0 
58.0 56.0 59.0 59.0 
58.0 59.0 61.0 63.0 
58.0 58.0 58.0 59.0 
112.0 58.0 95.0 77.0 
58.0 57.0 60.0 59.0 
59.0 58.0 61.0 62.0 
58.0 59.0 59.0 59.0 
110.0 58.0 96.0 77.0 
58.0 57.0 59.0 59.0 
59.0 58.0 61.0 62.0 
58.0 58.0 58.0 59.0 
108.0 59.0 95.0 78.0 
58.0 57.0 59.0 59.0 
60.0 58.0 62.0 63.0 
58.0 58.0 58.0 59.0 
110.0 58.0 95.0 77.0 
58.0 58.0 59.0 60.0 
59.0 59.0 61.0 63.0 
58.0 58.0 58.0 60.0 
109.0 58.0 96.0 76.0 
57.0 59.0 61.0 59.0 
60.0 57.0 64.0 62.0 
58.0 58.0 58.0 59.0 
110.0 58.0 95.0 77.0 
57.0 58.0 60.0 60.0 
59.0 59.0 61.0 62.0 
59.0 58.0 59.0 60.0 
111.0 59.0 95.0 77.0 
58.0 57.0 60.0 59.0 
59.0 59.0 61.0 62.0 
58.0 59.0 60.0 59.0 
110.0 59.0 96.0 76.0 
57.0 58.0 60.0 60.0 
59.0 59.0 62.0 62.0 
60.0 59.0 58.0 59.0 
110.0 58.0 94.0 76.0 
59.0 58.0 60.0 60.0 
59.0 58.0 61.0 63.0 
58.0 59.0 60.0 59.0 
110.0 57.0 94.0 77.0 
58.0 57.0 60.0 60.0 
59.0 59.0 61.0 62.0 
58.0 57.0 58.0 59.0 
109.0 58.0 95.0 76.0 
57.0 58.0 61.0 61.0 
59.0 58.0 62.0 63.0 
58.0 60.0 59.0 59.0 
110.0 59.0 94.0 77.0 
58.0 58.0 60.0 60.0 
60.0 58.0 63.0 62.0 
57.0 58.0 59.0 59.0 
110.0 59.0 94.0 76.0 
58.0 57.0 61.0 59.0 
59.0 58.0 62.0 62.0 
58.0 59.0 60.0 60.0 
110.0 58.0 94.0 77.0 
58.0 58.0 60.0 60.0 
58.0 59.0 62.0 62.0 
58.0 59.0 58.0 59.0 
109.0 59.0 94.0 77.0 
59.0 58.0 60.0 59.0 
59.0 59.0 62.0 62.0 
59.0 59.0 60.0 59.0 
109.0 58.0 94.0 78.0 
58.0 58.0 61.0 60.0 
60.0 58.0 62.0 62.0 
58.0 59.0 59.0 58.0 
109.0 58.0 92.0 76.0 
58.0 59.0 60.0 60.0 
59.0 58.0 61.0 63.0 
59.0 58.0 60.0 59.0 
109.0 59.0 94.0 76.0 
58.0 57.0 60.0 60.0 
60.0 58.0 61.0 62.0 
58.0 60.0 59.0 60.0 
109.0 59.0 95.0 77.0 
58.0 58.0 60.0 59.0 
59.0 58.0 62.0 62.0 
58.0 58.0 59.0 60.0 
108.0 58.0 95.0 77.0 
58.0 58.0 59.0 60.0 
59.0 59.0 61.0 63.0 
57.0 59.0 58.0 60.0 
110.0 59.0 95.0 77.0 
58.0 58.0 60.0 59.0 
59.0 59.0 62.0 62.0 
58.0 59.0 58.0 60.0 
111.0 58.0 95.0 77.0 
57.0 59.0 59.0 60.0 
59.0 58.0 61.0 62.0 
59.0 59.0 59.0 59.0 
109.0 58.0 95.0 76.0 
58.0 58.0 61.0 59.0 
59.0 59.0 62.0 63.0 
58.0 59.0 58.0 59.0 
110.0 59.0 95.0 76.0 
58.0 58.0 60.0 59.0 
59.0 57.0 62.0 62.0 
58.0 60.0 59.0 60.0 
110.0 59.0 93.0 77.0 
58.0 57.0 60.0 60.0 
59.0 58.0 62.0 62.0 
58.0 59.0 58.0 59.0 
109.0 58.0 94.0 77.0 
58.0 57.0 60.0 60.0 
59.0 58.0 61.0 63.0 
58.0 59.0 59.0 59.0 
110.0 58.0 95.0 77.0 
58.0 58.0 60.0 60.0 
60.0 57.0 61.0 62.0 
58.0 58.0 59.0 60.0 
111.0 58.0 94.0 77.0 
59.0 58.0 58.0 60.0 
59.0 58.0 61.0 63.0 
58.0 58.0 58.0 60.0 
110.0 59.0 95.0 77.0 
58.0 57.0 60.0 60.0 
59.0 58.0 61.0 63.0 
58.0 59.0 59.0 59.0 
110.0 58.0 95.0 76.0 
58.0 57.0 60.0 60.0 
59.0 58.0 62.0 62.0 
59.0 59.0 59.0 59.0 
109.0 58.0 94.0 76.0 
57.0 59.0 59.0 61.0 
59.0 59.0 62.0 62.0 
57.0 59.0 59.0 60.0 
109.0 59.0 94.0 77.0 
58.0 58.0 60.0 60.0 
59.0 58.0 62.0 62.0 
59.0 58.0 59.0 60.0 
109.0 59.0 94.0 77.0 
57.0 58.0 60.0 60.0 
58.0 58.0 62.0 63.0 
58.0 58.0 58.0 59.0 
109.0 58.0 95.0 77.0 
58.0 58.0 59.0 59.0 
59.0 59.0 62.0 62.0 
58.0 59.0 59.0 60.0 
110.0 58.0 93.0 77.0 
58.0 57.0 60.0 60.0 
59.0 58.0 62.0 63.0 
58.0 59.0 59.0 60.0 
109.0 58.0 95.0 77.0 
57.0 58.0 59.0 60.0 
59.0 58.0 62.0 62.0 
58.0 58.0 58.0 59.0 
109.0 59.0 93.0 76.0 
58.0 57.0 60.0 61.0 
59.0 58.0 60.0 62.0 
58.0 59.0 59.0 60.0 
109.0 59.0 93.0 76.0 
58.0 57.0 60.0 61.0 
59.0 58.0 61.0 62.0 
58.0 58.0 60.0 59.0 
109.0 58.0 95.0 76.0 
58.0 58.0 60.0 59.0 
60.0 59.0 61.0 63.0 
58.0 59.0 59.0 59.0 
109.0 58.0 94.0 77.0 
58.0 57.0 60.0 59.0 
59.0 58.0 63.0 64.0 
57.0 59.0 59.0 60.0 
110.0 58.0 93.0 76.0 
58.0 58.0 60.0 61.0 
59.0 57.0 62.0 62.0 
58.0 59.0 58.0 60.0 
111.0 58.0 95.0 77.0 
58.0 58.0 59.0 60.0 
59.0 58.0 62.0 62.0 
57.0 59.0 57.0 60.0 
109.0 58.0 94.0 77.0 
58.0 58.0 59.0 60.0 
59.0 58.0 62.0 64.0 
58.0 58.0 59.0 60.0 
109.0 59.0 93.0 74.0 
59.0 58.0 59.0 61.0 
59.0 58.0 63.0 62.0 
57.0 60.0 59.0 60.0 
110.0 57.0 94.0 77.0 
58.0 58.0 59.0 59.0 
60.0 59.0 62.0 63.0 
59.0 59.0 58.0 60.0 
110.0 59.0 94.0 77.0 
58.0 56.0 61.0 60.0 
60.0 58.0 61.0 62.0 
58.0 59.0 59.0 61.0 
110.0 58.0 93.0 77.0 
58.0 58.0 60.0 61.0 
60.0 59.0 63.0 62.0 
58.0 60.0 59.0 60.0 
110.0 59.0 92.0 76.0 
58.0 58.0 60.0 61.0 
59.0 58.0 62.0 64.0 
59.0 59.0 59.0 61.0 
108.0 59.0 93.0 76.0 
58.0 58.0 59.0 60.0 
59.0 58.0 62.0 63.0 
58.0 59.0 60.0 59.0 
109.0 59.0 92.0 76.0 
58.0 58.0 60.0 60.0 
59.0 58.0 62.0 63.0 
58.0 59.0 59.0 59.0 
108.0 59.0 92.0 76.0 
58.0 57.0 60.0 60.0 
60.0 58.0 62.0 62.0 
58.0 59.0 59.0 60.0 
108.0 59.0 92.0 76.0 
58.0 57.0 61.0 60.0 
60.0 58.0 63.0 63.0 
59.0 59.0 59.0 60.0 
109.0 58.0 92.0 77.0 
58.0 57.0 60.0 61.0 
61.0 57.0 62.0 62.0 
59.0 58.0 59.0 59.0 
109.0 59.0 91.0 75.0 
58.0 58.0 60.0 60.0 
59.0 59.0 62.0 62.0 
59.0 59.0 60.0 59.0 
108.0 59.0 87.0 75.0 
59.0 57.0 61.0 59.0 
59.0 59.0 62.0 63.0 
59.0 59.0 60.0 61.0 
109.0 59.0 93.0 76.0 
57.0 58.0 59.0 60.0 
60.0 59.0 62.0 63.0 
58.0 58.0 59.0 60.0 
108.0 59.0 91.0 76.0 
58.0 58.0 60.0 61.0 
58.0 59.0 62.0 63.0 
59.0 59.0 59.0 60.0 
108.0 59.0 90.0 76.0 
58.0 58.0 60.0 60.0 
60.0 58.0 63.0 63.0 
59.0 59.0 59.0 60.0 
108.0 59.0 91.0 76.0 
59.0 58.0 61.0 60.0 
60.0 59.0 62.0 63.0 
58.0 58.0 60.0 59.0 
108.0 59.0 85.0 74.0 
59.0 60.0 60.0 60.0 
60.0 58.0 63.0 63.0 
59.0 60.0 59.0 59.0 
107.0 59.0 86.0 74.0 
58.0 59.0 61.0 60.0 
59.0 60.0 62.0 63.0 
59.0 59.0 59.0 60.0 
108.0 59.0 85.0 75.0 
58.0 58.0 61.0 61.0 
60.0 59.0 63.0 63.0 
59.0 59.0 59.0 60.0 
108.0 59.0 86.0 75.0 
58.0 58.0 61.0 60.0 
59.0 58.0 63.0 62.0 
58.0 59.0 59.0 60.0 
108.0 59.0 87.0 74.0 
57.0 58.0 60.0 60.0 
60.0 58.0 63.0 63.0 
58.0 59.0 59.0 60.0 
107.0 61.0 87.0 75.0 
59.0 58.0 60.0 60.0 
60.0 58.0 62.0 63.0 
59.0 59.0 60.0 61.0 
108.0 59.0 88.0 75.0 
58.0 59.0 61.0 60.0 
60.0 59.0 63.0 64.0 
59.0 59.0 59.0 60.0 
108.0 58.0 88.0 75.0 
58.0 58.0 61.0 60.0 
60.0 59.0 63.0 62.0 
57.0 59.0 60.0 59.0 
108.0 59.0 88.0 75.0 
59.0 58.0 61.0 60.0 
60.0 58.0 63.0 63.0 
58.0 60.0 59.0 59.0 
108.0 59.0 88.0 75.0 
59.0 57.0 61.0 60.0 
59.0 59.0 63.0 64.0 
58.0 60.0 59.0 60.0 
108.0 59.0 88.0 75.0 
58.0 58.0 61.0 60.0 
60.0 58.0 63.0 63.0 
58.0 59.0 60.0 59.0 
108.0 59.0 89.0 76.0 
59.0 57.0 61.0 60.0 
60.0 60.0 62.0 63.0 
58.0 59.0 59.0 60.0 
108.0 59.0 86.0 76.0 
58.0 59.0 61.0 60.0 
59.0 58.0 63.0 63.0 
59.0 59.0 59.0 60.0 
107.0 60.0 87.0 75.0 
59.0 58.0 61.0 61.0 
59.0 59.0 63.0 63.0 
58.0 60.0 60.0 60.0 
108.0 59.0 87.0 75.0 
59.0 58.0 59.0 61.0 
59.0 58.0 63.0 62.0 
59.0 59.0 59.0 60.0 
108.0 59.0 87.0 74.0 
58.0 59.0 61.0 61.0 
60.0 58.0 63.0 63.0 
59.0 60.0 59.0 60.0 
108.0 60.0 88.0 75.0 
58.0 58.0 61.0 60.0 
60.0 58.0 62.0 63.0 
58.0 60.0 60.0 61.0 
108.0 58.0 87.0 75.0 
58.0 58.0 61.0 61.0 
59.0 58.0 63.0 64.0 
59.0 59.0 59.0 60.0 
108.0 59.0 86.0 74.0 
59.0 58.0 61.0 60.0 
60.0 58.0 62.0 62.0 
58.0 59.0 59.0 61.0 
108.0 60.0 86.0 75.0 
59.0 57.0 61.0 60.0 
60.0 59.0 64.0 63.0 
58.0 59.0 60.0 60.0 
109.0 59.0 86.0 75.0 
59.0 58.0 61.0 61.0 
61.0 58.0 63.0 63.0 
60.0 59.0 59.0 61.0 
107.0 59.0 87.0 74.0 
59.0 58.0 61.0 60.0 
60.0 59.0 62.0 63.0 
59.0 59.0 60.0 60.0 
107.0 59.0 86.0 74.0 
58.0 58.0 61.0 61.0 
60.0 58.0 62.0 63.0 
59.0 59.0 60.0 60.0 
106.0 60.0 87.0 74.0 
58.0 57.0 61.0 61.0 
60.0 59.0 62.0 64.0 
59.0 60.0 60.0 60.0 
106.0 60.0 86.0 75.0 
58.0 58.0 62.0 59.0 
60.0 58.0 62.0 64.0 
59.0 60.0 60.0 60.0 
106.0 59.0 87.0 75.0 
58.0 58.0 61.0 60.0 
60.0 59.0 62.0 63.0 
60.0 58.0 60.0 61.0 
107.0 59.0 87.0 75.0 
59.0 58.0 61.0 61.0 
60.0 59.0 63.0 63.0 
59.0 59.0 60.0 60.0 
107.0 59.0 87.0 75.0 
59.0 58.0 60.0 61.0 
60.0 59.0 62.0 63.0 
58.0 59.0 60.0 60.0 
107.0 59.0 87.0 75.0 
59.0 57.0 61.0 60.0 
60.0 59.0 62.0 63.0 
59.0 59.0 60.0 60.0 
107.0 59.0 87.0 74.0 
59.0 58.0 60.0 61.0 
61.0 59.0 62.0 63.0 
60.0 60.0 61.0 60.0 
106.0 59.0 87.0 74.0 
58.0 59.0 61.0 61.0 
60.0 59.0 63.0 63.0 
59.0 59.0 60.0 60.0 
106.0 59.0 87.0 75.0 
59.0 58.0 61.0 61.0 
61.0 58.0 62.0 63.0 
59.0 59.0 60.0 60.0 
107.0 59.0 89.0 75.0 
59.0 57.0 61.0 60.0 
60.0 58.0 62.0 63.0 
60.0 59.0 60.0 60.0 
106.0 58.0 89.0 75.0 
60.0 58.0 62.0 60.0 
61.0 59.0 61.0 64.0 
60.0 59.0 60.0 60.0 
107.0 59.0 87.0 75.0 
59.0 58.0 61.0 61.0 
60.0 59.0 62.0 64.0 
60.0 59.0 60.0 60.0 
107.0 59.0 88.0 75.0 
59.0 59.0 61.0 61.0 
61.0 61.0 61.0 63.0 
59.0 59.0 60.0 61.0 
107.0 60.0 89.0 75.0 
58.0 58.0 61.0 61.0 
61.0 59.0 62.0 63.0 
59.0 59.0 60.0 59.0 
108.0 59.0 90.0 75.0 
59.0 58.0 62.0 60.0 
60.0 59.0 63.0 63.0 
59.0 61.0 59.0 60.0 
107.0 61.0 89.0 76.0 
60.0 58.0 61.0 61.0 
60.0 59.0 62.0 64.0 
59.0 59.0 60.0 60.0 
108.0 59.0 89.0 76.0 
60.0 59.0 61.0 61.0 
61.0 59.0 63.0 63.0 
60.0 59.0 59.0 61.0 
108.0 59.0 90.0 76.0 
58.0 58.0 61.0 61.0 
60.0 59.0 63.0 63.0 
59.0 60.0 60.0 59.0 
108.0 59.0 89.0 76.0 
61.0 59.0 61.0 60.0 
61.0 59.0 64.0 63.0 
59.0 60.0 60.0 60.0 
107.0 59.0 88.0 76.0 
58.0 58.0 61.0 60.0 
61.0 59.0 63.0 63.0 
59.0 59.0 60.0 60.0 
107.0 59.0 89.0 75.0 
59.0 59.0 61.0 60.0 
60.0 59.0 62.0 63.0 
59.0 59.0 61.0 60.0 
107.0 60.0 88.0 76.0 
59.0 58.0 61.0 61.0 
61.0 59.0 63.0 64.0 
59.0 59.0 61.0 60.0 
108.0 59.0 89.0 75.0 
59.0 58.0 61.0 60.0 
60.0 61.0 63.0 64.0 
59.0 60.0 59.0 60.0 
108.0 59.0 91.0 76.0 
59.0 58.0 61.0 61.0 
60.0 59.0 63.0 63.0 
60.0 59.0 60.0 61.0 
107.0 60.0 90.0 76.0 
59.0 58.0 61.0 61.0 
60.0 59.0 62.0 64.0 
59.0 60.0 61.0 60.0 
108.0 59.0 91.0 76.0 
60.0 60.0 60.0 60.0 
60.0 58.0 63.0 64.0 
59.0 59.0 60.0 60.0 
107.0 60.0 91.0 77.0 
60.0 58.0 61.0 61.0 
61.0 59.0 63.0 63.0 
57.0 60.0 61.0 60.0 
108.0 59.0 92.0 77.0 
59.0 58.0 60.0 61.0 
60.0 60.0 63.0 64.0 
59.0 59.0 60.0 60.0 
109.0 59.0 92.0 76.0 
59.0 62.0 60.0 61.0 
61.0 59.0 63.0 64.0 
59.0 60.0 61.0 61.0 
107.0 59.0 86.0 73.0 
60.0 59.0 62.0 60.0 
60.0 59.0 62.0 64.0 
59.0 60.0 60.0 60.0 
107.0 59.0 88.0 74.0 
59.0 58.0 60.0 61.0 
60.0 58.0 62.0 63.0 
59.0 59.0 60.0 61.0 
107.0 60.0 88.0 75.0 
59.0 58.0 62.0 60.0 
61.0 58.0 63.0 63.0 
60.0 60.0 60.0 60.0 
107.0 59.0 88.0 75.0 
58.0 58.0 60.0 60.0 
62.0 59.0 63.0 64.0 
60.0 59.0 60.0 60.0 
107.0 60.0 87.0 75.0 
60.0 58.0 61.0 61.0 
60.0 58.0 63.0 63.0 
59.0 60.0 60.0 61.0 
107.0 60.0 88.0 76.0 
59.0 58.0 61.0 60.0 
61.0 59.0 63.0 64.0 
59.0 60.0 61.0 61.0 
107.0 59.0 87.0 75.0 
59.0 58.0 60.0 60.0 
62.0 59.0 63.0 63.0 
59.0 60.0 60.0 61.0 
107.0 59.0 88.0 75.0 
59.0 58.0 61.0 60.0 
60.0 61.0 62.0 64.0 
60.0 60.0 60.0 60.0 
107.0 60.0 87.0 78.0 
59.0 58.0 60.0 61.0 
61.0 58.0 63.0 63.0 
59.0 59.0 60.0 61.0 
107.0 60.0 87.0 75.0 
59.0 58.0 61.0 61.0 
60.0 58.0 61.0 64.0 
59.0 60.0 61.0 61.0 
107.0 59.0 88.0 75.0 
58.0 58.0 61.0 59.0 
60.0 59.0 63.0 64.0 
59.0 60.0 59.0 60.0 
108.0 60.0 88.0 75.0 
59.0 59.0 60.0 60.0 
61.0 58.0 63.0 63.0 
59.0 60.0 60.0 59.0 
107.0 59.0 87.0 75.0 
59.0 58.0 61.0 60.0 
61.0 60.0 63.0 63.0 
60.0 60.0 60.0 62.0 
108.0 59.0 88.0 75.0 
60.0 59.0 62.0 59.0 
61.0 59.0 63.0 64.0 
59.0 60.0 60.0 59.0 
109.0 59.0 89.0 76.0 
59.0 59.0 60.0 61.0 
60.0 59.0 64.0 64.0 
59.0 59.0 60.0 61.0 
108.0 59.0 90.0 76.0 
58.0 57.0 61.0 61.0 
59.0 60.0 63.0 64.0 
60.0 60.0 60.0 61.0 
108.0 59.0 89.0 75.0 
59.0 59.0 60.0 61.0 
60.0 58.0 63.0 63.0 
60.0 59.0 60.0 60.0 
107.0 60.0 90.0 76.0 
59.0 58.0 61.0 61.0 
61.0 59.0 62.0 65.0 
59.0 60.0 59.0 60.0 
107.0 58.0 90.0 76.0 
59.0 59.0 61.0 61.0 
60.0 59.0 63.0 64.0 
59.0 58.0 59.0 61.0 
106.0 59.0 89.0 76.0 
60.0 59.0 61.0 61.0 
61.0 59.0 63.0 64.0 
60.0 60.0 61.0 63.0 
107.0 59.0 90.0 75.0 
59.0 59.0 61.0 61.0 
61.0 59.0 63.0 64.0 
60.0 60.0 61.0 62.0 
107.0 60.0 89.0 75.0 
59.0 58.0 60.0 61.0 
61.0 59.0 64.0 65.0 
60.0 60.0 60.0 62.0 
108.0 58.0 90.0 75.0 
60.0 58.0 60.0 60.0 
61.0 59.0 65.0 65.0 
60.0 60.0 61.0 62.0 
107.0 59.0 89.0 75.0 
59.0 58.0 62.0 61.0 
61.0 60.0 64.0 64.0 
60.0 59.0 62.0 62.0 
107.0 59.0 89.0 76.0 
61.0 59.0 63.0 62.0 
61.0 59.0 63.0 65.0 
60.0 60.0 61.0 62.0 
107.0 59.0 90.0 75.0 
59.0 59.0 61.0 61.0 
61.0 59.0 64.0 64.0 
60.0 60.0 61.0 62.0 
107.0 58.0 89.0 76.0 
59.0 59.0 61.0 62.0 
60.0 60.0 63.0 64.0 
60.0 60.0 61.0 62.0 
108.0 59.0 89.0 75.0 
59.0 58.0 62.0 62.0 
61.0 59.0 65.0 65.0 
60.0 60.0 61.0 62.0 
107.0 60.0 88.0 75.0 
62.0 59.0 63.0 61.0 
61.0 59.0 63.0 64.0 
60.0 60.0 62.0 62.0 
107.0 59.0 89.0 75.0 
60.0 59.0 62.0 61.0 
61.0 59.0 64.0 65.0 
60.0 59.0 61.0 61.0 
107.0 59.0 89.0 76.0 
59.0 59.0 62.0 61.0 
62.0 58.0 64.0 65.0 
60.0 59.0 61.0 62.0 
106.0 60.0 89.0 75.0 
61.0 58.0 62.0 61.0 
62.0 59.0 66.0 64.0 
60.0 60.0 62.0 62.0 
108.0 59.0 90.0 76.0 
59.0 59.0 61.0 61.0 
60.0 59.0 65.0 66.0 
60.0 59.0 61.0 62.0 
108.0 59.0 90.0 75.0 
60.0 59.0 62.0 59.0 
62.0 59.0 64.0 65.0 
60.0 60.0 61.0 62.0 
107.0 60.0 90.0 75.0 
60.0 59.0 61.0 61.0 
61.0 59.0 65.0 65.0 
59.0 60.0 61.0 62.0 
107.0 59.0 90.0 76.0 
60.0 59.0 62.0 60.0 
62.0 59.0 63.0 65.0 
61.0 59.0 62.0 62.0 
107.0 59.0 92.0 75.0 
60.0 58.0 63.0 61.0 
62.0 59.0 65.0 65.0 
60.0 60.0 62.0 61.0 
107.0 60.0 89.0 76.0 
59.0 57.0 62.0 61.0 
61.0 60.0 64.0 65.0 
59.0 60.0 60.0 62.0 
106.0 59.0 90.0 74.0 
60.0 59.0 63.0 62.0 
61.0 59.0 65.0 65.0 
60.0 60.0 61.0 62.0 
107.0 59.0 89.0 75.0 
59.0 59.0 61.0 61.0 
61.0 60.0 64.0 64.0 
60.0 60.0 61.0 62.0 
108.0 60.0 89.0 75.0 
60.0 58.0 61.0 60.0 
62.0 60.0 65.0 65.0 
60.0 60.0 61.0 62.0 
107.0 59.0 90.0 75.0 
59.0 58.0 61.0 61.0 
63.0 58.0 65.0 65.0 
60.0 59.0 60.0 62.0 
107.0 60.0 89.0 75.0 
59.0 59.0 61.0 61.0 
61.0 58.0 64.0 64.0 
60.0 60.0 61.0 61.0 
108.0 60.0 91.0 75.0 
59.0 58.0 60.0 61.0 
62.0 59.0 65.0 65.0 
60.0 60.0 61.0 62.0 
107.0 59.0 89.0 75.0 
59.0 58.0 61.0 62.0 
62.0 59.0 64.0 64.0 
61.0 59.0 62.0 61.0 
107.0 60.0 90.0 75.0 
60.0 59.0 62.0 61.0 
62.0 59.0 64.0 64.0 
60.0 60.0 62.0 64.0 
107.0 60.0 87.0 75.0 
59.0 59.0 62.0 61.0 
62.0 59.0 65.0 64.0 
60.0 60.0 61.0 62.0 
108.0 59.0 88.0 75.0 
60.0 60.0 63.0 63.0 
62.0 60.0 65.0 65.0 
60.0 60.0 62.0 62.0 
108.0 59.0 88.0 75.0 
60.0 59.0 65.0 64.0 
61.0 58.0 65.0 64.0 
60.0 59.0 63.0 62.0 
107.0 59.0 88.0 74.0 
60.0 59.0 67.0 64.0 
62.0 58.0 65.0 64.0 
60.0 61.0 60.0 61.0 
107.0 60.0 87.0 75.0 
60.0 59.0 67.0 65.0 
62.0 59.0 64.0 64.0 
59.0 60.0 62.0 62.0 
107.0 61.0 90.0 75.0 
61.0 58.0 68.0 64.0 
61.0 59.0 65.0 64.0 
60.0 60.0 62.0 61.0 
107.0 59.0 94.0 76.0 
61.0 59.0 67.0 64.0 
60.0 59.0 64.0 64.0 
59.0 60.0 60.0 62.0 
106.0 59.0 91.0 76.0 
61.0 59.0 67.0 64.0 
61.0 58.0 64.0 64.0 
60.0 60.0 61.0 61.0 
107.0 60.0 94.0 77.0 
62.0 59.0 67.0 65.0 
61.0 59.0 64.0 64.0 
59.0 60.0 62.0 62.0 
106.0 59.0 91.0 75.0 
61.0 59.0 67.0 64.0 
61.0 59.0 63.0 64.0 
59.0 60.0 61.0 61.0 
107.0 60.0 89.0 75.0 
62.0 58.0 67.0 64.0 
61.0 59.0 65.0 65.0 
60.0 60.0 61.0 61.0 
107.0 60.0 88.0 75.0 
61.0 58.0 67.0 64.0 
61.0 59.0 65.0 64.0 
60.0 61.0 61.0 61.0 
107.0 60.0 88.0 75.0 
61.0 59.0 68.0 64.0 
60.0 59.0 64.0 64.0 
59.0 61.0 61.0 61.0 
107.0 59.0 89.0 76.0 
60.0 58.0 67.0 63.0 
61.0 60.0 63.0 64.0 
59.0 60.0 61.0 61.0 
107.0 60.0 89.0 78.0 
61.0 59.0 67.0 63.0 
61.0 59.0 64.0 64.0 
60.0 60.0 62.0 61.0 
108.0 60.0 89.0 76.0 
61.0 58.0 67.0 64.0 
62.0 59.0 65.0 63.0 
59.0 60.0 62.0 61.0 
108.0 59.0 88.0 76.0 
61.0 58.0 65.0 64.0 
61.0 59.0 63.0 63.0 
59.0 59.0 61.0 62.0 
108.0 59.0 88.0 76.0 
61.0 58.0 66.0 64.0 
61.0 60.0 63.0 64.0 
59.0 59.0 60.0 61.0 
107.0 60.0 86.0 76.0 
61.0 59.0 64.0 64.0 
61.0 59.0 62.0 64.0 
60.0 60.0 61.0 62.0 
106.0 60.0 86.0 77.0 
61.0 59.0 66.0 64.0 
60.0 59.0 62.0 63.0 
59.0 60.0 62.0 61.0 
107.0 59.0 90.0 80.0 
61.0 58.0 65.0 64.0 
59.0 60.0 61.0 63.0 
60.0 59.0 62.0 62.0 
105.0 59.0 89.0 79.0 
61.0 59.0 65.0 64.0 
60.0 59.0 61.0 61.0 
59.0 61.0 60.0 62.0 
106.0 62.0 88.0 80.0 
60.0 59.0 66.0 64.0 
60.0 59.0 60.0 62.0 
60.0 60.0 61.0 62.0 
105.0 60.0 89.0 80.0 
62.0 59.0 65.0 65.0 
60.0 58.0 61.0 62.0 
60.0 60.0 62.0 61.0 
103.0 59.0 88.0 80.0 
62.0 58.0 64.0 65.0 
60.0 59.0 60.0 61.0 
60.0 60.0 61.0 62.0 
100.0 60.0 86.0 82.0 
62.0 59.0 64.0 64.0 
58.0 60.0 59.0 60.0 
61.0 60.0 61.0 61.0 
100.0 59.0 88.0 81.0 
62.0 59.0 63.0 65.0 
58.0 59.0 60.0 60.0 
60.0 60.0 60.0 62.0 
106.0 60.0 89.0 84.0 
62.0 58.0 62.0 65.0 
58.0 59.0 58.0 59.0 
61.0 59.0 60.0 62.0 
104.0 60.0 90.0 84.0 
63.0 59.0 63.0 66.0 
58.0 59.0 58.0 59.0 
60.0 60.0 60.0 62.0 
110.0 59.0 92.0 86.0 
63.0 58.0 63.0 64.0 
58.0 59.0 59.0 59.0 
60.0 59.0 60.0 61.0 
107.0 60.0 89.0 86.0 
62.0 58.0 62.0 64.0 
59.0 59.0 58.0 60.0 
60.0 60.0 60.0 61.0 
108.0 60.0 90.0 88.0 
62.0 59.0 62.0 65.0 
58.0 59.0 60.0 60.0 
60.0 60.0 61.0 61.0 
107.0 60.0 89.0 88.0 
62.0 59.0 62.0 65.0 
57.0 60.0 59.0 60.0 
60.0 59.0 60.0 61.0 
108.0 59.0 90.0 87.0 
61.0 58.0 62.0 64.0 
57.0 60.0 59.0 59.0 
60.0 60.0 60.0 62.0 
108.0 59.0 90.0 89.0 
62.0 59.0 62.0 64.0 
57.0 59.0 60.0 59.0 
60.0 60.0 60.0 61.0 
107.0 60.0 90.0 89.0 
63.0 58.0 62.0 65.0 
59.0 59.0 59.0 59.0 
60.0 62.0 59.0 61.0 
108.0 59.0 90.0 87.0 
62.0 58.0 63.0 64.0 
61.0 59.0 59.0 63.0 
59.0 60.0 59.0 61.0 
108.0 60.0 92.0 87.0 
62.0 59.0 62.0 64.0 
61.0 59.0 61.0 64.0 
59.0 61.0 60.0 61.0 
107.0 60.0 98.0 87.0 
62.0 59.0 62.0 64.0 
61.0 59.0 59.0 64.0 
60.0 60.0 59.0 61.0 
107.0 60.0 107.0 87.0 
63.0 59.0 62.0 65.0 
62.0 60.0 60.0 64.0 
59.0 60.0 59.0 60.0 
108.0 60.0 124.0 86.0 
63.0 59.0 62.0 65.0 
62.0 60.0 61.0 64.0 
59.0 59.0 58.0 60.0 
108.0 59.0 131.0 86.0 
63.0 59.0 66.0 66.0 
62.0 59.0 60.0 63.0 
59.0 60.0 58.0 60.0 
108.0 60.0 132.0 85.0 
64.0 59.0 67.0 67.0 
62.0 59.0 61.0 64.0 
59.0 60.0 58.0 59.0 
107.0 61.0 137.0 85.0 
66.0 57.0 67.0 67.0 
62.0 58.0 60.0 64.0 
59.0 61.0 58.0 59.0 
108.0 59.0 137.0 84.0 
66.0 59.0 66.0 68.0 
62.0 60.0 61.0 64.0 
59.0 60.0 57.0 59.0 
108.0 60.0 137.0 86.0 
65.0 58.0 67.0 66.0 
62.0 59.0 61.0 64.0 
59.0 61.0 57.0 59.0 
107.0 61.0 142.0 87.0 
65.0 58.0 68.0 67.0 
60.0 59.0 58.0 62.0 
59.0 60.0 57.0 61.0 
109.0 59.0 148.0 87.0 
66.0 59.0 68.0 67.0 
60.0 59.0 59.0 62.0 
59.0 60.0 57.0 60.0 
106.0 59.0 153.0 86.0 
66.0 59.0 67.0 66.0 
60.0 59.0 58.0 62.0 
60.0 61.0 58.0 60.0 
107.0 59.0 163.0 87.0 
64.0 59.0 63.0 65.0 
61.0 58.0 57.0 62.0 
60.0 60.0 57.0 60.0 
106.0 60.0 174.0 90.0 
65.0 58.0 64.0 66.0 
60.0 59.0 58.0 62.0 
60.0 59.0 56.0 60.0 
108.0 60.0 184.0 90.0 
64.0 60.0 66.0 66.0 
61.0 59.0 58.0 62.0 
60.0 60.0 56.0 60.0 
106.0 60.0 190.0 91.0 
64.0 58.0 64.0 65.0 
61.0 59.0 59.0 62.0 
60.0 60.0 56.0 60.0 
106.0 59.0 196.0 94.0 
62.0 59.0 62.0 63.0 
60.0 59.0 57.0 62.0 
59.0 60.0 55.0 60.0 
106.0 60.0 215.0 95.0 
61.0 58.0 61.0 63.0 
60.0 59.0 57.0 62.0 
59.0 62.0 56.0 60.0 
103.0 60.0 228.0 96.0 
62.0 58.0 61.0 63.0 
60.0 59.0 56.0 62.0 
60.0 60.0 55.0 61.0 
100.0 60.0 235.0 98.0 
63.0 59.0 61.0 62.0 
61.0 59.0 57.0 61.0 
59.0 61.0 55.0 60.0 
98.0 61.0 253.0 99.0 
61.0 59.0 62.0 62.0 
61.0 60.0 57.0 62.0 
60.0 60.0 54.0 60.0 
97.0 61.0 286.0 103.0 
62.0 59.0 62.0 63.0 
60.0 59.0 57.0 62.0 
59.0 61.0 54.0 61.0 
97.0 61.0 283.0 101.0 
62.0 59.0 62.0 63.0 
60.0 59.0 56.0 61.0 
60.0 60.0 53.0 59.0 
95.0 60.0 275.0 100.0 
62.0 59.0 61.0 62.0 
60.0 60.0 57.0 61.0 
60.0 60.0 53.0 60.0 
94.0 61.0 281.0 102.0 
62.0 59.0 63.0 63.0 
61.0 59.0 56.0 62.0 
60.0 59.0 54.0 60.0 
95.0 63.0 317.0 112.0 
60.0 58.0 61.0 62.0 
60.0 59.0 56.0 62.0 
60.0 60.0 53.0 59.0 
99.0 62.0 367.0 131.0 
61.0 59.0 61.0 62.0 
60.0 60.0 54.0 61.0 
60.0 60.0 50.0 57.0 
93.0 64.0 400.0 141.0 
61.0 59.0 59.0 60.0 
60.0 59.0 54.0 61.0 
61.0 60.0 49.0 59.0 
90.0 64.0 419.0 149.0 
61.0 59.0 57.0 61.0 
60.0 61.0 52.0 61.0 
60.0 60.0 50.0 59.0 
93.0 64.0 414.0 153.0 
61.0 58.0 58.0 61.0 
61.0 60.0 54.0 61.0 
60.0 60.0 50.0 59.0 
91.0 62.0 375.0 145.0 
61.0 59.0 58.0 61.0 
61.0 59.0 54.0 61.0 
61.0 59.0 52.0 57.0 
90.0 62.0 346.0 154.0 
61.0 59.0 61.0 61.0 
61.0 58.0 56.0 60.0 
59.0 59.0 52.0 57.0 
95.0 62.0 397.0 197.0 
59.0 59.0 59.0 60.0 
61.0 60.0 56.0 59.0 
60.0 60.0 50.0 57.0 
99.0 64.0 423.0 233.0 
60.0 59.0 57.0 59.0 
61.0 59.0 54.0 59.0 
59.0 61.0 50.0 55.0 
100.0 62.0 355.0 233.0 
60.0 59.0 55.0 57.0 
60.0 59.0 56.0 58.0 
60.0 60.0 53.0 55.0 
101.0 62.0 368.0 266.0 
60.0 59.0 55.0 56.0 
60.0 60.0 56.0 59.0 
59.0 60.0 51.0 55.0 
103.0 62.0 331.0 298.0 
60.0 59.0 57.0 56.0 
61.0 60.0 57.0 57.0 
60.0 61.0 54.0 54.0 
108.0 62.0 314.0 353.0 
60.0 59.0 57.0 55.0 
60.0 60.0 57.0 57.0 
61.0 60.0 55.0 52.0 
111.0 63.0 278.0 386.0 
59.0 59.0 60.0 55.0 
60.0 60.0 59.0 56.0 
60.0 60.0 56.0 52.0 
108.0 63.0 254.0 374.0 
60.0 59.0 63.0 56.0 
59.0 59.0 58.0 56.0 
60.0 60.0 57.0 53.0 
104.0 62.0 225.0 331.0 
61.0 60.0 63.0 58.0 
60.0 59.0 59.0 56.0 
60.0 60.0 57.0 54.0 
95.0 60.0 201.0 267.0 
60.0 58.0 64.0 58.0 
60.0 60.0 57.0 55.0 
61.0 59.0 58.0 55.0 
106.0 61.0 202.0 345.0 
61.0 59.0 64.0 59.0 
58.0 59.0 56.0 52.0 
60.0 61.0 58.0 54.0 
110.0 62.0 201.0 386.0 
62.0 59.0 65.0 59.0 
58.0 59.0 56.0 54.0 
61.0 60.0 59.0 53.0 
115.0 63.0 200.0 382.0 
61.0 59.0 65.0 57.0 
58.0 60.0 59.0 53.0 
60.0 60.0 59.0 52.0 
124.0 64.0 209.0 439.0 
61.0 59.0 64.0 56.0 
59.0 59.0 58.0 52.0 
59.0 59.0 58.0 52.0 
119.0 63.0 200.0 403.0 
61.0 58.0 64.0 57.0 
60.0 59.0 59.0 54.0 
59.0 60.0 58.0 51.0 
130.0 63.0 203.0 423.0 
61.0 59.0 64.0 57.0 
60.0 59.0 59.0 54.0 
56.0 61.0 58.0 52.0 
134.0 63.0 191.0 412.0 
61.0 59.0 66.0 56.0 
60.0 59.0 60.0 54.0 
57.0 60.0 56.0 49.0 
142.0 63.0 187.0 391.0 
61.0 58.0 65.0 58.0 
59.0 59.0 61.0 55.0 
56.0 60.0 56.0 50.0 
139.0 61.0 176.0 326.0 
60.0 59.0 66.0 59.0 
60.0 60.0 60.0 58.0 
57.0 60.0 56.0 52.0 
150.0 61.0 173.0 322.0 
61.0 58.0 67.0 61.0 
60.0 59.0 62.0 59.0 
56.0 60.0 57.0 52.0 
157.0 60.0 171.0 315.0 
61.0 59.0 69.0 60.0 
60.0 60.0 62.0 59.0 
56.0 60.0 57.0 52.0 
172.0 62.0 172.0 333.0 
60.0 59.0 69.0 60.0 
59.0 59.0 63.0 57.0 
55.0 60.0 58.0 52.0 
188.0 61.0 143.0 315.0 
59.0 60.0 68.0 61.0 
58.0 60.0 64.0 58.0 
55.0 60.0 57.0 52.0 
190.0 61.0 141.0 317.0 
61.0 59.0 71.0 61.0 
59.0 60.0 62.0 58.0 
54.0 61.0 57.0 52.0 
196.0 60.0 139.0 303.0 
61.0 59.0 69.0 61.0 
59.0 59.0 64.0 59.0 
55.0 60.0 58.0 52.0 
196.0 60.0 137.0 294.0 
60.0 59.0 69.0 61.0 
58.0 60.0 63.0 60.0 
55.0 59.0 58.0 52.0 
195.0 60.0 132.0 274.0 
60.0 59.0 69.0 63.0 
59.0 59.0 63.0 59.0 
54.0 61.0 57.0 54.0 
204.0 60.0 129.0 266.0 
61.0 59.0 70.0 63.0 
60.0 59.0 63.0 60.0 
55.0 60.0 58.0 53.0 
204.0 61.0 126.0 245.0 
62.0 58.0 72.0 65.0 
59.0 61.0 63.0 60.0 
54.0 60.0 58.0 54.0 
212.0 61.0 119.0 199.0 
61.0 59.0 73.0 66.0 
59.0 59.0 63.0 60.0 
54.0 60.0 57.0 54.0 
196.0 472.0 121.0 200.0 
62.0 58.0 75.0 66.0 
59.0 59.0 63.0 60.0 
54.0 61.0 57.0 55.0 
236.0 535.0 122.0 207.0 
63.0 58.0 79.0 69.0 
57.0 60.0 64.0 62.0 
53.0 60.0 58.0 54.0 
266.0 508.0 121.0 211.0 
63.0 61.0 80.0 70.0 
57.0 59.0 62.0 60.0 
52.0 60.0 58.0 54.0 
265.0 558.0 120.0 207.0 
63.0 61.0 81.0 69.0 
59.0 55.0 64.0 63.0 
54.0 46.0 58.0 56.0 
276.0 563.0 117.0 207.0 
62.0 59.0 81.0 69.0 
59.0 59.0 66.0 63.0 
52.0 60.0 58.0 55.0 
276.0 515.0 116.0 202.0 
62.0 59.0 80.0 69.0 
60.0 59.0 68.0 65.0 
52.0 59.0 57.0 54.0 
271.0 529.0 112.0 187.0 
62.0 62.0 77.0 70.0 
61.0 59.0 67.0 66.0 
53.0 48.0 58.0 57.0 
282.0 481.0 111.0 181.0 
63.0 63.0 81.0 68.0 
62.0 57.0 68.0 66.0 
54.0 49.0 58.0 57.0 
284.0 414.0 107.0 156.0 
64.0 64.0 82.0 70.0 
61.0 61.0 68.0 67.0 
53.0 51.0 58.0 58.0 
332.0 462.0 108.0 164.0 
64.0 64.0 83.0 70.0 
61.0 61.0 69.0 68.0 
52.0 51.0 58.0 58.0 
374.0 447.0 113.0 160.0 
63.0 65.0 82.0 70.0 
59.0 61.0 69.0 69.0 
51.0 50.0 58.0 58.0 
406.0 426.0 111.0 160.0 
65.0 65.0 81.0 71.0 
61.0 62.0 68.0 68.0 
50.0 51.0 58.0 61.0 
403.0 378.0 120.0 150.0 
68.0 67.0 82.0 71.0 
59.0 61.0 66.0 67.0 
53.0 55.0 60.0 62.0 
370.0 308.0 115.0 129.0 
75.0 71.0 82.0 73.0 
51.0 54.0 57.0 59.0 
57.0 59.0 63.0 64.0 
402.0 299.0 118.0 126.0 
74.0 71.0 83.0 75.0 
50.0 54.0 58.0 58.0 
57.0 61.0 63.0 65.0 
412.0 285.0 119.0 119.0 
75.0 72.0 83.0 75.0 
51.0 54.0 58.0 58.0 
57.0 61.0 63.0 65.0 
308.0 252.0 120.0 111.0 
74.0 73.0 81.0 74.0 
54.0 54.0 58.0 58.0 
60.0 61.0 63.0 65.0 
419.0 270.0 126.0 115.0 
79.0 75.0 83.0 75.0 
49.0 54.0 57.0 58.0 
57.0 60.0 63.0 65.0 
419.0 254.0 127.0 112.0 
79.0 75.0 84.0 75.0 
51.0 55.0 57.0 58.0 
59.0 61.0 63.0 65.0 
396.0 237.0 128.0 109.0 
80.0 75.0 85.0 75.0 
51.0 56.0 58.0 58.0 
57.0 62.0 64.0 66.0 
390.0 207.0 130.0 107.0 
84.0 65.0 95.0 78.0 
50.0 60.0 57.0 57.0 
57.0 60.0 70.0 66.0 
375.0 202.0 133.0 101.0 
80.0 75.0 96.0 76.0 
50.0 56.0 57.0 59.0 
57.0 62.0 69.0 66.0 
315.0 179.0 133.0 96.0 
76.0 74.0 103.0 77.0 
52.0 57.0 56.0 59.0 
59.0 62.0 71.0 66.0 
319.0 177.0 135.0 96.0 
77.0 73.0 107.0 77.0 
52.0 56.0 55.0 58.0 
59.0 63.0 76.0 68.0 
312.0 115.0 138.0 85.0 
77.0 70.0 121.0 77.0 
52.0 58.0 54.0 58.0 
59.0 64.0 86.0 68.0 
264.0 105.0 135.0 82.0 
74.0 70.0 131.0 77.0 
54.0 58.0 54.0 59.0 
61.0 65.0 89.0 68.0 
244.0 105.0 139.0 82.0 
73.0 69.0 150.0 80.0 
56.0 60.0 74.0 63.0 
59.0 65.0 103.0 70.0 
224.0 96.0 129.0 78.0 
69.0 68.0 162.0 78.0 
63.0 67.0 188.0 79.0 
60.0 63.0 105.0 67.0 
190.0 90.0 125.0 77.0 
69.0 67.0 188.0 80.0 
66.0 70.0 271.0 88.0 
59.0 64.0 112.0 68.0 
194.0 92.0 122.0 77.0 
67.0 68.0 201.0 82.0 
68.0 71.0 327.0 95.0 
60.0 62.0 112.0 68.0 
175.0 86.0 124.0 77.0 
66.0 68.0 207.0 82.0 
72.0 77.0 407.0 107.0 
60.0 63.0 109.0 67.0 
154.0 83.0 127.0 76.0 
67.0 68.0 221.0 84.0 
75.0 79.0 446.0 113.0 
60.0 63.0 108.0 68.0 
138.0 70.0 119.0 79.0 
69.0 59.0 224.0 89.0 
82.0 72.0 465.0 120.0 
62.0 60.0 116.0 70.0 
154.0 60.0 117.0 83.0 
70.0 59.0 223.0 88.0 
82.0 65.0 504.0 132.0 
63.0 58.0 117.0 69.0 
139.0 60.0 117.0 81.0 
68.0 58.0 218.0 89.0 
84.0 65.0 496.0 132.0 
63.0 60.0 116.0 69.0 
128.0 60.0 107.0 80.0 
68.0 59.0 209.0 88.0 
85.0 67.0 519.0 140.0 
62.0 61.0 119.0 71.0 
148.0 61.0 105.0 80.0 
67.0 59.0 206.0 88.0 
85.0 67.0 511.0 143.0 
62.0 60.0 118.0 71.0 
140.0 60.0 101.0 79.0 
67.0 59.0 191.0 86.0 
87.0 67.0 526.0 151.0 
63.0 60.0 129.0 74.0 
148.0 60.0 99.0 80.0 
66.0 60.0 180.0 85.0 
86.0 67.0 516.0 154.0 
62.0 62.0 129.0 75.0 
158.0 60.0 95.0 80.0 
67.0 59.0 195.0 96.0 
81.0 66.0 504.0 174.0 
63.0 60.0 123.0 77.0 
158.0 59.0 118.0 97.0 
68.0 59.0 195.0 105.0 
81.0 65.0 461.0 178.0 
64.0 60.0 116.0 78.0 
169.0 60.0 120.0 103.0 
68.0 59.0 186.0 105.0 
85.0 64.0 465.0 198.0 
63.0 60.0 114.0 80.0 
152.0 58.0 124.0 116.0 
68.0 58.0 171.0 107.0 
88.0 65.0 464.0 298.0 
63.0 60.0 109.0 83.0 
150.0 60.0 124.0 123.0 
67.0 60.0 171.0 121.0 
89.0 65.0 468.0 263.0 
62.0 61.0 105.0 86.0 
147.0 60.0 128.0 125.0 
68.0 59.0 166.0 124.0 
91.0 64.0 456.0 287.0 
63.0 60.0 102.0 90.0 
131.0 60.0 130.0 129.0 
70.0 58.0 173.0 139.0 
90.0 65.0 442.0 305.0 
63.0 62.0 96.0 89.0 
124.0 60.0 128.0 126.0 
71.0 59.0 183.0 150.0 
91.0 64.0 436.0 315.0 
63.0 60.0 92.0 88.0 
130.0 60.0 132.0 131.0 
70.0 59.0 173.0 148.0 
92.0 64.0 426.0 317.0 
63.0 60.0 89.0 87.0 
116.0 59.0 130.0 132.0 
71.0 58.0 153.0 138.0 
92.0 65.0 432.0 331.0 
62.0 60.0 87.0 87.0 
112.0 62.0 130.0 136.0 
70.0 60.0 134.0 125.0 
92.0 64.0 415.0 366.0 
62.0 61.0 86.0 86.0 
130.0 60.0 131.0 134.0 
68.0 59.0 123.0 121.0 
96.0 65.0 389.0 378.0 
61.0 61.0 83.0 86.0 
131.0 60.0 132.0 148.0 
68.0 59.0 121.0 120.0 
103.0 66.0 369.0 424.0 
60.0 60.0 75.0 78.0 
134.0 59.0 133.0 157.0 
69.0 59.0 118.0 119.0 
121.0 68.0 369.0 558.0 
59.0 60.0 77.0 81.0 
139.0 59.0 130.0 164.0 
67.0 59.0 113.0 113.0 
107.0 69.0 355.0 567.0 
60.0 60.0 77.0 79.0 
124.0 60.0 143.0 169.0 
68.0 59.0 109.0 111.0 
111.0 67.0 321.0 521.0 
62.0 60.0 78.0 79.0 
132.0 60.0 141.0 162.0 
67.0 59.0 102.0 104.0 
131.0 65.0 318.0 613.0 
60.0 60.0 75.0 76.0 
140.0 60.0 142.0 164.0 
65.0 59.0 100.0 98.0 
124.0 66.0 289.0 523.0 
60.0 61.0 76.0 76.0 
150.0 60.0 138.0 152.0 
65.0 59.0 93.0 92.0 
119.0 65.0 273.0 525.0 
59.0 60.0 72.0 73.0 
144.0 58.0 141.0 166.0 
66.0 58.0 91.0 95.0 
120.0 65.0 250.0 507.0 
60.0 60.0 72.0 70.0 
158.0 60.0 140.0 167.0 
70.0 59.0 97.0 123.0 
128.0 67.0 256.0 563.0 
60.0 60.0 72.0 70.0 
172.0 60.0 145.0 193.0 
71.0 59.0 97.0 125.0 
128.0 66.0 258.0 555.0 
56.0 60.0 57.0 49.0 
150.0 59.0 147.0 189.0 
73.0 58.0 98.0 133.0 
130.0 66.0 243.0 526.0 
57.0 61.0 56.0 48.0 
150.0 59.0 151.0 200.0 
76.0 57.0 99.0 144.0 
132.0 67.0 235.0 567.0 
56.0 60.0 55.0 46.0 
153.0 61.0 149.0 201.0 
80.0 59.0 103.0 164.0 
132.0 64.0 219.0 512.0 
55.0 60.0 55.0 45.0 
161.0 60.0 135.0 219.0 
82.0 58.0 103.0 162.0 
117.0 63.0 202.0 448.0 
55.0 60.0 56.0 45.0 
159.0 59.0 141.0 244.0 
87.0 60.0 100.0 173.0 
103.0 61.0 157.0 335.0 
56.0 60.0 57.0 47.0 
160.0 60.0 141.0 248.0 
88.0 59.0 100.0 172.0 
106.0 60.0 153.0 357.0 
55.0 61.0 56.0 45.0 
176.0 60.0 123.0 238.0 
88.0 59.0 93.0 170.0 
111.0 61.0 142.0 367.0 
54.0 60.0 57.0 46.0 
191.0 60.0 124.0 248.0 
90.0 59.0 93.0 166.0 
119.0 61.0 146.0 370.0 
57.0 60.0 58.0 50.0 
189.0 59.0 119.0 233.0 
91.0 58.0 88.0 156.0 
123.0 61.0 129.0 366.0 
58.0 60.0 57.0 51.0 
204.0 60.0 120.0 236.0 
90.0 59.0 85.0 145.0 
119.0 60.0 116.0 305.0 
57.0 60.0 59.0 53.0 
257.0 60.0 121.0 239.0 
91.0 58.0 84.0 137.0 
138.0 60.0 117.0 321.0 
57.0 60.0 59.0 52.0 
234.0 60.0 120.0 239.0 
86.0 59.0 80.0 116.0 
166.0 60.0 121.0 336.0 
57.0 60.0 59.0 54.0 
241.0 59.0 119.0 229.0 
91.0 58.0 78.0 117.0 
177.0 61.0 121.0 328.0 
56.0 61.0 58.0 53.0 
235.0 60.0 119.0 228.0 
96.0 59.0 78.0 115.0 
176.0 61.0 118.0 305.0 
56.0 60.0 59.0 52.0 
236.0 60.0 117.0 224.0 
101.0 58.0 74.0 109.0 
185.0 60.0 109.0 281.0 
56.0 60.0 58.0 51.0 
246.0 60.0 115.0 215.0 
95.0 59.0 69.0 98.0 
197.0 61.0 104.0 257.0 
54.0 60.0 58.0 53.0 
273.0 61.0 114.0 205.0 
98.0 59.0 69.0 96.0 
203.0 60.0 102.0 244.0 
55.0 60.0 58.0 54.0 
294.0 62.0 111.0 199.0 
94.0 59.0 68.0 87.0 
213.0 61.0 100.0 232.0 
53.0 59.0 59.0 53.0 
311.0 61.0 110.0 190.0 
93.0 58.0 68.0 83.0 
269.0 60.0 101.0 228.0 
48.0 60.0 59.0 51.0 
326.0 62.0 110.0 184.0 
99.0 59.0 66.0 83.0 
308.0 61.0 101.0 228.0 
46.0 60.0 58.0 52.0 
352.0 61.0 110.0 182.0 
99.0 58.0 67.0 81.0 
345.0 62.0 101.0 218.0 
45.0 60.0 59.0 53.0 
376.0 63.0 111.0 180.0 
99.0 60.0 68.0 83.0 
340.0 62.0 98.0 212.0 
44.0 60.0 58.0 52.0 
367.0 62.0 108.0 169.0 
113.0 58.0 68.0 83.0 
359.0 62.0 96.0 198.0 
45.0 61.0 59.0 54.0 
351.0 62.0 108.0 163.0 
94.0 59.0 66.0 70.0 
353.0 63.0 97.0 194.0 
47.0 60.0 59.0 54.0 
339.0 63.0 106.0 152.0 
100.0 58.0 65.0 72.0 
367.0 62.0 94.0 190.0 
48.0 60.0 59.0 55.0 
305.0 61.0 109.0 146.0 
91.0 58.0 66.0 70.0 
576.0 66.0 100.0 205.0 
44.0 60.0 59.0 55.0 
320.0 62.0 110.0 147.0 
83.0 59.0 65.0 68.0 
589.0 65.0 100.0 191.0 
43.0 61.0 59.0 55.0 
332.0 61.0 110.0 151.0 
96.0 59.0 65.0 70.0 
606.0 66.0 100.0 180.0 
42.0 60.0 59.0 55.0 
320.0 61.0 111.0 146.0 
119.0 59.0 65.0 72.0 
593.0 65.0 98.0 172.0 
40.0 60.0 58.0 55.0 
312.0 61.0 112.0 141.0 
114.0 58.0 65.0 71.0 
637.0 64.0 96.0 168.0 
39.0 59.0 58.0 55.0 
305.0 62.0 111.0 136.0 
131.0 58.0 66.0 73.0 
611.0 65.0 96.0 165.0 
38.0 60.0 59.0 56.0 
312.0 62.0 111.0 136.0 
126.0 59.0 65.0 69.0 
548.0 64.0 97.0 160.0 
40.0 61.0 58.0 56.0 
318.0 62.0 115.0 139.0 
77.0 58.0 63.0 63.0 
539.0 67.0 94.0 147.0 
41.0 60.0 58.0 57.0 
322.0 62.0 115.0 140.0 
77.0 59.0 63.0 63.0 
503.0 66.0 91.0 143.0 
41.0 59.0 59.0 56.0 
327.0 62.0 116.0 138.0 
81.0 58.0 62.0 64.0 
502.0 68.0 92.0 139.0 
45.0 60.0 58.0 57.0 
326.0 61.0 116.0 137.0 
91.0 59.0 63.0 65.0 
537.0 67.0 92.0 138.0 
46.0 60.0 59.0 57.0 
311.0 62.0 117.0 134.0 
83.0 58.0 62.0 64.0 
541.0 66.0 92.0 138.0 
45.0 60.0 58.0 58.0 
298.0 61.0 114.0 131.0 
76.0 59.0 61.0 63.0 
549.0 67.0 90.0 131.0 
42.0 60.0 59.0 57.0 
300.0 61.0 116.0 129.0 
80.0 60.0 62.0 63.0 
531.0 67.0 90.0 127.0 
43.0 60.0 58.0 57.0 
279.0 61.0 118.0 130.0 
59.0 60.0 60.0 60.0 
535.0 68.0 91.0 124.0 
42.0 61.0 58.0 57.0 
290.0 61.0 123.0 131.0 
56.0 58.0 59.0 59.0 
541.0 67.0 89.0 122.0 
43.0 60.0 58.0 57.0 
271.0 61.0 124.0 129.0 
45.0 59.0 58.0 58.0 
532.0 67.0 89.0 119.0 
42.0 60.0 59.0 57.0 
241.0 61.0 123.0 124.0 
45.0 59.0 61.0 58.0 
497.0 67.0 87.0 115.0 
44.0 59.0 58.0 57.0 
255.0 61.0 120.0 127.0 
47.0 58.0 60.0 58.0 
448.0 65.0 82.0 108.0 
45.0 59.0 58.0 57.0 
275.0 61.0 120.0 126.0 
47.0 59.0 59.0 58.0 
397.0 62.0 81.0 102.0 
44.0 60.0 59.0 57.0 
278.0 61.0 123.0 127.0 
47.0 59.0 60.0 58.0 
376.0 62.0 81.0 100.0 
45.0 60.0 59.0 57.0 
271.0 61.0 110.0 124.0 
47.0 58.0 62.0 58.0 
337.0 61.0 80.0 97.0 
45.0 60.0 59.0 57.0 
282.0 62.0 111.0 121.0 
48.0 59.0 61.0 60.0 
297.0 61.0 77.0 92.0 
47.0 60.0 59.0 58.0 
281.0 61.0 109.0 123.0 
50.0 58.0 62.0 59.0 
236.0 61.0 73.0 84.0 
47.0 60.0 59.0 58.0 
279.0 61.0 107.0 120.0 
51.0 59.0 62.0 59.0 
197.0 61.0 72.0 82.0 
49.0 60.0 60.0 58.0 
254.0 61.0 107.0 106.0 
52.0 59.0 63.0 60.0 
190.0 59.0 72.0 82.0 
49.0 60.0 58.0 59.0 
255.0 60.0 105.0 99.0 
52.0 58.0 63.0 60.0 
159.0 59.0 71.0 78.0 
50.0 59.0 59.0 59.0 
259.0 60.0 101.0 92.0 
53.0 58.0 64.0 60.0 
142.0 60.0 70.0 78.0 
51.0 60.0 60.0 59.0 
259.0 62.0 100.0 90.0 
53.0 59.0 64.0 60.0 
115.0 60.0 68.0 76.0 
51.0 60.0 60.0 59.0 
256.0 61.0 99.0 89.0 
54.0 58.0 64.0 63.0 
110.0 58.0 68.0 74.0 
51.0 60.0 60.0 60.0 
254.0 62.0 96.0 88.0 
54.0 59.0 64.0 62.0 
97.0 58.0 67.0 74.0 
52.0 60.0 61.0 60.0 
253.0 60.0 94.0 88.0 
55.0 58.0 64.0 61.0 
82.0 60.0 66.0 70.0 
52.0 60.0 62.0 61.0 
250.0 61.0 89.0 87.0 
54.0 59.0 65.0 63.0 
77.0 60.0 66.0 70.0 
54.0 60.0 62.0 60.0 
210.0 60.0 100.0 86.0 
56.0 59.0 63.0 61.0 
83.0 59.0 65.0 70.0 
58.0 61.0 61.0 61.0 
177.0 60.0 131.0 94.0 
59.0 58.0 64.0 61.0 
78.0 59.0 65.0 70.0 
57.0 61.0 61.0 62.0 
179.0 59.0 119.0 91.0 
58.0 59.0 65.0 60.0 
77.0 60.0 66.0 70.0 
57.0 62.0 60.0 62.0 
177.0 61.0 120.0 93.0 
60.0 59.0 65.0 63.0 
60.0 59.0 61.0 62.0 
60.0 59.0 61.0 62.0 
168.0 60.0 123.0 94.0 
60.0 59.0 65.0 63.0 
61.0 60.0 61.0 62.0 
59.0 60.0 59.0 61.0 
171.0 61.0 136.0 109.0 
59.0 60.0 63.0 63.0 
60.0 59.0 59.0 62.0 
59.0 60.0 60.0 60.0 
136.0 60.0 137.0 117.0 
60.0 59.0 64.0 63.0 
61.0 59.0 60.0 61.0 
60.0 59.0 59.0 61.0 
126.0 59.0 137.0 117.0 
60.0 60.0 64.0 63.0 
61.0 59.0 61.0 62.0 
60.0 61.0 60.0 61.0 
137.0 60.0 132.0 117.0 
61.0 59.0 65.0 63.0 
61.0 59.0 62.0 61.0 
59.0 60.0 60.0 60.0 
102.0 60.0 136.0 120.0 
62.0 59.0 64.0 62.0 
61.0 59.0 62.0 63.0 
61.0 59.0 61.0 60.0 
98.0 60.0 130.0 118.0 
61.0 60.0 64.0 63.0 
61.0 60.0 61.0 63.0 
61.0 60.0 60.0 61.0 
103.0 60.0 126.0 126.0 
62.0 58.0 65.0 63.0 
60.0 60.0 61.0 62.0 
61.0 61.0 61.0 61.0 
107.0 60.0 105.0 115.0 
61.0 58.0 65.0 63.0 
61.0 60.0 60.0 63.0 
61.0 60.0 60.0 61.0 
97.0 59.0 106.0 116.0 
61.0 59.0 65.0 63.0 
61.0 59.0 62.0 62.0 
61.0 60.0 60.0 60.0 
96.0 59.0 106.0 112.0 
61.0 59.0 64.0 62.0 
60.0 60.0 62.0 63.0 
60.0 60.0 60.0 60.0 
108.0 60.0 104.0 108.0 
60.0 59.0 64.0 62.0 
60.0 60.0 62.0 63.0 
60.0 60.0 60.0 61.0 
96.0 60.0 103.0 101.0 
61.0 59.0 61.0 61.0 
61.0 60.0 62.0 63.0 
61.0 60.0 60.0 60.0 
120.0 60.0 104.0 115.0 
59.0 59.0 60.0 61.0 
60.0 59.0 61.0 63.0 
59.0 60.0 60.0 60.0 
125.0 60.0 104.0 118.0 
59.0 59.0 61.0 59.0 
60.0 59.0 64.0 62.0 
58.0 60.0 59.0 58.0 
130.0 59.0 106.0 135.0 
59.0 59.0 60.0 59.0 
60.0 59.0 63.0 62.0 
58.0 60.0 60.0 59.0 
132.0 60.0 102.0 141.0 
58.0 59.0 60.0 60.0 
60.0 59.0 63.0 61.0 
59.0 60.0 60.0 59.0 
139.0 60.0 99.0 148.0 
59.0 59.0 62.0 59.0 
59.0 60.0 63.0 61.0 
59.0 60.0 60.0 57.0 
144.0 59.0 98.0 150.0 
58.0 59.0 61.0 59.0 
59.0 59.0 62.0 61.0 
57.0 61.0 60.0 58.0 
159.0 60.0 103.0 184.0 
57.0 59.0 60.0 58.0 
58.0 60.0 63.0 60.0 
57.0 60.0 61.0 58.0 
162.0 61.0 100.0 192.0 
57.0 59.0 61.0 57.0 
59.0 60.0 63.0 59.0 
57.0 60.0 59.0 56.0 
159.0 60.0 96.0 181.0 
58.0 59.0 61.0 57.0 
58.0 59.0 63.0 59.0 
56.0 59.0 60.0 57.0 
215.0 59.0 97.0 195.0 
57.0 59.0 61.0 57.0 
58.0 60.0 62.0 60.0 
56.0 61.0 59.0 56.0 
223.0 61.0 97.0 191.0 
55.0 59.0 60.0 57.0 
56.0 60.0 63.0 60.0 
55.0 60.0 59.0 56.0 
234.0 60.0 93.0 183.0 
56.0 59.0 61.0 57.0 
56.0 60.0 63.0 60.0 
56.0 60.0 60.0 55.0 
234.0 60.0 90.0 158.0 
55.0 59.0 60.0 58.0 
57.0 60.0 63.0 61.0 
55.0 59.0 60.0 57.0 
220.0 61.0 90.0 158.0 
56.0 58.0 61.0 58.0 
56.0 59.0 64.0 61.0 
54.0 60.0 60.0 58.0 
247.0 61.0 92.0 166.0 
54.0 59.0 63.0 58.0 
55.0 60.0 63.0 61.0 
54.0 60.0 60.0 57.0 
249.0 60.0 94.0 183.0 
56.0 59.0 61.0 57.0 
57.0 59.0 63.0 59.0 
56.0 61.0 60.0 56.0 
251.0 60.0 94.0 184.0 
56.0 58.0 62.0 58.0 
57.0 59.0 63.0 60.0 
55.0 61.0 60.0 57.0 
190.0 61.0 93.0 178.0 
57.0 59.0 62.0 59.0 
57.0 59.0 63.0 59.0 
55.0 60.0 60.0 57.0 
215.0 60.0 95.0 182.0 
56.0 59.0 63.0 59.0 
57.0 59.0 64.0 60.0 
55.0 60.0 60.0 56.0 
199.0 59.0 93.0 180.0 
57.0 58.0 63.0 59.0 
57.0 62.0 63.0 60.0 
56.0 61.0 60.0 57.0 
191.0 60.0 93.0 176.0 
57.0 59.0 64.0 59.0 
58.0 60.0 63.0 60.0 
56.0 60.0 61.0 57.0 
225.0 60.0 96.0 185.0 
57.0 59.0 64.0 59.0 
57.0 59.0 63.0 59.0 
55.0 61.0 61.0 57.0 
216.0 60.0 96.0 177.0 
56.0 60.0 64.0 59.0 
57.0 61.0 63.0 60.0 
55.0 59.0 61.0 57.0 
240.0 61.0 94.0 176.0 
57.0 59.0 63.0 58.0 
56.0 59.0 63.0 59.0 
54.0 61.0 61.0 58.0 
262.0 61.0 98.0 182.0 
56.0 60.0 64.0 59.0 
56.0 60.0 63.0 59.0 
54.0 61.0 60.0 57.0 
251.0 61.0 95.0 175.0 
57.0 58.0 65.0 59.0 
57.0 59.0 63.0 60.0 
55.0 60.0 62.0 58.0 
237.0 61.0 94.0 156.0 
56.0 60.0 63.0 59.0 
57.0 59.0 63.0 61.0 
56.0 61.0 61.0 59.0 
228.0 60.0 93.0 149.0 
56.0 60.0 64.0 61.0 
57.0 59.0 64.0 61.0 
56.0 60.0 62.0 59.0 
225.0 60.0 88.0 138.0 
57.0 59.0 63.0 60.0 
57.0 59.0 63.0 61.0 
56.0 60.0 63.0 59.0 
228.0 60.0 87.0 134.0 
57.0 58.0 64.0 61.0 
56.0 59.0 64.0 61.0 
56.0 60.0 62.0 60.0 
226.0 60.0 87.0 133.0 
57.0 59.0 65.0 61.0 
57.0 60.0 63.0 61.0 
56.0 60.0 61.0 59.0 
230.0 60.0 85.0 127.0 
57.0 58.0 65.0 62.0 
58.0 60.0 64.0 61.0 
56.0 61.0 62.0 60.0 
246.0 60.0 88.0 127.0 
58.0 58.0 65.0 61.0 
56.0 59.0 63.0 62.0 
56.0 60.0 62.0 61.0 
286.0 60.0 89.0 130.0 
56.0 58.0 65.0 61.0 
55.0 60.0 64.0 61.0 
54.0 60.0 62.0 59.0 
302.0 61.0 91.0 134.0 
55.0 59.0 65.0 61.0 
55.0 59.0 64.0 61.0 
53.0 61.0 62.0 60.0 
320.0 61.0 93.0 137.0 
55.0 58.0 65.0 60.0 
54.0 58.0 64.0 62.0 
53.0 61.0 62.0 60.0 
322.0 61.0 91.0 136.0 
54.0 59.0 65.0 60.0 
55.0 60.0 64.0 61.0 
52.0 60.0 62.0 59.0 
339.0 62.0 93.0 138.0 
54.0 59.0 65.0 62.0 
54.0 60.0 64.0 62.0 
52.0 60.0 62.0 60.0 
311.0 62.0 88.0 133.0 
55.0 59.0 65.0 61.0 
56.0 60.0 65.0 61.0 
54.0 60.0 62.0 60.0 
333.0 61.0 89.0 135.0 
54.0 59.0 65.0 61.0 
54.0 58.0 65.0 62.0 
51.0 60.0 62.0 60.0 
283.0 61.0 89.0 131.0 
56.0 58.0 66.0 61.0 
56.0 59.0 64.0 60.0 
52.0 61.0 61.0 59.0 
316.0 61.0 90.0 129.0 
53.0 59.0 65.0 61.0 
56.0 58.0 64.0 62.0 
53.0 60.0 61.0 59.0 
292.0 61.0 89.0 121.0 
56.0 57.0 64.0 60.0 
55.0 59.0 65.0 61.0 
55.0 60.0 61.0 59.0 
286.0 61.0 88.0 121.0 
57.0 59.0 66.0 61.0 
57.0 59.0 64.0 62.0 
56.0 60.0 62.0 60.0 
259.0 60.0 89.0 119.0 
57.0 58.0 65.0 61.0 
57.0 60.0 64.0 62.0 
56.0 60.0 62.0 60.0 
262.0 61.0 89.0 120.0 
56.0 60.0 64.0 61.0 
56.0 59.0 64.0 62.0 
54.0 60.0 61.0 60.0 
293.0 61.0 92.0 125.0 
55.0 62.0 64.0 62.0 
55.0 60.0 64.0 62.0 
56.0 59.0 62.0 61.0 
243.0 61.0 91.0 122.0 
57.0 59.0 64.0 61.0 
57.0 59.0 65.0 63.0 
56.0 60.0 61.0 60.0 
267.0 61.0 93.0 123.0 
58.0 58.0 63.0 60.0 
58.0 59.0 64.0 62.0 
57.0 60.0 62.0 61.0 
256.0 62.0 93.0 123.0 
57.0 59.0 64.0 61.0 
56.0 60.0 63.0 61.0 
54.0 60.0 62.0 59.0 
264.0 61.0 94.0 124.0 
56.0 59.0 64.0 61.0 
56.0 60.0 63.0 62.0 
55.0 61.0 61.0 60.0 
287.0 61.0 94.0 127.0 
55.0 59.0 64.0 62.0 
54.0 60.0 64.0 61.0 
53.0 61.0 61.0 59.0 
288.0 61.0 94.0 126.0 
55.0 59.0 64.0 61.0 
55.0 59.0 64.0 62.0 
53.0 60.0 61.0 60.0 
275.0 62.0 95.0 119.0 
56.0 60.0 64.0 62.0 
57.0 58.0 64.0 62.0 
56.0 61.0 62.0 59.0 
232.0 61.0 90.0 98.0 
58.0 58.0 64.0 62.0 
58.0 60.0 62.0 63.0 
57.0 59.0 61.0 61.0 
228.0 60.0 91.0 91.0 
58.0 59.0 65.0 63.0 
59.0 59.0 64.0 63.0 
57.0 60.0 62.0 61.0 
221.0 60.0 92.0 92.0 
59.0 59.0 65.0 62.0 
59.0 59.0 64.0 64.0 
58.0 60.0 62.0 62.0 
253.0 61.0 92.0 94.0 
57.0 59.0 65.0 63.0 
57.0 60.0 64.0 64.0 
55.0 60.0 62.0 61.0 
237.0 61.0 90.0 90.0 
56.0 58.0 65.0 63.0 
58.0 58.0 64.0 63.0 
55.0 61.0 62.0 61.0 
229.0 61.0 90.0 88.0 
58.0 59.0 64.0 62.0 
57.0 59.0 61.0 62.0 
56.0 60.0 61.0 62.0 
215.0 60.0 90.0 88.0 
57.0 59.0 64.0 63.0 
57.0 59.0 64.0 64.0 
57.0 60.0 61.0 61.0 
204.0 60.0 91.0 87.0 
58.0 59.0 65.0 62.0 
59.0 60.0 65.0 64.0 
58.0 60.0 62.0 61.0 
196.0 60.0 90.0 85.0 
58.0 58.0 64.0 64.0 
59.0 60.0 64.0 63.0 
56.0 60.0 61.0 61.0 
215.0 60.0 90.0 88.0 
57.0 59.0 65.0 62.0 
57.0 59.0 63.0 63.0 
55.0 61.0 61.0 61.0 
213.0 60.0 90.0 85.0 
57.0 60.0 64.0 62.0 
57.0 59.0 64.0 63.0 
55.0 60.0 61.0 61.0 
207.0 61.0 90.0 85.0 
57.0 59.0 65.0 63.0 
59.0 59.0 64.0 64.0 
57.0 60.0 61.0 62.0 
206.0 60.0 89.0 84.0 
58.0 59.0 65.0 63.0 
58.0 59.0 64.0 64.0 
58.0 61.0 61.0 61.0 
206.0 60.0 90.0 84.0 
58.0 58.0 64.0 62.0 
58.0 59.0 64.0 64.0 
57.0 61.0 61.0 61.0 
208.0 60.0 90.0 86.0 
56.0 58.0 64.0 63.0 
57.0 59.0 63.0 63.0 
56.0 62.0 61.0 62.0 
206.0 60.0 91.0 85.0 
57.0 58.0 65.0 63.0 
58.0 59.0 64.0 64.0 
57.0 60.0 61.0 61.0 
207.0 61.0 89.0 84.0 
57.0 59.0 64.0 62.0 
57.0 61.0 64.0 64.0 
57.0 59.0 61.0 61.0 
201.0 60.0 89.0 84.0 
57.0 59.0 65.0 63.0 
57.0 59.0 64.0 63.0 
55.0 60.0 62.0 61.0 
201.0 61.0 90.0 84.0 
57.0 59.0 65.0 63.0 
56.0 61.0 62.0 64.0 
56.0 60.0 61.0 61.0 
218.0 60.0 89.0 86.0 
57.0 59.0 64.0 62.0 
57.0 59.0 62.0 64.0 
56.0 60.0 61.0 62.0 
214.0 60.0 90.0 85.0 
57.0 57.0 64.0 63.0 
57.0 58.0 64.0 64.0 
56.0 60.0 61.0 62.0 
216.0 60.0 90.0 86.0 
57.0 59.0 64.0 63.0 
56.0 59.0 63.0 65.0 
55.0 60.0 61.0 61.0 
199.0 60.0 90.0 84.0 
57.0 59.0 64.0 62.0 
58.0 59.0 65.0 63.0 
56.0 60.0 62.0 61.0 
194.0 61.0 90.0 83.0 
58.0 59.0 64.0 62.0 
58.0 60.0 65.0 64.0 
56.0 60.0 61.0 61.0 
189.0 60.0 90.0 83.0 
57.0 59.0 64.0 63.0 
57.0 60.0 64.0 65.0 
57.0 59.0 62.0 61.0 
180.0 60.0 88.0 82.0 
59.0 58.0 65.0 62.0 
59.0 59.0 64.0 64.0 
57.0 60.0 60.0 62.0 
181.0 60.0 88.0 81.0 
58.0 59.0 64.0 63.0 
59.0 59.0 64.0 64.0 
56.0 60.0 62.0 62.0 
184.0 60.0 88.0 82.0 
58.0 59.0 64.0 62.0 
58.0 59.0 64.0 62.0 
56.0 60.0 61.0 61.0 
168.0 60.0 87.0 80.0 
60.0 58.0 65.0 63.0 
59.0 60.0 63.0 64.0 
57.0 60.0 61.0 61.0 
174.0 60.0 88.0 81.0 
59.0 59.0 64.0 63.0 
60.0 60.0 63.0 63.0 
59.0 60.0 61.0 62.0 
186.0 61.0 88.0 82.0 
57.0 59.0 64.0 62.0 
57.0 59.0 63.0 63.0 
56.0 60.0 62.0 61.0 
194.0 60.0 89.0 83.0 
57.0 58.0 65.0 63.0 
57.0 59.0 63.0 64.0 
57.0 61.0 62.0 60.0 
194.0 59.0 89.0 83.0 
58.0 59.0 64.0 63.0 
57.0 59.0 63.0 64.0 
57.0 60.0 60.0 61.0 
193.0 61.0 88.0 83.0 
57.0 59.0 65.0 63.0 
57.0 58.0 63.0 64.0 
57.0 60.0 61.0 61.0 
193.0 60.0 89.0 83.0 
57.0 59.0 64.0 62.0 
58.0 59.0 64.0 64.0 
56.0 60.0 61.0 62.0 
192.0 61.0 89.0 83.0 
57.0 58.0 65.0 63.0 
58.0 59.0 63.0 63.0 
56.0 60.0 61.0 61.0 
189.0 60.0 89.0 83.0 
57.0 59.0 65.0 63.0 
57.0 60.0 64.0 63.0 
57.0 61.0 61.0 62.0 
189.0 59.0 90.0 83.0 
58.0 58.0 65.0 62.0 
57.0 59.0 64.0 64.0 
56.0 59.0 61.0 60.0 
189.0 60.0 88.0 83.0 
56.0 60.0 61.0 61.0 
57.0 60.0 63.0 63.0 
55.0 60.0 62.0 61.0 
185.0 60.0 88.0 83.0 
56.0 59.0 62.0 61.0 
58.0 59.0 64.0 64.0 
56.0 60.0 61.0 60.0 
185.0 60.0 87.0 83.0 
57.0 59.0 64.0 62.0 
57.0 60.0 63.0 63.0 
55.0 60.0 60.0 61.0 
184.0 60.0 88.0 82.0 
57.0 59.0 64.0 63.0 
58.0 59.0 64.0 63.0 
56.0 60.0 61.0 61.0 
182.0 60.0 83.0 81.0 
56.0 60.0 61.0 61.0 
58.0 59.0 65.0 63.0 
56.0 61.0 61.0 60.0 
184.0 59.0 82.0 80.0 
56.0 58.0 62.0 61.0 
57.0 60.0 64.0 64.0 
57.0 60.0 60.0 61.0 
182.0 61.0 82.0 81.0 
56.0 59.0 62.0 61.0 
58.0 59.0 64.0 63.0 
55.0 60.0 61.0 61.0 
182.0 60.0 81.0 80.0 
57.0 58.0 62.0 61.0 
59.0 58.0 65.0 64.0 
56.0 60.0 61.0 61.0 
182.0 61.0 81.0 80.0 
58.0 59.0 62.0 60.0 
58.0 60.0 64.0 65.0 
56.0 60.0 61.0 61.0 
182.0 60.0 81.0 80.0 
56.0 59.0 62.0 60.0 
58.0 59.0 66.0 64.0 
56.0 60.0 62.0 61.0 
183.0 60.0 80.0 80.0 
56.0 59.0 61.0 61.0 
58.0 60.0 65.0 63.0 
57.0 59.0 62.0 61.0 
182.0 60.0 81.0 80.0 
57.0 59.0 61.0 60.0 
57.0 59.0 65.0 64.0 
56.0 60.0 62.0 61.0 
182.0 60.0 79.0 79.0 
56.0 58.0 62.0 61.0 
57.0 59.0 65.0 64.0 
57.0 60.0 62.0 61.0 
183.0 60.0 79.0 79.0 
56.0 59.0 62.0 60.0 
57.0 60.0 64.0 64.0 
56.0 60.0 62.0 61.0 
183.0 61.0 77.0 80.0 
56.0 59.0 62.0 60.0 
58.0 59.0 64.0 63.0 
57.0 59.0 62.0 62.0 
182.0 60.0 78.0 79.0 
56.0 59.0 62.0 61.0 
58.0 59.0 64.0 63.0 
57.0 60.0 61.0 62.0 
184.0 59.0 78.0 79.0 
56.0 58.0 62.0 60.0 
58.0 59.0 64.0 64.0 
57.0 61.0 62.0 61.0 
183.0 60.0 79.0 80.0 
56.0 58.0 62.0 61.0 
59.0 59.0 65.0 63.0 
56.0 59.0 62.0 61.0 
182.0 60.0 80.0 80.0 
56.0 59.0 61.0 61.0 
57.0 60.0 64.0 64.0 
56.0 60.0 61.0 62.0 
183.0 60.0 80.0 80.0 
56.0 59.0 62.0 61.0 
57.0 59.0 65.0 63.0 
56.0 60.0 62.0 61.0 
184.0 60.0 80.0 80.0 
56.0 58.0 62.0 60.0 
58.0 58.0 64.0 63.0 
56.0 60.0 62.0 61.0 
183.0 60.0 79.0 81.0 
57.0 58.0 62.0 60.0 
58.0 59.0 64.0 63.0 
57.0 60.0 61.0 62.0 
183.0 59.0 81.0 80.0 
56.0 59.0 61.0 60.0 
58.0 60.0 65.0 64.0 
56.0 60.0 61.0 61.0 
183.0 60.0 81.0 80.0 
56.0 58.0 62.0 60.0 
58.0 59.0 64.0 64.0 
56.0 60.0 62.0 61.0 
183.0 60.0 81.0 82.0 
57.0 59.0 61.0 61.0 
58.0 59.0 64.0 65.0 
57.0 60.0 62.0 61.0 
183.0 60.0 80.0 81.0 
57.0 58.0 61.0 61.0 
58.0 59.0 66.0 63.0 
55.0 60.0 61.0 61.0 
183.0 61.0 81.0 81.0 
56.0 59.0 60.0 60.0 
58.0 60.0 65.0 62.0 
56.0 60.0 61.0 61.0 
184.0 60.0 80.0 80.0 
55.0 58.0 62.0 59.0 
57.0 59.0 63.0 64.0 
55.0 60.0 61.0 62.0 
183.0 59.0 81.0 80.0 
57.0 59.0 63.0 60.0 
57.0 60.0 65.0 64.0 
56.0 60.0 61.0 61.0 
183.0 60.0 79.0 79.0 
56.0 60.0 62.0 60.0 
58.0 58.0 66.0 63.0 
56.0 60.0 62.0 62.0 
183.0 59.0 80.0 80.0 
56.0 58.0 62.0 61.0 
58.0 59.0 64.0 63.0 
56.0 60.0 61.0 61.0 
182.0 61.0 79.0 80.0 
56.0 59.0 62.0 60.0 
57.0 58.0 65.0 63.0 
56.0 60.0 61.0 61.0 
182.0 60.0 80.0 80.0 
56.0 58.0 61.0 60.0 
58.0 59.0 65.0 64.0 
57.0 60.0 61.0 61.0 
182.0 59.0 80.0 80.0 
57.0 58.0 62.0 61.0 
57.0 59.0 65.0 63.0 
56.0 59.0 61.0 61.0 
182.0 60.0 80.0 79.0 
56.0 59.0 62.0 61.0 
57.0 59.0 64.0 64.0 
56.0 60.0 62.0 62.0 
182.0 61.0 80.0 80.0 
56.0 59.0 62.0 60.0 
58.0 59.0 65.0 63.0 
56.0 60.0 62.0 61.0 
182.0 59.0 80.0 81.0 
56.0 59.0 62.0 60.0 
57.0 59.0 64.0 63.0 
56.0 60.0 61.0 61.0 
183.0 59.0 80.0 80.0 
58.0 59.0 62.0 61.0 
59.0 59.0 65.0 64.0 
59.0 59.0 61.0 60.0 
183.0 60.0 80.0 80.0 
56.0 59.0 62.0 61.0 
58.0 59.0 64.0 63.0 
56.0 59.0 60.0 62.0 
182.0 60.0 79.0 79.0 
56.0 58.0 62.0 61.0 
58.0 59.0 65.0 63.0 
56.0 60.0 61.0 61.0 
182.0 60.0 79.0 80.0 
56.0 59.0 62.0 60.0 
57.0 59.0 64.0 64.0 
56.0 60.0 62.0 61.0 
181.0 60.0 78.0 80.0 
56.0 59.0 62.0 61.0 
58.0 60.0 63.0 63.0 
56.0 60.0 61.0 62.0 
181.0 60.0 77.0 79.0 
56.0 59.0 62.0 60.0 
57.0 61.0 65.0 64.0 
56.0 59.0 62.0 61.0 
181.0 59.0 79.0 79.0 
56.0 59.0 62.0 61.0 
57.0 58.0 65.0 64.0 
56.0 60.0 62.0 61.0 
181.0 60.0 78.0 79.0 
56.0 59.0 62.0 61.0 
57.0 59.0 64.0 64.0 
56.0 59.0 61.0 61.0 
181.0 59.0 79.0 80.0 
55.0 59.0 61.0 61.0 
58.0 59.0 65.0 64.0 
56.0 60.0 61.0 61.0 
182.0 60.0 78.0 79.0 
56.0 58.0 62.0 61.0 
58.0 58.0 64.0 64.0 
57.0 60.0 62.0 61.0 
181.0 60.0 79.0 80.0 
55.0 58.0 63.0 60.0 
57.0 59.0 65.0 64.0 
56.0 59.0 61.0 61.0 
181.0 59.0 79.0 79.0 
56.0 59.0 62.0 60.0 
57.0 59.0 64.0 63.0 
57.0 60.0 61.0 62.0 
181.0 59.0 79.0 79.0 
56.0 59.0 61.0 61.0 
58.0 59.0 65.0 63.0 
55.0 61.0 60.0 62.0 
182.0 60.0 78.0 79.0 
56.0 59.0 62.0 61.0 
57.0 61.0 64.0 64.0 
55.0 60.0 62.0 60.0 
181.0 61.0 77.0 80.0 
56.0 58.0 63.0 61.0 
58.0 60.0 65.0 64.0 
56.0 61.0 61.0 61.0 
180.0 60.0 78.0 79.0 
56.0 59.0 62.0 61.0 
58.0 59.0 65.0 63.0 
56.0 60.0 61.0 61.0 
181.0 59.0 78.0 79.0 
56.0 60.0 62.0 61.0 
59.0 59.0 66.0 63.0 
56.0 60.0 61.0 62.0 
181.0 60.0 75.0 79.0 
56.0 57.0 62.0 60.0 
58.0 59.0 65.0 63.0 
56.0 60.0 62.0 61.0 
179.0 59.0 77.0 79.0 
56.0 59.0 61.0 61.0 
57.0 59.0 64.0 63.0 
56.0 59.0 61.0 61.0 
181.0 60.0 77.0 78.0 
55.0 58.0 62.0 61.0 
58.0 60.0 64.0 64.0 
56.0 60.0 61.0 62.0 
180.0 60.0 77.0 79.0 
56.0 59.0 63.0 61.0 
58.0 59.0 66.0 63.0 
56.0 60.0 62.0 61.0 
181.0 60.0 76.0 79.0 
56.0 58.0 63.0 61.0 
57.0 61.0 64.0 64.0 
57.0 60.0 62.0 62.0 
182.0 60.0 78.0 80.0 
57.0 58.0 61.0 61.0 
57.0 59.0 64.0 63.0 
56.0 60.0 62.0 61.0 
182.0 60.0 77.0 79.0 
56.0 60.0 61.0 61.0 
58.0 60.0 64.0 63.0 
56.0 60.0 61.0 62.0 
183.0 60.0 79.0 80.0 
56.0 59.0 62.0 60.0 
58.0 60.0 64.0 63.0 
56.0 60.0 61.0 62.0 
181.0 60.0 78.0 79.0 
56.0 58.0 62.0 61.0 
58.0 59.0 65.0 63.0 
56.0 59.0 61.0 61.0 
182.0 60.0 78.0 79.0 
57.0 59.0 61.0 61.0 
58.0 59.0 64.0 63.0 
57.0 60.0 62.0 61.0 
181.0 60.0 81.0 80.0 
56.0 57.0 62.0 61.0 
60.0 59.0 64.0 63.0 
57.0 59.0 62.0 61.0 
182.0 60.0 82.0 80.0 
55.0 60.0 62.0 60.0 
57.0 60.0 64.0 64.0 
56.0 60.0 61.0 62.0 
184.0 60.0 83.0 80.0 
56.0 59.0 61.0 60.0 
58.0 59.0 64.0 64.0 
56.0 61.0 62.0 61.0 
187.0 59.0 81.0 81.0 
56.0 59.0 62.0 61.0 
58.0 59.0 65.0 63.0 
56.0 60.0 60.0 62.0 
187.0 59.0 80.0 81.0 
56.0 59.0 62.0 61.0 
57.0 59.0 64.0 64.0 
56.0 60.0 61.0 61.0 
187.0 60.0 80.0 81.0 
56.0 58.0 61.0 61.0 
58.0 59.0 62.0 64.0 
56.0 59.0 61.0 61.0 
187.0 60.0 80.0 81.0 
56.0 59.0 61.0 60.0 
58.0 59.0 64.0 63.0 
56.0 60.0 62.0 61.0 
187.0 60.0 80.0 81.0 
56.0 59.0 62.0 60.0 
57.0 60.0 65.0 63.0 
56.0 60.0 62.0 61.0 
187.0 60.0 79.0 81.0 
57.0 58.0 61.0 61.0 
58.0 60.0 64.0 64.0 
56.0 60.0 61.0 62.0 
186.0 59.0 80.0 80.0 
56.0 59.0 61.0 60.0 
58.0 58.0 63.0 64.0 
57.0 61.0 62.0 61.0 
186.0 60.0 80.0 80.0 
56.0 58.0 62.0 60.0 
57.0 60.0 64.0 64.0 
56.0 60.0 62.0 61.0 
188.0 60.0 80.0 81.0 
56.0 59.0 61.0 61.0 
57.0 59.0 64.0 64.0 
56.0 60.0 62.0 61.0 
187.0 60.0 79.0 80.0 
56.0 59.0 62.0 61.0 
57.0 60.0 64.0 64.0 
56.0 60.0 62.0 61.0 
186.0 60.0 79.0 80.0 
56.0 58.0 62.0 61.0 
57.0 59.0 64.0 63.0 
57.0 60.0 62.0 62.0 
187.0 60.0 80.0 80.0 
56.0 59.0 62.0 60.0 
57.0 59.0 64.0 64.0 
56.0 60.0 62.0 61.0 
187.0 60.0 79.0 80.0 
56.0 59.0 62.0 61.0 
57.0 59.0 64.0 64.0 
56.0 60.0 62.0 60.0 
188.0 60.0 80.0 79.0 
56.0 60.0 62.0 61.0 
57.0 59.0 64.0 64.0 
57.0 60.0 62.0 62.0 
186.0 61.0 81.0 80.0 
56.0 60.0 62.0 61.0 
58.0 60.0 64.0 64.0 
57.0 59.0 63.0 61.0 
186.0 60.0 80.0 79.0 
56.0 59.0 62.0 60.0 
57.0 59.0 64.0 64.0 
56.0 60.0 61.0 61.0 
185.0 60.0 81.0 80.0 
57.0 59.0 62.0 61.0 
58.0 59.0 64.0 64.0 
57.0 59.0 62.0 61.0 
186.0 59.0 81.0 80.0 
56.0 59.0 62.0 61.0 
58.0 59.0 64.0 64.0 
57.0 59.0 61.0 61.0 
185.0 60.0 80.0 81.0 
56.0 59.0 62.0 60.0 
58.0 59.0 64.0 63.0 
56.0 60.0 61.0 62.0 
185.0 60.0 80.0 81.0 
56.0 59.0 61.0 61.0 
58.0 59.0 64.0 64.0 
56.0 61.0 62.0 60.0 
183.0 60.0 80.0 81.0 
56.0 59.0 61.0 61.0 
57.0 59.0 65.0 64.0 
56.0 60.0 61.0 61.0 
183.0 59.0 81.0 80.0 
56.0 59.0 61.0 61.0 
57.0 59.0 63.0 64.0 
56.0 60.0 61.0 61.0 
183.0 60.0 81.0 80.0 
56.0 58.0 62.0 61.0 
57.0 59.0 64.0 63.0 
56.0 60.0 61.0 61.0 
182.0 60.0 80.0 79.0 
57.0 59.0 61.0 61.0 
58.0 60.0 64.0 63.0 
56.0 60.0 62.0 61.0 
180.0 59.0 81.0 80.0 
56.0 59.0 62.0 61.0 
58.0 60.0 65.0 63.0 
56.0 60.0 61.0 62.0 
180.0 58.0 82.0 80.0 
56.0 58.0 62.0 61.0 
58.0 59.0 65.0 63.0 
57.0 60.0 61.0 61.0 
180.0 59.0 82.0 80.0 
56.0 59.0 61.0 61.0 
58.0 59.0 64.0 64.0 
57.0 60.0 62.0 60.0 
178.0 60.0 82.0 81.0 
56.0 59.0 61.0 61.0 
59.0 59.0 64.0 64.0 
56.0 60.0 62.0 62.0 
176.0 59.0 81.0 78.0 
57.0 60.0 61.0 61.0 
58.0 59.0 64.0 63.0 
56.0 60.0 61.0 61.0 
176.0 61.0 81.0 79.0 
56.0 59.0 61.0 61.0 
58.0 59.0 65.0 63.0 
56.0 59.0 61.0 61.0 
178.0 60.0 83.0 80.0 
56.0 58.0 61.0 61.0 
58.0 60.0 64.0 63.0 
57.0 60.0 61.0 61.0 
178.0 59.0 81.0 79.0 
56.0 60.0 61.0 60.0 
58.0 59.0 64.0 63.0 
57.0 60.0 62.0 60.0 
179.0 60.0 81.0 79.0 
56.0 59.0 61.0 61.0 
58.0 60.0 63.0 64.0 
56.0 60.0 62.0 62.0 
180.0 61.0 80.0 79.0 
57.0 58.0 62.0 60.0 
58.0 59.0 63.0 63.0 
56.0 60.0 63.0 61.0 
179.0 59.0 79.0 79.0 
56.0 58.0 62.0 60.0 
57.0 59.0 64.0 63.0 
56.0 60.0 62.0 61.0 
181.0 60.0 79.0 80.0 
56.0 59.0 62.0 61.0 
59.0 59.0 66.0 63.0 
56.0 60.0 62.0 61.0 
180.0 60.0 82.0 80.0 
56.0 57.0 62.0 61.0 
58.0 59.0 65.0 64.0 
56.0 59.0 61.0 61.0 
180.0 60.0 79.0 79.0 
57.0 58.0 63.0 61.0 
58.0 59.0 65.0 63.0 
57.0 60.0 62.0 61.0 
181.0 60.0 79.0 79.0 
57.0 59.0 62.0 61.0 
57.0 59.0 64.0 63.0 
56.0 60.0 62.0 61.0 
182.0 60.0 82.0 80.0 
56.0 59.0 62.0 60.0 
58.0 61.0 65.0 64.0 
56.0 60.0 62.0 61.0 
182.0 60.0 81.0 80.0 
56.0 59.0 61.0 60.0 
58.0 59.0 65.0 64.0 
56.0 60.0 63.0 61.0 
182.0 60.0 82.0 80.0 
57.0 59.0 62.0 61.0 
58.0 60.0 64.0 64.0 
57.0 60.0 62.0 61.0 
183.0 60.0 82.0 80.0 
56.0 58.0 61.0 60.0 
57.0 60.0 64.0 63.0 
57.0 59.0 62.0 61.0 
180.0 59.0 80.0 80.0 
56.0 59.0 62.0 60.0 
57.0 60.0 64.0 63.0 
56.0 60.0 61.0 61.0 
180.0 61.0 81.0 80.0 
57.0 59.0 61.0 62.0 
58.0 60.0 66.0 64.0 
57.0 60.0 61.0 61.0 
180.0 60.0 80.0 80.0 
56.0 59.0 61.0 61.0 
57.0 59.0 64.0 64.0 
56.0 60.0 62.0 61.0 
180.0 60.0 81.0 80.0 
57.0 60.0 61.0 60.0 
58.0 59.0 64.0 64.0 
56.0 60.0 62.0 62.0 
177.0 60.0 80.0 81.0 
58.0 59.0 62.0 61.0 
58.0 60.0 64.0 63.0 
56.0 60.0 62.0 62.0 
177.0 60.0 79.0 80.0 
56.0 59.0 61.0 60.0 
58.0 59.0 64.0 63.0 
57.0 59.0 62.0 61.0 
174.0 60.0 80.0 79.0 
56.0 58.0 63.0 61.0 
57.0 60.0 64.0 64.0 
56.0 60.0 61.0 61.0 
173.0 60.0 80.0 79.0 
56.0 59.0 61.0 60.0 
58.0 59.0 65.0 64.0 
57.0 60.0 62.0 61.0 
170.0 60.0 81.0 79.0 
56.0 58.0 62.0 61.0 
58.0 60.0 64.0 64.0 
57.0 60.0 62.0 61.0 
169.0 60.0 79.0 79.0 
57.0 59.0 62.0 60.0 
58.0 59.0 63.0 64.0 
57.0 60.0 62.0 61.0 
167.0 60.0 79.0 80.0 
57.0 59.0 61.0 61.0 
58.0 59.0 64.0 63.0 
58.0 60.0 61.0 61.0 
167.0 60.0 80.0 78.0 
58.0 59.0 61.0 61.0 
60.0 59.0 64.0 63.0 
57.0 60.0 63.0 62.0 
170.0 59.0 80.0 79.0 
57.0 59.0 62.0 61.0 
59.0 59.0 64.0 64.0 
57.0 60.0 61.0 61.0 
167.0 59.0 80.0 79.0 
56.0 59.0 62.0 61.0 
58.0 59.0 64.0 64.0 
57.0 60.0 62.0 62.0 
169.0 60.0 81.0 79.0 
59.0 58.0 62.0 60.0 
60.0 59.0 64.0 64.0 
57.0 60.0 62.0 61.0 
171.0 60.0 81.0 77.0 
56.0 59.0 61.0 61.0 
58.0 60.0 65.0 64.0 
56.0 60.0 61.0 61.0 
166.0 60.0 80.0 80.0 
57.0 59.0 61.0 60.0 
59.0 60.0 65.0 64.0 
57.0 60.0 62.0 62.0 
166.0 60.0 81.0 79.0 
57.0 58.0 61.0 60.0 
59.0 59.0 65.0 64.0 
57.0 61.0 62.0 62.0 
162.0 60.0 81.0 80.0 
58.0 58.0 62.0 61.0 
59.0 61.0 63.0 64.0 
58.0 60.0 61.0 61.0 
164.0 60.0 81.0 79.0 
57.0 59.0 61.0 61.0 
60.0 59.0 65.0 64.0 
59.0 60.0 61.0 61.0 
167.0 61.0 82.0 79.0 
57.0 60.0 61.0 61.0 
60.0 59.0 65.0 64.0 
59.0 60.0 62.0 62.0 
165.0 59.0 81.0 79.0 
58.0 59.0 61.0 61.0 
59.0 60.0 65.0 64.0 
59.0 60.0 61.0 62.0 
164.0 60.0 82.0 79.0 
58.0 58.0 61.0 61.0 
59.0 59.0 64.0 64.0 
58.0 59.0 62.0 62.0 
159.0 61.0 80.0 79.0 
58.0 60.0 62.0 61.0 
60.0 59.0 64.0 64.0 
58.0 60.0 61.0 62.0 
164.0 60.0 79.0 78.0 
59.0 59.0 61.0 61.0 
61.0 59.0 65.0 64.0 
59.0 60.0 61.0 61.0 
154.0 60.0 79.0 77.0 
59.0 59.0 61.0 61.0 
61.0 59.0 63.0 64.0 
60.0 60.0 62.0 61.0 
152.0 60.0 80.0 78.0 
58.0 58.0 61.0 61.0 
60.0 59.0 64.0 64.0 
60.0 60.0 61.0 62.0 
153.0 60.0 80.0 77.0 
58.0 59.0 62.0 61.0 
60.0 60.0 64.0 64.0 
58.0 61.0 60.0 62.0 
153.0 60.0 81.0 78.0 
60.0 59.0 60.0 62.0 
61.0 60.0 64.0 64.0 
59.0 60.0 61.0 62.0 
145.0 60.0 81.0 77.0 
59.0 60.0 61.0 60.0 
61.0 60.0 64.0 64.0 
60.0 60.0 62.0 60.0 
148.0 59.0 82.0 78.0 
59.0 58.0 62.0 60.0 
63.0 59.0 64.0 64.0 
60.0 60.0 62.0 62.0 
132.0 60.0 81.0 77.0 
60.0 59.0 62.0 60.0 
61.0 59.0 65.0 63.0 
60.0 60.0 61.0 62.0 
143.0 60.0 81.0 79.0 
59.0 59.0 61.0 60.0 
61.0 60.0 64.0 63.0 
61.0 61.0 60.0 63.0 
145.0 60.0 82.0 77.0 
59.0 59.0 63.0 61.0 
61.0 59.0 64.0 63.0 
60.0 60.0 62.0 62.0 
145.0 59.0 83.0 77.0 
59.0 58.0 62.0 61.0 
61.0 59.0 64.0 64.0 
60.0 60.0 62.0 61.0 
155.0 59.0 81.0 78.0 
58.0 60.0 62.0 61.0 
60.0 59.0 64.0 64.0 
60.0 59.0 61.0 61.0 
156.0 60.0 80.0 78.0 
59.0 58.0 62.0 60.0 
61.0 59.0 64.0 62.0 
59.0 60.0 62.0 62.0 
154.0 61.0 81.0 77.0 
59.0 59.0 61.0 62.0 
59.0 59.0 64.0 63.0 
60.0 60.0 61.0 61.0 
161.0 60.0 80.0 78.0 
58.0 59.0 62.0 61.0 
60.0 60.0 64.0 64.0 
58.0 61.0 62.0 61.0 
159.0 59.0 79.0 77.0 
59.0 58.0 62.0 61.0 
60.0 59.0 65.0 64.0 
59.0 60.0 61.0 62.0 
159.0 58.0 80.0 79.0 
58.0 58.0 62.0 61.0 
61.0 59.0 64.0 64.0 
60.0 60.0 61.0 62.0 
153.0 59.0 79.0 77.0 
57.0 60.0 60.0 60.0 
60.0 60.0 64.0 63.0 
59.0 60.0 62.0 62.0 
155.0 60.0 80.0 77.0 
58.0 58.0 61.0 61.0 
61.0 57.0 63.0 63.0 
59.0 60.0 62.0 62.0 
156.0 60.0 80.0 78.0 
59.0 58.0 61.0 61.0 
62.0 59.0 64.0 64.0 
59.0 60.0 62.0 61.0 
157.0 59.0 79.0 78.0 
59.0 59.0 61.0 61.0 
60.0 60.0 65.0 64.0 
60.0 60.0 61.0 62.0 
155.0 60.0 81.0 78.0 
58.0 59.0 62.0 61.0 
60.0 59.0 64.0 64.0 
59.0 60.0 62.0 62.0 
156.0 59.0 83.0 79.0 
58.0 58.0 64.0 60.0 
59.0 60.0 64.0 64.0 
59.0 60.0 62.0 61.0 
154.0 61.0 82.0 79.0 
58.0 58.0 61.0 61.0 
59.0 59.0 64.0 64.0 
58.0 60.0 62.0 62.0 
150.0 60.0 84.0 79.0 
58.0 59.0 62.0 61.0 
60.0 59.0 64.0 64.0 
59.0 60.0 61.0 62.0 
156.0 59.0 83.0 78.0 
58.0 59.0 61.0 60.0 
60.0 59.0 65.0 63.0 
59.0 59.0 62.0 62.0 
157.0 59.0 83.0 78.0 
59.0 58.0 62.0 61.0 
60.0 59.0 66.0 63.0 
59.0 59.0 61.0 62.0 
152.0 61.0 81.0 78.0 
59.0 59.0 61.0 60.0 
61.0 59.0 64.0 63.0 
60.0 59.0 62.0 61.0 
155.0 59.0 80.0 77.0 
59.0 58.0 61.0 60.0 
61.0 60.0 65.0 64.0 
60.0 61.0 62.0 61.0 
156.0 59.0 81.0 77.0 
58.0 59.0 61.0 61.0 
60.0 59.0 64.0 64.0 
59.0 59.0 61.0 61.0 
154.0 60.0 84.0 77.0 
58.0 58.0 61.0 61.0 
59.0 60.0 64.0 64.0 
59.0 60.0 62.0 61.0 
158.0 59.0 83.0 78.0 
58.0 60.0 61.0 61.0 
60.0 59.0 64.0 64.0 
60.0 60.0 61.0 62.0 
157.0 60.0 82.0 78.0 
59.0 59.0 61.0 60.0 
61.0 60.0 63.0 65.0 
59.0 59.0 62.0 62.0 
151.0 59.0 84.0 78.0 
59.0 58.0 62.0 61.0 
61.0 59.0 64.0 64.0 
60.0 61.0 61.0 62.0 
148.0 60.0 83.0 77.0 
59.0 58.0 63.0 60.0 
61.0 60.0 64.0 64.0 
60.0 60.0 62.0 62.0 
153.0 60.0 83.0 78.0 
59.0 59.0 62.0 60.0 
61.0 58.0 64.0 64.0 
59.0 61.0 61.0 61.0 
147.0 60.0 84.0 78.0 
58.0 59.0 62.0 61.0 
60.0 60.0 64.0 64.0 
60.0 61.0 62.0 62.0 
155.0 60.0 83.0 78.0 
59.0 59.0 62.0 60.0 
61.0 58.0 64.0 63.0 
60.0 61.0 61.0 62.0 
155.0 60.0 83.0 78.0 
59.0 58.0 61.0 61.0 
60.0 59.0 64.0 63.0 
59.0 60.0 62.0 63.0 
157.0 60.0 83.0 78.0 
59.0 59.0 60.0 61.0 
61.0 59.0 64.0 63.0 
60.0 59.0 61.0 62.0 
152.0 60.0 83.0 79.0 
59.0 59.0 61.0 61.0 
60.0 60.0 64.0 64.0 
59.0 60.0 62.0 61.0 
140.0 59.0 83.0 77.0 
59.0 59.0 61.0 61.0 
62.0 59.0 64.0 63.0 
60.0 60.0 61.0 62.0 
150.0 60.0 82.0 77.0 
59.0 59.0 62.0 61.0 
59.0 60.0 64.0 64.0 
59.0 60.0 62.0 62.0 
154.0 60.0 83.0 78.0 
59.0 57.0 61.0 61.0 
60.0 59.0 64.0 63.0 
58.0 60.0 61.0 62.0 
150.0 60.0 83.0 80.0 
58.0 59.0 61.0 61.0 
60.0 61.0 64.0 63.0 
59.0 60.0 62.0 61.0 
159.0 59.0 82.0 79.0 
58.0 60.0 61.0 61.0 
60.0 59.0 64.0 64.0 
59.0 60.0 61.0 62.0 
154.0 59.0 82.0 78.0 
59.0 59.0 61.0 60.0 
61.0 59.0 64.0 63.0 
60.0 60.0 62.0 62.0 
151.0 60.0 80.0 73.0 
58.0 59.0 62.0 61.0 
61.0 59.0 65.0 64.0 
60.0 60.0 62.0 62.0 
120.0 60.0 80.0 73.0 
60.0 59.0 61.0 60.0 
61.0 59.0 64.0 64.0 
60.0 60.0 61.0 62.0 
123.0 60.0 81.0 74.0 
59.0 60.0 61.0 60.0 
61.0 59.0 64.0 64.0 
60.0 60.0 61.0 62.0 
121.0 60.0 80.0 74.0 
60.0 59.0 61.0 62.0 
60.0 60.0 64.0 64.0 
60.0 61.0 61.0 62.0 
122.0 60.0 81.0 75.0 
58.0 59.0 63.0 62.0 
64.0 59.0 65.0 64.0 
61.0 59.0 62.0 62.0 
124.0 60.0 81.0 74.0 
59.0 59.0 60.0 61.0 
60.0 59.0 64.0 64.0 
59.0 60.0 62.0 62.0 
125.0 60.0 81.0 75.0 
59.0 59.0 62.0 60.0 
61.0 58.0 64.0 64.0 
60.0 59.0 62.0 61.0 
122.0 60.0 80.0 74.0 
60.0 59.0 64.0 62.0 
61.0 59.0 62.0 63.0 
60.0 59.0 62.0 61.0 
123.0 60.0 79.0 74.0 
59.0 59.0 61.0 61.0 
60.0 59.0 64.0 64.0 
60.0 60.0 62.0 62.0 
125.0 59.0 80.0 74.0 
59.0 59.0 61.0 59.0 
60.0 60.0 64.0 64.0 
60.0 60.0 61.0 62.0 
125.0 59.0 80.0 74.0 
59.0 59.0 61.0 61.0 
60.0 59.0 65.0 64.0 
59.0 60.0 61.0 61.0 
123.0 59.0 79.0 73.0 
59.0 58.0 61.0 61.0 
61.0 59.0 64.0 64.0 
60.0 59.0 61.0 62.0 
125.0 59.0 81.0 74.0 
59.0 59.0 61.0 61.0 
61.0 58.0 64.0 64.0 
60.0 59.0 60.0 63.0 
124.0 59.0 80.0 74.0 
59.0 58.0 61.0 61.0 
60.0 60.0 64.0 64.0 
61.0 62.0 62.0 62.0 
124.0 59.0 81.0 74.0 
59.0 58.0 62.0 61.0 
61.0 59.0 64.0 63.0 
60.0 60.0 61.0 62.0 
124.0 60.0 81.0 74.0 
59.0 58.0 62.0 60.0 
62.0 59.0 64.0 64.0 
60.0 60.0 62.0 62.0 
121.0 60.0 79.0 75.0 
59.0 58.0 63.0 60.0 
60.0 59.0 63.0 64.0 
59.0 60.0 62.0 62.0 
122.0 59.0 82.0 75.0 
59.0 59.0 62.0 61.0 
62.0 59.0 64.0 63.0 
60.0 60.0 60.0 62.0 
121.0 61.0 82.0 74.0 
59.0 58.0 61.0 61.0 
60.0 58.0 64.0 64.0 
60.0 60.0 63.0 62.0 
121.0 60.0 79.0 74.0 
59.0 59.0 67.0 60.0 
61.0 59.0 64.0 63.0 
60.0 61.0 62.0 62.0 
120.0 60.0 80.0 74.0 
59.0 58.0 62.0 61.0 
60.0 59.0 64.0 64.0 
59.0 59.0 61.0 63.0 
120.0 60.0 80.0 75.0 
59.0 58.0 61.0 62.0 
62.0 60.0 64.0 63.0 
60.0 60.0 62.0 62.0 
119.0 59.0 80.0 73.0 
61.0 59.0 64.0 62.0 
60.0 59.0 64.0 64.0 
61.0 60.0 62.0 62.0 
126.0 59.0 78.0 74.0 
61.0 58.0 65.0 62.0 
61.0 60.0 64.0 64.0 
61.0 60.0 61.0 62.0 
125.0 59.0 79.0 73.0 
61.0 59.0 65.0 63.0 
61.0 59.0 65.0 65.0 
61.0 59.0 61.0 62.0 
124.0 61.0 80.0 75.0 
59.0 58.0 63.0 62.0 
61.0 59.0 64.0 64.0 
61.0 60.0 62.0 61.0 
119.0 58.0 80.0 75.0 
60.0 59.0 64.0 62.0 
61.0 59.0 64.0 64.0 
59.0 61.0 61.0 62.0 
116.0 60.0 82.0 76.0 
60.0 60.0 65.0 63.0 
61.0 59.0 65.0 64.0 
60.0 60.0 61.0 62.0 
120.0 60.0 81.0 76.0 
60.0 59.0 64.0 62.0 
61.0 59.0 64.0 65.0 
60.0 59.0 61.0 62.0 
112.0 59.0 81.0 76.0 
61.0 59.0 64.0 63.0 
61.0 60.0 64.0 63.0 
60.0 59.0 61.0 62.0 
116.0 60.0 82.0 76.0 
60.0 59.0 65.0 62.0 
61.0 59.0 65.0 65.0 
60.0 60.0 62.0 62.0 
116.0 59.0 81.0 75.0 
60.0 59.0 64.0 62.0 
61.0 59.0 66.0 64.0 
59.0 59.0 62.0 62.0 
118.0 60.0 79.0 74.0 
60.0 59.0 65.0 62.0 
62.0 60.0 65.0 64.0 
60.0 59.0 62.0 61.0 
110.0 59.0 80.0 75.0 
61.0 58.0 64.0 62.0 
61.0 59.0 64.0 63.0 
60.0 60.0 62.0 62.0 
114.0 60.0 80.0 76.0 
60.0 58.0 64.0 62.0 
61.0 59.0 64.0 64.0 
60.0 60.0 61.0 61.0 
107.0 59.0 79.0 75.0 
59.0 58.0 61.0 61.0 
61.0 59.0 64.0 63.0 
60.0 60.0 62.0 61.0 
110.0 58.0 78.0 75.0 
60.0 59.0 62.0 60.0 
61.0 59.0 63.0 63.0 
60.0 60.0 61.0 62.0 
104.0 60.0 79.0 74.0 
60.0 59.0 61.0 61.0 
61.0 60.0 65.0 64.0 
60.0 60.0 62.0 62.0 
105.0 59.0 78.0 74.0 
60.0 60.0 61.0 61.0 
61.0 58.0 63.0 63.0 
60.0 59.0 61.0 61.0 
105.0 60.0 81.0 75.0 
59.0 59.0 61.0 61.0 
62.0 60.0 63.0 64.0 
60.0 60.0 62.0 62.0 
107.0 60.0 79.0 75.0 
59.0 59.0 61.0 61.0 
62.0 59.0 65.0 63.0 
60.0 62.0 63.0 61.0 
104.0 60.0 79.0 73.0 
60.0 59.0 61.0 61.0 
61.0 59.0 64.0 64.0 
61.0 60.0 61.0 62.0 
107.0 59.0 80.0 73.0 
60.0 59.0 61.0 60.0 
62.0 60.0 63.0 64.0 
61.0 60.0 61.0 62.0 
107.0 60.0 78.0 75.0 
60.0 58.0 62.0 61.0 
61.0 59.0 64.0 64.0 
60.0 60.0 62.0 62.0 
109.0 60.0 79.0 75.0 
59.0 58.0 61.0 61.0 
62.0 60.0 63.0 64.0 
60.0 60.0 62.0 63.0 
108.0 60.0 78.0 74.0 
59.0 59.0 61.0 60.0 
61.0 60.0 64.0 64.0 
61.0 59.0 62.0 62.0 
109.0 59.0 78.0 73.0 
59.0 59.0 61.0 58.0 
61.0 60.0 64.0 64.0 
60.0 59.0 61.0 61.0 
111.0 59.0 78.0 74.0 
60.0 58.0 61.0 60.0 
61.0 59.0 64.0 64.0 
60.0 60.0 62.0 61.0 
110.0 60.0 78.0 75.0 
60.0 59.0 62.0 61.0 
61.0 59.0 64.0 64.0 
60.0 60.0 62.0 61.0 
109.0 60.0 78.0 73.0 
59.0 58.0 61.0 60.0 
62.0 59.0 65.0 64.0 
60.0 59.0 62.0 61.0 
109.0 58.0 78.0 73.0 
59.0 58.0 60.0 61.0 
61.0 59.0 64.0 64.0 
60.0 60.0 61.0 62.0 
109.0 60.0 79.0 74.0 
59.0 59.0 61.0 61.0 
61.0 60.0 64.0 64.0 
61.0 60.0 62.0 63.0 
108.0 59.0 78.0 74.0 
59.0 59.0 61.0 61.0 
61.0 59.0 64.0 64.0 
60.0 60.0 63.0 62.0 
109.0 59.0 80.0 74.0 
59.0 59.0 62.0 61.0 
61.0 59.0 64.0 65.0 
60.0 60.0 61.0 62.0 
109.0 60.0 79.0 73.0 
59.0 59.0 62.0 61.0 
61.0 59.0 64.0 64.0 
61.0 60.0 62.0 62.0 
108.0 59.0 79.0 73.0 
60.0 59.0 62.0 60.0 
61.0 59.0 64.0 64.0 
59.0 60.0 62.0 62.0 
110.0 60.0 80.0 73.0 
59.0 59.0 62.0 61.0 
61.0 59.0 64.0 64.0 
61.0 60.0 62.0 62.0 
109.0 59.0 80.0 74.0 
59.0 58.0 62.0 61.0 
60.0 60.0 64.0 64.0 
60.0 59.0 62.0 61.0 
107.0 59.0 79.0 74.0 
60.0 59.0 62.0 61.0 
61.0 59.0 64.0 64.0 
60.0 61.0 61.0 61.0 
110.0 59.0 80.0 73.0 
59.0 59.0 60.0 61.0 
62.0 58.0 64.0 64.0 
60.0 59.0 62.0 62.0 
109.0 60.0 79.0 73.0 
60.0 58.0 61.0 61.0 
61.0 59.0 65.0 64.0 
60.0 60.0 62.0 61.0 
109.0 60.0 79.0 73.0 
60.0 58.0 62.0 60.0 
61.0 60.0 64.0 64.0 
60.0 60.0 62.0 62.0 
111.0 59.0 79.0 72.0 
59.0 56.0 62.0 61.0 
59.0 59.0 65.0 64.0 
61.0 60.0 62.0 62.0 
111.0 60.0 79.0 73.0 
60.0 59.0 63.0 61.0 
60.0 59.0 65.0 64.0 
60.0 60.0 62.0 62.0 
108.0 63.0 78.0 73.0 
60.0 58.0 62.0 62.0 
61.0 59.0 64.0 65.0 
60.0 60.0 62.0 62.0 
111.0 61.0 78.0 73.0 
59.0 58.0 61.0 60.0 
61.0 59.0 65.0 65.0 
60.0 60.0 61.0 61.0 
111.0 59.0 78.0 74.0 
59.0 58.0 62.0 61.0 
60.0 60.0 63.0 64.0 
61.0 59.0 61.0 62.0 
111.0 60.0 78.0 73.0 
59.0 59.0 62.0 61.0 
61.0 59.0 64.0 63.0 
61.0 60.0 61.0 61.0 
112.0 60.0 79.0 74.0 
57.0 60.0 61.0 61.0 
61.0 59.0 64.0 64.0 
59.0 60.0 62.0 62.0 
110.0 59.0 80.0 72.0 
59.0 59.0 61.0 61.0 
61.0 60.0 65.0 63.0 
60.0 60.0 62.0 62.0 
110.0 60.0 80.0 74.0 
59.0 59.0 61.0 60.0 
60.0 59.0 64.0 64.0 
61.0 60.0 62.0 62.0 
106.0 60.0 77.0 75.0 
59.0 58.0 62.0 61.0 
62.0 58.0 64.0 64.0 
60.0 60.0 62.0 62.0 
106.0 60.0 79.0 74.0 
60.0 59.0 61.0 61.0 
61.0 59.0 64.0 64.0 
60.0 60.0 61.0 61.0 
108.0 60.0 79.0 74.0 
60.0 58.0 62.0 61.0 
61.0 60.0 65.0 64.0 
60.0 59.0 62.0 62.0 
113.0 59.0 79.0 74.0 
60.0 59.0 61.0 61.0 
60.0 58.0 63.0 64.0 
60.0 60.0 61.0 62.0 
109.0 61.0 79.0 75.0 
60.0 59.0 61.0 61.0 
61.0 60.0 63.0 63.0 
61.0 60.0 62.0 62.0 
109.0 60.0 79.0 75.0 
60.0 57.0 61.0 61.0 
61.0 58.0 65.0 64.0 
60.0 61.0 61.0 62.0 
107.0 61.0 79.0 74.0 
59.0 59.0 61.0 61.0 
61.0 59.0 63.0 64.0 
60.0 60.0 62.0 63.0 
106.0 60.0 79.0 72.0 
60.0 58.0 62.0 61.0 
61.0 59.0 63.0 63.0 
60.0 60.0 61.0 62.0 
107.0 60.0 78.0 74.0 
59.0 59.0 61.0 60.0 
61.0 59.0 64.0 64.0 
60.0 60.0 61.0 62.0 
109.0 59.0 78.0 75.0 
60.0 58.0 62.0 61.0 
61.0 59.0 64.0 64.0 
61.0 60.0 61.0 63.0 
107.0 60.0 78.0 74.0 
59.0 59.0 62.0 61.0 
60.0 59.0 62.0 64.0 
60.0 60.0 62.0 62.0 
110.0 60.0 78.0 75.0 
60.0 58.0 62.0 61.0 
61.0 59.0 63.0 63.0 
61.0 60.0 62.0 62.0 
107.0 59.0 78.0 75.0 
61.0 59.0 62.0 61.0 
61.0 60.0 63.0 64.0 
61.0 60.0 61.0 62.0 
107.0 58.0 78.0 74.0 
59.0 59.0 61.0 61.0 
61.0 59.0 64.0 63.0 
60.0 60.0 62.0 62.0 
106.0 60.0 77.0 74.0 
60.0 59.0 61.0 61.0 
61.0 61.0 64.0 64.0 
58.0 60.0 62.0 62.0 
106.0 60.0 77.0 74.0 
60.0 58.0 62.0 61.0 
61.0 59.0 62.0 64.0 
60.0 59.0 60.0 63.0 
106.0 59.0 78.0 74.0 
59.0 59.0 62.0 61.0 
63.0 59.0 64.0 64.0 
61.0 60.0 61.0 62.0 
103.0 60.0 78.0 73.0 
59.0 59.0 61.0 61.0 
61.0 59.0 65.0 64.0 
60.0 60.0 61.0 62.0 
103.0 60.0 77.0 73.0 
59.0 58.0 61.0 61.0 
62.0 58.0 64.0 64.0 
60.0 61.0 62.0 62.0 
104.0 60.0 77.0 72.0 
60.0 59.0 62.0 60.0 
61.0 60.0 63.0 64.0 
61.0 59.0 60.0 63.0 
98.0 60.0 76.0 72.0 
60.0 59.0 61.0 61.0 
62.0 58.0 64.0 64.0 
61.0 59.0 62.0 62.0 
99.0 59.0 77.0 71.0 
59.0 58.0 61.0 61.0 
61.0 59.0 63.0 64.0 
61.0 60.0 61.0 62.0 
96.0 59.0 75.0 71.0 
59.0 59.0 62.0 61.0 
62.0 60.0 64.0 63.0 
60.0 60.0 62.0 62.0 
98.0 60.0 75.0 70.0 
59.0 59.0 62.0 61.0 
61.0 59.0 63.0 64.0 
61.0 60.0 63.0 62.0 
97.0 59.0 76.0 70.0 
59.0 59.0 62.0 61.0 
61.0 59.0 63.0 64.0 
61.0 59.0 62.0 62.0 
96.0 60.0 76.0 71.0 
60.0 59.0 62.0 62.0 
61.0 59.0 65.0 64.0 
61.0 60.0 62.0 62.0 
98.0 59.0 77.0 71.0 
59.0 59.0 63.0 62.0 
61.0 59.0 64.0 64.0 
61.0 59.0 62.0 62.0 
100.0 61.0 77.0 70.0 
60.0 58.0 63.0 62.0 
61.0 59.0 64.0 64.0 
61.0 60.0 62.0 62.0 
98.0 60.0 76.0 71.0 
60.0 58.0 64.0 62.0 
61.0 58.0 64.0 65.0 
60.0 60.0 62.0 62.0 
98.0 59.0 76.0 70.0 
60.0 58.0 64.0 63.0 
61.0 60.0 63.0 64.0 
61.0 60.0 61.0 62.0 
98.0 60.0 76.0 71.0 
60.0 58.0 65.0 63.0 
61.0 59.0 63.0 64.0 
61.0 59.0 62.0 62.0 
99.0 60.0 75.0 71.0 
60.0 58.0 64.0 62.0 
61.0 60.0 64.0 64.0 
60.0 61.0 62.0 62.0 
98.0 60.0 74.0 69.0 
60.0 59.0 65.0 63.0 
61.0 60.0 64.0 64.0 
60.0 60.0 62.0 62.0 
99.0 59.0 75.0 71.0 
60.0 61.0 63.0 63.0 
61.0 59.0 64.0 64.0 
61.0 60.0 62.0 61.0 
98.0 59.0 75.0 70.0 
60.0 59.0 65.0 63.0 
61.0 60.0 63.0 63.0 
61.0 60.0 62.0 62.0 
98.0 60.0 75.0 71.0 
59.0 59.0 64.0 63.0 
61.0 59.0 63.0 64.0 
60.0 59.0 63.0 61.0 
98.0 60.0 75.0 71.0 
60.0 58.0 64.0 63.0 
62.0 59.0 61.0 64.0 
60.0 60.0 62.0 62.0 
98.0 60.0 75.0 70.0 
60.0 58.0 65.0 63.0 
61.0 60.0 64.0 64.0 
61.0 59.0 62.0 62.0 
97.0 60.0 74.0 69.0 
59.0 59.0 64.0 63.0 
61.0 60.0 64.0 64.0 
60.0 59.0 62.0 62.0 
95.0 59.0 75.0 70.0 
61.0 59.0 64.0 62.0 
62.0 59.0 65.0 64.0 
61.0 58.0 62.0 62.0 
95.0 59.0 75.0 69.0 
59.0 60.0 62.0 61.0 
62.0 60.0 64.0 63.0 
60.0 60.0 61.0 63.0 
100.0 60.0 75.0 70.0 
61.0 58.0 62.0 61.0 
61.0 59.0 64.0 65.0 
61.0 60.0 62.0 62.0 
97.0 61.0 74.0 71.0 
59.0 59.0 61.0 61.0 
61.0 59.0 65.0 63.0 
60.0 59.0 62.0 62.0 
99.0 59.0 74.0 70.0 
59.0 59.0 61.0 61.0 
62.0 59.0 63.0 64.0 
60.0 60.0 61.0 62.0 
99.0 59.0 76.0 70.0 
60.0 58.0 62.0 60.0 
60.0 59.0 63.0 64.0 
61.0 59.0 61.0 61.0 
98.0 60.0 74.0 71.0 
59.0 58.0 62.0 61.0 
61.0 58.0 63.0 62.0 
60.0 60.0 62.0 62.0 
98.0 59.0 76.0 69.0 
60.0 59.0 64.0 63.0 
62.0 60.0 64.0 63.0 
60.0 60.0 62.0 62.0 
97.0 60.0 75.0 71.0 
60.0 57.0 64.0 63.0 
61.0 59.0 64.0 63.0 
60.0 60.0 62.0 62.0 
99.0 59.0 76.0 69.0 
60.0 59.0 64.0 63.0 
62.0 60.0 63.0 63.0 
61.0 60.0 61.0 63.0 
99.0 59.0 76.0 70.0 
60.0 58.0 64.0 62.0 
61.0 59.0 64.0 64.0 
60.0 60.0 61.0 62.0 
100.0 59.0 77.0 71.0 
61.0 58.0 64.0 62.0 
61.0 59.0 64.0 63.0 
59.0 60.0 62.0 62.0 
99.0 60.0 76.0 71.0 
60.0 60.0 64.0 62.0 
61.0 59.0 63.0 64.0 
60.0 60.0 62.0 63.0 
97.0 60.0 76.0 70.0 
60.0 59.0 64.0 63.0 
61.0 58.0 65.0 64.0 
61.0 60.0 63.0 62.0 
98.0 60.0 75.0 70.0 
60.0 58.0 65.0 62.0 
61.0 59.0 64.0 64.0 
62.0 59.0 63.0 62.0 
100.0 59.0 77.0 71.0 
60.0 58.0 64.0 62.0 
61.0 58.0 65.0 64.0 
61.0 59.0 62.0 62.0 
99.0 59.0 76.0 72.0 
61.0 58.0 65.0 63.0 
62.0 59.0 65.0 64.0 
61.0 58.0 61.0 62.0 
111.0 60.0 76.0 72.0 
61.0 58.0 65.0 62.0 
61.0 60.0 65.0 63.0 
61.0 59.0 62.0 62.0 
108.0 59.0 75.0 71.0 
60.0 59.0 64.0 63.0 
61.0 59.0 64.0 65.0 
61.0 60.0 61.0 61.0 
112.0 60.0 75.0 71.0 
61.0 58.0 64.0 63.0 
62.0 58.0 64.0 63.0 
61.0 60.0 62.0 62.0 
112.0 60.0 77.0 72.0 
60.0 59.0 65.0 63.0 
61.0 59.0 63.0 64.0 
61.0 60.0 62.0 62.0 
117.0 59.0 77.0 72.0 
59.0 58.0 64.0 63.0 
61.0 59.0 64.0 64.0 
60.0 60.0 61.0 62.0 
115.0 60.0 77.0 71.0 
60.0 58.0 65.0 63.0 
62.0 58.0 63.0 63.0 
60.0 61.0 63.0 61.0 
117.0 59.0 78.0 72.0 
60.0 59.0 64.0 62.0 
60.0 61.0 64.0 64.0 
61.0 59.0 62.0 63.0 
116.0 60.0 78.0 72.0 
60.0 59.0 64.0 63.0 
61.0 59.0 64.0 64.0 
61.0 60.0 62.0 61.0 
114.0 59.0 77.0 72.0 
60.0 59.0 63.0 63.0 
59.0 59.0 63.0 64.0 
61.0 60.0 62.0 62.0 
116.0 59.0 77.0 72.0 
59.0 59.0 65.0 62.0 
61.0 59.0 64.0 64.0 
60.0 61.0 62.0 62.0 
117.0 59.0 77.0 73.0 
61.0 59.0 64.0 62.0 
61.0 59.0 65.0 64.0 
61.0 60.0 62.0 62.0 
117.0 59.0 77.0 73.0 
60.0 58.0 65.0 63.0 
61.0 59.0 64.0 62.0 
61.0 59.0 61.0 62.0 
119.0 59.0 78.0 72.0 
60.0 59.0 65.0 63.0 
61.0 59.0 65.0 65.0 
61.0 59.0 62.0 62.0 
118.0 59.0 77.0 72.0 
61.0 58.0 64.0 62.0 
61.0 59.0 63.0 63.0 
61.0 60.0 62.0 62.0 
116.0 60.0 78.0 72.0 
60.0 58.0 62.0 61.0 
61.0 59.0 65.0 62.0 
61.0 61.0 62.0 62.0 
112.0 59.0 78.0 72.0 
60.0 59.0 63.0 62.0 
62.0 59.0 64.0 63.0 
61.0 60.0 61.0 62.0 
115.0 59.0 77.0 72.0 
60.0 59.0 64.0 62.0 
62.0 59.0 64.0 64.0 
60.0 60.0 62.0 62.0 
115.0 59.0 78.0 72.0 
61.0 59.0 64.0 63.0 
60.0 59.0 64.0 64.0 
61.0 60.0 62.0 62.0 
116.0 60.0 79.0 74.0 
60.0 59.0 64.0 63.0 
63.0 59.0 65.0 65.0 
60.0 60.0 62.0 63.0 
117.0 60.0 78.0 73.0 
60.0 59.0 64.0 63.0 
61.0 59.0 65.0 64.0 
61.0 60.0 63.0 62.0 
117.0 60.0 78.0 72.0 
60.0 58.0 65.0 64.0 
61.0 59.0 64.0 64.0 
60.0 58.0 61.0 63.0 
116.0 59.0 78.0 73.0 
59.0 59.0 63.0 62.0 
60.0 59.0 64.0 64.0 
61.0 60.0 63.0 62.0 
117.0 59.0 79.0 73.0 
60.0 59.0 65.0 63.0 
60.0 59.0 64.0 64.0 
60.0 60.0 61.0 63.0 
118.0 59.0 78.0 73.0 
60.0 59.0 64.0 63.0 
62.0 59.0 64.0 64.0 
60.0 62.0 62.0 62.0 
117.0 60.0 79.0 74.0 
60.0 59.0 66.0 63.0 
61.0 59.0 65.0 64.0 
60.0 60.0 62.0 62.0 
117.0 59.0 79.0 74.0 
59.0 59.0 63.0 63.0 
62.0 59.0 63.0 65.0 
60.0 60.0 61.0 63.0 
118.0 59.0 79.0 73.0 
61.0 57.0 64.0 63.0 
61.0 58.0 64.0 63.0 
59.0 61.0 62.0 62.0 
117.0 60.0 78.0 72.0 
60.0 59.0 65.0 63.0 
61.0 59.0 64.0 63.0 
60.0 60.0 62.0 62.0 
115.0 60.0 79.0 73.0 
61.0 58.0 64.0 62.0 
62.0 58.0 63.0 65.0 
60.0 62.0 62.0 62.0 
115.0 60.0 78.0 73.0 
60.0 59.0 64.0 62.0 
61.0 60.0 64.0 64.0 
60.0 59.0 62.0 62.0 
116.0 59.0 77.0 72.0 
60.0 59.0 65.0 63.0 
61.0 59.0 64.0 64.0 
61.0 60.0 61.0 62.0 
115.0 60.0 77.0 72.0 
60.0 59.0 64.0 63.0 
61.0 59.0 64.0 64.0 
60.0 60.0 63.0 62.0 
109.0 59.0 77.0 71.0 
60.0 58.0 64.0 63.0 
60.0 59.0 64.0 63.0 
60.0 62.0 61.0 62.0 
101.0 59.0 76.0 71.0 
60.0 58.0 65.0 63.0 
61.0 59.0 64.0 63.0 
60.0 60.0 61.0 63.0 
100.0 60.0 76.0 72.0 
61.0 58.0 63.0 62.0 
62.0 59.0 64.0 64.0 
61.0 59.0 62.0 62.0 
107.0 59.0 77.0 71.0 
60.0 58.0 62.0 63.0 
60.0 59.0 64.0 64.0 
60.0 60.0 62.0 62.0 
103.0 59.0 77.0 71.0 
60.0 58.0 62.0 61.0 
61.0 60.0 64.0 64.0 
60.0 60.0 62.0 62.0 
100.0 59.0 78.0 71.0 
60.0 58.0 62.0 61.0 
60.0 60.0 64.0 64.0 
61.0 60.0 61.0 63.0 
102.0 60.0 77.0 72.0 
59.0 59.0 63.0 61.0 
60.0 61.0 64.0 65.0 
61.0 60.0 62.0 63.0 
98.0 59.0 78.0 71.0 
60.0 58.0 63.0 62.0 
61.0 59.0 63.0 64.0 
61.0 60.0 62.0 62.0 
99.0 59.0 76.0 71.0 
60.0 59.0 63.0 63.0 
61.0 59.0 63.0 63.0 
61.0 60.0 60.0 63.0 
99.0 60.0 77.0 71.0 
61.0 58.0 64.0 63.0 
61.0 59.0 63.0 64.0 
60.0 59.0 62.0 62.0 
98.0 60.0 78.0 71.0 
61.0 60.0 64.0 62.0 
61.0 59.0 63.0 64.0 
60.0 59.0 62.0 62.0 
98.0 58.0 78.0 70.0 
59.0 59.0 62.0 63.0 
61.0 57.0 63.0 64.0 
60.0 60.0 61.0 63.0 
97.0 60.0 77.0 70.0 
60.0 59.0 63.0 62.0 
61.0 59.0 63.0 63.0 
60.0 60.0 62.0 62.0 
97.0 59.0 77.0 71.0 
59.0 59.0 64.0 62.0 
61.0 59.0 64.0 64.0 
61.0 59.0 62.0 62.0 
98.0 59.0 77.0 70.0 
59.0 59.0 62.0 61.0 
61.0 59.0 64.0 64.0 
61.0 59.0 63.0 62.0 
99.0 60.0 76.0 71.0 
58.0 59.0 61.0 60.0 
61.0 58.0 64.0 64.0 
61.0 60.0 62.0 62.0 
98.0 59.0 77.0 70.0 
59.0 58.0 62.0 60.0 
61.0 57.0 64.0 65.0 
61.0 59.0 62.0 62.0 
99.0 59.0 78.0 70.0 
59.0 58.0 61.0 61.0 
61.0 59.0 64.0 64.0 
60.0 59.0 62.0 62.0 
101.0 60.0 76.0 71.0 
60.0 58.0 62.0 62.0 
61.0 59.0 64.0 64.0 
60.0 60.0 61.0 62.0 
100.0 59.0 77.0 70.0 
60.0 59.0 63.0 61.0 
61.0 59.0 64.0 63.0 
60.0 59.0 61.0 63.0 
98.0 60.0 76.0 71.0 
60.0 59.0 61.0 61.0 
61.0 60.0 63.0 64.0 
61.0 60.0 61.0 61.0 
98.0 59.0 77.0 70.0 
60.0 58.0 61.0 61.0 
61.0 59.0 64.0 64.0 
61.0 60.0 61.0 63.0 
98.0 60.0 76.0 72.0 
60.0 58.0 64.0 61.0 
62.0 59.0 65.0 64.0 
60.0 60.0 62.0 62.0 
100.0 60.0 76.0 71.0 
60.0 58.0 62.0 61.0 
60.0 58.0 64.0 64.0 
61.0 59.0 63.0 62.0 
98.0 60.0 77.0 71.0 
60.0 55.0 62.0 61.0 
60.0 60.0 63.0 65.0 
61.0 60.0 62.0 62.0 
97.0 59.0 75.0 70.0 
60.0 58.0 62.0 61.0 
62.0 59.0 63.0 64.0 
61.0 59.0 62.0 63.0 
96.0 59.0 76.0 71.0 
59.0 58.0 61.0 62.0 
61.0 59.0 63.0 64.0 
62.0 60.0 63.0 61.0 
95.0 60.0 76.0 71.0 
60.0 58.0 64.0 62.0 
62.0 59.0 64.0 64.0 
61.0 60.0 62.0 64.0 
96.0 59.0 77.0 70.0 
61.0 59.0 63.0 62.0 
61.0 59.0 63.0 63.0 
61.0 60.0 62.0 62.0 
95.0 59.0 77.0 70.0 
60.0 58.0 64.0 63.0 
61.0 59.0 64.0 64.0 
61.0 60.0 62.0 62.0 
95.0 58.0 77.0 70.0 
61.0 59.0 64.0 63.0 
61.0 59.0 64.0 64.0 
60.0 59.0 62.0 62.0 
93.0 59.0 77.0 69.0 
60.0 59.0 64.0 63.0 
60.0 60.0 64.0 64.0 
61.0 60.0 61.0 62.0 
93.0 60.0 78.0 70.0 
60.0 59.0 64.0 62.0 
61.0 58.0 64.0 64.0 
61.0 60.0 61.0 62.0 
93.0 59.0 78.0 70.0 
61.0 59.0 64.0 62.0 
61.0 58.0 64.0 64.0 
61.0 59.0 62.0 63.0 
95.0 60.0 78.0 71.0 
60.0 59.0 64.0 63.0 
61.0 59.0 65.0 64.0 
60.0 60.0 62.0 63.0 
94.0 60.0 77.0 70.0 
60.0 59.0 65.0 62.0 
61.0 59.0 63.0 64.0 
61.0 60.0 61.0 62.0 
96.0 59.0 78.0 70.0 
60.0 59.0 65.0 63.0 
61.0 59.0 64.0 64.0 
60.0 60.0 61.0 62.0 
94.0 60.0 77.0 70.0 
60.0 60.0 65.0 63.0 
61.0 60.0 64.0 65.0 
61.0 60.0 62.0 61.0 
94.0 59.0 76.0 71.0 
60.0 58.0 64.0 63.0 
60.0 60.0 64.0 63.0 
60.0 60.0 62.0 62.0 
96.0 60.0 76.0 70.0 
60.0 58.0 65.0 63.0 
61.0 59.0 64.0 64.0 
60.0 61.0 61.0 61.0 
96.0 60.0 75.0 70.0 
61.0 58.0 65.0 63.0 
60.0 60.0 63.0 64.0 
60.0 60.0 62.0 62.0 
97.0 59.0 76.0 71.0 
61.0 59.0 65.0 63.0 
61.0 58.0 63.0 63.0 
59.0 60.0 62.0 62.0 
97.0 59.0 78.0 70.0 
61.0 58.0 65.0 62.0 
62.0 58.0 64.0 64.0 
61.0 60.0 62.0 61.0 
97.0 60.0 76.0 70.0 
60.0 59.0 64.0 63.0 
61.0 60.0 63.0 64.0 
61.0 59.0 62.0 62.0 
97.0 58.0 77.0 71.0 
61.0 58.0 64.0 62.0 
61.0 59.0 64.0 64.0 
61.0 60.0 62.0 62.0 
97.0 59.0 77.0 70.0 
60.0 59.0 64.0 63.0 
61.0 60.0 63.0 64.0 
61.0 59.0 61.0 62.0 
97.0 59.0 76.0 71.0 
60.0 58.0 65.0 63.0 
61.0 60.0 63.0 65.0 
61.0 59.0 62.0 62.0 
99.0 59.0 78.0 70.0 
60.0 58.0 65.0 63.0 
62.0 58.0 64.0 64.0 
60.0 59.0 61.0 62.0 
100.0 59.0 78.0 71.0 
60.0 58.0 65.0 63.0 
61.0 59.0 63.0 64.0 
61.0 59.0 61.0 62.0 
99.0 59.0 78.0 71.0 
59.0 59.0 65.0 63.0 
61.0 59.0 63.0 64.0 
60.0 60.0 62.0 61.0 
98.0 59.0 79.0 71.0 
60.0 59.0 64.0 62.0 
60.0 61.0 63.0 63.0 
61.0 60.0 60.0 62.0 
99.0 60.0 78.0 71.0 
60.0 59.0 65.0 63.0 
61.0 60.0 64.0 64.0 
60.0 60.0 60.0 62.0 
100.0 59.0 78.0 71.0 
59.0 59.0 64.0 62.0 
61.0 57.0 64.0 64.0 
61.0 60.0 61.0 62.0 
100.0 60.0 78.0 71.0 
60.0 59.0 64.0 63.0 
61.0 59.0 64.0 64.0 
60.0 60.0 61.0 62.0 
101.0 59.0 78.0 71.0 
60.0 58.0 65.0 63.0 
61.0 60.0 65.0 64.0 
60.0 60.0 61.0 62.0 
101.0 59.0 77.0 71.0 
60.0 58.0 65.0 63.0 
61.0 59.0 63.0 64.0 
60.0 59.0 61.0 62.0 
101.0 60.0 78.0 71.0 
62.0 58.0 65.0 63.0 
61.0 59.0 63.0 64.0 
61.0 60.0 62.0 62.0 
101.0 59.0 78.0 72.0 
60.0 59.0 64.0 63.0 
61.0 59.0 64.0 63.0 
60.0 60.0 62.0 62.0 
102.0 60.0 78.0 71.0 
61.0 58.0 64.0 63.0 
61.0 59.0 63.0 64.0 
60.0 61.0 62.0 62.0 
103.0 59.0 78.0 72.0 
59.0 59.0 64.0 64.0 
61.0 59.0 64.0 63.0 
61.0 60.0 61.0 62.0 
103.0 59.0 78.0 72.0 
60.0 59.0 65.0 63.0 
60.0 59.0 65.0 63.0 
60.0 60.0 62.0 62.0 
103.0 59.0 79.0 70.0 
59.0 58.0 65.0 64.0 
61.0 59.0 63.0 63.0 
61.0 60.0 61.0 62.0 
103.0 59.0 79.0 71.0 
60.0 59.0 64.0 63.0 
61.0 58.0 64.0 63.0 
60.0 59.0 62.0 62.0 
104.0 59.0 79.0 71.0 
60.0 59.0 64.0 62.0 
60.0 58.0 64.0 65.0 
60.0 60.0 61.0 62.0 
103.0 60.0 78.0 72.0 
61.0 58.0 65.0 63.0 
61.0 59.0 64.0 64.0 
61.0 60.0 61.0 62.0 
103.0 59.0 78.0 71.0 
60.0 59.0 63.0 63.0 
61.0 59.0 64.0 64.0 
59.0 60.0 61.0 64.0 
103.0 59.0 78.0 71.0 
60.0 58.0 64.0 62.0 
61.0 58.0 64.0 64.0 
60.0 60.0 61.0 62.0 
106.0 60.0 78.0 72.0 
60.0 59.0 64.0 63.0 
61.0 60.0 64.0 64.0 
60.0 59.0 62.0 62.0 
103.0 59.0 78.0 72.0 
60.0 58.0 64.0 63.0 
61.0 59.0 64.0 64.0 
59.0 59.0 62.0 62.0 
102.0 59.0 78.0 71.0 
60.0 59.0 64.0 63.0 
60.0 59.0 64.0 64.0 
60.0 60.0 61.0 62.0 
102.0 59.0 78.0 72.0 
60.0 59.0 64.0 63.0 
61.0 60.0 63.0 65.0 
60.0 60.0 62.0 62.0 
102.0 59.0 78.0 72.0 
60.0 59.0 64.0 63.0 
61.0 60.0 64.0 64.0 
60.0 59.0 61.0 63.0 
102.0 60.0 79.0 73.0 
60.0 58.0 65.0 63.0 
62.0 59.0 64.0 64.0 
61.0 60.0 62.0 62.0 
100.0 60.0 78.0 71.0 
60.0 58.0 64.0 62.0 
61.0 59.0 64.0 64.0 
61.0 60.0 62.0 62.0 
100.0 59.0 79.0 70.0 
60.0 59.0 65.0 64.0 
61.0 59.0 64.0 64.0 
60.0 61.0 61.0 62.0 
101.0 60.0 77.0 71.0 
60.0 58.0 65.0 63.0 
62.0 60.0 65.0 64.0 
60.0 59.0 62.0 63.0 
101.0 59.0 78.0 70.0 
61.0 58.0 64.0 62.0 
61.0 60.0 63.0 64.0 
60.0 60.0 63.0 62.0 
104.0 59.0 78.0 71.0 
60.0 59.0 65.0 63.0 
61.0 59.0 64.0 64.0 
61.0 59.0 62.0 61.0 
108.0 60.0 78.0 71.0 
60.0 59.0 65.0 62.0 
61.0 59.0 64.0 64.0 
59.0 59.0 62.0 61.0 
109.0 59.0 77.0 72.0 
62.0 58.0 66.0 62.0 
61.0 60.0 64.0 64.0 
60.0 60.0 61.0 62.0 
106.0 60.0 77.0 72.0 
60.0 60.0 65.0 63.0 
61.0 60.0 63.0 65.0 
60.0 60.0 62.0 62.0 
110.0 60.0 77.0 72.0 
60.0 59.0 64.0 62.0 
61.0 58.0 64.0 64.0 
61.0 60.0 62.0 62.0 
111.0 60.0 79.0 72.0 
60.0 59.0 64.0 63.0 
61.0 59.0 64.0 65.0 
60.0 61.0 62.0 62.0 
112.0 59.0 78.0 71.0 
60.0 60.0 64.0 63.0 
61.0 60.0 64.0 64.0 
60.0 60.0 62.0 62.0 
113.0 61.0 78.0 72.0 
60.0 58.0 65.0 62.0 
61.0 61.0 63.0 64.0 
60.0 61.0 62.0 64.0 
113.0 60.0 78.0 72.0 
61.0 59.0 65.0 63.0 
61.0 59.0 64.0 64.0 
59.0 60.0 61.0 61.0 
114.0 59.0 79.0 73.0 
60.0 58.0 65.0 63.0 
60.0 60.0 64.0 64.0 
60.0 60.0 62.0 63.0 
113.0 59.0 79.0 73.0 
61.0 59.0 65.0 62.0 
61.0 58.0 64.0 64.0 
61.0 61.0 61.0 62.0 
111.0 60.0 81.0 74.0 
59.0 58.0 64.0 63.0 
60.0 59.0 64.0 64.0 
61.0 60.0 62.0 62.0 
113.0 60.0 81.0 74.0 
60.0 59.0 65.0 63.0 
60.0 60.0 63.0 64.0 
60.0 59.0 62.0 61.0 
115.0 59.0 80.0 72.0 
61.0 59.0 64.0 63.0 
61.0 58.0 64.0 64.0 
60.0 59.0 62.0 62.0 
116.0 60.0 81.0 74.0 
60.0 58.0 64.0 63.0 
61.0 60.0 64.0 64.0 
61.0 60.0 62.0 62.0 
116.0 60.0 81.0 73.0 
60.0 59.0 64.0 62.0 
61.0 59.0 64.0 65.0 
61.0 60.0 62.0 62.0 
114.0 59.0 82.0 75.0 
60.0 60.0 63.0 62.0 
61.0 58.0 63.0 65.0 
60.0 59.0 61.0 62.0 
116.0 60.0 81.0 74.0 
59.0 59.0 65.0 63.0 
61.0 59.0 64.0 64.0 
60.0 60.0 62.0 62.0 
116.0 59.0 81.0 74.0 
60.0 58.0 65.0 63.0 
62.0 59.0 64.0 64.0 
60.0 60.0 61.0 63.0 
115.0 59.0 81.0 73.0 
60.0 59.0 64.0 62.0 
61.0 59.0 63.0 64.0 
60.0 59.0 62.0 62.0 
117.0 60.0 80.0 74.0 
59.0 59.0 65.0 63.0 
61.0 59.0 64.0 65.0 
61.0 59.0 63.0 62.0 
117.0 59.0 81.0 74.0 
60.0 59.0 65.0 63.0 
61.0 60.0 64.0 64.0 
60.0 60.0 61.0 61.0 
118.0 60.0 81.0 74.0 
60.0 58.0 64.0 62.0 
61.0 59.0 64.0 64.0 
60.0 59.0 61.0 62.0 
116.0 60.0 81.0 74.0 
60.0 59.0 64.0 63.0 
61.0 60.0 64.0 64.0 
61.0 59.0 62.0 61.0 
118.0 59.0 81.0 74.0 
60.0 59.0 64.0 62.0 
61.0 60.0 63.0 63.0 
61.0 59.0 61.0 62.0 
116.0 59.0 82.0 74.0 
60.0 59.0 63.0 62.0 
60.0 60.0 64.0 63.0 
60.0 59.0 61.0 62.0 
117.0 59.0 82.0 74.0 
60.0 59.0 64.0 63.0 
61.0 59.0 63.0 63.0 
60.0 60.0 61.0 62.0 
118.0 59.0 83.0 74.0 
60.0 59.0 65.0 62.0 
61.0 59.0 63.0 64.0 
60.0 59.0 62.0 62.0 
118.0 60.0 83.0 75.0 
60.0 59.0 64.0 63.0 
61.0 59.0 64.0 63.0 
60.0 60.0 61.0 62.0 
118.0 59.0 82.0 74.0 
60.0 59.0 64.0 62.0 
60.0 59.0 63.0 64.0 
60.0 60.0 61.0 62.0 
118.0 60.0 82.0 73.0 
60.0 59.0 64.0 62.0 
61.0 59.0 64.0 63.0 
60.0 60.0 62.0 63.0 
117.0 60.0 81.0 74.0 
60.0 59.0 65.0 63.0 
61.0 59.0 64.0 64.0 
59.0 61.0 63.0 62.0 
117.0 60.0 82.0 73.0 
59.0 59.0 64.0 62.0 
62.0 59.0 64.0 64.0 
61.0 60.0 62.0 62.0 
118.0 59.0 82.0 74.0 
60.0 59.0 64.0 63.0 
61.0 60.0 64.0 64.0 
61.0 58.0 62.0 62.0 
118.0 60.0 82.0 75.0 
60.0 60.0 64.0 63.0 
62.0 59.0 64.0 64.0 
60.0 61.0 62.0 62.0 
116.0 59.0 83.0 73.0 
61.0 57.0 65.0 63.0 
61.0 59.0 64.0 64.0 
61.0 60.0 61.0 62.0 
118.0 59.0 81.0 74.0 
60.0 58.0 64.0 63.0 
60.0 61.0 64.0 64.0 
60.0 60.0 61.0 62.0 
119.0 60.0 81.0 73.0 
60.0 59.0 64.0 63.0 
61.0 59.0 64.0 64.0 
60.0 60.0 62.0 62.0 
118.0 59.0 81.0 73.0 
61.0 59.0 64.0 62.0 
61.0 59.0 64.0 65.0 
60.0 61.0 62.0 62.0 
118.0 59.0 81.0 74.0 
60.0 59.0 65.0 62.0 
61.0 59.0 63.0 63.0 
60.0 59.0 62.0 61.0 
118.0 59.0 82.0 74.0 
60.0 59.0 64.0 63.0 
60.0 59.0 63.0 64.0 
60.0 60.0 61.0 62.0 
118.0 59.0 81.0 73.0 
60.0 58.0 65.0 63.0 
61.0 60.0 63.0 64.0 
60.0 60.0 63.0 62.0 
119.0 59.0 81.0 74.0 
60.0 58.0 64.0 62.0 
61.0 59.0 64.0 63.0 
59.0 60.0 62.0 63.0 
118.0 60.0 81.0 74.0 
61.0 59.0 64.0 62.0 
61.0 59.0 64.0 64.0 
60.0 61.0 62.0 62.0 
118.0 59.0 82.0 74.0 
60.0 59.0 63.0 63.0 
61.0 60.0 64.0 63.0 
60.0 59.0 61.0 63.0 
119.0 59.0 82.0 73.0 
59.0 59.0 64.0 63.0 
61.0 60.0 64.0 64.0 
61.0 60.0 62.0 62.0 
118.0 60.0 82.0 74.0 
60.0 59.0 64.0 63.0 
61.0 59.0 64.0 63.0 
60.0 61.0 62.0 62.0 
119.0 60.0 82.0 74.0 
60.0 59.0 63.0 63.0 
60.0 59.0 63.0 64.0 
60.0 59.0 62.0 62.0 
118.0 59.0 82.0 75.0 
60.0 58.0 64.0 63.0 
60.0 59.0 63.0 64.0 
60.0 60.0 60.0 62.0 
119.0 59.0 82.0 74.0 
59.0 59.0 64.0 62.0 
60.0 59.0 64.0 64.0 
59.0 61.0 61.0 62.0 
119.0 60.0 81.0 74.0 
60.0 58.0 64.0 63.0 
60.0 60.0 64.0 64.0 
59.0 60.0 62.0 62.0 
118.0 59.0 82.0 74.0 
59.0 59.0 64.0 63.0 
61.0 60.0 63.0 64.0 
60.0 60.0 62.0 63.0 
118.0 60.0 80.0 74.0 
60.0 59.0 65.0 63.0 
60.0 60.0 63.0 64.0 
60.0 60.0 61.0 63.0 
118.0 59.0 81.0 74.0 
61.0 58.0 65.0 63.0 
59.0 59.0 64.0 64.0 
60.0 57.0 62.0 61.0 
119.0 60.0 81.0 74.0 
60.0 59.0 65.0 63.0 
60.0 59.0 61.0 63.0 
59.0 61.0 62.0 63.0 
118.0 60.0 82.0 75.0 
60.0 59.0 64.0 63.0 
61.0 59.0 63.0 64.0 
60.0 59.0 62.0 62.0 
120.0 59.0 82.0 73.0 
60.0 58.0 64.0 63.0 
60.0 60.0 63.0 63.0 
60.0 61.0 62.0 63.0 
119.0 59.0 83.0 75.0 
59.0 58.0 65.0 63.0 
60.0 60.0 63.0 64.0 
59.0 59.0 63.0 61.0 
118.0 60.0 81.0 74.0 
60.0 58.0 65.0 63.0 
60.0 59.0 64.0 64.0 
60.0 59.0 62.0 62.0 
119.0 59.0 82.0 74.0 
60.0 59.0 64.0 63.0 
60.0 59.0 64.0 64.0 
60.0 60.0 61.0 62.0 
119.0 60.0 82.0 74.0 
59.0 59.0 65.0 62.0 
61.0 59.0 63.0 64.0 
60.0 61.0 63.0 63.0 
119.0 59.0 83.0 74.0 
61.0 58.0 65.0 63.0 
61.0 59.0 64.0 63.0 
60.0 60.0 62.0 61.0 
121.0 60.0 82.0 76.0 
60.0 58.0 64.0 62.0 
61.0 58.0 63.0 64.0 
59.0 59.0 61.0 62.0 
122.0 59.0 82.0 74.0 
60.0 59.0 64.0 63.0 
61.0 59.0 63.0 63.0 
60.0 60.0 61.0 64.0 
120.0 59.0 82.0 75.0 
60.0 59.0 65.0 63.0 
61.0 59.0 64.0 64.0 
60.0 59.0 62.0 62.0 
120.0 60.0 82.0 74.0 
60.0 59.0 65.0 63.0 
60.0 61.0 63.0 64.0 
60.0 59.0 62.0 62.0 
121.0 59.0 82.0 73.0 
61.0 59.0 65.0 62.0 
61.0 59.0 63.0 64.0 
59.0 60.0 61.0 62.0 
121.0 60.0 82.0 74.0 
59.0 58.0 63.0 63.0 
60.0 59.0 64.0 64.0 
59.0 59.0 63.0 62.0 
120.0 59.0 82.0 75.0 
59.0 59.0 65.0 62.0 
61.0 60.0 62.0 64.0 
60.0 60.0 60.0 63.0 
120.0 59.0 82.0 75.0 
60.0 59.0 65.0 63.0 
62.0 59.0 62.0 64.0 
59.0 60.0 61.0 62.0 
120.0 60.0 82.0 75.0 
60.0 58.0 65.0 63.0 
60.0 59.0 63.0 63.0 
60.0 60.0 61.0 62.0 
120.0 61.0 82.0 75.0 
60.0 59.0 64.0 65.0 
61.0 59.0 63.0 63.0 
60.0 60.0 62.0 62.0 
119.0 60.0 82.0 74.0 
60.0 58.0 65.0 63.0 
60.0 59.0 63.0 64.0 
60.0 60.0 62.0 62.0 
118.0 60.0 82.0 74.0 
60.0 59.0 64.0 62.0 
60.0 58.0 64.0 64.0 
60.0 59.0 62.0 63.0 
116.0 60.0 83.0 74.0 
61.0 59.0 64.0 62.0 
61.0 59.0 64.0 64.0 
61.0 60.0 63.0 62.0 
113.0 61.0 81.0 73.0 
60.0 58.0 64.0 63.0 
60.0 59.0 64.0 65.0 
60.0 60.0 62.0 62.0 
113.0 59.0 82.0 73.0 
60.0 58.0 64.0 63.0 
62.0 59.0 64.0 65.0 
60.0 59.0 61.0 62.0 
112.0 60.0 82.0 74.0 
61.0 57.0 64.0 64.0 
62.0 59.0 64.0 64.0 
60.0 60.0 62.0 62.0 
114.0 60.0 83.0 74.0 
60.0 59.0 64.0 62.0 
61.0 59.0 64.0 63.0 
60.0 60.0 62.0 63.0 
115.0 60.0 82.0 74.0 
61.0 59.0 64.0 62.0 
61.0 58.0 63.0 64.0 
60.0 60.0 61.0 61.0 
116.0 60.0 82.0 74.0 
61.0 59.0 64.0 62.0 
63.0 58.0 64.0 64.0 
60.0 60.0 61.0 62.0 
117.0 59.0 83.0 74.0 
61.0 58.0 64.0 62.0 
61.0 60.0 64.0 64.0 
60.0 60.0 62.0 62.0 
118.0 59.0 81.0 74.0 
60.0 58.0 65.0 63.0 
61.0 59.0 63.0 65.0 
60.0 61.0 62.0 62.0 
118.0 60.0 82.0 74.0 
60.0 59.0 64.0 63.0 
61.0 60.0 64.0 64.0 
61.0 60.0 62.0 62.0 
118.0 59.0 82.0 75.0 
60.0 58.0 64.0 63.0 
61.0 59.0 64.0 64.0 
61.0 59.0 62.0 62.0 
124.0 59.0 82.0 75.0 
61.0 58.0 64.0 61.0 
60.0 59.0 64.0 64.0 
60.0 60.0 61.0 63.0 
124.0 60.0 82.0 74.0 
61.0 58.0 65.0 63.0 
61.0 59.0 64.0 64.0 
60.0 59.0 61.0 62.0 
123.0 59.0 82.0 76.0 
61.0 59.0 64.0 63.0 
60.0 59.0 64.0 64.0 
60.0 60.0 61.0 62.0 
122.0 59.0 81.0 74.0 
61.0 57.0 65.0 63.0 
61.0 58.0 64.0 64.0 
59.0 60.0 61.0 63.0 
114.0 59.0 81.0 74.0 
61.0 59.0 65.0 63.0 
61.0 60.0 63.0 65.0 
60.0 59.0 62.0 61.0 
116.0 61.0 80.0 74.0 
61.0 58.0 65.0 63.0 
61.0 59.0 64.0 64.0 
60.0 60.0 62.0 62.0 
117.0 59.0 81.0 73.0 
60.0 58.0 64.0 63.0 
61.0 59.0 64.0 64.0 
60.0 60.0 61.0 62.0 
111.0 59.0 80.0 74.0 
61.0 59.0 65.0 63.0 
61.0 59.0 63.0 64.0 
60.0 60.0 61.0 61.0 
107.0 59.0 81.0 73.0 
60.0 58.0 65.0 63.0 
61.0 59.0 64.0 64.0 
60.0 59.0 62.0 61.0 
111.0 61.0 81.0 74.0 
60.0 58.0 65.0 63.0 
61.0 59.0 64.0 63.0 
60.0 59.0 62.0 60.0 
109.0 59.0 80.0 74.0 
60.0 59.0 65.0 63.0 
62.0 61.0 64.0 64.0 
60.0 60.0 61.0 62.0 
117.0 59.0 81.0 75.0 
60.0 59.0 64.0 63.0 
61.0 59.0 64.0 64.0 
60.0 60.0 61.0 62.0 
116.0 59.0 80.0 75.0 
60.0 59.0 65.0 64.0 
61.0 59.0 64.0 64.0 
60.0 60.0 62.0 61.0 
117.0 59.0 82.0 74.0 
61.0 59.0 65.0 63.0 
62.0 59.0 64.0 64.0 
60.0 59.0 61.0 61.0 
119.0 57.0 81.0 74.0 
60.0 59.0 65.0 63.0 
61.0 59.0 64.0 64.0 
60.0 59.0 62.0 61.0 
115.0 60.0 82.0 75.0 
60.0 59.0 64.0 63.0 
60.0 60.0 63.0 63.0 
61.0 60.0 62.0 62.0 
119.0 59.0 80.0 74.0 
60.0 58.0 64.0 63.0 
61.0 59.0 64.0 64.0 
60.0 60.0 61.0 62.0 
117.0 60.0 80.0 74.0 
59.0 58.0 66.0 63.0 
61.0 59.0 64.0 64.0 
60.0 59.0 62.0 62.0 
118.0 60.0 81.0 75.0 
61.0 58.0 65.0 63.0 
61.0 58.0 64.0 64.0 
61.0 60.0 63.0 62.0 
118.0 60.0 80.0 74.0 
60.0 58.0 64.0 63.0 
61.0 59.0 64.0 65.0 
60.0 59.0 62.0 62.0 
122.0 59.0 81.0 76.0 
60.0 58.0 65.0 63.0 
61.0 59.0 64.0 64.0 
61.0 59.0 62.0 62.0 
125.0 59.0 81.0 75.0 
60.0 58.0 65.0 63.0 
60.0 59.0 64.0 64.0 
59.0 60.0 62.0 62.0 
124.0 59.0 80.0 75.0 
61.0 58.0 65.0 63.0 
60.0 59.0 64.0 64.0 
60.0 60.0 62.0 62.0 
122.0 60.0 80.0 74.0 
60.0 59.0 65.0 63.0 
60.0 59.0 64.0 64.0 
60.0 60.0 61.0 62.0 
121.0 60.0 81.0 74.0 
60.0 59.0 64.0 62.0 
60.0 59.0 63.0 64.0 
61.0 59.0 63.0 61.0 
123.0 60.0 80.0 74.0 
61.0 58.0 64.0 63.0 
61.0 59.0 63.0 63.0 
61.0 59.0 62.0 62.0 
122.0 59.0 80.0 74.0 
60.0 59.0 65.0 63.0 
60.0 59.0 64.0 64.0 
59.0 60.0 61.0 61.0 
126.0 59.0 80.0 75.0 
60.0 59.0 64.0 63.0 
62.0 59.0 64.0 63.0 
60.0 60.0 62.0 62.0 
126.0 59.0 81.0 75.0 
60.0 59.0 64.0 62.0 
60.0 61.0 64.0 64.0 
60.0 59.0 62.0 62.0 
128.0 59.0 81.0 74.0 
60.0 59.0 65.0 62.0 
61.0 60.0 63.0 62.0 
59.0 60.0 60.0 61.0 
129.0 59.0 80.0 76.0 
60.0 59.0 64.0 63.0 
60.0 60.0 64.0 64.0 
60.0 59.0 61.0 62.0 
128.0 59.0 80.0 75.0 
59.0 59.0 64.0 63.0 
60.0 60.0 63.0 63.0 
59.0 59.0 62.0 62.0 
127.0 59.0 80.0 74.0 
61.0 58.0 65.0 62.0 
59.0 59.0 65.0 64.0 
59.0 60.0 61.0 62.0 
129.0 60.0 80.0 75.0 
61.0 58.0 64.0 63.0 
60.0 58.0 64.0 63.0 
60.0 60.0 62.0 62.0 
126.0 59.0 81.0 74.0 
60.0 59.0 65.0 63.0 
59.0 60.0 64.0 65.0 
59.0 60.0 61.0 61.0 
126.0 60.0 80.0 75.0 
60.0 59.0 64.0 63.0 
60.0 59.0 65.0 64.0 
58.0 60.0 61.0 62.0 
125.0 60.0 80.0 75.0 
59.0 59.0 65.0 62.0 
60.0 60.0 63.0 64.0 
60.0 59.0 63.0 62.0 
125.0 60.0 80.0 74.0 
60.0 59.0 65.0 63.0 
60.0 60.0 64.0 64.0 
60.0 58.0 62.0 62.0 
124.0 60.0 82.0 74.0 
60.0 58.0 64.0 63.0 
61.0 59.0 64.0 64.0 
59.0 60.0 61.0 62.0 
125.0 59.0 80.0 75.0 
60.0 59.0 65.0 63.0 
61.0 58.0 64.0 64.0 
61.0 60.0 61.0 62.0 
125.0 59.0 81.0 74.0 
60.0 59.0 65.0 63.0 
60.0 59.0 64.0 65.0 
60.0 60.0 61.0 61.0 
126.0 58.0 81.0 74.0 
60.0 58.0 64.0 63.0 
59.0 59.0 65.0 64.0 
59.0 59.0 61.0 62.0 
123.0 61.0 80.0 75.0 
59.0 60.0 64.0 64.0 
60.0 59.0 64.0 64.0 
59.0 59.0 64.0 62.0 
124.0 61.0 80.0 75.0 
60.0 58.0 65.0 63.0 
61.0 59.0 64.0 64.0 
60.0 59.0 62.0 62.0 
125.0 59.0 80.0 75.0 
60.0 58.0 64.0 62.0 
60.0 60.0 64.0 64.0 
60.0 60.0 61.0 62.0 
121.0 59.0 80.0 73.0 
60.0 59.0 64.0 63.0 
60.0 59.0 64.0 64.0 
60.0 60.0 61.0 61.0 
120.0 60.0 80.0 74.0 
60.0 59.0 65.0 62.0 
60.0 60.0 65.0 64.0 
60.0 60.0 63.0 62.0 
120.0 60.0 80.0 74.0 
60.0 58.0 65.0 63.0 
61.0 60.0 64.0 64.0 
60.0 60.0 62.0 62.0 
120.0 60.0 80.0 73.0 
60.0 58.0 65.0 63.0 
61.0 59.0 63.0 64.0 
60.0 60.0 62.0 62.0 
121.0 60.0 80.0 73.0 
59.0 58.0 65.0 63.0 
60.0 59.0 64.0 64.0 
59.0 60.0 62.0 62.0 
120.0 60.0 80.0 74.0 
60.0 58.0 65.0 63.0 
60.0 59.0 64.0 64.0 
60.0 59.0 62.0 62.0 
120.0 59.0 80.0 73.0 
60.0 58.0 64.0 62.0 
60.0 60.0 63.0 64.0 
59.0 60.0 61.0 62.0 
121.0 60.0 80.0 74.0 
60.0 60.0 65.0 62.0 
60.0 60.0 64.0 64.0 
60.0 60.0 63.0 62.0 
121.0 59.0 80.0 73.0 
60.0 58.0 65.0 62.0 
60.0 59.0 63.0 64.0 
59.0 60.0 61.0 62.0 
122.0 60.0 80.0 74.0 
60.0 58.0 64.0 62.0 
61.0 58.0 63.0 64.0 
59.0 60.0 62.0 62.0 
123.0 59.0 81.0 73.0 
60.0 58.0 65.0 63.0 
61.0 60.0 64.0 63.0 
59.0 60.0 62.0 62.0 
124.0 60.0 79.0 74.0 
59.0 59.0 64.0 62.0 
60.0 57.0 65.0 64.0 
59.0 60.0 63.0 62.0 
125.0 59.0 80.0 74.0 
60.0 59.0 64.0 63.0 
61.0 59.0 63.0 64.0 
59.0 60.0 62.0 62.0 
124.0 60.0 80.0 74.0 
59.0 59.0 65.0 63.0 
61.0 59.0 64.0 64.0 
59.0 60.0 62.0 62.0 
121.0 60.0 81.0 74.0 
61.0 58.0 65.0 64.0 
61.0 59.0 65.0 64.0 
59.0 60.0 61.0 62.0 
123.0 59.0 80.0 74.0 
61.0 60.0 64.0 63.0 
61.0 61.0 63.0 64.0 
59.0 59.0 62.0 63.0 
124.0 59.0 80.0 73.0 
60.0 58.0 65.0 63.0 
60.0 59.0 64.0 64.0 
60.0 60.0 63.0 62.0 
122.0 59.0 81.0 74.0 
59.0 58.0 66.0 63.0 
60.0 59.0 63.0 64.0 
59.0 59.0 62.0 62.0 
123.0 60.0 81.0 74.0 
61.0 59.0 64.0 63.0 
60.0 59.0 63.0 64.0 
60.0 60.0 61.0 63.0 
124.0 59.0 81.0 73.0 
60.0 59.0 65.0 63.0 
61.0 60.0 64.0 64.0 
60.0 60.0 61.0 62.0 
122.0 59.0 82.0 74.0 
60.0 58.0 64.0 63.0 
60.0 60.0 64.0 65.0 
59.0 61.0 62.0 62.0 
124.0 58.0 80.0 74.0 
60.0 58.0 65.0 64.0 
60.0 58.0 63.0 64.0 
59.0 60.0 60.0 62.0 
124.0 59.0 81.0 75.0 
60.0 59.0 65.0 63.0 
61.0 59.0 64.0 64.0 
60.0 60.0 61.0 62.0 
123.0 60.0 81.0 74.0 
60.0 59.0 64.0 63.0 
60.0 60.0 64.0 64.0 
59.0 60.0 62.0 62.0 
123.0 60.0 81.0 74.0 
59.0 59.0 65.0 64.0 
60.0 59.0 64.0 63.0 
59.0 60.0 62.0 62.0 
123.0 59.0 80.0 75.0 
60.0 59.0 64.0 64.0 
61.0 59.0 64.0 65.0 
57.0 60.0 61.0 61.0 
122.0 59.0 81.0 74.0 
60.0 58.0 65.0 64.0 
60.0 59.0 63.0 65.0 
60.0 59.0 62.0 62.0 
122.0 60.0 81.0 74.0 
60.0 58.0 65.0 63.0 
60.0 59.0 63.0 63.0 
60.0 59.0 62.0 62.0 
122.0 60.0 81.0 74.0 
61.0 59.0 64.0 63.0 
60.0 60.0 63.0 64.0 
59.0 59.0 63.0 62.0 
123.0 60.0 81.0 75.0 
60.0 59.0 64.0 63.0 
61.0 60.0 63.0 63.0 
60.0 60.0 62.0 62.0 
123.0 60.0 80.0 75.0 
59.0 59.0 64.0 62.0 
61.0 60.0 63.0 64.0 
61.0 59.0 62.0 62.0 
123.0 58.0 81.0 74.0 
60.0 59.0 65.0 63.0 
59.0 60.0 63.0 64.0 
59.0 60.0 61.0 62.0 
124.0 59.0 81.0 74.0 
60.0 59.0 65.0 62.0 
60.0 59.0 64.0 64.0 
60.0 60.0 61.0 62.0 
123.0 60.0 80.0 73.0 
60.0 59.0 65.0 62.0 
60.0 60.0 64.0 65.0 
60.0 60.0 62.0 62.0 
123.0 60.0 80.0 74.0 
60.0 58.0 65.0 63.0 
60.0 59.0 63.0 64.0 
61.0 59.0 61.0 62.0 
123.0 60.0 81.0 74.0 
60.0 59.0 65.0 63.0 
60.0 59.0 64.0 64.0 
60.0 60.0 63.0 62.0 
122.0 60.0 80.0 74.0 
60.0 60.0 64.0 63.0 
60.0 59.0 64.0 63.0 
59.0 60.0 62.0 62.0 
123.0 60.0 80.0 74.0 
60.0 59.0 65.0 63.0 
60.0 59.0 64.0 64.0 
60.0 61.0 62.0 62.0 
121.0 60.0 80.0 74.0 
59.0 59.0 65.0 63.0 
61.0 59.0 65.0 64.0 
60.0 60.0 63.0 61.0 
121.0 59.0 80.0 73.0 
59.0 59.0 65.0 63.0 
60.0 59.0 63.0 65.0 
60.0 59.0 63.0 61.0 
123.0 60.0 80.0 74.0 
61.0 58.0 65.0 63.0 
61.0 59.0 64.0 64.0 
60.0 59.0 62.0 62.0 
122.0 59.0 80.0 74.0 
60.0 59.0 66.0 63.0 
60.0 58.0 63.0 64.0 
60.0 60.0 61.0 62.0 
123.0 60.0 79.0 74.0 
61.0 59.0 65.0 63.0 
61.0 58.0 63.0 65.0 
