105.0 58.0 81.0 74.0 
56.0 58.0 58.0 60.0 
59.0 58.0 61.0 62.0 
57.0 58.0 58.0 58.0 
105.0 58.0 81.0 74.0 
58.0 57.0 59.0 60.0 
58.0 57.0 61.0 62.0 
57.0 58.0 58.0 59.0 
105.0 58.0 81.0 74.0 
58.0 57.0 59.0 59.0 
59.0 58.0 61.0 62.0 
58.0 58.0 57.0 58.0 
106.0 58.0 82.0 74.0 
57.0 58.0 59.0 60.0 
59.0 58.0 61.0 63.0 
58.0 58.0 59.0 58.0 
105.0 59.0 81.0 74.0 
58.0 58.0 59.0 60.0 
60.0 58.0 61.0 63.0 
57.0 59.0 59.0 59.0 
104.0 58.0 81.0 74.0 
57.0 57.0 59.0 60.0 
60.0 58.0 61.0 62.0 
57.0 58.0 58.0 59.0 
105.0 58.0 82.0 74.0 
58.0 57.0 60.0 59.0 
60.0 57.0 61.0 62.0 
57.0 58.0 57.0 59.0 
105.0 59.0 82.0 74.0 
59.0 58.0 60.0 60.0 
60.0 58.0 62.0 62.0 
57.0 58.0 58.0 58.0 
105.0 58.0 80.0 74.0 
58.0 57.0 59.0 60.0 
60.0 58.0 62.0 62.0 
58.0 58.0 59.0 59.0 
104.0 58.0 81.0 74.0 
58.0 57.0 60.0 59.0 
60.0 58.0 61.0 63.0 
58.0 58.0 59.0 59.0 
105.0 58.0 82.0 74.0 
57.0 59.0 60.0 59.0 
60.0 59.0 61.0 63.0 
58.0 58.0 58.0 59.0 
105.0 58.0 81.0 75.0 
59.0 58.0 59.0 59.0 
60.0 57.0 61.0 62.0 
57.0 58.0 59.0 59.0 
105.0 59.0 80.0 74.0 
58.0 57.0 60.0 59.0 
59.0 58.0 61.0 63.0 
59.0 58.0 59.0 59.0 
105.0 58.0 81.0 74.0 
58.0 59.0 56.0 60.0 
60.0 57.0 61.0 62.0 
58.0 59.0 59.0 59.0 
104.0 57.0 81.0 74.0 
58.0 58.0 59.0 59.0 
59.0 57.0 61.0 62.0 
59.0 58.0 59.0 59.0 
100.0 58.0 81.0 74.0 
57.0 57.0 60.0 59.0 
60.0 57.0 62.0 62.0 
58.0 58.0 58.0 58.0 
101.0 58.0 80.0 74.0 
57.0 57.0 59.0 59.0 
60.0 57.0 62.0 62.0 
58.0 58.0 58.0 59.0 
101.0 58.0 81.0 73.0 
57.0 57.0 59.0 59.0 
59.0 58.0 61.0 63.0 
58.0 58.0 59.0 59.0 
98.0 58.0 81.0 74.0 
57.0 57.0 59.0 58.0 
60.0 58.0 60.0 63.0 
58.0 58.0 59.0 59.0 
100.0 59.0 81.0 75.0 
58.0 57.0 59.0 59.0 
60.0 58.0 62.0 62.0 
58.0 59.0 58.0 59.0 
99.0 59.0 81.0 74.0 
58.0 57.0 59.0 59.0 
60.0 57.0 61.0 62.0 
58.0 59.0 58.0 59.0 
98.0 58.0 82.0 74.0 
58.0 58.0 58.0 60.0 
60.0 58.0 61.0 62.0 
59.0 58.0 59.0 58.0 
102.0 59.0 81.0 74.0 
58.0 57.0 59.0 59.0 
60.0 58.0 62.0 62.0 
59.0 58.0 59.0 59.0 
98.0 59.0 81.0 74.0 
58.0 58.0 59.0 58.0 
60.0 58.0 61.0 62.0 
58.0 58.0 59.0 59.0 
99.0 58.0 81.0 74.0 
59.0 57.0 59.0 60.0 
59.0 58.0 61.0 63.0 
58.0 58.0 58.0 59.0 
99.0 58.0 81.0 74.0 
58.0 58.0 59.0 58.0 
59.0 58.0 61.0 63.0 
58.0 59.0 58.0 59.0 
100.0 58.0 82.0 74.0 
58.0 58.0 59.0 59.0 
59.0 57.0 62.0 62.0 
57.0 59.0 59.0 60.0 
100.0 59.0 80.0 73.0 
58.0 58.0 59.0 59.0 
59.0 58.0 62.0 62.0 
58.0 57.0 59.0 60.0 
102.0 59.0 80.0 74.0 
57.0 57.0 59.0 60.0 
60.0 58.0 61.0 62.0 
58.0 59.0 58.0 59.0 
102.0 59.0 81.0 74.0 
58.0 58.0 59.0 59.0 
60.0 58.0 62.0 62.0 
58.0 58.0 58.0 60.0 
101.0 58.0 81.0 74.0 
57.0 57.0 59.0 60.0 
60.0 58.0 62.0 63.0 
58.0 59.0 58.0 60.0 
104.0 58.0 83.0 75.0 
57.0 58.0 59.0 60.0 
60.0 58.0 61.0 63.0 
58.0 58.0 59.0 59.0 
103.0 58.0 82.0 75.0 
57.0 56.0 60.0 60.0 
59.0 59.0 63.0 63.0 
58.0 58.0 59.0 59.0 
103.0 59.0 82.0 75.0 
57.0 58.0 59.0 59.0 
59.0 58.0 62.0 62.0 
58.0 59.0 59.0 59.0 
104.0 59.0 81.0 74.0 
57.0 58.0 60.0 60.0 
60.0 58.0 62.0 62.0 
58.0 58.0 60.0 59.0 
102.0 59.0 82.0 74.0 
58.0 57.0 61.0 59.0 
60.0 57.0 62.0 62.0 
58.0 58.0 58.0 59.0 
103.0 57.0 81.0 74.0 
58.0 58.0 60.0 60.0 
59.0 58.0 62.0 62.0 
59.0 58.0 59.0 58.0 
103.0 58.0 81.0 74.0 
59.0 57.0 61.0 61.0 
60.0 57.0 62.0 63.0 
58.0 59.0 59.0 60.0 
103.0 59.0 82.0 75.0 
58.0 58.0 60.0 61.0 
61.0 58.0 62.0 62.0 
58.0 58.0 60.0 58.0 
102.0 59.0 82.0 74.0 
58.0 57.0 61.0 59.0 
60.0 58.0 62.0 62.0 
58.0 59.0 58.0 60.0 
104.0 59.0 81.0 75.0 
57.0 57.0 60.0 60.0 
59.0 59.0 62.0 62.0 
59.0 58.0 59.0 59.0 
106.0 58.0 82.0 75.0 
58.0 57.0 60.0 60.0 
60.0 59.0 61.0 62.0 
58.0 59.0 58.0 59.0 
107.0 58.0 81.0 74.0 
58.0 57.0 60.0 61.0 
60.0 58.0 62.0 62.0 
57.0 59.0 59.0 59.0 
107.0 58.0 81.0 75.0 
58.0 58.0 60.0 59.0 
60.0 57.0 61.0 62.0 
58.0 58.0 59.0 60.0 
107.0 59.0 81.0 74.0 
57.0 57.0 60.0 60.0 
60.0 58.0 61.0 64.0 
58.0 58.0 59.0 60.0 
107.0 58.0 82.0 74.0 
58.0 57.0 60.0 59.0 
58.0 58.0 61.0 62.0 
58.0 59.0 57.0 59.0 
107.0 59.0 81.0 75.0 
59.0 58.0 60.0 59.0 
59.0 58.0 61.0 62.0 
58.0 60.0 59.0 60.0 
107.0 58.0 81.0 75.0 
58.0 57.0 59.0 60.0 
58.0 58.0 61.0 63.0 
58.0 59.0 59.0 59.0 
107.0 59.0 82.0 74.0 
58.0 58.0 59.0 60.0 
60.0 58.0 62.0 63.0 
58.0 59.0 58.0 59.0 
108.0 59.0 81.0 74.0 
59.0 58.0 60.0 59.0 
59.0 58.0 61.0 63.0 
58.0 60.0 59.0 58.0 
108.0 58.0 81.0 75.0 
58.0 57.0 60.0 60.0 
59.0 59.0 61.0 63.0 
58.0 59.0 59.0 59.0 
108.0 58.0 81.0 74.0 
57.0 58.0 60.0 59.0 
59.0 58.0 62.0 62.0 
58.0 59.0 59.0 59.0 
108.0 59.0 81.0 75.0 
58.0 58.0 59.0 60.0 
60.0 59.0 63.0 62.0 
59.0 59.0 59.0 59.0 
108.0 59.0 81.0 75.0 
58.0 57.0 60.0 60.0 
60.0 58.0 63.0 63.0 
58.0 59.0 59.0 59.0 
108.0 59.0 81.0 75.0 
58.0 58.0 60.0 60.0 
61.0 59.0 62.0 63.0 
58.0 59.0 59.0 60.0 
108.0 59.0 81.0 74.0 
58.0 57.0 60.0 60.0 
59.0 58.0 61.0 63.0 
58.0 59.0 59.0 59.0 
108.0 58.0 81.0 75.0 
58.0 58.0 59.0 60.0 
59.0 58.0 62.0 63.0 
58.0 58.0 59.0 59.0 
108.0 59.0 81.0 74.0 
58.0 59.0 59.0 60.0 
59.0 58.0 63.0 63.0 
59.0 59.0 59.0 59.0 
108.0 59.0 82.0 75.0 
58.0 58.0 60.0 60.0 
60.0 59.0 62.0 64.0 
58.0 59.0 60.0 59.0 
108.0 59.0 82.0 74.0 
58.0 58.0 60.0 60.0 
60.0 59.0 63.0 63.0 
58.0 59.0 58.0 60.0 
108.0 58.0 81.0 75.0 
58.0 58.0 60.0 60.0 
60.0 56.0 63.0 63.0 
58.0 58.0 58.0 59.0 
109.0 58.0 83.0 74.0 
58.0 58.0 60.0 60.0 
59.0 59.0 62.0 63.0 
59.0 58.0 59.0 60.0 
108.0 59.0 81.0 74.0 
58.0 58.0 59.0 60.0 
60.0 58.0 63.0 63.0 
59.0 58.0 58.0 59.0 
108.0 59.0 81.0 74.0 
58.0 58.0 60.0 60.0 
60.0 58.0 63.0 62.0 
58.0 59.0 58.0 60.0 
108.0 60.0 80.0 74.0 
59.0 58.0 60.0 60.0 
60.0 58.0 62.0 64.0 
59.0 59.0 60.0 59.0 
109.0 58.0 81.0 74.0 
58.0 58.0 60.0 59.0 
59.0 58.0 62.0 62.0 
58.0 58.0 59.0 60.0 
107.0 58.0 81.0 75.0 
59.0 58.0 60.0 60.0 
60.0 58.0 62.0 63.0 
58.0 59.0 59.0 60.0 
106.0 59.0 82.0 74.0 
59.0 58.0 60.0 60.0 
60.0 57.0 63.0 63.0 
58.0 59.0 59.0 60.0 
107.0 59.0 80.0 74.0 
59.0 59.0 60.0 60.0 
60.0 58.0 62.0 61.0 
58.0 60.0 58.0 59.0 
107.0 58.0 82.0 74.0 
58.0 58.0 60.0 60.0 
59.0 58.0 62.0 63.0 
58.0 59.0 59.0 59.0 
104.0 59.0 82.0 75.0 
58.0 58.0 61.0 60.0 
60.0 59.0 61.0 63.0 
58.0 59.0 59.0 60.0 
102.0 59.0 81.0 75.0 
59.0 58.0 61.0 60.0 
60.0 58.0 62.0 63.0 
59.0 58.0 59.0 60.0 
103.0 58.0 81.0 74.0 
58.0 59.0 59.0 60.0 
60.0 58.0 61.0 63.0 
59.0 59.0 59.0 59.0 
108.0 58.0 83.0 74.0 
58.0 57.0 61.0 61.0 
59.0 59.0 62.0 62.0 
59.0 59.0 59.0 60.0 
108.0 59.0 81.0 74.0 
59.0 58.0 60.0 60.0 
60.0 59.0 62.0 62.0 
57.0 59.0 59.0 61.0 
108.0 59.0 80.0 75.0 
58.0 57.0 60.0 61.0 
59.0 59.0 63.0 63.0 
59.0 59.0 59.0 60.0 
109.0 58.0 80.0 75.0 
58.0 58.0 61.0 59.0 
60.0 59.0 62.0 63.0 
58.0 59.0 59.0 60.0 
107.0 59.0 80.0 75.0 
58.0 57.0 60.0 60.0 
60.0 58.0 62.0 63.0 
59.0 60.0 59.0 60.0 
108.0 59.0 81.0 74.0 
58.0 57.0 59.0 60.0 
60.0 59.0 62.0 63.0 
58.0 59.0 59.0 60.0 
109.0 59.0 81.0 74.0 
59.0 58.0 60.0 60.0 
60.0 57.0 62.0 64.0 
59.0 59.0 59.0 60.0 
108.0 59.0 81.0 74.0 
58.0 58.0 60.0 61.0 
61.0 58.0 63.0 62.0 
59.0 60.0 59.0 60.0 
108.0 59.0 81.0 74.0 
58.0 58.0 59.0 60.0 
60.0 58.0 62.0 63.0 
58.0 59.0 59.0 60.0 
108.0 59.0 82.0 73.0 
58.0 58.0 60.0 60.0 
61.0 59.0 62.0 63.0 
58.0 59.0 60.0 61.0 
108.0 58.0 82.0 75.0 
58.0 56.0 60.0 61.0 
62.0 58.0 62.0 63.0 
58.0 58.0 59.0 59.0 
108.0 59.0 82.0 75.0 
58.0 57.0 61.0 60.0 
60.0 58.0 63.0 63.0 
58.0 60.0 59.0 60.0 
108.0 59.0 82.0 75.0 
58.0 58.0 60.0 60.0 
60.0 58.0 62.0 63.0 
58.0 60.0 59.0 60.0 
108.0 59.0 83.0 75.0 
58.0 58.0 60.0 59.0 
59.0 59.0 63.0 63.0 
59.0 59.0 59.0 60.0 
108.0 59.0 82.0 76.0 
59.0 58.0 61.0 60.0 
60.0 59.0 62.0 62.0 
59.0 59.0 59.0 60.0 
109.0 59.0 82.0 75.0 
58.0 58.0 60.0 60.0 
59.0 59.0 62.0 63.0 
58.0 60.0 59.0 60.0 
109.0 58.0 82.0 76.0 
59.0 58.0 61.0 61.0 
60.0 58.0 62.0 63.0 
59.0 59.0 60.0 59.0 
108.0 60.0 83.0 75.0 
59.0 58.0 60.0 60.0 
58.0 59.0 62.0 64.0 
59.0 60.0 60.0 60.0 
109.0 59.0 83.0 75.0 
59.0 58.0 60.0 61.0 
60.0 58.0 63.0 62.0 
59.0 59.0 59.0 59.0 
108.0 59.0 82.0 74.0 
58.0 59.0 60.0 60.0 
60.0 58.0 62.0 63.0 
59.0 58.0 59.0 60.0 
108.0 59.0 82.0 75.0 
58.0 58.0 60.0 59.0 
60.0 58.0 62.0 63.0 
59.0 59.0 59.0 60.0 
109.0 59.0 81.0 76.0 
58.0 58.0 60.0 60.0 
60.0 58.0 62.0 62.0 
58.0 59.0 58.0 60.0 
108.0 60.0 83.0 74.0 
58.0 58.0 60.0 60.0 
60.0 59.0 62.0 63.0 
59.0 59.0 60.0 59.0 
109.0 61.0 82.0 76.0 
58.0 58.0 60.0 61.0 
59.0 59.0 62.0 64.0 
58.0 59.0 59.0 60.0 
109.0 59.0 82.0 76.0 
58.0 58.0 60.0 59.0 
61.0 59.0 63.0 63.0 
58.0 59.0 59.0 60.0 
110.0 59.0 82.0 75.0 
58.0 58.0 60.0 60.0 
61.0 61.0 62.0 63.0 
58.0 59.0 59.0 60.0 
110.0 59.0 81.0 75.0 
58.0 58.0 60.0 61.0 
59.0 59.0 63.0 63.0 
58.0 60.0 59.0 60.0 
109.0 60.0 81.0 75.0 
59.0 58.0 60.0 60.0 
60.0 59.0 63.0 63.0 
58.0 59.0 59.0 60.0 
110.0 59.0 82.0 75.0 
58.0 59.0 60.0 60.0 
61.0 58.0 62.0 63.0 
58.0 60.0 59.0 60.0 
110.0 58.0 82.0 75.0 
58.0 58.0 60.0 61.0 
60.0 58.0 62.0 63.0 
59.0 59.0 59.0 60.0 
109.0 59.0 82.0 75.0 
58.0 58.0 60.0 60.0 
60.0 59.0 63.0 63.0 
58.0 60.0 60.0 61.0 
110.0 60.0 81.0 74.0 
59.0 58.0 60.0 60.0 
61.0 58.0 63.0 62.0 
58.0 59.0 59.0 60.0 
110.0 59.0 82.0 75.0 
58.0 58.0 60.0 60.0 
60.0 58.0 62.0 63.0 
58.0 60.0 59.0 60.0 
109.0 60.0 82.0 76.0 
59.0 58.0 60.0 60.0 
61.0 59.0 62.0 63.0 
58.0 59.0 60.0 60.0 
110.0 60.0 82.0 75.0 
58.0 59.0 59.0 60.0 
60.0 58.0 62.0 63.0 
58.0 59.0 60.0 60.0 
110.0 61.0 82.0 76.0 
58.0 57.0 60.0 60.0 
59.0 58.0 62.0 64.0 
58.0 60.0 60.0 60.0 
111.0 59.0 82.0 75.0 
58.0 58.0 60.0 61.0 
59.0 59.0 63.0 63.0 
58.0 58.0 59.0 60.0 
109.0 59.0 83.0 74.0 
58.0 58.0 60.0 60.0 
60.0 59.0 62.0 63.0 
59.0 59.0 58.0 60.0 
110.0 60.0 83.0 75.0 
58.0 58.0 60.0 61.0 
60.0 58.0 63.0 64.0 
58.0 60.0 59.0 59.0 
110.0 60.0 82.0 75.0 
58.0 58.0 60.0 60.0 
60.0 59.0 62.0 63.0 
58.0 59.0 60.0 59.0 
110.0 59.0 83.0 75.0 
58.0 59.0 60.0 60.0 
60.0 58.0 62.0 63.0 
58.0 60.0 60.0 61.0 
109.0 59.0 83.0 76.0 
59.0 58.0 60.0 60.0 
60.0 59.0 63.0 62.0 
59.0 59.0 61.0 60.0 
109.0 59.0 82.0 76.0 
57.0 58.0 60.0 60.0 
59.0 59.0 63.0 64.0 
59.0 59.0 60.0 60.0 
109.0 59.0 82.0 75.0 
58.0 58.0 60.0 61.0 
60.0 59.0 62.0 64.0 
59.0 60.0 59.0 60.0 
109.0 59.0 83.0 75.0 
58.0 59.0 61.0 60.0 
60.0 59.0 63.0 64.0 
59.0 59.0 59.0 60.0 
111.0 59.0 82.0 76.0 
58.0 58.0 60.0 60.0 
60.0 58.0 63.0 63.0 
58.0 60.0 59.0 59.0 
111.0 59.0 82.0 76.0 
59.0 59.0 60.0 60.0 
61.0 58.0 62.0 63.0 
58.0 60.0 60.0 60.0 
110.0 60.0 83.0 75.0 
58.0 58.0 60.0 61.0 
61.0 58.0 63.0 64.0 
59.0 60.0 60.0 61.0 
110.0 60.0 82.0 75.0 
58.0 58.0 60.0 60.0 
60.0 59.0 62.0 64.0 
59.0 59.0 60.0 60.0 
110.0 59.0 82.0 75.0 
58.0 59.0 61.0 61.0 
59.0 59.0 62.0 64.0 
60.0 60.0 59.0 61.0 
110.0 59.0 80.0 75.0 
59.0 58.0 59.0 60.0 
60.0 58.0 63.0 63.0 
58.0 59.0 58.0 62.0 
110.0 59.0 81.0 76.0 
59.0 58.0 61.0 61.0 
60.0 58.0 63.0 63.0 
59.0 60.0 59.0 60.0 
110.0 59.0 82.0 75.0 
58.0 58.0 61.0 61.0 
61.0 58.0 63.0 63.0 
59.0 59.0 60.0 60.0 
109.0 59.0 81.0 76.0 
59.0 58.0 60.0 60.0 
60.0 59.0 62.0 64.0 
59.0 59.0 59.0 61.0 
109.0 59.0 81.0 75.0 
58.0 59.0 60.0 61.0 
60.0 59.0 63.0 63.0 
58.0 61.0 59.0 60.0 
109.0 60.0 81.0 75.0 
58.0 58.0 60.0 61.0 
60.0 58.0 63.0 63.0 
58.0 60.0 60.0 59.0 
107.0 59.0 81.0 75.0 
58.0 58.0 60.0 62.0 
60.0 60.0 62.0 64.0 
59.0 59.0 59.0 60.0 
109.0 59.0 82.0 75.0 
59.0 58.0 61.0 60.0 
60.0 60.0 62.0 64.0 
58.0 59.0 60.0 60.0 
109.0 59.0 82.0 74.0 
58.0 59.0 60.0 60.0 
59.0 59.0 62.0 63.0 
58.0 59.0 59.0 60.0 
109.0 59.0 80.0 75.0 
58.0 58.0 60.0 61.0 
59.0 60.0 62.0 63.0 
59.0 57.0 60.0 60.0 
110.0 59.0 81.0 74.0 
59.0 58.0 60.0 61.0 
61.0 58.0 61.0 64.0 
59.0 60.0 59.0 60.0 
109.0 59.0 80.0 75.0 
59.0 59.0 60.0 61.0 
60.0 59.0 62.0 63.0 
59.0 60.0 59.0 62.0 
110.0 59.0 81.0 75.0 
58.0 60.0 60.0 61.0 
61.0 59.0 63.0 63.0 
58.0 60.0 59.0 61.0 
109.0 60.0 80.0 75.0 
59.0 58.0 61.0 61.0 
60.0 59.0 63.0 63.0 
58.0 61.0 60.0 61.0 
110.0 59.0 82.0 77.0 
59.0 59.0 61.0 62.0 
59.0 59.0 62.0 63.0 
58.0 60.0 58.0 60.0 
110.0 60.0 83.0 77.0 
59.0 58.0 62.0 61.0 
60.0 60.0 62.0 63.0 
58.0 59.0 59.0 60.0 
111.0 60.0 87.0 78.0 
59.0 59.0 60.0 61.0 
59.0 59.0 61.0 62.0 
59.0 60.0 61.0 60.0 
111.0 60.0 87.0 78.0 
59.0 58.0 61.0 61.0 
61.0 59.0 62.0 64.0 
60.0 60.0 61.0 61.0 
110.0 60.0 86.0 78.0 
59.0 58.0 60.0 61.0 
60.0 59.0 60.0 63.0 
58.0 60.0 60.0 61.0 
111.0 59.0 87.0 78.0 
59.0 59.0 61.0 62.0 
61.0 58.0 62.0 64.0 
60.0 59.0 58.0 61.0 
112.0 59.0 88.0 78.0 
60.0 58.0 62.0 63.0 
60.0 59.0 62.0 64.0 
60.0 59.0 60.0 61.0 
112.0 58.0 87.0 78.0 
60.0 59.0 63.0 62.0 
60.0 59.0 62.0 63.0 
59.0 60.0 59.0 62.0 
111.0 59.0 87.0 78.0 
60.0 58.0 63.0 63.0 
61.0 58.0 63.0 64.0 
60.0 59.0 60.0 62.0 
110.0 59.0 87.0 78.0 
60.0 57.0 63.0 62.0 
60.0 59.0 62.0 64.0 
60.0 60.0 59.0 61.0 
110.0 59.0 87.0 78.0 
60.0 60.0 62.0 63.0 
61.0 59.0 63.0 65.0 
60.0 60.0 60.0 61.0 
109.0 59.0 87.0 78.0 
60.0 59.0 63.0 62.0 
62.0 59.0 62.0 64.0 
60.0 60.0 60.0 61.0 
110.0 59.0 86.0 77.0 
60.0 58.0 61.0 61.0 
60.0 59.0 63.0 64.0 
59.0 60.0 59.0 61.0 
110.0 59.0 86.0 78.0 
60.0 58.0 62.0 61.0 
61.0 59.0 63.0 64.0 
60.0 60.0 59.0 62.0 
110.0 59.0 86.0 78.0 
59.0 58.0 62.0 62.0 
61.0 60.0 63.0 64.0 
59.0 60.0 59.0 63.0 
109.0 59.0 87.0 77.0 
60.0 59.0 64.0 63.0 
61.0 58.0 63.0 63.0 
59.0 60.0 60.0 62.0 
109.0 59.0 86.0 77.0 
60.0 58.0 64.0 64.0 
62.0 59.0 62.0 64.0 
60.0 59.0 61.0 61.0 
108.0 60.0 86.0 76.0 
59.0 59.0 63.0 63.0 
61.0 60.0 62.0 64.0 
60.0 60.0 60.0 62.0 
110.0 60.0 86.0 77.0 
60.0 58.0 64.0 64.0 
61.0 60.0 62.0 64.0 
58.0 60.0 61.0 61.0 
109.0 60.0 86.0 78.0 
62.0 59.0 65.0 65.0 
60.0 58.0 63.0 64.0 
60.0 60.0 61.0 61.0 
109.0 59.0 85.0 76.0 
62.0 58.0 66.0 65.0 
60.0 59.0 63.0 61.0 
58.0 60.0 60.0 61.0 
110.0 60.0 85.0 77.0 
61.0 58.0 66.0 66.0 
61.0 58.0 62.0 63.0 
58.0 60.0 61.0 61.0 
108.0 59.0 84.0 76.0 
62.0 58.0 66.0 65.0 
61.0 57.0 62.0 64.0 
60.0 58.0 60.0 61.0 
110.0 58.0 83.0 76.0 
61.0 59.0 66.0 65.0 
61.0 58.0 62.0 63.0 
59.0 60.0 60.0 61.0 
109.0 59.0 85.0 77.0 
62.0 57.0 66.0 66.0 
60.0 59.0 62.0 64.0 
61.0 59.0 60.0 61.0 
110.0 59.0 86.0 77.0 
61.0 58.0 65.0 66.0 
61.0 59.0 62.0 64.0 
59.0 59.0 60.0 61.0 
108.0 58.0 85.0 76.0 
62.0 58.0 66.0 65.0 
61.0 59.0 62.0 64.0 
59.0 59.0 60.0 61.0 
106.0 58.0 84.0 77.0 
62.0 58.0 66.0 65.0 
61.0 59.0 61.0 63.0 
59.0 60.0 60.0 61.0 
105.0 59.0 85.0 76.0 
63.0 59.0 65.0 66.0 
61.0 58.0 63.0 64.0 
59.0 59.0 60.0 61.0 
104.0 58.0 84.0 77.0 
63.0 58.0 66.0 66.0 
59.0 60.0 62.0 64.0 
60.0 60.0 59.0 61.0 
106.0 60.0 84.0 77.0 
62.0 60.0 66.0 66.0 
61.0 59.0 61.0 63.0 
60.0 60.0 61.0 61.0 
106.0 59.0 84.0 76.0 
62.0 59.0 66.0 66.0 
60.0 59.0 62.0 63.0 
59.0 60.0 59.0 61.0 
106.0 58.0 83.0 77.0 
62.0 58.0 67.0 66.0 
61.0 59.0 63.0 63.0 
59.0 60.0 61.0 61.0 
90.0 60.0 84.0 77.0 
63.0 58.0 67.0 67.0 
61.0 58.0 62.0 64.0 
59.0 60.0 62.0 61.0 
87.0 60.0 84.0 75.0 
63.0 59.0 67.0 66.0 
60.0 59.0 62.0 64.0 
61.0 60.0 60.0 61.0 
91.0 59.0 85.0 76.0 
63.0 58.0 68.0 66.0 
60.0 59.0 61.0 62.0 
61.0 59.0 61.0 61.0 
83.0 60.0 84.0 76.0 
64.0 59.0 68.0 66.0 
60.0 59.0 60.0 61.0 
60.0 60.0 62.0 62.0 
90.0 59.0 84.0 75.0 
63.0 59.0 67.0 66.0 
61.0 59.0 60.0 62.0 
59.0 60.0 61.0 61.0 
92.0 59.0 84.0 75.0 
62.0 59.0 69.0 66.0 
59.0 59.0 60.0 60.0 
60.0 59.0 62.0 62.0 
110.0 60.0 88.0 78.0 
63.0 58.0 70.0 66.0 
58.0 59.0 60.0 60.0 
59.0 60.0 64.0 61.0 
106.0 60.0 87.0 78.0 
62.0 59.0 69.0 66.0 
59.0 58.0 59.0 60.0 
60.0 60.0 63.0 61.0 
92.0 60.0 87.0 77.0 
62.0 59.0 70.0 66.0 
58.0 59.0 60.0 60.0 
60.0 60.0 62.0 62.0 
96.0 59.0 86.0 77.0 
63.0 58.0 68.0 65.0 
58.0 59.0 59.0 60.0 
60.0 59.0 62.0 61.0 
92.0 60.0 86.0 75.0 
63.0 58.0 68.0 66.0 
58.0 59.0 60.0 60.0 
60.0 59.0 62.0 61.0 
81.0 59.0 85.0 74.0 
63.0 59.0 68.0 67.0 
59.0 59.0 59.0 61.0 
60.0 59.0 61.0 61.0 
83.0 61.0 83.0 76.0 
63.0 59.0 68.0 67.0 
60.0 58.0 61.0 61.0 
60.0 60.0 61.0 60.0 
86.0 60.0 86.0 77.0 
63.0 57.0 66.0 67.0 
59.0 58.0 60.0 62.0 
61.0 60.0 60.0 62.0 
87.0 59.0 86.0 77.0 
63.0 59.0 65.0 67.0 
60.0 59.0 60.0 62.0 
61.0 58.0 60.0 62.0 
88.0 59.0 84.0 77.0 
63.0 59.0 64.0 66.0 
61.0 59.0 61.0 63.0 
60.0 60.0 59.0 61.0 
90.0 59.0 83.0 78.0 
63.0 59.0 65.0 67.0 
62.0 60.0 62.0 64.0 
61.0 60.0 60.0 61.0 
85.0 60.0 83.0 78.0 
63.0 59.0 65.0 66.0 
62.0 59.0 62.0 65.0 
60.0 60.0 61.0 61.0 
81.0 60.0 81.0 78.0 
63.0 58.0 64.0 68.0 
62.0 59.0 62.0 65.0 
61.0 60.0 60.0 61.0 
75.0 59.0 81.0 77.0 
63.0 59.0 64.0 67.0 
63.0 59.0 62.0 65.0 
60.0 59.0 59.0 61.0 
72.0 59.0 81.0 78.0 
65.0 58.0 65.0 68.0 
63.0 58.0 62.0 65.0 
60.0 60.0 60.0 61.0 
72.0 59.0 81.0 75.0 
64.0 59.0 65.0 68.0 
63.0 60.0 61.0 65.0 
61.0 59.0 60.0 62.0 
68.0 60.0 82.0 74.0 
64.0 59.0 66.0 68.0 
63.0 59.0 62.0 64.0 
61.0 60.0 60.0 62.0 
70.0 60.0 81.0 73.0 
64.0 60.0 66.0 67.0 
62.0 61.0 62.0 63.0 
61.0 63.0 61.0 62.0 
69.0 60.0 82.0 73.0 
65.0 59.0 66.0 68.0 
63.0 59.0 62.0 65.0 
63.0 60.0 60.0 63.0 
67.0 63.0 79.0 71.0 
62.0 63.0 66.0 67.0 
61.0 62.0 61.0 64.0 
63.0 63.0 62.0 63.0 
69.0 59.0 79.0 72.0 
64.0 59.0 66.0 67.0 
63.0 59.0 62.0 65.0 
65.0 60.0 62.0 66.0 
70.0 59.0 79.0 73.0 
64.0 59.0 65.0 66.0 
63.0 58.0 62.0 65.0 
64.0 60.0 61.0 65.0 
70.0 60.0 78.0 73.0 
64.0 59.0 66.0 68.0 
62.0 59.0 62.0 64.0 
65.0 60.0 62.0 67.0 
66.0 64.0 77.0 72.0 
62.0 63.0 65.0 66.0 
62.0 62.0 62.0 63.0 
64.0 65.0 62.0 66.0 
67.0 64.0 76.0 71.0 
61.0 62.0 64.0 65.0 
63.0 62.0 62.0 64.0 
64.0 65.0 62.0 66.0 
69.0 64.0 77.0 71.0 
61.0 62.0 64.0 65.0 
63.0 63.0 62.0 66.0 
64.0 66.0 62.0 66.0 
72.0 64.0 75.0 71.0 
62.0 62.0 64.0 66.0 
63.0 63.0 63.0 67.0 
64.0 65.0 62.0 66.0 
72.0 65.0 75.0 73.0 
61.0 62.0 64.0 66.0 
64.0 65.0 62.0 68.0 
65.0 66.0 61.0 66.0 
75.0 66.0 74.0 75.0 
61.0 62.0 63.0 65.0 
63.0 65.0 62.0 68.0 
65.0 66.0 62.0 67.0 
70.0 68.0 66.0 80.0 
62.0 62.0 61.0 67.0 
69.0 66.0 61.0 71.0 
65.0 65.0 61.0 66.0 
64.0 66.0 74.0 79.0 
63.0 63.0 63.0 67.0 
69.0 70.0 63.0 74.0 
58.0 59.0 59.0 58.0 
67.0 67.0 82.0 77.0 
62.0 63.0 65.0 66.0 
70.0 70.0 64.0 72.0 
58.0 59.0 58.0 59.0 
73.0 67.0 86.0 76.0 
62.0 63.0 65.0 68.0 
69.0 70.0 63.0 73.0 
58.0 58.0 59.0 59.0 
69.0 66.0 90.0 76.0 
62.0 63.0 67.0 68.0 
70.0 70.0 65.0 73.0 
58.0 58.0 58.0 58.0 
70.0 66.0 95.0 77.0 
63.0 62.0 67.0 68.0 
70.0 71.0 65.0 73.0 
57.0 59.0 58.0 59.0 
72.0 67.0 97.0 77.0 
63.0 63.0 67.0 67.0 
70.0 70.0 65.0 72.0 
59.0 59.0 58.0 59.0 
74.0 66.0 103.0 76.0 
63.0 64.0 68.0 67.0 
70.0 70.0 65.0 73.0 
58.0 58.0 58.0 60.0 
67.0 65.0 104.0 76.0 
63.0 63.0 68.0 67.0 
70.0 70.0 66.0 73.0 
58.0 60.0 57.0 60.0 
68.0 67.0 109.0 79.0 
63.0 64.0 72.0 67.0 
71.0 71.0 89.0 73.0 
58.0 59.0 57.0 58.0 
70.0 65.0 110.0 79.0 
62.0 62.0 70.0 66.0 
66.0 67.0 83.0 71.0 
67.0 67.0 76.0 69.0 
73.0 66.0 117.0 78.0 
60.0 61.0 70.0 66.0 
67.0 67.0 87.0 71.0 
67.0 66.0 78.0 68.0 
68.0 66.0 122.0 78.0 
61.0 62.0 70.0 65.0 
67.0 67.0 91.0 71.0 
67.0 68.0 83.0 70.0 
71.0 66.0 131.0 78.0 
61.0 61.0 71.0 65.0 
67.0 69.0 96.0 72.0 
67.0 68.0 85.0 68.0 
70.0 66.0 137.0 80.0 
61.0 62.0 72.0 65.0 
67.0 68.0 103.0 73.0 
67.0 68.0 89.0 70.0 
74.0 68.0 144.0 81.0 
61.0 61.0 72.0 65.0 
68.0 71.0 124.0 75.0 
67.0 68.0 111.0 71.0 
71.0 66.0 147.0 81.0 
61.0 61.0 73.0 64.0 
67.0 69.0 182.0 78.0 
67.0 68.0 174.0 76.0 
70.0 67.0 188.0 84.0 
62.0 61.0 75.0 63.0 
69.0 70.0 260.0 85.0 
67.0 69.0 224.0 79.0 
71.0 68.0 216.0 87.0 
60.0 60.0 74.0 63.0 
70.0 73.0 347.0 94.0 
68.0 70.0 272.0 83.0 
72.0 69.0 245.0 90.0 
60.0 60.0 76.0 63.0 
72.0 76.0 390.0 102.0 
68.0 68.0 297.0 87.0 
72.0 70.0 278.0 95.0 
59.0 60.0 81.0 64.0 
72.0 75.0 401.0 103.0 
67.0 69.0 300.0 88.0 
71.0 69.0 266.0 93.0 
60.0 60.0 82.0 64.0 
73.0 78.0 429.0 108.0 
68.0 70.0 315.0 91.0 
75.0 72.0 300.0 99.0 
60.0 61.0 77.0 63.0 
75.0 80.0 469.0 116.0 
69.0 71.0 323.0 93.0 
76.0 75.0 348.0 113.0 
60.0 60.0 80.0 63.0 
77.0 80.0 474.0 118.0 
70.0 71.0 313.0 93.0 
77.0 76.0 341.0 116.0 
60.0 59.0 77.0 63.0 
75.0 78.0 432.0 113.0 
70.0 73.0 351.0 99.0 
76.0 72.0 326.0 114.0 
59.0 59.0 76.0 62.0 
76.0 80.0 461.0 120.0 
72.0 76.0 390.0 107.0 
80.0 81.0 417.0 141.0 
59.0 59.0 74.0 63.0 
75.0 79.0 445.0 118.0 
73.0 76.0 400.0 107.0 
97.0 90.0 445.0 151.0 
60.0 60.0 74.0 63.0 
78.0 82.0 448.0 121.0 
73.0 76.0 369.0 106.0 
99.0 92.0 456.0 160.0 
60.0 60.0 75.0 62.0 
80.0 81.0 447.0 123.0 
75.0 77.0 383.0 108.0 
95.0 91.0 444.0 160.0 
60.0 59.0 75.0 63.0 
76.0 81.0 405.0 124.0 
73.0 76.0 366.0 114.0 
101.0 91.0 385.0 158.0 
59.0 60.0 75.0 63.0 
79.0 83.0 434.0 135.0 
71.0 74.0 320.0 107.0 
104.0 99.0 403.0 205.0 
59.0 60.0 72.0 63.0 
81.0 87.0 438.0 147.0 
71.0 74.0 316.0 112.0 
106.0 100.0 389.0 228.0 
59.0 58.0 73.0 63.0 
80.0 86.0 399.0 162.0 
70.0 74.0 297.0 119.0 
109.0 108.0 399.0 282.0 
60.0 59.0 73.0 63.0 
81.0 98.0 358.0 249.0 
69.0 77.0 266.0 147.0 
107.0 114.0 372.0 313.0 
60.0 60.0 73.0 65.0 
83.0 107.0 333.0 341.0 
67.0 77.0 238.0 168.0 
107.0 115.0 336.0 340.0 
59.0 59.0 73.0 63.0 
86.0 117.0 311.0 403.0 
66.0 76.0 203.0 174.0 
127.0 64.0 328.0 415.0 
59.0 59.0 70.0 62.0 
105.0 64.0 288.0 450.0 
73.0 60.0 180.0 183.0 
133.0 64.0 302.0 446.0 
59.0 59.0 71.0 61.0 
109.0 65.0 265.0 462.0 
72.0 60.0 153.0 167.0 
140.0 66.0 286.0 520.0 
59.0 60.0 71.0 59.0 
107.0 63.0 229.0 447.0 
68.0 60.0 132.0 158.0 
142.0 68.0 278.0 528.0 
60.0 59.0 70.0 60.0 
105.0 63.0 219.0 418.0 
69.0 60.0 120.0 155.0 
136.0 65.0 247.0 480.0 
59.0 58.0 71.0 56.0 
111.0 63.0 208.0 457.0 
68.0 60.0 110.0 144.0 
136.0 65.0 238.0 474.0 
59.0 58.0 69.0 55.0 
115.0 64.0 207.0 482.0 
67.0 60.0 103.0 128.0 
138.0 64.0 226.0 491.0 
59.0 59.0 69.0 53.0 
108.0 62.0 178.0 446.0 
66.0 60.0 98.0 123.0 
139.0 63.0 202.0 468.0 
59.0 58.0 67.0 54.0 
107.0 63.0 160.0 423.0 
65.0 60.0 94.0 122.0 
139.0 64.0 193.0 457.0 
58.0 60.0 66.0 52.0 
110.0 64.0 160.0 450.0 
67.0 60.0 88.0 128.0 
148.0 65.0 186.0 473.0 
59.0 59.0 67.0 54.0 
116.0 65.0 160.0 480.0 
67.0 60.0 84.0 125.0 
156.0 218.0 168.0 492.0 
59.0 59.0 66.0 54.0 
96.0 135.0 138.0 419.0 
68.0 60.0 78.0 143.0 
155.0 227.0 154.0 457.0 
59.0 58.0 65.0 54.0 
93.0 132.0 123.0 384.0 
70.0 60.0 84.0 143.0 
134.0 271.0 156.0 487.0 
60.0 57.0 66.0 55.0 
90.0 142.0 115.0 349.0 
66.0 78.0 82.0 126.0 
141.0 322.0 150.0 457.0 
59.0 59.0 65.0 55.0 
98.0 170.0 106.0 353.0 
68.0 60.0 71.0 121.0 
149.0 363.0 137.0 397.0 
58.0 56.0 66.0 57.0 
102.0 245.0 111.0 352.0 
64.0 59.0 70.0 98.0 
156.0 417.0 138.0 402.0 
59.0 56.0 65.0 57.0 
106.0 300.0 107.0 337.0 
61.0 60.0 66.0 84.0 
155.0 417.0 135.0 367.0 
58.0 58.0 65.0 57.0 
114.0 303.0 111.0 315.0 
62.0 60.0 69.0 87.0 
161.0 446.0 132.0 359.0 
59.0 55.0 67.0 59.0 
119.0 317.0 108.0 302.0 
61.0 69.0 63.0 78.0 
162.0 497.0 127.0 338.0 
59.0 55.0 66.0 61.0 
126.0 390.0 105.0 311.0 
60.0 71.0 62.0 70.0 
164.0 499.0 128.0 314.0 
58.0 54.0 67.0 61.0 
122.0 377.0 95.0 274.0 
62.0 76.0 62.0 72.0 
170.0 499.0 115.0 285.0 
58.0 59.0 66.0 62.0 
126.0 345.0 88.0 232.0 
67.0 60.0 63.0 78.0 
180.0 569.0 113.0 283.0 
59.0 55.0 66.0 64.0 
131.0 397.0 90.0 217.0 
64.0 84.0 63.0 72.0 
187.0 572.0 110.0 273.0 
59.0 56.0 65.0 63.0 
136.0 407.0 87.0 203.0 
62.0 78.0 62.0 68.0 
199.0 619.0 111.0 266.0 
58.0 55.0 67.0 64.0 
139.0 407.0 87.0 202.0 
64.0 81.0 63.0 70.0 
210.0 613.0 108.0 246.0 
59.0 55.0 66.0 65.0 
141.0 409.0 85.0 182.0 
64.0 80.0 62.0 71.0 
215.0 599.0 107.0 234.0 
57.0 56.0 66.0 64.0 
138.0 394.0 84.0 172.0 
65.0 88.0 63.0 72.0 
221.0 635.0 104.0 224.0 
59.0 57.0 66.0 65.0 
134.0 363.0 81.0 150.0 
64.0 86.0 63.0 71.0 
235.0 612.0 102.0 212.0 
59.0 58.0 66.0 65.0 
151.0 403.0 82.0 154.0 
64.0 84.0 63.0 70.0 
274.0 633.0 102.0 209.0 
59.0 58.0 67.0 65.0 
153.0 409.0 83.0 153.0 
65.0 86.0 63.0 71.0 
296.0 631.0 103.0 199.0 
59.0 59.0 68.0 66.0 
160.0 379.0 81.0 134.0 
66.0 87.0 63.0 69.0 
301.0 592.0 103.0 187.0 
60.0 63.0 69.0 67.0 
168.0 381.0 80.0 127.0 
66.0 86.0 62.0 67.0 
324.0 562.0 102.0 174.0 
63.0 67.0 70.0 69.0 
174.0 341.0 78.0 116.0 
66.0 83.0 61.0 65.0 
378.0 546.0 105.0 170.0 
66.0 74.0 72.0 69.0 
201.0 344.0 78.0 115.0 
61.0 68.0 61.0 63.0 
464.0 516.0 105.0 160.0 
68.0 73.0 73.0 70.0 
236.0 312.0 77.0 113.0 
46.0 44.0 58.0 57.0 
453.0 454.0 103.0 143.0 
71.0 72.0 73.0 69.0 
281.0 255.0 78.0 104.0 
44.0 45.0 58.0 57.0 
472.0 416.0 101.0 135.0 
74.0 70.0 74.0 69.0 
299.0 215.0 79.0 100.0 
42.0 47.0 58.0 58.0 
493.0 353.0 98.0 125.0 
76.0 70.0 74.0 70.0 
293.0 183.0 75.0 93.0 
41.0 49.0 59.0 57.0 
512.0 284.0 99.0 116.0 
79.0 70.0 75.0 70.0 
322.0 167.0 81.0 93.0 
41.0 52.0 59.0 58.0 
533.0 267.0 101.0 113.0 
82.0 71.0 76.0 70.0 
346.0 150.0 84.0 90.0 
38.0 51.0 58.0 59.0 
558.0 227.0 101.0 108.0 
82.0 67.0 78.0 70.0 
289.0 120.0 83.0 86.0 
37.0 54.0 58.0 59.0 
577.0 224.0 106.0 106.0 
85.0 68.0 79.0 70.0 
378.0 134.0 104.0 88.0 
38.0 54.0 58.0 59.0 
503.0 196.0 101.0 99.0 
83.0 66.0 82.0 70.0 
324.0 116.0 112.0 88.0 
40.0 55.0 57.0 59.0 
519.0 184.0 105.0 98.0 
83.0 66.0 83.0 70.0 
334.0 116.0 131.0 89.0 
40.0 56.0 56.0 59.0 
501.0 162.0 107.0 95.0 
81.0 65.0 84.0 69.0 
316.0 111.0 145.0 87.0 
40.0 56.0 55.0 59.0 
474.0 147.0 108.0 92.0 
82.0 66.0 84.0 71.0 
354.0 114.0 158.0 90.0 
40.0 56.0 55.0 59.0 
511.0 148.0 108.0 92.0 
74.0 64.0 82.0 69.0 
339.0 112.0 176.0 89.0 
158.0 80.0 148.0 74.0 
477.0 139.0 104.0 89.0 
71.0 64.0 83.0 68.0 
290.0 103.0 223.0 92.0 
141.0 77.0 177.0 79.0 
418.0 119.0 102.0 87.0 
72.0 59.0 85.0 69.0 
285.0 62.0 343.0 112.0 
140.0 61.0 257.0 87.0 
411.0 113.0 93.0 84.0 
70.0 58.0 87.0 69.0 
218.0 64.0 443.0 118.0 
108.0 62.0 321.0 92.0 
388.0 63.0 84.0 82.0 
67.0 60.0 88.0 70.0 
158.0 69.0 536.0 124.0 
92.0 64.0 394.0 97.0 
376.0 103.0 76.0 78.0 
64.0 63.0 90.0 70.0 
125.0 91.0 560.0 119.0 
80.0 78.0 436.0 99.0 
331.0 93.0 70.0 78.0 
63.0 63.0 90.0 70.0 
91.0 81.0 576.0 118.0 
72.0 72.0 462.0 103.0 
290.0 88.0 66.0 77.0 
62.0 58.0 89.0 69.0 
83.0 65.0 607.0 122.0 
75.0 67.0 487.0 108.0 
262.0 61.0 64.0 83.0 
62.0 59.0 87.0 69.0 
82.0 64.0 637.0 125.0 
82.0 68.0 531.0 114.0 
152.0 60.0 60.0 74.0 
61.0 59.0 87.0 68.0 
86.0 64.0 668.0 129.0 
85.0 66.0 591.0 120.0 
117.0 59.0 60.0 72.0 
63.0 59.0 86.0 68.0 
91.0 62.0 689.0 137.0 
86.0 64.0 629.0 126.0 
113.0 59.0 58.0 71.0 
62.0 58.0 84.0 69.0 
91.0 63.0 701.0 147.0 
87.0 64.0 637.0 135.0 
107.0 60.0 59.0 70.0 
61.0 59.0 83.0 68.0 
91.0 65.0 681.0 151.0 
86.0 64.0 649.0 140.0 
106.0 60.0 59.0 70.0 
62.0 59.0 83.0 69.0 
90.0 63.0 703.0 164.0 
85.0 63.0 658.0 152.0 
105.0 60.0 59.0 71.0 
61.0 59.0 81.0 69.0 
93.0 62.0 708.0 176.0 
88.0 64.0 667.0 164.0 
100.0 59.0 57.0 70.0 
61.0 58.0 80.0 69.0 
95.0 61.0 719.0 212.0 
89.0 64.0 651.0 186.0 
99.0 60.0 58.0 68.0 
60.0 61.0 80.0 69.0 
82.0 101.0 727.0 254.0 
78.0 94.0 642.0 213.0 
92.0 66.0 59.0 65.0 
60.0 61.0 76.0 70.0 
84.0 111.0 715.0 320.0 
79.0 101.0 645.0 266.0 
94.0 68.0 57.0 63.0 
60.0 61.0 76.0 70.0 
87.0 120.0 702.0 383.0 
80.0 106.0 651.0 307.0 
91.0 66.0 58.0 64.0 
60.0 61.0 76.0 72.0 
90.0 129.0 695.0 452.0 
82.0 112.0 640.0 362.0 
81.0 64.0 59.0 61.0 
60.0 61.0 75.0 70.0 
96.0 144.0 683.0 542.0 
86.0 122.0 630.0 422.0 
81.0 64.0 59.0 61.0 
59.0 62.0 73.0 72.0 
96.0 149.0 664.0 576.0 
87.0 125.0 609.0 438.0 
75.0 62.0 59.0 60.0 
61.0 61.0 73.0 71.0 
96.0 151.0 651.0 598.0 
89.0 129.0 598.0 467.0 
64.0 62.0 59.0 59.0 
60.0 61.0 73.0 71.0 
99.0 159.0 646.0 628.0 
91.0 134.0 581.0 478.0 
64.0 59.0 59.0 58.0 
61.0 59.0 72.0 69.0 
104.0 166.0 625.0 662.0 
119.0 139.0 558.0 495.0 
67.0 60.0 61.0 58.0 
61.0 59.0 71.0 69.0 
139.0 171.0 585.0 672.0 
96.0 133.0 533.0 501.0 
62.0 59.0 63.0 56.0 
60.0 58.0 71.0 68.0 
142.0 69.0 560.0 693.0 
120.0 74.0 497.0 520.0 
63.0 60.0 63.0 56.0 
60.0 59.0 72.0 67.0 
144.0 69.0 534.0 693.0 
95.0 145.0 460.0 512.0 
62.0 59.0 65.0 56.0 
61.0 58.0 73.0 65.0 
142.0 68.0 497.0 694.0 
120.0 70.0 432.0 531.0 
62.0 59.0 65.0 55.0 
60.0 58.0 69.0 62.0 
141.0 66.0 470.0 693.0 
126.0 69.0 414.0 578.0 
61.0 60.0 67.0 54.0 
60.0 58.0 69.0 61.0 
143.0 65.0 433.0 692.0 
125.0 67.0 381.0 589.0 
61.0 60.0 68.0 53.0 
59.0 59.0 70.0 60.0 
147.0 65.0 418.0 714.0 
127.0 67.0 361.0 607.0 
61.0 59.0 69.0 53.0 
61.0 59.0 70.0 59.0 
151.0 64.0 398.0 709.0 
132.0 65.0 344.0 618.0 
60.0 60.0 70.0 53.0 
60.0 59.0 70.0 59.0 
154.0 64.0 377.0 697.0 
137.0 65.0 337.0 641.0 
61.0 61.0 71.0 52.0 
59.0 59.0 70.0 58.0 
157.0 64.0 346.0 705.0 
138.0 65.0 311.0 634.0 
61.0 60.0 72.0 53.0 
60.0 59.0 69.0 58.0 
161.0 64.0 322.0 687.0 
139.0 65.0 289.0 612.0 
61.0 59.0 74.0 53.0 
59.0 59.0 67.0 55.0 
162.0 63.0 306.0 681.0 
144.0 65.0 283.0 619.0 
60.0 60.0 73.0 52.0 
58.0 60.0 69.0 57.0 
175.0 62.0 302.0 683.0 
153.0 63.0 280.0 635.0 
60.0 60.0 73.0 52.0 
59.0 59.0 68.0 55.0 
171.0 63.0 295.0 693.0 
157.0 64.0 276.0 649.0 
60.0 59.0 74.0 52.0 
59.0 59.0 69.0 55.0 
186.0 62.0 292.0 700.0 
168.0 63.0 273.0 657.0 
60.0 60.0 74.0 53.0 
61.0 58.0 69.0 56.0 
187.0 64.0 284.0 678.0 
171.0 63.0 264.0 655.0 
60.0 59.0 75.0 53.0 
59.0 59.0 68.0 55.0 
190.0 62.0 267.0 655.0 
175.0 63.0 252.0 640.0 
59.0 59.0 75.0 53.0 
59.0 58.0 67.0 55.0 
194.0 63.0 247.0 643.0 
178.0 65.0 223.0 590.0 
59.0 59.0 75.0 54.0 
58.0 58.0 66.0 54.0 
196.0 64.0 221.0 616.0 
158.0 518.0 194.0 507.0 
60.0 51.0 76.0 57.0 
58.0 52.0 67.0 56.0 
187.0 615.0 204.0 564.0 
161.0 537.0 183.0 496.0 
61.0 52.0 76.0 60.0 
58.0 50.0 67.0 55.0 
191.0 634.0 208.0 541.0 
171.0 576.0 181.0 478.0 
61.0 58.0 80.0 59.0 
57.0 59.0 66.0 52.0 
199.0 617.0 198.0 514.0 
178.0 581.0 175.0 459.0 
61.0 60.0 79.0 59.0 
57.0 58.0 66.0 55.0 
191.0 650.0 180.0 497.0 
168.0 581.0 158.0 424.0 
60.0 60.0 81.0 62.0 
57.0 59.0 66.0 55.0 
201.0 660.0 166.0 466.0 
176.0 601.0 148.0 395.0 
62.0 50.0 81.0 64.0 
58.0 49.0 68.0 60.0 
205.0 656.0 156.0 439.0 
177.0 590.0 138.0 349.0 
60.0 60.0 80.0 61.0 
56.0 59.0 68.0 58.0 
213.0 650.0 154.0 422.0 
183.0 581.0 132.0 330.0 
60.0 61.0 80.0 62.0 
56.0 59.0 70.0 58.0 
232.0 666.0 148.0 414.0 
196.0 587.0 127.0 319.0 
59.0 60.0 79.0 63.0 
55.0 58.0 68.0 59.0 
261.0 663.0 144.0 400.0 
220.0 547.0 121.0 299.0 
58.0 59.0 80.0 63.0 
55.0 59.0 68.0 61.0 
288.0 653.0 145.0 389.0 
236.0 537.0 118.0 286.0 
57.0 60.0 80.0 65.0 
56.0 59.0 68.0 61.0 
312.0 647.0 135.0 355.0 
252.0 554.0 112.0 261.0 
55.0 60.0 80.0 67.0 
53.0 58.0 66.0 62.0 
373.0 641.0 126.0 330.0 
294.0 517.0 105.0 242.0 
55.0 60.0 81.0 68.0 
52.0 59.0 66.0 62.0 
413.0 651.0 116.0 309.0 
319.0 533.0 99.0 224.0 
54.0 59.0 80.0 67.0 
51.0 60.0 67.0 62.0 
457.0 634.0 124.0 297.0 
358.0 496.0 100.0 212.0 
53.0 59.0 81.0 69.0 
48.0 58.0 66.0 63.0 
491.0 552.0 113.0 284.0 
397.0 442.0 92.0 200.0 
52.0 60.0 81.0 70.0 
49.0 59.0 66.0 62.0 
546.0 68.0 107.0 281.0 
439.0 65.0 92.0 204.0 
51.0 59.0 80.0 70.0 
49.0 59.0 70.0 65.0 
590.0 65.0 113.0 266.0 
458.0 65.0 96.0 196.0 
50.0 59.0 81.0 69.0 
48.0 59.0 69.0 64.0 
623.0 65.0 113.0 253.0 
464.0 64.0 95.0 185.0 
50.0 60.0 82.0 69.0 
49.0 58.0 68.0 65.0 
639.0 65.0 97.0 247.0 
491.0 66.0 89.0 184.0 
50.0 60.0 83.0 70.0 
49.0 59.0 68.0 64.0 
665.0 63.0 93.0 234.0 
500.0 66.0 88.0 173.0 
49.0 60.0 84.0 69.0 
49.0 60.0 69.0 66.0 
681.0 64.0 96.0 222.0 
483.0 66.0 86.0 159.0 
49.0 59.0 86.0 71.0 
50.0 59.0 68.0 64.0 
716.0 62.0 91.0 219.0 
448.0 65.0 82.0 142.0 
50.0 59.0 89.0 71.0 
49.0 59.0 69.0 66.0 
733.0 63.0 92.0 206.0 
436.0 64.0 82.0 136.0 
60.0 60.0 89.0 75.0 
59.0 58.0 69.0 69.0 
802.0 62.0 92.0 204.0 
367.0 63.0 74.0 116.0 
59.0 61.0 91.0 75.0 
60.0 59.0 69.0 68.0 
803.0 62.0 93.0 196.0 
41.0 60.0 58.0 57.0 
60.0 60.0 93.0 76.0 
61.0 59.0 69.0 66.0 
818.0 62.0 92.0 180.0 
41.0 60.0 58.0 58.0 
62.0 60.0 95.0 76.0 
62.0 59.0 68.0 66.0 
820.0 62.0 92.0 173.0 
40.0 60.0 58.0 57.0 
63.0 59.0 96.0 77.0 
63.0 59.0 66.0 66.0 
817.0 61.0 92.0 169.0 
41.0 60.0 57.0 57.0 
63.0 60.0 101.0 77.0 
63.0 59.0 67.0 66.0 
808.0 61.0 92.0 164.0 
40.0 59.0 58.0 56.0 
64.0 61.0 102.0 78.0 
64.0 59.0 68.0 66.0 
802.0 62.0 89.0 161.0 
41.0 59.0 58.0 56.0 
64.0 59.0 101.0 79.0 
65.0 59.0 68.0 67.0 
741.0 63.0 85.0 149.0 
392.0 64.0 80.0 108.0 
54.0 60.0 103.0 78.0 
54.0 59.0 66.0 65.0 
701.0 63.0 87.0 144.0 
399.0 63.0 81.0 107.0 
55.0 60.0 109.0 79.0 
54.0 59.0 66.0 65.0 
694.0 64.0 87.0 142.0 
418.0 64.0 84.0 109.0 
56.0 59.0 114.0 79.0 
55.0 59.0 66.0 64.0 
688.0 63.0 85.0 132.0 
404.0 64.0 83.0 102.0 
55.0 60.0 117.0 79.0 
56.0 59.0 66.0 64.0 
654.0 64.0 86.0 130.0 
394.0 62.0 83.0 100.0 
56.0 59.0 121.0 80.0 
57.0 58.0 67.0 65.0 
628.0 64.0 89.0 127.0 
356.0 62.0 86.0 96.0 
58.0 59.0 129.0 79.0 
55.0 59.0 67.0 64.0 
597.0 66.0 86.0 123.0 
315.0 62.0 81.0 90.0 
61.0 59.0 136.0 80.0 
56.0 59.0 67.0 63.0 
557.0 66.0 91.0 122.0 
293.0 60.0 83.0 88.0 
63.0 59.0 142.0 81.0 
54.0 58.0 65.0 62.0 
527.0 66.0 107.0 119.0 
253.0 61.0 98.0 87.0 
70.0 59.0 150.0 83.0 
55.0 60.0 64.0 61.0 
509.0 67.0 106.0 120.0 
227.0 61.0 91.0 82.0 
69.0 60.0 157.0 84.0 
55.0 58.0 64.0 61.0 
463.0 66.0 128.0 115.0 
211.0 59.0 120.0 83.0 
69.0 60.0 160.0 86.0 
56.0 58.0 63.0 61.0 
408.0 63.0 152.0 112.0 
175.0 60.0 132.0 80.0 
75.0 59.0 172.0 86.0 
54.0 59.0 59.0 60.0 
352.0 62.0 156.0 106.0 
160.0 60.0 131.0 80.0 
71.0 59.0 179.0 87.0 
55.0 59.0 59.0 59.0 
323.0 61.0 181.0 105.0 
151.0 60.0 150.0 80.0 
72.0 60.0 202.0 91.0 
55.0 58.0 58.0 60.0 
269.0 61.0 181.0 99.0 
142.0 60.0 156.0 79.0 
73.0 59.0 222.0 92.0 
56.0 59.0 59.0 60.0 
231.0 60.0 206.0 99.0 
132.0 60.0 156.0 79.0 
74.0 59.0 243.0 95.0 
57.0 58.0 58.0 59.0 
203.0 59.0 185.0 93.0 
114.0 61.0 153.0 78.0 
75.0 61.0 293.0 102.0 
56.0 59.0 60.0 60.0 
172.0 59.0 144.0 87.0 
105.0 61.0 157.0 78.0 
79.0 62.0 349.0 111.0 
57.0 59.0 63.0 60.0 
155.0 59.0 142.0 84.0 
103.0 60.0 144.0 76.0 
82.0 62.0 373.0 118.0 
57.0 59.0 64.0 60.0 
147.0 59.0 171.0 87.0 
97.0 60.0 128.0 73.0 
85.0 62.0 397.0 126.0 
57.0 59.0 66.0 61.0 
144.0 60.0 180.0 86.0 
94.0 60.0 124.0 71.0 
86.0 63.0 400.0 130.0 
58.0 59.0 62.0 60.0 
92.0 60.0 170.0 83.0 
91.0 60.0 140.0 73.0 
87.0 63.0 401.0 135.0 
58.0 58.0 60.0 59.0 
89.0 59.0 224.0 87.0 
88.0 60.0 132.0 74.0 
90.0 64.0 433.0 144.0 
60.0 59.0 61.0 60.0 
82.0 59.0 198.0 83.0 
78.0 60.0 128.0 72.0 
90.0 64.0 441.0 155.0 
59.0 60.0 60.0 60.0 
80.0 60.0 187.0 81.0 
75.0 59.0 148.0 74.0 
93.0 64.0 458.0 164.0 
59.0 59.0 62.0 60.0 
76.0 59.0 167.0 79.0 
71.0 60.0 145.0 75.0 
92.0 66.0 479.0 171.0 
60.0 59.0 62.0 61.0 
72.0 61.0 166.0 80.0 
69.0 60.0 125.0 72.0 
92.0 64.0 471.0 182.0 
60.0 60.0 63.0 60.0 
70.0 59.0 159.0 82.0 
68.0 60.0 125.0 75.0 
91.0 65.0 476.0 202.0 
59.0 59.0 62.0 60.0 
69.0 60.0 142.0 81.0 
68.0 60.0 118.0 76.0 
91.0 64.0 448.0 215.0 
59.0 59.0 62.0 60.0 
70.0 60.0 130.0 88.0 
69.0 59.0 113.0 83.0 
92.0 64.0 400.0 242.0 
59.0 59.0 63.0 59.0 
72.0 59.0 129.0 110.0 
69.0 60.0 99.0 93.0 
94.0 64.0 414.0 279.0 
59.0 59.0 62.0 57.0 
82.0 59.0 143.0 186.0 
65.0 60.0 85.0 91.0 
96.0 63.0 378.0 304.0 
59.0 59.0 63.0 55.0 
81.0 59.0 127.0 207.0 
64.0 60.0 79.0 97.0 
95.0 62.0 331.0 303.0 
59.0 59.0 62.0 56.0 
82.0 59.0 115.0 227.0 
64.0 59.0 79.0 102.0 
97.0 61.0 286.0 311.0 
59.0 59.0 62.0 55.0 
84.0 60.0 120.0 261.0 
64.0 60.0 79.0 100.0 
97.0 61.0 259.0 332.0 
58.0 59.0 64.0 54.0 
88.0 60.0 125.0 276.0 
63.0 60.0 77.0 91.0 
109.0 64.0 259.0 423.0 
58.0 59.0 65.0 54.0 
89.0 60.0 127.0 290.0 
63.0 60.0 74.0 88.0 
110.0 64.0 244.0 440.0 
58.0 59.0 65.0 54.0 
90.0 60.0 123.0 296.0 
61.0 60.0 73.0 83.0 
116.0 64.0 238.0 447.0 
59.0 59.0 67.0 53.0 
93.0 60.0 132.0 313.0 
61.0 60.0 71.0 76.0 
114.0 63.0 223.0 438.0 
59.0 59.0 67.0 54.0 
94.0 60.0 129.0 324.0 
62.0 60.0 74.0 83.0 
115.0 64.0 214.0 447.0 
59.0 59.0 68.0 54.0 
97.0 61.0 133.0 348.0 
61.0 60.0 67.0 66.0 
127.0 66.0 207.0 498.0 
59.0 58.0 68.0 53.0 
96.0 60.0 121.0 326.0 
62.0 60.0 68.0 80.0 
135.0 65.0 205.0 498.0 
58.0 59.0 69.0 55.0 
91.0 61.0 120.0 324.0 
62.0 60.0 65.0 83.0 
136.0 64.0 193.0 469.0 
58.0 59.0 69.0 56.0 
94.0 61.0 116.0 313.0 
63.0 59.0 66.0 82.0 
138.0 64.0 186.0 461.0 
58.0 59.0 68.0 54.0 
96.0 60.0 118.0 324.0 
63.0 60.0 65.0 83.0 
138.0 64.0 185.0 472.0 
58.0 58.0 65.0 51.0 
96.0 61.0 114.0 318.0 
64.0 60.0 69.0 102.0 
133.0 62.0 153.0 434.0 
58.0 59.0 68.0 52.0 
99.0 60.0 115.0 322.0 
63.0 60.0 65.0 87.0 
142.0 64.0 153.0 448.0 
58.0 59.0 67.0 52.0 
102.0 61.0 117.0 331.0 
62.0 60.0 65.0 78.0 
142.0 63.0 148.0 441.0 
58.0 59.0 67.0 51.0 
106.0 61.0 121.0 352.0 
62.0 60.0 63.0 73.0 
141.0 63.0 145.0 435.0 
57.0 59.0 65.0 52.0 
111.0 60.0 109.0 341.0 
62.0 61.0 63.0 77.0 
135.0 62.0 127.0 410.0 
58.0 60.0 65.0 52.0 
114.0 60.0 98.0 317.0 
68.0 60.0 64.0 90.0 
132.0 62.0 123.0 392.0 
57.0 59.0 66.0 53.0 
119.0 60.0 95.0 298.0 
69.0 60.0 64.0 92.0 
130.0 61.0 118.0 352.0 
58.0 59.0 66.0 56.0 
122.0 59.0 94.0 290.0 
67.0 60.0 62.0 74.0 
131.0 61.0 113.0 326.0 
58.0 59.0 65.0 57.0 
126.0 59.0 89.0 245.0 
64.0 60.0 62.0 71.0 
135.0 60.0 120.0 315.0 
57.0 59.0 68.0 58.0 
125.0 59.0 97.0 205.0 
67.0 60.0 62.0 68.0 
136.0 61.0 109.0 290.0 
58.0 59.0 66.0 60.0 
129.0 59.0 84.0 198.0 
65.0 59.0 62.0 66.0 
143.0 61.0 108.0 275.0 
58.0 59.0 66.0 60.0 
125.0 59.0 84.0 196.0 
67.0 60.0 61.0 70.0 
157.0 60.0 108.0 270.0 
57.0 59.0 67.0 60.0 
131.0 59.0 86.0 202.0 
66.0 60.0 62.0 68.0 
164.0 61.0 106.0 264.0 
57.0 59.0 66.0 60.0 
132.0 60.0 86.0 185.0 
61.0 60.0 59.0 61.0 
165.0 60.0 107.0 258.0 
58.0 58.0 66.0 59.0 
126.0 60.0 85.0 174.0 
63.0 61.0 61.0 63.0 
178.0 60.0 110.0 254.0 
57.0 58.0 67.0 60.0 
129.0 59.0 87.0 172.0 
61.0 60.0 60.0 60.0 
176.0 60.0 108.0 234.0 
56.0 59.0 67.0 60.0 
142.0 60.0 90.0 176.0 
59.0 60.0 59.0 58.0 
184.0 61.0 108.0 224.0 
57.0 59.0 67.0 61.0 
122.0 59.0 83.0 142.0 
58.0 60.0 60.0 58.0 
191.0 60.0 106.0 224.0 
57.0 59.0 67.0 61.0 
120.0 59.0 82.0 130.0 
59.0 60.0 59.0 58.0 
195.0 59.0 100.0 201.0 
56.0 58.0 66.0 61.0 
142.0 60.0 81.0 148.0 
58.0 60.0 59.0 58.0 
204.0 60.0 100.0 195.0 
56.0 59.0 66.0 60.0 
134.0 60.0 80.0 140.0 
60.0 60.0 59.0 59.0 
211.0 60.0 99.0 184.0 
56.0 59.0 65.0 61.0 
151.0 60.0 81.0 140.0 
60.0 61.0 60.0 60.0 
225.0 60.0 101.0 188.0 
55.0 58.0 65.0 60.0 
157.0 59.0 78.0 138.0 
57.0 60.0 60.0 58.0 
239.0 60.0 102.0 186.0 
55.0 58.0 65.0 60.0 
159.0 60.0 79.0 133.0 
56.0 59.0 59.0 58.0 
260.0 59.0 102.0 184.0 
54.0 59.0 65.0 59.0 
161.0 59.0 77.0 123.0 
56.0 60.0 59.0 57.0 
268.0 61.0 99.0 169.0 
53.0 59.0 66.0 60.0 
197.0 60.0 77.0 124.0 
56.0 59.0 60.0 58.0 
279.0 62.0 99.0 165.0 
52.0 59.0 66.0 61.0 
233.0 60.0 75.0 118.0 
52.0 59.0 59.0 56.0 
280.0 62.0 97.0 157.0 
52.0 59.0 66.0 61.0 
306.0 61.0 76.0 117.0 
53.0 61.0 59.0 57.0 
287.0 60.0 98.0 155.0 
50.0 58.0 65.0 61.0 
326.0 61.0 75.0 112.0 
56.0 60.0 59.0 57.0 
357.0 63.0 96.0 155.0 
51.0 59.0 66.0 63.0 
317.0 62.0 74.0 106.0 
58.0 61.0 59.0 58.0 
368.0 62.0 100.0 147.0 
51.0 58.0 67.0 62.0 
300.0 60.0 72.0 98.0 
63.0 60.0 60.0 58.0 
379.0 63.0 95.0 145.0 
49.0 58.0 68.0 62.0 
295.0 61.0 70.0 93.0 
70.0 59.0 60.0 60.0 
390.0 63.0 95.0 136.0 
51.0 59.0 68.0 63.0 
245.0 60.0 68.0 87.0 
64.0 59.0 61.0 59.0 
392.0 63.0 94.0 132.0 
50.0 59.0 67.0 63.0 
316.0 61.0 71.0 92.0 
65.0 59.0 60.0 60.0 
390.0 63.0 92.0 130.0 
48.0 59.0 66.0 62.0 
324.0 61.0 71.0 93.0 
67.0 60.0 61.0 59.0 
400.0 63.0 92.0 126.0 
48.0 59.0 64.0 62.0 
283.0 61.0 69.0 90.0 
76.0 60.0 60.0 60.0 
407.0 63.0 93.0 127.0 
48.0 59.0 64.0 62.0 
293.0 61.0 71.0 91.0 
83.0 59.0 61.0 63.0 
390.0 63.0 91.0 121.0 
47.0 59.0 65.0 61.0 
346.0 62.0 72.0 95.0 
85.0 59.0 62.0 62.0 
396.0 63.0 91.0 120.0 
46.0 58.0 66.0 62.0 
353.0 62.0 74.0 94.0 
88.0 59.0 61.0 62.0 
391.0 64.0 94.0 117.0 
46.0 59.0 66.0 62.0 
361.0 62.0 75.0 95.0 
95.0 60.0 61.0 63.0 
405.0 63.0 93.0 118.0 
48.0 58.0 67.0 64.0 
244.0 60.0 72.0 87.0 
101.0 60.0 61.0 64.0 
390.0 63.0 91.0 113.0 
46.0 59.0 67.0 62.0 
322.0 61.0 74.0 90.0 
96.0 60.0 61.0 63.0 
397.0 63.0 94.0 113.0 
47.0 58.0 67.0 63.0 
289.0 61.0 73.0 89.0 
97.0 61.0 61.0 63.0 
392.0 63.0 94.0 111.0 
48.0 59.0 67.0 63.0 
288.0 61.0 71.0 84.0 
97.0 60.0 61.0 64.0 
365.0 62.0 90.0 106.0 
47.0 59.0 67.0 63.0 
302.0 61.0 71.0 88.0 
92.0 60.0 61.0 63.0 
368.0 62.0 90.0 105.0 
50.0 59.0 67.0 64.0 
253.0 62.0 67.0 83.0 
83.0 59.0 61.0 62.0 
368.0 63.0 90.0 104.0 
51.0 58.0 68.0 63.0 
245.0 60.0 68.0 83.0 
73.0 60.0 61.0 62.0 
356.0 62.0 90.0 102.0 
50.0 59.0 67.0 63.0 
204.0 59.0 66.0 80.0 
68.0 60.0 61.0 61.0 
292.0 61.0 87.0 96.0 
55.0 59.0 67.0 65.0 
133.0 59.0 65.0 73.0 
64.0 60.0 61.0 61.0 
286.0 61.0 87.0 96.0 
57.0 59.0 67.0 65.0 
82.0 59.0 62.0 66.0 
53.0 60.0 60.0 59.0 
254.0 60.0 86.0 92.0 
60.0 59.0 68.0 65.0 
84.0 59.0 62.0 67.0 
52.0 60.0 60.0 59.0 
235.0 60.0 86.0 90.0 
59.0 59.0 67.0 65.0 
79.0 59.0 62.0 66.0 
54.0 59.0 59.0 59.0 
208.0 60.0 84.0 86.0 
60.0 59.0 67.0 65.0 
69.0 60.0 60.0 63.0 
55.0 60.0 59.0 59.0 
174.0 59.0 84.0 80.0 
61.0 59.0 67.0 66.0 
61.0 60.0 60.0 61.0 
57.0 60.0 58.0 59.0 
161.0 60.0 84.0 80.0 
62.0 59.0 67.0 67.0 
61.0 59.0 60.0 61.0 
57.0 60.0 59.0 59.0 
145.0 60.0 83.0 79.0 
63.0 58.0 69.0 66.0 
62.0 59.0 60.0 61.0 
58.0 60.0 59.0 60.0 
129.0 60.0 85.0 77.0 
62.0 60.0 69.0 66.0 
61.0 59.0 59.0 61.0 
58.0 60.0 60.0 59.0 
117.0 60.0 83.0 76.0 
63.0 59.0 68.0 67.0 
62.0 59.0 60.0 61.0 
58.0 60.0 58.0 60.0 
87.0 59.0 82.0 72.0 
65.0 59.0 70.0 68.0 
61.0 59.0 60.0 61.0 
60.0 60.0 60.0 59.0 
89.0 60.0 82.0 72.0 
66.0 58.0 68.0 67.0 
62.0 60.0 59.0 61.0 
60.0 60.0 59.0 60.0 
73.0 59.0 81.0 70.0 
65.0 59.0 69.0 68.0 
60.0 59.0 61.0 61.0 
60.0 60.0 59.0 59.0 
73.0 59.0 82.0 69.0 
65.0 60.0 70.0 68.0 
60.0 60.0 59.0 60.0 
60.0 60.0 59.0 60.0 
74.0 60.0 82.0 70.0 
66.0 58.0 71.0 67.0 
60.0 59.0 59.0 60.0 
59.0 61.0 59.0 60.0 
72.0 60.0 82.0 70.0 
66.0 59.0 70.0 68.0 
61.0 59.0 59.0 60.0 
60.0 60.0 58.0 60.0 
73.0 59.0 82.0 70.0 
66.0 58.0 69.0 67.0 
61.0 58.0 60.0 61.0 
61.0 60.0 60.0 61.0 
71.0 59.0 82.0 71.0 
65.0 60.0 69.0 68.0 
61.0 59.0 59.0 60.0 
61.0 60.0 61.0 61.0 
70.0 60.0 82.0 72.0 
65.0 58.0 70.0 67.0 
59.0 59.0 59.0 61.0 
61.0 60.0 61.0 60.0 
72.0 60.0 83.0 70.0 
65.0 59.0 70.0 68.0 
60.0 59.0 59.0 60.0 
62.0 60.0 60.0 61.0 
71.0 60.0 82.0 71.0 
65.0 59.0 70.0 68.0 
60.0 60.0 60.0 60.0 
61.0 61.0 60.0 61.0 
70.0 59.0 83.0 71.0 
65.0 58.0 70.0 68.0 
59.0 59.0 59.0 60.0 
62.0 60.0 62.0 62.0 
72.0 59.0 83.0 72.0 
65.0 58.0 70.0 68.0 
59.0 60.0 59.0 60.0 
62.0 60.0 60.0 62.0 
72.0 59.0 83.0 71.0 
65.0 60.0 70.0 68.0 
59.0 60.0 59.0 60.0 
63.0 60.0 60.0 62.0 
72.0 59.0 82.0 71.0 
65.0 60.0 69.0 68.0 
60.0 59.0 58.0 60.0 
61.0 60.0 60.0 62.0 
70.0 59.0 83.0 71.0 
65.0 59.0 70.0 68.0 
60.0 59.0 60.0 59.0 
61.0 60.0 61.0 62.0 
71.0 60.0 82.0 71.0 
65.0 59.0 70.0 68.0 
59.0 59.0 60.0 61.0 
62.0 60.0 61.0 62.0 
70.0 61.0 83.0 71.0 
65.0 58.0 70.0 68.0 
59.0 60.0 59.0 60.0 
62.0 60.0 61.0 62.0 
70.0 59.0 82.0 70.0 
64.0 59.0 70.0 68.0 
60.0 59.0 60.0 61.0 
61.0 60.0 60.0 62.0 
70.0 60.0 83.0 71.0 
65.0 58.0 70.0 67.0 
59.0 61.0 60.0 60.0 
61.0 60.0 62.0 62.0 
70.0 60.0 82.0 71.0 
65.0 59.0 70.0 68.0 
59.0 59.0 59.0 61.0 
61.0 60.0 61.0 62.0 
68.0 60.0 82.0 71.0 
65.0 58.0 70.0 67.0 
61.0 59.0 59.0 61.0 
61.0 60.0 61.0 60.0 
69.0 60.0 83.0 71.0 
64.0 59.0 68.0 68.0 
60.0 59.0 59.0 60.0 
61.0 59.0 61.0 62.0 
69.0 59.0 83.0 71.0 
65.0 58.0 69.0 67.0 
60.0 59.0 60.0 60.0 
61.0 61.0 60.0 62.0 
70.0 59.0 83.0 72.0 
63.0 59.0 69.0 68.0 
58.0 60.0 59.0 60.0 
62.0 60.0 60.0 62.0 
68.0 59.0 83.0 72.0 
64.0 60.0 69.0 67.0 
60.0 58.0 60.0 60.0 
62.0 60.0 61.0 61.0 
66.0 59.0 83.0 72.0 
65.0 59.0 69.0 67.0 
59.0 60.0 59.0 60.0 
62.0 60.0 61.0 62.0 
67.0 59.0 82.0 70.0 
65.0 60.0 71.0 69.0 
59.0 60.0 59.0 60.0 
62.0 60.0 61.0 61.0 
67.0 59.0 81.0 72.0 
65.0 59.0 71.0 68.0 
59.0 60.0 59.0 60.0 
62.0 61.0 60.0 62.0 
71.0 59.0 81.0 70.0 
65.0 59.0 70.0 68.0 
59.0 61.0 60.0 61.0 
62.0 61.0 60.0 62.0 
72.0 59.0 79.0 70.0 
65.0 59.0 71.0 67.0 
59.0 59.0 59.0 60.0 
62.0 60.0 61.0 62.0 
71.0 60.0 78.0 69.0 
65.0 59.0 70.0 68.0 
60.0 60.0 59.0 60.0 
62.0 59.0 61.0 62.0 
72.0 59.0 76.0 70.0 
65.0 60.0 69.0 68.0 
60.0 59.0 60.0 60.0 
61.0 61.0 61.0 62.0 
69.0 59.0 77.0 68.0 
65.0 59.0 69.0 68.0 
60.0 59.0 60.0 61.0 
62.0 60.0 61.0 61.0 
71.0 59.0 78.0 70.0 
64.0 60.0 70.0 68.0 
60.0 59.0 60.0 60.0 
62.0 60.0 60.0 62.0 
71.0 60.0 79.0 71.0 
64.0 60.0 69.0 67.0 
60.0 60.0 60.0 61.0 
62.0 60.0 61.0 62.0 
73.0 59.0 78.0 70.0 
63.0 59.0 69.0 68.0 
60.0 60.0 60.0 61.0 
62.0 60.0 61.0 62.0 
72.0 60.0 77.0 70.0 
64.0 59.0 68.0 68.0 
59.0 60.0 59.0 60.0 
61.0 60.0 61.0 62.0 
72.0 60.0 78.0 71.0 
65.0 59.0 68.0 67.0 
60.0 59.0 62.0 61.0 
61.0 60.0 61.0 61.0 
71.0 60.0 80.0 71.0 
65.0 59.0 68.0 67.0 
60.0 59.0 60.0 61.0 
61.0 60.0 61.0 62.0 
68.0 60.0 80.0 71.0 
65.0 59.0 67.0 68.0 
60.0 59.0 61.0 61.0 
62.0 60.0 61.0 62.0 
69.0 60.0 78.0 71.0 
64.0 59.0 68.0 67.0 
60.0 59.0 60.0 61.0 
61.0 61.0 61.0 62.0 
71.0 60.0 79.0 73.0 
64.0 59.0 68.0 66.0 
60.0 59.0 60.0 62.0 
62.0 61.0 61.0 61.0 
69.0 60.0 79.0 71.0 
64.0 59.0 68.0 67.0 
60.0 59.0 60.0 61.0 
61.0 61.0 61.0 62.0 
72.0 59.0 80.0 71.0 
62.0 59.0 67.0 66.0 
59.0 60.0 60.0 60.0 
61.0 60.0 60.0 61.0 
72.0 60.0 79.0 70.0 
64.0 59.0 67.0 66.0 
59.0 59.0 60.0 61.0 
62.0 59.0 61.0 61.0 
74.0 60.0 78.0 71.0 
64.0 58.0 68.0 67.0 
60.0 59.0 60.0 62.0 
61.0 60.0 61.0 62.0 
74.0 59.0 79.0 69.0 
65.0 59.0 67.0 67.0 
61.0 59.0 60.0 62.0 
61.0 60.0 61.0 62.0 
74.0 59.0 77.0 70.0 
64.0 59.0 67.0 67.0 
60.0 59.0 58.0 61.0 
62.0 60.0 60.0 61.0 
74.0 60.0 79.0 69.0 
63.0 59.0 68.0 66.0 
61.0 59.0 60.0 60.0 
62.0 60.0 61.0 62.0 
73.0 59.0 79.0 70.0 
63.0 59.0 67.0 66.0 
59.0 59.0 59.0 61.0 
62.0 61.0 60.0 61.0 
74.0 59.0 78.0 69.0 
64.0 59.0 66.0 66.0 
59.0 60.0 60.0 60.0 
62.0 59.0 61.0 61.0 
74.0 59.0 79.0 69.0 
64.0 60.0 67.0 67.0 
61.0 60.0 59.0 60.0 
62.0 59.0 61.0 61.0 
74.0 59.0 79.0 69.0 
65.0 59.0 68.0 67.0 
59.0 59.0 59.0 61.0 
61.0 60.0 61.0 62.0 
73.0 59.0 78.0 70.0 
65.0 59.0 67.0 66.0 
61.0 58.0 60.0 61.0 
61.0 60.0 60.0 61.0 
74.0 60.0 78.0 70.0 
64.0 58.0 68.0 66.0 
61.0 59.0 60.0 62.0 
61.0 60.0 61.0 61.0 
73.0 59.0 79.0 70.0 
64.0 60.0 68.0 67.0 
60.0 60.0 59.0 61.0 
61.0 60.0 60.0 61.0 
73.0 59.0 79.0 70.0 
64.0 59.0 68.0 66.0 
61.0 59.0 60.0 61.0 
62.0 60.0 60.0 62.0 
73.0 60.0 79.0 71.0 
65.0 59.0 68.0 67.0 
60.0 60.0 60.0 61.0 
61.0 60.0 62.0 62.0 
72.0 59.0 78.0 70.0 
63.0 59.0 68.0 68.0 
60.0 60.0 60.0 60.0 
61.0 61.0 60.0 62.0 
74.0 59.0 79.0 69.0 
63.0 59.0 68.0 68.0 
59.0 59.0 59.0 62.0 
61.0 60.0 62.0 61.0 
73.0 60.0 79.0 70.0 
65.0 58.0 68.0 67.0 
60.0 59.0 59.0 61.0 
61.0 61.0 59.0 61.0 
73.0 59.0 79.0 70.0 
64.0 59.0 66.0 67.0 
60.0 59.0 60.0 61.0 
61.0 59.0 60.0 61.0 
74.0 60.0 78.0 72.0 
64.0 59.0 67.0 67.0 
60.0 59.0 59.0 61.0 
61.0 58.0 61.0 60.0 
74.0 59.0 79.0 71.0 
65.0 59.0 68.0 68.0 
60.0 59.0 60.0 60.0 
61.0 60.0 60.0 62.0 
71.0 59.0 79.0 71.0 
64.0 59.0 68.0 67.0 
60.0 59.0 60.0 61.0 
62.0 60.0 60.0 60.0 
71.0 60.0 78.0 71.0 
64.0 59.0 68.0 67.0 
61.0 59.0 60.0 61.0 
62.0 60.0 60.0 61.0 
70.0 60.0 77.0 70.0 
65.0 59.0 68.0 67.0 
60.0 60.0 60.0 61.0 
61.0 60.0 61.0 61.0 
72.0 59.0 78.0 71.0 
65.0 59.0 68.0 67.0 
60.0 60.0 60.0 61.0 
61.0 60.0 61.0 61.0 
70.0 60.0 78.0 70.0 
65.0 59.0 68.0 66.0 
60.0 59.0 59.0 61.0 
61.0 60.0 61.0 61.0 
72.0 59.0 79.0 70.0 
65.0 59.0 68.0 67.0 
61.0 59.0 60.0 61.0 
62.0 60.0 61.0 60.0 
71.0 59.0 77.0 69.0 
64.0 59.0 69.0 67.0 
59.0 60.0 59.0 61.0 
62.0 60.0 61.0 62.0 
70.0 60.0 79.0 69.0 
64.0 59.0 67.0 67.0 
60.0 59.0 60.0 60.0 
61.0 60.0 61.0 62.0 
69.0 61.0 78.0 70.0 
64.0 58.0 68.0 66.0 
59.0 58.0 60.0 60.0 
61.0 60.0 61.0 61.0 
69.0 60.0 77.0 69.0 
64.0 60.0 67.0 67.0 
60.0 60.0 61.0 61.0 
62.0 60.0 61.0 62.0 
69.0 61.0 78.0 69.0 
63.0 59.0 68.0 66.0 
59.0 60.0 59.0 62.0 
62.0 60.0 61.0 62.0 
70.0 60.0 77.0 70.0 
64.0 59.0 69.0 67.0 
60.0 59.0 60.0 61.0 
61.0 60.0 61.0 62.0 
69.0 59.0 78.0 70.0 
64.0 59.0 68.0 67.0 
60.0 60.0 61.0 60.0 
61.0 59.0 62.0 62.0 
71.0 60.0 78.0 70.0 
65.0 59.0 68.0 67.0 
60.0 59.0 60.0 61.0 
61.0 60.0 61.0 62.0 
69.0 60.0 77.0 69.0 
65.0 59.0 69.0 67.0 
59.0 60.0 61.0 60.0 
62.0 60.0 59.0 62.0 
70.0 59.0 79.0 69.0 
64.0 58.0 68.0 67.0 
60.0 59.0 59.0 60.0 
61.0 61.0 60.0 62.0 
68.0 59.0 78.0 70.0 
65.0 59.0 69.0 66.0 
60.0 58.0 60.0 61.0 
62.0 60.0 61.0 61.0 
69.0 59.0 79.0 69.0 
64.0 59.0 67.0 67.0 
60.0 60.0 60.0 61.0 
61.0 60.0 60.0 62.0 
69.0 60.0 77.0 69.0 
65.0 58.0 68.0 67.0 
60.0 59.0 61.0 61.0 
61.0 60.0 61.0 62.0 
69.0 59.0 78.0 69.0 
64.0 60.0 68.0 67.0 
60.0 60.0 60.0 60.0 
62.0 61.0 61.0 62.0 
69.0 59.0 79.0 70.0 
64.0 59.0 68.0 67.0 
60.0 59.0 60.0 60.0 
62.0 61.0 61.0 62.0 
69.0 59.0 78.0 69.0 
64.0 58.0 67.0 67.0 
60.0 59.0 61.0 61.0 
62.0 60.0 61.0 62.0 
69.0 59.0 78.0 70.0 
64.0 59.0 67.0 67.0 
61.0 59.0 61.0 61.0 
62.0 59.0 61.0 62.0 
70.0 60.0 78.0 69.0 
64.0 59.0 68.0 66.0 
59.0 60.0 60.0 61.0 
63.0 60.0 62.0 62.0 
69.0 61.0 78.0 69.0 
64.0 58.0 68.0 67.0 
59.0 59.0 61.0 60.0 
62.0 59.0 63.0 62.0 
70.0 59.0 79.0 69.0 
64.0 60.0 67.0 66.0 
60.0 59.0 61.0 60.0 
62.0 60.0 61.0 61.0 
68.0 60.0 79.0 70.0 
64.0 59.0 67.0 66.0 
60.0 61.0 59.0 60.0 
63.0 60.0 61.0 62.0 
70.0 60.0 78.0 70.0 
63.0 59.0 67.0 66.0 
60.0 59.0 60.0 61.0 
62.0 60.0 62.0 62.0 
69.0 60.0 78.0 69.0 
64.0 59.0 67.0 66.0 
59.0 60.0 61.0 61.0 
60.0 60.0 61.0 62.0 
74.0 60.0 79.0 70.0 
64.0 59.0 68.0 66.0 
60.0 59.0 60.0 60.0 
62.0 60.0 61.0 62.0 
74.0 60.0 77.0 70.0 
64.0 59.0 68.0 66.0 
61.0 59.0 59.0 62.0 
63.0 60.0 62.0 62.0 
74.0 60.0 78.0 70.0 
64.0 59.0 68.0 67.0 
60.0 59.0 60.0 61.0 
62.0 60.0 61.0 61.0 
70.0 60.0 77.0 69.0 
64.0 59.0 68.0 67.0 
60.0 59.0 61.0 62.0 
62.0 60.0 61.0 61.0 
71.0 59.0 77.0 68.0 
64.0 58.0 68.0 66.0 
61.0 59.0 60.0 61.0 
62.0 59.0 61.0 62.0 
74.0 60.0 75.0 70.0 
63.0 59.0 67.0 66.0 
60.0 59.0 61.0 61.0 
61.0 60.0 61.0 62.0 
71.0 60.0 78.0 69.0 
64.0 58.0 68.0 66.0 
60.0 59.0 60.0 61.0 
62.0 60.0 61.0 62.0 
70.0 59.0 77.0 69.0 
64.0 59.0 69.0 67.0 
60.0 59.0 61.0 61.0 
62.0 60.0 60.0 62.0 
69.0 60.0 77.0 69.0 
64.0 59.0 68.0 67.0 
60.0 59.0 60.0 61.0 
60.0 59.0 61.0 62.0 
68.0 60.0 77.0 69.0 
65.0 59.0 69.0 67.0 
61.0 59.0 62.0 61.0 
62.0 60.0 61.0 62.0 
67.0 60.0 78.0 69.0 
65.0 59.0 69.0 65.0 
60.0 59.0 59.0 62.0 
62.0 60.0 61.0 62.0 
67.0 60.0 79.0 69.0 
64.0 58.0 68.0 67.0 
60.0 59.0 61.0 61.0 
62.0 60.0 62.0 62.0 
67.0 59.0 80.0 69.0 
64.0 59.0 67.0 67.0 
60.0 60.0 60.0 61.0 
62.0 60.0 61.0 62.0 
68.0 60.0 80.0 70.0 
64.0 58.0 67.0 67.0 
59.0 60.0 59.0 61.0 
62.0 60.0 61.0 62.0 
68.0 60.0 81.0 69.0 
65.0 58.0 67.0 66.0 
60.0 59.0 61.0 63.0 
62.0 61.0 61.0 63.0 
67.0 60.0 79.0 70.0 
64.0 58.0 68.0 66.0 
61.0 58.0 60.0 61.0 
62.0 61.0 62.0 63.0 
71.0 59.0 79.0 70.0 
64.0 60.0 67.0 67.0 
61.0 59.0 61.0 60.0 
63.0 60.0 61.0 62.0 
73.0 59.0 79.0 70.0 
64.0 59.0 66.0 65.0 
61.0 58.0 60.0 60.0 
61.0 60.0 61.0 62.0 
73.0 60.0 80.0 70.0 
63.0 58.0 66.0 66.0 
60.0 59.0 59.0 61.0 
62.0 59.0 62.0 62.0 
76.0 59.0 80.0 70.0 
63.0 59.0 66.0 65.0 
60.0 60.0 61.0 61.0 
62.0 60.0 61.0 62.0 
76.0 60.0 80.0 71.0 
64.0 60.0 66.0 65.0 
60.0 60.0 60.0 61.0 
62.0 60.0 62.0 62.0 
76.0 60.0 78.0 71.0 
63.0 59.0 65.0 65.0 
60.0 60.0 61.0 61.0 
62.0 61.0 62.0 62.0 
75.0 59.0 81.0 71.0 
63.0 59.0 65.0 65.0 
60.0 57.0 60.0 60.0 
62.0 60.0 61.0 62.0 
74.0 59.0 80.0 71.0 
64.0 58.0 65.0 65.0 
59.0 60.0 60.0 61.0 
62.0 59.0 60.0 63.0 
75.0 59.0 80.0 71.0 
64.0 59.0 66.0 65.0 
60.0 59.0 61.0 60.0 
62.0 60.0 61.0 62.0 
76.0 60.0 81.0 71.0 
63.0 58.0 66.0 65.0 
61.0 59.0 60.0 61.0 
62.0 60.0 61.0 63.0 
75.0 60.0 80.0 71.0 
63.0 59.0 65.0 65.0 
60.0 60.0 60.0 61.0 
62.0 60.0 60.0 62.0 
67.0 60.0 80.0 69.0 
63.0 59.0 65.0 65.0 
60.0 59.0 60.0 62.0 
62.0 61.0 61.0 62.0 
68.0 60.0 81.0 71.0 
63.0 59.0 66.0 65.0 
60.0 59.0 60.0 61.0 
62.0 59.0 61.0 63.0 
67.0 60.0 80.0 70.0 
64.0 59.0 65.0 65.0 
61.0 59.0 60.0 61.0 
62.0 60.0 62.0 63.0 
68.0 60.0 80.0 70.0 
63.0 58.0 66.0 64.0 
60.0 59.0 60.0 61.0 
62.0 60.0 61.0 62.0 
71.0 59.0 81.0 70.0 
63.0 59.0 66.0 65.0 
60.0 60.0 61.0 61.0 
61.0 60.0 62.0 63.0 
72.0 62.0 80.0 71.0 
63.0 59.0 65.0 65.0 
61.0 59.0 60.0 61.0 
62.0 60.0 61.0 61.0 
68.0 59.0 80.0 70.0 
62.0 59.0 65.0 64.0 
60.0 59.0 61.0 60.0 
62.0 60.0 62.0 62.0 
70.0 59.0 80.0 71.0 
63.0 58.0 66.0 65.0 
60.0 59.0 61.0 62.0 
62.0 59.0 62.0 62.0 
72.0 59.0 80.0 71.0 
63.0 59.0 65.0 64.0 
59.0 59.0 60.0 61.0 
62.0 60.0 61.0 62.0 
69.0 60.0 79.0 70.0 
63.0 59.0 65.0 65.0 
60.0 61.0 61.0 62.0 
62.0 59.0 62.0 63.0 
71.0 59.0 80.0 70.0 
64.0 59.0 66.0 65.0 
61.0 60.0 60.0 61.0 
62.0 60.0 61.0 62.0 
73.0 59.0 79.0 70.0 
64.0 57.0 66.0 65.0 
60.0 59.0 60.0 61.0 
62.0 60.0 61.0 62.0 
74.0 59.0 79.0 70.0 
63.0 59.0 66.0 64.0 
60.0 60.0 60.0 61.0 
61.0 60.0 61.0 62.0 
77.0 60.0 78.0 71.0 
64.0 58.0 66.0 65.0 
59.0 59.0 62.0 61.0 
61.0 60.0 61.0 62.0 
77.0 59.0 78.0 69.0 
63.0 59.0 66.0 65.0 
60.0 60.0 61.0 61.0 
62.0 60.0 62.0 62.0 
71.0 60.0 78.0 70.0 
63.0 59.0 66.0 64.0 
61.0 59.0 60.0 62.0 
62.0 60.0 62.0 63.0 
68.0 60.0 78.0 70.0 
63.0 59.0 67.0 65.0 
60.0 60.0 62.0 61.0 
62.0 60.0 62.0 62.0 
68.0 59.0 80.0 70.0 
63.0 60.0 65.0 65.0 
60.0 60.0 60.0 61.0 
63.0 60.0 62.0 62.0 
69.0 60.0 80.0 72.0 
63.0 59.0 66.0 65.0 
60.0 60.0 61.0 60.0 
62.0 60.0 62.0 62.0 
69.0 60.0 79.0 70.0 
63.0 58.0 66.0 65.0 
60.0 59.0 61.0 61.0 
63.0 60.0 63.0 62.0 
69.0 59.0 80.0 72.0 
63.0 60.0 65.0 65.0 
60.0 60.0 61.0 61.0 
61.0 60.0 61.0 62.0 
70.0 61.0 81.0 71.0 
63.0 59.0 66.0 64.0 
60.0 59.0 61.0 62.0 
61.0 60.0 61.0 63.0 
70.0 59.0 82.0 71.0 
63.0 59.0 65.0 64.0 
60.0 60.0 60.0 61.0 
62.0 60.0 62.0 62.0 
69.0 58.0 82.0 71.0 
63.0 58.0 66.0 64.0 
61.0 59.0 62.0 62.0 
62.0 60.0 61.0 62.0 
68.0 59.0 81.0 71.0 
62.0 59.0 66.0 65.0 
60.0 60.0 60.0 61.0 
62.0 60.0 60.0 63.0 
67.0 59.0 80.0 71.0 
64.0 59.0 65.0 65.0 
62.0 59.0 60.0 61.0 
62.0 60.0 61.0 62.0 
68.0 59.0 82.0 70.0 
64.0 59.0 67.0 65.0 
61.0 59.0 61.0 61.0 
62.0 60.0 62.0 62.0 
67.0 60.0 79.0 70.0 
63.0 59.0 65.0 64.0 
61.0 59.0 60.0 63.0 
62.0 61.0 61.0 63.0 
66.0 60.0 79.0 70.0 
64.0 59.0 66.0 65.0 
60.0 59.0 60.0 62.0 
62.0 60.0 63.0 63.0 
65.0 60.0 80.0 69.0 
63.0 59.0 65.0 65.0 
60.0 59.0 61.0 62.0 
62.0 60.0 62.0 62.0 
65.0 59.0 79.0 70.0 
63.0 59.0 66.0 65.0 
60.0 60.0 61.0 62.0 
62.0 59.0 61.0 63.0 
66.0 60.0 80.0 70.0 
63.0 58.0 65.0 65.0 
60.0 59.0 61.0 61.0 
62.0 60.0 62.0 62.0 
66.0 60.0 80.0 70.0 
63.0 59.0 65.0 65.0 
61.0 59.0 61.0 61.0 
62.0 60.0 62.0 62.0 
66.0 58.0 80.0 70.0 
63.0 59.0 66.0 64.0 
60.0 59.0 60.0 62.0 
62.0 60.0 61.0 62.0 
67.0 60.0 80.0 70.0 
63.0 58.0 65.0 65.0 
60.0 60.0 60.0 62.0 
62.0 59.0 62.0 61.0 
74.0 60.0 80.0 72.0 
63.0 58.0 66.0 65.0 
61.0 59.0 60.0 61.0 
61.0 60.0 62.0 63.0 
74.0 59.0 80.0 71.0 
63.0 60.0 66.0 65.0 
60.0 60.0 60.0 62.0 
63.0 60.0 61.0 61.0 
73.0 61.0 81.0 72.0 
63.0 58.0 66.0 65.0 
60.0 60.0 59.0 61.0 
61.0 61.0 61.0 63.0 
73.0 62.0 81.0 71.0 
63.0 58.0 66.0 64.0 
61.0 60.0 60.0 61.0 
61.0 60.0 62.0 62.0 
75.0 59.0 82.0 71.0 
62.0 59.0 65.0 65.0 
60.0 59.0 59.0 61.0 
62.0 60.0 60.0 63.0 
70.0 60.0 79.0 70.0 
63.0 59.0 66.0 65.0 
60.0 59.0 61.0 62.0 
62.0 61.0 61.0 62.0 
68.0 60.0 80.0 69.0 
63.0 59.0 66.0 65.0 
60.0 59.0 59.0 62.0 
62.0 60.0 62.0 62.0 
68.0 59.0 79.0 71.0 
63.0 59.0 66.0 65.0 
59.0 60.0 61.0 61.0 
62.0 61.0 61.0 63.0 
66.0 59.0 80.0 70.0 
63.0 59.0 66.0 65.0 
61.0 59.0 60.0 62.0 
62.0 60.0 61.0 62.0 
65.0 60.0 79.0 71.0 
63.0 59.0 66.0 65.0 
61.0 60.0 61.0 61.0 
62.0 60.0 62.0 62.0 
65.0 60.0 80.0 69.0 
63.0 58.0 65.0 65.0 
61.0 59.0 61.0 61.0 
62.0 60.0 62.0 62.0 
64.0 60.0 78.0 69.0 
63.0 60.0 66.0 64.0 
61.0 59.0 60.0 61.0 
63.0 61.0 62.0 62.0 
65.0 59.0 81.0 69.0 
65.0 58.0 65.0 65.0 
61.0 60.0 61.0 61.0 
62.0 60.0 62.0 62.0 
65.0 60.0 78.0 69.0 
63.0 59.0 65.0 65.0 
60.0 60.0 61.0 61.0 
62.0 60.0 62.0 62.0 
64.0 60.0 79.0 69.0 
63.0 58.0 66.0 64.0 
61.0 59.0 61.0 63.0 
62.0 61.0 62.0 62.0 
65.0 60.0 79.0 70.0 
63.0 58.0 66.0 65.0 
60.0 60.0 61.0 61.0 
62.0 60.0 61.0 62.0 
70.0 60.0 78.0 69.0 
63.0 59.0 65.0 64.0 
61.0 59.0 61.0 62.0 
62.0 60.0 62.0 62.0 
69.0 60.0 77.0 69.0 
64.0 59.0 67.0 66.0 
60.0 60.0 60.0 61.0 
62.0 59.0 62.0 62.0 
69.0 59.0 78.0 68.0 
63.0 59.0 67.0 65.0 
60.0 59.0 61.0 62.0 
62.0 61.0 60.0 63.0 
69.0 60.0 77.0 70.0 
63.0 59.0 67.0 66.0 
62.0 58.0 61.0 62.0 
62.0 59.0 62.0 61.0 
66.0 59.0 77.0 68.0 
63.0 59.0 67.0 65.0 
60.0 58.0 61.0 62.0 
62.0 60.0 62.0 62.0 
68.0 60.0 76.0 69.0 
62.0 60.0 66.0 66.0 
59.0 59.0 61.0 62.0 
62.0 60.0 62.0 62.0 
70.0 59.0 76.0 68.0 
64.0 58.0 67.0 66.0 
60.0 59.0 61.0 61.0 
62.0 59.0 61.0 62.0 
64.0 60.0 76.0 68.0 
64.0 58.0 66.0 66.0 
60.0 60.0 61.0 61.0 
62.0 59.0 62.0 62.0 
67.0 59.0 76.0 69.0 
63.0 60.0 67.0 65.0 
61.0 59.0 61.0 62.0 
62.0 60.0 61.0 63.0 
68.0 59.0 75.0 68.0 
63.0 58.0 68.0 65.0 
59.0 59.0 61.0 62.0 
62.0 60.0 62.0 62.0 
72.0 59.0 76.0 68.0 
63.0 59.0 67.0 66.0 
60.0 59.0 60.0 62.0 
62.0 59.0 62.0 62.0 
71.0 60.0 75.0 68.0 
63.0 59.0 69.0 65.0 
60.0 58.0 60.0 61.0 
61.0 60.0 62.0 62.0 
71.0 60.0 76.0 68.0 
63.0 58.0 66.0 65.0 
60.0 58.0 61.0 61.0 
61.0 60.0 62.0 62.0 
68.0 59.0 77.0 68.0 
63.0 59.0 66.0 66.0 
61.0 58.0 61.0 61.0 
62.0 59.0 62.0 62.0 
64.0 60.0 76.0 70.0 
63.0 58.0 67.0 65.0 
60.0 60.0 61.0 61.0 
61.0 61.0 62.0 62.0 
67.0 61.0 75.0 69.0 
63.0 59.0 67.0 66.0 
60.0 60.0 61.0 62.0 
63.0 60.0 62.0 62.0 
64.0 60.0 75.0 68.0 
64.0 59.0 67.0 65.0 
61.0 59.0 60.0 61.0 
62.0 60.0 63.0 62.0 
64.0 60.0 75.0 68.0 
63.0 58.0 66.0 65.0 
60.0 59.0 61.0 62.0 
62.0 60.0 62.0 63.0 
63.0 59.0 75.0 68.0 
63.0 59.0 66.0 65.0 
61.0 60.0 61.0 61.0 
62.0 60.0 62.0 63.0 
65.0 60.0 75.0 68.0 
63.0 59.0 66.0 65.0 
61.0 60.0 61.0 61.0 
62.0 59.0 62.0 62.0 
64.0 60.0 76.0 68.0 
63.0 59.0 66.0 65.0 
60.0 59.0 62.0 61.0 
62.0 61.0 62.0 62.0 
65.0 60.0 76.0 68.0 
63.0 59.0 66.0 65.0 
60.0 60.0 59.0 61.0 
63.0 59.0 62.0 63.0 
64.0 60.0 75.0 68.0 
63.0 58.0 66.0 65.0 
61.0 59.0 62.0 61.0 
62.0 60.0 62.0 62.0 
64.0 60.0 76.0 66.0 
63.0 59.0 66.0 65.0 
61.0 60.0 60.0 62.0 
62.0 61.0 62.0 62.0 
65.0 59.0 76.0 68.0 
62.0 59.0 66.0 65.0 
61.0 60.0 61.0 62.0 
62.0 60.0 61.0 60.0 
64.0 60.0 77.0 69.0 
63.0 60.0 66.0 64.0 
62.0 59.0 61.0 61.0 
62.0 60.0 62.0 63.0 
65.0 60.0 77.0 68.0 
63.0 58.0 67.0 65.0 
60.0 60.0 60.0 62.0 
62.0 60.0 62.0 62.0 
64.0 60.0 76.0 68.0 
63.0 58.0 66.0 65.0 
61.0 58.0 60.0 62.0 
62.0 60.0 62.0 62.0 
68.0 60.0 76.0 68.0 
63.0 60.0 66.0 65.0 
60.0 59.0 61.0 62.0 
62.0 60.0 62.0 62.0 
69.0 60.0 76.0 67.0 
62.0 59.0 66.0 64.0 
60.0 59.0 62.0 62.0 
62.0 60.0 62.0 62.0 
68.0 60.0 77.0 69.0 
63.0 58.0 66.0 65.0 
60.0 60.0 60.0 60.0 
62.0 60.0 62.0 62.0 
65.0 60.0 76.0 68.0 
64.0 59.0 66.0 65.0 
61.0 60.0 61.0 61.0 
61.0 61.0 62.0 62.0 
65.0 60.0 76.0 69.0 
64.0 57.0 66.0 65.0 
60.0 60.0 61.0 62.0 
63.0 60.0 62.0 62.0 
64.0 59.0 77.0 68.0 
63.0 59.0 66.0 65.0 
61.0 60.0 60.0 62.0 
62.0 60.0 61.0 63.0 
64.0 60.0 76.0 68.0 
63.0 58.0 66.0 64.0 
62.0 58.0 60.0 62.0 
62.0 60.0 61.0 63.0 
64.0 60.0 76.0 68.0 
62.0 59.0 65.0 65.0 
61.0 59.0 60.0 61.0 
62.0 60.0 62.0 62.0 
64.0 60.0 76.0 68.0 
63.0 59.0 65.0 64.0 
60.0 58.0 60.0 62.0 
62.0 59.0 61.0 62.0 
65.0 59.0 75.0 67.0 
63.0 58.0 65.0 65.0 
61.0 59.0 60.0 62.0 
61.0 60.0 62.0 63.0 
65.0 59.0 77.0 68.0 
62.0 59.0 65.0 64.0 
61.0 59.0 61.0 62.0 
62.0 59.0 61.0 62.0 
64.0 60.0 76.0 68.0 
63.0 60.0 65.0 64.0 
60.0 60.0 60.0 62.0 
62.0 60.0 62.0 62.0 
65.0 60.0 77.0 67.0 
62.0 58.0 65.0 65.0 
60.0 60.0 60.0 62.0 
62.0 60.0 62.0 62.0 
64.0 59.0 76.0 67.0 
63.0 59.0 66.0 65.0 
60.0 60.0 60.0 61.0 
62.0 60.0 62.0 62.0 
64.0 60.0 76.0 68.0 
63.0 58.0 66.0 65.0 
60.0 60.0 61.0 61.0 
63.0 60.0 61.0 63.0 
64.0 60.0 76.0 68.0 
62.0 60.0 66.0 64.0 
61.0 60.0 60.0 62.0 
62.0 59.0 62.0 62.0 
65.0 60.0 75.0 68.0 
63.0 58.0 65.0 65.0 
61.0 60.0 60.0 62.0 
62.0 60.0 62.0 62.0 
64.0 60.0 76.0 68.0 
63.0 59.0 65.0 65.0 
61.0 59.0 61.0 61.0 
61.0 60.0 61.0 62.0 
65.0 59.0 76.0 68.0 
63.0 59.0 66.0 65.0 
61.0 60.0 60.0 61.0 
61.0 60.0 61.0 62.0 
64.0 60.0 76.0 69.0 
63.0 59.0 66.0 64.0 
60.0 61.0 60.0 61.0 
62.0 61.0 61.0 62.0 
65.0 60.0 76.0 68.0 
63.0 59.0 65.0 65.0 
60.0 59.0 60.0 62.0 
62.0 60.0 61.0 62.0 
64.0 60.0 75.0 68.0 
63.0 59.0 65.0 65.0 
60.0 60.0 61.0 62.0 
62.0 61.0 62.0 62.0 
64.0 60.0 76.0 68.0 
64.0 58.0 66.0 65.0 
60.0 59.0 61.0 61.0 
62.0 60.0 62.0 62.0 
63.0 60.0 76.0 67.0 
63.0 59.0 66.0 64.0 
61.0 58.0 61.0 60.0 
62.0 60.0 62.0 63.0 
65.0 59.0 77.0 68.0 
63.0 59.0 65.0 65.0 
61.0 59.0 60.0 62.0 
62.0 60.0 61.0 62.0 
64.0 60.0 76.0 68.0 
64.0 59.0 65.0 65.0 
61.0 59.0 61.0 61.0 
62.0 60.0 61.0 62.0 
65.0 60.0 77.0 68.0 
64.0 59.0 65.0 65.0 
61.0 59.0 61.0 62.0 
61.0 61.0 62.0 62.0 
64.0 59.0 77.0 69.0 
62.0 58.0 66.0 65.0 
61.0 59.0 61.0 61.0 
63.0 60.0 61.0 61.0 
64.0 59.0 77.0 69.0 
63.0 60.0 65.0 65.0 
60.0 60.0 60.0 61.0 
62.0 60.0 62.0 62.0 
64.0 60.0 77.0 68.0 
63.0 59.0 66.0 64.0 
61.0 59.0 61.0 60.0 
62.0 60.0 61.0 62.0 
64.0 60.0 77.0 68.0 
62.0 58.0 66.0 65.0 
60.0 59.0 61.0 62.0 
62.0 59.0 61.0 62.0 
65.0 59.0 78.0 69.0 
62.0 58.0 65.0 64.0 
61.0 58.0 61.0 61.0 
61.0 60.0 60.0 63.0 
64.0 60.0 76.0 69.0 
62.0 59.0 65.0 64.0 
60.0 59.0 61.0 61.0 
62.0 60.0 61.0 62.0 
65.0 60.0 77.0 68.0 
63.0 59.0 66.0 64.0 
61.0 59.0 61.0 61.0 
62.0 60.0 62.0 62.0 
65.0 60.0 79.0 68.0 
62.0 59.0 65.0 64.0 
60.0 59.0 60.0 62.0 
62.0 60.0 62.0 63.0 
64.0 61.0 77.0 69.0 
62.0 58.0 65.0 65.0 
61.0 62.0 60.0 62.0 
63.0 59.0 62.0 62.0 
65.0 59.0 78.0 67.0 
63.0 58.0 66.0 65.0 
61.0 59.0 61.0 62.0 
62.0 60.0 62.0 62.0 
64.0 60.0 78.0 69.0 
63.0 58.0 66.0 64.0 
61.0 59.0 60.0 61.0 
62.0 60.0 60.0 62.0 
66.0 59.0 77.0 69.0 
63.0 58.0 65.0 65.0 
61.0 59.0 62.0 61.0 
64.0 60.0 61.0 62.0 
64.0 60.0 77.0 69.0 
62.0 59.0 65.0 64.0 
61.0 60.0 60.0 62.0 
62.0 60.0 62.0 62.0 
64.0 60.0 77.0 69.0 
63.0 59.0 65.0 64.0 
61.0 58.0 62.0 62.0 
62.0 60.0 62.0 61.0 
65.0 60.0 77.0 68.0 
62.0 58.0 65.0 64.0 
61.0 61.0 61.0 62.0 
62.0 60.0 62.0 62.0 
64.0 61.0 78.0 69.0 
63.0 58.0 65.0 64.0 
61.0 59.0 61.0 61.0 
62.0 60.0 62.0 62.0 
65.0 60.0 78.0 68.0 
62.0 59.0 65.0 65.0 
61.0 60.0 61.0 61.0 
62.0 60.0 61.0 63.0 
65.0 60.0 77.0 69.0 
63.0 59.0 66.0 64.0 
61.0 58.0 61.0 62.0 
63.0 60.0 62.0 63.0 
65.0 59.0 77.0 68.0 
63.0 60.0 65.0 64.0 
60.0 59.0 60.0 61.0 
61.0 60.0 61.0 63.0 
64.0 60.0 77.0 68.0 
63.0 59.0 67.0 64.0 
60.0 60.0 61.0 62.0 
62.0 60.0 62.0 63.0 
64.0 61.0 78.0 69.0 
62.0 60.0 65.0 63.0 
59.0 59.0 61.0 61.0 
62.0 60.0 62.0 62.0 
65.0 60.0 77.0 67.0 
63.0 59.0 64.0 65.0 
60.0 59.0 61.0 62.0 
62.0 59.0 62.0 62.0 
65.0 60.0 78.0 69.0 
62.0 60.0 65.0 64.0 
60.0 60.0 61.0 61.0 
62.0 59.0 60.0 62.0 
64.0 59.0 77.0 69.0 
62.0 59.0 65.0 63.0 
60.0 59.0 61.0 62.0 
62.0 60.0 62.0 62.0 
65.0 59.0 77.0 68.0 
62.0 59.0 65.0 64.0 
61.0 60.0 61.0 61.0 
62.0 60.0 61.0 62.0 
65.0 60.0 77.0 67.0 
62.0 59.0 64.0 64.0 
61.0 60.0 61.0 62.0 
62.0 60.0 62.0 62.0 
64.0 60.0 77.0 68.0 
62.0 59.0 65.0 65.0 
60.0 59.0 60.0 62.0 
62.0 60.0 62.0 62.0 
64.0 59.0 77.0 68.0 
63.0 59.0 65.0 65.0 
61.0 60.0 60.0 61.0 
61.0 61.0 61.0 62.0 
65.0 60.0 77.0 69.0 
63.0 59.0 65.0 65.0 
60.0 59.0 62.0 62.0 
61.0 60.0 62.0 63.0 
64.0 59.0 77.0 68.0 
63.0 59.0 65.0 65.0 
60.0 59.0 61.0 62.0 
62.0 60.0 62.0 62.0 
65.0 59.0 77.0 68.0 
63.0 59.0 65.0 64.0 
61.0 60.0 61.0 61.0 
62.0 60.0 60.0 63.0 
64.0 60.0 77.0 68.0 
63.0 58.0 66.0 64.0 
62.0 59.0 61.0 61.0 
62.0 60.0 62.0 62.0 
65.0 59.0 77.0 67.0 
63.0 59.0 65.0 64.0 
60.0 60.0 61.0 61.0 
63.0 59.0 61.0 62.0 
65.0 58.0 78.0 68.0 
62.0 59.0 65.0 64.0 
60.0 59.0 61.0 61.0 
62.0 60.0 61.0 62.0 
64.0 60.0 77.0 69.0 
63.0 60.0 65.0 64.0 
61.0 59.0 61.0 62.0 
62.0 60.0 62.0 63.0 
64.0 60.0 77.0 68.0 
63.0 59.0 65.0 65.0 
61.0 60.0 61.0 62.0 
62.0 60.0 62.0 63.0 
65.0 60.0 77.0 69.0 
62.0 60.0 65.0 64.0 
62.0 58.0 61.0 62.0 
62.0 60.0 61.0 62.0 
65.0 59.0 79.0 68.0 
62.0 59.0 66.0 64.0 
60.0 60.0 60.0 62.0 
63.0 59.0 62.0 62.0 
64.0 60.0 76.0 68.0 
62.0 59.0 65.0 64.0 
61.0 59.0 61.0 61.0 
62.0 59.0 62.0 62.0 
64.0 60.0 77.0 68.0 
63.0 59.0 66.0 64.0 
61.0 59.0 61.0 62.0 
62.0 60.0 62.0 62.0 
64.0 60.0 77.0 69.0 
63.0 58.0 65.0 65.0 
59.0 60.0 60.0 62.0 
62.0 59.0 62.0 62.0 
64.0 59.0 75.0 67.0 
62.0 58.0 65.0 64.0 
60.0 59.0 61.0 61.0 
63.0 60.0 61.0 62.0 
65.0 59.0 76.0 67.0 
62.0 59.0 65.0 64.0 
60.0 60.0 60.0 62.0 
62.0 61.0 62.0 63.0 
64.0 60.0 75.0 67.0 
62.0 59.0 64.0 64.0 
61.0 59.0 61.0 63.0 
62.0 60.0 62.0 63.0 
64.0 60.0 75.0 67.0 
63.0 59.0 65.0 64.0 
60.0 60.0 60.0 62.0 
62.0 60.0 62.0 62.0 
64.0 60.0 76.0 67.0 
62.0 59.0 64.0 63.0 
62.0 58.0 61.0 62.0 
63.0 60.0 61.0 62.0 
64.0 59.0 75.0 67.0 
61.0 59.0 65.0 65.0 
60.0 60.0 61.0 61.0 
61.0 60.0 62.0 61.0 
64.0 60.0 76.0 68.0 
63.0 59.0 64.0 63.0 
62.0 59.0 61.0 61.0 
62.0 60.0 62.0 62.0 
64.0 60.0 77.0 67.0 
63.0 59.0 65.0 64.0 
61.0 60.0 61.0 62.0 
61.0 61.0 62.0 62.0 
65.0 59.0 77.0 68.0 
63.0 58.0 65.0 63.0 
61.0 58.0 61.0 61.0 
62.0 60.0 61.0 63.0 
64.0 60.0 77.0 68.0 
62.0 59.0 66.0 64.0 
60.0 59.0 61.0 62.0 
62.0 60.0 63.0 63.0 
64.0 59.0 76.0 67.0 
62.0 59.0 64.0 65.0 
61.0 59.0 61.0 62.0 
62.0 59.0 62.0 62.0 
64.0 60.0 78.0 68.0 
63.0 59.0 66.0 64.0 
62.0 59.0 61.0 62.0 
62.0 60.0 62.0 63.0 
64.0 60.0 76.0 67.0 
63.0 59.0 66.0 64.0 
61.0 59.0 61.0 62.0 
61.0 60.0 62.0 63.0 
64.0 60.0 75.0 67.0 
62.0 61.0 65.0 64.0 
61.0 59.0 61.0 61.0 
62.0 60.0 62.0 62.0 
64.0 60.0 76.0 67.0 
63.0 59.0 65.0 65.0 
61.0 59.0 59.0 61.0 
63.0 59.0 62.0 62.0 
64.0 60.0 75.0 68.0 
62.0 59.0 65.0 64.0 
61.0 60.0 60.0 62.0 
63.0 60.0 62.0 62.0 
64.0 60.0 75.0 68.0 
62.0 58.0 66.0 64.0 
61.0 60.0 61.0 62.0 
63.0 60.0 62.0 63.0 
64.0 59.0 75.0 68.0 
63.0 58.0 65.0 64.0 
60.0 59.0 61.0 62.0 
62.0 61.0 62.0 62.0 
64.0 60.0 75.0 67.0 
62.0 60.0 66.0 64.0 
61.0 59.0 61.0 60.0 
61.0 60.0 61.0 62.0 
64.0 59.0 75.0 67.0 
63.0 58.0 66.0 64.0 
61.0 58.0 62.0 61.0 
62.0 59.0 61.0 62.0 
64.0 60.0 75.0 67.0 
63.0 58.0 65.0 64.0 
60.0 59.0 61.0 61.0 
62.0 60.0 62.0 62.0 
64.0 60.0 75.0 68.0 
63.0 59.0 65.0 64.0 
60.0 59.0 60.0 62.0 
63.0 59.0 62.0 62.0 
64.0 60.0 74.0 68.0 
63.0 58.0 65.0 64.0 
60.0 59.0 60.0 62.0 
62.0 60.0 62.0 62.0 
64.0 60.0 75.0 67.0 
63.0 59.0 65.0 65.0 
60.0 60.0 60.0 62.0 
63.0 60.0 61.0 62.0 
64.0 60.0 75.0 68.0 
63.0 59.0 65.0 64.0 
60.0 60.0 60.0 61.0 
61.0 60.0 62.0 62.0 
64.0 60.0 75.0 67.0 
62.0 59.0 65.0 64.0 
61.0 58.0 61.0 62.0 
63.0 60.0 62.0 62.0 
64.0 60.0 74.0 68.0 
63.0 59.0 66.0 64.0 
61.0 59.0 60.0 61.0 
63.0 60.0 61.0 63.0 
64.0 58.0 74.0 68.0 
63.0 58.0 66.0 64.0 
60.0 59.0 61.0 61.0 
61.0 60.0 61.0 62.0 
64.0 60.0 75.0 67.0 
62.0 59.0 66.0 64.0 
61.0 59.0 61.0 61.0 
61.0 60.0 62.0 63.0 
64.0 59.0 74.0 68.0 
63.0 58.0 66.0 65.0 
60.0 59.0 61.0 62.0 
62.0 60.0 63.0 63.0 
64.0 59.0 75.0 67.0 
62.0 59.0 66.0 65.0 
61.0 59.0 61.0 62.0 
62.0 61.0 61.0 63.0 
64.0 60.0 76.0 68.0 
63.0 59.0 65.0 64.0 
61.0 60.0 60.0 62.0 
62.0 60.0 62.0 62.0 
64.0 59.0 75.0 68.0 
62.0 59.0 65.0 65.0 
61.0 59.0 60.0 62.0 
62.0 61.0 62.0 62.0 
64.0 60.0 74.0 67.0 
63.0 57.0 65.0 64.0 
60.0 60.0 60.0 62.0 
62.0 60.0 62.0 63.0 
64.0 60.0 76.0 67.0 
62.0 57.0 65.0 64.0 
60.0 59.0 61.0 61.0 
62.0 60.0 62.0 62.0 
65.0 60.0 75.0 68.0 
62.0 59.0 65.0 65.0 
61.0 59.0 61.0 61.0 
62.0 60.0 62.0 62.0 
64.0 58.0 75.0 67.0 
63.0 60.0 65.0 65.0 
59.0 59.0 60.0 62.0 
63.0 60.0 62.0 62.0 
64.0 59.0 75.0 67.0 
63.0 59.0 65.0 65.0 
61.0 58.0 61.0 62.0 
62.0 60.0 62.0 61.0 
64.0 60.0 75.0 69.0 
61.0 59.0 65.0 63.0 
62.0 60.0 61.0 61.0 
62.0 60.0 62.0 63.0 
64.0 59.0 74.0 66.0 
63.0 59.0 66.0 64.0 
61.0 60.0 60.0 62.0 
63.0 60.0 61.0 62.0 
64.0 60.0 75.0 67.0 
63.0 57.0 66.0 65.0 
61.0 58.0 60.0 61.0 
63.0 61.0 61.0 63.0 
64.0 60.0 74.0 67.0 
63.0 58.0 65.0 64.0 
60.0 59.0 59.0 62.0 
62.0 60.0 62.0 61.0 
65.0 60.0 74.0 67.0 
63.0 58.0 66.0 64.0 
60.0 58.0 61.0 62.0 
61.0 60.0 61.0 63.0 
64.0 60.0 75.0 67.0 
62.0 59.0 67.0 64.0 
61.0 59.0 61.0 62.0 
62.0 59.0 62.0 62.0 
65.0 59.0 75.0 68.0 
63.0 58.0 65.0 64.0 
61.0 59.0 61.0 62.0 
62.0 60.0 61.0 63.0 
64.0 59.0 75.0 67.0 
63.0 58.0 66.0 65.0 
60.0 59.0 60.0 61.0 
62.0 60.0 61.0 62.0 
64.0 59.0 75.0 68.0 
63.0 58.0 66.0 65.0 
61.0 59.0 61.0 62.0 
62.0 61.0 62.0 62.0 
65.0 60.0 75.0 67.0 
63.0 59.0 66.0 64.0 
61.0 60.0 62.0 61.0 
63.0 59.0 61.0 62.0 
64.0 59.0 74.0 67.0 
62.0 59.0 66.0 65.0 
63.0 59.0 61.0 61.0 
62.0 60.0 61.0 62.0 
63.0 60.0 74.0 67.0 
64.0 58.0 67.0 66.0 
61.0 59.0 61.0 62.0 
63.0 60.0 62.0 63.0 
63.0 60.0 74.0 68.0 
64.0 58.0 69.0 66.0 
61.0 59.0 62.0 61.0 
62.0 59.0 62.0 62.0 
64.0 60.0 75.0 67.0 
63.0 59.0 67.0 66.0 
62.0 59.0 61.0 61.0 
61.0 59.0 61.0 62.0 
64.0 59.0 74.0 67.0 
65.0 58.0 67.0 66.0 
61.0 59.0 60.0 62.0 
63.0 60.0 61.0 62.0 
64.0 59.0 74.0 67.0 
64.0 59.0 68.0 66.0 
60.0 58.0 61.0 62.0 
61.0 60.0 61.0 63.0 
64.0 59.0 75.0 67.0 
63.0 59.0 67.0 67.0 
61.0 59.0 61.0 62.0 
62.0 60.0 62.0 63.0 
64.0 60.0 75.0 67.0 
64.0 58.0 68.0 66.0 
61.0 59.0 61.0 62.0 
61.0 60.0 62.0 62.0 
64.0 60.0 75.0 67.0 
64.0 59.0 69.0 66.0 
60.0 60.0 60.0 61.0 
62.0 60.0 61.0 62.0 
64.0 60.0 74.0 66.0 
64.0 59.0 68.0 67.0 
61.0 60.0 61.0 61.0 
62.0 60.0 62.0 62.0 
62.0 59.0 75.0 67.0 
63.0 59.0 68.0 66.0 
61.0 60.0 61.0 61.0 
61.0 60.0 61.0 63.0 
64.0 60.0 75.0 67.0 
63.0 59.0 68.0 65.0 
60.0 59.0 61.0 61.0 
63.0 60.0 62.0 63.0 
64.0 59.0 74.0 67.0 
64.0 58.0 68.0 66.0 
61.0 59.0 61.0 62.0 
62.0 59.0 62.0 62.0 
64.0 59.0 74.0 67.0 
65.0 59.0 68.0 66.0 
61.0 59.0 61.0 61.0 
63.0 61.0 61.0 61.0 
65.0 59.0 74.0 67.0 
63.0 59.0 67.0 66.0 
60.0 60.0 61.0 62.0 
62.0 60.0 62.0 62.0 
63.0 59.0 76.0 66.0 
64.0 58.0 68.0 66.0 
61.0 59.0 60.0 62.0 
63.0 60.0 62.0 62.0 
64.0 60.0 74.0 67.0 
64.0 60.0 68.0 67.0 
60.0 60.0 60.0 62.0 
62.0 60.0 62.0 63.0 
64.0 59.0 74.0 67.0 
64.0 60.0 68.0 66.0 
60.0 60.0 60.0 62.0 
60.0 60.0 60.0 63.0 
63.0 61.0 74.0 67.0 
65.0 58.0 67.0 67.0 
59.0 60.0 61.0 60.0 
62.0 60.0 61.0 63.0 
64.0 60.0 75.0 66.0 
65.0 58.0 68.0 67.0 
61.0 59.0 61.0 61.0 
62.0 60.0 62.0 62.0 
64.0 59.0 74.0 67.0 
64.0 60.0 68.0 67.0 
60.0 59.0 59.0 62.0 
62.0 60.0 61.0 62.0 
64.0 61.0 74.0 66.0 
63.0 59.0 68.0 67.0 
60.0 59.0 60.0 61.0 
62.0 60.0 62.0 62.0 
65.0 60.0 74.0 67.0 
65.0 59.0 68.0 67.0 
61.0 59.0 61.0 61.0 
62.0 59.0 62.0 61.0 
64.0 60.0 75.0 66.0 
64.0 58.0 69.0 66.0 
60.0 60.0 61.0 60.0 
61.0 61.0 61.0 62.0 
65.0 59.0 75.0 66.0 
64.0 58.0 69.0 66.0 
60.0 59.0 60.0 61.0 
62.0 60.0 61.0 63.0 
64.0 58.0 74.0 67.0 
64.0 59.0 70.0 66.0 
61.0 59.0 60.0 61.0 
62.0 60.0 61.0 62.0 
63.0 60.0 75.0 67.0 
64.0 59.0 68.0 66.0 
61.0 58.0 61.0 61.0 
61.0 61.0 61.0 62.0 
64.0 61.0 73.0 67.0 
64.0 59.0 69.0 67.0 
61.0 61.0 60.0 62.0 
63.0 59.0 62.0 62.0 
64.0 61.0 75.0 67.0 
64.0 58.0 68.0 66.0 
61.0 58.0 61.0 61.0 
62.0 60.0 61.0 62.0 
62.0 60.0 73.0 67.0 
64.0 59.0 69.0 66.0 
60.0 59.0 61.0 61.0 
62.0 60.0 61.0 62.0 
64.0 60.0 74.0 67.0 
64.0 59.0 68.0 66.0 
61.0 58.0 60.0 61.0 
62.0 61.0 62.0 63.0 
63.0 60.0 75.0 67.0 
64.0 58.0 69.0 66.0 
60.0 61.0 61.0 61.0 
62.0 59.0 62.0 63.0 
64.0 59.0 74.0 67.0 
64.0 58.0 68.0 66.0 
60.0 59.0 60.0 62.0 
62.0 60.0 61.0 62.0 
64.0 59.0 74.0 67.0 
64.0 58.0 68.0 66.0 
61.0 60.0 60.0 62.0 
61.0 60.0 61.0 62.0 
64.0 59.0 76.0 67.0 
65.0 58.0 68.0 66.0 
60.0 58.0 61.0 61.0 
62.0 60.0 61.0 63.0 
64.0 59.0 76.0 66.0 
64.0 59.0 68.0 66.0 
61.0 59.0 60.0 62.0 
62.0 62.0 61.0 63.0 
64.0 60.0 73.0 67.0 
64.0 59.0 66.0 67.0 
60.0 59.0 61.0 62.0 
61.0 60.0 61.0 62.0 
63.0 60.0 75.0 67.0 
64.0 60.0 68.0 66.0 
61.0 59.0 61.0 61.0 
62.0 60.0 62.0 62.0 
64.0 59.0 76.0 67.0 
64.0 59.0 68.0 67.0 
60.0 59.0 61.0 62.0 
63.0 60.0 61.0 62.0 
64.0 60.0 75.0 67.0 
64.0 59.0 68.0 67.0 
61.0 60.0 61.0 63.0 
62.0 59.0 63.0 62.0 
64.0 59.0 75.0 67.0 
64.0 59.0 67.0 66.0 
61.0 58.0 60.0 61.0 
63.0 59.0 62.0 63.0 
63.0 60.0 75.0 67.0 
63.0 58.0 68.0 66.0 
60.0 59.0 62.0 61.0 
62.0 60.0 62.0 63.0 
64.0 60.0 75.0 66.0 
64.0 59.0 67.0 66.0 
60.0 59.0 61.0 62.0 
62.0 60.0 62.0 62.0 
64.0 59.0 74.0 67.0 
64.0 58.0 68.0 66.0 
59.0 59.0 60.0 61.0 
63.0 61.0 61.0 63.0 
64.0 60.0 76.0 66.0 
63.0 59.0 68.0 67.0 
60.0 59.0 60.0 63.0 
62.0 60.0 62.0 63.0 
64.0 60.0 75.0 67.0 
64.0 59.0 68.0 66.0 
62.0 59.0 60.0 62.0 
62.0 60.0 62.0 63.0 
64.0 59.0 75.0 67.0 
64.0 60.0 69.0 67.0 
61.0 58.0 61.0 61.0 
62.0 60.0 61.0 63.0 
64.0 59.0 75.0 67.0 
63.0 58.0 69.0 66.0 
60.0 60.0 60.0 62.0 
62.0 59.0 62.0 63.0 
64.0 59.0 75.0 67.0 
63.0 58.0 68.0 67.0 
60.0 59.0 62.0 61.0 
62.0 59.0 61.0 62.0 
64.0 60.0 75.0 67.0 
64.0 59.0 68.0 67.0 
60.0 59.0 61.0 62.0 
62.0 60.0 62.0 62.0 
64.0 58.0 75.0 69.0 
63.0 58.0 68.0 67.0 
60.0 59.0 60.0 62.0 
62.0 60.0 61.0 62.0 
64.0 59.0 75.0 68.0 
63.0 59.0 68.0 66.0 
61.0 60.0 61.0 62.0 
62.0 61.0 62.0 63.0 
64.0 60.0 75.0 67.0 
63.0 59.0 68.0 65.0 
60.0 60.0 60.0 62.0 
62.0 60.0 62.0 63.0 
64.0 60.0 75.0 68.0 
64.0 58.0 69.0 66.0 
61.0 58.0 62.0 61.0 
63.0 60.0 62.0 62.0 
63.0 59.0 74.0 68.0 
64.0 59.0 68.0 66.0 
61.0 60.0 60.0 62.0 
62.0 58.0 62.0 63.0 
64.0 60.0 74.0 67.0 
64.0 58.0 69.0 66.0 
61.0 60.0 60.0 61.0 
62.0 58.0 61.0 62.0 
64.0 60.0 74.0 68.0 
65.0 59.0 69.0 67.0 
60.0 59.0 61.0 61.0 
63.0 60.0 62.0 62.0 
63.0 59.0 75.0 67.0 
64.0 60.0 68.0 67.0 
61.0 59.0 60.0 61.0 
61.0 60.0 61.0 62.0 
64.0 60.0 74.0 66.0 
65.0 59.0 68.0 66.0 
60.0 59.0 60.0 62.0 
62.0 60.0 63.0 62.0 
64.0 60.0 76.0 67.0 
64.0 59.0 69.0 67.0 
61.0 58.0 61.0 61.0 
62.0 60.0 62.0 63.0 
65.0 59.0 75.0 66.0 
65.0 59.0 68.0 68.0 
62.0 59.0 61.0 62.0 
62.0 60.0 61.0 62.0 
65.0 59.0 74.0 67.0 
64.0 59.0 68.0 66.0 
60.0 60.0 60.0 61.0 
62.0 60.0 62.0 62.0 
64.0 59.0 75.0 67.0 
64.0 58.0 68.0 66.0 
61.0 60.0 60.0 61.0 
63.0 60.0 61.0 63.0 
65.0 60.0 75.0 68.0 
64.0 58.0 69.0 66.0 
61.0 60.0 61.0 61.0 
62.0 59.0 62.0 62.0 
63.0 60.0 75.0 68.0 
64.0 58.0 68.0 67.0 
61.0 59.0 61.0 61.0 
62.0 60.0 62.0 63.0 
64.0 60.0 75.0 67.0 
63.0 59.0 68.0 67.0 
60.0 59.0 60.0 61.0 
62.0 60.0 62.0 62.0 
64.0 60.0 75.0 67.0 
64.0 58.0 68.0 67.0 
61.0 60.0 62.0 61.0 
62.0 60.0 62.0 63.0 
64.0 60.0 75.0 68.0 
64.0 59.0 68.0 66.0 
62.0 59.0 60.0 62.0 
62.0 59.0 62.0 63.0 
64.0 61.0 75.0 67.0 
63.0 59.0 69.0 67.0 
61.0 59.0 61.0 62.0 
63.0 60.0 62.0 62.0 
64.0 60.0 75.0 67.0 
62.0 59.0 68.0 67.0 
61.0 59.0 60.0 61.0 
62.0 60.0 62.0 63.0 
64.0 60.0 75.0 68.0 
65.0 58.0 68.0 66.0 
61.0 60.0 61.0 62.0 
62.0 59.0 62.0 62.0 
63.0 60.0 75.0 67.0 
64.0 58.0 68.0 67.0 
61.0 60.0 61.0 61.0 
63.0 60.0 63.0 61.0 
64.0 61.0 74.0 67.0 
64.0 58.0 68.0 67.0 
61.0 59.0 61.0 62.0 
62.0 60.0 63.0 62.0 
64.0 59.0 75.0 67.0 
64.0 59.0 68.0 67.0 
61.0 59.0 59.0 60.0 
61.0 60.0 63.0 63.0 
64.0 59.0 74.0 67.0 
64.0 59.0 67.0 66.0 
60.0 59.0 61.0 61.0 
61.0 60.0 61.0 62.0 
63.0 59.0 74.0 67.0 
64.0 59.0 68.0 66.0 
61.0 58.0 61.0 61.0 
62.0 60.0 63.0 62.0 
63.0 60.0 74.0 68.0 
63.0 58.0 68.0 67.0 
60.0 59.0 60.0 61.0 
61.0 60.0 61.0 62.0 
64.0 59.0 74.0 67.0 
64.0 58.0 68.0 66.0 
59.0 60.0 60.0 61.0 
62.0 59.0 62.0 62.0 
64.0 60.0 74.0 68.0 
64.0 59.0 68.0 66.0 
61.0 59.0 61.0 62.0 
62.0 60.0 62.0 63.0 
64.0 59.0 74.0 67.0 
64.0 58.0 67.0 67.0 
61.0 60.0 60.0 61.0 
62.0 59.0 62.0 62.0 
65.0 59.0 75.0 67.0 
63.0 59.0 69.0 67.0 
61.0 60.0 60.0 62.0 
62.0 60.0 62.0 62.0 
64.0 60.0 75.0 67.0 
64.0 60.0 68.0 67.0 
60.0 60.0 59.0 62.0 
62.0 59.0 62.0 62.0 
63.0 60.0 75.0 67.0 
65.0 57.0 68.0 66.0 
60.0 59.0 62.0 62.0 
62.0 60.0 62.0 61.0 
65.0 59.0 75.0 67.0 
64.0 59.0 68.0 67.0 
62.0 58.0 61.0 62.0 
63.0 59.0 62.0 62.0 
64.0 60.0 75.0 68.0 
64.0 59.0 68.0 67.0 
60.0 59.0 60.0 62.0 
63.0 59.0 62.0 62.0 
64.0 60.0 74.0 67.0 
64.0 59.0 67.0 66.0 
60.0 59.0 60.0 62.0 
63.0 59.0 62.0 63.0 
64.0 60.0 75.0 69.0 
64.0 59.0 68.0 66.0 
60.0 59.0 61.0 61.0 
62.0 60.0 64.0 62.0 
63.0 59.0 75.0 67.0 
63.0 59.0 67.0 66.0 
60.0 60.0 61.0 62.0 
62.0 60.0 62.0 63.0 
65.0 59.0 74.0 67.0 
63.0 58.0 68.0 66.0 
61.0 59.0 61.0 61.0 
63.0 59.0 62.0 62.0 
64.0 59.0 75.0 68.0 
64.0 58.0 69.0 66.0 
61.0 59.0 61.0 62.0 
62.0 60.0 62.0 62.0 
64.0 59.0 74.0 67.0 
64.0 59.0 68.0 66.0 
60.0 59.0 60.0 61.0 
62.0 60.0 62.0 62.0 
64.0 59.0 75.0 66.0 
63.0 60.0 66.0 67.0 
61.0 60.0 61.0 62.0 
62.0 61.0 61.0 63.0 
64.0 60.0 76.0 67.0 
63.0 59.0 68.0 66.0 
60.0 59.0 61.0 62.0 
62.0 60.0 62.0 62.0 
64.0 60.0 74.0 68.0 
64.0 58.0 68.0 66.0 
60.0 58.0 61.0 61.0 
61.0 60.0 62.0 62.0 
64.0 60.0 74.0 67.0 
63.0 59.0 68.0 66.0 
60.0 60.0 60.0 62.0 
62.0 59.0 62.0 63.0 
65.0 59.0 74.0 67.0 
63.0 59.0 68.0 66.0 
60.0 59.0 60.0 62.0 
63.0 60.0 61.0 63.0 
64.0 59.0 75.0 68.0 
63.0 59.0 69.0 67.0 
61.0 59.0 60.0 61.0 
63.0 60.0 61.0 63.0 
64.0 59.0 74.0 68.0 
64.0 58.0 68.0 67.0 
60.0 60.0 60.0 62.0 
61.0 60.0 61.0 63.0 
63.0 60.0 75.0 67.0 
64.0 59.0 68.0 67.0 
61.0 59.0 61.0 61.0 
62.0 61.0 61.0 63.0 
64.0 59.0 75.0 68.0 
64.0 58.0 68.0 66.0 
61.0 59.0 61.0 63.0 
62.0 60.0 60.0 62.0 
64.0 59.0 75.0 68.0 
63.0 59.0 67.0 67.0 
61.0 57.0 61.0 61.0 
62.0 60.0 60.0 62.0 
64.0 59.0 75.0 68.0 
63.0 60.0 68.0 66.0 
61.0 59.0 61.0 62.0 
63.0 60.0 61.0 62.0 
63.0 59.0 75.0 67.0 
64.0 58.0 68.0 66.0 
60.0 60.0 61.0 60.0 
62.0 59.0 62.0 63.0 
64.0 59.0 75.0 67.0 
63.0 59.0 68.0 67.0 
61.0 59.0 61.0 62.0 
62.0 60.0 61.0 63.0 
64.0 60.0 75.0 68.0 
64.0 59.0 68.0 66.0 
60.0 60.0 60.0 62.0 
62.0 60.0 61.0 63.0 
64.0 59.0 75.0 67.0 
64.0 59.0 68.0 66.0 
60.0 60.0 60.0 62.0 
64.0 60.0 61.0 63.0 
64.0 60.0 74.0 67.0 
63.0 58.0 67.0 67.0 
60.0 59.0 60.0 62.0 
62.0 60.0 62.0 62.0 
64.0 59.0 75.0 68.0 
64.0 59.0 67.0 66.0 
61.0 59.0 61.0 62.0 
62.0 59.0 62.0 62.0 
64.0 60.0 74.0 67.0 
64.0 58.0 68.0 66.0 
60.0 60.0 61.0 62.0 
62.0 60.0 62.0 62.0 
64.0 58.0 74.0 68.0 
64.0 58.0 68.0 66.0 
60.0 60.0 60.0 62.0 
64.0 59.0 62.0 62.0 
64.0 61.0 74.0 67.0 
63.0 59.0 68.0 67.0 
61.0 58.0 61.0 62.0 
62.0 61.0 62.0 63.0 
63.0 60.0 75.0 68.0 
64.0 59.0 68.0 67.0 
61.0 60.0 61.0 61.0 
62.0 60.0 62.0 62.0 
64.0 59.0 75.0 67.0 
63.0 59.0 68.0 67.0 
60.0 60.0 60.0 62.0 
62.0 60.0 62.0 63.0 
64.0 58.0 74.0 69.0 
64.0 58.0 68.0 67.0 
61.0 59.0 60.0 62.0 
62.0 59.0 61.0 63.0 
63.0 58.0 74.0 67.0 
64.0 59.0 68.0 67.0 
61.0 60.0 62.0 61.0 
62.0 60.0 64.0 62.0 
64.0 59.0 74.0 67.0 
64.0 58.0 69.0 66.0 
60.0 59.0 61.0 61.0 
62.0 60.0 62.0 62.0 
65.0 59.0 75.0 67.0 
63.0 59.0 69.0 66.0 
61.0 58.0 61.0 62.0 
61.0 61.0 61.0 63.0 
63.0 61.0 74.0 67.0 
63.0 59.0 68.0 66.0 
60.0 58.0 61.0 61.0 
62.0 60.0 62.0 62.0 
64.0 60.0 74.0 68.0 
63.0 58.0 69.0 67.0 
61.0 58.0 61.0 62.0 
62.0 60.0 61.0 63.0 
63.0 60.0 74.0 68.0 
63.0 59.0 68.0 67.0 
59.0 59.0 61.0 61.0 
62.0 60.0 62.0 63.0 
64.0 59.0 74.0 68.0 
63.0 58.0 68.0 67.0 
60.0 59.0 60.0 61.0 
62.0 60.0 61.0 63.0 
64.0 59.0 74.0 67.0 
63.0 59.0 68.0 67.0 
61.0 60.0 60.0 61.0 
63.0 60.0 62.0 62.0 
64.0 59.0 74.0 67.0 
63.0 59.0 68.0 68.0 
61.0 59.0 61.0 61.0 
62.0 59.0 61.0 62.0 
64.0 59.0 75.0 67.0 
64.0 59.0 69.0 66.0 
61.0 59.0 60.0 62.0 
61.0 60.0 61.0 63.0 
64.0 60.0 75.0 67.0 
64.0 59.0 68.0 67.0 
61.0 60.0 61.0 61.0 
62.0 60.0 63.0 62.0 
64.0 60.0 75.0 67.0 
63.0 60.0 67.0 66.0 
60.0 59.0 60.0 61.0 
63.0 59.0 63.0 63.0 
64.0 59.0 75.0 67.0 
64.0 58.0 68.0 66.0 
61.0 60.0 60.0 62.0 
62.0 60.0 62.0 62.0 
64.0 60.0 75.0 68.0 
63.0 58.0 69.0 66.0 
60.0 59.0 60.0 62.0 
61.0 61.0 62.0 62.0 
64.0 60.0 75.0 67.0 
64.0 58.0 69.0 67.0 
61.0 60.0 60.0 61.0 
62.0 59.0 63.0 62.0 
64.0 59.0 75.0 68.0 
64.0 57.0 68.0 67.0 
60.0 60.0 60.0 62.0 
62.0 60.0 61.0 62.0 
63.0 59.0 75.0 67.0 
64.0 58.0 68.0 67.0 
60.0 59.0 61.0 61.0 
63.0 59.0 61.0 63.0 
64.0 60.0 75.0 67.0 
64.0 57.0 68.0 66.0 
60.0 59.0 61.0 62.0 
62.0 59.0 62.0 63.0 
64.0 60.0 75.0 66.0 
64.0 58.0 66.0 68.0 
60.0 59.0 62.0 62.0 
62.0 60.0 61.0 62.0 
64.0 59.0 74.0 67.0 
63.0 59.0 68.0 66.0 
61.0 61.0 61.0 61.0 
62.0 60.0 61.0 62.0 
63.0 58.0 76.0 68.0 
62.0 59.0 68.0 67.0 
61.0 59.0 61.0 61.0 
62.0 60.0 61.0 63.0 
64.0 60.0 74.0 67.0 
64.0 58.0 68.0 66.0 
60.0 61.0 60.0 62.0 
62.0 60.0 62.0 62.0 
64.0 59.0 76.0 67.0 
63.0 58.0 68.0 66.0 
60.0 59.0 61.0 61.0 
62.0 59.0 61.0 62.0 
64.0 60.0 76.0 67.0 
63.0 57.0 68.0 67.0 
61.0 59.0 61.0 61.0 
61.0 60.0 61.0 62.0 
64.0 60.0 74.0 67.0 
64.0 58.0 69.0 67.0 
60.0 60.0 61.0 61.0 
63.0 59.0 62.0 62.0 
64.0 60.0 76.0 67.0 
64.0 59.0 68.0 67.0 
61.0 59.0 60.0 61.0 
62.0 59.0 62.0 62.0 
63.0 60.0 75.0 67.0 
64.0 59.0 67.0 65.0 
61.0 59.0 61.0 60.0 
61.0 61.0 61.0 62.0 
64.0 60.0 75.0 67.0 
63.0 58.0 68.0 67.0 
60.0 60.0 61.0 62.0 
62.0 59.0 62.0 62.0 
64.0 59.0 75.0 67.0 
63.0 60.0 67.0 66.0 
62.0 60.0 61.0 62.0 
62.0 60.0 61.0 62.0 
63.0 60.0 75.0 68.0 
64.0 59.0 68.0 66.0 
61.0 59.0 61.0 61.0 
62.0 59.0 62.0 62.0 
65.0 59.0 76.0 67.0 
63.0 59.0 68.0 66.0 
60.0 59.0 60.0 62.0 
62.0 59.0 62.0 63.0 
65.0 59.0 77.0 68.0 
63.0 60.0 68.0 66.0 
61.0 59.0 61.0 61.0 
62.0 61.0 61.0 62.0 
64.0 60.0 76.0 68.0 
62.0 59.0 68.0 66.0 
60.0 60.0 61.0 62.0 
63.0 60.0 62.0 63.0 
65.0 60.0 75.0 68.0 
62.0 59.0 68.0 67.0 
62.0 59.0 60.0 63.0 
62.0 61.0 62.0 63.0 
64.0 59.0 76.0 69.0 
63.0 58.0 68.0 67.0 
60.0 59.0 61.0 62.0 
62.0 60.0 61.0 63.0 
64.0 59.0 76.0 68.0 
64.0 59.0 68.0 66.0 
60.0 59.0 61.0 62.0 
62.0 61.0 61.0 63.0 
64.0 60.0 76.0 68.0 
63.0 59.0 68.0 66.0 
60.0 60.0 60.0 62.0 
62.0 60.0 61.0 62.0 
64.0 60.0 74.0 68.0 
63.0 59.0 68.0 66.0 
61.0 60.0 61.0 62.0 
62.0 59.0 62.0 62.0 
64.0 60.0 75.0 68.0 
64.0 58.0 68.0 66.0 
61.0 59.0 61.0 61.0 
62.0 61.0 62.0 62.0 
64.0 60.0 76.0 68.0 
62.0 59.0 68.0 67.0 
61.0 60.0 60.0 62.0 
62.0 60.0 62.0 63.0 
65.0 59.0 76.0 68.0 
63.0 58.0 68.0 67.0 
60.0 59.0 61.0 62.0 
62.0 60.0 61.0 62.0 
65.0 60.0 76.0 68.0 
64.0 61.0 67.0 67.0 
61.0 60.0 60.0 62.0 
62.0 60.0 62.0 63.0 
64.0 61.0 76.0 69.0 
64.0 59.0 69.0 66.0 
60.0 59.0 60.0 62.0 
63.0 60.0 62.0 62.0 
63.0 60.0 75.0 69.0 
63.0 59.0 67.0 67.0 
60.0 60.0 61.0 61.0 
62.0 60.0 62.0 62.0 
64.0 60.0 75.0 68.0 
63.0 59.0 68.0 66.0 
61.0 60.0 60.0 61.0 
63.0 61.0 62.0 62.0 
65.0 60.0 75.0 69.0 
63.0 58.0 68.0 67.0 
60.0 60.0 60.0 62.0 
62.0 60.0 62.0 62.0 
65.0 59.0 76.0 69.0 
63.0 59.0 69.0 66.0 
61.0 60.0 60.0 62.0 
62.0 60.0 62.0 62.0 
64.0 60.0 76.0 69.0 
64.0 58.0 68.0 66.0 
61.0 58.0 60.0 62.0 
62.0 60.0 61.0 62.0 
64.0 59.0 76.0 69.0 
64.0 58.0 68.0 67.0 
60.0 59.0 61.0 61.0 
62.0 60.0 61.0 62.0 
63.0 60.0 76.0 68.0 
63.0 58.0 67.0 65.0 
60.0 60.0 61.0 60.0 
63.0 60.0 62.0 63.0 
64.0 60.0 75.0 68.0 
63.0 58.0 67.0 67.0 
60.0 59.0 62.0 61.0 
61.0 60.0 60.0 63.0 
65.0 59.0 76.0 69.0 
63.0 58.0 68.0 66.0 
60.0 61.0 59.0 61.0 
63.0 60.0 62.0 62.0 
64.0 60.0 75.0 68.0 
63.0 59.0 67.0 65.0 
62.0 59.0 61.0 61.0 
61.0 60.0 62.0 63.0 
