81.0 64.0 67.0 67.0 
57.0 57.0 57.0 58.0 
57.0 58.0 59.0 58.0 
59.0 58.0 58.0 59.0 
82.0 65.0 66.0 68.0 
57.0 57.0 58.0 58.0 
58.0 58.0 58.0 58.0 
58.0 59.0 58.0 59.0 
82.0 65.0 66.0 67.0 
57.0 57.0 58.0 58.0 
58.0 58.0 59.0 59.0 
59.0 59.0 59.0 59.0 
83.0 65.0 66.0 68.0 
57.0 58.0 58.0 58.0 
58.0 58.0 58.0 58.0 
59.0 58.0 59.0 59.0 
82.0 66.0 66.0 68.0 
57.0 57.0 58.0 58.0 
58.0 58.0 58.0 58.0 
59.0 59.0 58.0 59.0 
83.0 65.0 66.0 68.0 
58.0 57.0 58.0 58.0 
58.0 58.0 59.0 59.0 
58.0 59.0 58.0 60.0 
82.0 65.0 67.0 68.0 
58.0 57.0 58.0 59.0 
58.0 58.0 58.0 59.0 
58.0 59.0 59.0 59.0 
81.0 65.0 67.0 67.0 
58.0 58.0 58.0 58.0 
58.0 59.0 58.0 59.0 
60.0 58.0 59.0 59.0 
81.0 65.0 67.0 68.0 
57.0 58.0 57.0 58.0 
59.0 58.0 59.0 58.0 
59.0 59.0 58.0 59.0 
82.0 65.0 67.0 67.0 
57.0 57.0 58.0 58.0 
57.0 58.0 59.0 59.0 
58.0 58.0 59.0 59.0 
81.0 65.0 67.0 67.0 
58.0 57.0 58.0 58.0 
58.0 59.0 57.0 60.0 
59.0 58.0 59.0 59.0 
81.0 65.0 67.0 68.0 
58.0 58.0 57.0 59.0 
58.0 58.0 58.0 59.0 
59.0 59.0 58.0 60.0 
83.0 66.0 67.0 68.0 
57.0 57.0 59.0 58.0 
58.0 59.0 58.0 59.0 
58.0 59.0 59.0 59.0 
83.0 66.0 67.0 68.0 
57.0 58.0 58.0 59.0 
58.0 58.0 59.0 59.0 
58.0 58.0 59.0 60.0 
82.0 65.0 66.0 68.0 
59.0 57.0 58.0 58.0 
58.0 58.0 58.0 59.0 
58.0 59.0 59.0 59.0 
80.0 65.0 67.0 68.0 
58.0 58.0 58.0 58.0 
59.0 59.0 58.0 59.0 
59.0 59.0 59.0 59.0 
81.0 65.0 66.0 68.0 
58.0 57.0 59.0 58.0 
58.0 58.0 58.0 59.0 
59.0 59.0 59.0 58.0 
80.0 65.0 67.0 68.0 
58.0 58.0 59.0 58.0 
58.0 58.0 59.0 59.0 
58.0 59.0 59.0 59.0 
81.0 65.0 66.0 68.0 
58.0 58.0 58.0 58.0 
58.0 59.0 59.0 59.0 
58.0 59.0 59.0 59.0 
81.0 65.0 66.0 68.0 
58.0 57.0 58.0 59.0 
59.0 58.0 59.0 60.0 
59.0 59.0 59.0 60.0 
80.0 65.0 67.0 68.0 
58.0 58.0 58.0 57.0 
57.0 58.0 59.0 59.0 
58.0 59.0 59.0 59.0 
80.0 66.0 66.0 68.0 
58.0 58.0 57.0 58.0 
58.0 57.0 58.0 59.0 
59.0 59.0 58.0 59.0 
80.0 65.0 66.0 67.0 
58.0 58.0 58.0 58.0 
58.0 58.0 59.0 59.0 
58.0 59.0 59.0 59.0 
79.0 65.0 67.0 67.0 
58.0 58.0 58.0 58.0 
59.0 58.0 59.0 59.0 
59.0 59.0 59.0 59.0 
80.0 65.0 66.0 66.0 
59.0 57.0 58.0 58.0 
58.0 58.0 59.0 59.0 
59.0 58.0 58.0 59.0 
80.0 65.0 66.0 67.0 
58.0 58.0 58.0 58.0 
58.0 58.0 58.0 59.0 
59.0 59.0 59.0 60.0 
79.0 65.0 66.0 67.0 
58.0 58.0 58.0 58.0 
57.0 58.0 60.0 59.0 
59.0 59.0 58.0 59.0 
79.0 65.0 66.0 68.0 
58.0 58.0 58.0 58.0 
58.0 58.0 58.0 59.0 
59.0 59.0 59.0 58.0 
80.0 65.0 66.0 68.0 
58.0 57.0 58.0 58.0 
58.0 58.0 59.0 59.0 
58.0 59.0 59.0 60.0 
80.0 65.0 66.0 68.0 
58.0 57.0 58.0 58.0 
58.0 58.0 59.0 59.0 
59.0 59.0 59.0 59.0 
80.0 65.0 66.0 68.0 
58.0 57.0 58.0 59.0 
59.0 58.0 59.0 59.0 
57.0 58.0 58.0 60.0 
80.0 65.0 66.0 68.0 
58.0 57.0 58.0 59.0 
58.0 58.0 59.0 59.0 
59.0 59.0 59.0 59.0 
79.0 65.0 66.0 67.0 
58.0 57.0 58.0 58.0 
58.0 58.0 59.0 59.0 
58.0 59.0 59.0 59.0 
79.0 65.0 66.0 68.0 
59.0 57.0 58.0 58.0 
58.0 57.0 59.0 59.0 
58.0 59.0 59.0 59.0 
79.0 64.0 66.0 68.0 
58.0 58.0 58.0 58.0 
58.0 59.0 59.0 59.0 
58.0 59.0 59.0 59.0 
80.0 65.0 67.0 68.0 
58.0 58.0 58.0 58.0 
58.0 58.0 59.0 59.0 
59.0 59.0 59.0 59.0 
78.0 64.0 66.0 67.0 
58.0 57.0 58.0 58.0 
58.0 58.0 59.0 59.0 
59.0 59.0 59.0 59.0 
79.0 65.0 66.0 68.0 
59.0 58.0 58.0 59.0 
58.0 58.0 59.0 59.0 
59.0 59.0 59.0 59.0 
79.0 64.0 66.0 68.0 
58.0 58.0 58.0 58.0 
58.0 59.0 59.0 59.0 
59.0 59.0 58.0 59.0 
79.0 65.0 66.0 68.0 
59.0 57.0 58.0 58.0 
58.0 57.0 60.0 59.0 
59.0 59.0 59.0 59.0 
79.0 66.0 66.0 68.0 
58.0 58.0 58.0 58.0 
58.0 58.0 59.0 60.0 
58.0 59.0 59.0 59.0 
80.0 66.0 66.0 68.0 
58.0 58.0 58.0 59.0 
58.0 58.0 58.0 58.0 
58.0 59.0 60.0 59.0 
79.0 65.0 66.0 68.0 
58.0 59.0 58.0 58.0 
58.0 59.0 59.0 59.0 
59.0 59.0 59.0 59.0 
80.0 66.0 67.0 68.0 
57.0 57.0 58.0 59.0 
57.0 58.0 58.0 59.0 
59.0 59.0 59.0 59.0 
80.0 65.0 67.0 68.0 
58.0 58.0 59.0 59.0 
58.0 58.0 59.0 58.0 
58.0 59.0 59.0 60.0 
80.0 65.0 66.0 68.0 
58.0 58.0 58.0 58.0 
58.0 58.0 59.0 59.0 
59.0 59.0 59.0 59.0 
80.0 65.0 66.0 68.0 
58.0 58.0 58.0 58.0 
58.0 58.0 59.0 60.0 
59.0 58.0 59.0 59.0 
80.0 64.0 66.0 68.0 
58.0 58.0 58.0 58.0 
59.0 58.0 58.0 59.0 
59.0 60.0 59.0 59.0 
80.0 65.0 66.0 68.0 
58.0 57.0 58.0 59.0 
59.0 58.0 59.0 59.0 
58.0 59.0 59.0 59.0 
81.0 64.0 66.0 68.0 
58.0 57.0 58.0 58.0 
58.0 59.0 59.0 59.0 
59.0 59.0 60.0 60.0 
81.0 65.0 66.0 68.0 
59.0 57.0 58.0 58.0 
58.0 59.0 59.0 60.0 
59.0 59.0 59.0 59.0 
81.0 66.0 66.0 67.0 
58.0 57.0 58.0 58.0 
58.0 58.0 58.0 60.0 
59.0 59.0 59.0 59.0 
80.0 66.0 67.0 68.0 
58.0 58.0 58.0 58.0 
59.0 58.0 58.0 59.0 
59.0 59.0 59.0 58.0 
80.0 65.0 66.0 67.0 
58.0 57.0 58.0 57.0 
58.0 58.0 59.0 59.0 
59.0 59.0 59.0 59.0 
81.0 66.0 66.0 68.0 
58.0 58.0 58.0 58.0 
58.0 58.0 58.0 60.0 
59.0 59.0 60.0 59.0 
79.0 65.0 67.0 68.0 
58.0 58.0 58.0 59.0 
58.0 59.0 58.0 60.0 
59.0 59.0 58.0 60.0 
79.0 66.0 66.0 68.0 
58.0 57.0 58.0 59.0 
58.0 58.0 59.0 59.0 
60.0 59.0 59.0 59.0 
80.0 65.0 66.0 68.0 
58.0 59.0 58.0 58.0 
58.0 58.0 59.0 60.0 
59.0 59.0 59.0 60.0 
79.0 65.0 66.0 67.0 
58.0 58.0 58.0 59.0 
59.0 59.0 59.0 59.0 
59.0 58.0 59.0 59.0 
80.0 65.0 66.0 67.0 
57.0 58.0 57.0 59.0 
59.0 59.0 60.0 59.0 
60.0 59.0 59.0 60.0 
79.0 65.0 66.0 67.0 
58.0 58.0 58.0 59.0 
58.0 58.0 59.0 60.0 
59.0 59.0 59.0 59.0 
79.0 65.0 66.0 68.0 
59.0 58.0 59.0 59.0 
58.0 58.0 59.0 59.0 
60.0 59.0 59.0 60.0 
78.0 65.0 66.0 68.0 
58.0 58.0 58.0 58.0 
58.0 58.0 60.0 60.0 
59.0 59.0 59.0 59.0 
78.0 65.0 66.0 68.0 
58.0 58.0 58.0 59.0 
58.0 58.0 59.0 60.0 
59.0 59.0 59.0 59.0 
80.0 66.0 66.0 67.0 
58.0 58.0 59.0 58.0 
59.0 57.0 59.0 60.0 
59.0 59.0 59.0 59.0 
79.0 65.0 66.0 68.0 
58.0 57.0 59.0 59.0 
58.0 58.0 60.0 59.0 
59.0 59.0 59.0 59.0 
79.0 65.0 67.0 68.0 
58.0 58.0 58.0 59.0 
59.0 59.0 59.0 60.0 
60.0 59.0 59.0 59.0 
80.0 65.0 66.0 67.0 
58.0 58.0 59.0 59.0 
58.0 59.0 59.0 59.0 
60.0 59.0 59.0 59.0 
79.0 65.0 67.0 68.0 
57.0 58.0 58.0 58.0 
58.0 58.0 60.0 59.0 
58.0 59.0 59.0 60.0 
79.0 65.0 66.0 68.0 
59.0 57.0 58.0 59.0 
59.0 58.0 59.0 60.0 
59.0 60.0 59.0 59.0 
79.0 65.0 66.0 68.0 
58.0 58.0 58.0 59.0 
59.0 58.0 59.0 60.0 
59.0 59.0 59.0 61.0 
79.0 65.0 67.0 68.0 
58.0 58.0 58.0 58.0 
58.0 58.0 59.0 59.0 
59.0 59.0 58.0 59.0 
79.0 65.0 66.0 68.0 
58.0 58.0 58.0 59.0 
58.0 58.0 59.0 60.0 
59.0 59.0 60.0 60.0 
79.0 66.0 66.0 68.0 
58.0 58.0 58.0 59.0 
58.0 58.0 59.0 60.0 
59.0 59.0 59.0 59.0 
78.0 65.0 67.0 67.0 
59.0 58.0 59.0 59.0 
58.0 59.0 60.0 60.0 
59.0 59.0 59.0 59.0 
79.0 66.0 67.0 68.0 
58.0 59.0 58.0 59.0 
58.0 59.0 60.0 59.0 
59.0 59.0 59.0 60.0 
78.0 65.0 67.0 68.0 
59.0 58.0 58.0 59.0 
58.0 58.0 59.0 60.0 
59.0 59.0 59.0 60.0 
78.0 66.0 67.0 68.0 
59.0 58.0 59.0 58.0 
58.0 59.0 59.0 60.0 
59.0 59.0 59.0 59.0 
79.0 65.0 67.0 68.0 
59.0 58.0 59.0 58.0 
58.0 59.0 59.0 60.0 
58.0 59.0 59.0 60.0 
77.0 65.0 66.0 67.0 
58.0 58.0 59.0 59.0 
58.0 58.0 59.0 59.0 
59.0 59.0 59.0 60.0 
77.0 65.0 67.0 67.0 
59.0 58.0 58.0 59.0 
58.0 58.0 59.0 60.0 
59.0 59.0 59.0 60.0 
77.0 65.0 67.0 67.0 
59.0 58.0 59.0 58.0 
58.0 58.0 60.0 59.0 
59.0 59.0 59.0 61.0 
77.0 65.0 67.0 67.0 
58.0 58.0 58.0 58.0 
59.0 59.0 59.0 60.0 
59.0 59.0 58.0 59.0 
77.0 64.0 66.0 67.0 
58.0 58.0 58.0 59.0 
58.0 58.0 61.0 60.0 
59.0 59.0 59.0 60.0 
76.0 65.0 66.0 67.0 
58.0 58.0 58.0 59.0 
59.0 58.0 60.0 60.0 
59.0 59.0 58.0 59.0 
76.0 65.0 67.0 68.0 
59.0 58.0 58.0 58.0 
59.0 58.0 60.0 59.0 
59.0 59.0 59.0 60.0 
77.0 65.0 67.0 67.0 
58.0 59.0 58.0 59.0 
59.0 59.0 60.0 59.0 
58.0 58.0 59.0 60.0 
75.0 64.0 67.0 67.0 
58.0 58.0 58.0 58.0 
59.0 58.0 59.0 59.0 
59.0 59.0 60.0 60.0 
75.0 65.0 66.0 67.0 
59.0 58.0 59.0 58.0 
59.0 58.0 59.0 60.0 
59.0 59.0 59.0 59.0 
75.0 64.0 67.0 68.0 
59.0 58.0 58.0 59.0 
59.0 58.0 59.0 60.0 
60.0 59.0 59.0 60.0 
75.0 65.0 67.0 67.0 
58.0 58.0 59.0 59.0 
58.0 59.0 59.0 60.0 
59.0 59.0 59.0 60.0 
74.0 65.0 67.0 68.0 
58.0 58.0 59.0 59.0 
59.0 59.0 59.0 60.0 
58.0 59.0 59.0 60.0 
75.0 64.0 67.0 68.0 
59.0 58.0 59.0 59.0 
58.0 59.0 59.0 60.0 
59.0 60.0 59.0 59.0 
74.0 64.0 67.0 67.0 
59.0 58.0 58.0 59.0 
59.0 59.0 59.0 60.0 
59.0 59.0 59.0 60.0 
75.0 64.0 67.0 67.0 
58.0 58.0 59.0 59.0 
59.0 58.0 59.0 60.0 
59.0 59.0 59.0 61.0 
74.0 65.0 67.0 67.0 
59.0 58.0 59.0 59.0 
59.0 59.0 59.0 60.0 
59.0 59.0 59.0 60.0 
73.0 65.0 66.0 68.0 
59.0 58.0 58.0 58.0 
59.0 58.0 59.0 60.0 
59.0 60.0 59.0 60.0 
72.0 64.0 67.0 68.0 
59.0 58.0 59.0 59.0 
58.0 58.0 59.0 60.0 
59.0 59.0 59.0 60.0 
73.0 64.0 67.0 68.0 
59.0 58.0 59.0 59.0 
59.0 60.0 59.0 59.0 
59.0 59.0 60.0 59.0 
72.0 64.0 66.0 68.0 
59.0 58.0 59.0 59.0 
59.0 58.0 59.0 60.0 
60.0 59.0 60.0 60.0 
72.0 64.0 67.0 67.0 
59.0 58.0 58.0 59.0 
59.0 58.0 59.0 60.0 
59.0 59.0 60.0 59.0 
72.0 64.0 66.0 67.0 
58.0 58.0 58.0 59.0 
59.0 58.0 59.0 60.0 
59.0 59.0 59.0 59.0 
73.0 64.0 66.0 67.0 
58.0 58.0 59.0 58.0 
59.0 59.0 59.0 60.0 
59.0 59.0 59.0 60.0 
72.0 64.0 67.0 68.0 
59.0 58.0 59.0 59.0 
59.0 58.0 59.0 60.0 
59.0 59.0 59.0 60.0 
71.0 64.0 67.0 68.0 
58.0 58.0 58.0 59.0 
59.0 58.0 60.0 60.0 
60.0 59.0 60.0 60.0 
72.0 64.0 66.0 67.0 
59.0 58.0 58.0 59.0 
59.0 58.0 59.0 59.0 
59.0 60.0 59.0 59.0 
71.0 64.0 67.0 68.0 
59.0 58.0 59.0 59.0 
59.0 59.0 59.0 60.0 
60.0 60.0 59.0 59.0 
72.0 64.0 67.0 68.0 
59.0 58.0 58.0 59.0 
59.0 58.0 59.0 60.0 
60.0 59.0 60.0 60.0 
72.0 64.0 67.0 68.0 
59.0 58.0 59.0 59.0 
58.0 59.0 59.0 60.0 
60.0 59.0 60.0 60.0 
72.0 64.0 67.0 67.0 
59.0 58.0 59.0 58.0 
58.0 59.0 59.0 60.0 
59.0 59.0 60.0 60.0 
72.0 63.0 67.0 67.0 
58.0 58.0 58.0 59.0 
58.0 59.0 59.0 60.0 
60.0 59.0 60.0 59.0 
69.0 63.0 67.0 67.0 
59.0 58.0 59.0 59.0 
59.0 58.0 60.0 60.0 
59.0 59.0 59.0 60.0 
72.0 64.0 67.0 68.0 
59.0 59.0 59.0 59.0 
58.0 59.0 59.0 60.0 
60.0 59.0 59.0 60.0 
71.0 64.0 67.0 67.0 
59.0 58.0 59.0 59.0 
59.0 59.0 59.0 60.0 
59.0 59.0 60.0 60.0 
71.0 64.0 67.0 67.0 
59.0 58.0 58.0 58.0 
59.0 59.0 60.0 60.0 
60.0 58.0 59.0 59.0 
71.0 64.0 67.0 67.0 
58.0 58.0 58.0 59.0 
59.0 58.0 60.0 60.0 
60.0 59.0 59.0 60.0 
69.0 64.0 66.0 68.0 
59.0 58.0 59.0 59.0 
59.0 58.0 60.0 60.0 
60.0 59.0 59.0 60.0 
70.0 64.0 67.0 68.0 
58.0 58.0 58.0 59.0 
59.0 59.0 59.0 60.0 
58.0 59.0 60.0 60.0 
71.0 65.0 66.0 67.0 
59.0 58.0 59.0 59.0 
59.0 59.0 60.0 59.0 
59.0 59.0 59.0 60.0 
71.0 64.0 67.0 67.0 
59.0 58.0 59.0 58.0 
59.0 59.0 59.0 60.0 
59.0 59.0 59.0 60.0 
71.0 64.0 67.0 67.0 
58.0 58.0 59.0 59.0 
58.0 59.0 59.0 60.0 
60.0 59.0 60.0 60.0 
71.0 64.0 66.0 68.0 
59.0 58.0 59.0 59.0 
59.0 59.0 60.0 60.0 
59.0 60.0 59.0 60.0 
70.0 64.0 67.0 67.0 
59.0 58.0 58.0 59.0 
58.0 59.0 59.0 60.0 
60.0 59.0 59.0 59.0 
70.0 64.0 67.0 68.0 
59.0 58.0 60.0 59.0 
59.0 59.0 60.0 59.0 
60.0 59.0 60.0 60.0 
70.0 64.0 66.0 68.0 
59.0 58.0 59.0 59.0 
59.0 59.0 60.0 60.0 
60.0 60.0 60.0 61.0 
71.0 64.0 66.0 67.0 
59.0 58.0 58.0 59.0 
59.0 59.0 59.0 60.0 
60.0 59.0 59.0 60.0 
70.0 63.0 66.0 67.0 
59.0 59.0 59.0 59.0 
59.0 58.0 60.0 59.0 
59.0 59.0 60.0 60.0 
70.0 63.0 66.0 66.0 
59.0 58.0 59.0 59.0 
59.0 59.0 59.0 60.0 
60.0 59.0 60.0 60.0 
71.0 63.0 66.0 67.0 
58.0 58.0 59.0 59.0 
59.0 58.0 60.0 59.0 
60.0 59.0 60.0 60.0 
71.0 64.0 67.0 68.0 
59.0 58.0 58.0 58.0 
59.0 59.0 59.0 59.0 
59.0 59.0 59.0 60.0 
71.0 64.0 68.0 68.0 
59.0 58.0 59.0 59.0 
58.0 59.0 59.0 60.0 
60.0 59.0 59.0 59.0 
71.0 64.0 67.0 68.0 
59.0 58.0 59.0 59.0 
59.0 59.0 60.0 60.0 
59.0 59.0 59.0 60.0 
71.0 64.0 67.0 68.0 
59.0 58.0 59.0 59.0 
59.0 58.0 60.0 60.0 
60.0 60.0 58.0 60.0 
70.0 63.0 67.0 68.0 
59.0 58.0 59.0 58.0 
59.0 60.0 60.0 60.0 
59.0 59.0 60.0 60.0 
70.0 64.0 66.0 68.0 
59.0 58.0 59.0 59.0 
59.0 58.0 60.0 60.0 
60.0 59.0 59.0 60.0 
70.0 63.0 67.0 68.0 
59.0 57.0 59.0 59.0 
59.0 58.0 59.0 60.0 
60.0 59.0 61.0 59.0 
70.0 64.0 67.0 69.0 
59.0 58.0 59.0 59.0 
59.0 59.0 60.0 60.0 
59.0 60.0 59.0 60.0 
68.0 63.0 67.0 68.0 
59.0 58.0 58.0 59.0 
59.0 59.0 60.0 60.0 
59.0 60.0 60.0 60.0 
68.0 64.0 66.0 69.0 
59.0 58.0 59.0 59.0 
59.0 60.0 60.0 60.0 
59.0 60.0 59.0 61.0 
68.0 63.0 67.0 68.0 
59.0 59.0 59.0 59.0 
59.0 59.0 60.0 60.0 
60.0 60.0 60.0 60.0 
68.0 63.0 66.0 68.0 
58.0 59.0 59.0 59.0 
59.0 59.0 60.0 60.0 
60.0 60.0 60.0 60.0 
69.0 63.0 65.0 65.0 
59.0 59.0 59.0 59.0 
59.0 59.0 60.0 60.0 
60.0 59.0 60.0 60.0 
68.0 62.0 65.0 66.0 
59.0 58.0 59.0 58.0 
59.0 59.0 60.0 61.0 
59.0 60.0 59.0 60.0 
67.0 63.0 65.0 66.0 
59.0 58.0 58.0 59.0 
60.0 61.0 61.0 63.0 
60.0 60.0 60.0 60.0 
66.0 61.0 65.0 66.0 
59.0 58.0 59.0 59.0 
60.0 61.0 61.0 64.0 
60.0 59.0 60.0 59.0 
67.0 63.0 65.0 66.0 
59.0 59.0 59.0 59.0 
62.0 61.0 62.0 64.0 
60.0 59.0 60.0 59.0 
66.0 63.0 64.0 66.0 
59.0 58.0 59.0 59.0 
61.0 61.0 62.0 64.0 
59.0 59.0 60.0 60.0 
66.0 62.0 64.0 66.0 
59.0 58.0 59.0 59.0 
62.0 64.0 63.0 65.0 
59.0 61.0 60.0 60.0 
67.0 62.0 64.0 66.0 
58.0 58.0 59.0 60.0 
62.0 62.0 63.0 66.0 
59.0 59.0 60.0 60.0 
67.0 63.0 66.0 67.0 
59.0 59.0 60.0 59.0 
62.0 63.0 63.0 65.0 
59.0 59.0 60.0 59.0 
66.0 62.0 64.0 66.0 
59.0 58.0 59.0 59.0 
62.0 62.0 63.0 65.0 
60.0 59.0 60.0 60.0 
68.0 63.0 65.0 67.0 
59.0 59.0 60.0 60.0 
62.0 62.0 63.0 65.0 
59.0 59.0 60.0 60.0 
69.0 63.0 64.0 66.0 
59.0 59.0 60.0 60.0 
62.0 63.0 63.0 65.0 
59.0 60.0 59.0 59.0 
69.0 62.0 63.0 66.0 
59.0 59.0 59.0 60.0 
62.0 63.0 64.0 66.0 
59.0 59.0 61.0 60.0 
68.0 62.0 63.0 64.0 
59.0 59.0 60.0 60.0 
62.0 64.0 63.0 67.0 
59.0 60.0 60.0 60.0 
68.0 62.0 64.0 66.0 
59.0 59.0 60.0 60.0 
62.0 63.0 64.0 66.0 
59.0 60.0 60.0 59.0 
68.0 62.0 65.0 67.0 
60.0 58.0 60.0 60.0 
62.0 64.0 64.0 66.0 
59.0 59.0 60.0 60.0 
68.0 63.0 66.0 67.0 
58.0 59.0 59.0 59.0 
63.0 63.0 64.0 66.0 
59.0 60.0 60.0 60.0 
67.0 63.0 65.0 67.0 
59.0 58.0 60.0 60.0 
62.0 63.0 63.0 65.0 
59.0 60.0 59.0 60.0 
66.0 62.0 65.0 67.0 
59.0 58.0 59.0 61.0 
63.0 63.0 63.0 66.0 
59.0 60.0 60.0 60.0 
66.0 63.0 65.0 67.0 
59.0 59.0 59.0 60.0 
63.0 63.0 63.0 66.0 
60.0 59.0 60.0 60.0 
65.0 63.0 65.0 67.0 
59.0 58.0 60.0 60.0 
62.0 63.0 63.0 66.0 
60.0 60.0 60.0 59.0 
64.0 63.0 64.0 67.0 
59.0 59.0 59.0 60.0 
63.0 64.0 63.0 66.0 
60.0 60.0 60.0 60.0 
65.0 62.0 64.0 66.0 
59.0 59.0 59.0 60.0 
62.0 62.0 62.0 67.0 
60.0 60.0 61.0 60.0 
65.0 62.0 65.0 68.0 
59.0 59.0 60.0 60.0 
62.0 63.0 63.0 66.0 
59.0 60.0 60.0 59.0 
64.0 62.0 65.0 66.0 
59.0 60.0 60.0 60.0 
62.0 63.0 63.0 66.0 
59.0 59.0 61.0 60.0 
65.0 62.0 65.0 66.0 
59.0 59.0 61.0 60.0 
62.0 63.0 63.0 66.0 
59.0 59.0 60.0 60.0 
64.0 63.0 66.0 67.0 
59.0 59.0 60.0 60.0 
61.0 63.0 63.0 66.0 
60.0 60.0 60.0 60.0 
64.0 62.0 67.0 67.0 
59.0 59.0 60.0 60.0 
62.0 63.0 62.0 66.0 
60.0 60.0 61.0 60.0 
63.0 62.0 66.0 66.0 
59.0 59.0 59.0 60.0 
62.0 63.0 64.0 65.0 
60.0 60.0 60.0 60.0 
64.0 62.0 66.0 66.0 
60.0 59.0 60.0 61.0 
62.0 63.0 63.0 65.0 
59.0 60.0 60.0 60.0 
64.0 62.0 64.0 65.0 
59.0 59.0 60.0 61.0 
62.0 63.0 63.0 66.0 
60.0 60.0 61.0 60.0 
62.0 61.0 64.0 65.0 
59.0 59.0 60.0 61.0 
62.0 63.0 64.0 66.0 
60.0 59.0 61.0 60.0 
62.0 61.0 64.0 65.0 
59.0 59.0 61.0 61.0 
62.0 63.0 64.0 65.0 
59.0 60.0 60.0 60.0 
62.0 62.0 64.0 66.0 
61.0 59.0 63.0 64.0 
64.0 59.0 63.0 66.0 
60.0 60.0 60.0 60.0 
63.0 59.0 64.0 66.0 
62.0 58.0 63.0 65.0 
63.0 59.0 63.0 66.0 
60.0 60.0 59.0 60.0 
64.0 59.0 64.0 65.0 
63.0 59.0 64.0 66.0 
65.0 59.0 63.0 67.0 
60.0 59.0 60.0 60.0 
62.0 59.0 63.0 64.0 
63.0 58.0 64.0 67.0 
64.0 59.0 64.0 66.0 
60.0 60.0 60.0 60.0 
62.0 59.0 61.0 62.0 
63.0 58.0 64.0 67.0 
64.0 60.0 63.0 66.0 
60.0 59.0 60.0 60.0 
62.0 59.0 62.0 62.0 
63.0 59.0 64.0 67.0 
64.0 58.0 63.0 67.0 
60.0 60.0 60.0 60.0 
63.0 59.0 62.0 62.0 
63.0 58.0 65.0 67.0 
64.0 59.0 63.0 66.0 
58.0 60.0 59.0 60.0 
62.0 59.0 61.0 63.0 
63.0 59.0 64.0 67.0 
63.0 59.0 63.0 66.0 
60.0 59.0 59.0 60.0 
66.0 59.0 66.0 69.0 
62.0 59.0 64.0 67.0 
64.0 58.0 63.0 66.0 
59.0 60.0 59.0 59.0 
66.0 59.0 68.0 70.0 
63.0 58.0 62.0 66.0 
64.0 60.0 62.0 66.0 
60.0 59.0 60.0 59.0 
67.0 59.0 70.0 73.0 
64.0 59.0 63.0 65.0 
63.0 59.0 61.0 66.0 
60.0 60.0 59.0 61.0 
69.0 59.0 68.0 72.0 
63.0 58.0 63.0 65.0 
63.0 59.0 62.0 66.0 
60.0 60.0 58.0 60.0 
67.0 59.0 68.0 72.0 
63.0 59.0 63.0 66.0 
64.0 59.0 61.0 66.0 
60.0 59.0 60.0 59.0 
66.0 59.0 70.0 72.0 
63.0 58.0 62.0 65.0 
63.0 59.0 61.0 66.0 
59.0 60.0 59.0 59.0 
67.0 59.0 70.0 73.0 
64.0 58.0 63.0 67.0 
59.0 59.0 61.0 65.0 
60.0 59.0 59.0 59.0 
70.0 59.0 69.0 74.0 
63.0 59.0 62.0 66.0 
64.0 58.0 62.0 66.0 
60.0 60.0 59.0 60.0 
68.0 59.0 69.0 74.0 
62.0 58.0 62.0 65.0 
64.0 59.0 61.0 65.0 
60.0 59.0 59.0 59.0 
72.0 59.0 70.0 75.0 
64.0 58.0 63.0 67.0 
63.0 58.0 61.0 65.0 
61.0 60.0 60.0 60.0 
75.0 60.0 70.0 74.0 
62.0 58.0 62.0 66.0 
63.0 59.0 61.0 65.0 
60.0 59.0 59.0 59.0 
68.0 59.0 69.0 73.0 
63.0 58.0 63.0 66.0 
63.0 59.0 62.0 65.0 
60.0 60.0 59.0 60.0 
69.0 59.0 70.0 72.0 
63.0 59.0 62.0 66.0 
64.0 59.0 62.0 65.0 
59.0 59.0 60.0 59.0 
68.0 59.0 70.0 72.0 
63.0 59.0 62.0 66.0 
63.0 59.0 62.0 65.0 
59.0 60.0 59.0 59.0 
65.0 59.0 69.0 73.0 
63.0 59.0 62.0 66.0 
63.0 59.0 61.0 65.0 
61.0 59.0 59.0 60.0 
66.0 59.0 69.0 74.0 
64.0 58.0 63.0 68.0 
59.0 59.0 60.0 62.0 
60.0 60.0 60.0 60.0 
67.0 59.0 66.0 75.0 
64.0 59.0 61.0 68.0 
63.0 59.0 60.0 66.0 
61.0 60.0 60.0 61.0 
65.0 59.0 68.0 73.0 
63.0 58.0 62.0 66.0 
63.0 59.0 61.0 65.0 
60.0 60.0 60.0 61.0 
66.0 59.0 67.0 73.0 
63.0 58.0 61.0 66.0 
63.0 59.0 61.0 65.0 
61.0 60.0 60.0 61.0 
66.0 58.0 65.0 74.0 
63.0 59.0 61.0 67.0 
63.0 58.0 60.0 65.0 
61.0 60.0 60.0 61.0 
70.0 59.0 63.0 77.0 
63.0 58.0 61.0 67.0 
64.0 59.0 61.0 65.0 
61.0 59.0 60.0 61.0 
68.0 58.0 66.0 74.0 
64.0 58.0 61.0 67.0 
64.0 59.0 61.0 65.0 
60.0 59.0 59.0 62.0 
68.0 65.0 65.0 72.0 
63.0 62.0 61.0 66.0 
61.0 62.0 61.0 64.0 
60.0 61.0 60.0 62.0 
67.0 58.0 65.0 74.0 
65.0 59.0 62.0 68.0 
64.0 59.0 60.0 65.0 
61.0 60.0 60.0 61.0 
64.0 64.0 64.0 71.0 
62.0 63.0 61.0 67.0 
61.0 62.0 60.0 64.0 
60.0 61.0 60.0 61.0 
66.0 59.0 65.0 74.0 
64.0 58.0 61.0 68.0 
64.0 59.0 59.0 67.0 
61.0 60.0 59.0 61.0 
67.0 59.0 65.0 75.0 
64.0 59.0 61.0 67.0 
64.0 59.0 60.0 67.0 
61.0 60.0 60.0 61.0 
66.0 64.0 65.0 72.0 
62.0 63.0 61.0 67.0 
62.0 63.0 61.0 64.0 
60.0 61.0 60.0 61.0 
64.0 65.0 61.0 74.0 
62.0 64.0 59.0 67.0 
63.0 64.0 61.0 66.0 
60.0 61.0 60.0 62.0 
64.0 65.0 62.0 72.0 
63.0 63.0 60.0 67.0 
62.0 63.0 60.0 65.0 
62.0 63.0 60.0 65.0 
64.0 64.0 62.0 72.0 
61.0 62.0 59.0 66.0 
63.0 64.0 60.0 67.0 
62.0 63.0 60.0 63.0 
65.0 64.0 61.0 73.0 
63.0 62.0 60.0 67.0 
64.0 64.0 60.0 67.0 
62.0 63.0 60.0 64.0 
65.0 64.0 60.0 72.0 
63.0 64.0 59.0 69.0 
64.0 65.0 60.0 67.0 
61.0 62.0 60.0 62.0 
65.0 64.0 60.0 71.0 
62.0 62.0 60.0 68.0 
65.0 66.0 60.0 68.0 
62.0 62.0 60.0 64.0 
66.0 64.0 61.0 70.0 
61.0 63.0 59.0 68.0 
64.0 65.0 60.0 68.0 
64.0 64.0 60.0 65.0 
63.0 64.0 60.0 71.0 
61.0 64.0 59.0 67.0 
65.0 66.0 59.0 67.0 
64.0 66.0 60.0 65.0 
64.0 64.0 61.0 71.0 
61.0 63.0 59.0 67.0 
64.0 67.0 59.0 69.0 
64.0 64.0 60.0 65.0 
63.0 64.0 60.0 71.0 
62.0 64.0 60.0 68.0 
68.0 71.0 60.0 73.0 
59.0 59.0 60.0 59.0 
64.0 64.0 60.0 72.0 
62.0 64.0 60.0 68.0 
70.0 72.0 60.0 74.0 
59.0 58.0 59.0 59.0 
63.0 65.0 60.0 73.0 
62.0 63.0 59.0 69.0 
69.0 71.0 61.0 73.0 
58.0 58.0 61.0 60.0 
64.0 64.0 61.0 73.0 
62.0 64.0 59.0 70.0 
69.0 71.0 60.0 74.0 
58.0 59.0 60.0 58.0 
64.0 65.0 60.0 73.0 
61.0 64.0 59.0 69.0 
70.0 72.0 60.0 74.0 
58.0 59.0 59.0 58.0 
64.0 65.0 61.0 76.0 
63.0 63.0 60.0 67.0 
70.0 71.0 60.0 72.0 
58.0 59.0 60.0 59.0 
65.0 65.0 62.0 76.0 
63.0 64.0 60.0 68.0 
70.0 71.0 59.0 73.0 
58.0 58.0 59.0 58.0 
64.0 66.0 62.0 75.0 
63.0 64.0 59.0 67.0 
70.0 72.0 60.0 71.0 
58.0 59.0 59.0 59.0 
64.0 67.0 64.0 76.0 
63.0 64.0 60.0 69.0 
70.0 71.0 61.0 72.0 
58.0 59.0 60.0 58.0 
64.0 66.0 62.0 76.0 
63.0 64.0 59.0 68.0 
70.0 71.0 60.0 72.0 
58.0 58.0 61.0 59.0 
63.0 66.0 67.0 77.0 
63.0 65.0 61.0 68.0 
71.0 72.0 61.0 72.0 
58.0 58.0 60.0 59.0 
65.0 67.0 69.0 77.0 
63.0 64.0 61.0 67.0 
70.0 73.0 60.0 71.0 
63.0 63.0 59.0 63.0 
64.0 67.0 68.0 78.0 
63.0 64.0 61.0 68.0 
71.0 69.0 61.0 71.0 
64.0 64.0 60.0 63.0 
64.0 67.0 70.0 78.0 
63.0 64.0 63.0 67.0 
69.0 71.0 78.0 70.0 
65.0 65.0 65.0 63.0 
66.0 67.0 74.0 77.0 
62.0 62.0 65.0 66.0 
68.0 69.0 85.0 69.0 
64.0 65.0 69.0 64.0 
64.0 66.0 77.0 78.0 
63.0 64.0 67.0 67.0 
67.0 70.0 94.0 71.0 
65.0 64.0 72.0 64.0 
66.0 67.0 79.0 79.0 
62.0 64.0 68.0 68.0 
67.0 68.0 96.0 70.0 
65.0 65.0 75.0 65.0 
67.0 68.0 90.0 82.0 
64.0 65.0 77.0 68.0 
61.0 61.0 72.0 64.0 
66.0 67.0 87.0 68.0 
69.0 66.0 93.0 80.0 
63.0 64.0 73.0 67.0 
62.0 63.0 76.0 64.0 
66.0 67.0 84.0 67.0 
70.0 67.0 98.0 80.0 
62.0 63.0 77.0 67.0 
62.0 63.0 86.0 65.0 
66.0 67.0 94.0 68.0 
68.0 66.0 108.0 79.0 
61.0 61.0 72.0 65.0 
68.0 69.0 135.0 74.0 
64.0 65.0 89.0 66.0 
69.0 66.0 120.0 79.0 
61.0 61.0 71.0 65.0 
68.0 69.0 157.0 74.0 
65.0 66.0 102.0 67.0 
68.0 67.0 137.0 79.0 
60.0 61.0 78.0 64.0 
69.0 70.0 242.0 78.0 
64.0 65.0 127.0 67.0 
70.0 59.0 149.0 80.0 
61.0 59.0 82.0 64.0 
75.0 61.0 307.0 88.0 
66.0 60.0 147.0 70.0 
67.0 60.0 174.0 82.0 
61.0 58.0 87.0 64.0 
79.0 63.0 425.0 98.0 
66.0 60.0 168.0 70.0 
70.0 60.0 222.0 85.0 
60.0 58.0 95.0 64.0 
77.0 71.0 440.0 97.0 
65.0 60.0 166.0 70.0 
67.0 68.0 235.0 82.0 
60.0 59.0 94.0 65.0 
83.0 65.0 486.0 103.0 
63.0 60.0 165.0 71.0 
70.0 62.0 244.0 85.0 
61.0 58.0 89.0 64.0 
83.0 65.0 490.0 108.0 
66.0 60.0 160.0 70.0 
70.0 60.0 270.0 92.0 
61.0 58.0 87.0 64.0 
86.0 66.0 519.0 119.0 
65.0 60.0 162.0 72.0 
73.0 61.0 318.0 100.0 
60.0 58.0 88.0 64.0 
88.0 67.0 561.0 128.0 
65.0 59.0 151.0 72.0 
69.0 64.0 260.0 91.0 
59.0 61.0 88.0 64.0 
79.0 84.0 533.0 122.0 
62.0 64.0 154.0 71.0 
67.0 68.0 241.0 88.0 
60.0 60.0 87.0 63.0 
80.0 85.0 530.0 125.0 
64.0 65.0 159.0 73.0 
77.0 61.0 343.0 113.0 
60.0 58.0 83.0 64.0 
88.0 66.0 539.0 133.0 
65.0 60.0 146.0 71.0 
77.0 61.0 333.0 128.0 
60.0 58.0 75.0 62.0 
89.0 66.0 530.0 142.0 
64.0 59.0 134.0 71.0 
77.0 61.0 340.0 131.0 
59.0 59.0 75.0 63.0 
89.0 65.0 495.0 146.0 
63.0 59.0 121.0 71.0 
78.0 62.0 344.0 148.0 
59.0 59.0 77.0 63.0 
90.0 64.0 485.0 155.0 
63.0 60.0 114.0 69.0 
79.0 61.0 345.0 170.0 
60.0 58.0 77.0 63.0 
94.0 66.0 505.0 176.0 
63.0 60.0 107.0 69.0 
78.0 76.0 379.0 193.0 
59.0 58.0 73.0 62.0 
83.0 86.0 425.0 197.0 
63.0 61.0 97.0 71.0 
78.0 62.0 328.0 186.0 
59.0 59.0 64.0 60.0 
92.0 79.0 411.0 269.0 
62.0 60.0 95.0 74.0 
78.0 60.0 307.0 198.0 
59.0 59.0 61.0 57.0 
96.0 64.0 383.0 330.0 
62.0 60.0 94.0 75.0 
80.0 60.0 265.0 211.0 
58.0 59.0 62.0 57.0 
97.0 63.0 335.0 395.0 
62.0 59.0 91.0 78.0 
83.0 60.0 250.0 243.0 
60.0 57.0 70.0 66.0 
109.0 66.0 352.0 479.0 
60.0 59.0 78.0 68.0 
92.0 61.0 267.0 335.0 
58.0 59.0 63.0 53.0 
108.0 65.0 294.0 496.0 
60.0 60.0 74.0 65.0 
96.0 62.0 258.0 395.0 
59.0 59.0 63.0 53.0 
108.0 65.0 276.0 502.0 
61.0 60.0 72.0 71.0 
98.0 63.0 243.0 428.0 
58.0 58.0 65.0 53.0 
105.0 64.0 219.0 472.0 
60.0 60.0 73.0 72.0 
100.0 63.0 205.0 413.0 
58.0 58.0 65.0 53.0 
101.0 63.0 177.0 464.0 
60.0 60.0 70.0 66.0 
102.0 63.0 194.0 410.0 
59.0 59.0 66.0 55.0 
109.0 64.0 173.0 505.0 
60.0 59.0 68.0 65.0 
99.0 62.0 168.0 382.0 
59.0 59.0 68.0 59.0 
111.0 66.0 158.0 515.0 
58.0 60.0 64.0 54.0 
114.0 65.0 180.0 486.0 
59.0 58.0 66.0 56.0 
109.0 64.0 150.0 491.0 
58.0 60.0 60.0 48.0 
111.0 64.0 168.0 470.0 
60.0 59.0 70.0 72.0 
110.0 64.0 141.0 473.0 
58.0 60.0 62.0 49.0 
109.0 63.0 132.0 430.0 
59.0 58.0 67.0 59.0 
105.0 63.0 127.0 452.0 
58.0 60.0 59.0 49.0 
112.0 63.0 118.0 412.0 
60.0 59.0 67.0 61.0 
106.0 62.0 106.0 415.0 
58.0 60.0 60.0 50.0 
112.0 62.0 111.0 392.0 
59.0 58.0 66.0 61.0 
112.0 62.0 104.0 424.0 
57.0 60.0 60.0 50.0 
117.0 62.0 110.0 410.0 
60.0 58.0 67.0 63.0 
102.0 63.0 102.0 440.0 
58.0 60.0 60.0 51.0 
118.0 62.0 108.0 412.0 
59.0 58.0 66.0 63.0 
122.0 62.0 98.0 426.0 
57.0 60.0 60.0 51.0 
127.0 63.0 106.0 413.0 
59.0 59.0 66.0 60.0 
121.0 190.0 90.0 359.0 
57.0 60.0 60.0 50.0 
122.0 187.0 96.0 341.0 
59.0 59.0 65.0 61.0 
118.0 249.0 92.0 371.0 
56.0 60.0 60.0 51.0 
126.0 60.0 95.0 334.0 
60.0 59.0 65.0 63.0 
140.0 62.0 95.0 413.0 
56.0 60.0 60.0 50.0 
128.0 60.0 90.0 303.0 
59.0 58.0 65.0 64.0 
138.0 61.0 89.0 356.0 
55.0 60.0 60.0 49.0 
133.0 60.0 89.0 269.0 
59.0 59.0 66.0 65.0 
130.0 335.0 89.0 312.0 
55.0 60.0 59.0 49.0 
150.0 430.0 92.0 261.0 
59.0 58.0 66.0 66.0 
128.0 426.0 85.0 269.0 
56.0 43.0 60.0 53.0 
143.0 478.0 90.0 257.0 
59.0 57.0 65.0 65.0 
132.0 436.0 81.0 239.0 
55.0 43.0 60.0 53.0 
160.0 468.0 89.0 241.0 
59.0 60.0 66.0 67.0 
128.0 446.0 80.0 231.0 
56.0 42.0 60.0 53.0 
133.0 402.0 86.0 218.0 
59.0 59.0 65.0 66.0 
134.0 449.0 78.0 200.0 
56.0 42.0 59.0 54.0 
148.0 433.0 88.0 200.0 
59.0 59.0 65.0 67.0 
145.0 502.0 81.0 196.0 
56.0 44.0 59.0 57.0 
157.0 494.0 89.0 202.0 
60.0 64.0 64.0 68.0 
99.0 405.0 75.0 160.0 
56.0 48.0 60.0 58.0 
176.0 518.0 87.0 196.0 
60.0 65.0 64.0 69.0 
107.0 304.0 69.0 132.0 
57.0 49.0 60.0 58.0 
171.0 440.0 82.0 169.0 
60.0 67.0 64.0 69.0 
121.0 371.0 71.0 139.0 
56.0 49.0 60.0 58.0 
193.0 492.0 82.0 177.0 
61.0 66.0 63.0 69.0 
124.0 374.0 70.0 136.0 
55.0 48.0 61.0 59.0 
215.0 524.0 81.0 176.0 
61.0 68.0 63.0 69.0 
129.0 351.0 68.0 121.0 
56.0 49.0 60.0 58.0 
246.0 525.0 83.0 175.0 
63.0 68.0 62.0 68.0 
137.0 340.0 67.0 118.0 
57.0 54.0 60.0 61.0 
273.0 556.0 83.0 181.0 
65.0 72.0 62.0 69.0 
179.0 456.0 72.0 143.0 
50.0 39.0 60.0 55.0 
308.0 531.0 83.0 175.0 
67.0 74.0 62.0 69.0 
294.0 414.0 71.0 134.0 
48.0 40.0 59.0 56.0 
297.0 458.0 81.0 155.0 
68.0 73.0 63.0 70.0 
184.0 293.0 67.0 113.0 
49.0 43.0 59.0 56.0 
320.0 416.0 80.0 146.0 
72.0 77.0 62.0 71.0 
210.0 290.0 66.0 107.0 
47.0 44.0 59.0 56.0 
383.0 428.0 83.0 144.0 
76.0 77.0 63.0 71.0 
261.0 284.0 67.0 107.0 
45.0 45.0 60.0 57.0 
408.0 383.0 83.0 131.0 
77.0 78.0 63.0 70.0 
220.0 212.0 65.0 91.0 
45.0 47.0 59.0 57.0 
416.0 345.0 82.0 126.0 
80.0 77.0 63.0 70.0 
206.0 181.0 65.0 90.0 
45.0 48.0 59.0 58.0 
387.0 267.0 82.0 111.0 
82.0 75.0 65.0 70.0 
352.0 205.0 69.0 96.0 
44.0 50.0 59.0 58.0 
372.0 223.0 82.0 105.0 
87.0 73.0 64.0 70.0 
337.0 163.0 67.0 90.0 
42.0 51.0 60.0 59.0 
335.0 184.0 85.0 97.0 
97.0 74.0 64.0 70.0 
472.0 177.0 75.0 96.0 
40.0 54.0 59.0 58.0 
407.0 166.0 88.0 99.0 
92.0 71.0 65.0 69.0 
277.0 157.0 73.0 93.0 
38.0 54.0 59.0 58.0 
408.0 159.0 95.0 96.0 
100.0 70.0 67.0 69.0 
509.0 156.0 79.0 97.0 
90.0 67.0 61.0 64.0 
381.0 146.0 97.0 93.0 
102.0 70.0 67.0 68.0 
518.0 158.0 81.0 96.0 
97.0 68.0 61.0 63.0 
381.0 138.0 104.0 91.0 
101.0 69.0 70.0 68.0 
460.0 140.0 93.0 91.0 
97.0 67.0 66.0 64.0 
397.0 137.0 112.0 91.0 
99.0 68.0 71.0 67.0 
448.0 129.0 101.0 90.0 
96.0 66.0 68.0 64.0 
384.0 131.0 133.0 90.0 
99.0 67.0 75.0 67.0 
423.0 127.0 114.0 89.0 
95.0 66.0 71.0 65.0 
399.0 128.0 149.0 88.0 
92.0 66.0 75.0 66.0 
346.0 110.0 114.0 84.0 
89.0 66.0 73.0 65.0 
395.0 127.0 170.0 90.0 
115.0 70.0 81.0 68.0 
114.0 68.0 71.0 64.0 
128.0 72.0 81.0 67.0 
364.0 122.0 195.0 89.0 
110.0 69.0 82.0 68.0 
357.0 108.0 127.0 85.0 
99.0 67.0 76.0 66.0 
339.0 117.0 215.0 89.0 
91.0 65.0 83.0 66.0 
307.0 102.0 145.0 84.0 
93.0 67.0 84.0 66.0 
308.0 108.0 221.0 88.0 
81.0 65.0 87.0 66.0 
260.0 96.0 188.0 86.0 
83.0 66.0 107.0 68.0 
303.0 104.0 234.0 88.0 
75.0 64.0 92.0 66.0 
144.0 84.0 262.0 88.0 
74.0 66.0 136.0 69.0 
268.0 98.0 223.0 86.0 
71.0 62.0 98.0 66.0 
152.0 89.0 362.0 98.0 
70.0 66.0 170.0 72.0 
251.0 96.0 243.0 89.0 
69.0 63.0 97.0 65.0 
133.0 90.0 454.0 110.0 
70.0 67.0 194.0 75.0 
244.0 94.0 240.0 90.0 
67.0 61.0 94.0 65.0 
112.0 91.0 516.0 120.0 
68.0 66.0 209.0 77.0 
218.0 92.0 250.0 91.0 
65.0 61.0 97.0 66.0 
110.0 94.0 560.0 127.0 
68.0 66.0 210.0 78.0 
211.0 92.0 274.0 97.0 
64.0 61.0 98.0 65.0 
107.0 91.0 570.0 130.0 
67.0 66.0 207.0 78.0 
107.0 80.0 316.0 104.0 
61.0 61.0 95.0 65.0 
85.0 86.0 591.0 136.0 
65.0 65.0 210.0 81.0 
104.0 80.0 333.0 110.0 
60.0 61.0 96.0 66.0 
86.0 88.0 606.0 147.0 
65.0 65.0 196.0 79.0 
102.0 81.0 344.0 121.0 
60.0 61.0 92.0 66.0 
86.0 88.0 614.0 151.0 
64.0 65.0 197.0 81.0 
97.0 81.0 357.0 134.0 
60.0 60.0 93.0 66.0 
87.0 89.0 615.0 159.0 
64.0 65.0 192.0 81.0 
97.0 83.0 395.0 148.0 
60.0 59.0 89.0 65.0 
88.0 90.0 606.0 172.0 
65.0 65.0 182.0 82.0 
95.0 83.0 377.0 154.0 
60.0 60.0 90.0 67.0 
88.0 92.0 609.0 193.0 
64.0 66.0 178.0 86.0 
92.0 88.0 399.0 184.0 
59.0 60.0 86.0 66.0 
87.0 92.0 622.0 201.0 
63.0 65.0 177.0 87.0 
91.0 88.0 386.0 196.0 
60.0 60.0 85.0 67.0 
86.0 93.0 606.0 215.0 
65.0 67.0 196.0 95.0 
89.0 89.0 412.0 222.0 
59.0 60.0 82.0 65.0 
87.0 98.0 606.0 245.0 
64.0 67.0 191.0 100.0 
90.0 98.0 380.0 263.0 
60.0 59.0 79.0 65.0 
87.0 102.0 598.0 273.0 
65.0 68.0 202.0 109.0 
89.0 102.0 379.0 285.0 
59.0 60.0 74.0 65.0 
89.0 111.0 609.0 342.0 
64.0 69.0 183.0 114.0 
86.0 109.0 407.0 310.0 
59.0 59.0 70.0 64.0 
95.0 128.0 581.0 424.0 
63.0 71.0 166.0 122.0 
83.0 109.0 371.0 328.0 
59.0 60.0 69.0 65.0 
97.0 136.0 580.0 489.0 
64.0 71.0 163.0 131.0 
84.0 115.0 381.0 360.0 
59.0 59.0 65.0 62.0 
99.0 145.0 538.0 540.0 
64.0 71.0 157.0 138.0 
85.0 119.0 363.0 370.0 
60.0 59.0 67.0 63.0 
100.0 152.0 534.0 592.0 
63.0 70.0 134.0 128.0 
87.0 125.0 333.0 398.0 
60.0 60.0 67.0 62.0 
100.0 153.0 485.0 571.0 
63.0 71.0 131.0 131.0 
90.0 135.0 321.0 430.0 
61.0 62.0 70.0 64.0 
98.0 158.0 451.0 600.0 
63.0 70.0 123.0 124.0 
98.0 147.0 321.0 472.0 
60.0 62.0 69.0 62.0 
100.0 162.0 449.0 623.0 
62.0 69.0 116.0 114.0 
102.0 161.0 315.0 520.0 
60.0 61.0 65.0 58.0 
98.0 168.0 416.0 602.0 
62.0 69.0 114.0 114.0 
98.0 166.0 303.0 527.0 
60.0 61.0 66.0 58.0 
99.0 177.0 402.0 626.0 
62.0 69.0 113.0 109.0 
102.0 163.0 264.0 461.0 
60.0 61.0 65.0 57.0 
103.0 187.0 376.0 647.0 
62.0 69.0 108.0 105.0 
110.0 198.0 253.0 488.0 
60.0 61.0 64.0 57.0 
105.0 220.0 351.0 618.0 
62.0 71.0 103.0 99.0 
111.0 209.0 241.0 498.0 
59.0 60.0 64.0 55.0 
105.0 225.0 327.0 605.0 
61.0 70.0 101.0 94.0 
109.0 212.0 211.0 427.0 
60.0 59.0 64.0 55.0 
108.0 250.0 325.0 649.0 
61.0 71.0 99.0 99.0 
119.0 247.0 218.0 475.0 
60.0 58.0 63.0 54.0 
112.0 267.0 315.0 648.0 
61.0 71.0 95.0 95.0 
123.0 268.0 217.0 484.0 
59.0 58.0 64.0 54.0 
115.0 288.0 308.0 631.0 
61.0 73.0 95.0 96.0 
128.0 285.0 211.0 488.0 
59.0 58.0 64.0 54.0 
119.0 310.0 296.0 614.0 
63.0 80.0 101.0 112.0 
135.0 327.0 197.0 496.0 
59.0 57.0 64.0 53.0 
123.0 324.0 277.0 592.0 
63.0 81.0 97.0 109.0 
141.0 364.0 184.0 497.0 
59.0 55.0 63.0 52.0 
127.0 360.0 257.0 612.0 
64.0 82.0 96.0 110.0 
142.0 380.0 169.0 464.0 
59.0 55.0 65.0 52.0 
135.0 425.0 230.0 606.0 
64.0 83.0 86.0 108.0 
158.0 439.0 162.0 475.0 
59.0 53.0 64.0 52.0 
143.0 451.0 209.0 579.0 
63.0 81.0 78.0 99.0 
162.0 474.0 156.0 473.0 
58.0 53.0 62.0 53.0 
150.0 503.0 193.0 576.0 
63.0 79.0 78.0 95.0 
183.0 515.0 160.0 508.0 
58.0 52.0 64.0 52.0 
163.0 534.0 192.0 580.0 
65.0 88.0 79.0 100.0 
173.0 527.0 142.0 497.0 
57.0 51.0 60.0 52.0 
170.0 570.0 157.0 563.0 
63.0 81.0 68.0 87.0 
176.0 536.0 132.0 464.0 
58.0 50.0 60.0 52.0 
170.0 580.0 133.0 514.0 
62.0 76.0 65.0 79.0 
182.0 528.0 118.0 418.0 
58.0 53.0 61.0 56.0 
173.0 604.0 128.0 506.0 
62.0 73.0 63.0 76.0 
186.0 559.0 114.0 405.0 
58.0 52.0 62.0 59.0 
180.0 610.0 120.0 481.0 
64.0 82.0 64.0 79.0 
200.0 581.0 107.0 366.0 
58.0 53.0 60.0 59.0 
176.0 603.0 113.0 445.0 
65.0 91.0 65.0 85.0 
218.0 574.0 104.0 338.0 
58.0 51.0 61.0 58.0 
190.0 597.0 108.0 415.0 
66.0 90.0 64.0 81.0 
225.0 597.0 102.0 325.0 
57.0 49.0 60.0 55.0 
189.0 603.0 103.0 386.0 
63.0 79.0 62.0 75.0 
282.0 626.0 99.0 319.0 
56.0 48.0 60.0 57.0 
216.0 618.0 99.0 367.0 
63.0 73.0 61.0 70.0 
326.0 631.0 96.0 306.0 
55.0 47.0 58.0 55.0 
227.0 597.0 97.0 346.0 
63.0 75.0 62.0 70.0 
366.0 658.0 96.0 301.0 
54.0 47.0 59.0 55.0 
274.0 615.0 94.0 324.0 
64.0 76.0 62.0 71.0 
396.0 639.0 95.0 284.0 
54.0 48.0 59.0 56.0 
287.0 582.0 93.0 307.0 
64.0 74.0 62.0 70.0 
423.0 639.0 94.0 280.0 
53.0 46.0 59.0 56.0 
337.0 603.0 91.0 297.0 
63.0 71.0 62.0 67.0 
438.0 622.0 91.0 261.0 
55.0 50.0 59.0 57.0 
352.0 606.0 91.0 281.0 
60.0 66.0 62.0 66.0 
449.0 601.0 89.0 242.0 
55.0 52.0 59.0 59.0 
405.0 615.0 90.0 267.0 
61.0 65.0 61.0 65.0 
482.0 609.0 90.0 232.0 
55.0 52.0 59.0 59.0 
445.0 602.0 91.0 245.0 
67.0 72.0 62.0 67.0 
508.0 625.0 91.0 229.0 
54.0 51.0 59.0 58.0 
512.0 592.0 94.0 238.0 
69.0 72.0 62.0 66.0 
491.0 557.0 89.0 211.0 
54.0 53.0 59.0 59.0 
580.0 600.0 92.0 229.0 
68.0 71.0 62.0 65.0 
498.0 535.0 88.0 185.0 
60.0 57.0 59.0 60.0 
562.0 544.0 93.0 193.0 
68.0 70.0 62.0 64.0 
502.0 524.0 89.0 177.0 
54.0 53.0 59.0 59.0 
600.0 530.0 90.0 182.0 
64.0 67.0 62.0 64.0 
520.0 505.0 87.0 172.0 
54.0 55.0 59.0 60.0 
638.0 512.0 89.0 172.0 
73.0 71.0 62.0 66.0 
553.0 495.0 87.0 166.0 
51.0 53.0 60.0 59.0 
624.0 476.0 86.0 162.0 
76.0 72.0 63.0 66.0 
540.0 464.0 86.0 162.0 
62.0 61.0 60.0 62.0 
661.0 460.0 85.0 163.0 
74.0 66.0 60.0 61.0 
568.0 461.0 84.0 162.0 
57.0 59.0 59.0 61.0 
652.0 431.0 82.0 158.0 
79.0 72.0 61.0 63.0 
576.0 427.0 82.0 150.0 
57.0 59.0 59.0 62.0 
636.0 396.0 81.0 150.0 
72.0 64.0 60.0 62.0 
546.0 349.0 80.0 135.0 
64.0 64.0 60.0 63.0 
662.0 353.0 80.0 140.0 
74.0 64.0 61.0 61.0 
594.0 335.0 78.0 127.0 
47.0 55.0 59.0 60.0 
648.0 338.0 80.0 130.0 
73.0 64.0 61.0 62.0 
603.0 305.0 77.0 119.0 
56.0 59.0 59.0 59.0 
654.0 325.0 79.0 127.0 
70.0 63.0 60.0 61.0 
583.0 269.0 76.0 112.0 
51.0 57.0 59.0 59.0 
657.0 304.0 79.0 124.0 
74.0 63.0 61.0 61.0 
589.0 244.0 76.0 108.0 
41.0 52.0 59.0 58.0 
652.0 277.0 78.0 116.0 
76.0 63.0 60.0 61.0 
548.0 222.0 76.0 105.0 
40.0 53.0 59.0 58.0 
627.0 240.0 77.0 106.0 
79.0 63.0 61.0 62.0 
539.0 207.0 77.0 101.0 
40.0 53.0 59.0 59.0 
593.0 215.0 76.0 102.0 
77.0 62.0 60.0 61.0 
545.0 202.0 78.0 101.0 
39.0 54.0 59.0 58.0 
594.0 206.0 76.0 100.0 
82.0 63.0 60.0 62.0 
541.0 199.0 77.0 98.0 
39.0 53.0 58.0 58.0 
526.0 192.0 78.0 99.0 
81.0 63.0 60.0 61.0 
518.0 183.0 76.0 96.0 
39.0 54.0 58.0 58.0 
544.0 184.0 78.0 99.0 
82.0 63.0 61.0 62.0 
481.0 168.0 74.0 91.0 
41.0 54.0 59.0 58.0 
509.0 169.0 75.0 96.0 
83.0 63.0 61.0 61.0 
390.0 143.0 71.0 85.0 
41.0 55.0 59.0 58.0 
512.0 152.0 76.0 94.0 
82.0 63.0 60.0 61.0 
362.0 135.0 69.0 82.0 
41.0 55.0 59.0 58.0 
502.0 147.0 74.0 94.0 
75.0 61.0 61.0 62.0 
327.0 127.0 68.0 79.0 
43.0 55.0 60.0 59.0 
436.0 129.0 72.0 87.0 
65.0 60.0 61.0 61.0 
326.0 120.0 67.0 77.0 
44.0 55.0 59.0 58.0 
380.0 119.0 71.0 83.0 
57.0 59.0 60.0 61.0 
307.0 116.0 67.0 75.0 
45.0 55.0 59.0 59.0 
338.0 111.0 68.0 81.0 
59.0 59.0 61.0 60.0 
287.0 113.0 66.0 75.0 
45.0 55.0 59.0 59.0 
307.0 106.0 67.0 78.0 
59.0 59.0 60.0 60.0 
270.0 109.0 67.0 74.0 
46.0 56.0 59.0 58.0 
263.0 97.0 67.0 76.0 
59.0 59.0 61.0 60.0 
262.0 107.0 66.0 73.0 
48.0 56.0 59.0 59.0 
234.0 94.0 66.0 74.0 
58.0 60.0 59.0 61.0 
258.0 106.0 67.0 73.0 
49.0 57.0 58.0 58.0 
190.0 86.0 64.0 72.0 
53.0 57.0 60.0 61.0 
250.0 105.0 67.0 73.0 
49.0 57.0 59.0 59.0 
179.0 85.0 65.0 72.0 
49.0 57.0 60.0 59.0 
229.0 104.0 66.0 72.0 
51.0 57.0 59.0 59.0 
160.0 83.0 65.0 71.0 
50.0 57.0 60.0 61.0 
230.0 100.0 67.0 72.0 
52.0 57.0 58.0 59.0 
124.0 74.0 64.0 68.0 
50.0 58.0 61.0 60.0 
225.0 98.0 66.0 71.0 
52.0 56.0 58.0 59.0 
112.0 73.0 63.0 68.0 
51.0 58.0 59.0 60.0 
221.0 97.0 67.0 72.0 
53.0 57.0 59.0 59.0 
95.0 69.0 63.0 66.0 
52.0 58.0 60.0 60.0 
220.0 93.0 66.0 70.0 
53.0 57.0 59.0 59.0 
87.0 69.0 63.0 66.0 
53.0 58.0 61.0 60.0 
203.0 87.0 65.0 70.0 
54.0 57.0 59.0 59.0 
82.0 69.0 62.0 65.0 
53.0 59.0 60.0 60.0 
179.0 82.0 65.0 68.0 
55.0 58.0 59.0 59.0 
74.0 67.0 62.0 65.0 
54.0 58.0 60.0 60.0 
163.0 80.0 65.0 68.0 
55.0 58.0 59.0 59.0 
70.0 66.0 62.0 64.0 
55.0 59.0 60.0 59.0 
170.0 80.0 66.0 70.0 
56.0 58.0 59.0 59.0 
58.0 60.0 60.0 60.0 
56.0 59.0 60.0 61.0 
91.0 67.0 64.0 65.0 
60.0 58.0 59.0 59.0 
61.0 61.0 60.0 61.0 
61.0 60.0 60.0 60.0 
83.0 66.0 64.0 66.0 
59.0 58.0 59.0 59.0 
59.0 59.0 60.0 60.0 
59.0 60.0 60.0 60.0 
83.0 65.0 65.0 65.0 
59.0 59.0 60.0 60.0 
59.0 59.0 59.0 60.0 
60.0 60.0 60.0 61.0 
81.0 65.0 64.0 65.0 
59.0 59.0 59.0 59.0 
59.0 59.0 59.0 60.0 
60.0 59.0 60.0 60.0 
81.0 65.0 65.0 65.0 
59.0 58.0 59.0 59.0 
59.0 59.0 60.0 60.0 
59.0 59.0 60.0 61.0 
80.0 65.0 64.0 65.0 
59.0 59.0 59.0 59.0 
58.0 59.0 59.0 60.0 
60.0 60.0 60.0 60.0 
79.0 65.0 64.0 65.0 
59.0 59.0 59.0 59.0 
59.0 60.0 60.0 61.0 
60.0 60.0 60.0 60.0 
79.0 65.0 65.0 65.0 
59.0 58.0 59.0 59.0 
59.0 59.0 60.0 59.0 
60.0 60.0 61.0 60.0 
72.0 64.0 64.0 66.0 
59.0 58.0 59.0 59.0 
59.0 59.0 60.0 60.0 
60.0 60.0 60.0 60.0 
72.0 64.0 65.0 65.0 
59.0 58.0 59.0 59.0 
59.0 58.0 60.0 61.0 
60.0 60.0 60.0 61.0 
72.0 63.0 64.0 64.0 
59.0 58.0 59.0 59.0 
59.0 58.0 60.0 60.0 
60.0 60.0 60.0 60.0 
71.0 64.0 64.0 66.0 
59.0 58.0 59.0 59.0 
59.0 59.0 60.0 60.0 
60.0 60.0 60.0 60.0 
71.0 64.0 64.0 65.0 
59.0 59.0 59.0 59.0 
59.0 59.0 60.0 60.0 
60.0 60.0 60.0 60.0 
71.0 63.0 64.0 66.0 
59.0 59.0 59.0 60.0 
59.0 59.0 60.0 60.0 
60.0 60.0 60.0 60.0 
66.0 63.0 64.0 64.0 
60.0 58.0 59.0 60.0 
59.0 59.0 59.0 60.0 
60.0 60.0 60.0 60.0 
66.0 63.0 64.0 64.0 
59.0 58.0 59.0 59.0 
59.0 59.0 60.0 60.0 
60.0 60.0 60.0 61.0 
65.0 62.0 63.0 64.0 
59.0 59.0 59.0 59.0 
60.0 59.0 59.0 60.0 
60.0 60.0 60.0 60.0 
65.0 61.0 63.0 63.0 
59.0 58.0 59.0 59.0 
59.0 59.0 59.0 61.0 
60.0 60.0 60.0 60.0 
66.0 61.0 62.0 63.0 
59.0 59.0 59.0 60.0 
60.0 59.0 59.0 60.0 
60.0 60.0 60.0 61.0 
62.0 61.0 62.0 62.0 
59.0 59.0 59.0 60.0 
59.0 59.0 60.0 60.0 
60.0 59.0 61.0 60.0 
64.0 62.0 62.0 62.0 
59.0 58.0 59.0 59.0 
59.0 59.0 60.0 60.0 
60.0 60.0 60.0 60.0 
65.0 62.0 62.0 63.0 
59.0 59.0 59.0 59.0 
59.0 59.0 59.0 61.0 
60.0 60.0 61.0 60.0 
64.0 62.0 61.0 62.0 
59.0 59.0 59.0 59.0 
59.0 59.0 60.0 60.0 
60.0 60.0 61.0 60.0 
67.0 62.0 62.0 63.0 
59.0 58.0 59.0 60.0 
59.0 59.0 59.0 61.0 
61.0 59.0 60.0 61.0 
67.0 62.0 62.0 63.0 
59.0 59.0 59.0 59.0 
59.0 59.0 60.0 61.0 
60.0 60.0 61.0 61.0 
68.0 62.0 62.0 63.0 
59.0 59.0 59.0 59.0 
60.0 59.0 61.0 61.0 
60.0 60.0 61.0 61.0 
68.0 62.0 62.0 63.0 
59.0 58.0 59.0 59.0 
59.0 59.0 60.0 60.0 
60.0 60.0 61.0 60.0 
67.0 62.0 63.0 63.0 
60.0 59.0 59.0 60.0 
58.0 59.0 59.0 60.0 
60.0 60.0 60.0 61.0 
68.0 62.0 62.0 63.0 
59.0 58.0 60.0 60.0 
59.0 59.0 60.0 61.0 
60.0 60.0 60.0 60.0 
67.0 61.0 62.0 62.0 
59.0 59.0 59.0 59.0 
59.0 59.0 60.0 61.0 
60.0 60.0 60.0 60.0 
67.0 63.0 62.0 63.0 
59.0 58.0 59.0 59.0 
59.0 60.0 60.0 60.0 
60.0 60.0 60.0 60.0 
68.0 62.0 62.0 63.0 
58.0 58.0 59.0 59.0 
59.0 60.0 60.0 61.0 
60.0 60.0 60.0 60.0 
67.0 62.0 62.0 63.0 
60.0 59.0 59.0 60.0 
59.0 60.0 60.0 61.0 
60.0 60.0 60.0 60.0 
67.0 61.0 62.0 63.0 
59.0 59.0 59.0 60.0 
59.0 59.0 60.0 60.0 
59.0 60.0 60.0 61.0 
67.0 62.0 62.0 63.0 
59.0 59.0 59.0 60.0 
59.0 59.0 59.0 60.0 
60.0 59.0 60.0 60.0 
68.0 62.0 62.0 63.0 
59.0 58.0 59.0 60.0 
59.0 59.0 61.0 60.0 
60.0 60.0 60.0 60.0 
65.0 62.0 62.0 63.0 
59.0 58.0 59.0 59.0 
59.0 59.0 60.0 60.0 
60.0 60.0 60.0 61.0 
67.0 62.0 62.0 63.0 
60.0 59.0 60.0 61.0 
60.0 59.0 60.0 60.0 
60.0 60.0 60.0 60.0 
69.0 63.0 65.0 64.0 
59.0 59.0 59.0 59.0 
59.0 60.0 60.0 60.0 
60.0 60.0 60.0 60.0 
67.0 63.0 65.0 65.0 
59.0 59.0 58.0 59.0 
59.0 59.0 61.0 60.0 
60.0 60.0 60.0 60.0 
67.0 62.0 64.0 65.0 
59.0 59.0 59.0 59.0 
59.0 59.0 60.0 61.0 
61.0 60.0 60.0 61.0 
67.0 62.0 63.0 64.0 
59.0 59.0 58.0 59.0 
59.0 59.0 59.0 60.0 
60.0 60.0 61.0 60.0 
64.0 62.0 62.0 64.0 
59.0 58.0 59.0 59.0 
59.0 59.0 60.0 60.0 
60.0 59.0 61.0 60.0 
64.0 62.0 63.0 63.0 
59.0 59.0 60.0 59.0 
59.0 59.0 59.0 60.0 
60.0 60.0 60.0 60.0 
64.0 62.0 63.0 64.0 
59.0 58.0 59.0 59.0 
59.0 58.0 59.0 60.0 
60.0 60.0 60.0 60.0 
64.0 61.0 64.0 65.0 
59.0 60.0 59.0 60.0 
59.0 59.0 59.0 60.0 
60.0 60.0 60.0 60.0 
66.0 62.0 64.0 64.0 
59.0 59.0 58.0 60.0 
59.0 59.0 60.0 60.0 
60.0 60.0 60.0 60.0 
69.0 63.0 64.0 65.0 
59.0 58.0 59.0 60.0 
59.0 59.0 61.0 60.0 
59.0 59.0 61.0 59.0 
68.0 62.0 64.0 64.0 
59.0 59.0 59.0 59.0 
59.0 59.0 60.0 60.0 
60.0 60.0 61.0 60.0 
69.0 63.0 65.0 66.0 
59.0 58.0 58.0 60.0 
59.0 58.0 60.0 60.0 
60.0 60.0 60.0 60.0 
70.0 64.0 64.0 65.0 
58.0 58.0 60.0 59.0 
59.0 59.0 60.0 60.0 
60.0 60.0 60.0 60.0 
67.0 63.0 64.0 65.0 
59.0 59.0 59.0 59.0 
59.0 59.0 59.0 60.0 
60.0 59.0 60.0 60.0 
67.0 62.0 64.0 65.0 
59.0 58.0 59.0 59.0 
59.0 59.0 60.0 60.0 
59.0 60.0 60.0 59.0 
67.0 63.0 64.0 65.0 
59.0 58.0 60.0 60.0 
60.0 59.0 59.0 60.0 
60.0 60.0 60.0 60.0 
66.0 63.0 64.0 65.0 
59.0 58.0 59.0 59.0 
59.0 59.0 61.0 60.0 
60.0 59.0 60.0 60.0 
69.0 63.0 64.0 65.0 
59.0 59.0 59.0 59.0 
59.0 59.0 60.0 60.0 
60.0 59.0 61.0 60.0 
69.0 63.0 65.0 65.0 
59.0 59.0 58.0 59.0 
59.0 58.0 60.0 60.0 
60.0 60.0 60.0 61.0 
69.0 63.0 65.0 65.0 
59.0 58.0 59.0 59.0 
59.0 59.0 60.0 61.0 
61.0 60.0 61.0 59.0 
68.0 63.0 64.0 65.0 
59.0 58.0 59.0 59.0 
59.0 59.0 59.0 60.0 
59.0 59.0 60.0 60.0 
68.0 63.0 64.0 65.0 
59.0 59.0 59.0 59.0 
59.0 59.0 60.0 60.0 
60.0 60.0 60.0 59.0 
69.0 63.0 64.0 65.0 
59.0 59.0 59.0 59.0 
59.0 59.0 60.0 60.0 
60.0 60.0 61.0 60.0 
68.0 62.0 64.0 64.0 
59.0 59.0 59.0 59.0 
58.0 59.0 60.0 60.0 
60.0 60.0 60.0 59.0 
67.0 63.0 64.0 64.0 
59.0 58.0 59.0 59.0 
59.0 59.0 59.0 60.0 
60.0 60.0 60.0 60.0 
69.0 63.0 64.0 65.0 
59.0 58.0 59.0 59.0 
58.0 59.0 60.0 60.0 
60.0 59.0 61.0 60.0 
69.0 62.0 63.0 64.0 
59.0 59.0 59.0 59.0 
59.0 59.0 60.0 60.0 
60.0 60.0 60.0 60.0 
68.0 62.0 63.0 65.0 
59.0 58.0 59.0 59.0 
59.0 59.0 60.0 60.0 
59.0 60.0 60.0 60.0 
69.0 62.0 64.0 64.0 
59.0 58.0 59.0 59.0 
59.0 59.0 60.0 60.0 
59.0 60.0 61.0 60.0 
69.0 63.0 64.0 65.0 
59.0 59.0 59.0 59.0 
59.0 59.0 61.0 61.0 
60.0 60.0 60.0 60.0 
68.0 63.0 64.0 64.0 
59.0 58.0 59.0 59.0 
59.0 59.0 60.0 60.0 
60.0 60.0 60.0 61.0 
69.0 62.0 64.0 65.0 
59.0 59.0 59.0 59.0 
59.0 59.0 60.0 60.0 
60.0 59.0 61.0 60.0 
68.0 63.0 64.0 65.0 
59.0 58.0 59.0 59.0 
59.0 60.0 61.0 60.0 
60.0 60.0 60.0 60.0 
68.0 63.0 63.0 64.0 
59.0 59.0 59.0 60.0 
59.0 59.0 61.0 60.0 
60.0 59.0 60.0 60.0 
69.0 63.0 64.0 65.0 
59.0 59.0 59.0 59.0 
59.0 60.0 60.0 60.0 
60.0 60.0 60.0 60.0 
68.0 64.0 64.0 65.0 
59.0 59.0 59.0 59.0 
59.0 58.0 60.0 60.0 
60.0 60.0 60.0 60.0 
70.0 63.0 64.0 65.0 
58.0 58.0 60.0 59.0 
59.0 59.0 60.0 60.0 
60.0 60.0 60.0 60.0 
69.0 64.0 64.0 65.0 
59.0 59.0 59.0 59.0 
59.0 60.0 60.0 60.0 
60.0 59.0 60.0 60.0 
70.0 63.0 64.0 65.0 
59.0 58.0 59.0 59.0 
59.0 59.0 60.0 61.0 
61.0 59.0 61.0 60.0 
68.0 63.0 65.0 65.0 
59.0 59.0 58.0 59.0 
59.0 59.0 60.0 60.0 
59.0 59.0 61.0 60.0 
68.0 64.0 64.0 65.0 
60.0 58.0 59.0 59.0 
59.0 59.0 60.0 60.0 
60.0 60.0 59.0 60.0 
68.0 62.0 63.0 64.0 
59.0 58.0 59.0 59.0 
59.0 59.0 60.0 60.0 
59.0 60.0 60.0 60.0 
68.0 62.0 63.0 65.0 
59.0 58.0 58.0 60.0 
59.0 58.0 60.0 60.0 
60.0 60.0 60.0 60.0 
68.0 63.0 63.0 64.0 
59.0 58.0 59.0 60.0 
59.0 58.0 61.0 61.0 
60.0 60.0 60.0 60.0 
67.0 63.0 64.0 64.0 
59.0 59.0 59.0 60.0 
59.0 59.0 60.0 60.0 
60.0 59.0 60.0 60.0 
68.0 62.0 63.0 64.0 
59.0 58.0 60.0 59.0 
59.0 59.0 60.0 61.0 
60.0 59.0 60.0 60.0 
68.0 62.0 64.0 64.0 
59.0 58.0 58.0 59.0 
59.0 59.0 60.0 60.0 
59.0 60.0 60.0 60.0 
69.0 62.0 63.0 64.0 
59.0 59.0 59.0 59.0 
59.0 59.0 60.0 61.0 
60.0 59.0 60.0 59.0 
68.0 63.0 64.0 64.0 
59.0 58.0 59.0 60.0 
59.0 60.0 60.0 61.0 
60.0 60.0 60.0 60.0 
69.0 62.0 63.0 64.0 
59.0 58.0 58.0 59.0 
59.0 59.0 60.0 60.0 
60.0 60.0 60.0 60.0 
69.0 62.0 63.0 63.0 
58.0 59.0 59.0 59.0 
59.0 59.0 60.0 60.0 
60.0 60.0 60.0 60.0 
68.0 63.0 63.0 64.0 
59.0 59.0 59.0 59.0 
59.0 59.0 60.0 60.0 
60.0 60.0 60.0 60.0 
68.0 62.0 63.0 64.0 
60.0 58.0 60.0 59.0 
59.0 58.0 60.0 59.0 
60.0 59.0 60.0 60.0 
68.0 63.0 63.0 64.0 
59.0 59.0 59.0 60.0 
58.0 59.0 61.0 60.0 
60.0 60.0 61.0 60.0 
69.0 62.0 63.0 64.0 
59.0 58.0 59.0 59.0 
60.0 59.0 60.0 60.0 
60.0 59.0 60.0 60.0 
68.0 63.0 63.0 64.0 
59.0 59.0 59.0 59.0 
59.0 58.0 60.0 60.0 
61.0 60.0 60.0 60.0 
68.0 62.0 63.0 65.0 
59.0 59.0 59.0 60.0 
59.0 60.0 60.0 61.0 
60.0 60.0 60.0 61.0 
69.0 62.0 63.0 64.0 
59.0 59.0 59.0 60.0 
60.0 58.0 60.0 61.0 
60.0 60.0 60.0 60.0 
69.0 62.0 63.0 64.0 
59.0 59.0 59.0 60.0 
59.0 59.0 60.0 60.0 
60.0 60.0 61.0 60.0 
68.0 63.0 63.0 64.0 
59.0 58.0 60.0 59.0 
59.0 58.0 60.0 60.0 
59.0 59.0 60.0 60.0 
69.0 63.0 63.0 64.0 
59.0 58.0 59.0 60.0 
59.0 59.0 60.0 61.0 
61.0 60.0 60.0 60.0 
69.0 63.0 62.0 64.0 
59.0 59.0 60.0 58.0 
59.0 59.0 61.0 60.0 
60.0 60.0 61.0 60.0 
69.0 62.0 63.0 65.0 
59.0 58.0 59.0 59.0 
59.0 59.0 60.0 60.0 
60.0 59.0 60.0 60.0 
69.0 63.0 63.0 64.0 
59.0 59.0 59.0 59.0 
59.0 59.0 60.0 60.0 
59.0 60.0 60.0 60.0 
69.0 62.0 63.0 64.0 
59.0 58.0 60.0 59.0 
59.0 60.0 60.0 60.0 
60.0 59.0 60.0 60.0 
69.0 62.0 63.0 64.0 
59.0 59.0 59.0 59.0 
58.0 59.0 60.0 60.0 
60.0 60.0 60.0 59.0 
68.0 63.0 63.0 64.0 
59.0 58.0 59.0 60.0 
60.0 59.0 60.0 60.0 
59.0 60.0 60.0 60.0 
69.0 63.0 63.0 64.0 
59.0 58.0 59.0 59.0 
58.0 59.0 60.0 60.0 
60.0 60.0 60.0 60.0 
70.0 63.0 63.0 64.0 
59.0 59.0 59.0 59.0 
59.0 59.0 60.0 60.0 
60.0 60.0 60.0 60.0 
69.0 62.0 63.0 64.0 
59.0 59.0 59.0 60.0 
59.0 59.0 60.0 61.0 
59.0 60.0 60.0 60.0 
68.0 62.0 63.0 64.0 
59.0 59.0 59.0 59.0 
58.0 59.0 60.0 60.0 
60.0 59.0 60.0 60.0 
69.0 62.0 63.0 64.0 
59.0 59.0 59.0 59.0 
58.0 59.0 60.0 60.0 
60.0 59.0 61.0 60.0 
68.0 62.0 63.0 64.0 
59.0 58.0 59.0 59.0 
59.0 60.0 60.0 60.0 
60.0 60.0 60.0 60.0 
68.0 63.0 63.0 64.0 
59.0 58.0 59.0 59.0 
59.0 59.0 60.0 60.0 
60.0 59.0 61.0 60.0 
68.0 62.0 63.0 63.0 
59.0 58.0 59.0 59.0 
58.0 59.0 61.0 61.0 
59.0 60.0 60.0 60.0 
67.0 62.0 63.0 63.0 
59.0 58.0 59.0 59.0 
59.0 59.0 59.0 60.0 
60.0 59.0 60.0 60.0 
67.0 63.0 63.0 64.0 
59.0 59.0 59.0 60.0 
59.0 59.0 59.0 61.0 
60.0 60.0 60.0 60.0 
68.0 62.0 63.0 64.0 
60.0 59.0 59.0 59.0 
58.0 59.0 60.0 60.0 
59.0 60.0 60.0 60.0 
68.0 62.0 63.0 64.0 
59.0 58.0 58.0 59.0 
59.0 58.0 60.0 61.0 
60.0 59.0 60.0 60.0 
68.0 62.0 62.0 63.0 
59.0 58.0 59.0 59.0 
58.0 59.0 60.0 60.0 
60.0 60.0 60.0 60.0 
67.0 62.0 63.0 63.0 
59.0 58.0 60.0 59.0 
59.0 60.0 59.0 61.0 
60.0 60.0 60.0 61.0 
68.0 62.0 63.0 64.0 
59.0 58.0 59.0 60.0 
59.0 59.0 60.0 60.0 
60.0 60.0 60.0 60.0 
68.0 63.0 62.0 63.0 
59.0 58.0 59.0 59.0 
59.0 59.0 61.0 61.0 
59.0 59.0 60.0 60.0 
68.0 63.0 63.0 64.0 
59.0 58.0 59.0 59.0 
59.0 58.0 60.0 60.0 
59.0 59.0 61.0 60.0 
68.0 63.0 62.0 63.0 
59.0 58.0 59.0 59.0 
58.0 59.0 60.0 60.0 
60.0 60.0 60.0 61.0 
68.0 62.0 62.0 63.0 
58.0 59.0 59.0 59.0 
59.0 60.0 60.0 59.0 
60.0 60.0 60.0 60.0 
68.0 62.0 63.0 64.0 
59.0 59.0 59.0 58.0 
59.0 59.0 60.0 61.0 
61.0 60.0 60.0 60.0 
69.0 63.0 63.0 64.0 
59.0 58.0 59.0 60.0 
59.0 59.0 60.0 60.0 
60.0 60.0 60.0 60.0 
68.0 63.0 63.0 64.0 
59.0 59.0 59.0 60.0 
59.0 60.0 59.0 60.0 
60.0 60.0 61.0 60.0 
69.0 63.0 64.0 64.0 
60.0 58.0 59.0 59.0 
59.0 58.0 60.0 59.0 
60.0 60.0 60.0 60.0 
68.0 62.0 63.0 64.0 
59.0 59.0 58.0 59.0 
59.0 58.0 60.0 61.0 
60.0 59.0 60.0 60.0 
69.0 62.0 63.0 64.0 
59.0 59.0 59.0 59.0 
59.0 58.0 60.0 60.0 
60.0 60.0 60.0 60.0 
69.0 62.0 63.0 63.0 
59.0 59.0 59.0 60.0 
59.0 59.0 60.0 60.0 
60.0 60.0 61.0 59.0 
69.0 62.0 61.0 63.0 
59.0 58.0 59.0 59.0 
59.0 58.0 61.0 60.0 
61.0 60.0 60.0 60.0 
69.0 62.0 63.0 63.0 
59.0 58.0 59.0 59.0 
59.0 59.0 60.0 60.0 
59.0 60.0 60.0 60.0 
69.0 63.0 63.0 63.0 
59.0 58.0 60.0 59.0 
60.0 59.0 60.0 60.0 
60.0 60.0 60.0 60.0 
70.0 62.0 63.0 63.0 
59.0 58.0 59.0 59.0 
59.0 59.0 60.0 60.0 
60.0 60.0 61.0 60.0 
70.0 63.0 62.0 63.0 
59.0 58.0 60.0 59.0 
59.0 59.0 60.0 60.0 
60.0 59.0 60.0 60.0 
69.0 62.0 62.0 63.0 
59.0 59.0 59.0 60.0 
59.0 59.0 60.0 61.0 
60.0 60.0 60.0 60.0 
69.0 62.0 63.0 64.0 
59.0 59.0 58.0 59.0 
59.0 59.0 61.0 59.0 
59.0 60.0 60.0 60.0 
69.0 63.0 62.0 64.0 
59.0 58.0 59.0 59.0 
59.0 59.0 61.0 60.0 
60.0 60.0 60.0 60.0 
69.0 63.0 63.0 64.0 
59.0 59.0 59.0 60.0 
58.0 58.0 60.0 60.0 
59.0 60.0 60.0 60.0 
69.0 63.0 63.0 64.0 
59.0 58.0 59.0 59.0 
59.0 59.0 60.0 60.0 
61.0 59.0 60.0 60.0 
67.0 63.0 62.0 63.0 
59.0 58.0 59.0 59.0 
58.0 59.0 58.0 60.0 
60.0 59.0 60.0 60.0 
68.0 63.0 62.0 64.0 
59.0 58.0 59.0 59.0 
59.0 60.0 60.0 60.0 
60.0 59.0 60.0 60.0 
68.0 63.0 63.0 63.0 
59.0 58.0 59.0 60.0 
59.0 58.0 60.0 60.0 
60.0 61.0 61.0 60.0 
68.0 62.0 63.0 64.0 
59.0 58.0 59.0 59.0 
58.0 59.0 61.0 60.0 
60.0 60.0 61.0 60.0 
68.0 62.0 63.0 63.0 
59.0 58.0 59.0 59.0 
59.0 60.0 60.0 60.0 
60.0 60.0 58.0 60.0 
68.0 62.0 61.0 63.0 
59.0 58.0 59.0 59.0 
59.0 59.0 61.0 61.0 
59.0 59.0 61.0 60.0 
68.0 62.0 62.0 63.0 
59.0 58.0 59.0 59.0 
59.0 59.0 60.0 60.0 
60.0 59.0 60.0 60.0 
69.0 62.0 62.0 63.0 
59.0 58.0 59.0 60.0 
58.0 59.0 60.0 61.0 
60.0 60.0 60.0 61.0 
68.0 62.0 62.0 63.0 
59.0 58.0 59.0 59.0 
59.0 59.0 61.0 60.0 
60.0 60.0 60.0 60.0 
68.0 62.0 62.0 63.0 
59.0 58.0 59.0 59.0 
60.0 60.0 60.0 60.0 
59.0 60.0 61.0 60.0 
68.0 62.0 62.0 62.0 
60.0 59.0 59.0 60.0 
59.0 59.0 62.0 60.0 
60.0 60.0 60.0 60.0 
68.0 62.0 62.0 63.0 
59.0 58.0 59.0 60.0 
59.0 59.0 60.0 61.0 
60.0 60.0 60.0 60.0 
68.0 62.0 62.0 63.0 
59.0 58.0 59.0 59.0 
59.0 59.0 61.0 60.0 
60.0 60.0 60.0 61.0 
68.0 62.0 62.0 63.0 
59.0 59.0 59.0 59.0 
59.0 59.0 61.0 60.0 
60.0 60.0 60.0 60.0 
68.0 61.0 62.0 63.0 
59.0 59.0 59.0 59.0 
59.0 59.0 60.0 60.0 
60.0 60.0 60.0 60.0 
68.0 62.0 62.0 62.0 
59.0 58.0 59.0 59.0 
59.0 59.0 60.0 60.0 
60.0 60.0 60.0 60.0 
68.0 62.0 62.0 63.0 
59.0 59.0 59.0 59.0 
59.0 59.0 60.0 61.0 
60.0 60.0 61.0 60.0 
68.0 62.0 62.0 63.0 
59.0 58.0 59.0 60.0 
59.0 59.0 60.0 60.0 
59.0 60.0 61.0 60.0 
68.0 61.0 62.0 63.0 
59.0 59.0 59.0 59.0 
59.0 58.0 60.0 60.0 
59.0 60.0 60.0 60.0 
67.0 62.0 62.0 63.0 
59.0 58.0 60.0 59.0 
59.0 59.0 59.0 60.0 
59.0 60.0 60.0 60.0 
68.0 62.0 62.0 63.0 
59.0 59.0 59.0 59.0 
59.0 59.0 60.0 60.0 
60.0 60.0 60.0 60.0 
68.0 61.0 62.0 63.0 
59.0 59.0 59.0 59.0 
59.0 58.0 60.0 60.0 
59.0 60.0 60.0 61.0 
68.0 63.0 62.0 63.0 
59.0 59.0 59.0 59.0 
59.0 59.0 61.0 60.0 
60.0 60.0 61.0 59.0 
68.0 61.0 62.0 63.0 
59.0 58.0 59.0 59.0 
59.0 59.0 61.0 61.0 
60.0 60.0 60.0 60.0 
69.0 62.0 62.0 63.0 
59.0 58.0 59.0 60.0 
59.0 59.0 60.0 60.0 
59.0 59.0 61.0 60.0 
68.0 62.0 62.0 63.0 
59.0 58.0 60.0 59.0 
59.0 60.0 60.0 60.0 
60.0 60.0 60.0 60.0 
69.0 63.0 64.0 64.0 
59.0 59.0 59.0 59.0 
59.0 59.0 60.0 60.0 
60.0 60.0 60.0 60.0 
69.0 63.0 63.0 64.0 
59.0 58.0 59.0 59.0 
59.0 58.0 61.0 60.0 
60.0 60.0 60.0 60.0 
70.0 63.0 64.0 63.0 
59.0 58.0 59.0 60.0 
59.0 59.0 60.0 60.0 
60.0 60.0 60.0 60.0 
70.0 63.0 64.0 65.0 
59.0 58.0 59.0 58.0 
59.0 59.0 60.0 60.0 
60.0 60.0 60.0 60.0 
69.0 63.0 64.0 64.0 
59.0 58.0 59.0 59.0 
59.0 59.0 60.0 60.0 
59.0 59.0 60.0 60.0 
69.0 62.0 64.0 64.0 
59.0 59.0 59.0 59.0 
59.0 59.0 60.0 60.0 
60.0 59.0 60.0 60.0 
69.0 63.0 63.0 64.0 
59.0 59.0 60.0 60.0 
58.0 59.0 62.0 60.0 
60.0 60.0 60.0 60.0 
70.0 63.0 64.0 64.0 
59.0 58.0 59.0 59.0 
59.0 60.0 60.0 61.0 
60.0 59.0 60.0 60.0 
70.0 63.0 63.0 63.0 
59.0 58.0 59.0 59.0 
59.0 59.0 60.0 61.0 
59.0 60.0 60.0 60.0 
69.0 63.0 64.0 63.0 
59.0 59.0 60.0 59.0 
59.0 59.0 60.0 60.0 
60.0 60.0 60.0 60.0 
69.0 63.0 63.0 64.0 
59.0 58.0 59.0 59.0 
59.0 59.0 59.0 61.0 
59.0 59.0 61.0 60.0 
69.0 62.0 64.0 64.0 
59.0 58.0 58.0 59.0 
59.0 59.0 60.0 61.0 
59.0 60.0 60.0 60.0 
70.0 63.0 63.0 64.0 
59.0 59.0 59.0 59.0 
60.0 59.0 60.0 60.0 
60.0 60.0 60.0 60.0 
70.0 63.0 63.0 64.0 
59.0 59.0 59.0 59.0 
59.0 59.0 60.0 60.0 
61.0 60.0 61.0 60.0 
69.0 63.0 63.0 64.0 
59.0 59.0 59.0 59.0 
59.0 59.0 60.0 60.0 
60.0 59.0 60.0 60.0 
69.0 62.0 63.0 64.0 
58.0 59.0 59.0 59.0 
60.0 59.0 60.0 59.0 
60.0 60.0 60.0 60.0 
69.0 63.0 64.0 64.0 
59.0 58.0 59.0 59.0 
59.0 59.0 60.0 60.0 
60.0 60.0 60.0 59.0 
69.0 63.0 63.0 64.0 
59.0 59.0 59.0 59.0 
59.0 59.0 60.0 60.0 
59.0 60.0 60.0 60.0 
68.0 63.0 63.0 64.0 
59.0 58.0 60.0 60.0 
59.0 59.0 61.0 60.0 
59.0 60.0 61.0 60.0 
70.0 63.0 64.0 64.0 
59.0 58.0 59.0 59.0 
59.0 59.0 60.0 60.0 
59.0 59.0 60.0 60.0 
69.0 62.0 62.0 64.0 
59.0 58.0 59.0 59.0 
59.0 59.0 59.0 60.0 
59.0 60.0 61.0 60.0 
69.0 62.0 64.0 64.0 
58.0 58.0 60.0 60.0 
58.0 59.0 60.0 60.0 
59.0 59.0 60.0 59.0 
68.0 63.0 63.0 63.0 
59.0 59.0 59.0 59.0 
59.0 59.0 60.0 60.0 
59.0 60.0 61.0 60.0 
68.0 63.0 63.0 64.0 
59.0 58.0 59.0 59.0 
59.0 59.0 59.0 60.0 
60.0 60.0 60.0 60.0 
69.0 62.0 64.0 64.0 
59.0 58.0 59.0 60.0 
59.0 59.0 60.0 60.0 
60.0 60.0 60.0 61.0 
68.0 63.0 64.0 64.0 
59.0 59.0 59.0 59.0 
59.0 59.0 61.0 60.0 
60.0 59.0 61.0 60.0 
69.0 63.0 63.0 63.0 
59.0 58.0 59.0 60.0 
59.0 59.0 60.0 59.0 
60.0 60.0 60.0 60.0 
69.0 63.0 63.0 64.0 
59.0 59.0 59.0 60.0 
59.0 60.0 60.0 60.0 
60.0 60.0 60.0 60.0 
69.0 62.0 64.0 64.0 
59.0 58.0 59.0 59.0 
59.0 59.0 60.0 61.0 
60.0 59.0 61.0 60.0 
69.0 63.0 63.0 64.0 
59.0 59.0 59.0 59.0 
59.0 59.0 61.0 59.0 
60.0 60.0 60.0 59.0 
70.0 62.0 63.0 64.0 
59.0 58.0 59.0 60.0 
59.0 58.0 60.0 60.0 
60.0 59.0 60.0 61.0 
69.0 63.0 62.0 64.0 
59.0 58.0 58.0 59.0 
59.0 60.0 60.0 60.0 
60.0 60.0 61.0 60.0 
69.0 63.0 63.0 63.0 
59.0 58.0 59.0 59.0 
59.0 59.0 60.0 60.0 
60.0 59.0 60.0 60.0 
68.0 63.0 63.0 64.0 
59.0 58.0 59.0 59.0 
59.0 59.0 61.0 60.0 
60.0 60.0 60.0 60.0 
68.0 62.0 63.0 63.0 
60.0 60.0 59.0 59.0 
59.0 59.0 61.0 60.0 
60.0 60.0 61.0 60.0 
68.0 62.0 63.0 64.0 
59.0 58.0 59.0 60.0 
59.0 59.0 61.0 60.0 
60.0 59.0 60.0 60.0 
67.0 63.0 64.0 64.0 
59.0 60.0 59.0 59.0 
59.0 59.0 59.0 60.0 
60.0 60.0 60.0 60.0 
68.0 63.0 63.0 64.0 
59.0 58.0 59.0 59.0 
59.0 59.0 60.0 60.0 
59.0 59.0 60.0 60.0 
68.0 63.0 64.0 64.0 
59.0 59.0 59.0 60.0 
59.0 59.0 60.0 60.0 
60.0 60.0 60.0 60.0 
68.0 62.0 63.0 65.0 
59.0 59.0 59.0 59.0 
59.0 59.0 60.0 60.0 
60.0 59.0 60.0 60.0 
68.0 62.0 62.0 64.0 
59.0 58.0 59.0 59.0 
58.0 60.0 60.0 61.0 
60.0 60.0 60.0 61.0 
69.0 63.0 63.0 64.0 
59.0 57.0 59.0 59.0 
59.0 59.0 60.0 61.0 
60.0 59.0 60.0 60.0 
68.0 62.0 63.0 63.0 
59.0 58.0 59.0 60.0 
58.0 59.0 60.0 60.0 
59.0 59.0 61.0 60.0 
68.0 63.0 63.0 64.0 
58.0 59.0 59.0 60.0 
59.0 60.0 60.0 60.0 
59.0 60.0 60.0 60.0 
69.0 62.0 63.0 64.0 
59.0 58.0 59.0 59.0 
59.0 59.0 61.0 60.0 
60.0 60.0 61.0 60.0 
68.0 62.0 62.0 64.0 
59.0 59.0 59.0 59.0 
59.0 59.0 60.0 60.0 
60.0 59.0 60.0 60.0 
68.0 62.0 63.0 64.0 
59.0 59.0 59.0 59.0 
59.0 59.0 60.0 60.0 
60.0 60.0 60.0 61.0 
68.0 63.0 64.0 64.0 
59.0 58.0 59.0 59.0 
59.0 59.0 60.0 60.0 
60.0 60.0 60.0 60.0 
68.0 62.0 64.0 64.0 
59.0 59.0 59.0 59.0 
59.0 59.0 60.0 60.0 
60.0 59.0 60.0 60.0 
68.0 62.0 64.0 64.0 
59.0 59.0 59.0 60.0 
59.0 59.0 61.0 60.0 
58.0 60.0 61.0 60.0 
68.0 63.0 63.0 64.0 
59.0 59.0 58.0 60.0 
59.0 59.0 60.0 60.0 
60.0 60.0 61.0 60.0 
68.0 62.0 64.0 64.0 
60.0 59.0 59.0 59.0 
59.0 59.0 60.0 61.0 
60.0 59.0 60.0 60.0 
68.0 62.0 63.0 64.0 
59.0 58.0 59.0 59.0 
59.0 59.0 59.0 60.0 
59.0 60.0 60.0 60.0 
68.0 62.0 63.0 65.0 
59.0 58.0 59.0 59.0 
59.0 58.0 60.0 60.0 
59.0 60.0 60.0 61.0 
68.0 62.0 62.0 63.0 
59.0 59.0 59.0 60.0 
59.0 59.0 59.0 60.0 
60.0 60.0 61.0 60.0 
68.0 62.0 63.0 64.0 
59.0 59.0 59.0 60.0 
59.0 60.0 60.0 60.0 
59.0 59.0 60.0 60.0 
68.0 63.0 63.0 64.0 
59.0 58.0 59.0 59.0 
59.0 59.0 60.0 61.0 
60.0 60.0 61.0 60.0 
69.0 62.0 63.0 64.0 
59.0 58.0 59.0 59.0 
59.0 59.0 60.0 60.0 
60.0 60.0 60.0 60.0 
68.0 63.0 63.0 64.0 
59.0 59.0 59.0 58.0 
60.0 59.0 60.0 60.0 
59.0 59.0 60.0 60.0 
68.0 63.0 64.0 64.0 
58.0 59.0 59.0 59.0 
59.0 58.0 60.0 61.0 
60.0 60.0 60.0 59.0 
69.0 62.0 63.0 64.0 
59.0 58.0 59.0 58.0 
58.0 59.0 60.0 60.0 
59.0 60.0 60.0 60.0 
69.0 62.0 63.0 64.0 
59.0 58.0 60.0 59.0 
59.0 59.0 60.0 60.0 
60.0 60.0 59.0 60.0 
69.0 62.0 63.0 64.0 
59.0 59.0 60.0 60.0 
59.0 59.0 60.0 61.0 
60.0 60.0 60.0 61.0 
68.0 63.0 63.0 63.0 
59.0 58.0 59.0 59.0 
59.0 60.0 60.0 60.0 
60.0 60.0 60.0 60.0 
69.0 62.0 63.0 64.0 
59.0 58.0 59.0 59.0 
59.0 59.0 60.0 60.0 
59.0 60.0 60.0 60.0 
69.0 62.0 63.0 65.0 
59.0 58.0 59.0 59.0 
59.0 59.0 60.0 60.0 
59.0 61.0 59.0 60.0 
68.0 62.0 64.0 63.0 
59.0 59.0 59.0 59.0 
59.0 59.0 62.0 60.0 
59.0 60.0 60.0 61.0 
68.0 63.0 62.0 64.0 
59.0 58.0 59.0 59.0 
59.0 59.0 60.0 60.0 
60.0 59.0 60.0 60.0 
68.0 62.0 64.0 64.0 
59.0 58.0 59.0 59.0 
59.0 59.0 60.0 60.0 
60.0 60.0 60.0 60.0 
68.0 62.0 63.0 64.0 
58.0 59.0 59.0 59.0 
58.0 59.0 60.0 60.0 
59.0 60.0 60.0 60.0 
68.0 62.0 63.0 64.0 
59.0 58.0 59.0 59.0 
59.0 59.0 61.0 60.0 
59.0 59.0 60.0 60.0 
69.0 63.0 64.0 64.0 
58.0 59.0 59.0 59.0 
58.0 59.0 60.0 60.0 
59.0 60.0 60.0 60.0 
69.0 62.0 64.0 64.0 
59.0 59.0 59.0 59.0 
59.0 59.0 60.0 60.0 
60.0 59.0 60.0 60.0 
70.0 63.0 64.0 64.0 
59.0 59.0 59.0 59.0 
59.0 59.0 60.0 61.0 
60.0 60.0 60.0 60.0 
68.0 62.0 63.0 64.0 
59.0 58.0 58.0 59.0 
59.0 59.0 60.0 60.0 
60.0 60.0 60.0 60.0 
68.0 63.0 63.0 64.0 
58.0 58.0 59.0 59.0 
60.0 59.0 60.0 60.0 
60.0 60.0 60.0 60.0 
69.0 63.0 63.0 64.0 
58.0 58.0 59.0 60.0 
58.0 58.0 60.0 61.0 
59.0 60.0 60.0 60.0 
69.0 63.0 64.0 65.0 
59.0 58.0 59.0 59.0 
60.0 59.0 60.0 60.0 
59.0 60.0 60.0 60.0 
70.0 63.0 65.0 64.0 
59.0 58.0 59.0 59.0 
59.0 59.0 60.0 60.0 
60.0 60.0 61.0 60.0 
69.0 63.0 64.0 64.0 
59.0 59.0 58.0 59.0 
58.0 60.0 60.0 61.0 
59.0 60.0 60.0 59.0 
69.0 63.0 64.0 64.0 
59.0 59.0 59.0 59.0 
60.0 59.0 60.0 60.0 
60.0 60.0 60.0 60.0 
70.0 63.0 64.0 64.0 
59.0 59.0 59.0 59.0 
59.0 59.0 60.0 60.0 
60.0 60.0 60.0 60.0 
70.0 63.0 64.0 65.0 
59.0 58.0 59.0 59.0 
59.0 59.0 59.0 60.0 
60.0 60.0 60.0 60.0 
70.0 63.0 64.0 64.0 
58.0 59.0 59.0 59.0 
59.0 59.0 60.0 60.0 
59.0 59.0 61.0 60.0 
69.0 63.0 63.0 64.0 
59.0 59.0 59.0 59.0 
60.0 58.0 60.0 60.0 
60.0 60.0 60.0 60.0 
69.0 63.0 64.0 64.0 
59.0 59.0 59.0 59.0 
59.0 59.0 61.0 61.0 
60.0 59.0 60.0 60.0 
69.0 63.0 64.0 64.0 
59.0 58.0 58.0 59.0 
59.0 59.0 60.0 60.0 
59.0 60.0 61.0 60.0 
68.0 63.0 63.0 64.0 
59.0 58.0 59.0 59.0 
59.0 59.0 60.0 60.0 
59.0 60.0 60.0 60.0 
70.0 62.0 63.0 64.0 
59.0 59.0 59.0 59.0 
59.0 59.0 60.0 60.0 
59.0 60.0 61.0 60.0 
69.0 63.0 63.0 64.0 
59.0 58.0 59.0 59.0 
58.0 58.0 60.0 61.0 
60.0 60.0 60.0 60.0 
70.0 62.0 63.0 64.0 
59.0 59.0 59.0 59.0 
59.0 59.0 60.0 60.0 
60.0 60.0 60.0 60.0 
69.0 62.0 63.0 64.0 
59.0 58.0 59.0 59.0 
59.0 59.0 60.0 61.0 
59.0 60.0 60.0 60.0 
69.0 63.0 63.0 64.0 
59.0 58.0 58.0 59.0 
59.0 59.0 61.0 60.0 
60.0 60.0 59.0 60.0 
69.0 62.0 64.0 64.0 
59.0 58.0 59.0 59.0 
59.0 59.0 60.0 60.0 
60.0 60.0 60.0 60.0 
69.0 63.0 63.0 64.0 
59.0 58.0 59.0 59.0 
59.0 59.0 59.0 61.0 
60.0 60.0 60.0 60.0 
69.0 62.0 63.0 64.0 
59.0 58.0 59.0 60.0 
59.0 60.0 60.0 60.0 
60.0 59.0 60.0 60.0 
68.0 63.0 63.0 64.0 
59.0 59.0 59.0 59.0 
60.0 59.0 60.0 60.0 
59.0 59.0 60.0 60.0 
69.0 62.0 64.0 64.0 
59.0 59.0 59.0 59.0 
59.0 59.0 60.0 60.0 
60.0 59.0 60.0 60.0 
68.0 63.0 64.0 64.0 
59.0 59.0 59.0 59.0 
59.0 59.0 60.0 60.0 
60.0 60.0 60.0 62.0 
68.0 62.0 64.0 64.0 
59.0 58.0 59.0 60.0 
59.0 59.0 60.0 60.0 
60.0 60.0 60.0 60.0 
68.0 63.0 64.0 64.0 
59.0 58.0 59.0 59.0 
58.0 59.0 60.0 60.0 
59.0 60.0 61.0 60.0 
68.0 62.0 63.0 65.0 
59.0 59.0 59.0 59.0 
59.0 59.0 60.0 60.0 
60.0 60.0 60.0 60.0 
68.0 62.0 63.0 65.0 
59.0 58.0 59.0 59.0 
59.0 59.0 60.0 60.0 
59.0 59.0 60.0 60.0 
68.0 63.0 63.0 64.0 
59.0 58.0 59.0 59.0 
59.0 60.0 61.0 60.0 
59.0 60.0 60.0 60.0 
68.0 62.0 64.0 65.0 
59.0 58.0 59.0 59.0 
59.0 59.0 60.0 60.0 
60.0 60.0 60.0 60.0 
68.0 63.0 64.0 64.0 
59.0 58.0 59.0 59.0 
59.0 59.0 61.0 60.0 
60.0 60.0 60.0 60.0 
68.0 62.0 63.0 63.0 
59.0 59.0 59.0 59.0 
59.0 58.0 60.0 60.0 
59.0 60.0 60.0 60.0 
68.0 63.0 63.0 64.0 
59.0 59.0 59.0 59.0 
59.0 59.0 61.0 60.0 
59.0 60.0 60.0 60.0 
67.0 62.0 63.0 64.0 
59.0 58.0 58.0 59.0 
59.0 58.0 59.0 60.0 
60.0 59.0 61.0 60.0 
67.0 62.0 63.0 64.0 
59.0 59.0 59.0 59.0 
59.0 59.0 59.0 60.0 
59.0 60.0 60.0 60.0 
68.0 63.0 63.0 64.0 
59.0 58.0 59.0 59.0 
59.0 60.0 60.0 60.0 
60.0 59.0 60.0 60.0 
68.0 62.0 63.0 64.0 
59.0 58.0 59.0 59.0 
58.0 60.0 60.0 60.0 
60.0 60.0 60.0 60.0 
68.0 62.0 63.0 64.0 
59.0 58.0 59.0 59.0 
58.0 59.0 60.0 60.0 
60.0 60.0 61.0 60.0 
68.0 63.0 64.0 64.0 
59.0 59.0 59.0 59.0 
59.0 60.0 60.0 60.0 
60.0 60.0 60.0 60.0 
68.0 62.0 64.0 64.0 
59.0 59.0 59.0 59.0 
59.0 59.0 60.0 60.0 
59.0 60.0 61.0 60.0 
68.0 62.0 64.0 64.0 
59.0 58.0 59.0 59.0 
59.0 59.0 60.0 60.0 
60.0 60.0 60.0 60.0 
68.0 62.0 63.0 64.0 
59.0 58.0 59.0 59.0 
59.0 59.0 60.0 60.0 
60.0 60.0 60.0 60.0 
68.0 63.0 63.0 64.0 
59.0 59.0 58.0 60.0 
59.0 58.0 59.0 60.0 
60.0 59.0 61.0 60.0 
67.0 62.0 63.0 63.0 
59.0 58.0 59.0 59.0 
59.0 59.0 60.0 60.0 
60.0 60.0 60.0 60.0 
67.0 62.0 62.0 64.0 
59.0 59.0 59.0 59.0 
59.0 59.0 59.0 60.0 
60.0 59.0 60.0 60.0 
68.0 62.0 64.0 64.0 
58.0 58.0 59.0 59.0 
59.0 58.0 60.0 60.0 
60.0 59.0 60.0 61.0 
68.0 62.0 63.0 65.0 
59.0 59.0 59.0 59.0 
59.0 59.0 60.0 60.0 
60.0 60.0 60.0 60.0 
68.0 62.0 63.0 64.0 
58.0 58.0 59.0 60.0 
59.0 58.0 61.0 60.0 
60.0 59.0 60.0 59.0 
68.0 63.0 64.0 64.0 
59.0 58.0 58.0 59.0 
59.0 60.0 60.0 60.0 
61.0 60.0 60.0 59.0 
68.0 63.0 64.0 65.0 
59.0 59.0 59.0 59.0 
59.0 59.0 60.0 60.0 
60.0 60.0 61.0 60.0 
68.0 63.0 64.0 64.0 
59.0 58.0 59.0 59.0 
59.0 58.0 61.0 60.0 
60.0 60.0 60.0 60.0 
68.0 62.0 64.0 64.0 
59.0 58.0 60.0 59.0 
59.0 59.0 60.0 60.0 
60.0 59.0 60.0 60.0 
68.0 63.0 64.0 64.0 
59.0 58.0 59.0 59.0 
59.0 59.0 60.0 61.0 
59.0 59.0 60.0 60.0 
68.0 62.0 64.0 64.0 
59.0 58.0 59.0 59.0 
59.0 59.0 60.0 60.0 
60.0 60.0 60.0 60.0 
67.0 62.0 64.0 64.0 
59.0 58.0 59.0 59.0 
59.0 59.0 59.0 60.0 
59.0 60.0 60.0 60.0 
67.0 63.0 63.0 64.0 
59.0 58.0 59.0 59.0 
59.0 59.0 59.0 61.0 
60.0 59.0 59.0 60.0 
69.0 62.0 63.0 64.0 
59.0 58.0 59.0 60.0 
59.0 58.0 61.0 60.0 
60.0 59.0 60.0 60.0 
68.0 62.0 64.0 63.0 
59.0 58.0 59.0 59.0 
59.0 59.0 60.0 60.0 
60.0 59.0 60.0 60.0 
67.0 62.0 64.0 64.0 
59.0 58.0 59.0 59.0 
59.0 59.0 59.0 60.0 
60.0 60.0 60.0 61.0 
68.0 62.0 63.0 64.0 
59.0 58.0 59.0 59.0 
59.0 59.0 60.0 60.0 
59.0 59.0 60.0 59.0 
67.0 62.0 63.0 63.0 
59.0 58.0 59.0 59.0 
59.0 60.0 60.0 60.0 
60.0 60.0 60.0 60.0 
68.0 63.0 63.0 64.0 
59.0 58.0 59.0 59.0 
59.0 58.0 60.0 60.0 
60.0 60.0 60.0 60.0 
67.0 63.0 63.0 64.0 
59.0 58.0 59.0 59.0 
60.0 58.0 60.0 61.0 
60.0 60.0 60.0 60.0 
67.0 62.0 63.0 64.0 
59.0 58.0 58.0 59.0 
58.0 60.0 60.0 60.0 
59.0 60.0 60.0 60.0 
67.0 62.0 64.0 64.0 
59.0 59.0 59.0 59.0 
59.0 57.0 58.0 60.0 
60.0 59.0 60.0 60.0 
67.0 62.0 63.0 63.0 
59.0 58.0 59.0 59.0 
59.0 58.0 59.0 60.0 
60.0 60.0 60.0 60.0 
66.0 62.0 64.0 64.0 
59.0 59.0 59.0 60.0 
59.0 59.0 60.0 60.0 
59.0 59.0 60.0 60.0 
67.0 62.0 64.0 64.0 
59.0 59.0 59.0 59.0 
60.0 58.0 60.0 60.0 
60.0 60.0 60.0 60.0 
66.0 62.0 64.0 64.0 
60.0 59.0 59.0 59.0 
58.0 60.0 59.0 60.0 
60.0 59.0 60.0 60.0 
68.0 62.0 64.0 64.0 
59.0 59.0 58.0 59.0 
59.0 59.0 60.0 60.0 
60.0 60.0 60.0 60.0 
66.0 62.0 63.0 64.0 
59.0 58.0 59.0 59.0 
58.0 59.0 59.0 60.0 
60.0 60.0 60.0 59.0 
67.0 62.0 64.0 64.0 
59.0 58.0 58.0 59.0 
59.0 59.0 59.0 60.0 
60.0 60.0 60.0 60.0 
67.0 62.0 64.0 64.0 
60.0 58.0 59.0 59.0 
59.0 58.0 60.0 60.0 
59.0 60.0 60.0 60.0 
66.0 62.0 64.0 64.0 
59.0 58.0 59.0 59.0 
59.0 59.0 60.0 60.0 
60.0 60.0 60.0 60.0 
67.0 63.0 64.0 63.0 
59.0 58.0 58.0 59.0 
59.0 58.0 60.0 60.0 
60.0 60.0 60.0 60.0 
67.0 62.0 63.0 64.0 
59.0 58.0 59.0 60.0 
59.0 59.0 60.0 61.0 
61.0 60.0 60.0 60.0 
67.0 62.0 64.0 64.0 
59.0 58.0 60.0 59.0 
59.0 60.0 60.0 59.0 
60.0 59.0 60.0 59.0 
68.0 62.0 63.0 64.0 
59.0 58.0 59.0 59.0 
58.0 59.0 60.0 61.0 
60.0 60.0 60.0 60.0 
67.0 62.0 64.0 64.0 
59.0 59.0 59.0 59.0 
59.0 59.0 59.0 60.0 
60.0 59.0 60.0 60.0 
67.0 62.0 64.0 64.0 
59.0 58.0 59.0 59.0 
59.0 59.0 59.0 61.0 
60.0 59.0 60.0 60.0 
68.0 62.0 64.0 64.0 
59.0 59.0 60.0 59.0 
59.0 58.0 60.0 60.0 
60.0 60.0 60.0 61.0 
67.0 62.0 64.0 64.0 
59.0 59.0 58.0 59.0 
59.0 59.0 59.0 60.0 
60.0 60.0 60.0 60.0 
68.0 62.0 64.0 64.0 
59.0 58.0 59.0 60.0 
59.0 59.0 60.0 61.0 
60.0 60.0 61.0 60.0 
67.0 63.0 64.0 64.0 
59.0 59.0 59.0 59.0 
60.0 58.0 59.0 60.0 
60.0 59.0 61.0 60.0 
68.0 62.0 64.0 64.0 
59.0 58.0 59.0 60.0 
58.0 60.0 59.0 60.0 
60.0 60.0 61.0 60.0 
68.0 63.0 64.0 64.0 
59.0 58.0 59.0 59.0 
59.0 59.0 61.0 60.0 
60.0 59.0 59.0 60.0 
68.0 63.0 64.0 65.0 
59.0 58.0 59.0 59.0 
59.0 59.0 61.0 60.0 
60.0 59.0 60.0 60.0 
68.0 63.0 64.0 64.0 
59.0 58.0 59.0 59.0 
59.0 60.0 60.0 60.0 
61.0 60.0 60.0 59.0 
68.0 62.0 64.0 64.0 
59.0 58.0 59.0 59.0 
59.0 59.0 60.0 60.0 
60.0 59.0 61.0 60.0 
68.0 62.0 64.0 64.0 
59.0 59.0 60.0 59.0 
59.0 59.0 59.0 60.0 
60.0 59.0 60.0 60.0 
68.0 63.0 65.0 65.0 
59.0 58.0 59.0 59.0 
59.0 59.0 60.0 60.0 
59.0 60.0 60.0 60.0 
67.0 63.0 64.0 64.0 
58.0 58.0 59.0 59.0 
59.0 59.0 59.0 60.0 
60.0 60.0 60.0 60.0 
68.0 63.0 64.0 64.0 
59.0 58.0 59.0 59.0 
59.0 59.0 60.0 60.0 
59.0 60.0 60.0 60.0 
68.0 63.0 64.0 65.0 
59.0 58.0 59.0 59.0 
59.0 59.0 60.0 60.0 
59.0 60.0 60.0 60.0 
67.0 62.0 64.0 65.0 
59.0 58.0 59.0 60.0 
59.0 59.0 59.0 60.0 
60.0 60.0 60.0 60.0 
68.0 63.0 65.0 65.0 
59.0 58.0 59.0 59.0 
59.0 59.0 60.0 60.0 
60.0 59.0 61.0 60.0 
68.0 63.0 64.0 64.0 
59.0 58.0 59.0 59.0 
59.0 59.0 60.0 60.0 
59.0 60.0 60.0 60.0 
68.0 62.0 65.0 65.0 
59.0 58.0 58.0 59.0 
59.0 58.0 60.0 60.0 
60.0 60.0 61.0 60.0 
67.0 63.0 64.0 64.0 
59.0 58.0 58.0 59.0 
59.0 58.0 59.0 60.0 
59.0 60.0 59.0 60.0 
69.0 63.0 64.0 65.0 
59.0 58.0 59.0 59.0 
58.0 58.0 61.0 60.0 
59.0 60.0 60.0 60.0 
67.0 63.0 64.0 65.0 
59.0 58.0 59.0 59.0 
59.0 59.0 59.0 59.0 
60.0 60.0 60.0 60.0 
68.0 62.0 64.0 64.0 
59.0 58.0 58.0 60.0 
58.0 59.0 60.0 61.0 
60.0 60.0 60.0 60.0 
68.0 63.0 65.0 65.0 
59.0 58.0 59.0 59.0 
59.0 59.0 59.0 60.0 
60.0 59.0 60.0 61.0 
67.0 63.0 64.0 64.0 
58.0 59.0 58.0 59.0 
59.0 58.0 59.0 59.0 
59.0 60.0 60.0 60.0 
67.0 63.0 65.0 65.0 
59.0 59.0 59.0 59.0 
59.0 59.0 60.0 60.0 
60.0 60.0 59.0 60.0 
68.0 63.0 65.0 64.0 
59.0 59.0 59.0 59.0 
59.0 59.0 59.0 60.0 
60.0 59.0 60.0 60.0 
68.0 62.0 64.0 65.0 
59.0 58.0 59.0 60.0 
59.0 59.0 61.0 60.0 
60.0 60.0 60.0 60.0 
67.0 62.0 64.0 65.0 
59.0 59.0 60.0 59.0 
59.0 59.0 60.0 60.0 
60.0 60.0 60.0 59.0 
67.0 62.0 64.0 65.0 
59.0 58.0 59.0 59.0 
59.0 59.0 59.0 60.0 
60.0 59.0 60.0 60.0 
66.0 63.0 64.0 65.0 
59.0 59.0 59.0 60.0 
59.0 59.0 59.0 60.0 
60.0 59.0 60.0 60.0 
67.0 63.0 64.0 64.0 
59.0 58.0 59.0 59.0 
59.0 59.0 59.0 60.0 
60.0 59.0 60.0 59.0 
66.0 62.0 65.0 65.0 
59.0 58.0 59.0 60.0 
60.0 59.0 60.0 60.0 
59.0 60.0 60.0 60.0 
66.0 63.0 65.0 65.0 
59.0 58.0 59.0 59.0 
59.0 58.0 60.0 60.0 
60.0 59.0 60.0 60.0 
67.0 62.0 64.0 65.0 
59.0 58.0 59.0 59.0 
58.0 58.0 59.0 60.0 
60.0 60.0 60.0 60.0 
67.0 63.0 64.0 65.0 
59.0 59.0 58.0 59.0 
59.0 59.0 60.0 60.0 
60.0 59.0 60.0 60.0 
67.0 62.0 65.0 64.0 
59.0 59.0 59.0 59.0 
59.0 58.0 59.0 60.0 
60.0 59.0 60.0 60.0 
67.0 62.0 64.0 65.0 
59.0 58.0 59.0 60.0 
59.0 59.0 59.0 60.0 
60.0 59.0 60.0 60.0 
67.0 63.0 65.0 65.0 
59.0 59.0 59.0 59.0 
59.0 58.0 59.0 60.0 
60.0 59.0 60.0 60.0 
67.0 63.0 65.0 65.0 
59.0 58.0 59.0 59.0 
59.0 59.0 60.0 60.0 
59.0 60.0 60.0 60.0 
66.0 62.0 65.0 64.0 
59.0 58.0 59.0 59.0 
59.0 59.0 60.0 60.0 
60.0 59.0 60.0 60.0 
67.0 62.0 65.0 65.0 
59.0 59.0 59.0 59.0 
59.0 58.0 59.0 59.0 
59.0 59.0 60.0 60.0 
67.0 62.0 64.0 64.0 
59.0 58.0 59.0 59.0 
59.0 59.0 59.0 60.0 
60.0 60.0 60.0 59.0 
67.0 63.0 65.0 64.0 
59.0 59.0 58.0 59.0 
59.0 59.0 59.0 60.0 
60.0 60.0 60.0 59.0 
67.0 63.0 64.0 65.0 
59.0 58.0 59.0 59.0 
59.0 59.0 59.0 60.0 
59.0 60.0 60.0 60.0 
66.0 63.0 64.0 64.0 
59.0 58.0 59.0 59.0 
59.0 59.0 59.0 60.0 
60.0 59.0 60.0 60.0 
67.0 62.0 64.0 65.0 
58.0 59.0 58.0 59.0 
59.0 58.0 59.0 60.0 
60.0 60.0 61.0 60.0 
67.0 62.0 65.0 64.0 
59.0 58.0 59.0 59.0 
59.0 58.0 59.0 60.0 
60.0 60.0 60.0 60.0 
67.0 63.0 65.0 64.0 
59.0 59.0 58.0 58.0 
59.0 59.0 59.0 60.0 
60.0 60.0 59.0 60.0 
68.0 62.0 65.0 65.0 
59.0 58.0 59.0 58.0 
59.0 59.0 60.0 60.0 
60.0 59.0 60.0 60.0 
68.0 63.0 65.0 64.0 
59.0 58.0 58.0 59.0 
59.0 59.0 60.0 60.0 
60.0 60.0 60.0 60.0 
67.0 62.0 64.0 65.0 
59.0 58.0 59.0 59.0 
58.0 59.0 60.0 60.0 
60.0 60.0 61.0 60.0 
67.0 63.0 65.0 64.0 
58.0 58.0 60.0 59.0 
59.0 59.0 59.0 60.0 
60.0 60.0 60.0 60.0 
67.0 62.0 64.0 64.0 
59.0 59.0 59.0 59.0 
59.0 59.0 59.0 60.0 
59.0 60.0 60.0 60.0 
67.0 63.0 64.0 65.0 
60.0 58.0 59.0 59.0 
59.0 59.0 60.0 60.0 
59.0 60.0 60.0 60.0 
66.0 63.0 64.0 65.0 
59.0 59.0 59.0 59.0 
59.0 59.0 60.0 60.0 
60.0 60.0 60.0 60.0 
67.0 63.0 64.0 65.0 
59.0 58.0 59.0 59.0 
58.0 59.0 60.0 60.0 
60.0 60.0 60.0 60.0 
66.0 62.0 64.0 63.0 
59.0 58.0 59.0 58.0 
58.0 58.0 59.0 60.0 
60.0 59.0 61.0 60.0 
67.0 63.0 64.0 64.0 
59.0 58.0 59.0 59.0 
59.0 59.0 59.0 60.0 
60.0 60.0 60.0 60.0 
66.0 62.0 65.0 65.0 
59.0 58.0 59.0 59.0 
59.0 59.0 60.0 60.0 
60.0 59.0 60.0 60.0 
67.0 63.0 65.0 64.0 
59.0 58.0 59.0 59.0 
58.0 59.0 59.0 60.0 
60.0 60.0 60.0 61.0 
68.0 63.0 65.0 65.0 
59.0 58.0 59.0 59.0 
59.0 60.0 60.0 60.0 
60.0 59.0 60.0 60.0 
68.0 63.0 65.0 64.0 
59.0 58.0 60.0 59.0 
59.0 59.0 60.0 60.0 
60.0 59.0 61.0 60.0 
66.0 62.0 65.0 64.0 
59.0 59.0 59.0 59.0 
60.0 59.0 59.0 60.0 
60.0 59.0 60.0 60.0 
66.0 62.0 64.0 64.0 
60.0 58.0 59.0 59.0 
59.0 59.0 60.0 60.0 
59.0 60.0 60.0 60.0 
66.0 62.0 65.0 64.0 
59.0 58.0 59.0 60.0 
59.0 59.0 59.0 60.0 
59.0 59.0 60.0 60.0 
66.0 62.0 64.0 64.0 
59.0 58.0 59.0 59.0 
58.0 58.0 60.0 60.0 
59.0 59.0 60.0 60.0 
68.0 63.0 65.0 64.0 
59.0 59.0 59.0 59.0 
58.0 59.0 60.0 60.0 
60.0 60.0 60.0 60.0 
66.0 63.0 65.0 64.0 
59.0 58.0 59.0 59.0 
59.0 58.0 59.0 60.0 
59.0 60.0 60.0 60.0 
66.0 63.0 65.0 65.0 
58.0 59.0 59.0 59.0 
59.0 60.0 59.0 60.0 
59.0 59.0 60.0 60.0 
67.0 62.0 65.0 64.0 
59.0 58.0 59.0 59.0 
59.0 59.0 59.0 60.0 
60.0 60.0 60.0 61.0 
67.0 63.0 65.0 64.0 
59.0 59.0 58.0 59.0 
59.0 59.0 59.0 60.0 
59.0 60.0 60.0 60.0 
67.0 62.0 64.0 65.0 
59.0 58.0 59.0 58.0 
59.0 59.0 59.0 60.0 
60.0 60.0 60.0 59.0 
67.0 63.0 65.0 64.0 
59.0 59.0 59.0 58.0 
60.0 59.0 59.0 60.0 
59.0 60.0 60.0 60.0 
67.0 63.0 64.0 64.0 
59.0 59.0 59.0 59.0 
58.0 59.0 59.0 60.0 
59.0 59.0 60.0 60.0 
68.0 62.0 64.0 64.0 
59.0 58.0 59.0 59.0 
59.0 59.0 61.0 60.0 
59.0 60.0 60.0 59.0 
68.0 63.0 64.0 65.0 
60.0 59.0 59.0 59.0 
59.0 59.0 60.0 60.0 
59.0 60.0 60.0 60.0 
68.0 62.0 65.0 64.0 
59.0 58.0 59.0 59.0 
59.0 60.0 60.0 60.0 
59.0 59.0 60.0 60.0 
68.0 63.0 64.0 63.0 
59.0 59.0 58.0 59.0 
59.0 58.0 60.0 60.0 
60.0 59.0 60.0 60.0 
68.0 63.0 64.0 64.0 
59.0 58.0 59.0 59.0 
58.0 59.0 60.0 60.0 
60.0 60.0 60.0 60.0 
68.0 63.0 64.0 64.0 
59.0 58.0 59.0 59.0 
59.0 59.0 60.0 61.0 
60.0 59.0 60.0 60.0 
67.0 62.0 64.0 64.0 
59.0 58.0 59.0 59.0 
59.0 58.0 59.0 60.0 
59.0 60.0 60.0 60.0 
68.0 62.0 64.0 64.0 
59.0 59.0 59.0 59.0 
59.0 59.0 60.0 60.0 
60.0 60.0 60.0 60.0 
68.0 62.0 64.0 64.0 
59.0 58.0 60.0 59.0 
59.0 59.0 61.0 60.0 
60.0 60.0 61.0 60.0 
68.0 63.0 64.0 64.0 
59.0 59.0 59.0 59.0 
59.0 59.0 60.0 61.0 
59.0 60.0 60.0 60.0 
68.0 63.0 64.0 64.0 
59.0 59.0 58.0 59.0 
59.0 60.0 60.0 60.0 
60.0 60.0 60.0 59.0 
68.0 63.0 64.0 64.0 
59.0 58.0 60.0 59.0 
59.0 59.0 60.0 60.0 
60.0 59.0 60.0 60.0 
67.0 62.0 64.0 64.0 
59.0 58.0 59.0 59.0 
59.0 59.0 59.0 60.0 
60.0 59.0 60.0 60.0 
67.0 63.0 64.0 65.0 
59.0 58.0 59.0 59.0 
59.0 59.0 59.0 60.0 
59.0 60.0 60.0 60.0 
68.0 62.0 64.0 64.0 
59.0 59.0 59.0 59.0 
59.0 59.0 60.0 60.0 
59.0 60.0 60.0 60.0 
68.0 62.0 64.0 64.0 
59.0 58.0 59.0 59.0 
58.0 59.0 61.0 60.0 
60.0 59.0 60.0 60.0 
67.0 63.0 64.0 64.0 
59.0 59.0 59.0 59.0 
59.0 58.0 59.0 59.0 
59.0 60.0 60.0 60.0 
68.0 63.0 64.0 64.0 
59.0 58.0 59.0 59.0 
60.0 59.0 61.0 60.0 
59.0 60.0 60.0 60.0 
67.0 63.0 64.0 64.0 
59.0 58.0 60.0 59.0 
59.0 59.0 59.0 60.0 
60.0 59.0 60.0 59.0 
68.0 62.0 65.0 65.0 
59.0 58.0 59.0 59.0 
58.0 59.0 60.0 60.0 
60.0 60.0 60.0 61.0 
67.0 64.0 64.0 64.0 
59.0 58.0 59.0 59.0 
59.0 59.0 60.0 60.0 
59.0 59.0 60.0 60.0 
67.0 63.0 64.0 64.0 
59.0 58.0 59.0 59.0 
59.0 59.0 60.0 59.0 
59.0 60.0 60.0 60.0 
67.0 62.0 64.0 64.0 
59.0 59.0 58.0 59.0 
58.0 59.0 60.0 60.0 
60.0 60.0 60.0 60.0 
67.0 63.0 64.0 65.0 
59.0 58.0 59.0 59.0 
58.0 59.0 59.0 60.0 
60.0 59.0 60.0 60.0 
66.0 62.0 65.0 65.0 
59.0 59.0 59.0 60.0 
58.0 58.0 59.0 61.0 
60.0 60.0 60.0 60.0 
68.0 64.0 65.0 65.0 
59.0 58.0 59.0 59.0 
59.0 59.0 60.0 60.0 
60.0 60.0 60.0 60.0 
68.0 62.0 65.0 64.0 
59.0 59.0 59.0 59.0 
59.0 60.0 60.0 61.0 
59.0 59.0 60.0 60.0 
68.0 63.0 65.0 64.0 
58.0 58.0 60.0 59.0 
59.0 59.0 61.0 60.0 
59.0 60.0 61.0 60.0 
67.0 62.0 65.0 64.0 
59.0 58.0 59.0 60.0 
59.0 58.0 59.0 60.0 
59.0 59.0 60.0 60.0 
67.0 63.0 65.0 64.0 
59.0 59.0 59.0 59.0 
58.0 59.0 59.0 60.0 
59.0 60.0 60.0 60.0 
68.0 63.0 65.0 64.0 
59.0 58.0 59.0 58.0 
59.0 59.0 60.0 60.0 
60.0 60.0 60.0 59.0 
67.0 63.0 65.0 64.0 
59.0 58.0 59.0 59.0 
59.0 59.0 60.0 59.0 
59.0 60.0 60.0 60.0 
69.0 62.0 65.0 64.0 
59.0 58.0 59.0 59.0 
59.0 59.0 61.0 60.0 
60.0 60.0 60.0 60.0 
67.0 63.0 64.0 64.0 
59.0 59.0 59.0 59.0 
59.0 60.0 59.0 59.0 
60.0 60.0 60.0 60.0 
68.0 62.0 64.0 64.0 
59.0 59.0 59.0 59.0 
59.0 59.0 60.0 60.0 
60.0 60.0 61.0 60.0 
67.0 62.0 64.0 64.0 
59.0 59.0 59.0 59.0 
59.0 59.0 59.0 60.0 
60.0 60.0 60.0 60.0 
67.0 63.0 64.0 64.0 
59.0 59.0 59.0 60.0 
59.0 59.0 59.0 60.0 
59.0 60.0 60.0 60.0 
67.0 63.0 64.0 64.0 
59.0 59.0 59.0 59.0 
59.0 59.0 59.0 61.0 
60.0 60.0 60.0 60.0 
67.0 62.0 65.0 64.0 
59.0 59.0 59.0 59.0 
59.0 59.0 60.0 60.0 
60.0 59.0 60.0 60.0 
67.0 63.0 64.0 64.0 
59.0 58.0 59.0 59.0 
59.0 59.0 59.0 60.0 
60.0 60.0 60.0 60.0 
67.0 63.0 65.0 64.0 
59.0 58.0 59.0 59.0 
59.0 59.0 60.0 60.0 
60.0 59.0 59.0 60.0 
67.0 62.0 65.0 64.0 
59.0 59.0 59.0 59.0 
59.0 59.0 59.0 60.0 
60.0 59.0 60.0 60.0 
68.0 62.0 64.0 64.0 
59.0 58.0 59.0 60.0 
58.0 60.0 60.0 60.0 
60.0 59.0 60.0 60.0 
67.0 62.0 64.0 64.0 
59.0 59.0 59.0 59.0 
59.0 59.0 60.0 61.0 
60.0 60.0 60.0 60.0 
67.0 62.0 65.0 64.0 
59.0 59.0 59.0 60.0 
59.0 59.0 59.0 60.0 
60.0 59.0 60.0 60.0 
67.0 63.0 65.0 64.0 
60.0 58.0 59.0 59.0 
60.0 59.0 59.0 60.0 
60.0 59.0 60.0 60.0 
67.0 62.0 64.0 64.0 
59.0 58.0 58.0 59.0 
59.0 59.0 59.0 60.0 
60.0 60.0 60.0 60.0 
67.0 62.0 65.0 65.0 
58.0 58.0 59.0 59.0 
60.0 59.0 60.0 60.0 
60.0 61.0 60.0 60.0 
67.0 63.0 64.0 64.0 
59.0 58.0 59.0 59.0 
60.0 59.0 59.0 60.0 
60.0 60.0 60.0 59.0 
67.0 62.0 65.0 64.0 
59.0 58.0 59.0 59.0 
59.0 59.0 59.0 60.0 
60.0 59.0 61.0 60.0 
67.0 62.0 65.0 65.0 
59.0 59.0 58.0 59.0 
58.0 59.0 59.0 60.0 
60.0 60.0 60.0 60.0 
67.0 62.0 64.0 64.0 
59.0 58.0 59.0 59.0 
59.0 58.0 60.0 60.0 
59.0 60.0 60.0 60.0 
67.0 62.0 65.0 64.0 
59.0 58.0 59.0 59.0 
59.0 59.0 59.0 60.0 
59.0 60.0 60.0 59.0 
67.0 63.0 65.0 65.0 
59.0 59.0 59.0 59.0 
59.0 59.0 59.0 60.0 
60.0 59.0 60.0 60.0 
67.0 62.0 65.0 64.0 
59.0 58.0 59.0 59.0 
59.0 59.0 60.0 60.0 
60.0 60.0 61.0 60.0 
68.0 62.0 65.0 63.0 
59.0 59.0 58.0 59.0 
58.0 59.0 60.0 61.0 
60.0 60.0 60.0 60.0 
68.0 62.0 65.0 64.0 
59.0 58.0 59.0 59.0 
59.0 59.0 60.0 60.0 
59.0 59.0 60.0 60.0 
68.0 63.0 65.0 64.0 
59.0 59.0 59.0 59.0 
59.0 60.0 60.0 61.0 
59.0 60.0 60.0 59.0 
68.0 63.0 64.0 64.0 
59.0 58.0 58.0 59.0 
59.0 60.0 60.0 60.0 
59.0 60.0 60.0 60.0 
68.0 62.0 65.0 65.0 
59.0 58.0 59.0 59.0 
58.0 59.0 60.0 60.0 
60.0 60.0 60.0 60.0 
68.0 63.0 64.0 65.0 
59.0 59.0 59.0 59.0 
59.0 59.0 60.0 60.0 
60.0 60.0 60.0 59.0 
68.0 63.0 65.0 64.0 
59.0 59.0 59.0 59.0 
58.0 59.0 60.0 60.0 
59.0 60.0 59.0 60.0 
68.0 63.0 65.0 64.0 
59.0 58.0 58.0 59.0 
59.0 59.0 60.0 60.0 
59.0 60.0 60.0 60.0 
68.0 62.0 65.0 65.0 
59.0 58.0 59.0 59.0 
59.0 59.0 60.0 60.0 
59.0 59.0 60.0 60.0 
68.0 63.0 65.0 64.0 
59.0 59.0 59.0 60.0 
59.0 60.0 60.0 60.0 
60.0 60.0 60.0 60.0 
67.0 63.0 65.0 64.0 
59.0 58.0 59.0 59.0 
59.0 59.0 60.0 61.0 
59.0 59.0 60.0 60.0 
68.0 63.0 64.0 64.0 
58.0 58.0 59.0 59.0 
59.0 59.0 60.0 60.0 
60.0 59.0 60.0 60.0 
69.0 63.0 65.0 64.0 
59.0 59.0 59.0 59.0 
58.0 59.0 60.0 60.0 
59.0 59.0 60.0 60.0 
69.0 62.0 66.0 64.0 
59.0 59.0 59.0 59.0 
58.0 59.0 59.0 60.0 
59.0 59.0 61.0 60.0 
69.0 62.0 64.0 64.0 
59.0 58.0 58.0 59.0 
58.0 58.0 60.0 61.0 
60.0 59.0 60.0 59.0 
68.0 63.0 64.0 64.0 
58.0 58.0 59.0 59.0 
59.0 59.0 60.0 59.0 
59.0 59.0 60.0 60.0 
68.0 63.0 65.0 65.0 
59.0 58.0 59.0 59.0 
59.0 59.0 60.0 60.0 
60.0 60.0 60.0 60.0 
68.0 62.0 65.0 64.0 
59.0 59.0 59.0 59.0 
59.0 59.0 60.0 60.0 
59.0 60.0 60.0 60.0 
68.0 63.0 65.0 64.0 
59.0 58.0 59.0 59.0 
59.0 59.0 60.0 60.0 
59.0 59.0 60.0 59.0 
68.0 63.0 64.0 65.0 
59.0 59.0 59.0 59.0 
59.0 59.0 60.0 60.0 
62.0 60.0 60.0 60.0 
68.0 63.0 64.0 64.0 
58.0 58.0 59.0 59.0 
60.0 59.0 60.0 60.0 
59.0 59.0 60.0 60.0 
68.0 62.0 65.0 64.0 
59.0 58.0 58.0 59.0 
59.0 59.0 60.0 60.0 
60.0 59.0 60.0 60.0 
68.0 62.0 65.0 65.0 
59.0 59.0 59.0 59.0 
59.0 59.0 60.0 60.0 
60.0 60.0 60.0 60.0 
67.0 63.0 64.0 64.0 
59.0 57.0 59.0 59.0 
59.0 58.0 60.0 60.0 
60.0 59.0 60.0 60.0 
68.0 63.0 65.0 65.0 
60.0 58.0 59.0 59.0 
59.0 58.0 60.0 60.0 
59.0 60.0 60.0 60.0 
68.0 62.0 65.0 64.0 
59.0 58.0 59.0 59.0 
58.0 59.0 60.0 60.0 
58.0 60.0 60.0 60.0 
67.0 63.0 65.0 64.0 
59.0 58.0 59.0 59.0 
59.0 59.0 59.0 60.0 
59.0 59.0 59.0 60.0 
67.0 63.0 64.0 64.0 
59.0 59.0 59.0 59.0 
59.0 60.0 60.0 60.0 
60.0 59.0 59.0 60.0 
68.0 62.0 65.0 64.0 
59.0 58.0 58.0 59.0 
59.0 59.0 59.0 60.0 
60.0 60.0 60.0 60.0 
68.0 62.0 65.0 64.0 
59.0 59.0 59.0 59.0 
59.0 58.0 60.0 59.0 
59.0 60.0 60.0 60.0 
68.0 62.0 65.0 64.0 
58.0 58.0 58.0 59.0 
59.0 59.0 60.0 60.0 
59.0 60.0 60.0 60.0 
67.0 63.0 65.0 65.0 
59.0 58.0 59.0 59.0 
59.0 59.0 59.0 60.0 
60.0 60.0 60.0 60.0 
68.0 63.0 64.0 64.0 
59.0 59.0 59.0 59.0 
59.0 59.0 60.0 60.0 
60.0 60.0 60.0 60.0 
68.0 63.0 64.0 65.0 
59.0 58.0 59.0 59.0 
58.0 59.0 60.0 60.0 
59.0 59.0 60.0 60.0 
67.0 62.0 64.0 65.0 
59.0 58.0 59.0 59.0 
59.0 58.0 59.0 60.0 
60.0 60.0 61.0 60.0 
68.0 63.0 65.0 64.0 
59.0 59.0 59.0 59.0 
59.0 60.0 60.0 60.0 
60.0 59.0 60.0 60.0 
68.0 63.0 64.0 65.0 
59.0 59.0 59.0 59.0 
59.0 59.0 60.0 60.0 
60.0 60.0 60.0 59.0 
68.0 63.0 65.0 64.0 
59.0 58.0 59.0 58.0 
58.0 59.0 60.0 60.0 
60.0 60.0 60.0 59.0 
68.0 63.0 64.0 64.0 
59.0 59.0 58.0 59.0 
59.0 59.0 60.0 60.0 
60.0 60.0 60.0 60.0 
68.0 62.0 65.0 64.0 
59.0 58.0 59.0 59.0 
59.0 59.0 60.0 61.0 
60.0 59.0 60.0 60.0 
68.0 62.0 65.0 64.0 
59.0 58.0 59.0 59.0 
59.0 59.0 60.0 60.0 
60.0 59.0 60.0 60.0 
68.0 62.0 65.0 65.0 
59.0 58.0 59.0 59.0 
59.0 59.0 59.0 60.0 
59.0 60.0 60.0 60.0 
68.0 62.0 65.0 65.0 
59.0 58.0 59.0 59.0 
59.0 60.0 60.0 60.0 
59.0 60.0 60.0 60.0 
67.0 63.0 65.0 65.0 
59.0 58.0 59.0 60.0 
58.0 59.0 59.0 60.0 
60.0 59.0 60.0 60.0 
68.0 62.0 65.0 64.0 
59.0 59.0 59.0 59.0 
59.0 59.0 60.0 60.0 
61.0 59.0 60.0 60.0 
68.0 62.0 65.0 64.0 
59.0 58.0 59.0 59.0 
59.0 59.0 60.0 60.0 
60.0 60.0 60.0 60.0 
68.0 63.0 64.0 65.0 
59.0 58.0 59.0 59.0 
58.0 59.0 61.0 60.0 
60.0 60.0 61.0 60.0 
67.0 63.0 65.0 65.0 
59.0 58.0 59.0 59.0 
59.0 58.0 60.0 60.0 
59.0 60.0 60.0 60.0 
68.0 62.0 65.0 63.0 
59.0 58.0 59.0 59.0 
59.0 59.0 60.0 60.0 
60.0 60.0 60.0 60.0 
68.0 62.0 66.0 64.0 
59.0 58.0 59.0 59.0 
59.0 59.0 60.0 60.0 
60.0 60.0 61.0 60.0 
67.0 64.0 64.0 65.0 
59.0 58.0 59.0 59.0 
59.0 59.0 60.0 60.0 
59.0 60.0 59.0 60.0 
68.0 62.0 65.0 65.0 
59.0 58.0 59.0 59.0 
59.0 60.0 60.0 60.0 
60.0 60.0 60.0 60.0 
68.0 63.0 65.0 64.0 
58.0 58.0 59.0 59.0 
59.0 59.0 60.0 60.0 
60.0 59.0 60.0 60.0 
68.0 63.0 65.0 64.0 
59.0 58.0 59.0 59.0 
59.0 59.0 60.0 60.0 
60.0 59.0 60.0 60.0 
68.0 62.0 65.0 64.0 
59.0 58.0 59.0 59.0 
58.0 58.0 60.0 60.0 
59.0 60.0 60.0 60.0 
67.0 63.0 65.0 64.0 
58.0 59.0 59.0 59.0 
59.0 58.0 59.0 60.0 
59.0 60.0 60.0 60.0 
68.0 63.0 65.0 65.0 
59.0 58.0 59.0 59.0 
59.0 59.0 60.0 60.0 
60.0 59.0 60.0 60.0 
68.0 63.0 64.0 65.0 
59.0 58.0 58.0 59.0 
59.0 59.0 60.0 60.0 
60.0 60.0 60.0 60.0 
68.0 62.0 65.0 65.0 
58.0 58.0 59.0 59.0 
59.0 59.0 60.0 60.0 
60.0 59.0 60.0 60.0 
69.0 63.0 66.0 64.0 
59.0 58.0 59.0 59.0 
59.0 60.0 60.0 61.0 
59.0 59.0 60.0 60.0 
67.0 63.0 65.0 65.0 
59.0 58.0 59.0 59.0 
59.0 59.0 59.0 59.0 
60.0 60.0 60.0 60.0 
67.0 63.0 65.0 65.0 
59.0 58.0 59.0 59.0 
58.0 59.0 60.0 60.0 
60.0 60.0 60.0 60.0 
68.0 62.0 65.0 64.0 
59.0 58.0 59.0 59.0 
59.0 58.0 60.0 60.0 
60.0 59.0 60.0 60.0 
68.0 62.0 65.0 64.0 
58.0 58.0 59.0 59.0 
59.0 58.0 60.0 60.0 
60.0 60.0 59.0 60.0 
68.0 63.0 64.0 64.0 
59.0 58.0 58.0 59.0 
59.0 58.0 60.0 60.0 
59.0 60.0 60.0 60.0 
68.0 62.0 65.0 65.0 
60.0 58.0 58.0 59.0 
58.0 59.0 60.0 60.0 
59.0 60.0 60.0 59.0 
68.0 63.0 65.0 65.0 
59.0 58.0 59.0 59.0 
59.0 59.0 61.0 60.0 
60.0 59.0 60.0 60.0 
67.0 62.0 64.0 65.0 
59.0 58.0 58.0 59.0 
58.0 59.0 59.0 60.0 
59.0 60.0 61.0 60.0 
68.0 63.0 65.0 65.0 
59.0 58.0 59.0 59.0 
58.0 59.0 60.0 60.0 
60.0 60.0 60.0 60.0 
69.0 63.0 65.0 64.0 
59.0 58.0 58.0 59.0 
59.0 59.0 59.0 60.0 
59.0 60.0 60.0 60.0 
68.0 63.0 65.0 64.0 
59.0 58.0 59.0 59.0 
59.0 59.0 60.0 60.0 
60.0 60.0 60.0 59.0 
68.0 63.0 65.0 65.0 
59.0 58.0 59.0 59.0 
58.0 59.0 61.0 60.0 
60.0 60.0 60.0 60.0 
68.0 62.0 65.0 64.0 
59.0 58.0 59.0 59.0 
59.0 59.0 60.0 61.0 
60.0 59.0 60.0 60.0 
68.0 63.0 65.0 64.0 
59.0 59.0 59.0 58.0 
59.0 58.0 60.0 60.0 
60.0 60.0 60.0 60.0 
68.0 62.0 65.0 64.0 
59.0 58.0 59.0 59.0 
58.0 59.0 60.0 60.0 
59.0 60.0 60.0 60.0 
68.0 62.0 65.0 64.0 
59.0 58.0 59.0 59.0 
59.0 59.0 60.0 60.0 
60.0 59.0 61.0 59.0 
68.0 63.0 65.0 65.0 
59.0 59.0 59.0 59.0 
59.0 59.0 60.0 60.0 
60.0 59.0 60.0 60.0 
68.0 63.0 65.0 64.0 
59.0 59.0 59.0 60.0 
59.0 59.0 61.0 60.0 
59.0 60.0 60.0 61.0 
68.0 62.0 65.0 64.0 
59.0 58.0 59.0 59.0 
59.0 59.0 59.0 60.0 
60.0 60.0 61.0 59.0 
67.0 62.0 65.0 64.0 
59.0 59.0 59.0 59.0 
59.0 59.0 59.0 60.0 
60.0 60.0 60.0 60.0 
68.0 63.0 64.0 65.0 
59.0 58.0 59.0 59.0 
59.0 58.0 60.0 60.0 
59.0 60.0 59.0 60.0 
67.0 63.0 65.0 64.0 
58.0 58.0 59.0 59.0 
59.0 59.0 59.0 60.0 
60.0 60.0 60.0 60.0 
68.0 63.0 65.0 64.0 
59.0 58.0 59.0 59.0 
59.0 59.0 60.0 60.0 
60.0 60.0 60.0 59.0 
67.0 63.0 65.0 64.0 
59.0 59.0 59.0 59.0 
59.0 60.0 60.0 60.0 
59.0 60.0 60.0 60.0 
68.0 63.0 65.0 64.0 
59.0 58.0 59.0 59.0 
59.0 59.0 60.0 60.0 
60.0 59.0 60.0 60.0 
67.0 63.0 65.0 65.0 
59.0 58.0 58.0 59.0 
59.0 59.0 59.0 60.0 
59.0 60.0 60.0 59.0 
67.0 63.0 65.0 64.0 
59.0 59.0 58.0 59.0 
59.0 59.0 59.0 60.0 
60.0 60.0 60.0 60.0 
68.0 63.0 65.0 65.0 
59.0 58.0 59.0 59.0 
59.0 58.0 60.0 60.0 
60.0 59.0 60.0 60.0 
67.0 63.0 65.0 65.0 
59.0 58.0 60.0 59.0 
58.0 59.0 59.0 60.0 
60.0 60.0 59.0 60.0 
67.0 62.0 65.0 64.0 
59.0 59.0 59.0 59.0 
59.0 58.0 60.0 60.0 
60.0 60.0 60.0 60.0 
67.0 62.0 65.0 64.0 
59.0 58.0 59.0 59.0 
59.0 59.0 59.0 61.0 
60.0 59.0 60.0 59.0 
68.0 62.0 65.0 65.0 
59.0 58.0 59.0 59.0 
59.0 60.0 60.0 60.0 
59.0 60.0 60.0 59.0 
68.0 63.0 65.0 64.0 
59.0 58.0 59.0 60.0 
60.0 59.0 61.0 59.0 
60.0 60.0 60.0 59.0 
68.0 63.0 65.0 65.0 
60.0 58.0 59.0 59.0 
59.0 59.0 60.0 60.0 
60.0 59.0 61.0 60.0 
