84.0 66.0 60.0 61.0 
57.0 61.0 55.0 60.0 
54.0 61.0 58.0 59.0 
60.0 57.0 59.0 58.0 
81.0 66.0 61.0 60.0 
58.0 58.0 57.0 59.0 
60.0 56.0 60.0 57.0 
55.0 62.0 57.0 62.0 
81.0 68.0 60.0 64.0 
61.0 55.0 58.0 58.0 
55.0 62.0 56.0 62.0 
58.0 60.0 58.0 62.0 
83.0 66.0 60.0 64.0 
59.0 56.0 58.0 59.0 
54.0 60.0 56.0 62.0 
62.0 56.0 61.0 58.0 
82.0 62.0 63.0 61.0 
57.0 56.0 60.0 55.0 
57.0 55.0 62.0 57.0 
56.0 62.0 56.0 62.0 
79.0 67.0 57.0 64.0 
61.0 55.0 62.0 55.0 
56.0 60.0 57.0 62.0 
61.0 56.0 61.0 56.0 
82.0 64.0 63.0 58.0 
57.0 58.0 59.0 60.0 
62.0 55.0 60.0 56.0 
58.0 59.0 59.0 60.0 
80.0 69.0 57.0 64.0 
57.0 57.0 58.0 58.0 
57.0 60.0 58.0 59.0 
54.0 62.0 56.0 62.0 
86.0 63.0 63.0 59.0 
58.0 57.0 58.0 61.0 
58.0 62.0 58.0 60.0 
58.0 62.0 61.0 58.0 
82.0 66.0 61.0 60.0 
54.0 58.0 58.0 57.0 
57.0 58.0 61.0 56.0 
58.0 62.0 56.0 63.0 
79.0 69.0 57.0 65.0 
59.0 57.0 58.0 58.0 
62.0 57.0 60.0 60.0 
58.0 58.0 61.0 55.0 
80.0 70.0 57.0 65.0 
59.0 58.0 58.0 60.0 
58.0 58.0 58.0 59.0 
55.0 62.0 57.0 62.0 
83.0 66.0 59.0 62.0 
55.0 60.0 58.0 61.0 
58.0 57.0 59.0 59.0 
56.0 60.0 59.0 59.0 
85.0 65.0 61.0 64.0 
60.0 55.0 58.0 62.0 
54.0 60.0 57.0 58.0 
58.0 62.0 55.0 63.0 
85.0 65.0 62.0 61.0 
58.0 57.0 60.0 57.0 
62.0 58.0 60.0 60.0 
60.0 58.0 59.0 60.0 
88.0 63.0 63.0 59.0 
53.0 61.0 56.0 59.0 
55.0 62.0 56.0 62.0 
61.0 58.0 62.0 56.0 
85.0 63.0 62.0 59.0 
57.0 58.0 57.0 58.0 
60.0 55.0 61.0 58.0 
61.0 55.0 62.0 57.0 
86.0 61.0 63.0 59.0 
58.0 58.0 58.0 59.0 
59.0 57.0 59.0 61.0 
62.0 56.0 61.0 60.0 
83.0 69.0 60.0 60.0 
56.0 60.0 57.0 57.0 
60.0 57.0 59.0 61.0 
62.0 55.0 61.0 58.0 
88.0 62.0 61.0 60.0 
57.0 55.0 60.0 55.0 
57.0 58.0 60.0 58.0 
60.0 58.0 59.0 59.0 
80.0 68.0 58.0 63.0 
60.0 55.0 60.0 58.0 
62.0 55.0 61.0 57.0 
56.0 60.0 58.0 59.0 
83.0 64.0 61.0 61.0 
54.0 61.0 56.0 60.0 
61.0 55.0 60.0 56.0 
59.0 59.0 58.0 59.0 
81.0 68.0 59.0 63.0 
54.0 60.0 57.0 59.0 
58.0 61.0 58.0 59.0 
58.0 55.0 61.0 58.0 
80.0 66.0 61.0 61.0 
56.0 58.0 62.0 55.0 
55.0 60.0 56.0 62.0 
63.0 56.0 60.0 59.0 
79.0 68.0 59.0 62.0 
59.0 57.0 59.0 58.0 
61.0 57.0 59.0 60.0 
56.0 60.0 58.0 60.0 
84.0 64.0 61.0 59.0 
57.0 59.0 56.0 61.0 
61.0 57.0 61.0 57.0 
55.0 62.0 57.0 62.0 
80.0 68.0 58.0 64.0 
56.0 60.0 57.0 61.0 
55.0 62.0 57.0 61.0 
62.0 56.0 61.0 58.0 
85.0 66.0 59.0 64.0 
60.0 57.0 57.0 60.0 
54.0 60.0 59.0 57.0 
57.0 62.0 56.0 60.0 
82.0 65.0 63.0 59.0 
54.0 60.0 56.0 59.0 
55.0 57.0 59.0 56.0 
55.0 62.0 57.0 62.0 
87.0 64.0 61.0 61.0 
54.0 59.0 57.0 59.0 
54.0 60.0 59.0 60.0 
62.0 56.0 61.0 56.0 
85.0 65.0 59.0 64.0 
59.0 56.0 61.0 56.0 
57.0 57.0 59.0 58.0 
57.0 60.0 57.0 61.0 
87.0 62.0 64.0 59.0 
58.0 59.0 58.0 59.0 
61.0 56.0 60.0 62.0 
63.0 55.0 60.0 61.0 
81.0 66.0 60.0 60.0 
55.0 61.0 55.0 62.0 
54.0 59.0 58.0 61.0 
62.0 58.0 60.0 57.0 
82.0 65.0 62.0 61.0 
58.0 58.0 57.0 61.0 
60.0 58.0 59.0 60.0 
58.0 57.0 62.0 58.0 
83.0 65.0 62.0 61.0 
55.0 60.0 57.0 60.0 
56.0 60.0 57.0 60.0 
63.0 55.0 61.0 58.0 
83.0 65.0 61.0 63.0 
61.0 57.0 58.0 59.0 
58.0 58.0 59.0 58.0 
58.0 59.0 60.0 58.0 
84.0 63.0 63.0 60.0 
54.0 62.0 55.0 60.0 
55.0 59.0 59.0 56.0 
59.0 57.0 62.0 60.0 
80.0 67.0 60.0 61.0 
57.0 60.0 55.0 60.0 
57.0 62.0 56.0 57.0 
59.0 58.0 59.0 59.0 
86.0 63.0 62.0 62.0 
61.0 56.0 60.0 57.0 
55.0 61.0 58.0 60.0 
56.0 59.0 60.0 57.0 
80.0 68.0 59.0 64.0 
56.0 60.0 57.0 60.0 
60.0 55.0 61.0 56.0 
61.0 58.0 61.0 57.0 
84.0 63.0 63.0 59.0 
59.0 56.0 56.0 61.0 
58.0 58.0 60.0 59.0 
61.0 57.0 60.0 59.0 
85.0 62.0 61.0 64.0 
62.0 58.0 55.0 60.0 
55.0 57.0 64.0 57.0 
57.0 58.0 62.0 59.0 
86.0 64.0 61.0 64.0 
61.0 54.0 61.0 57.0 
57.0 59.0 56.0 62.0 
61.0 57.0 59.0 59.0 
82.0 63.0 64.0 59.0 
55.0 62.0 57.0 59.0 
55.0 60.0 58.0 59.0 
60.0 58.0 60.0 59.0 
78.0 68.0 59.0 64.0 
55.0 60.0 56.0 61.0 
60.0 55.0 62.0 58.0 
61.0 56.0 63.0 60.0 
82.0 65.0 61.0 63.0 
62.0 55.0 61.0 55.0 
58.0 57.0 61.0 56.0 
56.0 59.0 61.0 57.0 
86.0 64.0 58.0 63.0 
59.0 55.0 59.0 61.0 
60.0 61.0 57.0 60.0 
57.0 58.0 61.0 58.0 
83.0 63.0 61.0 64.0 
61.0 55.0 58.0 58.0 
59.0 58.0 58.0 60.0 
58.0 59.0 59.0 58.0 
82.0 62.0 62.0 62.0 
57.0 58.0 60.0 55.0 
58.0 57.0 59.0 58.0 
60.0 56.0 61.0 58.0 
82.0 63.0 63.0 59.0 
59.0 57.0 60.0 57.0 
57.0 58.0 59.0 60.0 
63.0 57.0 63.0 58.0 
78.0 64.0 61.0 59.0 
55.0 59.0 62.0 57.0 
54.0 60.0 60.0 58.0 
54.0 61.0 58.0 58.0 
77.0 62.0 61.0 62.0 
57.0 58.0 58.0 59.0 
55.0 60.0 59.0 58.0 
58.0 62.0 58.0 61.0 
83.0 62.0 63.0 60.0 
54.0 61.0 57.0 58.0 
56.0 59.0 58.0 60.0 
59.0 59.0 60.0 60.0 
76.0 67.0 60.0 64.0 
58.0 56.0 59.0 59.0 
54.0 61.0 57.0 62.0 
58.0 59.0 59.0 60.0 
80.0 64.0 62.0 62.0 
58.0 58.0 58.0 59.0 
62.0 56.0 60.0 57.0 
55.0 62.0 59.0 60.0 
84.0 63.0 60.0 65.0 
61.0 57.0 58.0 61.0 
58.0 61.0 58.0 62.0 
63.0 56.0 60.0 58.0 
84.0 61.0 63.0 59.0 
57.0 58.0 57.0 59.0 
62.0 54.0 62.0 58.0 
59.0 57.0 59.0 59.0 
82.0 63.0 63.0 59.0 
57.0 58.0 58.0 59.0 
59.0 56.0 60.0 57.0 
56.0 62.0 58.0 60.0 
78.0 66.0 59.0 63.0 
56.0 60.0 56.0 62.0 
55.0 63.0 57.0 60.0 
55.0 61.0 58.0 63.0 
81.0 64.0 60.0 63.0 
62.0 54.0 61.0 57.0 
63.0 56.0 60.0 59.0 
62.0 56.0 61.0 61.0 
79.0 68.0 59.0 62.0 
59.0 59.0 57.0 63.0 
59.0 58.0 58.0 62.0 
57.0 60.0 60.0 57.0 
82.0 65.0 61.0 62.0 
57.0 59.0 58.0 59.0 
56.0 60.0 58.0 59.0 
60.0 61.0 58.0 62.0 
87.0 61.0 63.0 61.0 
62.0 56.0 59.0 56.0 
59.0 59.0 60.0 59.0 
56.0 60.0 59.0 59.0 
83.0 63.0 62.0 61.0 
55.0 59.0 58.0 58.0 
61.0 55.0 61.0 58.0 
60.0 59.0 60.0 59.0 
87.0 61.0 64.0 60.0 
58.0 57.0 61.0 57.0 
61.0 57.0 60.0 62.0 
64.0 55.0 61.0 60.0 
80.0 64.0 60.0 64.0 
62.0 56.0 61.0 60.0 
59.0 56.0 62.0 57.0 
54.0 62.0 58.0 61.0 
78.0 68.0 59.0 64.0 
62.0 54.0 60.0 58.0 
62.0 55.0 61.0 59.0 
56.0 59.0 59.0 60.0 
85.0 67.0 59.0 64.0 
56.0 59.0 57.0 62.0 
60.0 58.0 61.0 58.0 
58.0 59.0 60.0 58.0 
79.0 68.0 59.0 65.0 
59.0 58.0 59.0 58.0 
55.0 61.0 59.0 60.0 
60.0 59.0 58.0 64.0 
85.0 62.0 61.0 62.0 
58.0 55.0 60.0 56.0 
62.0 55.0 60.0 61.0 
58.0 59.0 61.0 57.0 
85.0 61.0 64.0 60.0 
63.0 56.0 60.0 58.0 
54.0 61.0 58.0 60.0 
63.0 56.0 63.0 56.0 
83.0 60.0 65.0 59.0 
54.0 60.0 56.0 62.0 
59.0 58.0 58.0 61.0 
57.0 61.0 57.0 61.0 
81.0 64.0 63.0 61.0 
55.0 59.0 59.0 58.0 
59.0 58.0 59.0 60.0 
62.0 58.0 60.0 60.0 
79.0 67.0 60.0 66.0 
58.0 58.0 59.0 61.0 
59.0 55.0 61.0 59.0 
62.0 55.0 60.0 62.0 
82.0 68.0 59.0 64.0 
59.0 60.0 57.0 62.0 
57.0 59.0 59.0 56.0 
59.0 62.0 55.0 64.0 
84.0 65.0 60.0 65.0 
61.0 54.0 62.0 56.0 
60.0 57.0 62.0 56.0 
59.0 59.0 60.0 58.0 
82.0 64.0 61.0 62.0 
59.0 57.0 59.0 58.0 
58.0 59.0 58.0 61.0 
63.0 57.0 61.0 59.0 
85.0 61.0 61.0 62.0 
62.0 56.0 59.0 59.0 
56.0 59.0 59.0 59.0 
55.0 62.0 57.0 63.0 
78.0 66.0 59.0 64.0 
55.0 62.0 57.0 60.0 
60.0 61.0 58.0 58.0 
58.0 57.0 61.0 62.0 
84.0 64.0 59.0 65.0 
61.0 55.0 59.0 59.0 
62.0 56.0 61.0 59.0 
57.0 59.0 60.0 59.0 
80.0 66.0 59.0 64.0 
59.0 56.0 61.0 56.0 
61.0 55.0 60.0 57.0 
55.0 61.0 58.0 61.0 
79.0 66.0 60.0 64.0 
58.0 57.0 59.0 57.0 
57.0 60.0 59.0 60.0 
56.0 62.0 59.0 61.0 
84.0 62.0 62.0 62.0 
62.0 54.0 62.0 55.0 
62.0 57.0 60.0 58.0 
56.0 60.0 60.0 55.0 
80.0 62.0 62.0 62.0 
62.0 55.0 60.0 60.0 
58.0 61.0 56.0 61.0 
63.0 58.0 60.0 59.0 
80.0 64.0 63.0 59.0 
54.0 60.0 58.0 59.0 
56.0 59.0 60.0 60.0 
61.0 57.0 61.0 59.0 
82.0 64.0 61.0 62.0 
57.0 60.0 59.0 59.0 
55.0 58.0 59.0 60.0 
55.0 63.0 56.0 61.0 
81.0 65.0 61.0 63.0 
56.0 62.0 58.0 59.0 
55.0 62.0 57.0 62.0 
58.0 60.0 59.0 62.0 
82.0 63.0 62.0 61.0 
55.0 60.0 58.0 59.0 
56.0 58.0 62.0 59.0 
61.0 55.0 59.0 63.0 
83.0 68.0 59.0 64.0 
58.0 57.0 58.0 62.0 
59.0 59.0 59.0 62.0 
59.0 59.0 62.0 57.0 
82.0 65.0 60.0 64.0 
59.0 57.0 60.0 58.0 
56.0 59.0 60.0 58.0 
59.0 63.0 58.0 60.0 
84.0 64.0 62.0 62.0 
57.0 59.0 59.0 58.0 
61.0 55.0 62.0 58.0 
61.0 58.0 59.0 60.0 
85.0 64.0 62.0 62.0 
61.0 56.0 61.0 57.0 
58.0 58.0 61.0 59.0 
60.0 59.0 58.0 63.0 
79.0 67.0 58.0 62.0 
59.0 61.0 57.0 60.0 
56.0 60.0 60.0 59.0 
58.0 61.0 57.0 62.0 
86.0 64.0 61.0 62.0 
57.0 59.0 58.0 60.0 
54.0 61.0 58.0 63.0 
59.0 59.0 60.0 61.0 
81.0 66.0 59.0 64.0 
57.0 61.0 57.0 62.0 
62.0 55.0 62.0 58.0 
55.0 63.0 57.0 63.0 
83.0 64.0 62.0 62.0 
62.0 55.0 61.0 56.0 
54.0 62.0 57.0 61.0 
55.0 64.0 58.0 62.0 
85.0 64.0 61.0 61.0 
63.0 56.0 61.0 57.0 
59.0 57.0 63.0 56.0 
57.0 62.0 58.0 60.0 
82.0 62.0 63.0 62.0 
61.0 57.0 59.0 59.0 
57.0 63.0 58.0 61.0 
60.0 60.0 58.0 63.0 
84.0 61.0 64.0 59.0 
58.0 58.0 58.0 59.0 
58.0 60.0 59.0 60.0 
56.0 63.0 58.0 61.0 
86.0 62.0 61.0 62.0 
57.0 58.0 60.0 56.0 
58.0 58.0 60.0 57.0 
59.0 60.0 60.0 59.0 
85.0 61.0 64.0 59.0 
61.0 55.0 62.0 56.0 
55.0 62.0 59.0 60.0 
56.0 62.0 56.0 62.0 
78.0 66.0 60.0 63.0 
61.0 58.0 58.0 62.0 
57.0 59.0 63.0 59.0 
58.0 58.0 60.0 60.0 
81.0 65.0 59.0 62.0 
57.0 59.0 60.0 56.0 
56.0 60.0 59.0 58.0 
59.0 60.0 57.0 63.0 
82.0 64.0 63.0 61.0 
55.0 61.0 57.0 62.0 
60.0 59.0 59.0 60.0 
58.0 60.0 59.0 60.0 
81.0 64.0 62.0 60.0 
59.0 58.0 59.0 59.0 
62.0 55.0 61.0 58.0 
61.0 57.0 61.0 58.0 
77.0 67.0 59.0 62.0 
54.0 60.0 57.0 60.0 
63.0 56.0 62.0 60.0 
62.0 58.0 60.0 60.0 
78.0 67.0 62.0 60.0 
54.0 60.0 59.0 55.0 
55.0 59.0 63.0 57.0 
57.0 57.0 61.0 59.0 
85.0 62.0 61.0 63.0 
60.0 55.0 61.0 57.0 
63.0 56.0 63.0 58.0 
56.0 62.0 58.0 63.0 
85.0 62.0 64.0 60.0 
60.0 58.0 58.0 59.0 
63.0 56.0 62.0 57.0 
58.0 60.0 60.0 60.0 
83.0 62.0 63.0 61.0 
55.0 62.0 56.0 63.0 
59.0 59.0 59.0 59.0 
57.0 62.0 58.0 63.0 
78.0 68.0 60.0 65.0 
58.0 58.0 59.0 61.0 
62.0 56.0 61.0 60.0 
64.0 58.0 59.0 63.0 
81.0 63.0 64.0 61.0 
57.0 58.0 62.0 56.0 
60.0 56.0 61.0 57.0 
56.0 63.0 58.0 60.0 
83.0 61.0 64.0 60.0 
55.0 62.0 57.0 62.0 
58.0 60.0 57.0 63.0 
64.0 57.0 60.0 59.0 
78.0 68.0 59.0 65.0 
63.0 55.0 61.0 62.0 
57.0 57.0 60.0 59.0 
63.0 56.0 64.0 59.0 
77.0 67.0 59.0 65.0 
59.0 58.0 58.0 59.0 
58.0 60.0 61.0 60.0 
64.0 57.0 61.0 58.0 
84.0 62.0 64.0 60.0 
56.0 59.0 61.0 57.0 
61.0 57.0 60.0 64.0 
64.0 58.0 61.0 58.0 
80.0 67.0 60.0 65.0 
62.0 55.0 62.0 56.0 
57.0 60.0 60.0 56.0 
56.0 62.0 59.0 61.0 
78.0 68.0 59.0 65.0 
63.0 56.0 59.0 59.0 
61.0 57.0 60.0 61.0 
60.0 59.0 61.0 60.0 
84.0 62.0 64.0 60.0 
58.0 59.0 58.0 61.0 
59.0 59.0 60.0 60.0 
63.0 55.0 63.0 57.0 
81.0 66.0 61.0 63.0 
62.0 56.0 60.0 57.0 
57.0 61.0 58.0 61.0 
61.0 59.0 60.0 63.0 
85.0 63.0 60.0 64.0 
60.0 59.0 57.0 63.0 
55.0 61.0 59.0 59.0 
58.0 62.0 57.0 62.0 
84.0 61.0 64.0 60.0 
54.0 60.0 57.0 55.0 
56.0 61.0 58.0 63.0 
60.0 59.0 60.0 59.0 
77.0 67.0 60.0 64.0 
62.0 57.0 60.0 58.0 
55.0 63.0 57.0 62.0 
60.0 59.0 60.0 59.0 
78.0 68.0 59.0 63.0 
55.0 61.0 56.0 60.0 
62.0 57.0 61.0 61.0 
64.0 58.0 61.0 60.0 
78.0 67.0 60.0 65.0 
59.0 58.0 62.0 56.0 
59.0 55.0 60.0 60.0 
61.0 56.0 60.0 60.0 
80.0 67.0 59.0 64.0 
61.0 57.0 58.0 59.0 
60.0 58.0 59.0 62.0 
59.0 59.0 61.0 59.0 
82.0 64.0 64.0 60.0 
59.0 57.0 59.0 59.0 
59.0 59.0 60.0 59.0 
57.0 62.0 59.0 61.0 
80.0 66.0 61.0 61.0 
60.0 58.0 59.0 59.0 
62.0 55.0 62.0 57.0 
60.0 59.0 61.0 60.0 
80.0 64.0 61.0 61.0 
57.0 59.0 59.0 59.0 
61.0 59.0 60.0 60.0 
63.0 57.0 61.0 57.0 
82.0 62.0 64.0 59.0 
54.0 60.0 59.0 61.0 
62.0 57.0 60.0 58.0 
56.0 60.0 60.0 59.0 
80.0 64.0 61.0 64.0 
62.0 54.0 61.0 57.0 
58.0 62.0 57.0 63.0 
60.0 59.0 60.0 59.0 
83.0 62.0 62.0 61.0 
54.0 61.0 58.0 60.0 
54.0 61.0 57.0 62.0 
62.0 56.0 62.0 57.0 
80.0 65.0 61.0 62.0 
57.0 61.0 56.0 63.0 
61.0 58.0 60.0 59.0 
55.0 62.0 58.0 60.0 
81.0 64.0 61.0 60.0 
55.0 60.0 58.0 60.0 
62.0 55.0 62.0 58.0 
55.0 63.0 58.0 60.0 
83.0 63.0 61.0 65.0 
59.0 61.0 58.0 63.0 
64.0 56.0 61.0 60.0 
55.0 63.0 58.0 63.0 
80.0 62.0 62.0 60.0 
56.0 60.0 59.0 57.0 
60.0 59.0 62.0 57.0 
58.0 63.0 57.0 62.0 
78.0 68.0 59.0 64.0 
62.0 55.0 61.0 57.0 
58.0 58.0 60.0 61.0 
62.0 57.0 62.0 57.0 
77.0 68.0 59.0 65.0 
59.0 59.0 59.0 58.0 
55.0 61.0 60.0 61.0 
57.0 61.0 60.0 62.0 
80.0 64.0 60.0 63.0 
58.0 59.0 60.0 56.0 
58.0 62.0 58.0 60.0 
57.0 62.0 59.0 59.0 
80.0 62.0 63.0 60.0 
57.0 58.0 59.0 58.0 
57.0 58.0 60.0 60.0 
60.0 59.0 58.0 63.0 
84.0 62.0 62.0 60.0 
55.0 61.0 57.0 61.0 
55.0 61.0 59.0 61.0 
60.0 60.0 58.0 63.0 
81.0 64.0 61.0 63.0 
54.0 60.0 57.0 62.0 
60.0 57.0 61.0 57.0 
59.0 59.0 60.0 60.0 
81.0 64.0 61.0 62.0 
58.0 58.0 58.0 59.0 
61.0 57.0 60.0 59.0 
56.0 63.0 58.0 61.0 
80.0 63.0 63.0 61.0 
57.0 59.0 62.0 58.0 
60.0 59.0 57.0 61.0 
63.0 58.0 60.0 62.0 
77.0 66.0 62.0 63.0 
62.0 56.0 61.0 58.0 
60.0 59.0 62.0 58.0 
55.0 63.0 60.0 61.0 
84.0 62.0 62.0 61.0 
55.0 60.0 57.0 57.0 
56.0 60.0 61.0 60.0 
59.0 61.0 60.0 63.0 
77.0 68.0 58.0 65.0 
56.0 61.0 57.0 62.0 
56.0 62.0 59.0 60.0 
56.0 61.0 60.0 60.0 
78.0 67.0 58.0 65.0 
59.0 58.0 59.0 60.0 
55.0 61.0 57.0 63.0 
63.0 57.0 60.0 60.0 
80.0 64.0 63.0 62.0 
62.0 54.0 59.0 62.0 
55.0 61.0 60.0 58.0 
56.0 63.0 59.0 62.0 
84.0 61.0 64.0 59.0 
57.0 61.0 57.0 60.0 
56.0 60.0 59.0 62.0 
62.0 57.0 63.0 59.0 
85.0 62.0 62.0 62.0 
61.0 58.0 59.0 60.0 
58.0 59.0 61.0 60.0 
60.0 58.0 60.0 60.0 
80.0 63.0 62.0 59.0 
59.0 57.0 60.0 57.0 
55.0 63.0 59.0 60.0 
57.0 62.0 60.0 59.0 
82.0 65.0 60.0 62.0 
59.0 57.0 62.0 56.0 
62.0 59.0 59.0 62.0 
62.0 60.0 58.0 63.0 
82.0 67.0 59.0 63.0 
58.0 61.0 58.0 57.0 
58.0 58.0 62.0 58.0 
55.0 62.0 58.0 61.0 
78.0 67.0 60.0 63.0 
61.0 57.0 60.0 58.0 
58.0 61.0 59.0 61.0 
59.0 61.0 59.0 60.0 
84.0 62.0 63.0 62.0 
56.0 62.0 56.0 62.0 
61.0 57.0 62.0 58.0 
59.0 60.0 61.0 59.0 
83.0 64.0 62.0 64.0 
59.0 59.0 57.0 63.0 
60.0 57.0 62.0 57.0 
60.0 59.0 61.0 60.0 
79.0 64.0 65.0 61.0 
57.0 56.0 62.0 59.0 
60.0 60.0 58.0 63.0 
62.0 57.0 59.0 60.0 
80.0 66.0 60.0 65.0 
58.0 60.0 58.0 61.0 
62.0 58.0 59.0 60.0 
60.0 60.0 61.0 58.0 
82.0 62.0 64.0 61.0 
56.0 60.0 58.0 60.0 
56.0 61.0 57.0 63.0 
64.0 57.0 64.0 57.0 
83.0 61.0 65.0 61.0 
62.0 58.0 59.0 60.0 
60.0 56.0 60.0 60.0 
61.0 60.0 58.0 63.0 
81.0 64.0 63.0 62.0 
57.0 59.0 59.0 59.0 
58.0 58.0 62.0 59.0 
59.0 58.0 63.0 59.0 
78.0 64.0 64.0 60.0 
56.0 60.0 59.0 59.0 
59.0 59.0 60.0 61.0 
58.0 59.0 60.0 60.0 
80.0 63.0 64.0 61.0 
56.0 61.0 58.0 59.0 
57.0 60.0 60.0 60.0 
61.0 59.0 61.0 61.0 
82.0 62.0 63.0 59.0 
58.0 59.0 59.0 59.0 
63.0 56.0 62.0 58.0 
61.0 59.0 61.0 58.0 
81.0 62.0 63.0 61.0 
59.0 56.0 62.0 56.0 
55.0 61.0 58.0 61.0 
57.0 62.0 57.0 62.0 
81.0 63.0 64.0 60.0 
59.0 57.0 61.0 56.0 
56.0 60.0 60.0 58.0 
59.0 58.0 63.0 58.0 
83.0 61.0 62.0 62.0 
59.0 57.0 62.0 56.0 
59.0 59.0 60.0 59.0 
61.0 60.0 59.0 63.0 
78.0 65.0 61.0 65.0 
58.0 59.0 59.0 59.0 
55.0 61.0 59.0 61.0 
61.0 60.0 60.0 61.0 
76.0 67.0 60.0 63.0 
57.0 60.0 57.0 57.0 
61.0 57.0 64.0 58.0 
61.0 59.0 61.0 58.0 
74.0 64.0 60.0 65.0 
59.0 59.0 58.0 60.0 
59.0 58.0 59.0 61.0 
56.0 62.0 58.0 62.0 
73.0 62.0 64.0 60.0 
58.0 56.0 59.0 63.0 
54.0 61.0 63.0 57.0 
57.0 59.0 63.0 59.0 
75.0 60.0 64.0 60.0 
56.0 60.0 58.0 61.0 
56.0 59.0 60.0 58.0 
58.0 63.0 58.0 62.0 
77.0 62.0 63.0 62.0 
58.0 57.0 61.0 59.0 
62.0 57.0 61.0 60.0 
58.0 59.0 60.0 59.0 
73.0 63.0 62.0 63.0 
58.0 60.0 58.0 60.0 
56.0 62.0 58.0 61.0 
57.0 63.0 58.0 60.0 
77.0 62.0 61.0 62.0 
62.0 57.0 61.0 58.0 
62.0 55.0 63.0 58.0 
57.0 59.0 63.0 60.0 
79.0 63.0 60.0 65.0 
59.0 61.0 58.0 59.0 
62.0 56.0 60.0 62.0 
63.0 57.0 61.0 60.0 
75.0 63.0 67.0 62.0 
56.0 60.0 58.0 58.0 
55.0 62.0 58.0 62.0 
64.0 56.0 62.0 57.0 
71.0 66.0 65.0 64.0 
61.0 59.0 57.0 62.0 
59.0 59.0 60.0 57.0 
59.0 63.0 57.0 63.0 
77.0 61.0 66.0 62.0 
58.0 59.0 59.0 59.0 
62.0 56.0 63.0 58.0 
59.0 60.0 60.0 61.0 
74.0 62.0 66.0 61.0 
57.0 58.0 61.0 57.0 
62.0 57.0 59.0 60.0 
60.0 58.0 63.0 58.0 
74.0 65.0 63.0 65.0 
60.0 57.0 59.0 59.0 
62.0 56.0 60.0 59.0 
57.0 63.0 59.0 63.0 
78.0 66.0 63.0 68.0 
60.0 58.0 60.0 59.0 
59.0 60.0 63.0 62.0 
62.0 60.0 61.0 60.0 
74.0 62.0 64.0 63.0 
59.0 59.0 59.0 59.0 
58.0 63.0 59.0 67.0 
60.0 60.0 61.0 61.0 
79.0 62.0 61.0 60.0 
55.0 62.0 57.0 62.0 
62.0 60.0 62.0 63.0 
60.0 59.0 63.0 60.0 
78.0 61.0 62.0 64.0 
62.0 56.0 58.0 59.0 
60.0 64.0 61.0 65.0 
62.0 59.0 63.0 61.0 
72.0 64.0 59.0 63.0 
61.0 56.0 61.0 58.0 
61.0 61.0 61.0 62.0 
57.0 63.0 59.0 62.0 
75.0 60.0 63.0 61.0 
56.0 60.0 57.0 60.0 
57.0 64.0 59.0 66.0 
60.0 59.0 61.0 61.0 
78.0 59.0 64.0 61.0 
60.0 58.0 60.0 58.0 
60.0 61.0 62.0 65.0 
62.0 60.0 60.0 60.0 
74.0 60.0 63.0 60.0 
56.0 61.0 60.0 61.0 
58.0 61.0 63.0 60.0 
57.0 60.0 62.0 57.0 
70.0 64.0 60.0 63.0 
55.0 60.0 60.0 60.0 
61.0 61.0 62.0 64.0 
60.0 59.0 61.0 59.0 
71.0 62.0 62.0 64.0 
60.0 56.0 62.0 58.0 
64.0 58.0 65.0 61.0 
58.0 62.0 58.0 61.0 
72.0 62.0 62.0 62.0 
59.0 59.0 60.0 60.0 
57.0 64.0 59.0 65.0 
59.0 62.0 59.0 63.0 
72.0 60.0 64.0 58.0 
61.0 58.0 61.0 64.0 
60.0 61.0 61.0 64.0 
62.0 57.0 62.0 58.0 
70.0 65.0 60.0 63.0 
61.0 60.0 58.0 61.0 
64.0 61.0 60.0 65.0 
63.0 59.0 59.0 61.0 
69.0 64.0 60.0 62.0 
61.0 58.0 60.0 59.0 
63.0 58.0 64.0 63.0 
59.0 60.0 60.0 61.0 
70.0 64.0 60.0 64.0 
63.0 56.0 62.0 58.0 
60.0 60.0 63.0 63.0 
63.0 59.0 61.0 59.0 
70.0 61.0 63.0 61.0 
61.0 57.0 64.0 60.0 
61.0 61.0 63.0 62.0 
60.0 59.0 62.0 57.0 
74.0 65.0 60.0 65.0 
60.0 58.0 61.0 60.0 
60.0 62.0 63.0 62.0 
59.0 62.0 58.0 63.0 
71.0 65.0 61.0 60.0 
57.0 60.0 62.0 58.0 
63.0 61.0 61.0 65.0 
61.0 60.0 58.0 64.0 
70.0 63.0 62.0 63.0 
59.0 57.0 63.0 59.0 
63.0 59.0 63.0 63.0 
59.0 59.0 62.0 57.0 
71.0 63.0 61.0 64.0 
62.0 57.0 62.0 63.0 
63.0 59.0 65.0 60.0 
60.0 61.0 60.0 60.0 
72.0 62.0 63.0 62.0 
60.0 58.0 60.0 59.0 
59.0 63.0 62.0 63.0 
58.0 60.0 59.0 62.0 
67.0 62.0 63.0 61.0 
57.0 62.0 58.0 62.0 
58.0 62.0 62.0 61.0 
57.0 61.0 63.0 60.0 
66.0 65.0 65.0 68.0 
63.0 58.0 61.0 59.0 
64.0 58.0 62.0 61.0 
60.0 62.0 58.0 63.0 
67.0 65.0 73.0 67.0 
57.0 61.0 58.0 62.0 
58.0 63.0 58.0 66.0 
59.0 60.0 60.0 59.0 
66.0 67.0 66.0 73.0 
59.0 60.0 59.0 62.0 
60.0 62.0 61.0 64.0 
63.0 59.0 61.0 60.0 
66.0 67.0 70.0 68.0 
59.0 57.0 61.0 59.0 
60.0 61.0 62.0 61.0 
61.0 59.0 61.0 59.0 
71.0 66.0 67.0 71.0 
59.0 61.0 57.0 62.0 
57.0 62.0 60.0 63.0 
63.0 58.0 60.0 61.0 
70.0 65.0 72.0 67.0 
55.0 60.0 58.0 58.0 
58.0 64.0 59.0 65.0 
62.0 58.0 60.0 59.0 
72.0 65.0 69.0 69.0 
56.0 61.0 58.0 62.0 
61.0 60.0 63.0 60.0 
59.0 62.0 57.0 64.0 
73.0 64.0 72.0 67.0 
61.0 56.0 62.0 58.0 
58.0 63.0 59.0 63.0 
58.0 60.0 61.0 59.0 
72.0 66.0 69.0 71.0 
62.0 57.0 61.0 57.0 
61.0 60.0 63.0 60.0 
57.0 61.0 59.0 60.0 
73.0 64.0 72.0 70.0 
60.0 57.0 61.0 58.0 
62.0 61.0 62.0 65.0 
61.0 58.0 62.0 59.0 
74.0 67.0 71.0 68.0 
60.0 57.0 62.0 59.0 
59.0 61.0 62.0 62.0 
60.0 62.0 57.0 63.0 
78.0 64.0 72.0 67.0 
58.0 60.0 58.0 59.0 
63.0 58.0 64.0 61.0 
62.0 59.0 62.0 60.0 
77.0 59.0 71.0 73.0 
56.0 59.0 59.0 61.0 
60.0 59.0 63.0 63.0 
58.0 61.0 58.0 62.0 
79.0 58.0 76.0 72.0 
59.0 60.0 58.0 58.0 
57.0 60.0 61.0 60.0 
57.0 60.0 61.0 58.0 
82.0 62.0 73.0 74.0 
56.0 60.0 59.0 57.0 
59.0 60.0 57.0 62.0 
61.0 60.0 61.0 60.0 
77.0 61.0 74.0 77.0 
61.0 57.0 60.0 59.0 
60.0 59.0 58.0 62.0 
62.0 59.0 60.0 62.0 
77.0 61.0 71.0 78.0 
61.0 56.0 59.0 59.0 
56.0 61.0 58.0 62.0 
59.0 61.0 59.0 61.0 
73.0 59.0 73.0 74.0 
58.0 58.0 59.0 59.0 
62.0 57.0 61.0 58.0 
61.0 62.0 59.0 62.0 
74.0 59.0 68.0 79.0 
61.0 58.0 60.0 62.0 
63.0 56.0 60.0 60.0 
61.0 57.0 61.0 58.0 
81.0 59.0 64.0 83.0 
57.0 60.0 58.0 60.0 
57.0 61.0 58.0 62.0 
63.0 58.0 62.0 60.0 
81.0 60.0 61.0 85.0 
61.0 57.0 60.0 59.0 
60.0 59.0 58.0 62.0 
63.0 57.0 62.0 58.0 
84.0 58.0 62.0 81.0 
59.0 58.0 60.0 62.0 
59.0 60.0 60.0 62.0 
61.0 60.0 60.0 60.0 
82.0 60.0 60.0 88.0 
57.0 60.0 56.0 60.0 
57.0 61.0 58.0 62.0 
60.0 59.0 62.0 57.0 
81.0 59.0 63.0 82.0 
58.0 59.0 60.0 57.0 
60.0 58.0 62.0 57.0 
58.0 62.0 59.0 62.0 
77.0 57.0 63.0 81.0 
60.0 60.0 60.0 66.0 
56.0 61.0 59.0 62.0 
63.0 58.0 63.0 57.0 
81.0 57.0 62.0 82.0 
60.0 60.0 58.0 69.0 
58.0 59.0 59.0 59.0 
57.0 62.0 58.0 61.0 
86.0 59.0 60.0 83.0 
61.0 61.0 59.0 65.0 
59.0 58.0 63.0 58.0 
62.0 57.0 61.0 59.0 
87.0 59.0 61.0 90.0 
65.0 58.0 60.0 65.0 
58.0 60.0 59.0 59.0 
59.0 62.0 59.0 59.0 
86.0 58.0 61.0 89.0 
65.0 58.0 57.0 67.0 
57.0 58.0 62.0 58.0 
59.0 59.0 62.0 56.0 
94.0 58.0 61.0 88.0 
64.0 56.0 62.0 69.0 
61.0 57.0 62.0 58.0 
57.0 62.0 59.0 61.0 
88.0 61.0 60.0 86.0 
61.0 60.0 58.0 66.0 
60.0 59.0 62.0 55.0 
61.0 59.0 63.0 58.0 
94.0 58.0 63.0 88.0 
64.0 58.0 60.0 65.0 
60.0 58.0 62.0 57.0 
57.0 62.0 60.0 57.0 
92.0 57.0 61.0 88.0 
63.0 57.0 61.0 65.0 
57.0 60.0 62.0 57.0 
58.0 59.0 61.0 58.0 
92.0 60.0 58.0 92.0 
67.0 55.0 60.0 63.0 
62.0 58.0 60.0 59.0 
59.0 59.0 62.0 56.0 
91.0 60.0 60.0 91.0 
61.0 61.0 57.0 67.0 
61.0 57.0 62.0 57.0 
60.0 59.0 62.0 57.0 
92.0 60.0 61.0 91.0 
65.0 58.0 61.0 63.0 
60.0 56.0 62.0 58.0 
60.0 60.0 61.0 58.0 
92.0 61.0 60.0 94.0 
64.0 58.0 60.0 63.0 
57.0 58.0 63.0 57.0 
58.0 59.0 62.0 58.0 
94.0 59.0 66.0 91.0 
64.0 58.0 61.0 68.0 
61.0 56.0 62.0 57.0 
56.0 61.0 59.0 58.0 
89.0 61.0 72.0 90.0 
68.0 57.0 61.0 67.0 
57.0 62.0 57.0 61.0 
62.0 57.0 61.0 58.0 
90.0 60.0 79.0 92.0 
65.0 58.0 61.0 65.0 
56.0 61.0 58.0 62.0 
60.0 59.0 59.0 58.0 
88.0 62.0 82.0 89.0 
64.0 58.0 61.0 68.0 
57.0 58.0 59.0 59.0 
55.0 62.0 57.0 61.0 
90.0 59.0 87.0 86.0 
62.0 62.0 60.0 65.0 
61.0 58.0 58.0 62.0 
63.0 59.0 59.0 59.0 
89.0 62.0 93.0 85.0 
63.0 62.0 60.0 67.0 
58.0 58.0 60.0 56.0 
56.0 62.0 58.0 60.0 
86.0 60.0 100.0 84.0 
67.0 58.0 63.0 67.0 
58.0 61.0 56.0 62.0 
62.0 59.0 59.0 59.0 
85.0 62.0 100.0 87.0 
66.0 59.0 62.0 67.0 
58.0 59.0 57.0 58.0 
56.0 62.0 57.0 62.0 
88.0 57.0 105.0 83.0 
64.0 59.0 63.0 66.0 
63.0 57.0 60.0 58.0 
56.0 61.0 58.0 57.0 
80.0 62.0 106.0 84.0 
60.0 61.0 63.0 64.0 
60.0 62.0 57.0 61.0 
61.0 60.0 58.0 60.0 
78.0 61.0 118.0 89.0 
68.0 57.0 64.0 65.0 
64.0 58.0 58.0 60.0 
56.0 60.0 57.0 60.0 
72.0 62.0 126.0 88.0 
67.0 58.0 63.0 66.0 
61.0 58.0 58.0 59.0 
57.0 61.0 55.0 61.0 
72.0 75.0 143.0 82.0 
60.0 64.0 61.0 66.0 
60.0 58.0 59.0 57.0 
60.0 58.0 57.0 57.0 
71.0 73.0 161.0 84.0 
60.0 66.0 60.0 66.0 
62.0 56.0 57.0 62.0 
64.0 59.0 55.0 62.0 
71.0 75.0 177.0 80.0 
57.0 65.0 63.0 60.0 
62.0 56.0 58.0 59.0 
56.0 60.0 57.0 56.0 
71.0 72.0 193.0 83.0 
59.0 63.0 61.0 63.0 
55.0 61.0 54.0 61.0 
62.0 57.0 57.0 57.0 
67.0 74.0 205.0 86.0 
63.0 61.0 62.0 64.0 
60.0 57.0 55.0 58.0 
55.0 62.0 51.0 62.0 
67.0 74.0 206.0 86.0 
58.0 64.0 60.0 64.0 
56.0 62.0 53.0 60.0 
58.0 60.0 52.0 59.0 
69.0 72.0 230.0 87.0 
62.0 59.0 65.0 62.0 
61.0 58.0 52.0 61.0 
62.0 58.0 53.0 61.0 
68.0 75.0 256.0 91.0 
64.0 58.0 62.0 60.0 
63.0 56.0 55.0 58.0 
56.0 62.0 50.0 62.0 
68.0 75.0 281.0 93.0 
63.0 56.0 59.0 58.0 
61.0 56.0 55.0 57.0 
58.0 60.0 50.0 60.0 
70.0 76.0 307.0 97.0 
61.0 59.0 56.0 57.0 
58.0 58.0 52.0 59.0 
58.0 63.0 49.0 60.0 
73.0 72.0 327.0 93.0 
59.0 58.0 56.0 58.0 
59.0 59.0 53.0 57.0 
59.0 62.0 48.0 62.0 
70.0 76.0 358.0 96.0 
56.0 62.0 51.0 61.0 
57.0 63.0 50.0 61.0 
62.0 57.0 52.0 56.0 
72.0 76.0 383.0 100.0 
61.0 58.0 52.0 60.0 
63.0 55.0 53.0 56.0 
56.0 62.0 49.0 59.0 
77.0 78.0 436.0 110.0 
56.0 62.0 50.0 62.0 
55.0 62.0 47.0 63.0 
58.0 61.0 48.0 60.0 
72.0 82.0 456.0 116.0 
57.0 62.0 49.0 59.0 
61.0 59.0 48.0 61.0 
60.0 61.0 47.0 61.0 
72.0 81.0 431.0 112.0 
57.0 60.0 51.0 61.0 
56.0 63.0 50.0 60.0 
57.0 62.0 49.0 57.0 
73.0 84.0 441.0 119.0 
59.0 61.0 51.0 61.0 
54.0 62.0 50.0 60.0 
63.0 58.0 49.0 57.0 
76.0 84.0 478.0 135.0 
60.0 57.0 51.0 59.0 
57.0 60.0 48.0 59.0 
62.0 58.0 48.0 58.0 
77.0 86.0 494.0 146.0 
62.0 57.0 53.0 56.0 
57.0 60.0 47.0 61.0 
60.0 60.0 46.0 59.0 
75.0 83.0 461.0 144.0 
59.0 59.0 52.0 58.0 
59.0 58.0 49.0 58.0 
62.0 57.0 49.0 56.0 
78.0 87.0 476.0 174.0 
62.0 58.0 50.0 56.0 
58.0 56.0 50.0 58.0 
62.0 57.0 47.0 58.0 
75.0 94.0 517.0 193.0 
60.0 59.0 50.0 60.0 
60.0 59.0 51.0 60.0 
62.0 57.0 49.0 56.0 
81.0 95.0 496.0 212.0 
60.0 58.0 52.0 57.0 
62.0 59.0 50.0 58.0 
58.0 59.0 48.0 55.0 
75.0 93.0 438.0 219.0 
62.0 58.0 53.0 58.0 
58.0 60.0 51.0 58.0 
55.0 62.0 48.0 56.0 
85.0 99.0 449.0 241.0 
62.0 56.0 55.0 54.0 
58.0 61.0 51.0 57.0 
60.0 60.0 46.0 57.0 
82.0 105.0 443.0 283.0 
60.0 61.0 51.0 56.0 
57.0 60.0 52.0 53.0 
55.0 60.0 50.0 55.0 
90.0 108.0 401.0 296.0 
57.0 60.0 53.0 56.0 
56.0 61.0 51.0 59.0 
60.0 59.0 53.0 52.0 
84.0 118.0 343.0 339.0 
59.0 58.0 54.0 54.0 
61.0 58.0 56.0 55.0 
56.0 61.0 50.0 56.0 
91.0 132.0 312.0 436.0 
57.0 60.0 54.0 49.0 
59.0 58.0 56.0 52.0 
56.0 60.0 51.0 52.0 
95.0 134.0 297.0 454.0 
56.0 59.0 55.0 50.0 
60.0 61.0 56.0 53.0 
59.0 60.0 52.0 51.0 
92.0 144.0 247.0 480.0 
57.0 60.0 55.0 51.0 
58.0 58.0 58.0 50.0 
59.0 60.0 53.0 52.0 
95.0 147.0 221.0 487.0 
61.0 56.0 57.0 50.0 
61.0 57.0 59.0 51.0 
58.0 58.0 57.0 49.0 
96.0 145.0 201.0 473.0 
57.0 60.0 55.0 54.0 
62.0 56.0 61.0 49.0 
61.0 58.0 57.0 49.0 
97.0 154.0 188.0 478.0 
57.0 58.0 56.0 52.0 
58.0 59.0 57.0 53.0 
61.0 54.0 60.0 46.0 
94.0 161.0 169.0 474.0 
55.0 59.0 57.0 52.0 
56.0 61.0 58.0 55.0 
62.0 56.0 59.0 47.0 
100.0 175.0 165.0 475.0 
61.0 56.0 58.0 51.0 
62.0 55.0 62.0 51.0 
56.0 59.0 55.0 51.0 
102.0 183.0 162.0 472.0 
61.0 55.0 59.0 52.0 
60.0 57.0 60.0 52.0 
61.0 55.0 59.0 46.0 
113.0 208.0 159.0 480.0 
60.0 56.0 58.0 50.0 
60.0 57.0 61.0 50.0 
58.0 56.0 59.0 46.0 
110.0 221.0 143.0 475.0 
57.0 56.0 58.0 51.0 
63.0 54.0 61.0 51.0 
57.0 56.0 61.0 47.0 
116.0 254.0 126.0 467.0 
58.0 52.0 60.0 50.0 
60.0 56.0 61.0 54.0 
59.0 53.0 62.0 47.0 
120.0 287.0 124.0 458.0 
58.0 56.0 56.0 53.0 
58.0 56.0 58.0 54.0 
58.0 53.0 60.0 46.0 
125.0 330.0 122.0 435.0 
56.0 55.0 57.0 53.0 
59.0 53.0 61.0 54.0 
61.0 52.0 58.0 50.0 
138.0 389.0 122.0 427.0 
59.0 51.0 60.0 50.0 
57.0 55.0 58.0 56.0 
59.0 51.0 59.0 53.0 
150.0 464.0 120.0 395.0 
57.0 53.0 56.0 55.0 
55.0 54.0 60.0 50.0 
56.0 48.0 59.0 54.0 
152.0 498.0 117.0 357.0 
56.0 52.0 59.0 53.0 
56.0 50.0 59.0 53.0 
58.0 49.0 56.0 55.0 
221.0 505.0 108.0 323.0 
59.0 48.0 61.0 52.0 
57.0 50.0 60.0 55.0 
55.0 48.0 62.0 52.0 
246.0 548.0 106.0 298.0 
60.0 50.0 64.0 55.0 
53.0 51.0 57.0 58.0 
54.0 50.0 58.0 56.0 
253.0 566.0 107.0 288.0 
59.0 50.0 63.0 56.0 
55.0 48.0 60.0 54.0 
55.0 48.0 58.0 57.0 
247.0 593.0 101.0 271.0 
56.0 51.0 65.0 59.0 
55.0 51.0 59.0 54.0 
54.0 47.0 62.0 54.0 
246.0 615.0 98.0 264.0 
56.0 53.0 63.0 57.0 
53.0 50.0 58.0 57.0 
57.0 45.0 60.0 54.0 
254.0 549.0 95.0 247.0 
61.0 51.0 63.0 59.0 
58.0 46.0 61.0 55.0 
52.0 50.0 58.0 59.0 
273.0 543.0 96.0 233.0 
56.0 56.0 60.0 64.0 
58.0 47.0 60.0 56.0 
58.0 46.0 60.0 56.0 
278.0 590.0 98.0 227.0 
58.0 53.0 61.0 61.0 
53.0 48.0 60.0 54.0 
52.0 48.0 62.0 54.0 
290.0 586.0 98.0 217.0 
61.0 58.0 61.0 62.0 
55.0 59.0 59.0 57.0 
54.0 59.0 58.0 55.0 
304.0 603.0 96.0 208.0 
57.0 54.0 60.0 61.0 
57.0 44.0 62.0 54.0 
52.0 49.0 58.0 58.0 
335.0 634.0 94.0 213.0 
60.0 54.0 61.0 62.0 
55.0 52.0 60.0 53.0 
48.0 61.0 56.0 58.0 
358.0 654.0 92.0 214.0 
57.0 57.0 59.0 64.0 
57.0 45.0 60.0 57.0 
56.0 44.0 61.0 55.0 
380.0 627.0 92.0 210.0 
59.0 57.0 59.0 65.0 
53.0 48.0 59.0 57.0 
52.0 49.0 60.0 55.0 
401.0 619.0 89.0 205.0 
59.0 59.0 58.0 65.0 
50.0 48.0 60.0 55.0 
49.0 48.0 57.0 59.0 
431.0 615.0 93.0 199.0 
61.0 56.0 62.0 61.0 
53.0 46.0 62.0 54.0 
50.0 48.0 60.0 57.0 
475.0 589.0 98.0 193.0 
58.0 58.0 60.0 62.0 
54.0 46.0 61.0 55.0 
51.0 47.0 60.0 56.0 
499.0 560.0 103.0 185.0 
59.0 59.0 60.0 64.0 
49.0 50.0 58.0 60.0 
53.0 46.0 60.0 56.0 
510.0 505.0 105.0 173.0 
62.0 60.0 61.0 64.0 
49.0 49.0 61.0 59.0 
50.0 47.0 60.0 58.0 
484.0 437.0 102.0 156.0 
62.0 60.0 60.0 66.0 
50.0 53.0 58.0 60.0 
52.0 48.0 60.0 58.0 
487.0 377.0 105.0 146.0 
63.0 58.0 62.0 64.0 
51.0 51.0 59.0 59.0 
48.0 52.0 60.0 57.0 
509.0 349.0 110.0 140.0 
61.0 60.0 62.0 63.0 
46.0 56.0 58.0 62.0 
47.0 54.0 59.0 59.0 
496.0 311.0 109.0 135.0 
61.0 58.0 64.0 61.0 
52.0 54.0 56.0 60.0 
48.0 56.0 58.0 57.0 
519.0 304.0 117.0 131.0 
58.0 63.0 60.0 65.0 
49.0 54.0 58.0 59.0 
47.0 54.0 58.0 59.0 
545.0 301.0 126.0 132.0 
61.0 58.0 66.0 64.0 
47.0 56.0 57.0 59.0 
48.0 54.0 59.0 59.0 
539.0 283.0 137.0 128.0 
60.0 59.0 65.0 60.0 
52.0 52.0 59.0 56.0 
48.0 52.0 60.0 56.0 
535.0 204.0 146.0 109.0 
57.0 64.0 61.0 66.0 
49.0 56.0 59.0 58.0 
44.0 57.0 57.0 60.0 
527.0 186.0 154.0 105.0 
56.0 62.0 62.0 64.0 
46.0 56.0 59.0 57.0 
45.0 56.0 56.0 63.0 
510.0 178.0 163.0 106.0 
58.0 57.0 63.0 59.0 
50.0 53.0 60.0 58.0 
46.0 57.0 58.0 59.0 
502.0 176.0 176.0 108.0 
52.0 61.0 58.0 63.0 
52.0 56.0 57.0 59.0 
46.0 58.0 56.0 61.0 
494.0 168.0 188.0 107.0 
53.0 61.0 58.0 63.0 
49.0 55.0 58.0 58.0 
47.0 58.0 56.0 59.0 
432.0 156.0 203.0 106.0 
53.0 59.0 59.0 61.0 
48.0 60.0 52.0 61.0 
52.0 56.0 58.0 59.0 
404.0 149.0 224.0 100.0 
51.0 59.0 57.0 61.0 
54.0 54.0 57.0 59.0 
49.0 57.0 58.0 57.0 
378.0 144.0 244.0 102.0 
51.0 60.0 58.0 58.0 
54.0 57.0 55.0 60.0 
50.0 57.0 55.0 58.0 
355.0 140.0 264.0 109.0 
59.0 55.0 58.0 59.0 
56.0 55.0 55.0 60.0 
50.0 60.0 53.0 61.0 
341.0 135.0 288.0 104.0 
51.0 61.0 53.0 62.0 
56.0 55.0 58.0 57.0 
52.0 57.0 54.0 58.0 
313.0 134.0 300.0 108.0 
59.0 55.0 56.0 60.0 
54.0 60.0 52.0 61.0 
54.0 57.0 52.0 62.0 
303.0 127.0 311.0 105.0 
55.0 57.0 54.0 61.0 
54.0 56.0 55.0 57.0 
49.0 61.0 51.0 61.0 
291.0 125.0 315.0 108.0 
54.0 57.0 54.0 58.0 
50.0 60.0 51.0 61.0 
54.0 57.0 53.0 57.0 
267.0 127.0 328.0 112.0 
59.0 54.0 56.0 56.0 
53.0 60.0 51.0 61.0 
54.0 59.0 51.0 60.0 
266.0 116.0 343.0 113.0 
56.0 58.0 51.0 56.0 
56.0 56.0 54.0 56.0 
54.0 58.0 52.0 58.0 
250.0 113.0 354.0 112.0 
54.0 59.0 53.0 57.0 
53.0 61.0 53.0 58.0 
52.0 61.0 49.0 58.0 
243.0 112.0 395.0 123.0 
55.0 55.0 54.0 57.0 
57.0 57.0 51.0 61.0 
57.0 55.0 53.0 57.0 
239.0 113.0 403.0 129.0 
54.0 60.0 50.0 59.0 
51.0 61.0 49.0 62.0 
59.0 56.0 52.0 58.0 
241.0 113.0 446.0 143.0 
53.0 61.0 48.0 60.0 
60.0 56.0 52.0 56.0 
55.0 58.0 51.0 57.0 
233.0 113.0 451.0 148.0 
55.0 60.0 48.0 60.0 
55.0 58.0 51.0 58.0 
55.0 60.0 47.0 60.0 
235.0 120.0 493.0 175.0 
59.0 56.0 49.0 60.0 
52.0 58.0 50.0 55.0 
52.0 62.0 47.0 59.0 
236.0 122.0 495.0 183.0 
53.0 61.0 48.0 58.0 
52.0 61.0 46.0 59.0 
58.0 57.0 50.0 54.0 
198.0 126.0 503.0 223.0 
59.0 56.0 52.0 57.0 
54.0 61.0 49.0 59.0 
61.0 57.0 49.0 56.0 
209.0 133.0 493.0 254.0 
57.0 57.0 51.0 56.0 
56.0 59.0 50.0 57.0 
60.0 56.0 52.0 53.0 
191.0 132.0 481.0 265.0 
56.0 60.0 48.0 57.0 
53.0 59.0 50.0 53.0 
57.0 58.0 52.0 55.0 
149.0 130.0 454.0 283.0 
58.0 58.0 49.0 58.0 
58.0 57.0 50.0 56.0 
57.0 58.0 51.0 51.0 
147.0 129.0 461.0 309.0 
56.0 58.0 51.0 55.0 
55.0 58.0 50.0 52.0 
55.0 62.0 47.0 56.0 
138.0 133.0 433.0 319.0 
56.0 58.0 52.0 54.0 
56.0 60.0 49.0 57.0 
58.0 58.0 50.0 55.0 
140.0 133.0 411.0 331.0 
56.0 58.0 53.0 54.0 
63.0 54.0 55.0 51.0 
54.0 60.0 49.0 53.0 
142.0 139.0 361.0 351.0 
62.0 55.0 52.0 55.0 
55.0 61.0 52.0 54.0 
59.0 58.0 52.0 55.0 
137.0 141.0 340.0 354.0 
56.0 60.0 53.0 50.0 
53.0 61.0 51.0 56.0 
57.0 57.0 53.0 51.0 
132.0 149.0 289.0 368.0 
59.0 57.0 53.0 55.0 
58.0 57.0 55.0 50.0 
58.0 60.0 52.0 55.0 
139.0 166.0 288.0 396.0 
62.0 53.0 57.0 51.0 
54.0 58.0 54.0 52.0 
55.0 58.0 55.0 51.0 
136.0 179.0 254.0 395.0 
57.0 57.0 56.0 52.0 
61.0 54.0 58.0 50.0 
54.0 59.0 54.0 51.0 
140.0 189.0 241.0 425.0 
58.0 54.0 57.0 51.0 
57.0 56.0 54.0 52.0 
60.0 58.0 54.0 53.0 
152.0 199.0 233.0 453.0 
60.0 54.0 57.0 49.0 
54.0 59.0 54.0 51.0 
61.0 55.0 57.0 46.0 
157.0 215.0 213.0 471.0 
59.0 55.0 57.0 51.0 
61.0 54.0 59.0 49.0 
56.0 57.0 56.0 50.0 
157.0 239.0 196.0 465.0 
54.0 57.0 56.0 51.0 
58.0 56.0 58.0 52.0 
57.0 56.0 57.0 51.0 
148.0 239.0 186.0 435.0 
58.0 56.0 55.0 48.0 
53.0 55.0 60.0 50.0 
56.0 52.0 59.0 51.0 
161.0 254.0 177.0 433.0 
61.0 53.0 57.0 53.0 
55.0 56.0 58.0 48.0 
54.0 58.0 55.0 52.0 
155.0 273.0 185.0 444.0 
60.0 52.0 60.0 49.0 
57.0 54.0 58.0 51.0 
62.0 52.0 58.0 49.0 
164.0 285.0 191.0 431.0 
57.0 55.0 57.0 52.0 
58.0 53.0 58.0 51.0 
60.0 51.0 59.0 49.0 
161.0 294.0 185.0 408.0 
55.0 56.0 56.0 53.0 
60.0 54.0 57.0 51.0 
59.0 53.0 58.0 52.0 
183.0 371.0 179.0 404.0 
56.0 51.0 60.0 54.0 
58.0 50.0 60.0 50.0 
57.0 51.0 60.0 49.0 
181.0 395.0 171.0 395.0 
60.0 51.0 59.0 53.0 
60.0 50.0 60.0 50.0 
54.0 54.0 55.0 56.0 
187.0 419.0 173.0 385.0 
54.0 56.0 55.0 57.0 
56.0 52.0 57.0 53.0 
54.0 53.0 55.0 55.0 
215.0 430.0 163.0 342.0 
55.0 56.0 56.0 55.0 
58.0 51.0 59.0 53.0 
54.0 53.0 56.0 56.0 
186.0 456.0 158.0 346.0 
56.0 53.0 59.0 56.0 
59.0 51.0 57.0 56.0 
59.0 52.0 56.0 54.0 
195.0 463.0 124.0 304.0 
61.0 49.0 60.0 56.0 
61.0 47.0 61.0 52.0 
55.0 51.0 57.0 56.0 
197.0 495.0 127.0 309.0 
61.0 50.0 60.0 54.0 
59.0 47.0 60.0 54.0 
55.0 49.0 60.0 52.0 
231.0 496.0 123.0 285.0 
57.0 52.0 58.0 58.0 
56.0 50.0 59.0 55.0 
53.0 52.0 57.0 57.0 
253.0 507.0 120.0 267.0 
54.0 55.0 58.0 59.0 
54.0 50.0 58.0 59.0 
58.0 46.0 60.0 54.0 
259.0 505.0 114.0 257.0 
57.0 52.0 56.0 59.0 
52.0 48.0 61.0 52.0 
52.0 49.0 59.0 56.0 
254.0 511.0 112.0 250.0 
60.0 51.0 62.0 56.0 
56.0 46.0 61.0 55.0 
53.0 49.0 59.0 56.0 
270.0 506.0 110.0 229.0 
57.0 53.0 57.0 57.0 
55.0 52.0 57.0 59.0 
58.0 46.0 61.0 55.0 
287.0 523.0 112.0 228.0 
53.0 54.0 58.0 58.0 
57.0 49.0 60.0 57.0 
58.0 47.0 59.0 57.0 
324.0 529.0 112.0 225.0 
58.0 48.0 61.0 57.0 
55.0 46.0 62.0 55.0 
51.0 50.0 59.0 55.0 
337.0 527.0 108.0 222.0 
54.0 55.0 56.0 58.0 
50.0 49.0 59.0 56.0 
52.0 51.0 57.0 58.0 
355.0 526.0 109.0 218.0 
57.0 49.0 61.0 57.0 
56.0 46.0 60.0 56.0 
49.0 50.0 59.0 58.0 
365.0 509.0 105.0 204.0 
57.0 46.0 61.0 55.0 
50.0 51.0 59.0 57.0 
53.0 47.0 59.0 56.0 
378.0 496.0 104.0 196.0 
55.0 49.0 60.0 56.0 
53.0 48.0 59.0 59.0 
55.0 46.0 62.0 58.0 
384.0 488.0 100.0 190.0 
51.0 51.0 60.0 57.0 
52.0 49.0 62.0 56.0 
52.0 47.0 61.0 57.0 
407.0 486.0 100.0 191.0 
55.0 51.0 57.0 54.0 
49.0 51.0 60.0 55.0 
48.0 52.0 58.0 58.0 
422.0 477.0 100.0 183.0 
51.0 51.0 59.0 56.0 
53.0 48.0 62.0 55.0 
47.0 51.0 58.0 59.0 
425.0 467.0 99.0 180.0 
51.0 51.0 58.0 58.0 
48.0 53.0 55.0 60.0 
51.0 50.0 59.0 58.0 
431.0 451.0 96.0 177.0 
49.0 52.0 57.0 59.0 
53.0 49.0 62.0 55.0 
49.0 51.0 58.0 60.0 
445.0 441.0 97.0 174.0 
55.0 51.0 57.0 59.0 
47.0 51.0 61.0 57.0 
50.0 52.0 57.0 59.0 
448.0 410.0 95.0 153.0 
53.0 52.0 56.0 61.0 
55.0 49.0 61.0 57.0 
47.0 54.0 58.0 60.0 
462.0 401.0 96.0 149.0 
54.0 50.0 59.0 58.0 
53.0 50.0 62.0 56.0 
50.0 51.0 59.0 59.0 
475.0 393.0 96.0 147.0 
53.0 50.0 60.0 57.0 
47.0 54.0 57.0 61.0 
50.0 51.0 59.0 58.0 
484.0 360.0 99.0 135.0 
51.0 52.0 59.0 59.0 
53.0 51.0 61.0 59.0 
49.0 50.0 61.0 60.0 
477.0 347.0 94.0 137.0 
52.0 55.0 57.0 60.0 
52.0 51.0 59.0 57.0 
49.0 50.0 62.0 55.0 
473.0 328.0 91.0 132.0 
53.0 51.0 60.0 58.0 
53.0 51.0 61.0 57.0 
45.0 55.0 58.0 59.0 
504.0 311.0 92.0 127.0 
47.0 56.0 57.0 60.0 
48.0 54.0 59.0 59.0 
47.0 55.0 58.0 61.0 
521.0 313.0 92.0 128.0 
47.0 56.0 57.0 61.0 
51.0 51.0 61.0 56.0 
46.0 55.0 59.0 60.0 
520.0 310.0 94.0 127.0 
48.0 53.0 59.0 56.0 
46.0 52.0 61.0 57.0 
47.0 52.0 62.0 58.0 
522.0 305.0 96.0 126.0 
48.0 54.0 57.0 60.0 
46.0 55.0 57.0 60.0 
50.0 51.0 61.0 57.0 
500.0 298.0 92.0 127.0 
53.0 50.0 60.0 57.0 
52.0 51.0 62.0 57.0 
45.0 56.0 58.0 60.0 
481.0 282.0 94.0 117.0 
50.0 54.0 58.0 59.0 
52.0 51.0 61.0 58.0 
50.0 52.0 61.0 57.0 
470.0 229.0 86.0 112.0 
50.0 56.0 59.0 60.0 
48.0 56.0 60.0 59.0 
48.0 55.0 60.0 62.0 
457.0 188.0 86.0 99.0 
50.0 57.0 57.0 60.0 
49.0 55.0 59.0 61.0 
52.0 57.0 58.0 60.0 
422.0 168.0 83.0 94.0 
48.0 59.0 56.0 62.0 
51.0 56.0 60.0 60.0 
49.0 55.0 63.0 58.0 
423.0 169.0 84.0 96.0 
48.0 58.0 57.0 60.0 
47.0 58.0 60.0 61.0 
52.0 55.0 61.0 57.0 
406.0 169.0 83.0 94.0 
47.0 59.0 57.0 61.0 
52.0 54.0 61.0 58.0 
51.0 55.0 62.0 57.0 
385.0 162.0 83.0 92.0 
48.0 57.0 60.0 59.0 
52.0 54.0 62.0 56.0 
49.0 58.0 57.0 62.0 
357.0 143.0 82.0 85.0 
48.0 57.0 60.0 56.0 
54.0 56.0 60.0 61.0 
51.0 54.0 62.0 57.0 
354.0 137.0 80.0 89.0 
52.0 54.0 61.0 61.0 
51.0 57.0 59.0 60.0 
53.0 56.0 61.0 58.0 
343.0 128.0 83.0 85.0 
50.0 58.0 58.0 59.0 
54.0 54.0 62.0 57.0 
49.0 57.0 59.0 60.0 
333.0 126.0 81.0 84.0 
55.0 54.0 60.0 59.0 
50.0 56.0 61.0 58.0 
50.0 58.0 61.0 59.0 
332.0 128.0 81.0 84.0 
53.0 56.0 59.0 60.0 
51.0 60.0 58.0 60.0 
48.0 59.0 60.0 57.0 
309.0 118.0 80.0 85.0 
56.0 56.0 57.0 62.0 
49.0 59.0 60.0 59.0 
51.0 61.0 58.0 62.0 
297.0 123.0 78.0 84.0 
50.0 60.0 57.0 63.0 
54.0 57.0 60.0 58.0 
52.0 57.0 59.0 60.0 
299.0 117.0 79.0 83.0 
52.0 57.0 58.0 59.0 
49.0 59.0 57.0 61.0 
51.0 59.0 59.0 61.0 
290.0 118.0 77.0 84.0 
50.0 60.0 57.0 58.0 
55.0 56.0 59.0 61.0 
54.0 56.0 62.0 58.0 
292.0 115.0 78.0 85.0 
56.0 56.0 59.0 61.0 
54.0 57.0 58.0 61.0 
52.0 58.0 60.0 58.0 
284.0 112.0 80.0 80.0 
53.0 58.0 57.0 62.0 
49.0 61.0 59.0 60.0 
55.0 56.0 60.0 60.0 
278.0 112.0 79.0 83.0 
55.0 56.0 59.0 59.0 
55.0 56.0 62.0 58.0 
48.0 62.0 57.0 64.0 
266.0 109.0 77.0 81.0 
56.0 56.0 60.0 56.0 
51.0 58.0 58.0 62.0 
53.0 58.0 60.0 59.0 
267.0 112.0 79.0 80.0 
51.0 60.0 58.0 61.0 
50.0 61.0 58.0 60.0 
53.0 62.0 58.0 59.0 
258.0 111.0 80.0 77.0 
54.0 55.0 61.0 56.0 
50.0 60.0 57.0 61.0 
57.0 55.0 62.0 58.0 
260.0 106.0 81.0 79.0 
50.0 60.0 58.0 60.0 
57.0 55.0 62.0 57.0 
50.0 61.0 57.0 62.0 
246.0 107.0 79.0 82.0 
56.0 55.0 62.0 56.0 
51.0 61.0 58.0 63.0 
51.0 59.0 58.0 62.0 
244.0 104.0 82.0 77.0 
55.0 56.0 60.0 62.0 
52.0 60.0 57.0 63.0 
53.0 60.0 59.0 62.0 
236.0 103.0 80.0 79.0 
55.0 57.0 58.0 61.0 
53.0 57.0 61.0 61.0 
55.0 59.0 58.0 60.0 
230.0 105.0 80.0 76.0 
51.0 61.0 56.0 61.0 
52.0 60.0 57.0 63.0 
57.0 57.0 60.0 61.0 
216.0 96.0 77.0 78.0 
57.0 58.0 59.0 60.0 
56.0 57.0 59.0 60.0 
53.0 59.0 60.0 59.0 
223.0 96.0 79.0 78.0 
58.0 55.0 60.0 59.0 
52.0 59.0 61.0 60.0 
51.0 61.0 59.0 61.0 
220.0 93.0 79.0 76.0 
54.0 58.0 58.0 59.0 
57.0 56.0 62.0 58.0 
51.0 61.0 59.0 60.0 
221.0 89.0 80.0 77.0 
56.0 59.0 58.0 62.0 
52.0 59.0 62.0 57.0 
53.0 58.0 61.0 57.0 
220.0 89.0 81.0 77.0 
52.0 59.0 58.0 59.0 
52.0 59.0 61.0 58.0 
51.0 61.0 58.0 62.0 
206.0 92.0 77.0 79.0 
58.0 57.0 59.0 59.0 
57.0 56.0 60.0 60.0 
52.0 60.0 60.0 61.0 
188.0 91.0 75.0 74.0 
52.0 60.0 57.0 59.0 
57.0 58.0 63.0 57.0 
58.0 56.0 62.0 60.0 
189.0 86.0 77.0 73.0 
56.0 58.0 59.0 59.0 
58.0 58.0 60.0 62.0 
59.0 58.0 59.0 63.0 
196.0 98.0 78.0 76.0 
54.0 56.0 62.0 59.0 
55.0 62.0 58.0 61.0 
56.0 59.0 57.0 63.0 
204.0 102.0 73.0 79.0 
59.0 55.0 61.0 56.0 
55.0 58.0 60.0 58.0 
52.0 61.0 58.0 62.0 
205.0 96.0 74.0 77.0 
57.0 56.0 60.0 59.0 
52.0 61.0 58.0 63.0 
54.0 58.0 60.0 61.0 
207.0 96.0 78.0 74.0 
56.0 56.0 61.0 56.0 
53.0 59.0 59.0 61.0 
55.0 59.0 60.0 60.0 
209.0 100.0 80.0 76.0 
52.0 59.0 58.0 58.0 
56.0 55.0 61.0 59.0 
51.0 59.0 60.0 59.0 
212.0 98.0 82.0 78.0 
54.0 57.0 60.0 59.0 
54.0 59.0 59.0 60.0 
54.0 61.0 57.0 62.0 
217.0 101.0 83.0 77.0 
54.0 58.0 56.0 61.0 
53.0 59.0 59.0 60.0 
56.0 58.0 60.0 59.0 
214.0 104.0 78.0 82.0 
56.0 57.0 59.0 59.0 
54.0 58.0 58.0 60.0 
51.0 61.0 57.0 62.0 
215.0 104.0 79.0 81.0 
58.0 54.0 60.0 56.0 
54.0 59.0 60.0 58.0 
55.0 62.0 58.0 61.0 
221.0 103.0 81.0 79.0 
52.0 58.0 59.0 57.0 
53.0 59.0 60.0 59.0 
55.0 57.0 60.0 59.0 
219.0 104.0 80.0 79.0 
54.0 56.0 59.0 57.0 
54.0 57.0 59.0 61.0 
54.0 59.0 58.0 60.0 
215.0 106.0 80.0 80.0 
57.0 55.0 61.0 59.0 
57.0 56.0 62.0 57.0 
52.0 61.0 57.0 63.0 
219.0 103.0 81.0 78.0 
54.0 58.0 58.0 60.0 
55.0 58.0 60.0 61.0 
58.0 56.0 62.0 57.0 
214.0 107.0 78.0 82.0 
55.0 58.0 60.0 58.0 
55.0 54.0 60.0 60.0 
58.0 57.0 59.0 63.0 
219.0 106.0 81.0 78.0 
52.0 59.0 56.0 62.0 
52.0 59.0 59.0 60.0 
55.0 60.0 58.0 63.0 
217.0 106.0 79.0 81.0 
57.0 56.0 60.0 58.0 
58.0 56.0 60.0 61.0 
53.0 58.0 62.0 59.0 
218.0 105.0 80.0 80.0 
56.0 56.0 60.0 57.0 
54.0 58.0 60.0 60.0 
59.0 55.0 63.0 56.0 
219.0 103.0 80.0 78.0 
54.0 58.0 60.0 59.0 
58.0 56.0 60.0 57.0 
54.0 59.0 59.0 63.0 
216.0 105.0 80.0 77.0 
59.0 57.0 59.0 61.0 
54.0 57.0 59.0 61.0 
56.0 58.0 58.0 62.0 
221.0 104.0 82.0 78.0 
52.0 59.0 57.0 62.0 
50.0 60.0 60.0 60.0 
54.0 62.0 57.0 62.0 
221.0 104.0 79.0 79.0 
53.0 59.0 58.0 62.0 
51.0 61.0 58.0 62.0 
57.0 55.0 61.0 58.0 
220.0 106.0 78.0 83.0 
53.0 59.0 58.0 56.0 
55.0 58.0 60.0 59.0 
51.0 62.0 58.0 59.0 
217.0 107.0 77.0 82.0 
55.0 56.0 59.0 59.0 
57.0 56.0 61.0 58.0 
53.0 58.0 60.0 58.0 
219.0 106.0 80.0 76.0 
53.0 56.0 62.0 58.0 
59.0 57.0 60.0 61.0 
54.0 56.0 62.0 58.0 
220.0 103.0 69.0 77.0 
57.0 55.0 61.0 58.0 
58.0 56.0 62.0 60.0 
51.0 59.0 59.0 63.0 
215.0 106.0 67.0 76.0 
55.0 57.0 60.0 60.0 
54.0 58.0 60.0 59.0 
54.0 60.0 60.0 61.0 
220.0 104.0 69.0 77.0 
55.0 58.0 60.0 57.0 
54.0 58.0 61.0 59.0 
53.0 59.0 60.0 60.0 
220.0 104.0 69.0 75.0 
52.0 58.0 59.0 59.0 
55.0 56.0 62.0 60.0 
56.0 57.0 60.0 60.0 
219.0 102.0 70.0 73.0 
54.0 59.0 59.0 59.0 
53.0 58.0 60.0 60.0 
55.0 59.0 60.0 61.0 
216.0 103.0 66.0 73.0 
54.0 59.0 59.0 60.0 
56.0 56.0 61.0 59.0 
51.0 61.0 59.0 62.0 
215.0 106.0 65.0 78.0 
57.0 56.0 60.0 59.0 
56.0 59.0 61.0 59.0 
50.0 62.0 58.0 63.0 
215.0 104.0 65.0 77.0 
54.0 59.0 58.0 62.0 
56.0 57.0 62.0 58.0 
52.0 60.0 57.0 63.0 
220.0 102.0 68.0 77.0 
59.0 55.0 59.0 61.0 
52.0 59.0 64.0 57.0 
51.0 58.0 62.0 59.0 
219.0 103.0 66.0 77.0 
58.0 55.0 61.0 57.0 
54.0 57.0 62.0 58.0 
54.0 58.0 61.0 59.0 
215.0 106.0 65.0 77.0 
55.0 58.0 59.0 62.0 
54.0 57.0 62.0 58.0 
55.0 58.0 60.0 60.0 
219.0 102.0 67.0 74.0 
57.0 54.0 62.0 56.0 
52.0 59.0 59.0 62.0 
55.0 57.0 60.0 60.0 
221.0 100.0 68.0 71.0 
55.0 57.0 60.0 59.0 
57.0 57.0 60.0 60.0 
56.0 56.0 62.0 60.0 
218.0 105.0 63.0 76.0 
59.0 57.0 58.0 59.0 
54.0 58.0 59.0 60.0 
53.0 59.0 60.0 61.0 
215.0 105.0 63.0 76.0 
57.0 55.0 62.0 55.0 
57.0 57.0 62.0 59.0 
52.0 60.0 61.0 59.0 
218.0 103.0 65.0 73.0 
57.0 55.0 60.0 58.0 
54.0 58.0 60.0 60.0 
56.0 56.0 63.0 59.0 
218.0 104.0 64.0 74.0 
58.0 55.0 62.0 58.0 
50.0 60.0 57.0 63.0 
54.0 59.0 59.0 60.0 
219.0 100.0 67.0 71.0 
52.0 59.0 59.0 59.0 
55.0 56.0 60.0 62.0 
57.0 57.0 61.0 62.0 
215.0 105.0 64.0 74.0 
51.0 59.0 59.0 59.0 
56.0 58.0 60.0 60.0 
53.0 59.0 59.0 58.0 
218.0 101.0 65.0 73.0 
53.0 60.0 58.0 59.0 
52.0 59.0 59.0 60.0 
54.0 59.0 60.0 63.0 
215.0 102.0 65.0 76.0 
54.0 57.0 59.0 60.0 
51.0 58.0 60.0 61.0 
52.0 60.0 59.0 62.0 
220.0 100.0 68.0 70.0 
55.0 56.0 60.0 61.0 
55.0 58.0 62.0 59.0 
54.0 59.0 58.0 63.0 
216.0 105.0 64.0 74.0 
54.0 60.0 59.0 59.0 
53.0 56.0 62.0 58.0 
52.0 59.0 62.0 58.0 
219.0 103.0 66.0 73.0 
54.0 57.0 59.0 59.0 
51.0 61.0 58.0 63.0 
53.0 59.0 60.0 61.0 
213.0 105.0 64.0 74.0 
57.0 56.0 61.0 59.0 
57.0 56.0 63.0 58.0 
51.0 61.0 58.0 62.0 
216.0 101.0 66.0 73.0 
58.0 55.0 62.0 58.0 
52.0 60.0 57.0 63.0 
51.0 60.0 58.0 64.0 
213.0 106.0 63.0 77.0 
55.0 59.0 58.0 61.0 
57.0 56.0 63.0 60.0 
56.0 56.0 62.0 60.0 
212.0 106.0 63.0 77.0 
56.0 56.0 58.0 60.0 
56.0 58.0 61.0 60.0 
52.0 61.0 60.0 60.0 
217.0 103.0 66.0 73.0 
55.0 57.0 59.0 59.0 
57.0 55.0 62.0 58.0 
50.0 61.0 59.0 62.0 
216.0 105.0 65.0 77.0 
57.0 55.0 60.0 62.0 
54.0 59.0 59.0 62.0 
56.0 56.0 60.0 60.0 
220.0 101.0 67.0 73.0 
57.0 55.0 61.0 57.0 
57.0 59.0 61.0 60.0 
57.0 55.0 63.0 57.0 
215.0 103.0 64.0 77.0 
57.0 55.0 59.0 59.0 
53.0 61.0 59.0 60.0 
55.0 58.0 60.0 63.0 
218.0 102.0 64.0 76.0 
57.0 55.0 61.0 59.0 
57.0 57.0 60.0 60.0 
53.0 60.0 60.0 59.0 
219.0 101.0 66.0 73.0 
53.0 61.0 57.0 61.0 
51.0 61.0 58.0 62.0 
57.0 57.0 61.0 59.0 
216.0 106.0 64.0 78.0 
56.0 55.0 60.0 57.0 
52.0 60.0 58.0 62.0 
55.0 59.0 60.0 60.0 
219.0 101.0 68.0 74.0 
56.0 56.0 61.0 58.0 
54.0 58.0 60.0 58.0 
53.0 62.0 59.0 61.0 
216.0 104.0 68.0 73.0 
52.0 59.0 59.0 58.0 
54.0 58.0 62.0 58.0 
53.0 61.0 59.0 62.0 
217.0 101.0 67.0 73.0 
51.0 61.0 57.0 57.0 
54.0 59.0 58.0 60.0 
53.0 60.0 61.0 61.0 
212.0 105.0 64.0 76.0 
57.0 55.0 61.0 56.0 
56.0 57.0 63.0 58.0 
54.0 59.0 60.0 62.0 
213.0 105.0 62.0 77.0 
54.0 58.0 60.0 60.0 
52.0 58.0 60.0 60.0 
51.0 61.0 58.0 64.0 
220.0 102.0 66.0 72.0 
51.0 60.0 57.0 61.0 
52.0 60.0 60.0 59.0 
51.0 60.0 61.0 57.0 
216.0 102.0 66.0 72.0 
52.0 60.0 59.0 61.0 
53.0 60.0 57.0 63.0 
54.0 59.0 60.0 58.0 
220.0 102.0 65.0 74.0 
57.0 55.0 61.0 56.0 
51.0 61.0 59.0 61.0 
55.0 58.0 60.0 63.0 
222.0 99.0 67.0 70.0 
54.0 59.0 59.0 60.0 
56.0 55.0 61.0 59.0 
54.0 57.0 60.0 59.0 
223.0 100.0 66.0 73.0 
56.0 56.0 61.0 57.0 
54.0 60.0 59.0 62.0 
57.0 56.0 63.0 57.0 
220.0 104.0 63.0 76.0 
57.0 57.0 57.0 56.0 
52.0 57.0 63.0 59.0 
53.0 59.0 62.0 58.0 
219.0 102.0 66.0 72.0 
54.0 60.0 57.0 62.0 
52.0 59.0 59.0 61.0 
56.0 56.0 61.0 57.0 
217.0 105.0 64.0 77.0 
55.0 55.0 62.0 57.0 
58.0 55.0 62.0 58.0 
52.0 61.0 58.0 62.0 
217.0 104.0 63.0 76.0 
53.0 58.0 57.0 61.0 
54.0 57.0 61.0 58.0 
54.0 58.0 61.0 57.0 
224.0 102.0 66.0 74.0 
57.0 56.0 60.0 59.0 
51.0 60.0 57.0 63.0 
56.0 54.0 63.0 60.0 
220.0 103.0 67.0 72.0 
56.0 57.0 58.0 62.0 
56.0 55.0 61.0 60.0 
52.0 58.0 61.0 58.0 
224.0 102.0 66.0 74.0 
55.0 56.0 63.0 58.0 
57.0 56.0 62.0 58.0 
51.0 61.0 58.0 63.0 
220.0 106.0 64.0 75.0 
55.0 56.0 59.0 60.0 
57.0 57.0 61.0 59.0 
50.0 61.0 58.0 64.0 
221.0 104.0 67.0 74.0 
52.0 60.0 58.0 60.0 
57.0 56.0 62.0 60.0 
56.0 56.0 64.0 58.0 
221.0 104.0 66.0 75.0 
53.0 58.0 59.0 58.0 
56.0 59.0 58.0 62.0 
55.0 60.0 59.0 62.0 
222.0 105.0 69.0 73.0 
51.0 58.0 59.0 59.0 
52.0 59.0 60.0 59.0 
54.0 59.0 58.0 63.0 
221.0 106.0 65.0 78.0 
54.0 57.0 59.0 59.0 
52.0 59.0 59.0 61.0 
55.0 57.0 60.0 60.0 
220.0 108.0 65.0 79.0 
56.0 55.0 62.0 58.0 
51.0 61.0 59.0 62.0 
53.0 59.0 60.0 61.0 
220.0 107.0 68.0 76.0 
56.0 57.0 60.0 60.0 
57.0 56.0 62.0 58.0 
55.0 58.0 60.0 60.0 
225.0 101.0 67.0 75.0 
54.0 55.0 60.0 60.0 
55.0 60.0 58.0 62.0 
55.0 57.0 60.0 62.0 
222.0 104.0 69.0 73.0 
53.0 59.0 58.0 61.0 
55.0 57.0 61.0 58.0 
50.0 61.0 57.0 62.0 
220.0 106.0 66.0 76.0 
57.0 55.0 60.0 61.0 
54.0 57.0 60.0 59.0 
53.0 59.0 59.0 61.0 
224.0 103.0 67.0 75.0 
57.0 55.0 62.0 57.0 
56.0 56.0 62.0 59.0 
57.0 56.0 62.0 58.0 
219.0 107.0 65.0 76.0 
52.0 60.0 58.0 61.0 
54.0 58.0 58.0 63.0 
57.0 56.0 61.0 60.0 
221.0 105.0 69.0 74.0 
51.0 61.0 57.0 60.0 
52.0 59.0 60.0 62.0 
56.0 56.0 61.0 59.0 
219.0 106.0 65.0 78.0 
57.0 54.0 62.0 56.0 
53.0 60.0 59.0 61.0 
55.0 58.0 60.0 63.0 
222.0 103.0 67.0 76.0 
57.0 55.0 61.0 58.0 
51.0 61.0 60.0 63.0 
55.0 58.0 61.0 60.0 
220.0 104.0 66.0 76.0 
58.0 55.0 62.0 58.0 
51.0 61.0 58.0 62.0 
52.0 59.0 60.0 61.0 
224.0 103.0 69.0 73.0 
52.0 59.0 59.0 59.0 
54.0 55.0 61.0 61.0 
55.0 56.0 61.0 61.0 
219.0 104.0 67.0 75.0 
54.0 58.0 59.0 59.0 
55.0 57.0 61.0 59.0 
52.0 59.0 60.0 58.0 
218.0 107.0 65.0 78.0 
54.0 58.0 60.0 57.0 
55.0 58.0 59.0 62.0 
56.0 56.0 61.0 59.0 
223.0 101.0 69.0 74.0 
50.0 60.0 57.0 63.0 
56.0 56.0 61.0 58.0 
53.0 58.0 59.0 61.0 
223.0 101.0 69.0 73.0 
55.0 57.0 57.0 59.0 
57.0 56.0 62.0 58.0 
50.0 61.0 59.0 61.0 
221.0 101.0 68.0 73.0 
54.0 56.0 61.0 58.0 
55.0 57.0 59.0 63.0 
58.0 57.0 60.0 61.0 
221.0 105.0 66.0 78.0 
54.0 57.0 60.0 60.0 
54.0 58.0 62.0 57.0 
53.0 61.0 57.0 63.0 
221.0 100.0 69.0 74.0 
51.0 58.0 59.0 59.0 
52.0 59.0 60.0 59.0 
54.0 59.0 60.0 63.0 
221.0 104.0 66.0 78.0 
55.0 58.0 59.0 61.0 
54.0 57.0 61.0 59.0 
53.0 59.0 61.0 60.0 
218.0 106.0 65.0 79.0 
54.0 58.0 59.0 58.0 
52.0 58.0 60.0 58.0 
51.0 60.0 60.0 58.0 
222.0 101.0 69.0 75.0 
54.0 56.0 61.0 57.0 
50.0 59.0 58.0 60.0 
55.0 59.0 60.0 63.0 
221.0 107.0 65.0 79.0 
53.0 57.0 59.0 58.0 
51.0 61.0 58.0 62.0 
56.0 57.0 61.0 59.0 
221.0 104.0 67.0 76.0 
55.0 57.0 59.0 60.0 
55.0 57.0 62.0 58.0 
51.0 60.0 59.0 61.0 
225.0 102.0 70.0 74.0 
55.0 56.0 61.0 57.0 
53.0 59.0 58.0 63.0 
54.0 58.0 61.0 62.0 
222.0 106.0 67.0 76.0 
53.0 58.0 62.0 58.0 
52.0 57.0 63.0 56.0 
50.0 61.0 59.0 62.0 
220.0 105.0 69.0 75.0 
51.0 59.0 58.0 59.0 
52.0 59.0 60.0 60.0 
55.0 58.0 59.0 60.0 
224.0 104.0 66.0 77.0 
53.0 57.0 59.0 59.0 
51.0 60.0 58.0 62.0 
57.0 56.0 63.0 58.0 
223.0 103.0 67.0 76.0 
53.0 58.0 59.0 58.0 
51.0 61.0 58.0 62.0 
53.0 58.0 60.0 61.0 
222.0 104.0 68.0 76.0 
52.0 59.0 58.0 60.0 
51.0 62.0 58.0 63.0 
54.0 56.0 63.0 58.0 
222.0 102.0 69.0 76.0 
52.0 57.0 60.0 56.0 
55.0 57.0 62.0 58.0 
52.0 59.0 58.0 62.0 
219.0 105.0 66.0 78.0 
57.0 55.0 62.0 56.0 
54.0 59.0 59.0 62.0 
56.0 57.0 63.0 58.0 
223.0 103.0 68.0 76.0 
55.0 58.0 59.0 59.0 
56.0 56.0 64.0 58.0 
54.0 59.0 60.0 60.0 
219.0 106.0 66.0 77.0 
56.0 55.0 61.0 56.0 
53.0 58.0 60.0 59.0 
51.0 59.0 59.0 61.0 
222.0 104.0 66.0 78.0 
57.0 55.0 61.0 57.0 
53.0 58.0 61.0 58.0 
50.0 61.0 60.0 58.0 
223.0 101.0 68.0 75.0 
54.0 56.0 62.0 57.0 
57.0 57.0 60.0 60.0 
52.0 57.0 61.0 60.0 
223.0 101.0 69.0 73.0 
52.0 60.0 58.0 59.0 
55.0 58.0 59.0 63.0 
56.0 57.0 62.0 59.0 
221.0 105.0 64.0 79.0 
54.0 57.0 61.0 58.0 
57.0 56.0 62.0 59.0 
55.0 57.0 62.0 58.0 
223.0 103.0 67.0 75.0 
51.0 61.0 57.0 61.0 
56.0 57.0 61.0 59.0 
52.0 61.0 58.0 62.0 
223.0 102.0 69.0 73.0 
51.0 59.0 58.0 57.0 
57.0 54.0 61.0 62.0 
58.0 56.0 61.0 59.0 
223.0 101.0 68.0 73.0 
51.0 60.0 56.0 62.0 
54.0 58.0 59.0 63.0 
54.0 55.0 63.0 57.0 
223.0 101.0 68.0 73.0 
53.0 58.0 59.0 59.0 
55.0 58.0 60.0 62.0 
53.0 58.0 61.0 59.0 
219.0 106.0 65.0 79.0 
53.0 58.0 57.0 62.0 
55.0 57.0 61.0 58.0 
54.0 58.0 61.0 58.0 
223.0 100.0 69.0 74.0 
54.0 57.0 60.0 59.0 
57.0 55.0 62.0 58.0 
51.0 61.0 60.0 59.0 
220.0 100.0 68.0 75.0 
56.0 56.0 62.0 62.0 
57.0 57.0 61.0 61.0 
53.0 56.0 63.0 58.0 
221.0 103.0 66.0 76.0 
54.0 57.0 61.0 57.0 
55.0 59.0 60.0 62.0 
54.0 59.0 62.0 59.0 
218.0 104.0 67.0 76.0 
54.0 58.0 57.0 62.0 
54.0 60.0 57.0 63.0 
57.0 55.0 62.0 58.0 
220.0 103.0 66.0 77.0 
56.0 54.0 61.0 58.0 
50.0 61.0 59.0 61.0 
51.0 60.0 58.0 64.0 
219.0 105.0 64.0 79.0 
56.0 55.0 61.0 59.0 
56.0 58.0 58.0 62.0 
55.0 58.0 58.0 62.0 
217.0 104.0 67.0 74.0 
54.0 56.0 60.0 59.0 
53.0 58.0 60.0 58.0 
54.0 61.0 58.0 63.0 
218.0 105.0 66.0 77.0 
57.0 55.0 60.0 59.0 
57.0 55.0 62.0 58.0 
51.0 61.0 58.0 63.0 
218.0 106.0 65.0 78.0 
57.0 55.0 62.0 56.0 
53.0 58.0 58.0 62.0 
55.0 58.0 60.0 59.0 
222.0 102.0 67.0 75.0 
57.0 55.0 61.0 60.0 
53.0 58.0 59.0 62.0 
55.0 56.0 64.0 58.0 
219.0 104.0 66.0 76.0 
52.0 60.0 58.0 58.0 
54.0 59.0 58.0 63.0 
56.0 56.0 60.0 60.0 
219.0 105.0 65.0 77.0 
57.0 55.0 62.0 56.0 
51.0 60.0 59.0 62.0 
57.0 56.0 61.0 58.0 
219.0 103.0 67.0 75.0 
57.0 56.0 59.0 58.0 
56.0 56.0 62.0 57.0 
52.0 61.0 58.0 63.0 
216.0 105.0 65.0 78.0 
57.0 55.0 62.0 57.0 
52.0 60.0 58.0 62.0 
55.0 56.0 62.0 59.0 
221.0 101.0 68.0 73.0 
53.0 58.0 58.0 61.0 
57.0 56.0 61.0 59.0 
52.0 59.0 62.0 57.0 
222.0 100.0 67.0 77.0 
56.0 54.0 60.0 60.0 
55.0 58.0 60.0 62.0 
56.0 56.0 63.0 57.0 
217.0 104.0 65.0 76.0 
57.0 55.0 61.0 56.0 
54.0 57.0 60.0 60.0 
54.0 59.0 58.0 63.0 
215.0 104.0 64.0 77.0 
57.0 54.0 62.0 62.0 
55.0 57.0 60.0 61.0 
56.0 56.0 63.0 59.0 
215.0 104.0 64.0 78.0 
55.0 56.0 62.0 57.0 
57.0 56.0 60.0 60.0 
55.0 58.0 61.0 60.0 
215.0 104.0 65.0 78.0 
56.0 54.0 61.0 58.0 
55.0 58.0 58.0 63.0 
56.0 59.0 58.0 63.0 
218.0 102.0 67.0 78.0 
54.0 57.0 60.0 59.0 
51.0 60.0 58.0 62.0 
56.0 58.0 61.0 60.0 
214.0 104.0 64.0 78.0 
56.0 56.0 61.0 57.0 
54.0 57.0 63.0 58.0 
51.0 60.0 58.0 61.0 
218.0 106.0 64.0 78.0 
56.0 56.0 61.0 58.0 
50.0 60.0 59.0 60.0 
51.0 61.0 59.0 62.0 
219.0 105.0 65.0 78.0 
52.0 60.0 58.0 62.0 
56.0 56.0 61.0 58.0 
51.0 61.0 57.0 62.0 
221.0 100.0 69.0 74.0 
54.0 56.0 62.0 57.0 
57.0 59.0 59.0 64.0 
57.0 56.0 62.0 59.0 
221.0 102.0 68.0 76.0 
52.0 59.0 59.0 59.0 
52.0 61.0 58.0 61.0 
55.0 57.0 60.0 60.0 
220.0 103.0 65.0 78.0 
57.0 55.0 60.0 58.0 
56.0 56.0 61.0 60.0 
52.0 60.0 60.0 60.0 
221.0 106.0 66.0 77.0 
52.0 60.0 57.0 62.0 
56.0 56.0 63.0 58.0 
54.0 58.0 62.0 59.0 
221.0 102.0 68.0 77.0 
57.0 55.0 62.0 57.0 
53.0 58.0 60.0 60.0 
53.0 62.0 59.0 60.0 
221.0 100.0 69.0 75.0 
55.0 56.0 62.0 58.0 
56.0 57.0 61.0 60.0 
53.0 58.0 61.0 58.0 
219.0 102.0 68.0 73.0 
53.0 59.0 58.0 60.0 
58.0 56.0 62.0 59.0 
53.0 61.0 58.0 64.0 
217.0 103.0 66.0 74.0 
54.0 59.0 57.0 62.0 
54.0 57.0 60.0 61.0 
52.0 60.0 59.0 61.0 
215.0 104.0 67.0 75.0 
52.0 60.0 58.0 58.0 
55.0 58.0 60.0 62.0 
55.0 59.0 59.0 61.0 
217.0 102.0 65.0 76.0 
54.0 57.0 62.0 61.0 
57.0 57.0 58.0 64.0 
57.0 57.0 60.0 60.0 
219.0 99.0 67.0 73.0 
54.0 56.0 61.0 57.0 
54.0 59.0 59.0 61.0 
53.0 59.0 59.0 61.0 
215.0 102.0 66.0 74.0 
57.0 57.0 60.0 58.0 
57.0 55.0 62.0 58.0 
54.0 60.0 59.0 61.0 
219.0 99.0 68.0 72.0 
51.0 60.0 57.0 62.0 
56.0 56.0 62.0 58.0 
53.0 57.0 59.0 61.0 
215.0 101.0 68.0 72.0 
53.0 58.0 59.0 59.0 
54.0 56.0 60.0 60.0 
55.0 58.0 60.0 60.0 
214.0 105.0 64.0 75.0 
53.0 57.0 61.0 57.0 
51.0 61.0 59.0 59.0 
53.0 59.0 59.0 60.0 
215.0 100.0 67.0 75.0 
54.0 57.0 59.0 60.0 
52.0 60.0 58.0 62.0 
54.0 58.0 61.0 60.0 
213.0 104.0 65.0 76.0 
57.0 56.0 61.0 57.0 
55.0 56.0 62.0 59.0 
56.0 58.0 60.0 59.0 
212.0 103.0 66.0 77.0 
55.0 57.0 60.0 57.0 
51.0 60.0 59.0 62.0 
51.0 62.0 59.0 64.0 
217.0 101.0 68.0 74.0 
56.0 56.0 61.0 57.0 
55.0 61.0 58.0 62.0 
57.0 58.0 58.0 62.0 
217.0 102.0 67.0 78.0 
56.0 55.0 61.0 56.0 
55.0 57.0 60.0 60.0 
56.0 57.0 62.0 61.0 
220.0 98.0 67.0 72.0 
52.0 60.0 56.0 62.0 
57.0 57.0 61.0 60.0 
53.0 58.0 60.0 59.0 
216.0 102.0 65.0 74.0 
52.0 59.0 58.0 61.0 
54.0 57.0 60.0 58.0 
53.0 59.0 60.0 59.0 
215.0 104.0 63.0 76.0 
57.0 56.0 62.0 58.0 
56.0 56.0 62.0 58.0 
54.0 59.0 61.0 60.0 
217.0 101.0 67.0 71.0 
53.0 60.0 59.0 60.0 
54.0 56.0 61.0 59.0 
52.0 59.0 62.0 58.0 
218.0 100.0 67.0 72.0 
55.0 57.0 59.0 59.0 
56.0 55.0 61.0 59.0 
52.0 59.0 60.0 59.0 
215.0 104.0 63.0 76.0 
56.0 54.0 62.0 62.0 
56.0 55.0 62.0 58.0 
50.0 60.0 59.0 63.0 
218.0 102.0 65.0 74.0 
58.0 55.0 61.0 57.0 
56.0 56.0 61.0 60.0 
57.0 56.0 63.0 58.0 
219.0 101.0 65.0 74.0 
57.0 55.0 61.0 58.0 
53.0 59.0 59.0 61.0 
56.0 57.0 61.0 60.0 
216.0 103.0 64.0 71.0 
50.0 57.0 61.0 57.0 
56.0 56.0 61.0 60.0 
56.0 57.0 63.0 60.0 
219.0 103.0 64.0 76.0 
57.0 57.0 59.0 62.0 
54.0 58.0 59.0 64.0 
54.0 58.0 63.0 58.0 
221.0 100.0 66.0 73.0 
56.0 55.0 60.0 59.0 
54.0 58.0 59.0 59.0 
55.0 59.0 60.0 61.0 
217.0 105.0 65.0 75.0 
52.0 60.0 57.0 62.0 
56.0 56.0 62.0 57.0 
56.0 57.0 61.0 57.0 
219.0 102.0 65.0 74.0 
56.0 56.0 61.0 59.0 
57.0 57.0 58.0 62.0 
56.0 57.0 61.0 60.0 
222.0 99.0 67.0 73.0 
55.0 55.0 61.0 61.0 
56.0 56.0 62.0 59.0 
52.0 60.0 60.0 60.0 
221.0 99.0 66.0 73.0 
53.0 57.0 59.0 59.0 
57.0 57.0 62.0 59.0 
52.0 61.0 59.0 62.0 
216.0 105.0 64.0 75.0 
57.0 55.0 61.0 58.0 
58.0 54.0 62.0 58.0 
54.0 57.0 60.0 59.0 
217.0 103.0 64.0 75.0 
54.0 58.0 59.0 60.0 
53.0 58.0 60.0 61.0 
52.0 60.0 59.0 62.0 
220.0 103.0 66.0 73.0 
52.0 60.0 58.0 59.0 
53.0 56.0 62.0 58.0 
51.0 59.0 62.0 58.0 
224.0 101.0 67.0 74.0 
57.0 56.0 59.0 59.0 
53.0 59.0 59.0 61.0 
56.0 57.0 61.0 59.0 
219.0 104.0 65.0 75.0 
57.0 55.0 61.0 58.0 
54.0 59.0 59.0 61.0 
57.0 57.0 61.0 58.0 
224.0 100.0 67.0 72.0 
52.0 58.0 58.0 59.0 
55.0 57.0 60.0 60.0 
55.0 57.0 62.0 58.0 
224.0 100.0 66.0 74.0 
57.0 56.0 62.0 59.0 
52.0 60.0 58.0 61.0 
56.0 58.0 61.0 61.0 
221.0 104.0 64.0 75.0 
57.0 56.0 59.0 61.0 
50.0 60.0 58.0 60.0 
56.0 57.0 63.0 59.0 
219.0 102.0 65.0 74.0 
52.0 58.0 59.0 60.0 
50.0 62.0 57.0 62.0 
52.0 59.0 60.0 61.0 
220.0 100.0 68.0 72.0 
52.0 60.0 57.0 60.0 
57.0 56.0 62.0 59.0 
50.0 61.0 59.0 60.0 
217.0 103.0 66.0 73.0 
51.0 61.0 57.0 61.0 
57.0 55.0 62.0 60.0 
56.0 56.0 63.0 58.0 
214.0 104.0 64.0 76.0 
54.0 58.0 59.0 61.0 
55.0 56.0 62.0 58.0 
56.0 56.0 60.0 62.0 
213.0 100.0 68.0 72.0 
52.0 58.0 58.0 61.0 
54.0 61.0 58.0 62.0 
54.0 58.0 62.0 58.0 
211.0 103.0 62.0 76.0 
55.0 56.0 60.0 58.0 
53.0 58.0 60.0 58.0 
54.0 61.0 58.0 62.0 
213.0 99.0 65.0 71.0 
56.0 56.0 61.0 63.0 
53.0 59.0 59.0 63.0 
54.0 59.0 60.0 61.0 
211.0 101.0 65.0 73.0 
56.0 57.0 59.0 59.0 
57.0 57.0 61.0 58.0 
54.0 58.0 59.0 60.0 
211.0 102.0 63.0 75.0 
58.0 55.0 58.0 62.0 
52.0 59.0 61.0 57.0 
51.0 60.0 60.0 60.0 
211.0 102.0 63.0 75.0 
54.0 58.0 60.0 57.0 
54.0 57.0 62.0 57.0 
50.0 61.0 59.0 62.0 
215.0 99.0 66.0 73.0 
55.0 58.0 60.0 57.0 
54.0 58.0 62.0 58.0 
52.0 61.0 57.0 63.0 
216.0 98.0 67.0 69.0 
52.0 60.0 57.0 61.0 
52.0 60.0 58.0 62.0 
53.0 60.0 60.0 62.0 
211.0 102.0 64.0 74.0 
53.0 57.0 60.0 60.0 
52.0 60.0 60.0 59.0 
53.0 62.0 58.0 60.0 
210.0 99.0 67.0 70.0 
54.0 57.0 60.0 57.0 
56.0 55.0 60.0 60.0 
53.0 58.0 62.0 58.0 
213.0 101.0 63.0 73.0 
57.0 56.0 59.0 60.0 
56.0 57.0 60.0 62.0 
53.0 59.0 60.0 59.0 
215.0 99.0 65.0 73.0 
55.0 56.0 62.0 57.0 
56.0 57.0 61.0 59.0 
51.0 61.0 59.0 61.0 
213.0 101.0 64.0 73.0 
55.0 57.0 60.0 59.0 
52.0 58.0 59.0 60.0 
52.0 61.0 58.0 63.0 
215.0 97.0 67.0 69.0 
53.0 61.0 58.0 60.0 
52.0 57.0 63.0 58.0 
53.0 60.0 61.0 59.0 
211.0 101.0 63.0 73.0 
55.0 56.0 59.0 59.0 
56.0 57.0 61.0 58.0 
50.0 60.0 61.0 60.0 
214.0 99.0 65.0 71.0 
52.0 60.0 58.0 62.0 
54.0 56.0 61.0 57.0 
53.0 58.0 60.0 61.0 
215.0 97.0 67.0 69.0 
51.0 60.0 57.0 61.0 
54.0 57.0 61.0 59.0 
53.0 58.0 60.0 61.0 
215.0 98.0 67.0 71.0 
55.0 56.0 61.0 58.0 
53.0 59.0 59.0 62.0 
57.0 56.0 63.0 58.0 
215.0 100.0 65.0 75.0 
57.0 57.0 58.0 59.0 
53.0 57.0 59.0 63.0 
58.0 56.0 62.0 58.0 
214.0 101.0 63.0 75.0 
56.0 56.0 62.0 56.0 
57.0 59.0 61.0 59.0 
51.0 61.0 58.0 62.0 
210.0 102.0 63.0 75.0 
55.0 57.0 60.0 59.0 
52.0 58.0 59.0 61.0 
57.0 56.0 63.0 57.0 
215.0 98.0 67.0 70.0 
52.0 60.0 58.0 60.0 
57.0 56.0 62.0 60.0 
55.0 56.0 63.0 57.0 
211.0 100.0 64.0 74.0 
53.0 60.0 58.0 62.0 
55.0 57.0 61.0 60.0 
51.0 61.0 60.0 61.0 
215.0 97.0 65.0 72.0 
55.0 59.0 59.0 61.0 
56.0 56.0 62.0 58.0 
51.0 62.0 57.0 62.0 
212.0 98.0 67.0 69.0 
53.0 59.0 58.0 62.0 
55.0 57.0 62.0 59.0 
51.0 59.0 60.0 60.0 
209.0 101.0 63.0 75.0 
56.0 56.0 61.0 58.0 
52.0 59.0 59.0 62.0 
56.0 58.0 61.0 61.0 
212.0 99.0 65.0 70.0 
56.0 56.0 61.0 61.0 
53.0 59.0 60.0 62.0 
57.0 57.0 61.0 58.0 
211.0 100.0 64.0 71.0 
56.0 58.0 57.0 62.0 
57.0 58.0 59.0 63.0 
57.0 59.0 60.0 64.0 
213.0 97.0 64.0 72.0 
54.0 58.0 59.0 59.0 
51.0 60.0 59.0 61.0 
55.0 59.0 59.0 62.0 
210.0 101.0 64.0 72.0 
57.0 56.0 61.0 58.0 
55.0 55.0 61.0 58.0 
51.0 60.0 60.0 60.0 
211.0 100.0 63.0 72.0 
57.0 57.0 60.0 59.0 
52.0 59.0 59.0 60.0 
51.0 61.0 58.0 62.0 
210.0 101.0 63.0 74.0 
56.0 57.0 60.0 58.0 
52.0 60.0 59.0 61.0 
56.0 58.0 60.0 62.0 
214.0 97.0 66.0 71.0 
56.0 56.0 59.0 60.0 
56.0 59.0 60.0 64.0 
57.0 57.0 62.0 60.0 
215.0 98.0 66.0 68.0 
51.0 60.0 58.0 60.0 
51.0 60.0 59.0 61.0 
56.0 58.0 60.0 59.0 
214.0 95.0 66.0 69.0 
52.0 57.0 59.0 60.0 
55.0 58.0 61.0 58.0 
53.0 61.0 59.0 62.0 
211.0 100.0 62.0 73.0 
54.0 58.0 58.0 62.0 
52.0 61.0 57.0 63.0 
51.0 60.0 60.0 62.0 
210.0 101.0 63.0 72.0 
57.0 55.0 62.0 56.0 
55.0 56.0 62.0 59.0 
53.0 57.0 62.0 59.0 
213.0 97.0 64.0 72.0 
58.0 57.0 59.0 59.0 
56.0 57.0 59.0 62.0 
57.0 57.0 61.0 60.0 
213.0 96.0 67.0 68.0 
51.0 59.0 58.0 61.0 
50.0 61.0 59.0 63.0 
55.0 58.0 62.0 58.0 
208.0 102.0 63.0 73.0 
52.0 60.0 57.0 62.0 
57.0 57.0 61.0 59.0 
56.0 58.0 62.0 59.0 
212.0 98.0 64.0 72.0 
55.0 57.0 59.0 61.0 
53.0 58.0 61.0 58.0 
53.0 60.0 60.0 61.0 
213.0 97.0 66.0 70.0 
53.0 57.0 62.0 57.0 
56.0 58.0 58.0 62.0 
57.0 57.0 60.0 61.0 
214.0 97.0 64.0 72.0 
57.0 54.0 62.0 62.0 
58.0 55.0 62.0 59.0 
52.0 61.0 58.0 62.0 
210.0 99.0 64.0 72.0 
52.0 58.0 59.0 60.0 
57.0 57.0 61.0 59.0 
51.0 61.0 58.0 63.0 
210.0 99.0 65.0 71.0 
58.0 55.0 62.0 58.0 
51.0 60.0 58.0 61.0 
52.0 61.0 58.0 62.0 
210.0 100.0 63.0 73.0 
53.0 60.0 58.0 61.0 
56.0 56.0 61.0 58.0 
51.0 61.0 59.0 61.0 
210.0 95.0 66.0 70.0 
54.0 56.0 61.0 59.0 
55.0 57.0 58.0 63.0 
56.0 55.0 62.0 58.0 
208.0 100.0 63.0 71.0 
52.0 61.0 58.0 59.0 
57.0 58.0 61.0 60.0 
53.0 60.0 60.0 61.0 
210.0 98.0 65.0 71.0 
58.0 55.0 61.0 58.0 
52.0 61.0 58.0 63.0 
53.0 60.0 58.0 62.0 
210.0 99.0 64.0 72.0 
58.0 55.0 62.0 57.0 
53.0 60.0 58.0 63.0 
54.0 58.0 60.0 59.0 
211.0 97.0 65.0 71.0 
56.0 56.0 61.0 61.0 
57.0 56.0 60.0 61.0 
56.0 57.0 60.0 64.0 
210.0 99.0 67.0 67.0 
52.0 60.0 58.0 60.0 
53.0 59.0 59.0 62.0 
57.0 57.0 61.0 59.0 
211.0 96.0 67.0 69.0 
54.0 60.0 57.0 63.0 
55.0 58.0 60.0 59.0 
51.0 61.0 59.0 62.0 
209.0 98.0 64.0 70.0 
53.0 60.0 58.0 61.0 
55.0 58.0 60.0 60.0 
52.0 60.0 58.0 60.0 
213.0 96.0 67.0 69.0 
55.0 56.0 61.0 56.0 
53.0 58.0 60.0 61.0 
57.0 56.0 62.0 59.0 
212.0 96.0 66.0 69.0 
56.0 58.0 58.0 61.0 
56.0 58.0 60.0 63.0 
58.0 56.0 61.0 60.0 
209.0 99.0 65.0 71.0 
52.0 59.0 57.0 61.0 
54.0 61.0 58.0 63.0 
57.0 57.0 60.0 59.0 
211.0 96.0 66.0 70.0 
52.0 60.0 57.0 61.0 
52.0 60.0 59.0 62.0 
57.0 56.0 61.0 58.0 
213.0 95.0 67.0 68.0 
55.0 57.0 62.0 61.0 
52.0 61.0 58.0 62.0 
53.0 61.0 58.0 63.0 
209.0 100.0 62.0 71.0 
53.0 59.0 58.0 60.0 
52.0 61.0 58.0 63.0 
57.0 57.0 61.0 60.0 
208.0 98.0 63.0 73.0 
55.0 58.0 57.0 61.0 
52.0 60.0 60.0 59.0 
53.0 61.0 57.0 62.0 
210.0 97.0 64.0 73.0 
55.0 55.0 61.0 57.0 
54.0 58.0 60.0 59.0 
55.0 57.0 60.0 60.0 
212.0 97.0 67.0 71.0 
54.0 58.0 59.0 59.0 
52.0 59.0 59.0 61.0 
57.0 57.0 62.0 58.0 
214.0 96.0 67.0 72.0 
52.0 60.0 58.0 60.0 
52.0 60.0 59.0 60.0 
51.0 61.0 58.0 63.0 
211.0 99.0 65.0 72.0 
56.0 57.0 60.0 59.0 
55.0 58.0 58.0 63.0 
56.0 58.0 59.0 63.0 
208.0 99.0 68.0 68.0 
52.0 59.0 60.0 59.0 
53.0 58.0 60.0 58.0 
53.0 59.0 59.0 63.0 
207.0 100.0 66.0 71.0 
56.0 57.0 58.0 60.0 
56.0 57.0 61.0 60.0 
51.0 60.0 59.0 62.0 
213.0 96.0 68.0 70.0 
52.0 59.0 58.0 60.0 
55.0 58.0 61.0 60.0 
57.0 57.0 61.0 59.0 
211.0 99.0 68.0 73.0 
58.0 56.0 60.0 58.0 
52.0 60.0 57.0 63.0 
54.0 58.0 62.0 57.0 
210.0 98.0 71.0 71.0 
53.0 57.0 62.0 58.0 
57.0 57.0 58.0 62.0 
57.0 56.0 61.0 60.0 
212.0 99.0 68.0 73.0 
54.0 57.0 60.0 59.0 
51.0 59.0 59.0 61.0 
57.0 56.0 62.0 58.0 
211.0 98.0 68.0 72.0 
56.0 55.0 61.0 58.0 
52.0 60.0 58.0 62.0 
56.0 57.0 63.0 58.0 
206.0 102.0 66.0 75.0 
55.0 58.0 58.0 62.0 
54.0 57.0 61.0 59.0 
51.0 60.0 60.0 60.0 
211.0 98.0 68.0 72.0 
57.0 55.0 61.0 56.0 
55.0 58.0 61.0 57.0 
52.0 60.0 59.0 59.0 
212.0 98.0 67.0 73.0 
58.0 56.0 61.0 62.0 
57.0 56.0 61.0 60.0 
53.0 60.0 60.0 62.0 
206.0 102.0 66.0 75.0 
58.0 55.0 61.0 57.0 
55.0 58.0 60.0 60.0 
53.0 58.0 63.0 57.0 
210.0 98.0 69.0 71.0 
51.0 60.0 56.0 62.0 
55.0 57.0 61.0 60.0 
51.0 61.0 58.0 61.0 
206.0 102.0 66.0 75.0 
54.0 59.0 59.0 60.0 
53.0 58.0 60.0 60.0 
51.0 61.0 59.0 63.0 
211.0 96.0 70.0 70.0 
51.0 60.0 58.0 60.0 
53.0 57.0 61.0 59.0 
53.0 59.0 62.0 59.0 
211.0 100.0 65.0 74.0 
53.0 60.0 57.0 60.0 
58.0 57.0 60.0 59.0 
53.0 59.0 60.0 58.0 
208.0 99.0 68.0 72.0 
57.0 56.0 62.0 58.0 
58.0 57.0 62.0 59.0 
51.0 61.0 60.0 61.0 
211.0 96.0 71.0 69.0 
54.0 59.0 58.0 60.0 
58.0 55.0 62.0 58.0 
55.0 58.0 61.0 59.0 
205.0 100.0 66.0 73.0 
52.0 60.0 57.0 57.0 
55.0 57.0 61.0 59.0 
52.0 61.0 59.0 62.0 
207.0 101.0 66.0 73.0 
53.0 60.0 58.0 57.0 
54.0 59.0 58.0 61.0 
56.0 58.0 58.0 63.0 
209.0 96.0 69.0 71.0 
52.0 60.0 56.0 61.0 
51.0 60.0 58.0 61.0 
57.0 56.0 61.0 59.0 
209.0 98.0 67.0 73.0 
54.0 57.0 61.0 56.0 
55.0 56.0 62.0 57.0 
51.0 62.0 58.0 63.0 
209.0 97.0 68.0 70.0 
56.0 57.0 60.0 57.0 
54.0 59.0 59.0 62.0 
55.0 59.0 60.0 61.0 
209.0 95.0 70.0 70.0 
51.0 60.0 58.0 62.0 
55.0 57.0 62.0 58.0 
51.0 60.0 61.0 58.0 
208.0 96.0 71.0 71.0 
53.0 57.0 62.0 56.0 
56.0 57.0 60.0 61.0 
54.0 59.0 61.0 60.0 
207.0 98.0 65.0 75.0 
57.0 57.0 59.0 59.0 
56.0 57.0 61.0 60.0 
53.0 59.0 59.0 61.0 
206.0 96.0 69.0 70.0 
52.0 60.0 57.0 57.0 
52.0 60.0 58.0 63.0 
54.0 58.0 61.0 60.0 
208.0 97.0 68.0 71.0 
52.0 58.0 59.0 59.0 
55.0 58.0 61.0 58.0 
54.0 60.0 59.0 59.0 
209.0 97.0 69.0 71.0 
54.0 56.0 61.0 58.0 
57.0 58.0 59.0 64.0 
57.0 56.0 62.0 57.0 
210.0 98.0 68.0 73.0 
55.0 55.0 62.0 58.0 
58.0 56.0 61.0 58.0 
50.0 62.0 58.0 64.0 
205.0 100.0 65.0 75.0 
57.0 55.0 61.0 57.0 
54.0 58.0 61.0 59.0 
54.0 59.0 60.0 62.0 
206.0 97.0 67.0 72.0 
58.0 55.0 60.0 59.0 
56.0 57.0 62.0 58.0 
53.0 59.0 59.0 60.0 
208.0 96.0 68.0 72.0 
58.0 56.0 59.0 59.0 
51.0 60.0 58.0 63.0 
55.0 59.0 63.0 58.0 
202.0 100.0 67.0 71.0 
52.0 60.0 59.0 59.0 
53.0 59.0 59.0 59.0 
54.0 59.0 59.0 62.0 
206.0 97.0 70.0 70.0 
54.0 60.0 57.0 59.0 
56.0 58.0 61.0 60.0 
51.0 62.0 58.0 63.0 
205.0 96.0 66.0 71.0 
52.0 62.0 57.0 62.0 
52.0 61.0 59.0 62.0 
56.0 58.0 60.0 60.0 
201.0 100.0 66.0 74.0 
55.0 57.0 60.0 59.0 
51.0 60.0 59.0 61.0 
52.0 60.0 58.0 64.0 
203.0 99.0 65.0 74.0 
54.0 58.0 59.0 60.0 
52.0 60.0 59.0 61.0 
55.0 61.0 58.0 60.0 
202.0 98.0 65.0 72.0 
56.0 58.0 59.0 61.0 
54.0 62.0 58.0 63.0 
57.0 57.0 63.0 58.0 
202.0 95.0 66.0 74.0 
57.0 57.0 58.0 59.0 
53.0 59.0 60.0 61.0 
56.0 58.0 59.0 61.0 
204.0 95.0 68.0 70.0 
55.0 57.0 59.0 58.0 
57.0 58.0 61.0 60.0 
56.0 58.0 61.0 61.0 
198.0 97.0 65.0 74.0 
53.0 59.0 58.0 62.0 
56.0 58.0 60.0 61.0 
53.0 61.0 59.0 61.0 
203.0 94.0 69.0 69.0 
52.0 60.0 58.0 59.0 
55.0 55.0 60.0 61.0 
58.0 58.0 60.0 63.0 
198.0 94.0 69.0 71.0 
54.0 57.0 62.0 57.0 
54.0 60.0 58.0 63.0 
57.0 55.0 63.0 58.0 
197.0 96.0 66.0 72.0 
58.0 55.0 61.0 57.0 
57.0 56.0 63.0 59.0 
52.0 60.0 59.0 62.0 
197.0 96.0 65.0 74.0 
55.0 59.0 59.0 61.0 
56.0 57.0 63.0 58.0 
57.0 56.0 62.0 59.0 
197.0 96.0 66.0 71.0 
53.0 60.0 57.0 62.0 
56.0 58.0 61.0 60.0 
53.0 59.0 60.0 58.0 
198.0 94.0 69.0 70.0 
55.0 61.0 58.0 59.0 
52.0 59.0 61.0 58.0 
52.0 59.0 63.0 57.0 
196.0 98.0 65.0 73.0 
58.0 56.0 61.0 58.0 
57.0 56.0 63.0 58.0 
55.0 59.0 60.0 59.0 
198.0 97.0 65.0 73.0 
57.0 58.0 59.0 63.0 
54.0 59.0 58.0 62.0 
57.0 57.0 61.0 60.0 
198.0 97.0 66.0 72.0 
57.0 55.0 61.0 60.0 
54.0 59.0 59.0 62.0 
57.0 56.0 62.0 59.0 
199.0 95.0 67.0 69.0 
55.0 57.0 59.0 62.0 
54.0 58.0 62.0 59.0 
54.0 55.0 62.0 61.0 
200.0 96.0 66.0 75.0 
56.0 56.0 59.0 59.0 
57.0 58.0 59.0 63.0 
56.0 57.0 62.0 59.0 
202.0 95.0 67.0 73.0 
55.0 56.0 62.0 56.0 
56.0 56.0 62.0 58.0 
51.0 61.0 60.0 62.0 
198.0 97.0 67.0 71.0 
54.0 60.0 57.0 61.0 
54.0 59.0 58.0 62.0 
54.0 60.0 60.0 61.0 
196.0 99.0 65.0 74.0 
57.0 56.0 60.0 58.0 
54.0 59.0 59.0 61.0 
55.0 60.0 60.0 61.0 
198.0 97.0 69.0 70.0 
52.0 58.0 62.0 56.0 
58.0 57.0 60.0 64.0 
57.0 56.0 63.0 57.0 
199.0 96.0 66.0 73.0 
56.0 55.0 62.0 56.0 
55.0 57.0 62.0 58.0 
55.0 58.0 60.0 60.0 
202.0 94.0 70.0 69.0 
54.0 58.0 58.0 58.0 
54.0 57.0 59.0 61.0 
54.0 58.0 61.0 59.0 
202.0 95.0 69.0 69.0 
53.0 59.0 59.0 57.0 
54.0 58.0 59.0 61.0 
53.0 59.0 59.0 63.0 
200.0 97.0 67.0 73.0 
57.0 55.0 61.0 57.0 
54.0 58.0 60.0 60.0 
54.0 62.0 58.0 61.0 
197.0 97.0 67.0 69.0 
52.0 59.0 59.0 60.0 
52.0 58.0 61.0 58.0 
53.0 62.0 58.0 63.0 
203.0 96.0 68.0 71.0 
52.0 60.0 58.0 60.0 
52.0 60.0 57.0 63.0 
55.0 56.0 62.0 59.0 
199.0 97.0 66.0 73.0 
57.0 56.0 60.0 57.0 
51.0 60.0 58.0 64.0 
54.0 59.0 60.0 61.0 
197.0 99.0 66.0 74.0 
54.0 59.0 57.0 61.0 
57.0 55.0 62.0 60.0 
57.0 56.0 63.0 60.0 
198.0 99.0 65.0 73.0 
58.0 56.0 59.0 60.0 
54.0 60.0 59.0 61.0 
55.0 61.0 58.0 62.0 
199.0 93.0 67.0 70.0 
55.0 56.0 61.0 62.0 
57.0 55.0 63.0 57.0 
53.0 61.0 60.0 61.0 
200.0 93.0 69.0 69.0 
52.0 60.0 57.0 62.0 
54.0 59.0 61.0 58.0 
52.0 61.0 59.0 61.0 
200.0 96.0 68.0 72.0 
52.0 60.0 57.0 63.0 
57.0 56.0 62.0 58.0 
55.0 59.0 59.0 61.0 
196.0 99.0 65.0 72.0 
53.0 60.0 58.0 61.0 
55.0 59.0 60.0 61.0 
54.0 59.0 59.0 59.0 
198.0 99.0 64.0 73.0 
56.0 60.0 58.0 60.0 
53.0 58.0 62.0 58.0 
52.0 59.0 62.0 59.0 
198.0 99.0 65.0 74.0 
57.0 57.0 59.0 59.0 
54.0 58.0 62.0 57.0 
53.0 61.0 57.0 63.0 
197.0 99.0 65.0 73.0 
57.0 56.0 60.0 58.0 
56.0 57.0 60.0 61.0 
54.0 58.0 60.0 58.0 
201.0 95.0 68.0 69.0 
54.0 58.0 60.0 58.0 
55.0 58.0 59.0 61.0 
55.0 58.0 60.0 61.0 
199.0 97.0 66.0 73.0 
59.0 55.0 62.0 60.0 
54.0 59.0 61.0 58.0 
53.0 61.0 59.0 59.0 
196.0 99.0 67.0 70.0 
53.0 60.0 57.0 60.0 
57.0 57.0 61.0 60.0 
54.0 59.0 60.0 59.0 
196.0 99.0 66.0 71.0 
54.0 58.0 57.0 62.0 
54.0 59.0 58.0 63.0 
55.0 56.0 62.0 57.0 
198.0 99.0 66.0 73.0 
56.0 57.0 59.0 59.0 
57.0 58.0 61.0 61.0 
53.0 60.0 59.0 62.0 
198.0 97.0 66.0 71.0 
52.0 61.0 58.0 59.0 
57.0 56.0 61.0 60.0 
57.0 56.0 62.0 57.0 
200.0 94.0 67.0 70.0 
57.0 57.0 60.0 63.0 
57.0 59.0 58.0 63.0 
55.0 58.0 60.0 64.0 
196.0 98.0 65.0 73.0 
59.0 57.0 59.0 61.0 
56.0 59.0 61.0 61.0 
53.0 60.0 59.0 61.0 
197.0 96.0 67.0 71.0 
55.0 58.0 59.0 59.0 
57.0 57.0 61.0 59.0 
52.0 61.0 58.0 63.0 
200.0 94.0 69.0 71.0 
53.0 59.0 57.0 59.0 
57.0 56.0 63.0 57.0 
55.0 58.0 62.0 59.0 
197.0 95.0 67.0 71.0 
52.0 60.0 59.0 59.0 
53.0 60.0 58.0 64.0 
55.0 58.0 62.0 58.0 
196.0 99.0 65.0 72.0 
54.0 61.0 57.0 59.0 
52.0 59.0 63.0 58.0 
53.0 60.0 60.0 61.0 
195.0 96.0 67.0 70.0 
54.0 60.0 57.0 61.0 
54.0 61.0 57.0 63.0 
58.0 56.0 62.0 57.0 
200.0 93.0 67.0 68.0 
54.0 60.0 57.0 62.0 
55.0 58.0 59.0 63.0 
54.0 59.0 60.0 60.0 
197.0 96.0 66.0 70.0 
57.0 55.0 60.0 58.0 
56.0 57.0 61.0 59.0 
54.0 59.0 60.0 60.0 
196.0 96.0 65.0 73.0 
57.0 56.0 61.0 57.0 
58.0 56.0 62.0 60.0 
54.0 56.0 62.0 61.0 
197.0 95.0 68.0 69.0 
54.0 58.0 59.0 58.0 
55.0 58.0 63.0 58.0 
53.0 62.0 58.0 63.0 
193.0 97.0 65.0 73.0 
58.0 54.0 60.0 62.0 
55.0 56.0 62.0 58.0 
52.0 61.0 60.0 61.0 
194.0 99.0 65.0 73.0 
58.0 55.0 61.0 58.0 
56.0 58.0 61.0 59.0 
52.0 61.0 59.0 61.0 
197.0 97.0 66.0 72.0 
52.0 60.0 57.0 62.0 
56.0 58.0 61.0 60.0 
52.0 60.0 59.0 62.0 
196.0 100.0 63.0 72.0 
56.0 57.0 59.0 63.0 
52.0 58.0 63.0 58.0 
52.0 58.0 62.0 58.0 
193.0 97.0 64.0 73.0 
58.0 55.0 60.0 57.0 
54.0 57.0 62.0 58.0 
52.0 60.0 59.0 61.0 
194.0 96.0 65.0 70.0 
54.0 58.0 57.0 60.0 
57.0 57.0 60.0 61.0 
55.0 59.0 60.0 58.0 
198.0 94.0 69.0 69.0 
54.0 58.0 59.0 59.0 
57.0 58.0 61.0 60.0 
57.0 56.0 63.0 59.0 
196.0 96.0 66.0 71.0 
58.0 54.0 62.0 58.0 
53.0 59.0 60.0 61.0 
57.0 57.0 61.0 60.0 
194.0 96.0 69.0 70.0 
55.0 56.0 61.0 60.0 
55.0 61.0 59.0 61.0 
54.0 60.0 58.0 62.0 
191.0 99.0 63.0 74.0 
58.0 57.0 59.0 60.0 
55.0 59.0 58.0 63.0 
58.0 57.0 62.0 58.0 
196.0 97.0 64.0 72.0 
56.0 57.0 59.0 62.0 
54.0 60.0 58.0 63.0 
57.0 56.0 62.0 58.0 
196.0 93.0 68.0 69.0 
57.0 56.0 60.0 57.0 
54.0 59.0 59.0 62.0 
55.0 59.0 61.0 60.0 
191.0 97.0 66.0 72.0 
53.0 58.0 59.0 59.0 
53.0 58.0 60.0 56.0 
51.0 59.0 60.0 58.0 
197.0 94.0 67.0 75.0 
54.0 60.0 58.0 59.0 
58.0 58.0 61.0 61.0 
55.0 58.0 61.0 60.0 
192.0 96.0 68.0 71.0 
57.0 56.0 60.0 58.0 
55.0 58.0 60.0 59.0 
55.0 59.0 59.0 60.0 
191.0 99.0 65.0 74.0 
56.0 55.0 62.0 56.0 
53.0 59.0 60.0 60.0 
58.0 57.0 60.0 61.0 
194.0 94.0 70.0 70.0 
58.0 54.0 60.0 58.0 
55.0 58.0 62.0 58.0 
56.0 58.0 62.0 57.0 
196.0 93.0 69.0 71.0 
54.0 56.0 61.0 58.0 
53.0 58.0 60.0 59.0 
53.0 62.0 59.0 60.0 
192.0 97.0 65.0 73.0 
56.0 58.0 57.0 62.0 
54.0 61.0 58.0 63.0 
59.0 57.0 61.0 58.0 
191.0 94.0 67.0 70.0 
55.0 57.0 59.0 58.0 
56.0 57.0 60.0 60.0 
52.0 61.0 60.0 62.0 
192.0 94.0 67.0 70.0 
57.0 56.0 61.0 57.0 
53.0 60.0 59.0 62.0 
57.0 58.0 61.0 61.0 
189.0 96.0 65.0 72.0 
58.0 55.0 62.0 56.0 
56.0 58.0 60.0 60.0 
54.0 58.0 62.0 57.0 
189.0 94.0 68.0 69.0 
54.0 59.0 57.0 59.0 
51.0 59.0 60.0 59.0 
58.0 58.0 61.0 59.0 
191.0 94.0 65.0 73.0 
55.0 58.0 59.0 59.0 
52.0 61.0 58.0 63.0 
55.0 58.0 62.0 58.0 
190.0 96.0 65.0 74.0 
57.0 55.0 62.0 61.0 
55.0 58.0 61.0 60.0 
57.0 56.0 62.0 59.0 
188.0 96.0 65.0 71.0 
53.0 60.0 58.0 61.0 
53.0 60.0 58.0 62.0 
54.0 60.0 59.0 63.0 
192.0 91.0 68.0 70.0 
55.0 58.0 57.0 61.0 
54.0 61.0 60.0 60.0 
54.0 62.0 59.0 61.0 
194.0 91.0 67.0 71.0 
53.0 57.0 60.0 56.0 
54.0 58.0 60.0 60.0 
56.0 57.0 60.0 60.0 
190.0 94.0 65.0 72.0 
54.0 58.0 58.0 61.0 
52.0 60.0 60.0 60.0 
55.0 59.0 59.0 63.0 
189.0 94.0 65.0 70.0 
52.0 61.0 57.0 62.0 
55.0 58.0 60.0 60.0 
57.0 56.0 62.0 58.0 
188.0 97.0 65.0 71.0 
52.0 61.0 57.0 62.0 
56.0 55.0 62.0 57.0 
53.0 59.0 60.0 60.0 
192.0 92.0 69.0 69.0 
54.0 58.0 61.0 58.0 
56.0 57.0 59.0 63.0 
58.0 56.0 61.0 61.0 
191.0 93.0 69.0 70.0 
56.0 57.0 60.0 60.0 
56.0 58.0 60.0 60.0 
55.0 59.0 61.0 59.0 
192.0 94.0 67.0 73.0 
57.0 56.0 60.0 58.0 
52.0 59.0 60.0 58.0 
51.0 61.0 59.0 61.0 
192.0 92.0 68.0 71.0 
52.0 59.0 57.0 60.0 
56.0 57.0 61.0 59.0 
54.0 59.0 60.0 60.0 
187.0 95.0 65.0 74.0 
56.0 57.0 60.0 56.0 
53.0 58.0 60.0 58.0 
53.0 60.0 60.0 60.0 
193.0 93.0 65.0 73.0 
57.0 61.0 57.0 61.0 
54.0 57.0 62.0 59.0 
52.0 60.0 61.0 58.0 
188.0 90.0 69.0 68.0 
57.0 57.0 60.0 59.0 
55.0 57.0 62.0 57.0 
54.0 61.0 57.0 63.0 
189.0 91.0 68.0 71.0 
55.0 56.0 61.0 56.0 
55.0 58.0 63.0 57.0 
54.0 59.0 59.0 60.0 
186.0 94.0 65.0 73.0 
55.0 57.0 59.0 60.0 
55.0 58.0 60.0 59.0 
52.0 61.0 58.0 63.0 
189.0 91.0 66.0 70.0 
53.0 58.0 61.0 62.0 
58.0 57.0 60.0 63.0 
58.0 56.0 61.0 59.0 
188.0 92.0 69.0 68.0 
53.0 59.0 59.0 60.0 
58.0 57.0 62.0 59.0 
51.0 62.0 59.0 62.0 
191.0 90.0 67.0 70.0 
52.0 60.0 58.0 61.0 
53.0 61.0 58.0 61.0 
55.0 59.0 60.0 59.0 
186.0 88.0 69.0 69.0 
55.0 59.0 58.0 62.0 
57.0 57.0 62.0 58.0 
53.0 62.0 59.0 61.0 
189.0 90.0 67.0 71.0 
57.0 55.0 61.0 59.0 
52.0 61.0 58.0 63.0 
55.0 58.0 61.0 58.0 
189.0 94.0 65.0 72.0 
54.0 55.0 61.0 58.0 
55.0 58.0 63.0 59.0 
53.0 61.0 58.0 61.0 
187.0 92.0 64.0 73.0 
58.0 56.0 61.0 57.0 
56.0 57.0 62.0 57.0 
55.0 60.0 60.0 60.0 
190.0 89.0 67.0 69.0 
51.0 60.0 57.0 61.0 
54.0 60.0 59.0 63.0 
56.0 58.0 62.0 58.0 
185.0 91.0 63.0 71.0 
54.0 59.0 58.0 57.0 
56.0 58.0 60.0 59.0 
53.0 60.0 59.0 60.0 
184.0 91.0 65.0 70.0 
52.0 61.0 58.0 61.0 
54.0 60.0 60.0 58.0 
52.0 61.0 60.0 56.0 
188.0 88.0 65.0 70.0 
58.0 56.0 60.0 58.0 
57.0 58.0 60.0 60.0 
56.0 59.0 60.0 59.0 
187.0 89.0 66.0 69.0 
53.0 59.0 57.0 62.0 
55.0 57.0 59.0 60.0 
55.0 57.0 62.0 57.0 
188.0 89.0 67.0 69.0 
52.0 60.0 57.0 61.0 
54.0 58.0 60.0 60.0 
53.0 62.0 58.0 63.0 
185.0 94.0 64.0 72.0 
57.0 57.0 61.0 57.0 
56.0 58.0 60.0 59.0 
54.0 60.0 60.0 60.0 
188.0 93.0 66.0 69.0 
55.0 59.0 57.0 61.0 
53.0 58.0 63.0 59.0 
53.0 60.0 62.0 59.0 
185.0 95.0 63.0 70.0 
58.0 55.0 61.0 59.0 
55.0 58.0 61.0 57.0 
51.0 61.0 60.0 61.0 
187.0 95.0 64.0 71.0 
58.0 56.0 62.0 62.0 
55.0 56.0 62.0 57.0 
52.0 61.0 58.0 63.0 
189.0 95.0 65.0 73.0 
56.0 57.0 60.0 60.0 
55.0 61.0 58.0 62.0 
54.0 60.0 58.0 63.0 
190.0 90.0 68.0 68.0 
57.0 56.0 61.0 57.0 
55.0 59.0 60.0 60.0 
57.0 58.0 60.0 61.0 
187.0 92.0 65.0 72.0 
58.0 57.0 58.0 61.0 
52.0 61.0 57.0 61.0 
56.0 59.0 58.0 63.0 
185.0 90.0 65.0 70.0 
54.0 58.0 59.0 57.0 
54.0 58.0 62.0 58.0 
54.0 59.0 58.0 64.0 
188.0 91.0 67.0 69.0 
55.0 57.0 61.0 58.0 
55.0 58.0 60.0 59.0 
53.0 61.0 58.0 63.0 
185.0 93.0 65.0 71.0 
53.0 60.0 57.0 62.0 
58.0 57.0 63.0 60.0 
57.0 56.0 62.0 59.0 
187.0 92.0 66.0 70.0 
56.0 57.0 59.0 62.0 
54.0 61.0 58.0 60.0 
55.0 61.0 58.0 61.0 
188.0 92.0 68.0 66.0 
51.0 61.0 57.0 57.0 
53.0 61.0 59.0 62.0 
57.0 57.0 63.0 58.0 
186.0 91.0 67.0 68.0 
53.0 60.0 57.0 61.0 
54.0 58.0 60.0 59.0 
56.0 58.0 60.0 59.0 
186.0 89.0 68.0 69.0 
52.0 60.0 58.0 60.0 
52.0 61.0 58.0 61.0 
57.0 56.0 62.0 58.0 
188.0 90.0 67.0 67.0 
54.0 60.0 59.0 59.0 
56.0 58.0 62.0 60.0 
56.0 58.0 61.0 60.0 
182.0 90.0 65.0 69.0 
56.0 60.0 57.0 60.0 
53.0 59.0 60.0 59.0 
55.0 61.0 58.0 63.0 
183.0 92.0 64.0 72.0 
53.0 60.0 57.0 62.0 
55.0 56.0 62.0 59.0 
54.0 59.0 61.0 59.0 
183.0 90.0 64.0 72.0 
57.0 55.0 61.0 56.0 
54.0 59.0 60.0 61.0 
57.0 56.0 62.0 59.0 
182.0 92.0 63.0 72.0 
56.0 56.0 61.0 57.0 
52.0 61.0 58.0 63.0 
55.0 59.0 60.0 61.0 
179.0 90.0 65.0 69.0 
52.0 61.0 58.0 59.0 
58.0 56.0 62.0 59.0 
52.0 61.0 57.0 61.0 
180.0 89.0 67.0 67.0 
51.0 60.0 59.0 59.0 
58.0 56.0 62.0 58.0 
53.0 61.0 59.0 62.0 
181.0 88.0 65.0 71.0 
56.0 57.0 62.0 56.0 
54.0 60.0 59.0 61.0 
59.0 56.0 62.0 58.0 
179.0 89.0 64.0 71.0 
55.0 57.0 60.0 59.0 
52.0 60.0 59.0 62.0 
58.0 57.0 62.0 58.0 
183.0 89.0 65.0 68.0 
55.0 58.0 60.0 59.0 
57.0 58.0 60.0 61.0 
58.0 58.0 60.0 59.0 
185.0 90.0 65.0 69.0 
58.0 55.0 60.0 58.0 
53.0 59.0 62.0 59.0 
53.0 59.0 61.0 58.0 
185.0 89.0 66.0 69.0 
57.0 56.0 62.0 58.0 
59.0 56.0 62.0 58.0 
52.0 62.0 59.0 63.0 
184.0 90.0 65.0 69.0 
56.0 57.0 60.0 57.0 
56.0 57.0 62.0 57.0 
54.0 61.0 58.0 62.0 
187.0 87.0 66.0 67.0 
54.0 58.0 58.0 60.0 
59.0 56.0 62.0 59.0 
57.0 57.0 63.0 58.0 
184.0 89.0 64.0 68.0 
52.0 60.0 58.0 60.0 
52.0 61.0 58.0 62.0 
54.0 59.0 61.0 61.0 
183.0 91.0 64.0 69.0 
55.0 60.0 57.0 61.0 
54.0 58.0 62.0 58.0 
54.0 59.0 62.0 58.0 
183.0 90.0 63.0 72.0 
57.0 56.0 61.0 56.0 
55.0 57.0 63.0 57.0 
52.0 61.0 58.0 61.0 
182.0 92.0 64.0 73.0 
55.0 57.0 60.0 57.0 
54.0 58.0 62.0 57.0 
54.0 59.0 58.0 63.0 
185.0 89.0 66.0 69.0 
57.0 56.0 62.0 58.0 
58.0 57.0 62.0 58.0 
55.0 59.0 61.0 59.0 
186.0 87.0 67.0 67.0 
55.0 58.0 59.0 60.0 
57.0 58.0 60.0 60.0 
54.0 59.0 63.0 59.0 
184.0 91.0 63.0 71.0 
56.0 59.0 58.0 60.0 
54.0 60.0 59.0 59.0 
55.0 59.0 59.0 62.0 
187.0 88.0 67.0 68.0 
54.0 58.0 60.0 60.0 
55.0 58.0 60.0 59.0 
55.0 57.0 60.0 60.0 
184.0 91.0 65.0 72.0 
56.0 55.0 61.0 57.0 
55.0 59.0 60.0 59.0 
54.0 60.0 58.0 62.0 
184.0 91.0 64.0 72.0 
57.0 58.0 59.0 60.0 
55.0 57.0 60.0 59.0 
54.0 58.0 60.0 59.0 
187.0 89.0 67.0 68.0 
52.0 60.0 59.0 60.0 
53.0 57.0 61.0 59.0 
56.0 57.0 62.0 60.0 
182.0 90.0 69.0 67.0 
53.0 58.0 59.0 57.0 
55.0 58.0 63.0 57.0 
52.0 61.0 58.0 62.0 
184.0 89.0 68.0 67.0 
55.0 57.0 59.0 58.0 
57.0 58.0 60.0 60.0 
55.0 59.0 60.0 60.0 
185.0 90.0 67.0 70.0 
54.0 59.0 60.0 59.0 
52.0 61.0 58.0 63.0 
54.0 59.0 60.0 61.0 
186.0 88.0 68.0 67.0 
55.0 57.0 60.0 57.0 
55.0 58.0 60.0 60.0 
56.0 58.0 60.0 59.0 
184.0 92.0 63.0 70.0 
54.0 60.0 58.0 58.0 
53.0 58.0 61.0 57.0 
53.0 61.0 59.0 60.0 
180.0 93.0 65.0 69.0 
55.0 58.0 58.0 62.0 
54.0 60.0 59.0 60.0 
58.0 57.0 61.0 58.0 
181.0 93.0 63.0 72.0 
55.0 58.0 59.0 59.0 
54.0 60.0 59.0 61.0 
57.0 55.0 63.0 58.0 
183.0 89.0 67.0 69.0 
55.0 58.0 59.0 59.0 
55.0 57.0 61.0 59.0 
58.0 56.0 61.0 60.0 
184.0 91.0 65.0 72.0 
58.0 56.0 60.0 59.0 
53.0 60.0 60.0 60.0 
55.0 58.0 56.0 62.0 
183.0 92.0 67.0 67.0 
54.0 58.0 59.0 58.0 
55.0 59.0 59.0 60.0 
55.0 60.0 59.0 62.0 
183.0 91.0 65.0 70.0 
57.0 56.0 60.0 58.0 
56.0 57.0 61.0 57.0 
54.0 61.0 58.0 63.0 
185.0 90.0 65.0 69.0 
58.0 56.0 61.0 57.0 
55.0 57.0 60.0 59.0 
58.0 57.0 62.0 57.0 
183.0 91.0 65.0 71.0 
58.0 56.0 61.0 60.0 
54.0 60.0 58.0 63.0 
55.0 58.0 58.0 61.0 
187.0 89.0 66.0 68.0 
54.0 60.0 57.0 62.0 
55.0 57.0 61.0 61.0 
58.0 56.0 59.0 62.0 
182.0 91.0 64.0 70.0 
56.0 57.0 60.0 59.0 
55.0 57.0 60.0 58.0 
53.0 60.0 60.0 62.0 
184.0 93.0 64.0 72.0 
57.0 55.0 62.0 57.0 
58.0 55.0 62.0 58.0 
52.0 61.0 60.0 59.0 
185.0 92.0 65.0 70.0 
57.0 55.0 61.0 57.0 
55.0 60.0 59.0 63.0 
56.0 59.0 61.0 61.0 
184.0 91.0 64.0 71.0 
55.0 58.0 59.0 59.0 
52.0 61.0 58.0 62.0 
57.0 56.0 61.0 58.0 
185.0 92.0 63.0 70.0 
57.0 58.0 58.0 60.0 
54.0 59.0 62.0 57.0 
51.0 61.0 61.0 60.0 
185.0 92.0 64.0 71.0 
55.0 57.0 60.0 57.0 
57.0 55.0 62.0 58.0 
52.0 61.0 59.0 62.0 
185.0 90.0 62.0 71.0 
55.0 57.0 61.0 62.0 
57.0 56.0 62.0 59.0 
52.0 62.0 58.0 62.0 
187.0 88.0 65.0 68.0 
58.0 56.0 61.0 56.0 
58.0 56.0 62.0 58.0 
57.0 58.0 62.0 58.0 
184.0 91.0 63.0 68.0 
52.0 59.0 58.0 60.0 
52.0 60.0 59.0 60.0 
54.0 61.0 59.0 60.0 
184.0 91.0 62.0 68.0 
53.0 59.0 60.0 57.0 
57.0 59.0 59.0 63.0 
58.0 57.0 60.0 61.0 
184.0 93.0 62.0 70.0 
56.0 58.0 58.0 61.0 
55.0 59.0 58.0 63.0 
55.0 57.0 63.0 57.0 
186.0 90.0 62.0 71.0 
56.0 57.0 58.0 61.0 
55.0 58.0 62.0 58.0 
55.0 58.0 60.0 61.0 
182.0 92.0 61.0 71.0 
54.0 59.0 59.0 60.0 
54.0 60.0 60.0 60.0 
52.0 61.0 58.0 62.0 
185.0 91.0 62.0 72.0 
58.0 56.0 60.0 59.0 
56.0 59.0 56.0 61.0 
58.0 58.0 61.0 59.0 
186.0 89.0 65.0 68.0 
52.0 60.0 58.0 56.0 
54.0 60.0 59.0 60.0 
57.0 60.0 57.0 64.0 
183.0 91.0 61.0 72.0 
58.0 55.0 61.0 57.0 
56.0 58.0 61.0 59.0 
52.0 62.0 59.0 63.0 
183.0 92.0 61.0 70.0 
57.0 56.0 62.0 57.0 
54.0 60.0 59.0 61.0 
57.0 56.0 60.0 58.0 
185.0 88.0 65.0 67.0 
57.0 55.0 62.0 57.0 
54.0 61.0 58.0 62.0 
58.0 56.0 61.0 58.0 
183.0 88.0 65.0 69.0 
57.0 56.0 60.0 61.0 
55.0 61.0 58.0 61.0 
56.0 58.0 61.0 62.0 
181.0 91.0 61.0 70.0 
53.0 61.0 58.0 61.0 
58.0 57.0 63.0 59.0 
52.0 61.0 57.0 61.0 
180.0 93.0 62.0 69.0 
57.0 57.0 60.0 59.0 
58.0 56.0 62.0 59.0 
52.0 61.0 58.0 62.0 
181.0 90.0 63.0 70.0 
57.0 56.0 61.0 57.0 
52.0 61.0 60.0 63.0 
54.0 59.0 59.0 62.0 
180.0 92.0 63.0 69.0 
54.0 58.0 60.0 59.0 
54.0 60.0 61.0 58.0 
53.0 59.0 62.0 60.0 
184.0 89.0 63.0 70.0 
58.0 54.0 60.0 59.0 
53.0 61.0 59.0 61.0 
57.0 58.0 61.0 60.0 
184.0 88.0 65.0 66.0 
55.0 59.0 59.0 60.0 
56.0 59.0 59.0 63.0 
57.0 56.0 62.0 59.0 
179.0 92.0 62.0 71.0 
58.0 56.0 61.0 57.0 
54.0 60.0 58.0 61.0 
55.0 59.0 60.0 62.0 
180.0 89.0 63.0 69.0 
52.0 60.0 57.0 61.0 
57.0 56.0 63.0 56.0 
54.0 58.0 60.0 60.0 
183.0 88.0 64.0 68.0 
56.0 58.0 57.0 60.0 
56.0 59.0 59.0 61.0 
55.0 58.0 59.0 63.0 
179.0 90.0 61.0 71.0 
58.0 55.0 61.0 56.0 
55.0 59.0 61.0 58.0 
54.0 61.0 59.0 61.0 
181.0 92.0 61.0 71.0 
58.0 55.0 62.0 57.0 
55.0 59.0 62.0 59.0 
56.0 58.0 61.0 60.0 
181.0 89.0 63.0 68.0 
57.0 56.0 61.0 59.0 
55.0 61.0 59.0 62.0 
54.0 61.0 58.0 63.0 
181.0 87.0 65.0 67.0 
54.0 59.0 59.0 58.0 
54.0 61.0 58.0 62.0 
57.0 57.0 62.0 58.0 
179.0 90.0 64.0 67.0 
52.0 60.0 59.0 60.0 
52.0 59.0 60.0 59.0 
55.0 59.0 59.0 63.0 
181.0 88.0 64.0 68.0 
54.0 57.0 60.0 56.0 
56.0 56.0 63.0 57.0 
54.0 61.0 59.0 63.0 
182.0 87.0 65.0 67.0 
53.0 59.0 59.0 58.0 
53.0 60.0 59.0 60.0 
57.0 58.0 62.0 58.0 
179.0 90.0 63.0 68.0 
57.0 56.0 60.0 60.0 
58.0 56.0 61.0 60.0 
59.0 56.0 61.0 60.0 
183.0 86.0 65.0 66.0 
55.0 60.0 57.0 61.0 
51.0 60.0 60.0 59.0 
54.0 62.0 60.0 61.0 
176.0 90.0 65.0 64.0 
53.0 59.0 60.0 59.0 
54.0 59.0 61.0 58.0 
53.0 61.0 58.0 63.0 
182.0 88.0 64.0 68.0 
54.0 58.0 60.0 59.0 
54.0 59.0 60.0 59.0 
55.0 59.0 59.0 61.0 
179.0 89.0 62.0 71.0 
56.0 57.0 60.0 58.0 
57.0 57.0 62.0 58.0 
54.0 59.0 60.0 60.0 
179.0 90.0 62.0 70.0 
56.0 58.0 59.0 61.0 
56.0 58.0 61.0 58.0 
53.0 61.0 59.0 63.0 
182.0 86.0 64.0 68.0 
56.0 55.0 59.0 60.0 
54.0 61.0 57.0 61.0 
57.0 58.0 60.0 63.0 
178.0 89.0 62.0 69.0 
56.0 58.0 57.0 62.0 
56.0 58.0 59.0 61.0 
55.0 59.0 60.0 59.0 
177.0 89.0 63.0 69.0 
52.0 59.0 57.0 60.0 
58.0 58.0 60.0 58.0 
53.0 61.0 58.0 63.0 
174.0 90.0 61.0 69.0 
58.0 55.0 61.0 56.0 
54.0 59.0 60.0 61.0 
59.0 56.0 62.0 58.0 
179.0 87.0 64.0 65.0 
55.0 57.0 59.0 59.0 
59.0 56.0 62.0 58.0 
53.0 60.0 61.0 57.0 
177.0 91.0 61.0 68.0 
56.0 58.0 58.0 58.0 
55.0 60.0 59.0 62.0 
58.0 56.0 62.0 58.0 
177.0 92.0 60.0 71.0 
57.0 56.0 60.0 57.0 
58.0 56.0 62.0 57.0 
53.0 61.0 59.0 61.0 
176.0 91.0 61.0 71.0 
58.0 55.0 61.0 57.0 
56.0 57.0 62.0 59.0 
56.0 58.0 61.0 59.0 
179.0 90.0 62.0 69.0 
58.0 56.0 61.0 56.0 
55.0 60.0 58.0 61.0 
57.0 57.0 61.0 59.0 
175.0 91.0 61.0 71.0 
58.0 55.0 60.0 58.0 
57.0 59.0 59.0 62.0 
56.0 59.0 60.0 62.0 
179.0 87.0 65.0 67.0 
56.0 56.0 60.0 59.0 
54.0 59.0 60.0 59.0 
57.0 58.0 60.0 60.0 
179.0 88.0 63.0 68.0 
52.0 58.0 58.0 61.0 
53.0 59.0 60.0 59.0 
54.0 61.0 58.0 62.0 
178.0 90.0 61.0 70.0 
55.0 57.0 59.0 59.0 
52.0 60.0 60.0 59.0 
52.0 62.0 58.0 63.0 
180.0 88.0 64.0 66.0 
56.0 59.0 58.0 61.0 
59.0 56.0 63.0 58.0 
55.0 62.0 57.0 63.0 
177.0 89.0 65.0 66.0 
55.0 57.0 61.0 58.0 
53.0 60.0 59.0 60.0 
56.0 61.0 58.0 60.0 
180.0 87.0 63.0 69.0 
54.0 60.0 58.0 60.0 
53.0 59.0 61.0 58.0 
56.0 59.0 60.0 63.0 
177.0 91.0 62.0 69.0 
58.0 57.0 59.0 59.0 
57.0 58.0 60.0 62.0 
56.0 58.0 60.0 57.0 
180.0 87.0 64.0 66.0 
55.0 57.0 59.0 59.0 
56.0 57.0 61.0 60.0 
58.0 58.0 61.0 61.0 
179.0 88.0 62.0 67.0 
56.0 54.0 61.0 57.0 
54.0 61.0 58.0 61.0 
57.0 60.0 59.0 61.0 
180.0 87.0 64.0 69.0 
59.0 55.0 60.0 60.0 
54.0 59.0 58.0 61.0 
56.0 59.0 58.0 63.0 
180.0 91.0 61.0 70.0 
57.0 58.0 58.0 61.0 
56.0 59.0 58.0 63.0 
56.0 59.0 61.0 59.0 
179.0 88.0 64.0 66.0 
53.0 61.0 57.0 57.0 
55.0 59.0 59.0 60.0 
54.0 59.0 61.0 61.0 
180.0 89.0 63.0 68.0 
52.0 60.0 59.0 60.0 
55.0 60.0 60.0 60.0 
52.0 61.0 57.0 62.0 
179.0 89.0 62.0 70.0 
56.0 55.0 61.0 59.0 
56.0 58.0 58.0 62.0 
56.0 58.0 59.0 63.0 
180.0 88.0 65.0 67.0 
53.0 58.0 59.0 56.0 
55.0 58.0 62.0 58.0 
55.0 62.0 58.0 64.0 
178.0 92.0 61.0 70.0 
57.0 56.0 61.0 57.0 
53.0 60.0 58.0 63.0 
56.0 58.0 61.0 59.0 
180.0 90.0 61.0 71.0 
55.0 58.0 58.0 60.0 
55.0 58.0 60.0 61.0 
57.0 57.0 62.0 58.0 
176.0 90.0 61.0 70.0 
53.0 58.0 58.0 61.0 
54.0 58.0 59.0 60.0 
56.0 58.0 61.0 58.0 
176.0 90.0 61.0 67.0 
53.0 60.0 59.0 59.0 
54.0 57.0 62.0 58.0 
52.0 59.0 60.0 60.0 
179.0 87.0 63.0 69.0 
54.0 58.0 59.0 59.0 
53.0 61.0 58.0 62.0 
56.0 57.0 62.0 57.0 
177.0 87.0 63.0 68.0 
53.0 59.0 58.0 61.0 
55.0 59.0 60.0 61.0 
58.0 56.0 61.0 58.0 
177.0 89.0 62.0 68.0 
54.0 60.0 57.0 62.0 
56.0 58.0 60.0 59.0 
54.0 60.0 59.0 61.0 
181.0 85.0 66.0 66.0 
55.0 57.0 60.0 59.0 
58.0 56.0 62.0 59.0 
55.0 57.0 62.0 60.0 
179.0 88.0 62.0 71.0 
58.0 55.0 61.0 56.0 
57.0 58.0 62.0 57.0 
56.0 58.0 60.0 61.0 
176.0 92.0 60.0 70.0 
52.0 61.0 58.0 60.0 
59.0 55.0 61.0 58.0 
53.0 60.0 59.0 62.0 
177.0 88.0 64.0 67.0 
55.0 57.0 59.0 59.0 
59.0 56.0 62.0 58.0 
57.0 58.0 61.0 58.0 
174.0 89.0 62.0 67.0 
55.0 58.0 61.0 58.0 
54.0 60.0 57.0 63.0 
54.0 61.0 58.0 62.0 
178.0 88.0 65.0 65.0 
53.0 59.0 58.0 58.0 
56.0 56.0 62.0 59.0 
55.0 57.0 62.0 59.0 
176.0 91.0 60.0 71.0 
59.0 55.0 61.0 57.0 
57.0 59.0 60.0 60.0 
56.0 56.0 63.0 58.0 
176.0 89.0 62.0 68.0 
58.0 57.0 60.0 59.0 
57.0 56.0 62.0 58.0 
53.0 61.0 58.0 62.0 
179.0 87.0 63.0 67.0 
58.0 56.0 61.0 57.0 
53.0 61.0 57.0 61.0 
54.0 61.0 58.0 62.0 
176.0 85.0 62.0 67.0 
52.0 60.0 57.0 62.0 
57.0 57.0 60.0 59.0 
54.0 60.0 61.0 58.0 
171.0 85.0 64.0 65.0 
58.0 55.0 61.0 59.0 
55.0 58.0 62.0 59.0 
55.0 62.0 57.0 63.0 
174.0 83.0 63.0 66.0 
55.0 60.0 57.0 61.0 
52.0 61.0 59.0 61.0 
58.0 56.0 61.0 57.0 
170.0 87.0 61.0 69.0 
58.0 57.0 59.0 60.0 
57.0 58.0 61.0 60.0 
54.0 60.0 60.0 62.0 
174.0 85.0 63.0 66.0 
55.0 58.0 58.0 61.0 
56.0 59.0 61.0 61.0 
59.0 57.0 60.0 60.0 
170.0 87.0 61.0 70.0 
56.0 57.0 61.0 56.0 
58.0 59.0 58.0 63.0 
56.0 58.0 59.0 62.0 
177.0 83.0 63.0 67.0 
55.0 57.0 60.0 58.0 
56.0 57.0 61.0 57.0 
54.0 61.0 58.0 62.0 
173.0 86.0 63.0 70.0 
55.0 57.0 59.0 57.0 
54.0 60.0 59.0 62.0 
59.0 57.0 61.0 60.0 
176.0 84.0 63.0 67.0 
53.0 59.0 59.0 59.0 
53.0 61.0 57.0 64.0 
55.0 60.0 60.0 61.0 
177.0 83.0 65.0 67.0 
54.0 56.0 61.0 57.0 
58.0 56.0 60.0 60.0 
57.0 58.0 61.0 62.0 
176.0 85.0 62.0 69.0 
59.0 56.0 59.0 61.0 
54.0 58.0 59.0 62.0 
56.0 60.0 58.0 63.0 
174.0 87.0 63.0 65.0 
53.0 60.0 57.0 61.0 
54.0 62.0 57.0 64.0 
59.0 57.0 61.0 61.0 
178.0 83.0 65.0 66.0 
52.0 60.0 58.0 58.0 
52.0 61.0 58.0 62.0 
56.0 57.0 60.0 59.0 
177.0 86.0 62.0 68.0 
54.0 59.0 58.0 60.0 
54.0 59.0 60.0 61.0 
58.0 57.0 61.0 60.0 
172.0 88.0 61.0 69.0 
54.0 59.0 59.0 61.0 
55.0 59.0 58.0 62.0 
58.0 57.0 61.0 60.0 
178.0 84.0 62.0 68.0 
56.0 56.0 61.0 57.0 
58.0 56.0 61.0 58.0 
52.0 61.0 58.0 64.0 
174.0 88.0 61.0 69.0 
59.0 56.0 60.0 57.0 
56.0 57.0 61.0 58.0 
57.0 58.0 60.0 60.0 
176.0 83.0 64.0 65.0 
55.0 57.0 59.0 58.0 
57.0 57.0 61.0 58.0 
52.0 61.0 59.0 60.0 
172.0 88.0 63.0 67.0 
53.0 60.0 58.0 61.0 
55.0 58.0 61.0 58.0 
53.0 61.0 59.0 61.0 
174.0 87.0 62.0 69.0 
59.0 56.0 61.0 58.0 
58.0 58.0 59.0 64.0 
57.0 58.0 57.0 63.0 
178.0 86.0 62.0 69.0 
55.0 57.0 61.0 59.0 
54.0 59.0 59.0 61.0 
59.0 58.0 61.0 61.0 
178.0 84.0 65.0 66.0 
52.0 60.0 57.0 62.0 
54.0 61.0 61.0 60.0 
56.0 59.0 58.0 62.0 
179.0 84.0 65.0 65.0 
55.0 59.0 59.0 60.0 
58.0 56.0 62.0 57.0 
56.0 58.0 62.0 58.0 
179.0 83.0 66.0 66.0 
56.0 56.0 60.0 57.0 
54.0 59.0 59.0 61.0 
57.0 56.0 62.0 58.0 
176.0 85.0 65.0 65.0 
53.0 59.0 61.0 57.0 
60.0 57.0 60.0 64.0 
58.0 56.0 61.0 60.0 
178.0 83.0 67.0 67.0 
54.0 58.0 59.0 60.0 
56.0 58.0 59.0 61.0 
55.0 57.0 62.0 58.0 
176.0 86.0 67.0 70.0 
56.0 55.0 61.0 59.0 
59.0 56.0 61.0 59.0 
54.0 58.0 61.0 60.0 
174.0 89.0 65.0 71.0 
57.0 57.0 60.0 59.0 
55.0 59.0 60.0 59.0 
53.0 61.0 58.0 62.0 
176.0 87.0 68.0 70.0 
57.0 56.0 61.0 62.0 
59.0 56.0 60.0 60.0 
56.0 57.0 61.0 60.0 
179.0 85.0 67.0 70.0 
55.0 56.0 61.0 56.0 
59.0 57.0 60.0 59.0 
55.0 59.0 61.0 58.0 
174.0 84.0 68.0 69.0 
55.0 57.0 60.0 57.0 
55.0 57.0 62.0 57.0 
53.0 62.0 58.0 63.0 
176.0 89.0 65.0 72.0 
59.0 55.0 61.0 57.0 
56.0 57.0 63.0 57.0 
54.0 59.0 60.0 62.0 
177.0 86.0 68.0 70.0 
57.0 56.0 61.0 57.0 
53.0 60.0 59.0 62.0 
56.0 59.0 60.0 60.0 
178.0 85.0 69.0 67.0 
56.0 54.0 62.0 57.0 
54.0 58.0 61.0 57.0 
53.0 63.0 59.0 62.0 
179.0 85.0 69.0 67.0 
55.0 58.0 60.0 57.0 
54.0 58.0 60.0 57.0 
53.0 59.0 59.0 63.0 
176.0 87.0 66.0 70.0 
53.0 58.0 58.0 59.0 
53.0 60.0 59.0 60.0 
57.0 58.0 60.0 61.0 
