84.0 58.0 61.0 73.0 
58.0 57.0 58.0 57.0 
58.0 58.0 59.0 59.0 
59.0 58.0 58.0 59.0 
84.0 58.0 62.0 73.0 
58.0 57.0 59.0 58.0 
58.0 59.0 59.0 59.0 
59.0 58.0 59.0 58.0 
83.0 59.0 62.0 74.0 
58.0 58.0 58.0 58.0 
58.0 57.0 58.0 59.0 
59.0 58.0 59.0 58.0 
83.0 58.0 63.0 73.0 
58.0 57.0 58.0 58.0 
58.0 58.0 58.0 59.0 
59.0 59.0 59.0 58.0 
84.0 58.0 62.0 74.0 
58.0 57.0 58.0 58.0 
57.0 58.0 59.0 58.0 
58.0 59.0 58.0 59.0 
84.0 60.0 62.0 73.0 
58.0 57.0 58.0 57.0 
58.0 58.0 60.0 59.0 
58.0 58.0 59.0 58.0 
84.0 58.0 62.0 74.0 
58.0 57.0 58.0 58.0 
58.0 57.0 59.0 58.0 
58.0 58.0 58.0 59.0 
84.0 58.0 61.0 73.0 
58.0 57.0 58.0 57.0 
58.0 57.0 59.0 59.0 
58.0 59.0 58.0 58.0 
84.0 58.0 61.0 73.0 
58.0 57.0 58.0 58.0 
58.0 58.0 59.0 59.0 
58.0 58.0 59.0 59.0 
84.0 58.0 62.0 74.0 
58.0 57.0 59.0 58.0 
58.0 59.0 58.0 59.0 
59.0 58.0 58.0 58.0 
84.0 58.0 61.0 74.0 
59.0 57.0 57.0 58.0 
58.0 59.0 59.0 59.0 
59.0 58.0 59.0 58.0 
84.0 58.0 61.0 74.0 
59.0 57.0 58.0 58.0 
58.0 58.0 59.0 59.0 
58.0 59.0 58.0 59.0 
84.0 58.0 62.0 73.0 
58.0 57.0 58.0 59.0 
58.0 58.0 59.0 59.0 
59.0 58.0 59.0 58.0 
83.0 58.0 62.0 73.0 
58.0 58.0 58.0 57.0 
58.0 58.0 58.0 59.0 
59.0 59.0 59.0 58.0 
84.0 58.0 61.0 73.0 
57.0 58.0 58.0 58.0 
59.0 59.0 59.0 61.0 
58.0 59.0 60.0 58.0 
83.0 58.0 62.0 73.0 
58.0 57.0 58.0 57.0 
58.0 58.0 59.0 59.0 
59.0 59.0 58.0 59.0 
84.0 58.0 62.0 73.0 
58.0 58.0 58.0 58.0 
58.0 58.0 59.0 59.0 
59.0 58.0 59.0 58.0 
84.0 58.0 62.0 73.0 
58.0 57.0 58.0 58.0 
58.0 58.0 60.0 59.0 
57.0 59.0 60.0 59.0 
83.0 59.0 61.0 73.0 
58.0 58.0 59.0 58.0 
58.0 59.0 59.0 59.0 
59.0 59.0 59.0 58.0 
84.0 58.0 62.0 74.0 
58.0 58.0 58.0 58.0 
58.0 58.0 60.0 59.0 
60.0 58.0 59.0 58.0 
84.0 58.0 62.0 74.0 
58.0 57.0 58.0 57.0 
57.0 58.0 59.0 59.0 
59.0 59.0 59.0 59.0 
84.0 58.0 62.0 73.0 
58.0 57.0 59.0 58.0 
58.0 58.0 60.0 59.0 
59.0 59.0 59.0 59.0 
84.0 58.0 62.0 73.0 
58.0 57.0 58.0 58.0 
58.0 58.0 59.0 60.0 
59.0 59.0 59.0 59.0 
83.0 59.0 62.0 74.0 
58.0 57.0 58.0 58.0 
58.0 57.0 59.0 59.0 
59.0 59.0 59.0 59.0 
83.0 58.0 62.0 73.0 
58.0 58.0 59.0 58.0 
58.0 58.0 58.0 59.0 
59.0 58.0 59.0 59.0 
84.0 58.0 61.0 75.0 
58.0 57.0 59.0 58.0 
58.0 58.0 59.0 59.0 
59.0 58.0 59.0 59.0 
84.0 58.0 62.0 73.0 
58.0 57.0 58.0 58.0 
56.0 59.0 58.0 59.0 
59.0 59.0 58.0 59.0 
83.0 58.0 62.0 74.0 
58.0 57.0 58.0 58.0 
57.0 58.0 58.0 59.0 
59.0 59.0 59.0 59.0 
84.0 58.0 63.0 74.0 
58.0 57.0 59.0 57.0 
58.0 58.0 59.0 59.0 
59.0 58.0 58.0 59.0 
83.0 58.0 62.0 74.0 
58.0 58.0 58.0 58.0 
59.0 58.0 59.0 59.0 
59.0 58.0 59.0 58.0 
84.0 58.0 62.0 74.0 
58.0 57.0 58.0 58.0 
58.0 58.0 59.0 59.0 
59.0 59.0 59.0 58.0 
84.0 58.0 62.0 74.0 
58.0 58.0 58.0 58.0 
59.0 58.0 59.0 59.0 
59.0 59.0 58.0 59.0 
83.0 58.0 62.0 74.0 
58.0 57.0 59.0 58.0 
58.0 58.0 58.0 59.0 
59.0 58.0 59.0 58.0 
84.0 59.0 61.0 73.0 
58.0 59.0 58.0 58.0 
57.0 58.0 59.0 59.0 
59.0 58.0 59.0 58.0 
84.0 58.0 62.0 74.0 
58.0 58.0 58.0 58.0 
58.0 59.0 58.0 59.0 
58.0 59.0 60.0 58.0 
84.0 57.0 62.0 74.0 
59.0 57.0 58.0 57.0 
58.0 57.0 59.0 59.0 
59.0 59.0 58.0 59.0 
84.0 58.0 63.0 73.0 
58.0 58.0 58.0 58.0 
57.0 58.0 59.0 59.0 
59.0 59.0 59.0 59.0 
84.0 59.0 61.0 73.0 
57.0 58.0 58.0 58.0 
58.0 59.0 60.0 59.0 
59.0 59.0 59.0 59.0 
85.0 58.0 62.0 73.0 
58.0 58.0 58.0 58.0 
59.0 58.0 60.0 59.0 
58.0 59.0 59.0 59.0 
83.0 58.0 62.0 74.0 
58.0 58.0 58.0 58.0 
58.0 58.0 59.0 59.0 
59.0 58.0 59.0 59.0 
84.0 58.0 62.0 73.0 
58.0 58.0 58.0 58.0 
58.0 58.0 59.0 58.0 
59.0 59.0 59.0 59.0 
84.0 58.0 61.0 73.0 
58.0 57.0 58.0 58.0 
59.0 58.0 60.0 59.0 
59.0 59.0 59.0 58.0 
84.0 59.0 62.0 75.0 
57.0 58.0 58.0 59.0 
58.0 59.0 60.0 59.0 
59.0 59.0 58.0 59.0 
85.0 58.0 62.0 73.0 
58.0 57.0 58.0 57.0 
58.0 58.0 60.0 59.0 
59.0 59.0 58.0 59.0 
84.0 58.0 62.0 74.0 
58.0 58.0 58.0 58.0 
57.0 58.0 59.0 60.0 
59.0 59.0 59.0 59.0 
84.0 59.0 62.0 74.0 
58.0 58.0 58.0 58.0 
58.0 59.0 59.0 59.0 
59.0 59.0 59.0 59.0 
84.0 58.0 61.0 73.0 
58.0 58.0 59.0 58.0 
60.0 58.0 59.0 59.0 
59.0 58.0 59.0 58.0 
83.0 58.0 62.0 73.0 
58.0 58.0 59.0 58.0 
58.0 58.0 59.0 60.0 
59.0 59.0 58.0 59.0 
84.0 58.0 62.0 73.0 
58.0 58.0 58.0 58.0 
58.0 59.0 59.0 59.0 
59.0 59.0 59.0 59.0 
84.0 58.0 62.0 74.0 
58.0 58.0 59.0 58.0 
58.0 58.0 60.0 59.0 
59.0 58.0 58.0 59.0 
84.0 58.0 61.0 74.0 
58.0 57.0 58.0 58.0 
58.0 58.0 59.0 59.0 
60.0 59.0 60.0 59.0 
84.0 58.0 62.0 74.0 
58.0 57.0 59.0 58.0 
58.0 58.0 59.0 60.0 
60.0 59.0 60.0 59.0 
84.0 58.0 61.0 74.0 
57.0 58.0 58.0 58.0 
58.0 58.0 59.0 59.0 
58.0 59.0 59.0 59.0 
84.0 58.0 62.0 74.0 
58.0 58.0 58.0 58.0 
57.0 59.0 59.0 59.0 
59.0 59.0 59.0 59.0 
84.0 59.0 61.0 74.0 
58.0 58.0 59.0 58.0 
58.0 58.0 60.0 59.0 
59.0 59.0 59.0 59.0 
84.0 58.0 62.0 75.0 
59.0 57.0 58.0 58.0 
58.0 58.0 60.0 59.0 
59.0 59.0 59.0 59.0 
83.0 59.0 62.0 74.0 
58.0 57.0 58.0 58.0 
58.0 58.0 59.0 59.0 
59.0 59.0 60.0 59.0 
83.0 58.0 62.0 74.0 
58.0 58.0 59.0 59.0 
59.0 58.0 59.0 60.0 
59.0 58.0 60.0 59.0 
84.0 58.0 62.0 74.0 
58.0 58.0 58.0 58.0 
58.0 59.0 59.0 59.0 
59.0 59.0 60.0 59.0 
84.0 59.0 62.0 74.0 
58.0 59.0 58.0 58.0 
59.0 59.0 60.0 59.0 
60.0 59.0 59.0 59.0 
82.0 58.0 63.0 74.0 
58.0 58.0 58.0 58.0 
58.0 59.0 59.0 59.0 
59.0 59.0 59.0 59.0 
84.0 58.0 62.0 74.0 
59.0 58.0 59.0 58.0 
58.0 59.0 59.0 59.0 
59.0 58.0 59.0 59.0 
83.0 59.0 62.0 73.0 
58.0 58.0 58.0 58.0 
59.0 59.0 59.0 60.0 
60.0 59.0 59.0 59.0 
84.0 58.0 62.0 73.0 
58.0 58.0 59.0 58.0 
58.0 59.0 59.0 60.0 
60.0 58.0 60.0 59.0 
84.0 58.0 62.0 74.0 
58.0 58.0 59.0 58.0 
59.0 58.0 60.0 60.0 
59.0 59.0 59.0 59.0 
83.0 59.0 63.0 74.0 
59.0 58.0 58.0 58.0 
59.0 58.0 59.0 59.0 
59.0 59.0 57.0 59.0 
84.0 59.0 62.0 74.0 
58.0 57.0 59.0 58.0 
59.0 58.0 59.0 59.0 
59.0 59.0 59.0 59.0 
83.0 58.0 63.0 74.0 
58.0 58.0 58.0 59.0 
58.0 58.0 58.0 59.0 
58.0 59.0 59.0 59.0 
84.0 58.0 62.0 73.0 
59.0 58.0 58.0 58.0 
58.0 58.0 59.0 59.0 
60.0 60.0 60.0 59.0 
84.0 58.0 62.0 74.0 
58.0 57.0 59.0 58.0 
58.0 58.0 60.0 59.0 
60.0 59.0 59.0 59.0 
83.0 59.0 62.0 73.0 
58.0 58.0 58.0 58.0 
58.0 58.0 58.0 59.0 
59.0 59.0 60.0 59.0 
84.0 59.0 62.0 74.0 
58.0 57.0 58.0 58.0 
58.0 58.0 60.0 60.0 
59.0 59.0 59.0 59.0 
84.0 59.0 62.0 74.0 
59.0 58.0 59.0 59.0 
58.0 59.0 59.0 59.0 
59.0 59.0 60.0 59.0 
84.0 58.0 62.0 74.0 
59.0 58.0 59.0 58.0 
58.0 58.0 59.0 59.0 
59.0 59.0 59.0 59.0 
84.0 58.0 63.0 74.0 
59.0 58.0 59.0 58.0 
58.0 59.0 60.0 59.0 
59.0 60.0 60.0 58.0 
84.0 60.0 62.0 73.0 
58.0 58.0 59.0 58.0 
58.0 58.0 59.0 59.0 
59.0 59.0 60.0 59.0 
84.0 59.0 62.0 74.0 
58.0 57.0 58.0 58.0 
58.0 58.0 59.0 59.0 
59.0 60.0 59.0 59.0 
84.0 59.0 62.0 73.0 
59.0 57.0 59.0 58.0 
58.0 59.0 59.0 59.0 
59.0 59.0 59.0 59.0 
84.0 59.0 62.0 74.0 
58.0 58.0 57.0 59.0 
58.0 58.0 60.0 59.0 
59.0 57.0 60.0 59.0 
83.0 59.0 62.0 74.0 
58.0 58.0 58.0 58.0 
57.0 58.0 59.0 60.0 
61.0 59.0 58.0 59.0 
84.0 59.0 62.0 73.0 
58.0 58.0 59.0 59.0 
59.0 58.0 60.0 60.0 
59.0 59.0 59.0 59.0 
84.0 58.0 62.0 73.0 
58.0 58.0 59.0 58.0 
59.0 59.0 59.0 59.0 
60.0 59.0 59.0 59.0 
84.0 60.0 62.0 74.0 
59.0 59.0 59.0 58.0 
58.0 60.0 60.0 60.0 
60.0 59.0 60.0 59.0 
83.0 59.0 62.0 74.0 
58.0 58.0 58.0 58.0 
58.0 58.0 59.0 60.0 
59.0 59.0 60.0 59.0 
84.0 59.0 62.0 74.0 
58.0 58.0 59.0 59.0 
59.0 58.0 59.0 59.0 
60.0 59.0 59.0 59.0 
84.0 58.0 62.0 74.0 
58.0 58.0 59.0 58.0 
59.0 58.0 60.0 59.0 
59.0 59.0 59.0 59.0 
84.0 58.0 62.0 73.0 
58.0 58.0 59.0 58.0 
59.0 59.0 60.0 59.0 
60.0 59.0 59.0 59.0 
84.0 59.0 63.0 74.0 
60.0 58.0 59.0 58.0 
58.0 59.0 60.0 60.0 
59.0 59.0 59.0 59.0 
84.0 59.0 62.0 73.0 
59.0 58.0 59.0 58.0 
58.0 59.0 59.0 60.0 
60.0 59.0 60.0 59.0 
84.0 59.0 62.0 74.0 
59.0 58.0 59.0 58.0 
59.0 58.0 60.0 59.0 
59.0 59.0 59.0 59.0 
83.0 60.0 62.0 74.0 
59.0 58.0 58.0 58.0 
58.0 59.0 59.0 60.0 
59.0 59.0 60.0 59.0 
84.0 58.0 62.0 74.0 
58.0 59.0 59.0 58.0 
59.0 60.0 60.0 59.0 
59.0 60.0 59.0 59.0 
82.0 59.0 63.0 73.0 
58.0 57.0 58.0 59.0 
58.0 57.0 59.0 59.0 
59.0 59.0 60.0 59.0 
84.0 58.0 62.0 74.0 
59.0 58.0 59.0 58.0 
59.0 58.0 60.0 59.0 
59.0 59.0 59.0 59.0 
84.0 58.0 62.0 74.0 
58.0 58.0 59.0 58.0 
58.0 59.0 61.0 59.0 
59.0 60.0 60.0 59.0 
84.0 59.0 62.0 73.0 
59.0 58.0 58.0 59.0 
59.0 58.0 60.0 60.0 
60.0 59.0 59.0 59.0 
83.0 59.0 63.0 74.0 
59.0 58.0 58.0 58.0 
59.0 59.0 59.0 59.0 
60.0 59.0 60.0 59.0 
84.0 60.0 62.0 74.0 
58.0 58.0 59.0 59.0 
58.0 58.0 60.0 60.0 
59.0 59.0 60.0 59.0 
83.0 58.0 62.0 73.0 
59.0 58.0 59.0 59.0 
58.0 59.0 60.0 59.0 
60.0 59.0 59.0 59.0 
85.0 59.0 63.0 74.0 
58.0 58.0 59.0 59.0 
58.0 59.0 59.0 59.0 
60.0 59.0 59.0 59.0 
84.0 60.0 62.0 74.0 
59.0 58.0 58.0 58.0 
59.0 58.0 59.0 59.0 
60.0 59.0 60.0 59.0 
84.0 59.0 62.0 74.0 
59.0 58.0 59.0 58.0 
59.0 59.0 60.0 60.0 
60.0 59.0 59.0 59.0 
84.0 60.0 62.0 74.0 
58.0 58.0 59.0 59.0 
59.0 59.0 60.0 59.0 
60.0 59.0 60.0 60.0 
84.0 59.0 62.0 73.0 
59.0 58.0 58.0 59.0 
58.0 59.0 60.0 60.0 
60.0 59.0 59.0 59.0 
84.0 60.0 63.0 73.0 
59.0 58.0 60.0 59.0 
59.0 59.0 60.0 60.0 
60.0 60.0 60.0 59.0 
84.0 58.0 62.0 73.0 
59.0 58.0 59.0 59.0 
59.0 58.0 59.0 59.0 
59.0 59.0 60.0 59.0 
83.0 59.0 63.0 74.0 
59.0 59.0 59.0 58.0 
59.0 60.0 59.0 60.0 
60.0 59.0 59.0 60.0 
84.0 59.0 62.0 74.0 
59.0 58.0 58.0 58.0 
58.0 58.0 60.0 59.0 
60.0 60.0 60.0 59.0 
84.0 59.0 62.0 73.0 
59.0 58.0 59.0 59.0 
58.0 59.0 60.0 60.0 
59.0 59.0 59.0 59.0 
84.0 59.0 62.0 74.0 
59.0 58.0 60.0 58.0 
59.0 59.0 59.0 60.0 
60.0 59.0 60.0 59.0 
84.0 59.0 62.0 74.0 
58.0 58.0 60.0 59.0 
59.0 58.0 60.0 59.0 
59.0 59.0 59.0 59.0 
84.0 59.0 62.0 74.0 
59.0 59.0 59.0 59.0 
58.0 59.0 60.0 60.0 
60.0 60.0 59.0 60.0 
84.0 59.0 62.0 74.0 
59.0 58.0 58.0 59.0 
59.0 58.0 60.0 59.0 
59.0 60.0 60.0 59.0 
84.0 59.0 62.0 74.0 
59.0 58.0 58.0 59.0 
59.0 58.0 60.0 59.0 
60.0 59.0 60.0 59.0 
83.0 59.0 62.0 74.0 
58.0 58.0 59.0 58.0 
59.0 59.0 59.0 59.0 
60.0 59.0 60.0 59.0 
84.0 59.0 62.0 73.0 
58.0 59.0 59.0 59.0 
59.0 58.0 60.0 59.0 
60.0 60.0 59.0 60.0 
84.0 59.0 63.0 74.0 
58.0 58.0 59.0 59.0 
58.0 59.0 60.0 60.0 
59.0 59.0 59.0 59.0 
84.0 59.0 62.0 74.0 
59.0 59.0 59.0 58.0 
59.0 58.0 60.0 59.0 
60.0 60.0 59.0 59.0 
83.0 59.0 62.0 75.0 
59.0 58.0 59.0 58.0 
59.0 59.0 59.0 59.0 
60.0 59.0 60.0 59.0 
83.0 59.0 62.0 74.0 
59.0 58.0 59.0 59.0 
59.0 59.0 59.0 59.0 
59.0 59.0 59.0 60.0 
84.0 60.0 63.0 74.0 
60.0 58.0 59.0 59.0 
59.0 59.0 60.0 60.0 
59.0 60.0 60.0 59.0 
84.0 59.0 62.0 74.0 
58.0 58.0 59.0 59.0 
59.0 58.0 60.0 59.0 
60.0 60.0 59.0 59.0 
85.0 59.0 63.0 73.0 
58.0 57.0 61.0 59.0 
59.0 59.0 60.0 59.0 
59.0 60.0 59.0 59.0 
84.0 59.0 63.0 73.0 
59.0 58.0 60.0 58.0 
59.0 59.0 60.0 60.0 
60.0 60.0 60.0 59.0 
84.0 59.0 63.0 73.0 
58.0 58.0 59.0 58.0 
59.0 58.0 61.0 60.0 
59.0 59.0 59.0 60.0 
85.0 59.0 62.0 73.0 
59.0 58.0 59.0 58.0 
59.0 59.0 60.0 60.0 
60.0 60.0 60.0 60.0 
83.0 59.0 62.0 73.0 
59.0 58.0 59.0 59.0 
58.0 58.0 60.0 59.0 
60.0 60.0 59.0 60.0 
83.0 59.0 63.0 72.0 
59.0 58.0 58.0 59.0 
58.0 59.0 59.0 60.0 
59.0 60.0 60.0 60.0 
84.0 59.0 63.0 73.0 
59.0 58.0 59.0 59.0 
59.0 59.0 61.0 59.0 
60.0 60.0 60.0 60.0 
84.0 59.0 63.0 73.0 
59.0 58.0 59.0 59.0 
59.0 60.0 60.0 59.0 
60.0 60.0 60.0 60.0 
84.0 59.0 62.0 73.0 
59.0 58.0 59.0 59.0 
59.0 61.0 60.0 60.0 
60.0 59.0 60.0 59.0 
83.0 59.0 62.0 73.0 
59.0 58.0 58.0 59.0 
57.0 59.0 59.0 59.0 
60.0 59.0 60.0 60.0 
84.0 59.0 63.0 73.0 
59.0 58.0 59.0 59.0 
58.0 59.0 61.0 60.0 
60.0 60.0 59.0 61.0 
84.0 59.0 62.0 73.0 
58.0 59.0 59.0 59.0 
59.0 60.0 60.0 59.0 
59.0 60.0 60.0 60.0 
83.0 59.0 62.0 73.0 
59.0 58.0 59.0 58.0 
59.0 59.0 59.0 59.0 
59.0 59.0 60.0 60.0 
83.0 59.0 63.0 73.0 
58.0 58.0 59.0 59.0 
58.0 59.0 59.0 60.0 
60.0 59.0 60.0 60.0 
84.0 59.0 62.0 73.0 
59.0 59.0 59.0 59.0 
59.0 59.0 60.0 59.0 
59.0 59.0 60.0 59.0 
84.0 59.0 62.0 73.0 
59.0 58.0 58.0 59.0 
59.0 59.0 60.0 60.0 
59.0 60.0 60.0 59.0 
84.0 59.0 63.0 73.0 
59.0 59.0 59.0 59.0 
59.0 59.0 60.0 59.0 
60.0 60.0 60.0 60.0 
84.0 60.0 62.0 73.0 
59.0 59.0 59.0 59.0 
59.0 59.0 60.0 60.0 
60.0 60.0 60.0 59.0 
83.0 59.0 63.0 73.0 
59.0 59.0 59.0 59.0 
58.0 59.0 60.0 60.0 
60.0 59.0 59.0 59.0 
84.0 59.0 63.0 74.0 
60.0 59.0 59.0 59.0 
59.0 59.0 60.0 60.0 
59.0 60.0 60.0 60.0 
84.0 59.0 62.0 72.0 
58.0 58.0 59.0 59.0 
59.0 58.0 61.0 60.0 
60.0 59.0 60.0 59.0 
84.0 60.0 62.0 73.0 
59.0 58.0 58.0 59.0 
59.0 59.0 60.0 60.0 
60.0 59.0 60.0 61.0 
84.0 59.0 62.0 74.0 
59.0 58.0 59.0 59.0 
59.0 59.0 60.0 60.0 
60.0 59.0 60.0 60.0 
84.0 59.0 62.0 74.0 
59.0 58.0 59.0 58.0 
60.0 59.0 61.0 60.0 
60.0 59.0 59.0 60.0 
84.0 59.0 63.0 74.0 
59.0 58.0 59.0 58.0 
59.0 59.0 59.0 60.0 
60.0 59.0 59.0 60.0 
84.0 59.0 62.0 73.0 
59.0 58.0 59.0 60.0 
59.0 59.0 61.0 60.0 
59.0 60.0 60.0 60.0 
84.0 59.0 63.0 73.0 
59.0 59.0 59.0 59.0 
59.0 59.0 60.0 60.0 
60.0 60.0 60.0 60.0 
84.0 60.0 63.0 73.0 
59.0 59.0 59.0 59.0 
58.0 59.0 60.0 60.0 
59.0 60.0 60.0 60.0 
83.0 59.0 62.0 73.0 
59.0 58.0 59.0 59.0 
59.0 59.0 60.0 60.0 
60.0 60.0 60.0 59.0 
84.0 59.0 62.0 73.0 
59.0 59.0 58.0 59.0 
59.0 58.0 60.0 60.0 
60.0 60.0 60.0 59.0 
84.0 59.0 61.0 75.0 
59.0 58.0 60.0 59.0 
59.0 59.0 60.0 60.0 
60.0 59.0 59.0 60.0 
84.0 60.0 63.0 73.0 
59.0 58.0 59.0 59.0 
59.0 59.0 60.0 60.0 
59.0 60.0 61.0 60.0 
85.0 59.0 62.0 73.0 
59.0 59.0 59.0 59.0 
59.0 60.0 60.0 60.0 
60.0 60.0 60.0 60.0 
84.0 59.0 62.0 74.0 
58.0 58.0 59.0 59.0 
59.0 60.0 60.0 60.0 
60.0 59.0 59.0 59.0 
85.0 59.0 63.0 74.0 
58.0 58.0 58.0 59.0 
59.0 59.0 60.0 60.0 
60.0 59.0 60.0 59.0 
83.0 59.0 63.0 74.0 
59.0 58.0 59.0 58.0 
59.0 59.0 59.0 60.0 
60.0 60.0 60.0 60.0 
84.0 59.0 62.0 73.0 
59.0 58.0 59.0 59.0 
59.0 59.0 60.0 60.0 
60.0 60.0 59.0 60.0 
84.0 59.0 63.0 74.0 
59.0 59.0 59.0 59.0 
58.0 59.0 60.0 60.0 
59.0 59.0 60.0 60.0 
84.0 60.0 62.0 73.0 
59.0 59.0 59.0 59.0 
59.0 60.0 60.0 60.0 
60.0 60.0 60.0 60.0 
85.0 60.0 62.0 73.0 
59.0 58.0 59.0 59.0 
59.0 59.0 62.0 61.0 
60.0 60.0 60.0 60.0 
84.0 59.0 62.0 74.0 
59.0 58.0 60.0 59.0 
59.0 60.0 60.0 60.0 
60.0 59.0 60.0 60.0 
84.0 59.0 62.0 74.0 
59.0 59.0 59.0 59.0 
59.0 59.0 60.0 60.0 
59.0 60.0 60.0 60.0 
84.0 59.0 62.0 74.0 
59.0 58.0 59.0 60.0 
59.0 59.0 61.0 60.0 
60.0 60.0 60.0 60.0 
84.0 60.0 62.0 74.0 
59.0 59.0 59.0 59.0 
59.0 59.0 60.0 60.0 
60.0 60.0 60.0 60.0 
85.0 60.0 63.0 75.0 
59.0 58.0 59.0 59.0 
59.0 59.0 60.0 60.0 
59.0 60.0 61.0 59.0 
84.0 59.0 62.0 74.0 
58.0 58.0 60.0 59.0 
59.0 60.0 60.0 60.0 
60.0 59.0 60.0 60.0 
84.0 59.0 62.0 74.0 
58.0 59.0 59.0 59.0 
60.0 59.0 61.0 60.0 
59.0 60.0 60.0 59.0 
84.0 59.0 62.0 74.0 
58.0 59.0 60.0 59.0 
60.0 59.0 60.0 60.0 
60.0 60.0 60.0 60.0 
84.0 59.0 63.0 74.0 
59.0 58.0 59.0 59.0 
59.0 59.0 60.0 60.0 
60.0 60.0 60.0 60.0 
85.0 59.0 63.0 74.0 
59.0 59.0 59.0 59.0 
59.0 59.0 62.0 60.0 
60.0 60.0 60.0 59.0 
84.0 59.0 62.0 74.0 
59.0 59.0 59.0 59.0 
59.0 60.0 60.0 60.0 
60.0 59.0 60.0 60.0 
84.0 59.0 62.0 74.0 
59.0 59.0 59.0 59.0 
59.0 59.0 60.0 60.0 
61.0 60.0 60.0 60.0 
85.0 59.0 63.0 73.0 
58.0 59.0 59.0 59.0 
59.0 59.0 60.0 60.0 
60.0 59.0 60.0 60.0 
84.0 59.0 62.0 75.0 
60.0 58.0 60.0 59.0 
59.0 59.0 60.0 60.0 
60.0 60.0 60.0 59.0 
84.0 59.0 62.0 74.0 
59.0 59.0 58.0 59.0 
59.0 59.0 61.0 60.0 
60.0 60.0 60.0 60.0 
85.0 59.0 62.0 74.0 
58.0 59.0 59.0 59.0 
60.0 59.0 60.0 59.0 
61.0 60.0 60.0 60.0 
84.0 59.0 62.0 75.0 
59.0 58.0 59.0 59.0 
59.0 60.0 60.0 60.0 
60.0 60.0 60.0 60.0 
84.0 60.0 63.0 75.0 
59.0 59.0 59.0 60.0 
60.0 60.0 60.0 60.0 
60.0 60.0 59.0 61.0 
84.0 59.0 62.0 74.0 
59.0 59.0 59.0 58.0 
59.0 59.0 60.0 60.0 
60.0 60.0 60.0 60.0 
84.0 59.0 62.0 75.0 
60.0 58.0 59.0 59.0 
58.0 59.0 60.0 60.0 
60.0 60.0 61.0 59.0 
84.0 59.0 62.0 74.0 
59.0 58.0 59.0 59.0 
60.0 59.0 60.0 60.0 
60.0 60.0 60.0 60.0 
85.0 59.0 62.0 74.0 
59.0 59.0 59.0 59.0 
61.0 59.0 60.0 59.0 
60.0 60.0 59.0 60.0 
84.0 59.0 62.0 74.0 
59.0 59.0 58.0 59.0 
59.0 59.0 61.0 60.0 
60.0 60.0 60.0 60.0 
85.0 59.0 62.0 76.0 
59.0 58.0 59.0 59.0 
59.0 58.0 60.0 60.0 
59.0 60.0 60.0 60.0 
84.0 59.0 62.0 74.0 
59.0 58.0 59.0 59.0 
59.0 59.0 60.0 60.0 
59.0 61.0 60.0 60.0 
84.0 59.0 62.0 75.0 
60.0 59.0 59.0 59.0 
59.0 59.0 60.0 60.0 
59.0 60.0 59.0 60.0 
85.0 59.0 62.0 74.0 
59.0 58.0 59.0 59.0 
58.0 59.0 60.0 60.0 
60.0 59.0 60.0 60.0 
85.0 59.0 62.0 74.0 
59.0 59.0 59.0 59.0 
59.0 59.0 60.0 60.0 
60.0 60.0 60.0 60.0 
84.0 59.0 63.0 74.0 
59.0 58.0 59.0 59.0 
59.0 59.0 60.0 60.0 
60.0 60.0 60.0 59.0 
84.0 59.0 62.0 74.0 
59.0 59.0 60.0 59.0 
59.0 59.0 61.0 60.0 
60.0 60.0 60.0 60.0 
85.0 59.0 62.0 75.0 
59.0 59.0 59.0 59.0 
59.0 59.0 60.0 60.0 
60.0 60.0 60.0 60.0 
84.0 59.0 63.0 74.0 
59.0 59.0 59.0 59.0 
60.0 59.0 62.0 60.0 
59.0 59.0 60.0 60.0 
84.0 59.0 62.0 74.0 
59.0 58.0 59.0 59.0 
58.0 60.0 60.0 60.0 
60.0 60.0 61.0 60.0 
85.0 59.0 62.0 74.0 
59.0 58.0 59.0 59.0 
59.0 59.0 61.0 60.0 
60.0 59.0 60.0 60.0 
84.0 59.0 62.0 74.0 
59.0 59.0 59.0 59.0 
59.0 59.0 60.0 60.0 
60.0 59.0 60.0 60.0 
84.0 60.0 62.0 74.0 
59.0 59.0 59.0 59.0 
59.0 59.0 61.0 60.0 
60.0 60.0 60.0 60.0 
85.0 60.0 62.0 74.0 
59.0 58.0 60.0 59.0 
59.0 59.0 60.0 60.0 
60.0 60.0 61.0 60.0 
83.0 60.0 62.0 73.0 
59.0 58.0 59.0 59.0 
59.0 59.0 59.0 59.0 
59.0 60.0 60.0 60.0 
84.0 60.0 62.0 74.0 
59.0 59.0 59.0 58.0 
59.0 59.0 61.0 60.0 
60.0 60.0 60.0 60.0 
84.0 59.0 62.0 74.0 
59.0 59.0 59.0 59.0 
59.0 59.0 60.0 60.0 
60.0 59.0 60.0 60.0 
83.0 60.0 62.0 73.0 
59.0 59.0 59.0 59.0 
58.0 60.0 60.0 61.0 
60.0 60.0 61.0 59.0 
84.0 59.0 62.0 74.0 
59.0 58.0 59.0 59.0 
59.0 59.0 60.0 60.0 
60.0 60.0 60.0 60.0 
83.0 59.0 62.0 74.0 
60.0 59.0 59.0 59.0 
59.0 59.0 60.0 60.0 
60.0 60.0 60.0 60.0 
84.0 60.0 62.0 74.0 
59.0 59.0 59.0 59.0 
59.0 59.0 60.0 60.0 
60.0 60.0 61.0 60.0 
83.0 59.0 62.0 73.0 
59.0 58.0 59.0 60.0 
59.0 59.0 59.0 60.0 
60.0 60.0 60.0 60.0 
84.0 59.0 62.0 74.0 
61.0 58.0 59.0 59.0 
59.0 59.0 60.0 60.0 
60.0 60.0 61.0 59.0 
85.0 59.0 62.0 75.0 
58.0 58.0 59.0 59.0 
59.0 59.0 61.0 60.0 
60.0 60.0 60.0 60.0 
84.0 59.0 62.0 74.0 
59.0 58.0 59.0 59.0 
60.0 59.0 60.0 60.0 
61.0 59.0 60.0 59.0 
84.0 59.0 62.0 74.0 
59.0 59.0 59.0 59.0 
59.0 60.0 60.0 60.0 
60.0 60.0 60.0 60.0 
85.0 60.0 62.0 74.0 
58.0 58.0 59.0 60.0 
59.0 59.0 60.0 61.0 
59.0 60.0 60.0 60.0 
84.0 59.0 62.0 74.0 
59.0 59.0 59.0 59.0 
59.0 60.0 61.0 60.0 
60.0 60.0 60.0 60.0 
84.0 60.0 62.0 74.0 
59.0 58.0 59.0 60.0 
59.0 59.0 60.0 62.0 
60.0 60.0 60.0 60.0 
83.0 60.0 62.0 73.0 
59.0 58.0 59.0 60.0 
61.0 59.0 60.0 63.0 
58.0 60.0 60.0 59.0 
84.0 60.0 62.0 74.0 
59.0 59.0 60.0 60.0 
60.0 59.0 61.0 64.0 
60.0 60.0 61.0 60.0 
84.0 60.0 62.0 74.0 
60.0 58.0 59.0 60.0 
61.0 58.0 60.0 64.0 
60.0 60.0 61.0 59.0 
85.0 59.0 62.0 74.0 
60.0 58.0 59.0 60.0 
60.0 59.0 60.0 62.0 
60.0 59.0 61.0 59.0 
84.0 59.0 62.0 74.0 
59.0 59.0 59.0 60.0 
61.0 60.0 61.0 64.0 
60.0 59.0 61.0 60.0 
84.0 60.0 62.0 73.0 
60.0 59.0 59.0 61.0 
60.0 59.0 61.0 62.0 
60.0 60.0 60.0 59.0 
83.0 59.0 62.0 72.0 
60.0 59.0 59.0 61.0 
61.0 59.0 60.0 65.0 
61.0 60.0 60.0 61.0 
83.0 59.0 61.0 74.0 
59.0 59.0 59.0 61.0 
61.0 59.0 60.0 64.0 
60.0 60.0 60.0 61.0 
82.0 59.0 62.0 72.0 
60.0 59.0 60.0 61.0 
62.0 59.0 61.0 64.0 
61.0 60.0 60.0 61.0 
81.0 60.0 63.0 72.0 
60.0 59.0 59.0 61.0 
61.0 59.0 60.0 64.0 
60.0 60.0 60.0 61.0 
82.0 60.0 62.0 73.0 
60.0 58.0 59.0 61.0 
63.0 59.0 60.0 65.0 
60.0 60.0 60.0 61.0 
81.0 59.0 61.0 72.0 
60.0 60.0 59.0 61.0 
62.0 59.0 61.0 65.0 
61.0 59.0 60.0 61.0 
81.0 59.0 62.0 72.0 
60.0 59.0 60.0 61.0 
62.0 60.0 60.0 66.0 
61.0 60.0 60.0 61.0 
80.0 60.0 62.0 73.0 
60.0 59.0 59.0 60.0 
62.0 59.0 61.0 65.0 
61.0 60.0 60.0 61.0 
80.0 59.0 62.0 72.0 
59.0 59.0 59.0 61.0 
63.0 59.0 61.0 66.0 
60.0 60.0 60.0 60.0 
75.0 59.0 62.0 71.0 
60.0 58.0 60.0 60.0 
62.0 59.0 61.0 66.0 
60.0 59.0 60.0 60.0 
76.0 60.0 62.0 72.0 
59.0 59.0 59.0 60.0 
63.0 59.0 62.0 65.0 
60.0 60.0 61.0 60.0 
72.0 60.0 62.0 70.0 
60.0 59.0 59.0 59.0 
63.0 59.0 61.0 66.0 
61.0 60.0 60.0 60.0 
67.0 60.0 62.0 70.0 
59.0 58.0 59.0 59.0 
63.0 59.0 61.0 66.0 
61.0 59.0 60.0 60.0 
76.0 58.0 62.0 71.0 
59.0 58.0 60.0 59.0 
64.0 59.0 61.0 66.0 
62.0 60.0 60.0 61.0 
66.0 59.0 62.0 70.0 
59.0 59.0 59.0 59.0 
63.0 60.0 60.0 66.0 
60.0 60.0 60.0 60.0 
67.0 59.0 62.0 71.0 
60.0 58.0 59.0 59.0 
63.0 59.0 61.0 66.0 
61.0 60.0 60.0 60.0 
68.0 59.0 62.0 71.0 
59.0 59.0 59.0 59.0 
63.0 59.0 61.0 66.0 
61.0 60.0 60.0 59.0 
67.0 59.0 62.0 71.0 
59.0 58.0 59.0 59.0 
63.0 59.0 61.0 66.0 
60.0 59.0 60.0 60.0 
71.0 59.0 62.0 71.0 
60.0 58.0 60.0 59.0 
65.0 59.0 61.0 68.0 
61.0 60.0 59.0 59.0 
76.0 60.0 63.0 74.0 
59.0 58.0 59.0 59.0 
64.0 59.0 62.0 68.0 
60.0 60.0 60.0 60.0 
69.0 59.0 62.0 73.0 
59.0 59.0 59.0 59.0 
64.0 59.0 61.0 68.0 
61.0 60.0 60.0 59.0 
69.0 59.0 62.0 73.0 
59.0 59.0 59.0 59.0 
64.0 60.0 62.0 68.0 
60.0 59.0 61.0 60.0 
68.0 60.0 62.0 73.0 
60.0 58.0 59.0 59.0 
65.0 60.0 61.0 69.0 
61.0 60.0 61.0 59.0 
69.0 60.0 60.0 74.0 
59.0 59.0 59.0 59.0 
64.0 59.0 61.0 68.0 
62.0 60.0 61.0 60.0 
71.0 59.0 61.0 73.0 
59.0 58.0 59.0 60.0 
63.0 59.0 60.0 66.0 
60.0 60.0 60.0 60.0 
66.0 59.0 61.0 71.0 
59.0 59.0 60.0 59.0 
63.0 59.0 61.0 66.0 
61.0 60.0 60.0 59.0 
68.0 60.0 61.0 71.0 
59.0 59.0 59.0 59.0 
63.0 59.0 63.0 66.0 
60.0 60.0 61.0 60.0 
67.0 60.0 62.0 70.0 
59.0 59.0 59.0 60.0 
63.0 59.0 62.0 66.0 
61.0 60.0 60.0 60.0 
66.0 60.0 61.0 70.0 
60.0 59.0 59.0 59.0 
63.0 59.0 62.0 66.0 
60.0 60.0 60.0 60.0 
66.0 59.0 62.0 67.0 
59.0 59.0 59.0 60.0 
63.0 59.0 62.0 66.0 
60.0 60.0 60.0 60.0 
63.0 60.0 61.0 66.0 
60.0 58.0 59.0 60.0 
63.0 60.0 63.0 66.0 
62.0 60.0 60.0 60.0 
62.0 60.0 61.0 64.0 
60.0 59.0 59.0 60.0 
63.0 58.0 63.0 66.0 
61.0 60.0 61.0 61.0 
64.0 60.0 63.0 68.0 
59.0 58.0 59.0 59.0 
62.0 59.0 64.0 65.0 
60.0 60.0 60.0 60.0 
64.0 59.0 62.0 68.0 
59.0 59.0 59.0 60.0 
62.0 59.0 63.0 64.0 
60.0 60.0 60.0 60.0 
64.0 59.0 63.0 69.0 
59.0 59.0 60.0 59.0 
60.0 59.0 62.0 62.0 
61.0 60.0 60.0 59.0 
65.0 59.0 63.0 69.0 
59.0 59.0 59.0 60.0 
60.0 60.0 60.0 60.0 
60.0 60.0 60.0 59.0 
65.0 60.0 62.0 70.0 
59.0 59.0 59.0 59.0 
60.0 59.0 60.0 61.0 
60.0 60.0 60.0 60.0 
71.0 60.0 66.0 77.0 
59.0 59.0 59.0 59.0 
60.0 59.0 60.0 60.0 
61.0 60.0 61.0 60.0 
74.0 60.0 65.0 78.0 
60.0 59.0 59.0 59.0 
61.0 60.0 60.0 60.0 
60.0 60.0 60.0 60.0 
75.0 59.0 64.0 79.0 
59.0 59.0 59.0 59.0 
59.0 59.0 60.0 60.0 
60.0 60.0 60.0 59.0 
82.0 59.0 65.0 80.0 
59.0 58.0 60.0 58.0 
59.0 59.0 60.0 60.0 
60.0 60.0 60.0 60.0 
89.0 60.0 66.0 80.0 
60.0 58.0 59.0 59.0 
59.0 59.0 60.0 60.0 
60.0 59.0 60.0 59.0 
90.0 59.0 66.0 80.0 
59.0 59.0 60.0 58.0 
59.0 59.0 60.0 60.0 
59.0 60.0 60.0 60.0 
90.0 60.0 67.0 80.0 
59.0 59.0 59.0 58.0 
59.0 59.0 60.0 60.0 
59.0 60.0 61.0 60.0 
82.0 60.0 64.0 80.0 
59.0 58.0 59.0 59.0 
59.0 59.0 60.0 60.0 
60.0 60.0 60.0 60.0 
81.0 60.0 64.0 79.0 
59.0 58.0 59.0 59.0 
58.0 59.0 60.0 60.0 
61.0 60.0 60.0 60.0 
86.0 60.0 63.0 80.0 
59.0 59.0 58.0 60.0 
60.0 60.0 60.0 59.0 
59.0 60.0 60.0 60.0 
82.0 60.0 63.0 81.0 
59.0 59.0 59.0 58.0 
59.0 59.0 60.0 60.0 
60.0 61.0 61.0 59.0 
87.0 60.0 61.0 81.0 
59.0 59.0 59.0 59.0 
59.0 59.0 60.0 60.0 
60.0 60.0 61.0 60.0 
76.0 60.0 60.0 79.0 
60.0 58.0 58.0 59.0 
60.0 59.0 61.0 60.0 
61.0 60.0 60.0 59.0 
77.0 60.0 60.0 79.0 
59.0 59.0 60.0 59.0 
60.0 59.0 60.0 60.0 
60.0 60.0 61.0 60.0 
76.0 59.0 60.0 80.0 
59.0 58.0 59.0 59.0 
59.0 60.0 60.0 60.0 
60.0 60.0 60.0 59.0 
79.0 59.0 60.0 76.0 
59.0 58.0 59.0 59.0 
58.0 59.0 61.0 60.0 
60.0 60.0 60.0 60.0 
80.0 59.0 60.0 76.0 
59.0 59.0 59.0 59.0 
59.0 59.0 60.0 60.0 
60.0 60.0 60.0 60.0 
80.0 59.0 60.0 78.0 
59.0 58.0 59.0 59.0 
59.0 59.0 60.0 60.0 
61.0 59.0 60.0 59.0 
80.0 59.0 60.0 78.0 
60.0 58.0 59.0 59.0 
59.0 59.0 60.0 60.0 
60.0 59.0 60.0 60.0 
82.0 61.0 61.0 77.0 
59.0 58.0 59.0 59.0 
59.0 59.0 60.0 60.0 
60.0 60.0 60.0 60.0 
82.0 60.0 60.0 80.0 
59.0 59.0 59.0 59.0 
58.0 59.0 60.0 60.0 
61.0 60.0 61.0 59.0 
85.0 60.0 60.0 78.0 
60.0 58.0 59.0 59.0 
59.0 59.0 61.0 60.0 
59.0 60.0 61.0 59.0 
84.0 59.0 60.0 80.0 
60.0 59.0 59.0 59.0 
59.0 59.0 60.0 60.0 
60.0 60.0 60.0 60.0 
87.0 59.0 61.0 80.0 
59.0 59.0 60.0 60.0 
59.0 59.0 60.0 60.0 
60.0 60.0 60.0 59.0 
85.0 59.0 60.0 81.0 
63.0 58.0 59.0 61.0 
59.0 59.0 60.0 61.0 
61.0 60.0 60.0 60.0 
85.0 60.0 76.0 84.0 
63.0 59.0 59.0 62.0 
59.0 60.0 60.0 60.0 
59.0 60.0 60.0 59.0 
84.0 60.0 80.0 81.0 
63.0 59.0 60.0 61.0 
58.0 59.0 61.0 59.0 
59.0 60.0 60.0 59.0 
87.0 59.0 76.0 81.0 
63.0 58.0 59.0 61.0 
58.0 60.0 60.0 60.0 
60.0 60.0 59.0 60.0 
86.0 60.0 84.0 83.0 
63.0 59.0 59.0 61.0 
58.0 59.0 59.0 60.0 
58.0 60.0 60.0 59.0 
81.0 60.0 96.0 81.0 
61.0 59.0 60.0 62.0 
58.0 59.0 58.0 60.0 
59.0 60.0 59.0 59.0 
81.0 59.0 100.0 83.0 
62.0 59.0 60.0 62.0 
58.0 59.0 58.0 60.0 
59.0 60.0 58.0 59.0 
81.0 60.0 122.0 81.0 
62.0 59.0 60.0 61.0 
59.0 59.0 57.0 60.0 
59.0 60.0 57.0 60.0 
84.0 60.0 134.0 81.0 
62.0 60.0 59.0 61.0 
59.0 59.0 58.0 60.0 
59.0 60.0 57.0 59.0 
80.0 59.0 140.0 79.0 
61.0 59.0 58.0 60.0 
58.0 60.0 57.0 60.0 
59.0 60.0 57.0 60.0 
85.0 60.0 146.0 80.0 
62.0 59.0 60.0 60.0 
59.0 59.0 57.0 60.0 
59.0 60.0 57.0 60.0 
83.0 60.0 157.0 79.0 
62.0 59.0 60.0 62.0 
58.0 60.0 56.0 59.0 
59.0 60.0 56.0 59.0 
78.0 60.0 167.0 81.0 
63.0 60.0 60.0 61.0 
59.0 58.0 57.0 60.0 
59.0 60.0 56.0 60.0 
81.0 60.0 178.0 82.0 
62.0 59.0 60.0 61.0 
61.0 59.0 57.0 62.0 
59.0 60.0 55.0 59.0 
86.0 60.0 183.0 83.0 
62.0 59.0 61.0 62.0 
61.0 59.0 58.0 62.0 
59.0 60.0 55.0 59.0 
84.0 60.0 200.0 86.0 
61.0 58.0 60.0 62.0 
61.0 59.0 58.0 62.0 
59.0 60.0 54.0 59.0 
86.0 59.0 220.0 86.0 
62.0 59.0 60.0 62.0 
61.0 60.0 57.0 62.0 
59.0 60.0 54.0 59.0 
88.0 60.0 231.0 88.0 
61.0 59.0 59.0 62.0 
61.0 60.0 57.0 62.0 
59.0 60.0 52.0 59.0 
86.0 60.0 239.0 90.0 
60.0 58.0 58.0 60.0 
61.0 59.0 58.0 62.0 
59.0 59.0 53.0 59.0 
87.0 61.0 257.0 91.0 
60.0 60.0 56.0 60.0 
61.0 60.0 57.0 63.0 
59.0 60.0 52.0 59.0 
88.0 60.0 259.0 95.0 
60.0 58.0 58.0 61.0 
61.0 59.0 58.0 62.0 
59.0 60.0 53.0 58.0 
84.0 61.0 264.0 91.0 
62.0 58.0 62.0 61.0 
62.0 59.0 57.0 62.0 
59.0 60.0 52.0 60.0 
82.0 60.0 230.0 91.0 
61.0 58.0 64.0 63.0 
61.0 60.0 59.0 63.0 
59.0 60.0 55.0 60.0 
81.0 61.0 245.0 94.0 
61.0 59.0 66.0 63.0 
61.0 59.0 59.0 63.0 
59.0 60.0 55.0 59.0 
83.0 60.0 277.0 101.0 
61.0 58.0 64.0 62.0 
61.0 59.0 58.0 62.0 
59.0 60.0 53.0 59.0 
81.0 61.0 246.0 99.0 
62.0 58.0 65.0 63.0 
61.0 61.0 59.0 62.0 
59.0 60.0 54.0 59.0 
83.0 60.0 287.0 110.0 
60.0 59.0 64.0 62.0 
61.0 60.0 59.0 63.0 
59.0 60.0 52.0 59.0 
87.0 62.0 369.0 133.0 
61.0 59.0 58.0 61.0 
63.0 59.0 58.0 63.0 
59.0 60.0 50.0 57.0 
88.0 62.0 380.0 139.0 
61.0 59.0 62.0 61.0 
62.0 60.0 58.0 63.0 
59.0 60.0 51.0 58.0 
84.0 61.0 325.0 131.0 
61.0 59.0 61.0 61.0 
62.0 59.0 59.0 63.0 
59.0 60.0 50.0 58.0 
86.0 62.0 342.0 154.0 
62.0 60.0 64.0 63.0 
62.0 59.0 59.0 63.0 
59.0 60.0 53.0 58.0 
88.0 62.0 355.0 191.0 
61.0 59.0 64.0 60.0 
62.0 58.0 60.0 61.0 
60.0 59.0 53.0 56.0 
89.0 62.0 333.0 216.0 
62.0 59.0 65.0 62.0 
63.0 60.0 60.0 62.0 
59.0 60.0 53.0 56.0 
84.0 61.0 305.0 214.0 
62.0 59.0 66.0 62.0 
62.0 59.0 61.0 61.0 
60.0 60.0 54.0 56.0 
83.0 60.0 278.0 227.0 
62.0 59.0 66.0 62.0 
62.0 59.0 60.0 61.0 
59.0 61.0 54.0 55.0 
86.0 61.0 255.0 257.0 
62.0 59.0 66.0 61.0 
61.0 59.0 59.0 59.0 
59.0 60.0 53.0 54.0 
84.0 61.0 229.0 257.0 
62.0 60.0 68.0 62.0 
61.0 59.0 60.0 58.0 
59.0 60.0 55.0 54.0 
87.0 61.0 231.0 303.0 
62.0 59.0 68.0 62.0 
59.0 59.0 56.0 55.0 
59.0 60.0 55.0 53.0 
92.0 62.0 237.0 340.0 
63.0 58.0 67.0 61.0 
58.0 59.0 56.0 56.0 
59.0 60.0 55.0 51.0 
93.0 61.0 214.0 332.0 
62.0 59.0 67.0 60.0 
60.0 59.0 60.0 57.0 
59.0 59.0 56.0 53.0 
94.0 61.0 213.0 349.0 
62.0 58.0 66.0 59.0 
60.0 59.0 59.0 56.0 
59.0 60.0 55.0 52.0 
95.0 61.0 209.0 351.0 
62.0 59.0 67.0 60.0 
61.0 60.0 60.0 56.0 
59.0 60.0 57.0 52.0 
91.0 60.0 193.0 314.0 
62.0 59.0 67.0 61.0 
61.0 59.0 59.0 57.0 
59.0 60.0 56.0 52.0 
93.0 61.0 192.0 333.0 
61.0 58.0 67.0 60.0 
60.0 59.0 60.0 56.0 
59.0 60.0 57.0 52.0 
116.0 63.0 201.0 387.0 
62.0 58.0 66.0 59.0 
60.0 59.0 61.0 56.0 
59.0 60.0 57.0 51.0 
119.0 61.0 189.0 359.0 
62.0 60.0 70.0 61.0 
60.0 60.0 61.0 56.0 
57.0 60.0 57.0 52.0 
125.0 63.0 194.0 400.0 
62.0 58.0 69.0 59.0 
60.0 59.0 62.0 58.0 
57.0 60.0 57.0 51.0 
121.0 61.0 167.0 325.0 
61.0 59.0 70.0 62.0 
61.0 60.0 62.0 57.0 
57.0 60.0 57.0 51.0 
121.0 61.0 142.0 282.0 
61.0 59.0 68.0 62.0 
61.0 59.0 62.0 59.0 
57.0 60.0 57.0 52.0 
137.0 60.0 148.0 312.0 
61.0 58.0 69.0 61.0 
60.0 61.0 63.0 59.0 
57.0 60.0 57.0 52.0 
145.0 61.0 146.0 302.0 
60.0 59.0 67.0 60.0 
61.0 59.0 64.0 58.0 
56.0 60.0 58.0 52.0 
149.0 60.0 145.0 294.0 
60.0 58.0 67.0 61.0 
60.0 59.0 64.0 60.0 
55.0 60.0 57.0 53.0 
144.0 60.0 135.0 260.0 
60.0 59.0 69.0 62.0 
60.0 60.0 64.0 60.0 
56.0 60.0 57.0 52.0 
167.0 60.0 141.0 294.0 
60.0 59.0 69.0 61.0 
60.0 58.0 64.0 59.0 
55.0 60.0 58.0 53.0 
178.0 60.0 139.0 289.0 
61.0 59.0 71.0 62.0 
58.0 60.0 63.0 59.0 
55.0 61.0 57.0 52.0 
179.0 60.0 138.0 281.0 
60.0 59.0 72.0 62.0 
59.0 59.0 63.0 60.0 
55.0 60.0 57.0 52.0 
175.0 61.0 132.0 251.0 
61.0 59.0 72.0 63.0 
59.0 59.0 65.0 60.0 
55.0 60.0 57.0 53.0 
179.0 60.0 128.0 238.0 
61.0 58.0 72.0 64.0 
60.0 60.0 63.0 60.0 
55.0 60.0 57.0 54.0 
184.0 396.0 121.0 183.0 
61.0 58.0 73.0 65.0 
60.0 57.0 64.0 63.0 
56.0 51.0 58.0 58.0 
143.0 388.0 115.0 172.0 
60.0 59.0 73.0 64.0 
60.0 59.0 65.0 61.0 
54.0 60.0 58.0 54.0 
167.0 421.0 117.0 175.0 
61.0 59.0 75.0 66.0 
60.0 56.0 64.0 63.0 
55.0 57.0 58.0 54.0 
178.0 469.0 121.0 180.0 
61.0 58.0 76.0 66.0 
59.0 58.0 65.0 62.0 
54.0 60.0 58.0 55.0 
181.0 417.0 116.0 174.0 
61.0 59.0 77.0 66.0 
60.0 59.0 65.0 62.0 
53.0 60.0 56.0 54.0 
192.0 434.0 119.0 182.0 
60.0 58.0 74.0 65.0 
62.0 59.0 69.0 66.0 
53.0 60.0 57.0 55.0 
221.0 449.0 118.0 172.0 
60.0 58.0 75.0 65.0 
62.0 58.0 70.0 66.0 
54.0 49.0 57.0 57.0 
250.0 464.0 117.0 169.0 
60.0 59.0 76.0 67.0 
61.0 60.0 69.0 66.0 
51.0 60.0 57.0 55.0 
256.0 459.0 116.0 162.0 
60.0 59.0 77.0 66.0 
62.0 59.0 70.0 68.0 
54.0 48.0 57.0 57.0 
264.0 420.0 112.0 153.0 
61.0 60.0 78.0 67.0 
62.0 61.0 70.0 68.0 
53.0 50.0 58.0 57.0 
266.0 354.0 109.0 138.0 
61.0 62.0 81.0 67.0 
62.0 62.0 70.0 68.0 
53.0 51.0 57.0 58.0 
290.0 366.0 111.0 140.0 
62.0 63.0 83.0 69.0 
62.0 63.0 70.0 69.0 
52.0 50.0 57.0 57.0 
339.0 368.0 112.0 140.0 
62.0 63.0 85.0 69.0 
62.0 63.0 71.0 69.0 
51.0 51.0 57.0 57.0 
339.0 324.0 111.0 131.0 
63.0 64.0 86.0 70.0 
61.0 64.0 70.0 69.0 
50.0 52.0 57.0 58.0 
356.0 301.0 112.0 125.0 
65.0 66.0 90.0 72.0 
61.0 64.0 71.0 70.0 
50.0 53.0 57.0 57.0 
303.0 199.0 115.0 102.0 
67.0 67.0 87.0 71.0 
61.0 67.0 69.0 70.0 
51.0 59.0 60.0 62.0 
301.0 158.0 121.0 96.0 
70.0 66.0 86.0 71.0 
61.0 65.0 68.0 68.0 
55.0 60.0 59.0 62.0 
332.0 148.0 123.0 90.0 
70.0 67.0 87.0 72.0 
61.0 66.0 69.0 70.0 
53.0 61.0 60.0 62.0 
346.0 147.0 127.0 91.0 
75.0 71.0 91.0 72.0 
61.0 67.0 69.0 70.0 
54.0 61.0 60.0 64.0 
340.0 138.0 128.0 90.0 
76.0 71.0 91.0 76.0 
50.0 56.0 58.0 59.0 
56.0 63.0 62.0 65.0 
327.0 134.0 131.0 90.0 
77.0 71.0 91.0 75.0 
50.0 57.0 56.0 59.0 
57.0 64.0 63.0 66.0 
326.0 129.0 134.0 89.0 
77.0 71.0 99.0 76.0 
51.0 57.0 56.0 59.0 
57.0 64.0 70.0 66.0 
330.0 128.0 137.0 89.0 
77.0 71.0 100.0 76.0 
50.0 57.0 55.0 59.0 
58.0 64.0 70.0 67.0 
321.0 120.0 134.0 87.0 
75.0 71.0 105.0 77.0 
51.0 58.0 56.0 59.0 
57.0 64.0 73.0 67.0 
292.0 114.0 136.0 86.0 
75.0 70.0 118.0 78.0 
51.0 57.0 55.0 58.0 
58.0 64.0 78.0 67.0 
282.0 112.0 138.0 85.0 
75.0 70.0 121.0 78.0 
52.0 58.0 54.0 58.0 
57.0 64.0 78.0 66.0 
273.0 110.0 137.0 84.0 
72.0 70.0 123.0 79.0 
52.0 58.0 54.0 59.0 
57.0 63.0 80.0 66.0 
269.0 108.0 139.0 84.0 
72.0 70.0 134.0 79.0 
53.0 57.0 55.0 59.0 
57.0 63.0 78.0 66.0 
241.0 105.0 141.0 84.0 
72.0 69.0 158.0 82.0 
55.0 60.0 74.0 63.0 
58.0 63.0 86.0 66.0 
218.0 97.0 131.0 81.0 
69.0 68.0 168.0 82.0 
62.0 65.0 153.0 76.0 
56.0 62.0 84.0 65.0 
181.0 89.0 124.0 77.0 
66.0 66.0 185.0 82.0 
62.0 66.0 245.0 88.0 
58.0 63.0 108.0 69.0 
174.0 89.0 119.0 79.0 
66.0 66.0 188.0 82.0 
69.0 75.0 344.0 104.0 
60.0 62.0 107.0 67.0 
160.0 87.0 116.0 77.0 
65.0 67.0 195.0 83.0 
71.0 77.0 400.0 114.0 
58.0 62.0 102.0 67.0 
154.0 83.0 117.0 79.0 
65.0 67.0 197.0 83.0 
74.0 80.0 443.0 121.0 
59.0 63.0 108.0 68.0 
154.0 83.0 110.0 78.0 
65.0 66.0 202.0 84.0 
76.0 82.0 475.0 128.0 
59.0 63.0 113.0 69.0 
153.0 80.0 101.0 75.0 
65.0 66.0 203.0 85.0 
77.0 86.0 514.0 135.0 
60.0 63.0 117.0 69.0 
136.0 79.0 96.0 76.0 
64.0 68.0 209.0 88.0 
77.0 85.0 514.0 138.0 
61.0 63.0 116.0 70.0 
117.0 74.0 84.0 73.0 
64.0 68.0 213.0 90.0 
75.0 87.0 538.0 147.0 
60.0 63.0 115.0 70.0 
135.0 73.0 83.0 75.0 
64.0 62.0 205.0 91.0 
80.0 81.0 597.0 159.0 
61.0 60.0 118.0 73.0 
119.0 60.0 82.0 78.0 
66.0 59.0 198.0 91.0 
85.0 66.0 510.0 152.0 
62.0 60.0 122.0 72.0 
109.0 59.0 80.0 75.0 
65.0 59.0 187.0 90.0 
86.0 67.0 544.0 166.0 
62.0 60.0 124.0 74.0 
111.0 60.0 89.0 117.0 
66.0 59.0 184.0 89.0 
88.0 65.0 583.0 175.0 
63.0 60.0 125.0 73.0 
120.0 59.0 90.0 121.0 
67.0 59.0 181.0 91.0 
86.0 67.0 537.0 175.0 
62.0 60.0 122.0 74.0 
100.0 60.0 92.0 123.0 
66.0 59.0 177.0 96.0 
84.0 65.0 498.0 192.0 
63.0 60.0 118.0 79.0 
97.0 59.0 124.0 138.0 
66.0 59.0 170.0 106.0 
108.0 65.0 619.0 349.0 
64.0 59.0 115.0 84.0 
93.0 59.0 115.0 130.0 
66.0 59.0 155.0 107.0 
115.0 69.0 573.0 390.0 
63.0 60.0 110.0 87.0 
91.0 60.0 119.0 131.0 
66.0 59.0 146.0 110.0 
116.0 72.0 563.0 470.0 
64.0 60.0 110.0 97.0 
87.0 59.0 122.0 134.0 
65.0 59.0 141.0 111.0 
92.0 66.0 474.0 302.0 
63.0 59.0 104.0 92.0 
85.0 60.0 124.0 137.0 
64.0 59.0 128.0 105.0 
90.0 65.0 450.0 303.0 
64.0 60.0 103.0 94.0 
85.0 59.0 125.0 141.0 
67.0 58.0 138.0 120.0 
91.0 64.0 428.0 299.0 
63.0 60.0 98.0 93.0 
85.0 60.0 130.0 146.0 
66.0 59.0 126.0 113.0 
93.0 65.0 446.0 328.0 
63.0 60.0 97.0 94.0 
81.0 59.0 127.0 146.0 
65.0 59.0 107.0 99.0 
91.0 63.0 412.0 325.0 
63.0 60.0 94.0 94.0 
89.0 59.0 126.0 145.0 
64.0 59.0 103.0 97.0 
96.0 65.0 420.0 389.0 
63.0 60.0 87.0 91.0 
89.0 60.0 128.0 148.0 
64.0 59.0 97.0 94.0 
93.0 63.0 352.0 374.0 
63.0 59.0 86.0 91.0 
83.0 59.0 135.0 162.0 
65.0 58.0 95.0 95.0 
104.0 65.0 353.0 441.0 
63.0 60.0 82.0 87.0 
91.0 59.0 142.0 181.0 
65.0 58.0 94.0 94.0 
112.0 66.0 339.0 476.0 
64.0 60.0 84.0 89.0 
94.0 59.0 109.0 166.0 
63.0 59.0 87.0 83.0 
111.0 65.0 363.0 629.0 
63.0 60.0 82.0 87.0 
94.0 59.0 110.0 162.0 
63.0 58.0 87.0 80.0 
130.0 66.0 348.0 591.0 
63.0 60.0 80.0 86.0 
95.0 59.0 104.0 151.0 
63.0 59.0 83.0 79.0 
131.0 68.0 327.0 576.0 
60.0 60.0 73.0 74.0 
98.0 59.0 108.0 170.0 
62.0 59.0 84.0 79.0 
119.0 66.0 288.0 501.0 
59.0 60.0 64.0 59.0 
104.0 59.0 112.0 181.0 
64.0 58.0 86.0 93.0 
126.0 67.0 299.0 566.0 
58.0 60.0 62.0 56.0 
100.0 59.0 102.0 153.0 
68.0 59.0 93.0 111.0 
126.0 66.0 279.0 539.0 
59.0 60.0 61.0 57.0 
105.0 60.0 97.0 143.0 
71.0 59.0 96.0 128.0 
129.0 67.0 265.0 561.0 
58.0 60.0 63.0 57.0 
127.0 60.0 100.0 156.0 
74.0 58.0 96.0 132.0 
131.0 68.0 257.0 567.0 
57.0 59.0 61.0 55.0 
136.0 59.0 106.0 176.0 
72.0 59.0 94.0 131.0 
130.0 67.0 257.0 574.0 
57.0 59.0 61.0 56.0 
159.0 59.0 106.0 182.0 
74.0 58.0 92.0 131.0 
139.0 68.0 237.0 575.0 
57.0 60.0 60.0 55.0 
177.0 60.0 104.0 179.0 
73.0 59.0 89.0 128.0 
134.0 66.0 224.0 532.0 
56.0 60.0 62.0 55.0 
212.0 60.0 106.0 195.0 
70.0 58.0 84.0 121.0 
125.0 64.0 189.0 455.0 
55.0 60.0 61.0 56.0 
184.0 60.0 112.0 235.0 
72.0 59.0 85.0 116.0 
112.0 62.0 172.0 396.0 
56.0 60.0 61.0 54.0 
234.0 60.0 111.0 238.0 
67.0 58.0 80.0 103.0 
121.0 63.0 169.0 430.0 
55.0 59.0 62.0 54.0 
255.0 59.0 104.0 222.0 
74.0 58.0 82.0 119.0 
131.0 62.0 157.0 411.0 
58.0 60.0 62.0 61.0 
219.0 59.0 96.0 206.0 
81.0 59.0 81.0 123.0 
129.0 61.0 142.0 377.0 
59.0 59.0 61.0 60.0 
237.0 60.0 99.0 219.0 
80.0 59.0 81.0 121.0 
127.0 61.0 129.0 351.0 
58.0 60.0 63.0 61.0 
231.0 60.0 100.0 227.0 
83.0 59.0 79.0 119.0 
129.0 60.0 123.0 321.0 
59.0 60.0 62.0 60.0 
230.0 60.0 98.0 212.0 
82.0 59.0 79.0 112.0 
134.0 60.0 121.0 315.0 
59.0 60.0 61.0 61.0 
196.0 60.0 94.0 199.0 
81.0 58.0 76.0 103.0 
156.0 60.0 123.0 326.0 
59.0 60.0 62.0 59.0 
202.0 59.0 94.0 197.0 
90.0 58.0 78.0 113.0 
165.0 60.0 118.0 311.0 
59.0 60.0 62.0 59.0 
226.0 59.0 94.0 187.0 
97.0 59.0 75.0 107.0 
184.0 61.0 118.0 302.0 
58.0 60.0 62.0 59.0 
254.0 60.0 93.0 182.0 
100.0 59.0 73.0 105.0 
194.0 60.0 114.0 285.0 
57.0 60.0 63.0 59.0 
280.0 60.0 97.0 197.0 
97.0 58.0 70.0 98.0 
215.0 61.0 116.0 286.0 
57.0 60.0 63.0 58.0 
317.0 61.0 95.0 191.0 
93.0 59.0 67.0 90.0 
229.0 59.0 110.0 263.0 
56.0 60.0 62.0 59.0 
333.0 62.0 94.0 186.0 
87.0 59.0 65.0 84.0 
262.0 67.0 114.0 274.0 
56.0 60.0 62.0 59.0 
346.0 62.0 94.0 171.0 
88.0 59.0 64.0 78.0 
292.0 61.0 108.0 245.0 
55.0 60.0 62.0 59.0 
352.0 62.0 94.0 165.0 
94.0 59.0 64.0 78.0 
350.0 64.0 111.0 241.0 
55.0 60.0 62.0 59.0 
349.0 61.0 92.0 160.0 
87.0 59.0 63.0 74.0 
359.0 61.0 105.0 222.0 
55.0 60.0 62.0 59.0 
373.0 62.0 93.0 161.0 
90.0 59.0 63.0 74.0 
371.0 62.0 106.0 221.0 
54.0 60.0 62.0 59.0 
330.0 61.0 90.0 144.0 
84.0 59.0 62.0 69.0 
360.0 62.0 104.0 210.0 
54.0 60.0 60.0 56.0 
331.0 61.0 90.0 143.0 
75.0 59.0 61.0 64.0 
359.0 62.0 99.0 189.0 
55.0 60.0 60.0 57.0 
336.0 62.0 90.0 141.0 
88.0 59.0 60.0 66.0 
356.0 62.0 99.0 192.0 
53.0 60.0 60.0 56.0 
348.0 61.0 97.0 145.0 
85.0 58.0 61.0 64.0 
557.0 66.0 107.0 201.0 
44.0 60.0 59.0 56.0 
292.0 60.0 97.0 142.0 
82.0 58.0 61.0 66.0 
621.0 64.0 105.0 194.0 
42.0 60.0 58.0 55.0 
297.0 60.0 98.0 145.0 
105.0 59.0 62.0 71.0 
626.0 64.0 103.0 187.0 
40.0 60.0 59.0 55.0 
304.0 60.0 105.0 149.0 
101.0 59.0 61.0 68.0 
664.0 63.0 103.0 186.0 
40.0 60.0 58.0 55.0 
304.0 61.0 106.0 152.0 
104.0 59.0 61.0 67.0 
631.0 63.0 102.0 177.0 
40.0 59.0 59.0 55.0 
311.0 61.0 105.0 147.0 
99.0 59.0 61.0 65.0 
638.0 64.0 101.0 163.0 
41.0 60.0 59.0 55.0 
308.0 61.0 98.0 143.0 
99.0 59.0 61.0 65.0 
623.0 64.0 100.0 160.0 
40.0 59.0 58.0 55.0 
302.0 61.0 110.0 144.0 
93.0 59.0 60.0 62.0 
513.0 66.0 97.0 142.0 
41.0 60.0 58.0 55.0 
298.0 61.0 112.0 139.0 
94.0 59.0 61.0 63.0 
506.0 67.0 94.0 144.0 
42.0 60.0 59.0 56.0 
285.0 61.0 104.0 120.0 
90.0 59.0 60.0 64.0 
501.0 67.0 95.0 141.0 
42.0 60.0 59.0 56.0 
278.0 61.0 104.0 115.0 
86.0 59.0 60.0 63.0 
500.0 67.0 93.0 136.0 
42.0 59.0 58.0 56.0 
268.0 60.0 102.0 115.0 
58.0 59.0 59.0 59.0 
593.0 65.0 93.0 140.0 
42.0 60.0 59.0 57.0 
257.0 60.0 84.0 92.0 
65.0 59.0 60.0 62.0 
511.0 66.0 90.0 130.0 
43.0 60.0 59.0 58.0 
241.0 60.0 83.0 90.0 
71.0 59.0 60.0 62.0 
519.0 66.0 90.0 127.0 
42.0 59.0 59.0 58.0 
244.0 60.0 84.0 91.0 
46.0 59.0 58.0 58.0 
540.0 66.0 91.0 129.0 
43.0 60.0 59.0 58.0 
222.0 60.0 83.0 88.0 
45.0 58.0 58.0 57.0 
539.0 67.0 92.0 126.0 
43.0 60.0 59.0 58.0 
224.0 60.0 82.0 87.0 
46.0 59.0 58.0 57.0 
442.0 64.0 84.0 112.0 
45.0 60.0 59.0 58.0 
216.0 60.0 80.0 86.0 
47.0 59.0 59.0 58.0 
440.0 64.0 83.0 111.0 
45.0 60.0 59.0 58.0 
232.0 60.0 80.0 88.0 
46.0 58.0 58.0 58.0 
406.0 63.0 82.0 108.0 
45.0 60.0 60.0 58.0 
244.0 60.0 80.0 88.0 
47.0 59.0 58.0 57.0 
369.0 62.0 81.0 104.0 
46.0 60.0 60.0 59.0 
242.0 60.0 75.0 86.0 
46.0 59.0 59.0 58.0 
327.0 61.0 79.0 99.0 
46.0 60.0 60.0 58.0 
236.0 60.0 85.0 88.0 
47.0 59.0 58.0 58.0 
293.0 60.0 77.0 95.0 
47.0 59.0 60.0 58.0 
235.0 60.0 76.0 86.0 
48.0 58.0 59.0 58.0 
263.0 61.0 76.0 92.0 
49.0 60.0 60.0 58.0 
237.0 61.0 72.0 83.0 
49.0 59.0 58.0 58.0 
217.0 60.0 74.0 87.0 
48.0 60.0 60.0 59.0 
238.0 60.0 75.0 85.0 
50.0 58.0 59.0 58.0 
187.0 59.0 72.0 83.0 
49.0 60.0 60.0 59.0 
234.0 60.0 75.0 83.0 
50.0 59.0 59.0 58.0 
170.0 59.0 71.0 81.0 
50.0 60.0 59.0 58.0 
239.0 61.0 77.0 83.0 
51.0 59.0 59.0 58.0 
137.0 59.0 69.0 77.0 
52.0 60.0 60.0 59.0 
240.0 60.0 75.0 83.0 
52.0 58.0 59.0 58.0 
119.0 60.0 69.0 76.0 
51.0 60.0 60.0 58.0 
239.0 60.0 72.0 82.0 
52.0 59.0 58.0 59.0 
95.0 59.0 70.0 75.0 
51.0 60.0 60.0 59.0 
236.0 60.0 70.0 81.0 
52.0 59.0 59.0 58.0 
90.0 59.0 69.0 74.0 
52.0 60.0 60.0 59.0 
234.0 60.0 71.0 80.0 
53.0 59.0 60.0 58.0 
87.0 60.0 69.0 72.0 
52.0 60.0 61.0 60.0 
232.0 61.0 71.0 81.0 
53.0 59.0 59.0 59.0 
85.0 60.0 68.0 73.0 
52.0 60.0 60.0 59.0 
228.0 60.0 73.0 81.0 
53.0 58.0 59.0 58.0 
74.0 59.0 67.0 70.0 
52.0 60.0 60.0 59.0 
224.0 60.0 120.0 98.0 
53.0 57.0 58.0 58.0 
78.0 59.0 65.0 69.0 
53.0 59.0 58.0 59.0 
222.0 60.0 120.0 101.0 
55.0 59.0 57.0 58.0 
59.0 59.0 60.0 62.0 
54.0 60.0 58.0 59.0 
201.0 60.0 120.0 97.0 
55.0 59.0 58.0 59.0 
58.0 59.0 59.0 61.0 
55.0 60.0 59.0 59.0 
196.0 60.0 120.0 98.0 
56.0 59.0 58.0 59.0 
55.0 59.0 59.0 60.0 
55.0 60.0 59.0 59.0 
157.0 59.0 127.0 143.0 
58.0 59.0 57.0 57.0 
58.0 59.0 59.0 58.0 
58.0 60.0 57.0 58.0 
167.0 60.0 128.0 148.0 
56.0 58.0 58.0 57.0 
57.0 60.0 58.0 57.0 
56.0 60.0 58.0 57.0 
183.0 60.0 128.0 151.0 
57.0 58.0 57.0 57.0 
56.0 59.0 58.0 57.0 
57.0 60.0 59.0 57.0 
170.0 60.0 111.0 143.0 
55.0 59.0 58.0 56.0 
54.0 59.0 59.0 58.0 
55.0 60.0 60.0 58.0 
160.0 60.0 84.0 133.0 
58.0 59.0 59.0 57.0 
57.0 59.0 60.0 58.0 
59.0 60.0 60.0 57.0 
111.0 59.0 84.0 131.0 
57.0 59.0 59.0 57.0 
58.0 59.0 60.0 58.0 
58.0 60.0 59.0 57.0 
108.0 60.0 86.0 137.0 
58.0 59.0 58.0 57.0 
58.0 59.0 60.0 59.0 
59.0 60.0 60.0 57.0 
109.0 60.0 86.0 140.0 
58.0 58.0 59.0 57.0 
59.0 59.0 60.0 58.0 
60.0 60.0 60.0 57.0 
107.0 60.0 83.0 142.0 
58.0 59.0 59.0 56.0 
58.0 60.0 58.0 58.0 
58.0 60.0 60.0 57.0 
138.0 60.0 86.0 147.0 
58.0 58.0 59.0 56.0 
58.0 60.0 59.0 57.0 
58.0 60.0 60.0 57.0 
137.0 59.0 85.0 142.0 
58.0 58.0 58.0 58.0 
58.0 59.0 59.0 57.0 
58.0 60.0 59.0 58.0 
147.0 59.0 88.0 149.0 
57.0 59.0 59.0 56.0 
56.0 59.0 59.0 57.0 
58.0 60.0 59.0 56.0 
165.0 60.0 88.0 152.0 
57.0 58.0 58.0 57.0 
57.0 59.0 60.0 57.0 
58.0 60.0 59.0 58.0 
163.0 60.0 90.0 158.0 
56.0 59.0 59.0 56.0 
57.0 59.0 59.0 57.0 
57.0 59.0 60.0 57.0 
170.0 59.0 88.0 167.0 
57.0 59.0 59.0 56.0 
57.0 60.0 59.0 57.0 
57.0 60.0 59.0 56.0 
175.0 60.0 85.0 129.0 
56.0 58.0 59.0 58.0 
56.0 60.0 60.0 59.0 
57.0 60.0 60.0 59.0 
196.0 60.0 105.0 164.0 
55.0 59.0 58.0 56.0 
55.0 59.0 60.0 58.0 
57.0 60.0 59.0 57.0 
203.0 59.0 108.0 177.0 
55.0 59.0 59.0 57.0 
56.0 59.0 59.0 56.0 
55.0 60.0 59.0 56.0 
206.0 60.0 103.0 181.0 
55.0 59.0 59.0 56.0 
56.0 60.0 59.0 57.0 
55.0 60.0 60.0 56.0 
210.0 60.0 111.0 188.0 
55.0 58.0 58.0 55.0 
55.0 59.0 59.0 56.0 
56.0 60.0 59.0 56.0 
211.0 60.0 110.0 193.0 
55.0 58.0 58.0 56.0 
55.0 59.0 59.0 56.0 
55.0 60.0 59.0 56.0 
211.0 60.0 107.0 183.0 
55.0 58.0 59.0 56.0 
55.0 59.0 59.0 57.0 
55.0 60.0 58.0 56.0 
211.0 60.0 116.0 179.0 
56.0 59.0 58.0 56.0 
56.0 59.0 58.0 57.0 
55.0 60.0 59.0 56.0 
198.0 60.0 111.0 160.0 
56.0 59.0 58.0 57.0 
56.0 59.0 59.0 58.0 
56.0 60.0 59.0 58.0 
200.0 60.0 113.0 162.0 
56.0 59.0 58.0 57.0 
55.0 59.0 58.0 57.0 
56.0 60.0 59.0 57.0 
200.0 61.0 112.0 159.0 
55.0 59.0 58.0 56.0 
55.0 60.0 58.0 58.0 
56.0 60.0 58.0 57.0 
212.0 60.0 119.0 189.0 
55.0 58.0 58.0 55.0 
55.0 59.0 58.0 57.0 
55.0 60.0 58.0 56.0 
214.0 60.0 117.0 182.0 
55.0 59.0 57.0 57.0 
55.0 59.0 59.0 57.0 
55.0 60.0 59.0 56.0 
211.0 60.0 111.0 178.0 
56.0 60.0 58.0 56.0 
55.0 58.0 59.0 57.0 
55.0 60.0 59.0 56.0 
224.0 60.0 109.0 176.0 
55.0 59.0 58.0 56.0 
55.0 59.0 59.0 57.0 
55.0 60.0 60.0 56.0 
225.0 60.0 107.0 176.0 
55.0 58.0 58.0 56.0 
54.0 59.0 59.0 56.0 
54.0 60.0 59.0 56.0 
267.0 60.0 109.0 176.0 
53.0 58.0 59.0 56.0 
54.0 60.0 58.0 57.0 
55.0 60.0 59.0 56.0 
239.0 60.0 111.0 173.0 
55.0 59.0 59.0 56.0 
54.0 60.0 59.0 57.0 
54.0 60.0 59.0 56.0 
242.0 60.0 113.0 170.0 
54.0 59.0 58.0 56.0 
54.0 60.0 58.0 57.0 
54.0 59.0 58.0 56.0 
213.0 60.0 114.0 165.0 
56.0 59.0 58.0 56.0 
55.0 59.0 60.0 57.0 
55.0 60.0 59.0 56.0 
212.0 60.0 111.0 161.0 
55.0 59.0 58.0 56.0 
55.0 59.0 59.0 57.0 
55.0 60.0 59.0 57.0 
242.0 60.0 111.0 173.0 
55.0 59.0 58.0 57.0 
54.0 59.0 59.0 57.0 
54.0 60.0 59.0 56.0 
244.0 61.0 98.0 168.0 
54.0 59.0 59.0 56.0 
54.0 59.0 60.0 57.0 
53.0 60.0 60.0 56.0 
250.0 60.0 104.0 167.0 
54.0 58.0 58.0 57.0 
54.0 59.0 58.0 57.0 
54.0 60.0 59.0 57.0 
247.0 60.0 111.0 160.0 
54.0 59.0 58.0 56.0 
54.0 60.0 58.0 58.0 
55.0 60.0 58.0 56.0 
260.0 61.0 112.0 158.0 
54.0 59.0 58.0 57.0 
54.0 58.0 59.0 57.0 
54.0 59.0 59.0 56.0 
253.0 61.0 108.0 149.0 
54.0 59.0 58.0 57.0 
54.0 60.0 59.0 58.0 
55.0 60.0 59.0 57.0 
287.0 61.0 104.0 132.0 
53.0 58.0 58.0 58.0 
53.0 59.0 59.0 58.0 
52.0 59.0 60.0 58.0 
305.0 61.0 104.0 130.0 
52.0 58.0 58.0 57.0 
52.0 59.0 59.0 58.0 
51.0 60.0 59.0 58.0 
311.0 61.0 102.0 127.0 
52.0 59.0 59.0 58.0 
52.0 60.0 59.0 57.0 
51.0 59.0 60.0 59.0 
317.0 61.0 101.0 126.0 
52.0 59.0 58.0 58.0 
52.0 59.0 60.0 58.0 
51.0 60.0 59.0 58.0 
326.0 61.0 105.0 129.0 
52.0 59.0 58.0 58.0 
51.0 59.0 59.0 59.0 
51.0 60.0 60.0 58.0 
310.0 61.0 97.0 106.0 
51.0 58.0 59.0 58.0 
51.0 58.0 60.0 59.0 
51.0 60.0 60.0 59.0 
308.0 61.0 96.0 104.0 
52.0 58.0 59.0 59.0 
51.0 59.0 60.0 59.0 
50.0 60.0 60.0 59.0 
301.0 61.0 93.0 101.0 
52.0 59.0 58.0 59.0 
51.0 60.0 60.0 59.0 
51.0 60.0 60.0 60.0 
300.0 61.0 93.0 98.0 
51.0 59.0 59.0 59.0 
52.0 59.0 60.0 59.0 
51.0 60.0 60.0 60.0 
303.0 61.0 94.0 98.0 
52.0 59.0 58.0 58.0 
51.0 59.0 60.0 59.0 
51.0 60.0 59.0 59.0 
304.0 60.0 94.0 98.0 
52.0 59.0 59.0 59.0 
52.0 59.0 59.0 59.0 
50.0 60.0 59.0 59.0 
309.0 61.0 99.0 99.0 
52.0 59.0 59.0 58.0 
51.0 59.0 60.0 59.0 
51.0 59.0 60.0 58.0 
308.0 61.0 92.0 98.0 
52.0 58.0 59.0 59.0 
51.0 59.0 59.0 59.0 
51.0 60.0 60.0 59.0 
312.0 61.0 87.0 97.0 
52.0 59.0 59.0 59.0 
51.0 59.0 60.0 59.0 
51.0 60.0 60.0 59.0 
315.0 62.0 82.0 96.0 
51.0 59.0 59.0 59.0 
51.0 59.0 60.0 59.0 
51.0 60.0 60.0 59.0 
312.0 62.0 73.0 92.0 
51.0 59.0 59.0 59.0 
51.0 60.0 60.0 59.0 
50.0 60.0 60.0 59.0 
309.0 61.0 96.0 97.0 
52.0 59.0 59.0 59.0 
51.0 59.0 60.0 59.0 
50.0 60.0 60.0 59.0 
308.0 61.0 96.0 98.0 
52.0 59.0 58.0 58.0 
51.0 60.0 60.0 59.0 
51.0 60.0 60.0 60.0 
302.0 61.0 71.0 92.0 
52.0 59.0 59.0 59.0 
52.0 59.0 59.0 59.0 
52.0 60.0 60.0 59.0 
293.0 61.0 71.0 90.0 
52.0 59.0 60.0 59.0 
51.0 60.0 60.0 59.0 
51.0 60.0 60.0 59.0 
287.0 60.0 71.0 90.0 
52.0 59.0 59.0 59.0 
52.0 59.0 60.0 59.0 
52.0 60.0 60.0 59.0 
279.0 61.0 71.0 89.0 
52.0 59.0 59.0 59.0 
52.0 59.0 59.0 59.0 
52.0 60.0 60.0 59.0 
275.0 60.0 70.0 88.0 
53.0 59.0 59.0 59.0 
52.0 59.0 60.0 59.0 
52.0 60.0 61.0 60.0 
271.0 61.0 69.0 86.0 
51.0 59.0 59.0 60.0 
52.0 60.0 60.0 59.0 
52.0 60.0 60.0 59.0 
267.0 61.0 70.0 86.0 
52.0 59.0 59.0 59.0 
52.0 59.0 59.0 59.0 
52.0 60.0 61.0 59.0 
265.0 60.0 69.0 86.0 
53.0 59.0 59.0 59.0 
53.0 59.0 59.0 59.0 
52.0 60.0 61.0 60.0 
263.0 61.0 70.0 86.0 
53.0 59.0 59.0 59.0 
53.0 60.0 60.0 60.0 
52.0 60.0 60.0 59.0 
266.0 60.0 70.0 86.0 
52.0 59.0 59.0 59.0 
53.0 59.0 60.0 59.0 
52.0 60.0 60.0 59.0 
257.0 60.0 69.0 84.0 
53.0 59.0 59.0 59.0 
53.0 59.0 60.0 59.0 
52.0 60.0 61.0 59.0 
257.0 60.0 69.0 84.0 
53.0 59.0 60.0 59.0 
53.0 59.0 59.0 59.0 
52.0 60.0 60.0 60.0 
248.0 60.0 68.0 82.0 
53.0 59.0 58.0 59.0 
53.0 59.0 60.0 60.0 
53.0 59.0 60.0 59.0 
243.0 61.0 69.0 82.0 
54.0 58.0 60.0 58.0 
53.0 60.0 60.0 61.0 
53.0 60.0 60.0 59.0 
236.0 60.0 68.0 81.0 
54.0 58.0 59.0 59.0 
53.0 59.0 61.0 59.0 
53.0 60.0 60.0 60.0 
231.0 60.0 67.0 80.0 
54.0 59.0 59.0 59.0 
54.0 59.0 60.0 60.0 
53.0 60.0 60.0 59.0 
230.0 61.0 68.0 80.0 
54.0 60.0 59.0 59.0 
54.0 60.0 60.0 60.0 
53.0 60.0 61.0 60.0 
218.0 60.0 67.0 78.0 
54.0 59.0 59.0 59.0 
53.0 59.0 61.0 60.0 
53.0 60.0 60.0 60.0 
217.0 61.0 67.0 78.0 
54.0 59.0 60.0 59.0 
54.0 59.0 58.0 60.0 
54.0 60.0 60.0 60.0 
209.0 60.0 67.0 77.0 
54.0 58.0 59.0 59.0 
54.0 59.0 60.0 60.0 
55.0 60.0 60.0 60.0 
206.0 60.0 66.0 77.0 
55.0 59.0 59.0 59.0 
55.0 59.0 60.0 60.0 
54.0 60.0 60.0 60.0 
205.0 60.0 66.0 77.0 
54.0 59.0 59.0 59.0 
54.0 60.0 60.0 60.0 
54.0 60.0 60.0 60.0 
213.0 60.0 67.0 78.0 
54.0 59.0 59.0 59.0 
54.0 59.0 60.0 60.0 
53.0 60.0 61.0 60.0 
205.0 60.0 66.0 77.0 
55.0 59.0 59.0 59.0 
54.0 59.0 60.0 60.0 
54.0 60.0 60.0 60.0 
204.0 60.0 67.0 77.0 
54.0 59.0 59.0 60.0 
54.0 60.0 60.0 60.0 
55.0 60.0 61.0 60.0 
206.0 60.0 67.0 77.0 
55.0 59.0 59.0 59.0 
54.0 59.0 60.0 60.0 
54.0 60.0 61.0 60.0 
214.0 60.0 67.0 78.0 
55.0 59.0 59.0 59.0 
54.0 59.0 60.0 60.0 
53.0 60.0 60.0 61.0 
209.0 59.0 66.0 78.0 
55.0 59.0 59.0 59.0 
54.0 59.0 60.0 60.0 
55.0 60.0 60.0 59.0 
205.0 60.0 67.0 78.0 
55.0 59.0 59.0 59.0 
54.0 59.0 60.0 60.0 
54.0 60.0 60.0 60.0 
204.0 60.0 67.0 78.0 
55.0 59.0 59.0 59.0 
54.0 60.0 60.0 60.0 
54.0 60.0 60.0 60.0 
200.0 60.0 66.0 77.0 
55.0 58.0 59.0 60.0 
55.0 59.0 60.0 60.0 
55.0 60.0 60.0 60.0 
199.0 60.0 67.0 76.0 
55.0 58.0 59.0 59.0 
54.0 59.0 59.0 60.0 
55.0 59.0 60.0 60.0 
194.0 60.0 70.0 77.0 
54.0 59.0 59.0 58.0 
54.0 59.0 60.0 60.0 
55.0 60.0 60.0 60.0 
187.0 59.0 72.0 77.0 
55.0 59.0 59.0 59.0 
56.0 59.0 60.0 59.0 
55.0 60.0 60.0 60.0 
183.0 60.0 72.0 77.0 
56.0 59.0 59.0 59.0 
56.0 60.0 60.0 60.0 
55.0 59.0 61.0 60.0 
183.0 60.0 72.0 76.0 
56.0 59.0 59.0 59.0 
56.0 60.0 60.0 59.0 
56.0 60.0 60.0 60.0 
183.0 59.0 72.0 77.0 
55.0 59.0 59.0 59.0 
56.0 59.0 61.0 59.0 
56.0 60.0 60.0 60.0 
184.0 60.0 72.0 77.0 
55.0 59.0 59.0 59.0 
56.0 60.0 60.0 60.0 
56.0 60.0 60.0 60.0 
184.0 60.0 73.0 77.0 
56.0 59.0 59.0 58.0 
55.0 59.0 59.0 59.0 
56.0 60.0 60.0 60.0 
178.0 59.0 73.0 77.0 
56.0 59.0 59.0 59.0 
56.0 59.0 59.0 59.0 
56.0 60.0 59.0 60.0 
173.0 60.0 73.0 76.0 
56.0 59.0 59.0 59.0 
55.0 59.0 60.0 60.0 
56.0 60.0 60.0 60.0 
157.0 60.0 73.0 74.0 
57.0 59.0 58.0 59.0 
58.0 59.0 61.0 60.0 
57.0 60.0 60.0 61.0 
147.0 60.0 72.0 74.0 
57.0 59.0 60.0 59.0 
57.0 59.0 60.0 60.0 
58.0 60.0 60.0 60.0 
145.0 59.0 72.0 73.0 
58.0 59.0 59.0 59.0 
58.0 59.0 60.0 59.0 
58.0 60.0 60.0 60.0 
145.0 60.0 72.0 73.0 
57.0 59.0 59.0 59.0 
57.0 59.0 60.0 60.0 
58.0 60.0 60.0 60.0 
146.0 60.0 71.0 73.0 
57.0 59.0 59.0 60.0 
57.0 60.0 60.0 60.0 
58.0 60.0 60.0 60.0 
145.0 60.0 71.0 74.0 
58.0 59.0 59.0 60.0 
57.0 59.0 60.0 60.0 
57.0 60.0 60.0 60.0 
146.0 60.0 72.0 73.0 
57.0 58.0 58.0 59.0 
57.0 60.0 60.0 60.0 
58.0 60.0 60.0 60.0 
146.0 59.0 72.0 73.0 
57.0 59.0 59.0 59.0 
58.0 59.0 60.0 60.0 
58.0 60.0 60.0 61.0 
146.0 59.0 70.0 72.0 
57.0 58.0 59.0 59.0 
57.0 59.0 60.0 60.0 
58.0 60.0 60.0 60.0 
147.0 60.0 73.0 74.0 
58.0 59.0 59.0 59.0 
57.0 58.0 60.0 60.0 
58.0 60.0 60.0 60.0 
148.0 60.0 72.0 74.0 
58.0 59.0 59.0 59.0 
57.0 60.0 60.0 60.0 
58.0 60.0 61.0 60.0 
147.0 60.0 72.0 73.0 
57.0 59.0 58.0 59.0 
58.0 59.0 60.0 60.0 
58.0 60.0 61.0 60.0 
147.0 60.0 71.0 73.0 
57.0 59.0 60.0 59.0 
57.0 60.0 59.0 60.0 
58.0 60.0 60.0 60.0 
148.0 60.0 72.0 73.0 
57.0 59.0 59.0 59.0 
57.0 59.0 60.0 60.0 
58.0 60.0 61.0 60.0 
146.0 60.0 67.0 72.0 
58.0 59.0 59.0 59.0 
57.0 59.0 60.0 59.0 
58.0 60.0 60.0 60.0 
148.0 60.0 66.0 71.0 
57.0 59.0 59.0 59.0 
57.0 59.0 60.0 60.0 
57.0 60.0 61.0 60.0 
148.0 59.0 67.0 72.0 
57.0 59.0 59.0 59.0 
57.0 59.0 62.0 60.0 
57.0 60.0 60.0 60.0 
145.0 60.0 66.0 72.0 
57.0 59.0 59.0 59.0 
58.0 59.0 61.0 60.0 
58.0 60.0 61.0 60.0 
146.0 60.0 65.0 72.0 
58.0 59.0 59.0 59.0 
57.0 59.0 61.0 60.0 
58.0 60.0 61.0 60.0 
146.0 59.0 65.0 71.0 
57.0 60.0 59.0 59.0 
57.0 59.0 60.0 60.0 
58.0 60.0 60.0 60.0 
147.0 59.0 66.0 72.0 
57.0 59.0 59.0 59.0 
57.0 59.0 60.0 60.0 
57.0 60.0 60.0 60.0 
146.0 59.0 67.0 72.0 
57.0 59.0 59.0 60.0 
57.0 59.0 60.0 60.0 
57.0 61.0 60.0 61.0 
146.0 60.0 66.0 72.0 
57.0 59.0 60.0 59.0 
57.0 59.0 60.0 60.0 
57.0 60.0 61.0 61.0 
143.0 59.0 66.0 71.0 
57.0 59.0 59.0 59.0 
58.0 59.0 60.0 60.0 
58.0 60.0 61.0 60.0 
143.0 59.0 67.0 71.0 
57.0 59.0 60.0 59.0 
57.0 59.0 61.0 60.0 
57.0 60.0 60.0 59.0 
143.0 60.0 66.0 71.0 
57.0 59.0 60.0 59.0 
57.0 59.0 60.0 60.0 
58.0 60.0 61.0 60.0 
145.0 59.0 66.0 72.0 
58.0 59.0 59.0 59.0 
58.0 59.0 60.0 60.0 
58.0 60.0 60.0 60.0 
144.0 60.0 67.0 72.0 
58.0 59.0 59.0 59.0 
58.0 59.0 60.0 60.0 
58.0 60.0 61.0 60.0 
144.0 60.0 67.0 72.0 
58.0 59.0 59.0 59.0 
57.0 60.0 60.0 60.0 
58.0 60.0 61.0 60.0 
144.0 59.0 70.0 72.0 
57.0 59.0 59.0 59.0 
57.0 59.0 60.0 60.0 
58.0 60.0 60.0 60.0 
147.0 59.0 67.0 71.0 
58.0 59.0 60.0 59.0 
58.0 59.0 60.0 60.0 
57.0 60.0 60.0 60.0 
149.0 59.0 68.0 72.0 
56.0 58.0 59.0 59.0 
58.0 59.0 61.0 60.0 
57.0 59.0 60.0 60.0 
148.0 59.0 69.0 74.0 
57.0 59.0 60.0 59.0 
57.0 59.0 60.0 60.0 
57.0 60.0 61.0 60.0 
149.0 59.0 69.0 74.0 
57.0 59.0 59.0 59.0 
57.0 59.0 60.0 61.0 
58.0 60.0 60.0 60.0 
150.0 60.0 71.0 73.0 
57.0 58.0 59.0 59.0 
57.0 59.0 60.0 60.0 
58.0 60.0 61.0 60.0 
151.0 60.0 70.0 73.0 
57.0 59.0 60.0 60.0 
57.0 59.0 60.0 60.0 
57.0 60.0 60.0 61.0 
151.0 60.0 71.0 74.0 
57.0 59.0 59.0 59.0 
57.0 60.0 60.0 60.0 
57.0 61.0 60.0 60.0 
153.0 60.0 70.0 73.0 
57.0 59.0 59.0 58.0 
58.0 59.0 60.0 60.0 
58.0 60.0 61.0 60.0 
153.0 59.0 69.0 74.0 
57.0 58.0 60.0 59.0 
57.0 59.0 61.0 60.0 
58.0 60.0 60.0 61.0 
151.0 60.0 68.0 73.0 
57.0 59.0 59.0 59.0 
57.0 59.0 60.0 60.0 
58.0 60.0 60.0 60.0 
150.0 59.0 67.0 73.0 
56.0 59.0 59.0 59.0 
57.0 59.0 61.0 60.0 
58.0 60.0 60.0 60.0 
152.0 59.0 67.0 72.0 
58.0 59.0 59.0 59.0 
57.0 59.0 60.0 60.0 
58.0 59.0 61.0 60.0 
149.0 60.0 65.0 71.0 
57.0 58.0 59.0 60.0 
57.0 59.0 60.0 60.0 
57.0 59.0 60.0 61.0 
145.0 59.0 66.0 71.0 
57.0 59.0 59.0 60.0 
58.0 59.0 60.0 60.0 
57.0 60.0 60.0 59.0 
145.0 60.0 66.0 71.0 
57.0 58.0 59.0 60.0 
57.0 60.0 60.0 60.0 
57.0 60.0 60.0 60.0 
143.0 59.0 68.0 72.0 
57.0 58.0 59.0 60.0 
57.0 60.0 61.0 60.0 
57.0 61.0 60.0 61.0 
144.0 60.0 66.0 71.0 
57.0 59.0 59.0 59.0 
57.0 59.0 60.0 61.0 
57.0 60.0 60.0 60.0 
145.0 60.0 66.0 71.0 
57.0 59.0 59.0 59.0 
58.0 59.0 60.0 60.0 
58.0 59.0 60.0 60.0 
144.0 60.0 67.0 71.0 
57.0 59.0 59.0 59.0 
58.0 60.0 60.0 60.0 
58.0 60.0 61.0 60.0 
144.0 60.0 67.0 71.0 
57.0 59.0 59.0 59.0 
57.0 59.0 61.0 60.0 
58.0 61.0 61.0 60.0 
144.0 59.0 67.0 72.0 
57.0 59.0 60.0 59.0 
57.0 59.0 60.0 60.0 
57.0 60.0 60.0 60.0 
144.0 59.0 67.0 72.0 
57.0 59.0 60.0 59.0 
58.0 59.0 60.0 60.0 
58.0 60.0 61.0 60.0 
144.0 60.0 66.0 71.0 
57.0 59.0 59.0 59.0 
57.0 59.0 60.0 60.0 
57.0 60.0 61.0 61.0 
144.0 60.0 67.0 72.0 
57.0 59.0 59.0 59.0 
57.0 59.0 60.0 60.0 
58.0 60.0 60.0 60.0 
144.0 59.0 67.0 71.0 
57.0 59.0 60.0 60.0 
57.0 59.0 60.0 60.0 
58.0 60.0 60.0 60.0 
142.0 60.0 67.0 71.0 
56.0 59.0 59.0 60.0 
57.0 59.0 60.0 60.0 
57.0 60.0 60.0 60.0 
143.0 60.0 67.0 71.0 
57.0 59.0 60.0 59.0 
57.0 59.0 61.0 60.0 
58.0 60.0 60.0 60.0 
143.0 60.0 66.0 71.0 
58.0 58.0 59.0 59.0 
57.0 59.0 61.0 60.0 
57.0 60.0 60.0 60.0 
143.0 59.0 67.0 71.0 
57.0 59.0 59.0 59.0 
57.0 59.0 60.0 60.0 
58.0 60.0 60.0 60.0 
142.0 60.0 66.0 70.0 
58.0 59.0 60.0 60.0 
58.0 59.0 61.0 60.0 
58.0 60.0 61.0 60.0 
143.0 59.0 67.0 71.0 
57.0 58.0 60.0 60.0 
57.0 60.0 60.0 60.0 
59.0 60.0 60.0 60.0 
144.0 60.0 67.0 71.0 
57.0 58.0 59.0 59.0 
57.0 59.0 60.0 60.0 
57.0 60.0 60.0 60.0 
142.0 59.0 66.0 72.0 
56.0 58.0 59.0 59.0 
58.0 58.0 60.0 60.0 
58.0 60.0 59.0 60.0 
143.0 60.0 67.0 72.0 
57.0 59.0 59.0 59.0 
57.0 59.0 62.0 60.0 
58.0 60.0 60.0 60.0 
142.0 60.0 68.0 71.0 
57.0 58.0 60.0 59.0 
57.0 58.0 60.0 61.0 
58.0 60.0 61.0 60.0 
143.0 60.0 67.0 71.0 
57.0 59.0 59.0 59.0 
57.0 59.0 61.0 60.0 
58.0 60.0 61.0 60.0 
140.0 60.0 65.0 71.0 
57.0 59.0 59.0 59.0 
57.0 59.0 61.0 60.0 
58.0 60.0 61.0 60.0 
141.0 59.0 65.0 71.0 
56.0 59.0 59.0 59.0 
57.0 59.0 60.0 60.0 
58.0 60.0 60.0 60.0 
142.0 59.0 66.0 71.0 
57.0 58.0 60.0 59.0 
57.0 60.0 60.0 60.0 
58.0 60.0 61.0 61.0 
142.0 60.0 65.0 71.0 
57.0 59.0 60.0 59.0 
57.0 58.0 60.0 61.0 
58.0 60.0 60.0 60.0 
142.0 60.0 65.0 71.0 
57.0 59.0 59.0 59.0 
57.0 59.0 61.0 60.0 
59.0 60.0 61.0 60.0 
142.0 60.0 64.0 70.0 
57.0 59.0 59.0 59.0 
57.0 59.0 60.0 60.0 
58.0 59.0 60.0 60.0 
141.0 60.0 65.0 70.0 
57.0 59.0 59.0 59.0 
57.0 59.0 61.0 60.0 
58.0 60.0 61.0 60.0 
140.0 60.0 64.0 70.0 
57.0 59.0 59.0 59.0 
58.0 59.0 61.0 60.0 
58.0 60.0 60.0 60.0 
140.0 60.0 65.0 70.0 
57.0 58.0 60.0 59.0 
57.0 59.0 60.0 61.0 
57.0 60.0 60.0 59.0 
140.0 60.0 65.0 70.0 
57.0 59.0 59.0 59.0 
57.0 59.0 61.0 60.0 
57.0 60.0 60.0 60.0 
141.0 59.0 64.0 70.0 
57.0 58.0 59.0 59.0 
57.0 60.0 61.0 60.0 
58.0 60.0 60.0 60.0 
140.0 59.0 64.0 70.0 
57.0 59.0 59.0 59.0 
57.0 59.0 60.0 60.0 
57.0 60.0 60.0 60.0 
141.0 60.0 63.0 70.0 
57.0 59.0 59.0 60.0 
57.0 59.0 61.0 60.0 
57.0 60.0 60.0 60.0 
141.0 59.0 64.0 70.0 
57.0 59.0 60.0 59.0 
57.0 59.0 61.0 60.0 
58.0 60.0 60.0 60.0 
141.0 60.0 63.0 70.0 
57.0 59.0 59.0 59.0 
57.0 59.0 60.0 60.0 
57.0 60.0 61.0 60.0 
140.0 59.0 64.0 71.0 
57.0 59.0 59.0 59.0 
57.0 59.0 61.0 60.0 
58.0 60.0 60.0 59.0 
139.0 60.0 64.0 71.0 
57.0 59.0 60.0 59.0 
57.0 59.0 60.0 60.0 
58.0 60.0 60.0 60.0 
140.0 59.0 64.0 70.0 
58.0 59.0 60.0 59.0 
57.0 59.0 61.0 60.0 
58.0 59.0 60.0 60.0 
139.0 60.0 64.0 70.0 
57.0 59.0 59.0 59.0 
57.0 60.0 61.0 60.0 
58.0 59.0 60.0 60.0 
140.0 60.0 64.0 71.0 
58.0 59.0 59.0 59.0 
57.0 58.0 61.0 60.0 
57.0 60.0 60.0 60.0 
141.0 59.0 64.0 71.0 
57.0 59.0 60.0 59.0 
57.0 59.0 61.0 60.0 
57.0 59.0 60.0 60.0 
141.0 60.0 64.0 72.0 
57.0 59.0 59.0 59.0 
58.0 60.0 60.0 60.0 
58.0 60.0 61.0 60.0 
141.0 60.0 64.0 71.0 
57.0 59.0 59.0 61.0 
57.0 59.0 61.0 60.0 
58.0 60.0 60.0 60.0 
142.0 60.0 65.0 73.0 
58.0 57.0 60.0 59.0 
57.0 60.0 60.0 60.0 
58.0 60.0 60.0 60.0 
141.0 59.0 65.0 73.0 
57.0 59.0 60.0 59.0 
57.0 59.0 61.0 59.0 
58.0 60.0 60.0 59.0 
140.0 60.0 65.0 73.0 
58.0 58.0 59.0 59.0 
57.0 59.0 61.0 60.0 
58.0 60.0 60.0 60.0 
142.0 60.0 66.0 73.0 
57.0 59.0 59.0 59.0 
58.0 59.0 60.0 60.0 
58.0 60.0 60.0 60.0 
141.0 60.0 65.0 72.0 
57.0 59.0 59.0 59.0 
57.0 59.0 61.0 60.0 
58.0 60.0 60.0 60.0 
139.0 59.0 65.0 73.0 
58.0 59.0 59.0 59.0 
58.0 59.0 62.0 60.0 
57.0 60.0 60.0 60.0 
138.0 60.0 66.0 72.0 
57.0 59.0 58.0 59.0 
57.0 58.0 60.0 60.0 
58.0 60.0 61.0 60.0 
140.0 59.0 65.0 71.0 
57.0 59.0 59.0 59.0 
57.0 59.0 61.0 60.0 
58.0 60.0 60.0 60.0 
138.0 59.0 66.0 72.0 
57.0 59.0 60.0 59.0 
57.0 59.0 60.0 60.0 
57.0 60.0 60.0 60.0 
138.0 60.0 65.0 72.0 
58.0 58.0 59.0 60.0 
57.0 60.0 60.0 60.0 
58.0 59.0 62.0 60.0 
137.0 60.0 65.0 72.0 
57.0 59.0 58.0 59.0 
57.0 59.0 60.0 60.0 
58.0 60.0 61.0 60.0 
137.0 60.0 65.0 72.0 
57.0 58.0 59.0 59.0 
57.0 60.0 61.0 60.0 
58.0 60.0 60.0 59.0 
138.0 59.0 65.0 72.0 
56.0 58.0 60.0 59.0 
57.0 59.0 60.0 60.0 
58.0 60.0 60.0 60.0 
138.0 59.0 65.0 72.0 
57.0 59.0 60.0 59.0 
57.0 60.0 60.0 60.0 
58.0 60.0 59.0 60.0 
136.0 59.0 65.0 71.0 
56.0 59.0 59.0 59.0 
57.0 59.0 60.0 60.0 
58.0 60.0 60.0 61.0 
136.0 60.0 65.0 71.0 
57.0 59.0 59.0 59.0 
58.0 59.0 62.0 60.0 
58.0 60.0 61.0 60.0 
137.0 60.0 65.0 72.0 
58.0 58.0 59.0 60.0 
57.0 59.0 60.0 60.0 
58.0 59.0 60.0 60.0 
136.0 60.0 65.0 72.0 
58.0 58.0 59.0 59.0 
57.0 59.0 60.0 60.0 
57.0 60.0 61.0 60.0 
135.0 60.0 64.0 71.0 
58.0 59.0 59.0 60.0 
57.0 59.0 60.0 60.0 
58.0 60.0 61.0 60.0 
135.0 60.0 66.0 71.0 
57.0 58.0 59.0 60.0 
57.0 60.0 61.0 60.0 
58.0 60.0 60.0 60.0 
135.0 60.0 65.0 71.0 
58.0 58.0 60.0 59.0 
58.0 59.0 60.0 60.0 
58.0 59.0 60.0 60.0 
136.0 59.0 65.0 72.0 
58.0 59.0 59.0 59.0 
57.0 60.0 60.0 59.0 
57.0 60.0 60.0 61.0 
136.0 59.0 65.0 72.0 
57.0 58.0 59.0 60.0 
57.0 59.0 60.0 60.0 
58.0 60.0 60.0 60.0 
134.0 60.0 65.0 71.0 
57.0 59.0 60.0 59.0 
58.0 58.0 60.0 60.0 
58.0 60.0 61.0 60.0 
135.0 60.0 65.0 72.0 
57.0 59.0 58.0 60.0 
58.0 59.0 60.0 60.0 
57.0 60.0 61.0 60.0 
135.0 60.0 65.0 72.0 
57.0 59.0 59.0 59.0 
58.0 59.0 61.0 60.0 
58.0 60.0 61.0 60.0 
135.0 60.0 65.0 72.0 
57.0 58.0 59.0 59.0 
58.0 60.0 60.0 60.0 
58.0 60.0 60.0 60.0 
136.0 60.0 65.0 72.0 
57.0 58.0 59.0 59.0 
57.0 60.0 60.0 60.0 
58.0 61.0 60.0 60.0 
135.0 60.0 65.0 72.0 
57.0 59.0 60.0 59.0 
58.0 59.0 61.0 60.0 
58.0 60.0 60.0 60.0 
137.0 59.0 65.0 72.0 
57.0 59.0 59.0 59.0 
57.0 59.0 60.0 60.0 
57.0 60.0 59.0 60.0 
136.0 59.0 65.0 73.0 
57.0 59.0 59.0 59.0 
57.0 59.0 60.0 60.0 
58.0 61.0 60.0 60.0 
137.0 60.0 65.0 71.0 
57.0 58.0 59.0 59.0 
57.0 59.0 60.0 60.0 
57.0 60.0 60.0 60.0 
138.0 60.0 65.0 72.0 
58.0 59.0 59.0 59.0 
57.0 59.0 60.0 60.0 
58.0 60.0 61.0 60.0 
138.0 60.0 65.0 72.0 
57.0 60.0 59.0 59.0 
57.0 59.0 60.0 60.0 
58.0 61.0 60.0 60.0 
140.0 59.0 65.0 72.0 
57.0 58.0 60.0 59.0 
58.0 59.0 62.0 60.0 
57.0 60.0 60.0 60.0 
139.0 60.0 65.0 73.0 
57.0 59.0 58.0 59.0 
58.0 59.0 60.0 60.0 
57.0 60.0 61.0 60.0 
139.0 60.0 66.0 72.0 
57.0 58.0 59.0 60.0 
57.0 59.0 60.0 60.0 
58.0 60.0 61.0 60.0 
139.0 60.0 65.0 72.0 
57.0 58.0 60.0 59.0 
58.0 59.0 60.0 60.0 
58.0 60.0 60.0 60.0 
139.0 60.0 65.0 72.0 
57.0 58.0 59.0 59.0 
58.0 58.0 61.0 60.0 
58.0 60.0 60.0 60.0 
139.0 60.0 65.0 71.0 
57.0 59.0 59.0 59.0 
58.0 59.0 61.0 61.0 
58.0 60.0 60.0 60.0 
138.0 61.0 65.0 72.0 
57.0 59.0 59.0 59.0 
57.0 60.0 60.0 60.0 
58.0 60.0 61.0 60.0 
140.0 60.0 65.0 73.0 
57.0 58.0 59.0 60.0 
57.0 59.0 61.0 60.0 
57.0 60.0 61.0 60.0 
139.0 60.0 65.0 71.0 
57.0 59.0 60.0 59.0 
57.0 60.0 60.0 60.0 
58.0 60.0 60.0 60.0 
138.0 59.0 65.0 71.0 
58.0 59.0 59.0 59.0 
57.0 60.0 59.0 60.0 
58.0 60.0 61.0 60.0 
139.0 60.0 65.0 72.0 
58.0 58.0 60.0 59.0 
57.0 59.0 60.0 60.0 
57.0 60.0 61.0 61.0 
138.0 60.0 65.0 72.0 
57.0 59.0 59.0 59.0 
57.0 60.0 60.0 60.0 
58.0 60.0 60.0 60.0 
138.0 59.0 65.0 71.0 
58.0 59.0 59.0 60.0 
57.0 59.0 59.0 60.0 
57.0 60.0 60.0 60.0 
138.0 59.0 65.0 71.0 
57.0 58.0 59.0 59.0 
57.0 60.0 60.0 59.0 
57.0 60.0 60.0 60.0 
137.0 60.0 65.0 72.0 
57.0 59.0 59.0 59.0 
58.0 59.0 60.0 60.0 
58.0 61.0 60.0 61.0 
138.0 60.0 65.0 72.0 
57.0 58.0 59.0 60.0 
57.0 59.0 60.0 60.0 
58.0 60.0 61.0 60.0 
137.0 60.0 65.0 71.0 
57.0 59.0 59.0 59.0 
57.0 59.0 60.0 59.0 
58.0 60.0 61.0 60.0 
138.0 59.0 65.0 72.0 
57.0 58.0 60.0 59.0 
58.0 59.0 60.0 60.0 
57.0 59.0 61.0 60.0 
137.0 59.0 65.0 72.0 
57.0 59.0 59.0 59.0 
57.0 59.0 60.0 60.0 
58.0 60.0 60.0 60.0 
138.0 60.0 65.0 71.0 
57.0 58.0 59.0 60.0 
57.0 60.0 60.0 60.0 
58.0 60.0 61.0 61.0 
138.0 60.0 64.0 72.0 
57.0 58.0 60.0 59.0 
58.0 58.0 60.0 60.0 
57.0 60.0 61.0 60.0 
139.0 60.0 65.0 71.0 
57.0 59.0 59.0 59.0 
57.0 60.0 60.0 61.0 
58.0 60.0 60.0 61.0 
138.0 60.0 65.0 71.0 
58.0 59.0 59.0 59.0 
58.0 59.0 59.0 60.0 
58.0 60.0 61.0 60.0 
138.0 60.0 66.0 71.0 
57.0 59.0 59.0 59.0 
57.0 60.0 60.0 60.0 
58.0 60.0 60.0 60.0 
138.0 59.0 65.0 71.0 
57.0 59.0 58.0 60.0 
57.0 59.0 59.0 60.0 
58.0 60.0 60.0 60.0 
137.0 59.0 65.0 71.0 
57.0 59.0 59.0 59.0 
57.0 59.0 60.0 60.0 
58.0 60.0 60.0 60.0 
138.0 60.0 64.0 72.0 
57.0 59.0 60.0 59.0 
58.0 59.0 60.0 59.0 
57.0 60.0 61.0 60.0 
138.0 60.0 65.0 72.0 
57.0 58.0 59.0 59.0 
57.0 59.0 60.0 60.0 
57.0 60.0 61.0 60.0 
139.0 60.0 66.0 72.0 
57.0 59.0 59.0 59.0 
57.0 60.0 60.0 59.0 
57.0 60.0 61.0 60.0 
138.0 60.0 65.0 72.0 
58.0 59.0 60.0 59.0 
57.0 59.0 60.0 60.0 
58.0 60.0 61.0 60.0 
137.0 60.0 65.0 70.0 
57.0 59.0 59.0 60.0 
57.0 60.0 60.0 60.0 
57.0 60.0 61.0 60.0 
138.0 59.0 64.0 70.0 
57.0 59.0 59.0 59.0 
57.0 59.0 60.0 60.0 
58.0 60.0 60.0 60.0 
136.0 59.0 64.0 71.0 
57.0 59.0 59.0 59.0 
57.0 59.0 60.0 59.0 
57.0 60.0 60.0 61.0 
137.0 60.0 64.0 71.0 
58.0 59.0 60.0 59.0 
57.0 60.0 60.0 60.0 
57.0 59.0 60.0 60.0 
137.0 59.0 64.0 71.0 
57.0 58.0 59.0 59.0 
58.0 59.0 60.0 60.0 
58.0 60.0 60.0 59.0 
137.0 60.0 65.0 71.0 
57.0 58.0 59.0 59.0 
57.0 59.0 60.0 60.0 
58.0 60.0 60.0 60.0 
137.0 60.0 65.0 71.0 
58.0 59.0 59.0 59.0 
57.0 59.0 60.0 61.0 
58.0 60.0 60.0 60.0 
137.0 60.0 65.0 71.0 
57.0 58.0 60.0 59.0 
57.0 60.0 60.0 60.0 
57.0 60.0 61.0 60.0 
137.0 59.0 65.0 71.0 
57.0 59.0 59.0 59.0 
58.0 59.0 60.0 60.0 
58.0 60.0 60.0 60.0 
137.0 59.0 65.0 71.0 
57.0 58.0 60.0 59.0 
57.0 60.0 60.0 60.0 
58.0 60.0 60.0 60.0 
137.0 60.0 65.0 71.0 
57.0 59.0 59.0 60.0 
58.0 59.0 60.0 59.0 
57.0 60.0 61.0 60.0 
136.0 60.0 65.0 71.0 
57.0 59.0 59.0 59.0 
57.0 59.0 60.0 60.0 
58.0 60.0 60.0 60.0 
137.0 59.0 65.0 71.0 
57.0 59.0 59.0 59.0 
58.0 60.0 60.0 59.0 
59.0 59.0 60.0 60.0 
136.0 60.0 64.0 72.0 
57.0 58.0 59.0 59.0 
57.0 59.0 60.0 60.0 
58.0 60.0 60.0 61.0 
136.0 60.0 64.0 71.0 
57.0 59.0 59.0 60.0 
58.0 60.0 60.0 60.0 
58.0 60.0 61.0 60.0 
136.0 60.0 65.0 70.0 
57.0 58.0 59.0 59.0 
57.0 59.0 60.0 60.0 
57.0 60.0 60.0 61.0 
137.0 59.0 64.0 70.0 
57.0 59.0 59.0 59.0 
57.0 59.0 60.0 60.0 
58.0 60.0 60.0 60.0 
138.0 59.0 65.0 70.0 
57.0 59.0 59.0 59.0 
57.0 59.0 60.0 60.0 
58.0 60.0 59.0 61.0 
137.0 60.0 64.0 71.0 
57.0 59.0 59.0 59.0 
57.0 59.0 60.0 60.0 
58.0 60.0 61.0 60.0 
137.0 59.0 65.0 71.0 
57.0 59.0 59.0 59.0 
57.0 59.0 60.0 60.0 
58.0 60.0 60.0 60.0 
138.0 59.0 65.0 72.0 
57.0 59.0 59.0 59.0 
57.0 59.0 60.0 60.0 
58.0 60.0 60.0 61.0 
137.0 60.0 65.0 72.0 
56.0 58.0 59.0 59.0 
57.0 60.0 59.0 60.0 
57.0 60.0 61.0 60.0 
137.0 60.0 65.0 72.0 
57.0 59.0 60.0 60.0 
58.0 59.0 60.0 59.0 
58.0 60.0 60.0 60.0 
136.0 60.0 65.0 72.0 
57.0 59.0 59.0 60.0 
57.0 59.0 60.0 60.0 
58.0 60.0 61.0 60.0 
136.0 59.0 65.0 71.0 
57.0 58.0 60.0 59.0 
57.0 59.0 61.0 60.0 
57.0 60.0 60.0 60.0 
137.0 59.0 65.0 71.0 
57.0 59.0 59.0 59.0 
58.0 59.0 61.0 60.0 
58.0 60.0 60.0 60.0 
137.0 60.0 65.0 71.0 
57.0 59.0 60.0 59.0 
57.0 59.0 60.0 60.0 
58.0 60.0 61.0 60.0 
136.0 60.0 64.0 71.0 
57.0 58.0 60.0 59.0 
57.0 60.0 60.0 60.0 
58.0 60.0 61.0 60.0 
138.0 60.0 65.0 71.0 
57.0 59.0 58.0 60.0 
57.0 59.0 59.0 60.0 
58.0 60.0 60.0 60.0 
137.0 60.0 65.0 71.0 
57.0 59.0 60.0 59.0 
57.0 59.0 60.0 60.0 
57.0 60.0 60.0 60.0 
138.0 60.0 65.0 71.0 
57.0 59.0 59.0 60.0 
57.0 60.0 60.0 60.0 
57.0 59.0 61.0 60.0 
137.0 59.0 65.0 71.0 
57.0 59.0 59.0 59.0 
57.0 59.0 60.0 60.0 
59.0 60.0 60.0 60.0 
137.0 59.0 65.0 71.0 
57.0 58.0 59.0 59.0 
57.0 59.0 60.0 60.0 
58.0 60.0 60.0 60.0 
137.0 59.0 65.0 71.0 
57.0 59.0 59.0 60.0 
57.0 60.0 60.0 60.0 
58.0 60.0 60.0 60.0 
137.0 60.0 65.0 71.0 
57.0 59.0 59.0 59.0 
57.0 60.0 60.0 60.0 
58.0 60.0 61.0 60.0 
138.0 60.0 64.0 70.0 
57.0 59.0 60.0 60.0 
57.0 59.0 60.0 60.0 
58.0 60.0 60.0 60.0 
137.0 59.0 65.0 71.0 
56.0 58.0 58.0 59.0 
58.0 59.0 60.0 60.0 
58.0 60.0 59.0 60.0 
136.0 59.0 65.0 71.0 
57.0 59.0 59.0 59.0 
57.0 59.0 60.0 60.0 
57.0 60.0 60.0 60.0 
137.0 59.0 65.0 71.0 
57.0 59.0 59.0 58.0 
58.0 59.0 60.0 60.0 
58.0 60.0 60.0 60.0 
136.0 60.0 64.0 70.0 
57.0 58.0 59.0 60.0 
57.0 59.0 60.0 60.0 
58.0 60.0 60.0 60.0 
136.0 59.0 64.0 70.0 
59.0 59.0 59.0 60.0 
58.0 59.0 60.0 60.0 
58.0 60.0 60.0 60.0 
135.0 59.0 64.0 70.0 
57.0 59.0 60.0 59.0 
57.0 59.0 60.0 60.0 
58.0 60.0 60.0 60.0 
135.0 59.0 64.0 70.0 
56.0 59.0 59.0 59.0 
58.0 59.0 60.0 61.0 
58.0 60.0 60.0 60.0 
136.0 60.0 65.0 71.0 
57.0 60.0 59.0 59.0 
57.0 60.0 60.0 60.0 
58.0 60.0 61.0 60.0 
137.0 59.0 65.0 72.0 
57.0 59.0 60.0 60.0 
57.0 59.0 60.0 60.0 
58.0 60.0 60.0 60.0 
136.0 60.0 65.0 72.0 
58.0 58.0 59.0 59.0 
58.0 59.0 60.0 60.0 
57.0 60.0 60.0 60.0 
138.0 60.0 65.0 71.0 
57.0 59.0 59.0 60.0 
58.0 59.0 60.0 60.0 
58.0 60.0 61.0 60.0 
138.0 59.0 65.0 70.0 
57.0 58.0 59.0 59.0 
57.0 59.0 60.0 60.0 
57.0 60.0 60.0 60.0 
139.0 60.0 65.0 71.0 
57.0 59.0 59.0 59.0 
57.0 59.0 60.0 59.0 
58.0 60.0 60.0 60.0 
138.0 59.0 64.0 70.0 
57.0 58.0 59.0 59.0 
58.0 60.0 60.0 61.0 
58.0 60.0 60.0 60.0 
139.0 59.0 65.0 71.0 
57.0 59.0 59.0 59.0 
57.0 59.0 60.0 60.0 
58.0 59.0 60.0 60.0 
139.0 59.0 65.0 71.0 
58.0 59.0 59.0 59.0 
57.0 59.0 61.0 60.0 
58.0 60.0 60.0 60.0 
137.0 59.0 65.0 71.0 
57.0 58.0 59.0 60.0 
58.0 59.0 59.0 60.0 
57.0 60.0 60.0 60.0 
137.0 60.0 65.0 71.0 
57.0 59.0 59.0 59.0 
57.0 59.0 60.0 60.0 
58.0 59.0 60.0 60.0 
138.0 60.0 64.0 71.0 
57.0 59.0 59.0 59.0 
58.0 59.0 60.0 61.0 
58.0 60.0 60.0 61.0 
138.0 61.0 65.0 71.0 
57.0 59.0 60.0 60.0 
58.0 59.0 60.0 60.0 
58.0 60.0 61.0 60.0 
138.0 59.0 65.0 71.0 
57.0 59.0 59.0 59.0 
58.0 59.0 60.0 60.0 
59.0 60.0 60.0 61.0 
138.0 60.0 65.0 71.0 
58.0 59.0 59.0 59.0 
58.0 59.0 60.0 60.0 
58.0 60.0 61.0 60.0 
138.0 60.0 65.0 72.0 
58.0 58.0 59.0 59.0 
57.0 59.0 60.0 60.0 
58.0 60.0 60.0 59.0 
138.0 59.0 65.0 71.0 
57.0 59.0 60.0 59.0 
58.0 60.0 60.0 60.0 
58.0 60.0 60.0 60.0 
138.0 60.0 65.0 70.0 
57.0 59.0 59.0 59.0 
58.0 59.0 60.0 59.0 
57.0 60.0 60.0 60.0 
137.0 59.0 65.0 71.0 
57.0 59.0 60.0 59.0 
58.0 59.0 60.0 60.0 
58.0 60.0 60.0 61.0 
137.0 60.0 64.0 71.0 
57.0 59.0 60.0 59.0 
58.0 59.0 60.0 60.0 
58.0 60.0 61.0 60.0 
138.0 60.0 64.0 71.0 
57.0 59.0 59.0 59.0 
57.0 59.0 60.0 59.0 
57.0 60.0 61.0 60.0 
137.0 60.0 64.0 71.0 
57.0 59.0 59.0 59.0 
57.0 59.0 60.0 60.0 
57.0 60.0 61.0 60.0 
137.0 60.0 65.0 72.0 
57.0 59.0 60.0 59.0 
57.0 59.0 60.0 60.0 
58.0 60.0 61.0 60.0 
138.0 60.0 65.0 72.0 
57.0 59.0 60.0 60.0 
58.0 59.0 60.0 60.0 
58.0 60.0 60.0 60.0 
138.0 60.0 67.0 72.0 
58.0 59.0 59.0 60.0 
57.0 60.0 60.0 60.0 
58.0 60.0 60.0 60.0 
138.0 59.0 67.0 72.0 
57.0 59.0 59.0 59.0 
57.0 59.0 60.0 60.0 
58.0 60.0 59.0 59.0 
138.0 59.0 66.0 72.0 
57.0 59.0 60.0 59.0 
57.0 59.0 60.0 60.0 
57.0 60.0 60.0 60.0 
137.0 60.0 66.0 71.0 
57.0 59.0 59.0 59.0 
57.0 59.0 60.0 60.0 
58.0 59.0 60.0 60.0 
138.0 60.0 67.0 71.0 
57.0 59.0 60.0 59.0 
58.0 59.0 60.0 60.0 
58.0 60.0 60.0 60.0 
138.0 59.0 66.0 72.0 
57.0 59.0 59.0 60.0 
58.0 59.0 60.0 60.0 
57.0 60.0 60.0 60.0 
138.0 59.0 67.0 73.0 
57.0 58.0 59.0 59.0 
57.0 59.0 60.0 60.0 
58.0 60.0 60.0 60.0 
138.0 60.0 67.0 72.0 
57.0 59.0 59.0 59.0 
57.0 59.0 60.0 60.0 
58.0 60.0 60.0 60.0 
138.0 60.0 65.0 72.0 
57.0 59.0 59.0 59.0 
58.0 59.0 59.0 60.0 
58.0 60.0 60.0 60.0 
138.0 60.0 66.0 72.0 
57.0 58.0 59.0 59.0 
57.0 59.0 60.0 60.0 
58.0 59.0 61.0 60.0 
138.0 60.0 65.0 72.0 
58.0 59.0 58.0 60.0 
57.0 59.0 60.0 60.0 
58.0 60.0 61.0 60.0 
137.0 60.0 65.0 73.0 
57.0 58.0 59.0 60.0 
58.0 59.0 60.0 60.0 
58.0 60.0 60.0 60.0 
138.0 60.0 66.0 72.0 
57.0 59.0 59.0 60.0 
57.0 59.0 60.0 60.0 
58.0 60.0 59.0 61.0 
136.0 59.0 65.0 73.0 
57.0 58.0 59.0 59.0 
57.0 58.0 60.0 60.0 
58.0 60.0 60.0 60.0 
137.0 59.0 65.0 72.0 
57.0 59.0 59.0 59.0 
58.0 59.0 60.0 59.0 
58.0 60.0 60.0 60.0 
137.0 60.0 65.0 72.0 
58.0 59.0 59.0 60.0 
57.0 58.0 60.0 60.0 
58.0 60.0 60.0 59.0 
137.0 59.0 65.0 72.0 
58.0 58.0 59.0 59.0 
58.0 60.0 60.0 60.0 
58.0 60.0 60.0 59.0 
137.0 60.0 65.0 72.0 
57.0 59.0 59.0 59.0 
58.0 59.0 60.0 60.0 
58.0 60.0 60.0 60.0 
136.0 60.0 65.0 72.0 
57.0 58.0 59.0 59.0 
57.0 59.0 60.0 59.0 
59.0 60.0 61.0 60.0 
137.0 60.0 66.0 72.0 
57.0 58.0 59.0 59.0 
57.0 59.0 60.0 60.0 
58.0 60.0 61.0 60.0 
136.0 60.0 65.0 72.0 
58.0 58.0 59.0 59.0 
57.0 59.0 60.0 60.0 
58.0 60.0 60.0 59.0 
136.0 60.0 65.0 72.0 
58.0 59.0 59.0 59.0 
58.0 59.0 60.0 60.0 
58.0 59.0 60.0 60.0 
136.0 60.0 65.0 72.0 
57.0 59.0 59.0 59.0 
57.0 59.0 60.0 60.0 
58.0 59.0 60.0 60.0 
136.0 59.0 65.0 72.0 
57.0 59.0 59.0 59.0 
58.0 59.0 60.0 60.0 
59.0 60.0 60.0 60.0 
136.0 59.0 66.0 71.0 
57.0 59.0 59.0 59.0 
58.0 59.0 60.0 59.0 
58.0 60.0 60.0 60.0 
134.0 60.0 65.0 72.0 
57.0 59.0 59.0 59.0 
57.0 59.0 60.0 60.0 
57.0 60.0 60.0 60.0 
136.0 60.0 65.0 72.0 
57.0 59.0 59.0 59.0 
58.0 59.0 60.0 60.0 
58.0 60.0 60.0 60.0 
135.0 60.0 65.0 71.0 
57.0 58.0 60.0 59.0 
58.0 59.0 61.0 60.0 
58.0 59.0 61.0 60.0 
136.0 59.0 65.0 71.0 
57.0 59.0 59.0 59.0 
58.0 60.0 60.0 60.0 
59.0 60.0 60.0 60.0 
136.0 59.0 65.0 71.0 
57.0 59.0 59.0 59.0 
58.0 59.0 60.0 60.0 
58.0 60.0 60.0 60.0 
136.0 59.0 65.0 71.0 
57.0 59.0 59.0 59.0 
58.0 59.0 61.0 60.0 
58.0 60.0 60.0 60.0 
135.0 59.0 65.0 72.0 
57.0 59.0 59.0 59.0 
58.0 59.0 60.0 60.0 
58.0 60.0 60.0 60.0 
136.0 60.0 65.0 72.0 
58.0 59.0 59.0 59.0 
57.0 60.0 60.0 59.0 
58.0 59.0 61.0 60.0 
136.0 60.0 65.0 72.0 
57.0 59.0 60.0 59.0 
58.0 59.0 60.0 60.0 
58.0 60.0 60.0 60.0 
135.0 59.0 66.0 71.0 
57.0 58.0 59.0 59.0 
58.0 59.0 60.0 60.0 
58.0 59.0 60.0 60.0 
135.0 59.0 66.0 72.0 
57.0 59.0 59.0 59.0 
58.0 59.0 60.0 60.0 
58.0 60.0 61.0 60.0 
134.0 59.0 66.0 72.0 
58.0 59.0 61.0 59.0 
57.0 59.0 61.0 60.0 
58.0 60.0 60.0 60.0 
134.0 59.0 66.0 72.0 
56.0 58.0 59.0 59.0 
58.0 59.0 60.0 60.0 
58.0 59.0 60.0 60.0 
133.0 59.0 66.0 72.0 
58.0 59.0 59.0 59.0 
58.0 59.0 61.0 60.0 
58.0 60.0 60.0 60.0 
132.0 60.0 65.0 72.0 
57.0 58.0 59.0 59.0 
58.0 59.0 61.0 60.0 
58.0 60.0 60.0 60.0 
133.0 59.0 65.0 72.0 
57.0 59.0 59.0 59.0 
58.0 60.0 61.0 60.0 
58.0 59.0 60.0 60.0 
132.0 60.0 65.0 72.0 
57.0 58.0 59.0 59.0 
58.0 59.0 61.0 60.0 
59.0 60.0 61.0 60.0 
131.0 59.0 65.0 71.0 
57.0 58.0 59.0 59.0 
58.0 59.0 60.0 60.0 
59.0 60.0 60.0 60.0 
130.0 59.0 66.0 71.0 
57.0 59.0 59.0 59.0 
58.0 59.0 60.0 60.0 
58.0 60.0 60.0 60.0 
130.0 60.0 65.0 71.0 
58.0 59.0 59.0 59.0 
58.0 59.0 60.0 59.0 
58.0 60.0 60.0 60.0 
128.0 60.0 65.0 71.0 
57.0 59.0 59.0 60.0 
58.0 59.0 60.0 60.0 
59.0 60.0 61.0 60.0 
126.0 60.0 65.0 71.0 
58.0 59.0 60.0 59.0 
58.0 60.0 60.0 60.0 
58.0 60.0 61.0 60.0 
126.0 59.0 65.0 71.0 
57.0 58.0 59.0 59.0 
58.0 59.0 61.0 59.0 
58.0 60.0 60.0 59.0 
126.0 60.0 65.0 71.0 
58.0 59.0 60.0 60.0 
58.0 59.0 60.0 60.0 
58.0 60.0 60.0 60.0 
129.0 60.0 65.0 71.0 
57.0 58.0 58.0 59.0 
57.0 59.0 60.0 60.0 
59.0 60.0 61.0 60.0 
128.0 60.0 65.0 71.0 
58.0 58.0 59.0 59.0 
57.0 59.0 60.0 60.0 
58.0 59.0 60.0 60.0 
128.0 60.0 65.0 71.0 
59.0 59.0 59.0 59.0 
58.0 58.0 60.0 60.0 
58.0 60.0 60.0 60.0 
129.0 60.0 65.0 71.0 
58.0 59.0 59.0 59.0 
58.0 59.0 60.0 60.0 
58.0 59.0 60.0 60.0 
127.0 59.0 65.0 71.0 
58.0 59.0 59.0 60.0 
57.0 59.0 60.0 60.0 
58.0 60.0 60.0 60.0 
128.0 60.0 65.0 71.0 
57.0 59.0 59.0 60.0 
58.0 59.0 60.0 60.0 
59.0 60.0 61.0 59.0 
127.0 59.0 65.0 71.0 
57.0 59.0 59.0 59.0 
58.0 59.0 60.0 60.0 
57.0 60.0 59.0 60.0 
129.0 60.0 65.0 71.0 
57.0 58.0 59.0 59.0 
57.0 60.0 60.0 60.0 
58.0 59.0 61.0 60.0 
131.0 60.0 65.0 71.0 
57.0 59.0 59.0 59.0 
57.0 59.0 60.0 60.0 
58.0 60.0 60.0 60.0 
129.0 59.0 65.0 71.0 
57.0 58.0 59.0 59.0 
58.0 59.0 59.0 60.0 
58.0 59.0 60.0 60.0 
129.0 59.0 66.0 71.0 
57.0 59.0 59.0 60.0 
58.0 59.0 60.0 60.0 
58.0 60.0 60.0 60.0 
126.0 59.0 65.0 71.0 
57.0 59.0 59.0 59.0 
58.0 60.0 61.0 60.0 
58.0 60.0 60.0 60.0 
127.0 59.0 65.0 71.0 
56.0 58.0 59.0 59.0 
57.0 59.0 60.0 62.0 
58.0 60.0 61.0 59.0 
126.0 59.0 65.0 71.0 
58.0 58.0 59.0 59.0 
58.0 60.0 60.0 61.0 
58.0 59.0 60.0 60.0 
125.0 60.0 65.0 71.0 
58.0 58.0 59.0 59.0 
58.0 58.0 60.0 60.0 
58.0 60.0 60.0 60.0 
124.0 59.0 65.0 71.0 
58.0 59.0 59.0 59.0 
57.0 60.0 61.0 60.0 
59.0 60.0 60.0 60.0 
125.0 60.0 65.0 71.0 
58.0 58.0 59.0 59.0 
57.0 59.0 61.0 60.0 
57.0 61.0 60.0 61.0 
125.0 60.0 65.0 71.0 
57.0 59.0 59.0 59.0 
58.0 58.0 61.0 61.0 
58.0 60.0 60.0 60.0 
124.0 60.0 65.0 71.0 
58.0 59.0 59.0 60.0 
58.0 59.0 61.0 60.0 
58.0 60.0 61.0 60.0 
124.0 59.0 65.0 70.0 
58.0 59.0 59.0 59.0 
57.0 59.0 61.0 60.0 
58.0 59.0 60.0 60.0 
124.0 60.0 64.0 70.0 
58.0 58.0 59.0 59.0 
57.0 59.0 60.0 61.0 
58.0 60.0 60.0 61.0 
125.0 61.0 64.0 70.0 
57.0 59.0 59.0 59.0 
58.0 59.0 61.0 60.0 
58.0 60.0 60.0 60.0 
123.0 60.0 64.0 69.0 
57.0 58.0 59.0 58.0 
58.0 59.0 60.0 60.0 
58.0 60.0 61.0 60.0 
123.0 60.0 65.0 70.0 
58.0 59.0 59.0 59.0 
58.0 60.0 60.0 61.0 
58.0 60.0 60.0 60.0 
124.0 59.0 64.0 69.0 
57.0 58.0 59.0 59.0 
57.0 60.0 60.0 60.0 
58.0 60.0 60.0 60.0 
124.0 59.0 64.0 69.0 
57.0 58.0 59.0 59.0 
57.0 59.0 62.0 61.0 
58.0 60.0 60.0 60.0 
123.0 59.0 64.0 70.0 
57.0 59.0 59.0 59.0 
57.0 59.0 60.0 60.0 
58.0 60.0 60.0 60.0 
124.0 59.0 65.0 70.0 
58.0 58.0 60.0 59.0 
57.0 58.0 61.0 61.0 
58.0 59.0 60.0 60.0 
124.0 59.0 65.0 70.0 
58.0 58.0 59.0 59.0 
57.0 59.0 61.0 61.0 
58.0 60.0 60.0 60.0 
124.0 60.0 65.0 71.0 
57.0 58.0 59.0 60.0 
58.0 59.0 60.0 61.0 
58.0 58.0 62.0 60.0 
124.0 59.0 65.0 70.0 
58.0 59.0 60.0 59.0 
58.0 59.0 60.0 61.0 
58.0 59.0 60.0 61.0 
124.0 59.0 65.0 70.0 
57.0 59.0 59.0 59.0 
58.0 59.0 60.0 61.0 
58.0 60.0 60.0 61.0 
125.0 59.0 65.0 70.0 
57.0 58.0 59.0 60.0 
57.0 59.0 61.0 60.0 
58.0 60.0 60.0 60.0 
124.0 59.0 65.0 70.0 
58.0 59.0 59.0 59.0 
57.0 59.0 61.0 60.0 
58.0 60.0 60.0 60.0 
123.0 60.0 65.0 70.0 
56.0 58.0 59.0 60.0 
58.0 59.0 60.0 61.0 
58.0 60.0 61.0 59.0 
124.0 60.0 65.0 70.0 
57.0 59.0 59.0 59.0 
58.0 59.0 61.0 60.0 
58.0 60.0 61.0 60.0 
124.0 59.0 65.0 70.0 
58.0 59.0 60.0 59.0 
58.0 59.0 61.0 61.0 
58.0 60.0 60.0 60.0 
124.0 60.0 65.0 70.0 
57.0 59.0 59.0 59.0 
57.0 59.0 60.0 60.0 
58.0 60.0 61.0 60.0 
125.0 60.0 66.0 70.0 
58.0 59.0 59.0 59.0 
57.0 59.0 60.0 60.0 
59.0 60.0 61.0 60.0 
124.0 60.0 65.0 71.0 
57.0 58.0 59.0 60.0 
58.0 60.0 61.0 60.0 
58.0 60.0 61.0 60.0 
124.0 60.0 65.0 70.0 
57.0 59.0 59.0 59.0 
58.0 59.0 60.0 60.0 
58.0 59.0 60.0 60.0 
123.0 59.0 64.0 70.0 
57.0 58.0 59.0 58.0 
58.0 59.0 60.0 61.0 
58.0 60.0 60.0 60.0 
123.0 60.0 65.0 71.0 
58.0 59.0 60.0 59.0 
57.0 59.0 60.0 60.0 
58.0 59.0 61.0 60.0 
123.0 60.0 65.0 70.0 
58.0 59.0 59.0 59.0 
58.0 59.0 60.0 61.0 
59.0 60.0 60.0 59.0 
123.0 59.0 65.0 71.0 
58.0 59.0 59.0 59.0 
57.0 59.0 60.0 61.0 
58.0 60.0 60.0 60.0 
123.0 60.0 65.0 70.0 
58.0 58.0 59.0 60.0 
58.0 59.0 60.0 60.0 
59.0 60.0 61.0 60.0 
122.0 60.0 65.0 71.0 
57.0 59.0 59.0 59.0 
58.0 59.0 60.0 61.0 
57.0 60.0 61.0 60.0 
122.0 60.0 65.0 71.0 
58.0 59.0 59.0 59.0 
57.0 60.0 60.0 60.0 
58.0 60.0 60.0 60.0 
123.0 60.0 66.0 71.0 
58.0 58.0 60.0 59.0 
57.0 59.0 60.0 61.0 
58.0 60.0 61.0 60.0 
123.0 60.0 66.0 70.0 
58.0 59.0 59.0 59.0 
58.0 59.0 60.0 60.0 
58.0 60.0 60.0 59.0 
123.0 59.0 65.0 70.0 
58.0 58.0 59.0 59.0 
57.0 59.0 60.0 61.0 
58.0 60.0 60.0 60.0 
123.0 60.0 65.0 69.0 
57.0 59.0 59.0 59.0 
58.0 59.0 60.0 60.0 
59.0 59.0 60.0 60.0 
122.0 60.0 65.0 70.0 
59.0 59.0 59.0 59.0 
58.0 59.0 60.0 61.0 
59.0 59.0 61.0 61.0 
121.0 60.0 65.0 70.0 
57.0 58.0 59.0 59.0 
57.0 60.0 60.0 60.0 
59.0 60.0 60.0 60.0 
121.0 59.0 65.0 70.0 
58.0 58.0 60.0 59.0 
58.0 59.0 60.0 61.0 
59.0 60.0 60.0 60.0 
120.0 59.0 65.0 69.0 
57.0 59.0 59.0 59.0 
58.0 60.0 60.0 60.0 
58.0 60.0 61.0 60.0 
121.0 60.0 65.0 69.0 
58.0 58.0 59.0 59.0 
58.0 59.0 60.0 60.0 
59.0 60.0 60.0 61.0 
120.0 59.0 65.0 69.0 
58.0 59.0 59.0 59.0 
58.0 59.0 60.0 61.0 
59.0 60.0 60.0 60.0 
118.0 60.0 65.0 69.0 
58.0 58.0 60.0 59.0 
58.0 59.0 60.0 62.0 
59.0 60.0 61.0 60.0 
117.0 60.0 65.0 69.0 
59.0 59.0 59.0 59.0 
58.0 59.0 61.0 60.0 
59.0 60.0 60.0 60.0 
114.0 60.0 64.0 69.0 
58.0 59.0 59.0 60.0 
58.0 60.0 60.0 61.0 
59.0 60.0 60.0 60.0 
112.0 59.0 64.0 69.0 
59.0 59.0 59.0 60.0 
58.0 59.0 60.0 61.0 
60.0 60.0 60.0 60.0 
108.0 59.0 64.0 68.0 
58.0 59.0 59.0 60.0 
59.0 59.0 60.0 61.0 
59.0 60.0 60.0 60.0 
111.0 60.0 64.0 68.0 
58.0 58.0 59.0 60.0 
59.0 60.0 61.0 60.0 
59.0 60.0 60.0 60.0 
110.0 59.0 65.0 68.0 
59.0 59.0 60.0 59.0 
58.0 60.0 61.0 60.0 
59.0 60.0 60.0 60.0 
112.0 59.0 64.0 69.0 
58.0 59.0 59.0 59.0 
58.0 59.0 60.0 61.0 
59.0 59.0 60.0 60.0 
111.0 59.0 64.0 70.0 
58.0 59.0 59.0 59.0 
58.0 59.0 61.0 60.0 
58.0 60.0 60.0 60.0 
118.0 59.0 65.0 69.0 
58.0 59.0 59.0 59.0 
59.0 60.0 60.0 61.0 
59.0 60.0 60.0 60.0 
118.0 61.0 65.0 69.0 
58.0 58.0 59.0 60.0 
58.0 59.0 61.0 60.0 
59.0 60.0 61.0 60.0 
118.0 59.0 65.0 68.0 
59.0 58.0 60.0 59.0 
58.0 59.0 61.0 60.0 
59.0 60.0 60.0 60.0 
108.0 59.0 65.0 68.0 
58.0 59.0 59.0 60.0 
59.0 59.0 60.0 61.0 
59.0 60.0 59.0 60.0 
109.0 60.0 64.0 68.0 
58.0 58.0 60.0 59.0 
58.0 61.0 61.0 61.0 
59.0 60.0 60.0 59.0 
109.0 60.0 64.0 68.0 
57.0 59.0 59.0 60.0 
58.0 59.0 60.0 61.0 
59.0 60.0 60.0 60.0 
110.0 60.0 65.0 69.0 
58.0 59.0 59.0 60.0 
59.0 59.0 60.0 61.0 
59.0 60.0 61.0 60.0 
109.0 60.0 64.0 68.0 
59.0 59.0 60.0 59.0 
58.0 59.0 60.0 60.0 
59.0 60.0 61.0 60.0 
107.0 59.0 64.0 68.0 
58.0 59.0 59.0 59.0 
59.0 59.0 60.0 61.0 
60.0 60.0 60.0 60.0 
108.0 59.0 65.0 68.0 
57.0 59.0 60.0 59.0 
58.0 60.0 61.0 60.0 
60.0 60.0 60.0 60.0 
104.0 59.0 64.0 67.0 
58.0 59.0 59.0 59.0 
58.0 59.0 60.0 61.0 
60.0 60.0 60.0 60.0 
107.0 60.0 64.0 67.0 
58.0 58.0 59.0 59.0 
59.0 59.0 59.0 60.0 
59.0 60.0 61.0 60.0 
105.0 59.0 64.0 68.0 
58.0 58.0 59.0 59.0 
58.0 60.0 60.0 61.0 
59.0 60.0 60.0 59.0 
106.0 59.0 65.0 67.0 
58.0 59.0 60.0 60.0 
59.0 60.0 60.0 61.0 
59.0 60.0 60.0 61.0 
106.0 59.0 65.0 68.0 
59.0 59.0 59.0 59.0 
58.0 59.0 60.0 60.0 
59.0 59.0 61.0 60.0 
107.0 59.0 65.0 67.0 
59.0 58.0 59.0 59.0 
58.0 59.0 60.0 61.0 
59.0 60.0 60.0 60.0 
108.0 59.0 64.0 68.0 
58.0 58.0 59.0 59.0 
58.0 59.0 61.0 61.0 
59.0 60.0 60.0 60.0 
110.0 59.0 64.0 67.0 
58.0 59.0 59.0 59.0 
58.0 59.0 60.0 60.0 
59.0 60.0 60.0 60.0 
109.0 59.0 64.0 67.0 
59.0 59.0 60.0 59.0 
58.0 60.0 60.0 60.0 
59.0 60.0 60.0 61.0 
112.0 59.0 64.0 68.0 
57.0 58.0 59.0 59.0 
58.0 59.0 60.0 61.0 
59.0 60.0 60.0 61.0 
113.0 60.0 64.0 68.0 
58.0 59.0 59.0 60.0 
58.0 60.0 60.0 61.0 
59.0 60.0 60.0 60.0 
111.0 60.0 64.0 68.0 
59.0 58.0 59.0 59.0 
58.0 59.0 60.0 60.0 
59.0 60.0 60.0 60.0 
112.0 59.0 65.0 68.0 
58.0 59.0 59.0 60.0 
59.0 59.0 60.0 61.0 
59.0 59.0 60.0 59.0 
113.0 59.0 65.0 69.0 
58.0 59.0 60.0 59.0 
58.0 59.0 60.0 61.0 
59.0 60.0 60.0 60.0 
112.0 59.0 64.0 68.0 
58.0 58.0 59.0 59.0 
58.0 59.0 60.0 61.0 
59.0 59.0 60.0 60.0 
114.0 59.0 64.0 69.0 
58.0 59.0 59.0 60.0 
58.0 59.0 60.0 61.0 
59.0 60.0 60.0 60.0 
115.0 59.0 64.0 69.0 
59.0 59.0 59.0 59.0 
58.0 59.0 60.0 62.0 
59.0 60.0 60.0 60.0 
112.0 60.0 64.0 69.0 
58.0 57.0 59.0 60.0 
59.0 60.0 60.0 61.0 
59.0 60.0 61.0 60.0 
113.0 59.0 64.0 69.0 
58.0 59.0 59.0 59.0 
58.0 60.0 60.0 61.0 
59.0 59.0 60.0 59.0 
112.0 59.0 64.0 68.0 
58.0 59.0 59.0 59.0 
59.0 58.0 60.0 61.0 
59.0 60.0 60.0 60.0 
111.0 60.0 64.0 68.0 
58.0 59.0 59.0 59.0 
59.0 59.0 61.0 61.0 
59.0 60.0 60.0 62.0 
112.0 59.0 64.0 69.0 
58.0 58.0 60.0 60.0 
58.0 60.0 60.0 61.0 
59.0 60.0 60.0 61.0 
113.0 59.0 64.0 69.0 
58.0 58.0 59.0 59.0 
59.0 59.0 61.0 60.0 
59.0 59.0 60.0 60.0 
113.0 60.0 64.0 68.0 
58.0 59.0 59.0 59.0 
59.0 59.0 60.0 61.0 
59.0 60.0 60.0 60.0 
112.0 59.0 65.0 68.0 
58.0 59.0 59.0 60.0 
58.0 59.0 60.0 61.0 
59.0 60.0 60.0 60.0 
112.0 60.0 64.0 69.0 
58.0 59.0 60.0 59.0 
58.0 59.0 60.0 60.0 
59.0 60.0 60.0 61.0 
113.0 59.0 65.0 69.0 
59.0 59.0 59.0 59.0 
58.0 60.0 60.0 61.0 
59.0 60.0 60.0 60.0 
113.0 60.0 64.0 69.0 
58.0 59.0 59.0 59.0 
59.0 59.0 61.0 60.0 
59.0 60.0 60.0 59.0 
112.0 60.0 65.0 69.0 
58.0 59.0 59.0 60.0 
58.0 59.0 60.0 60.0 
59.0 60.0 61.0 60.0 
112.0 59.0 65.0 69.0 
58.0 59.0 59.0 59.0 
59.0 59.0 60.0 60.0 
59.0 60.0 60.0 60.0 
112.0 59.0 65.0 69.0 
59.0 59.0 60.0 59.0 
59.0 59.0 60.0 61.0 
58.0 60.0 61.0 60.0 
113.0 60.0 65.0 69.0 
57.0 58.0 59.0 59.0 
59.0 59.0 60.0 61.0 
59.0 59.0 61.0 60.0 
111.0 60.0 65.0 69.0 
58.0 59.0 59.0 59.0 
59.0 59.0 61.0 60.0 
58.0 60.0 60.0 61.0 
112.0 60.0 66.0 70.0 
59.0 58.0 59.0 59.0 
58.0 59.0 60.0 61.0 
59.0 60.0 61.0 60.0 
112.0 59.0 66.0 69.0 
58.0 58.0 59.0 59.0 
59.0 59.0 60.0 60.0 
59.0 60.0 61.0 60.0 
113.0 59.0 66.0 69.0 
58.0 59.0 59.0 59.0 
59.0 58.0 60.0 60.0 
59.0 60.0 61.0 60.0 
112.0 60.0 65.0 69.0 
58.0 60.0 59.0 59.0 
58.0 59.0 61.0 61.0 
59.0 60.0 60.0 61.0 
111.0 59.0 66.0 69.0 
58.0 59.0 59.0 59.0 
59.0 59.0 60.0 61.0 
58.0 60.0 60.0 60.0 
112.0 59.0 65.0 68.0 
58.0 59.0 59.0 59.0 
58.0 59.0 61.0 60.0 
59.0 60.0 61.0 60.0 
108.0 59.0 65.0 69.0 
59.0 59.0 59.0 59.0 
59.0 59.0 60.0 60.0 
59.0 59.0 60.0 60.0 
109.0 60.0 65.0 69.0 
59.0 58.0 59.0 59.0 
58.0 59.0 61.0 61.0 
58.0 60.0 61.0 60.0 
111.0 59.0 65.0 69.0 
58.0 59.0 59.0 59.0 
59.0 59.0 61.0 60.0 
59.0 60.0 58.0 60.0 
110.0 59.0 65.0 68.0 
58.0 59.0 59.0 59.0 
59.0 60.0 60.0 61.0 
59.0 60.0 60.0 60.0 
109.0 59.0 65.0 68.0 
58.0 59.0 59.0 60.0 
58.0 59.0 60.0 60.0 
59.0 60.0 61.0 60.0 
109.0 59.0 66.0 69.0 
59.0 58.0 59.0 59.0 
59.0 59.0 61.0 60.0 
59.0 60.0 60.0 60.0 
111.0 59.0 65.0 70.0 
58.0 59.0 59.0 59.0 
58.0 59.0 60.0 61.0 
59.0 60.0 60.0 60.0 
111.0 59.0 65.0 70.0 
58.0 58.0 59.0 59.0 
58.0 59.0 61.0 60.0 
59.0 60.0 60.0 60.0 
110.0 60.0 67.0 70.0 
58.0 59.0 59.0 59.0 
58.0 59.0 60.0 61.0 
59.0 60.0 60.0 60.0 
111.0 59.0 65.0 69.0 
59.0 59.0 59.0 59.0 
59.0 59.0 60.0 61.0 
59.0 60.0 60.0 60.0 
110.0 59.0 66.0 69.0 
58.0 59.0 60.0 59.0 
59.0 59.0 61.0 61.0 
59.0 60.0 60.0 61.0 
109.0 59.0 66.0 68.0 
58.0 59.0 59.0 59.0 
58.0 60.0 61.0 61.0 
59.0 59.0 60.0 60.0 
110.0 59.0 66.0 70.0 
58.0 59.0 60.0 60.0 
58.0 58.0 61.0 60.0 
59.0 60.0 60.0 60.0 
109.0 60.0 68.0 70.0 
58.0 59.0 59.0 60.0 
58.0 59.0 60.0 60.0 
58.0 60.0 61.0 60.0 
110.0 60.0 67.0 69.0 
59.0 59.0 60.0 59.0 
58.0 59.0 60.0 61.0 
59.0 60.0 60.0 60.0 
110.0 59.0 67.0 70.0 
58.0 59.0 59.0 59.0 
58.0 59.0 61.0 60.0 
58.0 60.0 61.0 60.0 
109.0 59.0 66.0 69.0 
58.0 59.0 59.0 60.0 
58.0 59.0 60.0 61.0 
58.0 60.0 60.0 60.0 
110.0 59.0 65.0 69.0 
58.0 58.0 59.0 59.0 
59.0 59.0 60.0 60.0 
59.0 60.0 60.0 60.0 
110.0 59.0 66.0 69.0 
58.0 58.0 59.0 60.0 
58.0 59.0 60.0 61.0 
59.0 60.0 61.0 60.0 
110.0 60.0 65.0 69.0 
58.0 59.0 59.0 59.0 
58.0 59.0 61.0 60.0 
60.0 60.0 61.0 60.0 
111.0 59.0 65.0 69.0 
58.0 59.0 59.0 59.0 
59.0 59.0 61.0 61.0 
58.0 60.0 61.0 60.0 
111.0 59.0 67.0 69.0 
58.0 59.0 59.0 59.0 
59.0 59.0 61.0 61.0 
58.0 60.0 60.0 60.0 
111.0 59.0 67.0 70.0 
58.0 59.0 59.0 60.0 
59.0 59.0 60.0 61.0 
60.0 61.0 60.0 59.0 
111.0 60.0 65.0 69.0 
58.0 58.0 59.0 59.0 
59.0 59.0 61.0 60.0 
59.0 59.0 61.0 60.0 
111.0 60.0 66.0 69.0 
58.0 59.0 59.0 59.0 
59.0 59.0 60.0 60.0 
60.0 60.0 60.0 60.0 
110.0 60.0 65.0 70.0 
59.0 59.0 59.0 59.0 
59.0 58.0 60.0 60.0 
58.0 60.0 61.0 60.0 
110.0 59.0 67.0 69.0 
58.0 59.0 59.0 59.0 
59.0 59.0 60.0 59.0 
58.0 60.0 60.0 60.0 
111.0 59.0 66.0 69.0 
58.0 59.0 59.0 59.0 
58.0 59.0 60.0 60.0 
59.0 60.0 59.0 60.0 
112.0 60.0 66.0 69.0 
58.0 58.0 59.0 59.0 
58.0 59.0 60.0 61.0 
59.0 60.0 60.0 60.0 
111.0 60.0 66.0 69.0 
58.0 59.0 59.0 60.0 
59.0 59.0 61.0 61.0 
59.0 60.0 61.0 60.0 
110.0 59.0 65.0 69.0 
58.0 59.0 59.0 59.0 
58.0 58.0 60.0 61.0 
59.0 60.0 61.0 60.0 
110.0 60.0 65.0 69.0 
58.0 58.0 59.0 59.0 
58.0 59.0 61.0 61.0 
59.0 59.0 60.0 60.0 
109.0 60.0 66.0 69.0 
58.0 59.0 59.0 60.0 
57.0 60.0 60.0 61.0 
59.0 60.0 60.0 60.0 
110.0 60.0 65.0 69.0 
58.0 58.0 59.0 60.0 
58.0 58.0 61.0 60.0 
59.0 60.0 61.0 60.0 
110.0 60.0 66.0 69.0 
58.0 59.0 59.0 58.0 
59.0 59.0 60.0 61.0 
59.0 60.0 61.0 60.0 
109.0 59.0 65.0 68.0 
58.0 59.0 60.0 59.0 
59.0 60.0 61.0 61.0 
59.0 60.0 60.0 60.0 
114.0 59.0 65.0 69.0 
58.0 58.0 59.0 60.0 
58.0 60.0 60.0 61.0 
59.0 60.0 60.0 60.0 
110.0 60.0 65.0 69.0 
58.0 58.0 59.0 60.0 
58.0 59.0 60.0 61.0 
59.0 60.0 62.0 59.0 
111.0 60.0 65.0 69.0 
58.0 58.0 60.0 59.0 
58.0 59.0 60.0 61.0 
59.0 60.0 60.0 60.0 
111.0 59.0 66.0 69.0 
58.0 58.0 59.0 60.0 
58.0 59.0 60.0 61.0 
59.0 60.0 60.0 60.0 
111.0 59.0 65.0 69.0 
58.0 59.0 59.0 59.0 
58.0 59.0 60.0 61.0 
59.0 60.0 60.0 60.0 
111.0 60.0 65.0 69.0 
58.0 59.0 59.0 59.0 
59.0 59.0 60.0 60.0 
59.0 60.0 60.0 60.0 
112.0 60.0 65.0 68.0 
58.0 59.0 59.0 59.0 
58.0 59.0 61.0 61.0 
59.0 60.0 60.0 60.0 
112.0 59.0 65.0 69.0 
58.0 58.0 59.0 59.0 
58.0 60.0 61.0 60.0 
59.0 60.0 61.0 60.0 
112.0 60.0 65.0 69.0 
58.0 59.0 59.0 60.0 
58.0 59.0 60.0 61.0 
59.0 60.0 61.0 60.0 
116.0 60.0 65.0 70.0 
58.0 59.0 59.0 59.0 
58.0 58.0 61.0 60.0 
59.0 60.0 60.0 60.0 
117.0 59.0 65.0 71.0 
59.0 58.0 59.0 59.0 
58.0 59.0 60.0 60.0 
59.0 60.0 60.0 60.0 
119.0 60.0 65.0 71.0 
58.0 58.0 59.0 60.0 
58.0 59.0 60.0 60.0 
59.0 59.0 60.0 60.0 
120.0 60.0 65.0 71.0 
59.0 59.0 59.0 59.0 
59.0 59.0 60.0 60.0 
58.0 59.0 60.0 60.0 
117.0 59.0 66.0 70.0 
58.0 59.0 59.0 59.0 
58.0 59.0 61.0 60.0 
58.0 60.0 59.0 60.0 
119.0 60.0 66.0 70.0 
58.0 59.0 59.0 59.0 
58.0 59.0 60.0 61.0 
59.0 60.0 60.0 60.0 
119.0 59.0 66.0 70.0 
58.0 59.0 59.0 59.0 
58.0 59.0 61.0 60.0 
58.0 59.0 59.0 60.0 
119.0 59.0 66.0 70.0 
58.0 58.0 59.0 59.0 
58.0 60.0 60.0 61.0 
58.0 59.0 60.0 61.0 
119.0 59.0 66.0 71.0 
58.0 59.0 59.0 58.0 
58.0 58.0 61.0 61.0 
59.0 60.0 60.0 61.0 
117.0 59.0 66.0 70.0 
58.0 58.0 59.0 59.0 
58.0 59.0 60.0 60.0 
59.0 60.0 60.0 60.0 
117.0 59.0 67.0 71.0 
58.0 58.0 59.0 59.0 
58.0 59.0 61.0 60.0 
59.0 59.0 60.0 59.0 
118.0 60.0 66.0 70.0 
57.0 59.0 59.0 59.0 
59.0 60.0 61.0 60.0 
59.0 60.0 61.0 60.0 
118.0 59.0 66.0 72.0 
58.0 59.0 59.0 59.0 
58.0 59.0 60.0 60.0 
58.0 59.0 60.0 59.0 
119.0 59.0 66.0 70.0 
59.0 58.0 59.0 59.0 
59.0 59.0 60.0 60.0 
59.0 60.0 60.0 60.0 
119.0 59.0 66.0 70.0 
58.0 58.0 59.0 59.0 
58.0 61.0 61.0 60.0 
59.0 60.0 60.0 60.0 
119.0 60.0 66.0 71.0 
58.0 58.0 60.0 59.0 
57.0 59.0 60.0 60.0 
59.0 60.0 60.0 60.0 
120.0 60.0 66.0 70.0 
58.0 58.0 59.0 60.0 
58.0 59.0 60.0 60.0 
59.0 60.0 60.0 60.0 
119.0 59.0 66.0 71.0 
58.0 58.0 59.0 59.0 
58.0 59.0 61.0 60.0 
58.0 59.0 60.0 59.0 
120.0 59.0 65.0 70.0 
58.0 59.0 59.0 59.0 
57.0 59.0 60.0 61.0 
59.0 60.0 60.0 60.0 
121.0 60.0 66.0 70.0 
58.0 59.0 59.0 59.0 
58.0 59.0 60.0 61.0 
59.0 59.0 61.0 60.0 
122.0 60.0 66.0 71.0 
58.0 59.0 59.0 60.0 
58.0 59.0 60.0 60.0 
59.0 59.0 61.0 59.0 
121.0 60.0 66.0 70.0 
58.0 59.0 59.0 59.0 
58.0 59.0 60.0 60.0 
58.0 60.0 60.0 60.0 
123.0 60.0 66.0 71.0 
58.0 59.0 59.0 59.0 
58.0 60.0 60.0 61.0 
58.0 60.0 61.0 60.0 
122.0 60.0 65.0 71.0 
58.0 59.0 59.0 59.0 
58.0 59.0 60.0 61.0 
58.0 60.0 60.0 60.0 
120.0 59.0 65.0 71.0 
58.0 58.0 59.0 59.0 
58.0 59.0 60.0 61.0 
59.0 60.0 60.0 60.0 
119.0 59.0 66.0 70.0 
57.0 60.0 59.0 59.0 
58.0 59.0 60.0 61.0 
59.0 59.0 60.0 60.0 
121.0 60.0 66.0 71.0 
58.0 59.0 60.0 59.0 
58.0 59.0 60.0 61.0 
58.0 59.0 60.0 60.0 
121.0 60.0 66.0 70.0 
58.0 58.0 59.0 59.0 
58.0 59.0 60.0 61.0 
59.0 60.0 60.0 60.0 
120.0 59.0 65.0 70.0 
58.0 59.0 59.0 59.0 
58.0 59.0 60.0 60.0 
59.0 60.0 60.0 60.0 
120.0 59.0 66.0 70.0 
58.0 59.0 59.0 59.0 
58.0 59.0 60.0 60.0 
58.0 59.0 59.0 60.0 
120.0 60.0 66.0 71.0 
58.0 58.0 59.0 59.0 
58.0 60.0 60.0 60.0 
59.0 60.0 60.0 60.0 
122.0 59.0 66.0 71.0 
57.0 59.0 60.0 59.0 
58.0 59.0 60.0 61.0 
59.0 60.0 60.0 60.0 
121.0 59.0 66.0 71.0 
58.0 58.0 59.0 59.0 
58.0 59.0 60.0 60.0 
58.0 60.0 60.0 60.0 
121.0 60.0 66.0 71.0 
58.0 59.0 59.0 60.0 
58.0 59.0 60.0 60.0 
58.0 60.0 61.0 60.0 
121.0 60.0 66.0 71.0 
57.0 58.0 59.0 59.0 
58.0 59.0 60.0 61.0 
58.0 60.0 60.0 60.0 
123.0 60.0 65.0 71.0 
57.0 58.0 59.0 59.0 
58.0 59.0 61.0 61.0 
59.0 60.0 60.0 60.0 
120.0 59.0 65.0 70.0 
58.0 58.0 58.0 60.0 
58.0 59.0 60.0 60.0 
58.0 59.0 60.0 60.0 
120.0 59.0 66.0 71.0 
58.0 58.0 59.0 59.0 
58.0 59.0 60.0 60.0 
58.0 60.0 60.0 60.0 
121.0 60.0 66.0 71.0 
58.0 58.0 60.0 59.0 
