117.0 58.0 85.0 76.0 
57.0 58.0 59.0 59.0 
58.0 58.0 62.0 63.0 
56.0 58.0 58.0 59.0 
119.0 58.0 87.0 76.0 
56.0 57.0 59.0 59.0 
57.0 57.0 63.0 63.0 
57.0 58.0 59.0 58.0 
119.0 58.0 83.0 76.0 
57.0 57.0 60.0 59.0 
59.0 58.0 62.0 63.0 
57.0 58.0 59.0 59.0 
118.0 58.0 84.0 75.0 
58.0 57.0 59.0 59.0 
59.0 57.0 63.0 62.0 
56.0 59.0 58.0 59.0 
118.0 59.0 83.0 76.0 
57.0 57.0 59.0 59.0 
59.0 58.0 63.0 63.0 
57.0 59.0 59.0 59.0 
119.0 57.0 85.0 76.0 
57.0 58.0 60.0 59.0 
59.0 59.0 61.0 63.0 
57.0 59.0 58.0 59.0 
118.0 59.0 83.0 75.0 
57.0 57.0 59.0 60.0 
59.0 59.0 63.0 62.0 
57.0 58.0 57.0 59.0 
119.0 58.0 83.0 76.0 
56.0 58.0 59.0 60.0 
59.0 58.0 63.0 63.0 
58.0 58.0 59.0 59.0 
119.0 58.0 83.0 76.0 
57.0 58.0 59.0 59.0 
59.0 57.0 63.0 63.0 
57.0 59.0 58.0 59.0 
119.0 58.0 83.0 76.0 
57.0 56.0 60.0 59.0 
59.0 57.0 62.0 63.0 
57.0 59.0 59.0 60.0 
119.0 58.0 84.0 76.0 
57.0 57.0 60.0 59.0 
60.0 59.0 63.0 63.0 
57.0 59.0 59.0 59.0 
118.0 59.0 82.0 74.0 
57.0 57.0 59.0 60.0 
59.0 60.0 62.0 63.0 
57.0 59.0 59.0 60.0 
119.0 57.0 83.0 75.0 
57.0 57.0 60.0 59.0 
59.0 58.0 63.0 63.0 
58.0 59.0 60.0 59.0 
118.0 58.0 83.0 76.0 
57.0 57.0 60.0 59.0 
59.0 57.0 62.0 63.0 
57.0 58.0 59.0 60.0 
118.0 57.0 84.0 76.0 
57.0 56.0 60.0 60.0 
59.0 58.0 63.0 63.0 
57.0 60.0 59.0 59.0 
119.0 57.0 83.0 75.0 
56.0 58.0 60.0 60.0 
59.0 59.0 63.0 63.0 
57.0 59.0 59.0 59.0 
118.0 59.0 83.0 76.0 
57.0 58.0 59.0 59.0 
59.0 58.0 62.0 63.0 
57.0 59.0 60.0 60.0 
119.0 59.0 83.0 76.0 
57.0 56.0 59.0 59.0 
59.0 58.0 64.0 62.0 
58.0 59.0 58.0 60.0 
119.0 58.0 83.0 75.0 
57.0 58.0 60.0 60.0 
60.0 58.0 63.0 63.0 
58.0 59.0 60.0 59.0 
118.0 58.0 84.0 75.0 
57.0 57.0 59.0 60.0 
58.0 59.0 62.0 64.0 
57.0 59.0 58.0 60.0 
118.0 59.0 84.0 75.0 
57.0 58.0 59.0 59.0 
59.0 58.0 63.0 63.0 
57.0 59.0 59.0 60.0 
118.0 58.0 83.0 76.0 
57.0 58.0 60.0 59.0 
58.0 58.0 63.0 63.0 
56.0 59.0 60.0 60.0 
118.0 58.0 83.0 76.0 
57.0 58.0 59.0 59.0 
59.0 59.0 62.0 63.0 
58.0 58.0 60.0 60.0 
119.0 58.0 84.0 75.0 
57.0 58.0 59.0 59.0 
59.0 58.0 61.0 63.0 
58.0 58.0 59.0 60.0 
119.0 58.0 82.0 75.0 
58.0 56.0 60.0 59.0 
59.0 57.0 62.0 63.0 
57.0 58.0 59.0 59.0 
119.0 58.0 83.0 76.0 
57.0 58.0 59.0 59.0 
59.0 58.0 63.0 63.0 
58.0 58.0 59.0 58.0 
118.0 59.0 83.0 76.0 
58.0 57.0 59.0 59.0 
59.0 59.0 63.0 63.0 
57.0 59.0 59.0 58.0 
119.0 59.0 84.0 76.0 
58.0 57.0 59.0 59.0 
59.0 58.0 63.0 62.0 
58.0 58.0 59.0 59.0 
118.0 58.0 83.0 75.0 
58.0 55.0 59.0 59.0 
59.0 58.0 62.0 63.0 
58.0 57.0 59.0 59.0 
118.0 58.0 84.0 76.0 
57.0 57.0 59.0 60.0 
59.0 58.0 62.0 62.0 
57.0 59.0 59.0 59.0 
118.0 58.0 84.0 76.0 
57.0 58.0 59.0 59.0 
59.0 59.0 63.0 63.0 
57.0 59.0 59.0 59.0 
118.0 59.0 84.0 76.0 
57.0 58.0 60.0 59.0 
59.0 58.0 63.0 63.0 
58.0 59.0 59.0 59.0 
119.0 58.0 83.0 75.0 
56.0 59.0 59.0 60.0 
59.0 57.0 63.0 62.0 
58.0 58.0 59.0 59.0 
119.0 59.0 84.0 76.0 
57.0 58.0 59.0 59.0 
60.0 57.0 63.0 62.0 
57.0 59.0 60.0 60.0 
119.0 58.0 84.0 76.0 
56.0 58.0 59.0 60.0 
60.0 59.0 62.0 63.0 
58.0 59.0 60.0 59.0 
118.0 59.0 84.0 76.0 
57.0 59.0 60.0 59.0 
59.0 58.0 63.0 63.0 
58.0 59.0 58.0 60.0 
119.0 59.0 84.0 75.0 
56.0 57.0 59.0 60.0 
59.0 58.0 62.0 64.0 
58.0 58.0 59.0 59.0 
118.0 58.0 84.0 75.0 
57.0 56.0 60.0 59.0 
59.0 58.0 64.0 62.0 
57.0 59.0 58.0 60.0 
118.0 59.0 84.0 76.0 
57.0 57.0 59.0 59.0 
59.0 58.0 63.0 63.0 
57.0 59.0 59.0 59.0 
118.0 59.0 85.0 76.0 
58.0 57.0 60.0 59.0 
59.0 58.0 62.0 63.0 
58.0 59.0 59.0 59.0 
118.0 58.0 85.0 76.0 
56.0 58.0 60.0 58.0 
59.0 58.0 62.0 63.0 
57.0 59.0 59.0 60.0 
118.0 58.0 84.0 76.0 
57.0 58.0 60.0 59.0 
59.0 59.0 62.0 63.0 
58.0 59.0 59.0 60.0 
118.0 60.0 84.0 76.0 
57.0 58.0 59.0 59.0 
59.0 59.0 62.0 63.0 
57.0 59.0 59.0 59.0 
118.0 59.0 85.0 76.0 
57.0 57.0 59.0 59.0 
58.0 58.0 63.0 63.0 
58.0 59.0 59.0 59.0 
118.0 58.0 85.0 75.0 
57.0 57.0 60.0 60.0 
59.0 58.0 62.0 64.0 
58.0 59.0 59.0 59.0 
118.0 58.0 86.0 76.0 
57.0 58.0 59.0 59.0 
58.0 59.0 62.0 63.0 
58.0 58.0 58.0 59.0 
117.0 58.0 85.0 76.0 
57.0 57.0 59.0 59.0 
58.0 59.0 62.0 63.0 
58.0 58.0 59.0 60.0 
117.0 59.0 84.0 77.0 
57.0 58.0 59.0 59.0 
59.0 58.0 64.0 62.0 
57.0 59.0 58.0 59.0 
117.0 59.0 85.0 76.0 
57.0 58.0 60.0 59.0 
59.0 58.0 63.0 63.0 
58.0 59.0 58.0 60.0 
119.0 58.0 85.0 76.0 
57.0 57.0 60.0 60.0 
60.0 58.0 63.0 63.0 
58.0 58.0 59.0 59.0 
118.0 59.0 85.0 76.0 
57.0 57.0 61.0 59.0 
60.0 59.0 63.0 62.0 
56.0 59.0 59.0 61.0 
117.0 60.0 85.0 76.0 
58.0 58.0 59.0 60.0 
59.0 58.0 62.0 63.0 
58.0 58.0 59.0 60.0 
118.0 59.0 85.0 76.0 
57.0 57.0 59.0 60.0 
59.0 59.0 63.0 63.0 
58.0 59.0 59.0 59.0 
118.0 58.0 84.0 76.0 
58.0 58.0 60.0 59.0 
60.0 59.0 62.0 63.0 
58.0 58.0 60.0 59.0 
118.0 59.0 85.0 75.0 
57.0 58.0 60.0 59.0 
59.0 59.0 62.0 63.0 
58.0 59.0 59.0 60.0 
117.0 59.0 84.0 76.0 
58.0 58.0 60.0 59.0 
59.0 58.0 63.0 64.0 
58.0 60.0 58.0 61.0 
116.0 59.0 85.0 76.0 
57.0 59.0 59.0 60.0 
60.0 58.0 63.0 63.0 
57.0 59.0 59.0 60.0 
117.0 59.0 84.0 76.0 
57.0 58.0 59.0 60.0 
60.0 58.0 64.0 63.0 
58.0 59.0 59.0 59.0 
116.0 59.0 85.0 75.0 
58.0 58.0 61.0 59.0 
60.0 59.0 64.0 63.0 
57.0 59.0 60.0 60.0 
117.0 59.0 84.0 76.0 
57.0 58.0 59.0 60.0 
59.0 59.0 62.0 64.0 
58.0 59.0 59.0 59.0 
117.0 58.0 85.0 76.0 
57.0 57.0 60.0 59.0 
59.0 58.0 63.0 64.0 
58.0 59.0 59.0 61.0 
114.0 58.0 84.0 76.0 
58.0 58.0 59.0 60.0 
59.0 58.0 63.0 63.0 
57.0 59.0 60.0 59.0 
117.0 59.0 85.0 76.0 
58.0 57.0 60.0 60.0 
59.0 58.0 62.0 63.0 
57.0 59.0 59.0 60.0 
117.0 59.0 84.0 75.0 
57.0 59.0 60.0 60.0 
59.0 58.0 63.0 63.0 
58.0 58.0 59.0 59.0 
117.0 60.0 84.0 75.0 
57.0 57.0 60.0 60.0 
59.0 59.0 63.0 63.0 
58.0 59.0 59.0 60.0 
117.0 58.0 84.0 76.0 
58.0 58.0 61.0 61.0 
60.0 58.0 62.0 63.0 
58.0 59.0 60.0 60.0 
117.0 58.0 85.0 76.0 
57.0 58.0 60.0 60.0 
60.0 58.0 62.0 63.0 
58.0 60.0 59.0 60.0 
116.0 59.0 85.0 76.0 
57.0 57.0 60.0 60.0 
61.0 59.0 63.0 63.0 
58.0 59.0 59.0 60.0 
116.0 59.0 84.0 76.0 
57.0 59.0 59.0 60.0 
60.0 59.0 62.0 64.0 
58.0 58.0 59.0 59.0 
116.0 59.0 85.0 76.0 
58.0 58.0 60.0 59.0 
60.0 59.0 63.0 63.0 
58.0 59.0 59.0 59.0 
116.0 59.0 84.0 76.0 
58.0 57.0 61.0 60.0 
60.0 58.0 63.0 63.0 
58.0 59.0 60.0 60.0 
115.0 60.0 86.0 76.0 
58.0 58.0 60.0 59.0 
60.0 57.0 63.0 63.0 
58.0 59.0 59.0 60.0 
116.0 59.0 85.0 77.0 
58.0 58.0 60.0 60.0 
60.0 58.0 63.0 63.0 
58.0 59.0 59.0 60.0 
117.0 58.0 86.0 76.0 
58.0 58.0 60.0 60.0 
60.0 58.0 63.0 63.0 
60.0 58.0 59.0 60.0 
115.0 59.0 85.0 76.0 
58.0 57.0 60.0 60.0 
59.0 59.0 63.0 63.0 
59.0 58.0 60.0 60.0 
116.0 59.0 85.0 75.0 
58.0 57.0 59.0 59.0 
60.0 59.0 63.0 63.0 
58.0 60.0 60.0 60.0 
116.0 59.0 85.0 76.0 
59.0 58.0 59.0 60.0 
60.0 59.0 62.0 64.0 
59.0 59.0 59.0 60.0 
117.0 58.0 86.0 76.0 
58.0 58.0 59.0 61.0 
59.0 59.0 63.0 64.0 
59.0 59.0 59.0 60.0 
116.0 58.0 86.0 76.0 
58.0 58.0 59.0 62.0 
60.0 59.0 63.0 63.0 
58.0 58.0 59.0 60.0 
116.0 60.0 85.0 77.0 
58.0 58.0 61.0 60.0 
59.0 58.0 63.0 64.0 
58.0 58.0 60.0 60.0 
115.0 59.0 86.0 77.0 
58.0 58.0 60.0 59.0 
60.0 58.0 63.0 64.0 
58.0 59.0 58.0 59.0 
116.0 59.0 87.0 77.0 
58.0 59.0 60.0 60.0 
59.0 58.0 63.0 63.0 
58.0 60.0 59.0 60.0 
117.0 59.0 86.0 77.0 
57.0 58.0 60.0 60.0 
60.0 60.0 64.0 64.0 
59.0 59.0 60.0 60.0 
117.0 59.0 86.0 77.0 
58.0 58.0 61.0 59.0 
61.0 59.0 62.0 64.0 
59.0 59.0 59.0 61.0 
117.0 58.0 84.0 77.0 
58.0 58.0 60.0 60.0 
60.0 58.0 63.0 64.0 
58.0 59.0 59.0 59.0 
117.0 58.0 86.0 76.0 
58.0 58.0 60.0 60.0 
60.0 59.0 64.0 63.0 
58.0 58.0 59.0 60.0 
116.0 59.0 86.0 76.0 
58.0 58.0 60.0 61.0 
59.0 58.0 62.0 65.0 
58.0 60.0 60.0 60.0 
117.0 59.0 85.0 76.0 
58.0 58.0 60.0 60.0 
60.0 58.0 64.0 63.0 
59.0 59.0 60.0 59.0 
117.0 59.0 86.0 76.0 
58.0 57.0 59.0 60.0 
60.0 59.0 63.0 64.0 
58.0 59.0 60.0 59.0 
116.0 59.0 86.0 76.0 
59.0 58.0 60.0 60.0 
59.0 59.0 63.0 64.0 
59.0 58.0 60.0 60.0 
116.0 59.0 85.0 76.0 
58.0 59.0 59.0 60.0 
60.0 59.0 63.0 64.0 
58.0 59.0 60.0 60.0 
116.0 60.0 85.0 76.0 
58.0 58.0 61.0 60.0 
61.0 58.0 64.0 64.0 
57.0 60.0 59.0 61.0 
116.0 59.0 86.0 76.0 
58.0 58.0 60.0 60.0 
59.0 58.0 64.0 65.0 
59.0 59.0 59.0 60.0 
116.0 59.0 85.0 77.0 
58.0 58.0 60.0 59.0 
61.0 58.0 64.0 63.0 
58.0 60.0 60.0 60.0 
116.0 58.0 86.0 77.0 
58.0 58.0 60.0 60.0 
60.0 59.0 63.0 63.0 
58.0 60.0 59.0 60.0 
116.0 58.0 85.0 76.0 
57.0 58.0 59.0 60.0 
60.0 59.0 63.0 64.0 
59.0 58.0 60.0 60.0 
117.0 58.0 85.0 77.0 
58.0 58.0 60.0 60.0 
60.0 57.0 64.0 64.0 
57.0 60.0 60.0 59.0 
116.0 59.0 85.0 76.0 
58.0 58.0 60.0 59.0 
60.0 59.0 63.0 63.0 
58.0 61.0 59.0 60.0 
116.0 59.0 85.0 77.0 
58.0 59.0 60.0 59.0 
60.0 59.0 63.0 64.0 
58.0 59.0 60.0 61.0 
116.0 59.0 86.0 77.0 
58.0 58.0 59.0 60.0 
59.0 59.0 63.0 64.0 
58.0 59.0 60.0 60.0 
116.0 60.0 86.0 76.0 
57.0 58.0 60.0 60.0 
60.0 58.0 64.0 64.0 
58.0 59.0 60.0 61.0 
116.0 60.0 86.0 76.0 
58.0 58.0 60.0 60.0 
60.0 59.0 63.0 64.0 
58.0 60.0 60.0 60.0 
116.0 58.0 87.0 77.0 
58.0 58.0 61.0 59.0 
59.0 59.0 63.0 64.0 
59.0 59.0 59.0 60.0 
117.0 60.0 86.0 77.0 
58.0 58.0 60.0 60.0 
60.0 58.0 63.0 63.0 
58.0 59.0 60.0 60.0 
116.0 58.0 87.0 77.0 
58.0 58.0 61.0 59.0 
60.0 58.0 64.0 64.0 
58.0 60.0 60.0 60.0 
116.0 60.0 86.0 77.0 
58.0 58.0 60.0 60.0 
61.0 59.0 63.0 64.0 
58.0 59.0 60.0 59.0 
116.0 60.0 85.0 77.0 
58.0 58.0 59.0 61.0 
60.0 60.0 63.0 64.0 
58.0 60.0 60.0 60.0 
116.0 59.0 87.0 76.0 
57.0 58.0 60.0 60.0 
60.0 59.0 62.0 63.0 
58.0 60.0 60.0 60.0 
116.0 60.0 86.0 76.0 
58.0 58.0 60.0 59.0 
60.0 59.0 64.0 63.0 
58.0 61.0 60.0 59.0 
117.0 60.0 86.0 77.0 
59.0 57.0 61.0 59.0 
60.0 58.0 65.0 64.0 
58.0 59.0 60.0 61.0 
116.0 60.0 85.0 77.0 
58.0 58.0 60.0 60.0 
60.0 59.0 64.0 64.0 
59.0 60.0 60.0 60.0 
117.0 59.0 87.0 77.0 
58.0 58.0 60.0 61.0 
59.0 59.0 64.0 63.0 
59.0 59.0 59.0 61.0 
116.0 59.0 86.0 77.0 
57.0 58.0 60.0 60.0 
60.0 59.0 63.0 64.0 
59.0 59.0 60.0 60.0 
116.0 59.0 87.0 76.0 
59.0 58.0 60.0 59.0 
61.0 58.0 63.0 64.0 
58.0 59.0 59.0 60.0 
116.0 59.0 87.0 76.0 
58.0 58.0 60.0 60.0 
60.0 60.0 62.0 64.0 
60.0 59.0 62.0 61.0 
116.0 59.0 85.0 76.0 
59.0 59.0 62.0 62.0 
61.0 58.0 65.0 65.0 
59.0 59.0 61.0 61.0 
116.0 60.0 88.0 77.0 
59.0 58.0 62.0 63.0 
61.0 58.0 65.0 65.0 
59.0 59.0 59.0 61.0 
116.0 59.0 89.0 77.0 
59.0 58.0 64.0 62.0 
62.0 59.0 64.0 65.0 
59.0 60.0 59.0 60.0 
116.0 59.0 91.0 79.0 
59.0 58.0 62.0 62.0 
61.0 58.0 64.0 64.0 
60.0 60.0 59.0 61.0 
115.0 60.0 92.0 78.0 
59.0 58.0 62.0 61.0 
62.0 59.0 63.0 65.0 
59.0 59.0 60.0 61.0 
117.0 59.0 93.0 78.0 
59.0 57.0 63.0 61.0 
61.0 58.0 64.0 65.0 
59.0 58.0 60.0 61.0 
116.0 60.0 92.0 78.0 
59.0 57.0 62.0 62.0 
62.0 59.0 63.0 64.0 
58.0 60.0 60.0 61.0 
116.0 59.0 92.0 78.0 
59.0 59.0 62.0 62.0 
60.0 59.0 63.0 65.0 
59.0 58.0 60.0 62.0 
117.0 59.0 92.0 79.0 
58.0 59.0 61.0 62.0 
61.0 59.0 64.0 65.0 
59.0 59.0 60.0 61.0 
117.0 58.0 93.0 79.0 
59.0 58.0 62.0 61.0 
60.0 58.0 64.0 65.0 
58.0 60.0 59.0 60.0 
117.0 59.0 92.0 78.0 
58.0 58.0 63.0 63.0 
61.0 59.0 64.0 66.0 
59.0 60.0 60.0 60.0 
116.0 59.0 92.0 79.0 
59.0 58.0 62.0 62.0 
62.0 59.0 65.0 65.0 
60.0 59.0 61.0 62.0 
116.0 58.0 92.0 78.0 
58.0 58.0 62.0 62.0 
61.0 59.0 64.0 65.0 
60.0 60.0 60.0 61.0 
115.0 60.0 92.0 79.0 
59.0 58.0 62.0 62.0 
61.0 59.0 62.0 65.0 
59.0 61.0 60.0 60.0 
116.0 59.0 92.0 79.0 
59.0 56.0 63.0 63.0 
61.0 59.0 63.0 65.0 
59.0 59.0 61.0 60.0 
116.0 60.0 92.0 79.0 
59.0 58.0 62.0 62.0 
61.0 59.0 63.0 66.0 
59.0 58.0 61.0 61.0 
115.0 59.0 91.0 78.0 
59.0 58.0 62.0 62.0 
61.0 59.0 63.0 64.0 
57.0 60.0 60.0 61.0 
114.0 59.0 89.0 76.0 
60.0 59.0 63.0 61.0 
61.0 59.0 64.0 66.0 
60.0 59.0 61.0 61.0 
114.0 60.0 84.0 74.0 
59.0 57.0 62.0 62.0 
61.0 59.0 64.0 66.0 
60.0 59.0 61.0 62.0 
113.0 60.0 84.0 74.0 
59.0 57.0 63.0 63.0 
61.0 59.0 64.0 66.0 
59.0 61.0 61.0 61.0 
112.0 59.0 84.0 74.0 
60.0 59.0 63.0 63.0 
61.0 59.0 64.0 65.0 
59.0 60.0 60.0 61.0 
112.0 59.0 84.0 75.0 
60.0 58.0 64.0 63.0 
61.0 59.0 65.0 65.0 
59.0 60.0 60.0 61.0 
113.0 60.0 83.0 75.0 
60.0 58.0 63.0 62.0 
62.0 59.0 64.0 65.0 
59.0 59.0 61.0 61.0 
112.0 60.0 83.0 76.0 
60.0 58.0 64.0 62.0 
62.0 61.0 64.0 65.0 
60.0 60.0 60.0 61.0 
113.0 58.0 89.0 77.0 
60.0 58.0 63.0 62.0 
62.0 60.0 63.0 64.0 
60.0 60.0 60.0 62.0 
114.0 59.0 90.0 78.0 
60.0 58.0 63.0 62.0 
62.0 58.0 63.0 65.0 
59.0 59.0 59.0 61.0 
113.0 59.0 89.0 78.0 
59.0 58.0 62.0 62.0 
61.0 59.0 63.0 65.0 
59.0 58.0 60.0 60.0 
114.0 60.0 91.0 78.0 
59.0 59.0 62.0 62.0 
62.0 58.0 64.0 65.0 
59.0 59.0 61.0 60.0 
113.0 59.0 91.0 77.0 
59.0 58.0 62.0 61.0 
62.0 59.0 64.0 65.0 
59.0 59.0 60.0 61.0 
113.0 60.0 91.0 78.0 
59.0 59.0 63.0 62.0 
61.0 58.0 63.0 65.0 
59.0 60.0 60.0 61.0 
114.0 59.0 92.0 78.0 
60.0 59.0 64.0 62.0 
62.0 59.0 64.0 65.0 
58.0 59.0 61.0 61.0 
114.0 59.0 90.0 77.0 
60.0 58.0 65.0 63.0 
61.0 59.0 63.0 66.0 
60.0 59.0 60.0 61.0 
113.0 59.0 91.0 78.0 
59.0 58.0 65.0 63.0 
61.0 59.0 65.0 65.0 
59.0 60.0 60.0 63.0 
114.0 59.0 91.0 78.0 
60.0 58.0 65.0 63.0 
60.0 59.0 65.0 65.0 
59.0 60.0 60.0 60.0 
114.0 60.0 92.0 78.0 
60.0 59.0 65.0 63.0 
61.0 59.0 65.0 64.0 
59.0 61.0 60.0 61.0 
115.0 59.0 92.0 78.0 
60.0 58.0 65.0 63.0 
60.0 59.0 66.0 64.0 
58.0 60.0 61.0 61.0 
115.0 59.0 92.0 78.0 
60.0 58.0 65.0 63.0 
60.0 59.0 65.0 65.0 
59.0 60.0 61.0 61.0 
113.0 59.0 92.0 78.0 
59.0 58.0 65.0 63.0 
63.0 59.0 64.0 65.0 
58.0 60.0 61.0 61.0 
113.0 59.0 91.0 78.0 
60.0 59.0 65.0 63.0 
61.0 60.0 65.0 64.0 
60.0 59.0 61.0 60.0 
110.0 59.0 91.0 78.0 
60.0 59.0 65.0 63.0 
61.0 59.0 64.0 65.0 
59.0 60.0 61.0 61.0 
110.0 59.0 92.0 78.0 
60.0 59.0 64.0 63.0 
61.0 59.0 65.0 65.0 
59.0 60.0 61.0 61.0 
110.0 59.0 92.0 78.0 
60.0 57.0 64.0 64.0 
62.0 60.0 65.0 65.0 
59.0 60.0 60.0 61.0 
110.0 59.0 89.0 78.0 
60.0 58.0 66.0 63.0 
61.0 60.0 64.0 65.0 
59.0 59.0 60.0 61.0 
110.0 59.0 88.0 78.0 
60.0 58.0 64.0 64.0 
61.0 59.0 63.0 65.0 
60.0 60.0 61.0 60.0 
99.0 60.0 87.0 79.0 
61.0 58.0 64.0 64.0 
62.0 58.0 62.0 66.0 
59.0 59.0 60.0 61.0 
109.0 60.0 87.0 79.0 
60.0 58.0 64.0 63.0 
61.0 58.0 63.0 64.0 
59.0 60.0 60.0 61.0 
118.0 59.0 88.0 80.0 
60.0 58.0 65.0 64.0 
59.0 60.0 66.0 64.0 
59.0 60.0 59.0 60.0 
105.0 58.0 89.0 80.0 
60.0 58.0 65.0 63.0 
60.0 60.0 63.0 62.0 
59.0 60.0 62.0 62.0 
100.0 59.0 92.0 80.0 
61.0 59.0 64.0 64.0 
59.0 59.0 61.0 62.0 
61.0 60.0 59.0 60.0 
102.0 58.0 89.0 82.0 
60.0 59.0 63.0 64.0 
60.0 59.0 61.0 62.0 
60.0 59.0 60.0 61.0 
100.0 60.0 90.0 83.0 
61.0 58.0 63.0 63.0 
60.0 59.0 61.0 62.0 
60.0 60.0 60.0 60.0 
92.0 59.0 89.0 81.0 
61.0 57.0 63.0 64.0 
60.0 59.0 60.0 61.0 
60.0 59.0 60.0 61.0 
97.0 59.0 89.0 82.0 
63.0 58.0 62.0 64.0 
59.0 59.0 59.0 62.0 
60.0 60.0 58.0 61.0 
94.0 59.0 90.0 82.0 
61.0 59.0 62.0 64.0 
59.0 59.0 59.0 61.0 
61.0 59.0 59.0 60.0 
98.0 60.0 89.0 84.0 
63.0 58.0 62.0 64.0 
58.0 59.0 57.0 59.0 
60.0 60.0 59.0 62.0 
102.0 59.0 90.0 86.0 
61.0 58.0 61.0 65.0 
60.0 59.0 59.0 58.0 
62.0 59.0 59.0 61.0 
99.0 58.0 88.0 87.0 
62.0 59.0 60.0 64.0 
59.0 58.0 59.0 59.0 
61.0 60.0 59.0 61.0 
100.0 60.0 88.0 89.0 
62.0 59.0 61.0 64.0 
59.0 59.0 59.0 59.0 
60.0 59.0 60.0 60.0 
102.0 60.0 86.0 89.0 
62.0 59.0 61.0 64.0 
58.0 59.0 60.0 59.0 
60.0 60.0 59.0 61.0 
102.0 59.0 87.0 89.0 
62.0 59.0 63.0 65.0 
58.0 59.0 59.0 59.0 
60.0 59.0 59.0 61.0 
102.0 59.0 87.0 90.0 
62.0 59.0 61.0 64.0 
57.0 59.0 59.0 59.0 
60.0 60.0 57.0 61.0 
102.0 60.0 88.0 89.0 
63.0 59.0 61.0 64.0 
57.0 59.0 59.0 59.0 
62.0 60.0 60.0 61.0 
102.0 59.0 86.0 91.0 
63.0 59.0 60.0 65.0 
58.0 59.0 59.0 59.0 
60.0 60.0 60.0 60.0 
101.0 60.0 89.0 88.0 
62.0 59.0 61.0 64.0 
62.0 59.0 60.0 64.0 
59.0 60.0 60.0 60.0 
101.0 60.0 92.0 89.0 
63.0 59.0 62.0 63.0 
62.0 58.0 61.0 64.0 
60.0 60.0 60.0 60.0 
100.0 60.0 98.0 89.0 
63.0 58.0 61.0 64.0 
62.0 59.0 61.0 64.0 
60.0 60.0 57.0 60.0 
100.0 60.0 117.0 87.0 
63.0 58.0 62.0 65.0 
62.0 59.0 60.0 64.0 
59.0 60.0 58.0 59.0 
101.0 59.0 127.0 87.0 
63.0 59.0 62.0 65.0 
63.0 59.0 61.0 64.0 
59.0 60.0 58.0 59.0 
101.0 59.0 132.0 85.0 
65.0 58.0 65.0 66.0 
62.0 59.0 59.0 64.0 
59.0 60.0 57.0 60.0 
101.0 59.0 132.0 85.0 
65.0 59.0 67.0 67.0 
62.0 59.0 59.0 64.0 
58.0 60.0 57.0 60.0 
102.0 59.0 134.0 85.0 
66.0 58.0 68.0 69.0 
61.0 60.0 60.0 63.0 
58.0 60.0 56.0 59.0 
101.0 60.0 134.0 86.0 
67.0 59.0 68.0 67.0 
61.0 60.0 60.0 63.0 
58.0 60.0 57.0 59.0 
103.0 59.0 138.0 86.0 
65.0 60.0 68.0 67.0 
61.0 59.0 59.0 62.0 
60.0 60.0 56.0 60.0 
103.0 59.0 144.0 87.0 
66.0 59.0 68.0 68.0 
60.0 59.0 57.0 62.0 
59.0 60.0 56.0 60.0 
103.0 60.0 152.0 88.0 
64.0 59.0 67.0 66.0 
59.0 60.0 58.0 61.0 
59.0 60.0 58.0 60.0 
102.0 59.0 158.0 89.0 
66.0 59.0 66.0 66.0 
59.0 59.0 57.0 61.0 
59.0 59.0 56.0 61.0 
104.0 59.0 173.0 90.0 
65.0 59.0 66.0 66.0 
60.0 59.0 57.0 61.0 
59.0 60.0 56.0 60.0 
103.0 60.0 178.0 90.0 
66.0 58.0 68.0 65.0 
60.0 58.0 57.0 62.0 
59.0 60.0 55.0 60.0 
103.0 60.0 189.0 91.0 
64.0 59.0 65.0 65.0 
62.0 59.0 57.0 62.0 
59.0 60.0 55.0 59.0 
102.0 60.0 192.0 92.0 
61.0 59.0 61.0 63.0 
60.0 60.0 58.0 61.0 
59.0 61.0 55.0 60.0 
102.0 59.0 211.0 94.0 
62.0 59.0 61.0 63.0 
59.0 59.0 57.0 62.0 
60.0 59.0 55.0 61.0 
97.0 60.0 224.0 96.0 
62.0 58.0 62.0 63.0 
61.0 59.0 56.0 62.0 
59.0 60.0 55.0 60.0 
97.0 59.0 247.0 98.0 
62.0 58.0 62.0 63.0 
60.0 59.0 55.0 61.0 
59.0 60.0 53.0 60.0 
102.0 59.0 238.0 96.0 
62.0 59.0 63.0 64.0 
60.0 59.0 56.0 62.0 
59.0 60.0 54.0 59.0 
104.0 60.0 247.0 97.0 
62.0 58.0 64.0 63.0 
60.0 60.0 56.0 61.0 
59.0 60.0 53.0 60.0 
102.0 60.0 287.0 102.0 
62.0 58.0 62.0 63.0 
60.0 60.0 55.0 61.0 
60.0 59.0 52.0 60.0 
103.0 60.0 275.0 100.0 
61.0 59.0 63.0 63.0 
60.0 59.0 56.0 61.0 
60.0 60.0 52.0 60.0 
102.0 61.0 270.0 99.0 
61.0 59.0 65.0 64.0 
60.0 59.0 57.0 61.0 
60.0 59.0 53.0 60.0 
102.0 62.0 313.0 109.0 
62.0 58.0 62.0 63.0 
59.0 60.0 55.0 61.0 
59.0 60.0 53.0 60.0 
101.0 63.0 371.0 125.0 
61.0 58.0 60.0 63.0 
60.0 58.0 55.0 60.0 
59.0 60.0 51.0 59.0 
106.0 62.0 372.0 134.0 
60.0 58.0 59.0 61.0 
61.0 59.0 54.0 60.0 
59.0 60.0 52.0 59.0 
107.0 63.0 394.0 142.0 
61.0 58.0 59.0 61.0 
60.0 59.0 53.0 60.0 
59.0 60.0 50.0 58.0 
107.0 62.0 408.0 151.0 
62.0 59.0 58.0 60.0 
59.0 58.0 53.0 60.0 
61.0 59.0 50.0 57.0 
106.0 62.0 360.0 143.0 
63.0 59.0 61.0 61.0 
60.0 59.0 54.0 62.0 
59.0 60.0 51.0 58.0 
106.0 61.0 337.0 141.0 
60.0 59.0 61.0 62.0 
60.0 58.0 54.0 60.0 
59.0 59.0 52.0 58.0 
111.0 61.0 367.0 167.0 
60.0 59.0 62.0 61.0 
60.0 59.0 57.0 59.0 
59.0 60.0 51.0 57.0 
114.0 63.0 420.0 213.0 
61.0 58.0 61.0 60.0 
60.0 59.0 53.0 58.0 
58.0 59.0 50.0 56.0 
124.0 63.0 387.0 229.0 
61.0 59.0 60.0 60.0 
60.0 60.0 55.0 59.0 
59.0 59.0 51.0 55.0 
124.0 63.0 367.0 233.0 
59.0 58.0 58.0 58.0 
60.0 59.0 56.0 59.0 
59.0 60.0 52.0 54.0 
128.0 63.0 351.0 280.0 
60.0 59.0 60.0 58.0 
60.0 59.0 56.0 56.0 
58.0 60.0 52.0 53.0 
129.0 62.0 318.0 312.0 
60.0 58.0 60.0 57.0 
58.0 59.0 57.0 57.0 
59.0 60.0 54.0 53.0 
134.0 63.0 298.0 365.0 
60.0 58.0 59.0 55.0 
59.0 59.0 57.0 55.0 
58.0 60.0 54.0 52.0 
133.0 60.0 252.0 349.0 
60.0 58.0 63.0 57.0 
59.0 58.0 58.0 55.0 
60.0 60.0 56.0 53.0 
128.0 61.0 225.0 337.0 
61.0 59.0 63.0 57.0 
58.0 61.0 58.0 55.0 
59.0 60.0 57.0 54.0 
126.0 60.0 211.0 308.0 
60.0 59.0 63.0 58.0 
59.0 59.0 58.0 56.0 
59.0 60.0 57.0 53.0 
126.0 59.0 192.0 305.0 
60.0 57.0 63.0 57.0 
58.0 60.0 58.0 55.0 
60.0 59.0 58.0 54.0 
132.0 61.0 199.0 351.0 
60.0 58.0 63.0 58.0 
59.0 58.0 57.0 53.0 
60.0 59.0 58.0 53.0 
137.0 63.0 200.0 403.0 
61.0 58.0 66.0 56.0 
58.0 60.0 56.0 52.0 
60.0 59.0 59.0 52.0 
147.0 64.0 205.0 444.0 
61.0 59.0 67.0 56.0 
59.0 59.0 58.0 52.0 
59.0 59.0 58.0 51.0 
139.0 63.0 201.0 423.0 
60.0 59.0 65.0 58.0 
58.0 58.0 58.0 54.0 
59.0 59.0 58.0 51.0 
132.0 62.0 187.0 377.0 
61.0 59.0 65.0 59.0 
60.0 59.0 60.0 55.0 
59.0 60.0 58.0 53.0 
146.0 63.0 194.0 424.0 
61.0 59.0 66.0 58.0 
58.0 60.0 59.0 54.0 
56.0 60.0 56.0 50.0 
159.0 64.0 194.0 429.0 
60.0 59.0 65.0 57.0 
59.0 59.0 60.0 55.0 
57.0 60.0 57.0 51.0 
153.0 61.0 177.0 358.0 
60.0 58.0 65.0 58.0 
59.0 59.0 60.0 55.0 
56.0 60.0 56.0 50.0 
159.0 62.0 177.0 351.0 
60.0 58.0 64.0 58.0 
59.0 59.0 60.0 55.0 
56.0 60.0 57.0 52.0 
157.0 61.0 168.0 323.0 
61.0 58.0 68.0 60.0 
59.0 60.0 63.0 58.0 
56.0 60.0 57.0 52.0 
172.0 61.0 164.0 321.0 
60.0 59.0 68.0 61.0 
59.0 59.0 63.0 58.0 
55.0 59.0 57.0 51.0 
189.0 60.0 138.0 326.0 
60.0 59.0 70.0 60.0 
59.0 59.0 62.0 57.0 
56.0 60.0 57.0 51.0 
194.0 62.0 138.0 327.0 
59.0 59.0 70.0 61.0 
58.0 59.0 63.0 58.0 
54.0 60.0 58.0 51.0 
198.0 60.0 135.0 306.0 
60.0 59.0 68.0 62.0 
58.0 59.0 63.0 57.0 
55.0 59.0 58.0 53.0 
198.0 61.0 131.0 298.0 
60.0 59.0 69.0 62.0 
58.0 59.0 62.0 58.0 
54.0 60.0 57.0 53.0 
200.0 60.0 125.0 275.0 
61.0 59.0 71.0 63.0 
58.0 59.0 62.0 59.0 
55.0 60.0 58.0 53.0 
199.0 60.0 122.0 258.0 
60.0 59.0 72.0 63.0 
58.0 59.0 63.0 59.0 
54.0 60.0 58.0 54.0 
216.0 60.0 119.0 245.0 
61.0 60.0 72.0 64.0 
59.0 59.0 63.0 60.0 
54.0 60.0 57.0 53.0 
229.0 60.0 120.0 242.0 
60.0 58.0 75.0 65.0 
58.0 58.0 65.0 60.0 
53.0 60.0 58.0 53.0 
210.0 462.0 119.0 204.0 
62.0 58.0 73.0 66.0 
60.0 59.0 64.0 61.0 
52.0 61.0 58.0 53.0 
212.0 502.0 122.0 200.0 
61.0 58.0 74.0 67.0 
59.0 53.0 64.0 63.0 
55.0 48.0 58.0 56.0 
251.0 514.0 121.0 217.0 
62.0 59.0 79.0 68.0 
58.0 61.0 63.0 61.0 
52.0 59.0 58.0 54.0 
272.0 566.0 121.0 209.0 
63.0 61.0 80.0 68.0 
58.0 52.0 62.0 61.0 
55.0 47.0 58.0 56.0 
282.0 559.0 117.0 205.0 
63.0 60.0 81.0 69.0 
57.0 59.0 65.0 63.0 
51.0 60.0 58.0 54.0 
312.0 573.0 120.0 201.0 
62.0 62.0 78.0 68.0 
60.0 55.0 66.0 63.0 
52.0 47.0 58.0 56.0 
295.0 561.0 114.0 195.0 
62.0 62.0 80.0 68.0 
62.0 57.0 67.0 66.0 
54.0 46.0 58.0 57.0 
270.0 486.0 115.0 177.0 
62.0 62.0 81.0 70.0 
62.0 60.0 68.0 66.0 
54.0 48.0 58.0 57.0 
278.0 448.0 111.0 167.0 
63.0 64.0 81.0 70.0 
61.0 60.0 67.0 65.0 
53.0 48.0 58.0 57.0 
299.0 425.0 107.0 158.0 
64.0 64.0 81.0 70.0 
62.0 59.0 67.0 66.0 
52.0 50.0 57.0 56.0 
366.0 440.0 111.0 165.0 
63.0 65.0 83.0 71.0 
61.0 61.0 68.0 68.0 
52.0 50.0 58.0 57.0 
407.0 444.0 115.0 163.0 
64.0 65.0 82.0 71.0 
60.0 62.0 68.0 68.0 
50.0 50.0 58.0 57.0 
396.0 410.0 112.0 154.0 
66.0 66.0 81.0 70.0 
61.0 62.0 67.0 66.0 
54.0 55.0 60.0 60.0 
427.0 392.0 115.0 152.0 
67.0 67.0 80.0 71.0 
59.0 61.0 66.0 68.0 
52.0 56.0 59.0 61.0 
385.0 297.0 115.0 123.0 
73.0 73.0 83.0 74.0 
51.0 53.0 58.0 58.0 
57.0 59.0 63.0 64.0 
403.0 294.0 117.0 122.0 
74.0 72.0 84.0 74.0 
50.0 52.0 58.0 58.0 
56.0 60.0 63.0 65.0 
409.0 274.0 117.0 116.0 
76.0 72.0 84.0 75.0 
50.0 54.0 57.0 58.0 
55.0 60.0 63.0 65.0 
348.0 259.0 120.0 111.0 
76.0 75.0 82.0 76.0 
52.0 54.0 58.0 59.0 
58.0 61.0 62.0 65.0 
418.0 264.0 127.0 114.0 
80.0 75.0 83.0 74.0 
50.0 54.0 56.0 58.0 
56.0 61.0 63.0 65.0 
411.0 258.0 129.0 113.0 
81.0 75.0 85.0 75.0 
50.0 54.0 56.0 59.0 
57.0 60.0 63.0 64.0 
390.0 224.0 127.0 108.0 
80.0 74.0 84.0 75.0 
50.0 54.0 57.0 59.0 
56.0 61.0 64.0 65.0 
374.0 194.0 128.0 102.0 
80.0 73.0 93.0 76.0 
51.0 55.0 57.0 58.0 
57.0 63.0 68.0 66.0 
354.0 197.0 132.0 99.0 
78.0 74.0 95.0 75.0 
50.0 56.0 55.0 59.0 
57.0 62.0 69.0 67.0 
336.0 188.0 133.0 97.0 
77.0 73.0 103.0 75.0 
51.0 55.0 56.0 59.0 
59.0 63.0 77.0 67.0 
303.0 169.0 136.0 93.0 
76.0 72.0 106.0 76.0 
53.0 57.0 55.0 58.0 
60.0 64.0 78.0 68.0 
321.0 117.0 136.0 84.0 
77.0 70.0 121.0 77.0 
52.0 58.0 54.0 59.0 
58.0 64.0 88.0 68.0 
303.0 113.0 141.0 84.0 
75.0 71.0 136.0 78.0 
49.0 57.0 54.0 60.0 
58.0 65.0 93.0 68.0 
288.0 111.0 143.0 83.0 
73.0 69.0 153.0 79.0 
59.0 63.0 114.0 70.0 
58.0 63.0 100.0 68.0 
267.0 105.0 131.0 80.0 
71.0 66.0 177.0 79.0 
64.0 65.0 196.0 78.0 
57.0 62.0 110.0 67.0 
257.0 101.0 126.0 79.0 
70.0 67.0 191.0 80.0 
67.0 71.0 291.0 90.0 
56.0 61.0 110.0 67.0 
219.0 94.0 121.0 77.0 
69.0 67.0 203.0 82.0 
69.0 74.0 365.0 100.0 
58.0 63.0 111.0 67.0 
213.0 93.0 121.0 78.0 
70.0 67.0 211.0 83.0 
74.0 77.0 420.0 109.0 
57.0 62.0 109.0 67.0 
218.0 93.0 125.0 78.0 
68.0 68.0 219.0 84.0 
77.0 80.0 467.0 117.0 
58.0 62.0 113.0 67.0 
204.0 90.0 118.0 76.0 
68.0 67.0 216.0 84.0 
80.0 82.0 506.0 125.0 
58.0 62.0 116.0 68.0 
200.0 82.0 114.0 78.0 
71.0 58.0 218.0 87.0 
84.0 66.0 501.0 131.0 
58.0 60.0 118.0 69.0 
206.0 60.0 113.0 87.0 
70.0 59.0 209.0 87.0 
83.0 66.0 498.0 138.0 
59.0 59.0 118.0 70.0 
213.0 60.0 117.0 86.0 
70.0 59.0 207.0 87.0 
85.0 66.0 512.0 140.0 
58.0 60.0 119.0 70.0 
213.0 59.0 106.0 85.0 
68.0 59.0 202.0 88.0 
87.0 65.0 538.0 150.0 
60.0 60.0 127.0 73.0 
224.0 60.0 103.0 85.0 
67.0 58.0 186.0 85.0 
85.0 65.0 507.0 145.0 
60.0 61.0 128.0 73.0 
179.0 60.0 109.0 84.0 
66.0 59.0 177.0 85.0 
83.0 67.0 555.0 167.0 
63.0 60.0 125.0 74.0 
134.0 59.0 129.0 98.0 
67.0 60.0 179.0 94.0 
85.0 64.0 466.0 169.0 
64.0 60.0 119.0 78.0 
120.0 59.0 124.0 97.0 
68.0 59.0 187.0 102.0 
83.0 65.0 463.0 183.0 
63.0 60.0 116.0 79.0 
118.0 60.0 128.0 100.0 
67.0 59.0 180.0 107.0 
84.0 64.0 452.0 206.0 
62.0 60.0 115.0 83.0 
155.0 60.0 132.0 110.0 
68.0 59.0 170.0 111.0 
100.0 68.0 533.0 348.0 
60.0 60.0 109.0 86.0 
165.0 59.0 125.0 109.0 
68.0 58.0 168.0 122.0 
93.0 66.0 488.0 293.0 
63.0 60.0 105.0 91.0 
106.0 60.0 128.0 114.0 
68.0 59.0 171.0 133.0 
91.0 64.0 439.0 291.0 
63.0 60.0 101.0 91.0 
104.0 60.0 129.0 123.0 
70.0 57.0 173.0 142.0 
90.0 64.0 416.0 300.0 
62.0 59.0 97.0 90.0 
111.0 59.0 130.0 125.0 
69.0 58.0 167.0 143.0 
87.0 62.0 396.0 289.0 
63.0 59.0 92.0 90.0 
119.0 59.0 137.0 134.0 
69.0 59.0 154.0 138.0 
87.0 63.0 383.0 295.0 
62.0 59.0 93.0 89.0 
145.0 60.0 135.0 139.0 
69.0 58.0 138.0 127.0 
90.0 64.0 398.0 316.0 
61.0 60.0 90.0 90.0 
136.0 58.0 131.0 137.0 
68.0 58.0 127.0 121.0 
96.0 65.0 401.0 353.0 
61.0 61.0 90.0 89.0 
158.0 60.0 143.0 166.0 
67.0 59.0 118.0 123.0 
92.0 64.0 362.0 370.0 
60.0 59.0 88.0 86.0 
151.0 59.0 140.0 169.0 
67.0 58.0 117.0 116.0 
98.0 63.0 335.0 378.0 
61.0 59.0 84.0 85.0 
146.0 59.0 145.0 170.0 
67.0 59.0 113.0 113.0 
107.0 64.0 344.0 458.0 
61.0 59.0 83.0 84.0 
143.0 59.0 146.0 173.0 
66.0 59.0 110.0 109.0 
105.0 65.0 354.0 614.0 
62.0 60.0 81.0 83.0 
129.0 60.0 142.0 163.0 
68.0 59.0 109.0 111.0 
116.0 67.0 309.0 528.0 
61.0 61.0 82.0 85.0 
136.0 59.0 137.0 152.0 
66.0 57.0 105.0 105.0 
126.0 67.0 311.0 542.0 
61.0 59.0 81.0 82.0 
125.0 60.0 137.0 155.0 
66.0 59.0 98.0 97.0 
122.0 66.0 278.0 504.0 
60.0 60.0 80.0 78.0 
117.0 60.0 135.0 150.0 
68.0 59.0 98.0 105.0 
121.0 67.0 273.0 523.0 
61.0 60.0 78.0 78.0 
128.0 59.0 139.0 170.0 
68.0 58.0 98.0 120.0 
121.0 65.0 257.0 504.0 
60.0 60.0 74.0 68.0 
134.0 59.0 142.0 174.0 
71.0 58.0 95.0 115.0 
129.0 68.0 269.0 577.0 
57.0 59.0 65.0 57.0 
139.0 60.0 137.0 164.0 
73.0 59.0 98.0 132.0 
132.0 67.0 248.0 552.0 
58.0 60.0 66.0 57.0 
129.0 59.0 126.0 150.0 
77.0 59.0 102.0 146.0 
130.0 65.0 237.0 524.0 
57.0 60.0 64.0 57.0 
127.0 60.0 126.0 156.0 
79.0 58.0 101.0 155.0 
132.0 66.0 228.0 520.0 
57.0 60.0 63.0 56.0 
129.0 61.0 138.0 171.0 
85.0 59.0 100.0 174.0 
127.0 62.0 202.0 475.0 
56.0 60.0 62.0 55.0 
152.0 59.0 141.0 230.0 
83.0 59.0 97.0 165.0 
121.0 63.0 184.0 446.0 
57.0 60.0 60.0 52.0 
158.0 60.0 148.0 240.0 
86.0 59.0 98.0 171.0 
109.0 62.0 157.0 401.0 
56.0 60.0 62.0 53.0 
221.0 60.0 133.0 241.0 
88.0 59.0 94.0 169.0 
107.0 61.0 144.0 368.0 
56.0 60.0 62.0 54.0 
188.0 59.0 123.0 240.0 
88.0 58.0 91.0 153.0 
125.0 61.0 155.0 430.0 
56.0 61.0 62.0 53.0 
197.0 60.0 120.0 226.0 
90.0 58.0 86.0 149.0 
128.0 61.0 131.0 378.0 
59.0 59.0 62.0 58.0 
219.0 60.0 121.0 232.0 
93.0 59.0 84.0 153.0 
114.0 61.0 118.0 337.0 
59.0 60.0 62.0 60.0 
231.0 60.0 122.0 237.0 
90.0 59.0 81.0 134.0 
125.0 60.0 113.0 308.0 
59.0 60.0 62.0 59.0 
224.0 60.0 122.0 233.0 
87.0 59.0 76.0 115.0 
150.0 61.0 120.0 326.0 
59.0 60.0 63.0 60.0 
226.0 59.0 123.0 225.0 
87.0 60.0 76.0 112.0 
167.0 60.0 122.0 323.0 
58.0 60.0 61.0 59.0 
237.0 61.0 121.0 224.0 
94.0 58.0 76.0 112.0 
181.0 60.0 117.0 310.0 
57.0 59.0 62.0 59.0 
242.0 61.0 117.0 218.0 
96.0 59.0 73.0 110.0 
173.0 59.0 104.0 269.0 
57.0 60.0 61.0 58.0 
238.0 59.0 116.0 206.0 
101.0 59.0 74.0 107.0 
187.0 59.0 104.0 257.0 
57.0 59.0 61.0 59.0 
267.0 61.0 115.0 200.0 
103.0 59.0 73.0 102.0 
211.0 59.0 100.0 247.0 
57.0 60.0 62.0 58.0 
288.0 60.0 115.0 195.0 
100.0 59.0 71.0 95.0 
212.0 60.0 102.0 242.0 
54.0 60.0 61.0 57.0 
318.0 61.0 114.0 194.0 
97.0 58.0 69.0 90.0 
239.0 60.0 99.0 232.0 
51.0 60.0 60.0 56.0 
325.0 62.0 113.0 187.0 
97.0 58.0 68.0 85.0 
315.0 61.0 102.0 235.0 
48.0 60.0 60.0 55.0 
345.0 61.0 112.0 183.0 
96.0 59.0 69.0 81.0 
352.0 62.0 100.0 222.0 
48.0 59.0 60.0 55.0 
363.0 62.0 114.0 182.0 
105.0 59.0 69.0 83.0 
347.0 62.0 98.0 211.0 
45.0 60.0 59.0 55.0 
363.0 62.0 113.0 179.0 
102.0 59.0 68.0 80.0 
371.0 62.0 98.0 206.0 
46.0 60.0 60.0 56.0 
355.0 62.0 111.0 163.0 
97.0 59.0 67.0 78.0 
364.0 62.0 95.0 197.0 
46.0 60.0 57.0 54.0 
353.0 62.0 109.0 157.0 
94.0 59.0 66.0 72.0 
359.0 62.0 92.0 184.0 
45.0 59.0 58.0 53.0 
317.0 61.0 109.0 153.0 
96.0 58.0 67.0 73.0 
571.0 66.0 101.0 199.0 
43.0 60.0 58.0 54.0 
337.0 62.0 108.0 153.0 
84.0 59.0 66.0 71.0 
581.0 66.0 100.0 196.0 
42.0 60.0 58.0 55.0 
325.0 63.0 109.0 152.0 
99.0 58.0 66.0 72.0 
618.0 64.0 100.0 192.0 
40.0 60.0 58.0 55.0 
325.0 61.0 112.0 151.0 
106.0 59.0 64.0 71.0 
592.0 65.0 99.0 177.0 
40.0 60.0 58.0 55.0 
309.0 61.0 108.0 145.0 
117.0 58.0 66.0 72.0 
638.0 64.0 98.0 169.0 
41.0 60.0 58.0 55.0 
305.0 63.0 109.0 140.0 
128.0 59.0 66.0 73.0 
606.0 64.0 96.0 161.0 
39.0 61.0 58.0 55.0 
317.0 62.0 109.0 140.0 
125.0 59.0 65.0 71.0 
629.0 64.0 97.0 160.0 
39.0 58.0 58.0 56.0 
309.0 61.0 109.0 141.0 
118.0 58.0 64.0 68.0 
569.0 66.0 93.0 148.0 
39.0 59.0 59.0 55.0 
318.0 61.0 112.0 140.0 
108.0 59.0 65.0 67.0 
518.0 66.0 91.0 140.0 
43.0 60.0 59.0 55.0 
332.0 62.0 110.0 142.0 
81.0 58.0 62.0 62.0 
527.0 67.0 92.0 138.0 
43.0 60.0 59.0 59.0 
339.0 62.0 111.0 142.0 
87.0 59.0 62.0 62.0 
491.0 66.0 93.0 139.0 
41.0 60.0 59.0 57.0 
323.0 62.0 112.0 139.0 
92.0 59.0 62.0 65.0 
538.0 67.0 92.0 136.0 
42.0 61.0 60.0 56.0 
304.0 62.0 113.0 133.0 
82.0 59.0 63.0 63.0 
550.0 67.0 90.0 133.0 
42.0 60.0 58.0 56.0 
294.0 61.0 119.0 134.0 
60.0 58.0 61.0 61.0 
529.0 67.0 90.0 127.0 
45.0 59.0 58.0 57.0 
299.0 61.0 120.0 133.0 
59.0 58.0 59.0 59.0 
522.0 66.0 89.0 124.0 
41.0 60.0 58.0 56.0 
291.0 60.0 119.0 133.0 
58.0 58.0 60.0 59.0 
523.0 66.0 89.0 123.0 
41.0 60.0 59.0 56.0 
282.0 61.0 109.0 129.0 
44.0 59.0 59.0 57.0 
525.0 66.0 88.0 121.0 
41.0 59.0 58.0 57.0 
266.0 61.0 108.0 128.0 
45.0 58.0 60.0 57.0 
527.0 66.0 89.0 117.0 
43.0 59.0 59.0 57.0 
261.0 60.0 116.0 129.0 
45.0 60.0 60.0 57.0 
463.0 65.0 85.0 110.0 
43.0 60.0 58.0 57.0 
262.0 60.0 110.0 128.0 
46.0 59.0 61.0 59.0 
415.0 63.0 82.0 103.0 
43.0 59.0 59.0 57.0 
262.0 60.0 115.0 128.0 
47.0 58.0 61.0 58.0 
405.0 64.0 82.0 102.0 
44.0 60.0 58.0 57.0 
252.0 61.0 113.0 122.0 
47.0 59.0 61.0 58.0 
381.0 62.0 81.0 101.0 
45.0 59.0 59.0 57.0 
252.0 61.0 112.0 123.0 
49.0 58.0 61.0 59.0 
313.0 61.0 78.0 95.0 
47.0 60.0 59.0 57.0 
246.0 60.0 105.0 121.0 
50.0 59.0 61.0 58.0 
271.0 60.0 75.0 89.0 
48.0 59.0 58.0 58.0 
242.0 60.0 104.0 120.0 
49.0 58.0 61.0 59.0 
216.0 59.0 73.0 85.0 
50.0 60.0 59.0 57.0 
234.0 60.0 101.0 119.0 
52.0 59.0 62.0 59.0 
198.0 59.0 73.0 84.0 
49.0 60.0 58.0 58.0 
225.0 61.0 96.0 99.0 
53.0 58.0 62.0 60.0 
176.0 60.0 69.0 80.0 
51.0 60.0 59.0 59.0 
225.0 61.0 92.0 90.0 
53.0 59.0 63.0 60.0 
153.0 60.0 69.0 78.0 
52.0 60.0 59.0 58.0 
229.0 60.0 92.0 86.0 
53.0 59.0 62.0 60.0 
127.0 59.0 70.0 76.0 
51.0 60.0 60.0 60.0 
236.0 61.0 91.0 85.0 
53.0 59.0 63.0 60.0 
104.0 59.0 69.0 74.0 
53.0 59.0 61.0 60.0 
234.0 60.0 91.0 86.0 
54.0 59.0 63.0 61.0 
93.0 59.0 67.0 73.0 
53.0 60.0 61.0 60.0 
207.0 60.0 93.0 86.0 
55.0 58.0 64.0 60.0 
91.0 60.0 67.0 71.0 
55.0 60.0 61.0 61.0 
212.0 61.0 93.0 84.0 
55.0 58.0 63.0 61.0 
84.0 59.0 67.0 70.0 
54.0 61.0 61.0 61.0 
239.0 60.0 99.0 87.0 
55.0 59.0 62.0 61.0 
75.0 59.0 67.0 70.0 
53.0 59.0 61.0 61.0 
202.0 60.0 96.0 85.0 
56.0 57.0 62.0 59.0 
79.0 60.0 66.0 71.0 
56.0 59.0 62.0 62.0 
206.0 60.0 120.0 92.0 
56.0 59.0 62.0 61.0 
75.0 59.0 65.0 68.0 
57.0 60.0 62.0 62.0 
185.0 60.0 124.0 94.0 
59.0 59.0 63.0 61.0 
59.0 61.0 61.0 61.0 
60.0 61.0 62.0 62.0 
169.0 60.0 120.0 92.0 
59.0 58.0 63.0 61.0 
66.0 59.0 63.0 65.0 
60.0 60.0 60.0 61.0 
171.0 60.0 136.0 105.0 
58.0 59.0 61.0 59.0 
61.0 59.0 60.0 62.0 
60.0 60.0 60.0 61.0 
164.0 59.0 137.0 111.0 
60.0 58.0 64.0 63.0 
61.0 60.0 62.0 62.0 
61.0 60.0 59.0 60.0 
156.0 60.0 135.0 114.0 
60.0 59.0 63.0 61.0 
59.0 60.0 63.0 61.0 
58.0 60.0 59.0 61.0 
143.0 60.0 125.0 109.0 
60.0 58.0 64.0 62.0 
59.0 59.0 62.0 62.0 
60.0 60.0 61.0 62.0 
115.0 59.0 132.0 115.0 
60.0 59.0 65.0 63.0 
60.0 59.0 60.0 63.0 
60.0 60.0 60.0 62.0 
122.0 60.0 99.0 112.0 
61.0 58.0 65.0 63.0 
60.0 60.0 61.0 62.0 
61.0 60.0 60.0 61.0 
114.0 60.0 131.0 115.0 
61.0 58.0 66.0 63.0 
60.0 59.0 62.0 62.0 
60.0 59.0 60.0 61.0 
107.0 60.0 100.0 99.0 
62.0 59.0 64.0 62.0 
60.0 59.0 61.0 62.0 
60.0 60.0 60.0 62.0 
134.0 60.0 100.0 105.0 
61.0 58.0 65.0 63.0 
61.0 59.0 63.0 63.0 
61.0 60.0 61.0 61.0 
141.0 61.0 102.0 110.0 
59.0 58.0 61.0 61.0 
61.0 59.0 62.0 62.0 
60.0 60.0 60.0 60.0 
92.0 58.0 99.0 99.0 
60.0 59.0 64.0 62.0 
60.0 60.0 62.0 63.0 
60.0 61.0 60.0 61.0 
104.0 60.0 102.0 108.0 
59.0 59.0 61.0 60.0 
61.0 60.0 61.0 62.0 
60.0 60.0 60.0 60.0 
107.0 60.0 101.0 111.0 
59.0 58.0 60.0 59.0 
60.0 59.0 62.0 63.0 
60.0 60.0 60.0 61.0 
126.0 60.0 108.0 148.0 
59.0 59.0 59.0 60.0 
60.0 58.0 62.0 61.0 
59.0 60.0 60.0 60.0 
136.0 60.0 105.0 148.0 
58.0 58.0 61.0 59.0 
59.0 59.0 62.0 63.0 
58.0 60.0 59.0 58.0 
181.0 60.0 97.0 146.0 
56.0 59.0 61.0 59.0 
59.0 59.0 65.0 62.0 
57.0 59.0 60.0 59.0 
175.0 59.0 97.0 156.0 
57.0 59.0 61.0 58.0 
59.0 60.0 64.0 60.0 
58.0 60.0 60.0 58.0 
183.0 61.0 96.0 152.0 
58.0 58.0 61.0 58.0 
59.0 59.0 64.0 61.0 
57.0 60.0 60.0 58.0 
180.0 60.0 97.0 155.0 
58.0 59.0 62.0 60.0 
58.0 59.0 65.0 61.0 
57.0 60.0 59.0 58.0 
195.0 59.0 103.0 192.0 
57.0 58.0 61.0 57.0 
58.0 60.0 62.0 60.0 
56.0 60.0 60.0 56.0 
197.0 59.0 104.0 191.0 
57.0 58.0 60.0 57.0 
58.0 59.0 63.0 60.0 
56.0 60.0 59.0 56.0 
229.0 60.0 103.0 182.0 
55.0 59.0 61.0 57.0 
57.0 59.0 64.0 60.0 
55.0 60.0 59.0 57.0 
226.0 60.0 105.0 190.0 
56.0 58.0 60.0 57.0 
58.0 59.0 63.0 59.0 
57.0 60.0 60.0 57.0 
219.0 60.0 103.0 191.0 
54.0 59.0 61.0 57.0 
57.0 59.0 63.0 59.0 
56.0 60.0 60.0 56.0 
229.0 61.0 98.0 164.0 
54.0 58.0 62.0 57.0 
57.0 60.0 63.0 61.0 
54.0 60.0 61.0 57.0 
252.0 60.0 98.0 161.0 
55.0 58.0 62.0 58.0 
55.0 59.0 65.0 61.0 
53.0 60.0 61.0 58.0 
221.0 61.0 98.0 168.0 
55.0 60.0 61.0 58.0 
58.0 59.0 64.0 60.0 
57.0 61.0 60.0 57.0 
240.0 61.0 98.0 150.0 
55.0 59.0 61.0 58.0 
59.0 58.0 63.0 61.0 
57.0 60.0 60.0 59.0 
164.0 59.0 96.0 154.0 
57.0 59.0 60.0 59.0 
58.0 59.0 64.0 60.0 
57.0 60.0 60.0 58.0 
168.0 60.0 95.0 159.0 
57.0 58.0 60.0 57.0 
58.0 60.0 63.0 61.0 
56.0 60.0 60.0 57.0 
191.0 59.0 100.0 182.0 
56.0 59.0 61.0 57.0 
58.0 60.0 64.0 60.0 
55.0 60.0 59.0 56.0 
198.0 60.0 99.0 174.0 
55.0 59.0 61.0 58.0 
57.0 59.0 63.0 60.0 
55.0 59.0 61.0 57.0 
209.0 60.0 100.0 173.0 
56.0 58.0 62.0 57.0 
57.0 59.0 62.0 61.0 
56.0 59.0 60.0 58.0 
210.0 60.0 99.0 182.0 
56.0 59.0 61.0 58.0 
56.0 59.0 63.0 59.0 
57.0 59.0 61.0 57.0 
213.0 60.0 99.0 182.0 
56.0 58.0 63.0 57.0 
56.0 59.0 64.0 60.0 
55.0 59.0 61.0 56.0 
238.0 60.0 100.0 183.0 
56.0 59.0 62.0 58.0 
57.0 59.0 63.0 60.0 
53.0 60.0 59.0 57.0 
246.0 59.0 100.0 182.0 
56.0 58.0 63.0 57.0 
57.0 59.0 63.0 60.0 
55.0 60.0 59.0 57.0 
249.0 61.0 98.0 177.0 
55.0 60.0 63.0 58.0 
57.0 59.0 63.0 60.0 
55.0 60.0 60.0 57.0 
229.0 60.0 96.0 160.0 
56.0 58.0 63.0 59.0 
56.0 61.0 64.0 61.0 
55.0 60.0 60.0 58.0 
227.0 61.0 94.0 149.0 
57.0 58.0 63.0 59.0 
57.0 59.0 63.0 61.0 
55.0 60.0 61.0 59.0 
239.0 60.0 93.0 149.0 
56.0 58.0 62.0 59.0 
56.0 60.0 66.0 61.0 
56.0 60.0 61.0 58.0 
230.0 59.0 92.0 143.0 
56.0 58.0 63.0 59.0 
56.0 60.0 63.0 62.0 
56.0 60.0 61.0 59.0 
241.0 60.0 89.0 139.0 
56.0 58.0 62.0 59.0 
57.0 60.0 63.0 61.0 
57.0 60.0 61.0 59.0 
247.0 60.0 90.0 135.0 
55.0 60.0 62.0 59.0 
57.0 59.0 64.0 62.0 
55.0 60.0 61.0 59.0 
261.0 60.0 91.0 135.0 
57.0 59.0 63.0 60.0 
57.0 59.0 64.0 61.0 
54.0 60.0 62.0 59.0 
296.0 62.0 92.0 133.0 
55.0 59.0 63.0 61.0 
54.0 59.0 64.0 62.0 
53.0 59.0 61.0 59.0 
279.0 59.0 90.0 132.0 
55.0 58.0 64.0 60.0 
56.0 60.0 64.0 61.0 
54.0 59.0 61.0 59.0 
311.0 61.0 91.0 133.0 
53.0 59.0 63.0 60.0 
54.0 60.0 65.0 61.0 
52.0 61.0 62.0 59.0 
311.0 61.0 92.0 133.0 
53.0 59.0 63.0 60.0 
54.0 60.0 64.0 61.0 
53.0 60.0 60.0 60.0 
311.0 61.0 92.0 133.0 
53.0 59.0 62.0 60.0 
54.0 59.0 64.0 61.0 
52.0 60.0 62.0 59.0 
298.0 60.0 96.0 134.0 
55.0 59.0 63.0 61.0 
55.0 59.0 62.0 62.0 
53.0 60.0 62.0 59.0 
328.0 62.0 96.0 135.0 
53.0 59.0 63.0 60.0 
54.0 60.0 63.0 61.0 
52.0 60.0 60.0 59.0 
292.0 62.0 95.0 131.0 
54.0 58.0 64.0 61.0 
55.0 59.0 63.0 62.0 
54.0 60.0 62.0 60.0 
263.0 60.0 93.0 128.0 
56.0 59.0 63.0 61.0 
57.0 60.0 63.0 61.0 
55.0 60.0 61.0 59.0 
281.0 61.0 93.0 126.0 
56.0 59.0 63.0 61.0 
57.0 60.0 63.0 62.0 
56.0 59.0 61.0 59.0 
256.0 61.0 93.0 128.0 
54.0 58.0 63.0 59.0 
57.0 59.0 62.0 62.0 
55.0 59.0 62.0 59.0 
286.0 61.0 95.0 124.0 
56.0 58.0 63.0 60.0 
57.0 59.0 64.0 61.0 
55.0 61.0 60.0 60.0 
301.0 61.0 95.0 126.0 
55.0 60.0 63.0 61.0 
55.0 60.0 64.0 61.0 
53.0 60.0 62.0 60.0 
264.0 61.0 94.0 127.0 
56.0 59.0 63.0 61.0 
56.0 59.0 63.0 61.0 
55.0 60.0 60.0 60.0 
270.0 60.0 96.0 127.0 
56.0 59.0 62.0 60.0 
56.0 59.0 63.0 63.0 
54.0 60.0 61.0 59.0 
273.0 60.0 96.0 127.0 
56.0 59.0 62.0 61.0 
55.0 59.0 63.0 62.0 
53.0 60.0 60.0 60.0 
264.0 60.0 94.0 125.0 
55.0 59.0 63.0 60.0 
56.0 60.0 63.0 62.0 
56.0 60.0 61.0 59.0 
272.0 61.0 96.0 130.0 
54.0 58.0 63.0 60.0 
55.0 60.0 63.0 62.0 
53.0 59.0 61.0 59.0 
259.0 60.0 96.0 126.0 
57.0 59.0 64.0 60.0 
55.0 59.0 63.0 61.0 
56.0 59.0 60.0 59.0 
278.0 62.0 96.0 127.0 
55.0 59.0 62.0 60.0 
55.0 60.0 63.0 61.0 
52.0 60.0 61.0 59.0 
247.0 60.0 94.0 122.0 
58.0 59.0 63.0 62.0 
58.0 60.0 63.0 63.0 
57.0 60.0 61.0 59.0 
266.0 61.0 96.0 124.0 
56.0 59.0 64.0 60.0 
56.0 60.0 63.0 61.0 
54.0 60.0 61.0 59.0 
266.0 61.0 94.0 111.0 
57.0 58.0 63.0 61.0 
57.0 59.0 63.0 62.0 
56.0 59.0 61.0 60.0 
225.0 60.0 89.0 95.0 
58.0 58.0 62.0 62.0 
60.0 59.0 63.0 63.0 
59.0 60.0 62.0 61.0 
223.0 60.0 89.0 91.0 
59.0 58.0 64.0 61.0 
58.0 59.0 64.0 64.0 
55.0 60.0 61.0 61.0 
269.0 60.0 90.0 94.0 
55.0 59.0 62.0 62.0 
55.0 59.0 64.0 63.0 
53.0 60.0 61.0 61.0 
259.0 60.0 89.0 93.0 
56.0 58.0 63.0 61.0 
56.0 60.0 63.0 62.0 
53.0 60.0 61.0 61.0 
239.0 60.0 90.0 91.0 
56.0 59.0 63.0 62.0 
57.0 59.0 64.0 63.0 
54.0 60.0 60.0 61.0 
244.0 60.0 88.0 88.0 
56.0 59.0 64.0 61.0 
56.0 60.0 64.0 64.0 
55.0 60.0 62.0 61.0 
244.0 61.0 90.0 89.0 
56.0 59.0 62.0 61.0 
56.0 59.0 64.0 64.0 
55.0 60.0 61.0 61.0 
240.0 60.0 89.0 88.0 
55.0 59.0 63.0 61.0 
57.0 60.0 63.0 64.0 
55.0 59.0 61.0 61.0 
238.0 60.0 89.0 88.0 
56.0 58.0 63.0 62.0 
56.0 59.0 63.0 64.0 
55.0 60.0 61.0 61.0 
234.0 60.0 88.0 87.0 
55.0 59.0 63.0 62.0 
56.0 60.0 63.0 64.0 
55.0 58.0 61.0 60.0 
233.0 60.0 88.0 89.0 
56.0 59.0 64.0 61.0 
56.0 59.0 63.0 63.0 
54.0 61.0 61.0 61.0 
229.0 61.0 88.0 87.0 
56.0 59.0 63.0 62.0 
56.0 59.0 64.0 64.0 
54.0 59.0 61.0 61.0 
232.0 60.0 88.0 87.0 
56.0 58.0 63.0 62.0 
57.0 59.0 63.0 63.0 
54.0 61.0 62.0 62.0 
229.0 60.0 88.0 87.0 
56.0 59.0 64.0 62.0 
57.0 59.0 64.0 63.0 
54.0 60.0 62.0 61.0 
216.0 60.0 88.0 85.0 
56.0 58.0 63.0 62.0 
57.0 59.0 63.0 64.0 
56.0 60.0 62.0 61.0 
204.0 61.0 90.0 86.0 
56.0 59.0 63.0 61.0 
58.0 60.0 64.0 64.0 
56.0 60.0 61.0 62.0 
212.0 59.0 88.0 86.0 
57.0 59.0 63.0 61.0 
58.0 59.0 64.0 64.0 
56.0 60.0 61.0 61.0 
214.0 60.0 88.0 86.0 
57.0 59.0 63.0 62.0 
57.0 59.0 63.0 64.0 
56.0 60.0 61.0 61.0 
208.0 60.0 87.0 84.0 
57.0 59.0 63.0 61.0 
57.0 60.0 63.0 64.0 
55.0 60.0 61.0 61.0 
202.0 60.0 86.0 84.0 
57.0 58.0 63.0 61.0 
56.0 60.0 63.0 64.0 
56.0 61.0 62.0 61.0 
200.0 61.0 86.0 84.0 
57.0 59.0 62.0 62.0 
57.0 59.0 63.0 63.0 
55.0 60.0 61.0 61.0 
196.0 59.0 85.0 81.0 
56.0 59.0 62.0 61.0 
57.0 59.0 63.0 64.0 
56.0 60.0 61.0 61.0 
192.0 60.0 86.0 82.0 
56.0 59.0 63.0 62.0 
58.0 60.0 63.0 63.0 
56.0 60.0 62.0 61.0 
198.0 60.0 85.0 84.0 
57.0 58.0 63.0 61.0 
57.0 59.0 64.0 63.0 
56.0 60.0 60.0 61.0 
196.0 60.0 88.0 84.0 
58.0 59.0 63.0 60.0 
57.0 60.0 63.0 62.0 
56.0 60.0 62.0 61.0 
185.0 59.0 88.0 82.0 
59.0 58.0 64.0 60.0 
57.0 60.0 62.0 63.0 
56.0 60.0 61.0 62.0 
179.0 60.0 87.0 81.0 
58.0 59.0 63.0 62.0 
59.0 60.0 63.0 64.0 
57.0 60.0 61.0 62.0 
159.0 59.0 88.0 81.0 
58.0 59.0 63.0 62.0 
59.0 59.0 63.0 64.0 
58.0 59.0 60.0 61.0 
179.0 60.0 88.0 83.0 
57.0 58.0 62.0 61.0 
59.0 59.0 63.0 63.0 
57.0 61.0 61.0 61.0 
170.0 59.0 89.0 81.0 
57.0 59.0 63.0 61.0 
59.0 59.0 63.0 64.0 
57.0 60.0 60.0 60.0 
175.0 59.0 91.0 82.0 
59.0 59.0 62.0 61.0 
58.0 59.0 64.0 63.0 
57.0 59.0 61.0 61.0 
175.0 60.0 91.0 82.0 
58.0 58.0 63.0 61.0 
58.0 59.0 64.0 63.0 
57.0 60.0 61.0 61.0 
164.0 60.0 90.0 82.0 
58.0 58.0 63.0 62.0 
60.0 59.0 64.0 63.0 
58.0 59.0 61.0 61.0 
153.0 60.0 88.0 80.0 
59.0 58.0 63.0 61.0 
61.0 59.0 63.0 62.0 
60.0 59.0 61.0 60.0 
164.0 60.0 89.0 81.0 
59.0 59.0 62.0 62.0 
61.0 60.0 64.0 63.0 
60.0 60.0 62.0 61.0 
140.0 60.0 90.0 78.0 
59.0 59.0 62.0 61.0 
61.0 59.0 64.0 64.0 
60.0 60.0 61.0 62.0 
135.0 60.0 90.0 78.0 
58.0 58.0 61.0 61.0 
60.0 59.0 64.0 63.0 
59.0 59.0 61.0 60.0 
137.0 59.0 90.0 80.0 
58.0 59.0 61.0 61.0 
59.0 59.0 63.0 63.0 
59.0 60.0 61.0 61.0 
158.0 59.0 90.0 80.0 
58.0 57.0 61.0 61.0 
61.0 59.0 64.0 63.0 
58.0 60.0 61.0 61.0 
156.0 60.0 90.0 81.0 
58.0 58.0 61.0 61.0 
60.0 59.0 63.0 64.0 
60.0 60.0 61.0 62.0 
153.0 60.0 91.0 80.0 
58.0 59.0 61.0 60.0 
59.0 59.0 62.0 63.0 
59.0 60.0 61.0 61.0 
154.0 59.0 88.0 79.0 
58.0 58.0 61.0 61.0 
59.0 59.0 63.0 63.0 
59.0 60.0 62.0 61.0 
157.0 60.0 89.0 80.0 
58.0 59.0 61.0 60.0 
60.0 60.0 63.0 64.0 
58.0 60.0 61.0 61.0 
159.0 60.0 89.0 79.0 
58.0 59.0 61.0 60.0 
60.0 59.0 64.0 64.0 
59.0 61.0 60.0 62.0 
156.0 60.0 90.0 79.0 
57.0 59.0 61.0 61.0 
59.0 59.0 64.0 63.0 
59.0 61.0 61.0 61.0 
156.0 61.0 87.0 79.0 
59.0 59.0 61.0 60.0 
59.0 59.0 64.0 63.0 
59.0 60.0 61.0 60.0 
156.0 60.0 85.0 79.0 
59.0 59.0 62.0 61.0 
59.0 59.0 65.0 64.0 
59.0 58.0 61.0 61.0 
155.0 59.0 87.0 79.0 
58.0 57.0 62.0 61.0 
60.0 58.0 63.0 63.0 
59.0 59.0 61.0 61.0 
155.0 59.0 84.0 78.0 
58.0 59.0 62.0 60.0 
60.0 59.0 64.0 64.0 
59.0 60.0 60.0 61.0 
153.0 60.0 84.0 78.0 
58.0 59.0 61.0 60.0 
60.0 60.0 64.0 63.0 
59.0 60.0 61.0 61.0 
152.0 60.0 84.0 77.0 
58.0 59.0 61.0 60.0 
60.0 60.0 64.0 64.0 
59.0 60.0 62.0 60.0 
151.0 59.0 86.0 79.0 
59.0 58.0 60.0 60.0 
60.0 59.0 64.0 64.0 
59.0 60.0 61.0 61.0 
156.0 59.0 85.0 78.0 
59.0 58.0 62.0 61.0 
60.0 59.0 64.0 63.0 
59.0 60.0 61.0 61.0 
153.0 59.0 85.0 78.0 
59.0 59.0 62.0 61.0 
59.0 59.0 64.0 64.0 
58.0 61.0 61.0 61.0 
151.0 59.0 86.0 78.0 
58.0 59.0 61.0 61.0 
60.0 58.0 65.0 63.0 
58.0 60.0 60.0 60.0 
152.0 59.0 85.0 78.0 
58.0 59.0 61.0 60.0 
60.0 60.0 63.0 63.0 
59.0 59.0 61.0 61.0 
154.0 59.0 86.0 79.0 
57.0 59.0 61.0 61.0 
60.0 59.0 64.0 63.0 
59.0 61.0 59.0 62.0 
153.0 60.0 84.0 78.0 
58.0 59.0 61.0 60.0 
59.0 58.0 63.0 63.0 
59.0 59.0 61.0 61.0 
152.0 59.0 84.0 78.0 
58.0 59.0 61.0 60.0 
60.0 60.0 63.0 64.0 
59.0 60.0 60.0 62.0 
150.0 59.0 85.0 78.0 
58.0 59.0 60.0 61.0 
60.0 59.0 64.0 64.0 
59.0 59.0 61.0 61.0 
150.0 59.0 84.0 78.0 
58.0 59.0 61.0 60.0 
60.0 59.0 64.0 63.0 
59.0 60.0 61.0 61.0 
150.0 60.0 85.0 78.0 
58.0 59.0 61.0 61.0 
60.0 59.0 64.0 64.0 
58.0 59.0 61.0 61.0 
149.0 59.0 85.0 78.0 
58.0 59.0 61.0 60.0 
61.0 59.0 64.0 63.0 
59.0 60.0 60.0 62.0 
150.0 59.0 85.0 77.0 
58.0 59.0 62.0 60.0 
60.0 60.0 64.0 63.0 
60.0 59.0 61.0 61.0 
149.0 59.0 86.0 79.0 
59.0 57.0 62.0 61.0 
60.0 59.0 64.0 64.0 
59.0 60.0 61.0 61.0 
148.0 59.0 87.0 78.0 
59.0 58.0 61.0 61.0 
60.0 60.0 65.0 65.0 
59.0 60.0 61.0 62.0 
149.0 60.0 86.0 79.0 
59.0 58.0 61.0 62.0 
59.0 60.0 64.0 64.0 
59.0 59.0 62.0 61.0 
147.0 59.0 88.0 78.0 
58.0 59.0 61.0 61.0 
60.0 59.0 64.0 64.0 
59.0 60.0 61.0 61.0 
150.0 59.0 87.0 78.0 
59.0 58.0 62.0 60.0 
60.0 59.0 64.0 63.0 
59.0 60.0 60.0 63.0 
148.0 60.0 87.0 79.0 
58.0 59.0 61.0 61.0 
60.0 58.0 64.0 63.0 
58.0 60.0 61.0 61.0 
147.0 60.0 87.0 79.0 
59.0 58.0 61.0 61.0 
61.0 59.0 63.0 63.0 
59.0 60.0 61.0 61.0 
146.0 60.0 87.0 79.0 
59.0 59.0 61.0 61.0 
59.0 59.0 64.0 63.0 
59.0 60.0 61.0 61.0 
145.0 60.0 86.0 78.0 
58.0 60.0 62.0 60.0 
59.0 58.0 64.0 63.0 
59.0 60.0 60.0 61.0 
145.0 59.0 86.0 78.0 
59.0 58.0 62.0 62.0 
60.0 59.0 64.0 63.0 
59.0 59.0 62.0 61.0 
145.0 59.0 87.0 79.0 
59.0 58.0 61.0 61.0 
60.0 58.0 63.0 63.0 
58.0 60.0 60.0 62.0 
144.0 60.0 87.0 77.0 
59.0 59.0 62.0 61.0 
60.0 59.0 63.0 64.0 
61.0 58.0 61.0 61.0 
143.0 60.0 87.0 78.0 
58.0 58.0 61.0 61.0 
60.0 60.0 64.0 63.0 
58.0 60.0 62.0 61.0 
140.0 59.0 87.0 78.0 
58.0 60.0 61.0 61.0 
59.0 58.0 64.0 63.0 
59.0 60.0 61.0 61.0 
149.0 59.0 87.0 78.0 
59.0 58.0 62.0 60.0 
60.0 59.0 65.0 63.0 
58.0 60.0 60.0 61.0 
151.0 60.0 85.0 79.0 
58.0 59.0 61.0 60.0 
60.0 60.0 64.0 63.0 
59.0 59.0 62.0 61.0 
146.0 60.0 86.0 78.0 
58.0 58.0 62.0 61.0 
60.0 58.0 63.0 64.0 
60.0 61.0 61.0 61.0 
146.0 60.0 86.0 79.0 
59.0 59.0 63.0 61.0 
61.0 60.0 63.0 63.0 
59.0 59.0 62.0 60.0 
142.0 61.0 87.0 79.0 
58.0 58.0 61.0 61.0 
60.0 60.0 63.0 63.0 
59.0 59.0 62.0 61.0 
146.0 60.0 87.0 78.0 
59.0 60.0 61.0 61.0 
60.0 59.0 63.0 63.0 
59.0 60.0 62.0 61.0 
149.0 59.0 87.0 78.0 
59.0 59.0 62.0 60.0 
61.0 59.0 63.0 63.0 
59.0 60.0 61.0 61.0 
148.0 59.0 88.0 78.0 
58.0 58.0 61.0 60.0 
60.0 59.0 64.0 64.0 
59.0 60.0 61.0 61.0 
149.0 60.0 86.0 80.0 
58.0 59.0 62.0 61.0 
60.0 59.0 64.0 64.0 
59.0 60.0 61.0 62.0 
150.0 59.0 87.0 79.0 
58.0 59.0 61.0 61.0 
61.0 59.0 64.0 64.0 
59.0 60.0 61.0 62.0 
150.0 60.0 87.0 78.0 
58.0 59.0 62.0 60.0 
59.0 59.0 63.0 63.0 
59.0 61.0 62.0 62.0 
151.0 61.0 86.0 79.0 
59.0 59.0 61.0 60.0 
60.0 59.0 64.0 63.0 
59.0 60.0 62.0 62.0 
152.0 59.0 87.0 78.0 
59.0 58.0 62.0 61.0 
60.0 60.0 63.0 63.0 
59.0 60.0 61.0 61.0 
149.0 59.0 87.0 79.0 
59.0 58.0 62.0 59.0 
61.0 60.0 63.0 63.0 
59.0 59.0 60.0 61.0 
150.0 59.0 87.0 79.0 
59.0 59.0 61.0 61.0 
60.0 59.0 63.0 62.0 
59.0 60.0 60.0 61.0 
149.0 59.0 88.0 78.0 
58.0 59.0 61.0 62.0 
61.0 59.0 64.0 63.0 
59.0 60.0 61.0 60.0 
150.0 60.0 86.0 79.0 
58.0 59.0 61.0 59.0 
59.0 59.0 64.0 63.0 
58.0 62.0 61.0 61.0 
149.0 60.0 84.0 78.0 
58.0 59.0 61.0 61.0 
59.0 59.0 64.0 63.0 
58.0 60.0 61.0 61.0 
148.0 61.0 84.0 78.0 
58.0 59.0 62.0 60.0 
59.0 59.0 65.0 63.0 
58.0 59.0 62.0 61.0 
148.0 59.0 83.0 78.0 
58.0 58.0 62.0 61.0 
61.0 59.0 64.0 64.0 
59.0 60.0 61.0 62.0 
149.0 59.0 84.0 78.0 
58.0 58.0 62.0 61.0 
59.0 60.0 64.0 63.0 
58.0 59.0 62.0 61.0 
147.0 61.0 84.0 79.0 
58.0 59.0 61.0 61.0 
60.0 60.0 63.0 63.0 
58.0 60.0 62.0 61.0 
147.0 60.0 83.0 78.0 
57.0 58.0 60.0 61.0 
59.0 59.0 63.0 63.0 
59.0 60.0 61.0 61.0 
146.0 59.0 83.0 78.0 
58.0 59.0 61.0 61.0 
60.0 60.0 64.0 63.0 
59.0 60.0 61.0 61.0 
144.0 60.0 83.0 77.0 
58.0 60.0 61.0 61.0 
59.0 59.0 63.0 63.0 
58.0 59.0 61.0 61.0 
144.0 59.0 85.0 77.0 
60.0 58.0 62.0 60.0 
61.0 59.0 63.0 64.0 
59.0 60.0 61.0 61.0 
143.0 59.0 83.0 77.0 
58.0 59.0 61.0 61.0 
61.0 59.0 64.0 63.0 
60.0 60.0 60.0 62.0 
141.0 60.0 84.0 78.0 
57.0 58.0 62.0 61.0 
60.0 59.0 64.0 64.0 
58.0 60.0 62.0 61.0 
143.0 60.0 85.0 77.0 
58.0 58.0 61.0 61.0 
59.0 60.0 64.0 64.0 
57.0 60.0 62.0 61.0 
142.0 59.0 85.0 77.0 
59.0 59.0 61.0 61.0 
62.0 59.0 64.0 64.0 
60.0 60.0 62.0 62.0 
139.0 60.0 84.0 77.0 
59.0 59.0 61.0 60.0 
60.0 59.0 64.0 63.0 
60.0 60.0 61.0 61.0 
141.0 61.0 84.0 77.0 
59.0 58.0 61.0 61.0 
59.0 59.0 64.0 63.0 
59.0 59.0 61.0 61.0 
139.0 60.0 85.0 78.0 
58.0 59.0 61.0 61.0 
60.0 60.0 64.0 63.0 
59.0 60.0 62.0 61.0 
137.0 59.0 84.0 77.0 
59.0 58.0 62.0 61.0 
59.0 58.0 64.0 63.0 
58.0 61.0 60.0 62.0 
131.0 59.0 83.0 76.0 
59.0 59.0 61.0 61.0 
60.0 59.0 64.0 63.0 
59.0 60.0 61.0 62.0 
129.0 60.0 84.0 75.0 
59.0 59.0 60.0 61.0 
60.0 59.0 64.0 64.0 
60.0 60.0 61.0 61.0 
128.0 60.0 83.0 76.0 
59.0 58.0 61.0 61.0 
61.0 60.0 63.0 63.0 
59.0 59.0 61.0 62.0 
131.0 60.0 82.0 76.0 
59.0 59.0 61.0 61.0 
60.0 58.0 64.0 63.0 
59.0 59.0 62.0 62.0 
131.0 60.0 83.0 77.0 
59.0 59.0 61.0 61.0 
61.0 59.0 63.0 64.0 
60.0 61.0 61.0 61.0 
129.0 59.0 83.0 76.0 
59.0 59.0 61.0 61.0 
60.0 60.0 63.0 62.0 
60.0 60.0 61.0 61.0 
131.0 60.0 83.0 76.0 
59.0 59.0 61.0 62.0 
61.0 59.0 63.0 63.0 
59.0 61.0 62.0 62.0 
134.0 60.0 84.0 76.0 
59.0 59.0 61.0 61.0 
61.0 60.0 64.0 63.0 
60.0 60.0 61.0 61.0 
130.0 59.0 83.0 75.0 
59.0 59.0 61.0 60.0 
60.0 59.0 63.0 63.0 
60.0 59.0 61.0 61.0 
131.0 59.0 83.0 76.0 
59.0 58.0 61.0 60.0 
60.0 58.0 63.0 63.0 
60.0 61.0 61.0 61.0 
134.0 60.0 83.0 77.0 
58.0 58.0 61.0 61.0 
60.0 59.0 65.0 64.0 
60.0 60.0 61.0 61.0 
142.0 60.0 84.0 76.0 
59.0 59.0 61.0 61.0 
60.0 60.0 64.0 63.0 
60.0 60.0 61.0 63.0 
138.0 59.0 83.0 77.0 
59.0 58.0 62.0 61.0 
60.0 59.0 63.0 64.0 
60.0 60.0 62.0 62.0 
145.0 59.0 83.0 77.0 
59.0 58.0 61.0 62.0 
62.0 59.0 63.0 62.0 
60.0 60.0 60.0 62.0 
139.0 60.0 83.0 77.0 
58.0 59.0 61.0 61.0 
61.0 59.0 63.0 64.0 
60.0 60.0 61.0 62.0 
138.0 59.0 83.0 77.0 
59.0 57.0 61.0 61.0 
61.0 59.0 63.0 62.0 
60.0 60.0 61.0 60.0 
133.0 60.0 84.0 75.0 
59.0 59.0 61.0 61.0 
61.0 60.0 64.0 64.0 
60.0 60.0 61.0 62.0 
124.0 59.0 82.0 77.0 
59.0 59.0 62.0 61.0 
61.0 59.0 63.0 64.0 
60.0 60.0 61.0 63.0 
141.0 61.0 83.0 78.0 
59.0 58.0 62.0 61.0 
61.0 60.0 64.0 63.0 
60.0 59.0 62.0 62.0 
139.0 60.0 83.0 77.0 
59.0 58.0 61.0 60.0 
60.0 60.0 63.0 63.0 
60.0 59.0 61.0 61.0 
141.0 59.0 83.0 77.0 
59.0 58.0 62.0 60.0 
61.0 59.0 64.0 63.0 
61.0 60.0 61.0 61.0 
136.0 60.0 84.0 77.0 
59.0 58.0 61.0 61.0 
61.0 59.0 64.0 64.0 
59.0 60.0 61.0 62.0 
140.0 59.0 84.0 76.0 
59.0 59.0 61.0 61.0 
61.0 59.0 64.0 64.0 
59.0 60.0 61.0 61.0 
140.0 60.0 83.0 75.0 
58.0 59.0 60.0 60.0 
61.0 59.0 64.0 63.0 
60.0 59.0 62.0 61.0 
137.0 59.0 84.0 76.0 
59.0 58.0 62.0 60.0 
61.0 60.0 63.0 64.0 
60.0 59.0 61.0 62.0 
136.0 59.0 83.0 76.0 
59.0 58.0 61.0 61.0 
61.0 59.0 64.0 63.0 
59.0 60.0 61.0 61.0 
135.0 60.0 83.0 77.0 
59.0 58.0 62.0 60.0 
61.0 59.0 64.0 64.0 
60.0 59.0 61.0 62.0 
135.0 60.0 82.0 76.0 
59.0 59.0 62.0 60.0 
60.0 60.0 64.0 64.0 
60.0 60.0 60.0 62.0 
134.0 60.0 83.0 76.0 
60.0 57.0 61.0 61.0 
61.0 59.0 63.0 65.0 
60.0 59.0 62.0 61.0 
133.0 60.0 84.0 76.0 
59.0 59.0 61.0 61.0 
60.0 59.0 64.0 64.0 
59.0 60.0 61.0 62.0 
139.0 60.0 83.0 76.0 
58.0 58.0 61.0 61.0 
59.0 59.0 63.0 64.0 
60.0 60.0 62.0 62.0 
140.0 58.0 84.0 76.0 
59.0 59.0 61.0 61.0 
61.0 59.0 64.0 64.0 
60.0 60.0 61.0 62.0 
141.0 60.0 84.0 76.0 
59.0 58.0 61.0 60.0 
59.0 60.0 64.0 64.0 
58.0 60.0 61.0 62.0 
143.0 59.0 84.0 78.0 
58.0 58.0 61.0 61.0 
60.0 58.0 63.0 63.0 
59.0 60.0 61.0 61.0 
140.0 60.0 83.0 76.0 
58.0 59.0 61.0 61.0 
61.0 59.0 64.0 64.0 
59.0 59.0 61.0 61.0 
136.0 59.0 82.0 76.0 
59.0 58.0 62.0 61.0 
61.0 59.0 64.0 64.0 
59.0 61.0 62.0 61.0 
138.0 59.0 83.0 76.0 
59.0 59.0 62.0 61.0 
60.0 59.0 63.0 64.0 
59.0 60.0 61.0 62.0 
135.0 60.0 80.0 76.0 
59.0 59.0 62.0 63.0 
62.0 59.0 64.0 63.0 
59.0 59.0 61.0 62.0 
137.0 59.0 82.0 76.0 
58.0 59.0 62.0 61.0 
60.0 59.0 63.0 63.0 
58.0 61.0 61.0 61.0 
140.0 60.0 82.0 76.0 
59.0 59.0 61.0 60.0 
59.0 59.0 64.0 64.0 
58.0 60.0 61.0 62.0 
141.0 59.0 83.0 77.0 
58.0 59.0 61.0 61.0 
59.0 60.0 64.0 63.0 
59.0 60.0 60.0 61.0 
138.0 59.0 82.0 75.0 
59.0 59.0 62.0 61.0 
60.0 59.0 62.0 63.0 
58.0 59.0 62.0 61.0 
136.0 59.0 82.0 76.0 
59.0 58.0 62.0 61.0 
61.0 59.0 64.0 64.0 
59.0 61.0 61.0 61.0 
142.0 59.0 81.0 74.0 
58.0 59.0 61.0 61.0 
60.0 59.0 64.0 63.0 
60.0 60.0 61.0 62.0 
138.0 60.0 82.0 76.0 
59.0 59.0 61.0 60.0 
60.0 59.0 63.0 64.0 
59.0 61.0 61.0 61.0 
139.0 59.0 82.0 76.0 
59.0 58.0 61.0 61.0 
60.0 59.0 63.0 64.0 
59.0 60.0 60.0 61.0 
142.0 59.0 81.0 77.0 
58.0 58.0 62.0 60.0 
60.0 59.0 64.0 63.0 
57.0 60.0 60.0 61.0 
140.0 59.0 81.0 76.0 
58.0 58.0 61.0 61.0 
60.0 59.0 65.0 63.0 
59.0 61.0 61.0 61.0 
139.0 60.0 81.0 76.0 
58.0 59.0 62.0 61.0 
60.0 60.0 63.0 64.0 
60.0 60.0 61.0 61.0 
138.0 59.0 81.0 75.0 
58.0 59.0 60.0 61.0 
60.0 58.0 64.0 63.0 
59.0 59.0 61.0 61.0 
136.0 59.0 81.0 75.0 
58.0 59.0 60.0 61.0 
60.0 60.0 63.0 64.0 
59.0 60.0 60.0 62.0 
136.0 59.0 81.0 76.0 
59.0 58.0 61.0 61.0 
60.0 59.0 64.0 64.0 
59.0 60.0 61.0 61.0 
136.0 60.0 80.0 75.0 
59.0 59.0 62.0 61.0 
60.0 59.0 64.0 64.0 
59.0 59.0 62.0 61.0 
136.0 59.0 83.0 74.0 
58.0 59.0 61.0 61.0 
60.0 59.0 63.0 64.0 
59.0 60.0 61.0 61.0 
135.0 61.0 83.0 76.0 
58.0 59.0 61.0 61.0 
61.0 59.0 64.0 64.0 
58.0 60.0 62.0 61.0 
137.0 59.0 83.0 77.0 
59.0 60.0 61.0 61.0 
60.0 59.0 64.0 63.0 
59.0 60.0 61.0 61.0 
139.0 60.0 83.0 76.0 
58.0 59.0 62.0 61.0 
60.0 59.0 64.0 64.0 
59.0 60.0 61.0 61.0 
138.0 58.0 82.0 76.0 
59.0 58.0 62.0 61.0 
60.0 60.0 65.0 63.0 
59.0 59.0 61.0 61.0 
138.0 60.0 82.0 77.0 
58.0 58.0 62.0 61.0 
60.0 60.0 64.0 64.0 
59.0 60.0 61.0 61.0 
140.0 60.0 82.0 75.0 
59.0 59.0 61.0 61.0 
60.0 60.0 64.0 64.0 
59.0 60.0 61.0 61.0 
138.0 59.0 83.0 76.0 
58.0 59.0 62.0 61.0 
60.0 59.0 64.0 64.0 
59.0 59.0 62.0 60.0 
138.0 60.0 82.0 76.0 
59.0 58.0 62.0 60.0 
60.0 59.0 64.0 64.0 
59.0 60.0 61.0 62.0 
139.0 59.0 83.0 76.0 
59.0 58.0 60.0 61.0 
61.0 59.0 64.0 63.0 
59.0 59.0 61.0 61.0 
138.0 60.0 82.0 75.0 
59.0 59.0 62.0 61.0 
60.0 59.0 64.0 64.0 
59.0 59.0 61.0 61.0 
137.0 60.0 82.0 75.0 
58.0 59.0 61.0 61.0 
61.0 58.0 62.0 64.0 
59.0 60.0 62.0 61.0 
136.0 60.0 82.0 76.0 
59.0 58.0 61.0 61.0 
61.0 59.0 64.0 64.0 
60.0 60.0 60.0 61.0 
137.0 60.0 82.0 76.0 
58.0 59.0 61.0 61.0 
61.0 60.0 64.0 64.0 
58.0 60.0 61.0 63.0 
138.0 60.0 80.0 75.0 
59.0 58.0 62.0 60.0 
59.0 59.0 64.0 64.0 
60.0 59.0 61.0 61.0 
136.0 60.0 80.0 75.0 
59.0 58.0 62.0 60.0 
60.0 59.0 64.0 63.0 
59.0 60.0 61.0 60.0 
136.0 60.0 80.0 75.0 
59.0 58.0 62.0 61.0 
61.0 59.0 64.0 64.0 
59.0 60.0 61.0 61.0 
129.0 59.0 80.0 74.0 
59.0 59.0 62.0 60.0 
61.0 60.0 63.0 64.0 
59.0 60.0 60.0 62.0 
131.0 61.0 82.0 75.0 
59.0 59.0 61.0 61.0 
61.0 59.0 64.0 64.0 
59.0 60.0 61.0 61.0 
134.0 60.0 82.0 76.0 
59.0 59.0 61.0 61.0 
61.0 59.0 65.0 63.0 
59.0 60.0 61.0 62.0 
127.0 58.0 82.0 74.0 
59.0 58.0 63.0 61.0 
60.0 60.0 64.0 65.0 
59.0 59.0 61.0 61.0 
126.0 59.0 80.0 75.0 
59.0 58.0 62.0 61.0 
61.0 59.0 64.0 64.0 
59.0 59.0 61.0 61.0 
124.0 60.0 81.0 75.0 
59.0 58.0 60.0 61.0 
60.0 59.0 64.0 64.0 
59.0 59.0 61.0 62.0 
126.0 60.0 80.0 74.0 
59.0 58.0 61.0 61.0 
61.0 60.0 64.0 64.0 
59.0 59.0 62.0 62.0 
125.0 59.0 81.0 74.0 
58.0 58.0 62.0 61.0 
61.0 59.0 65.0 65.0 
61.0 60.0 61.0 61.0 
123.0 60.0 82.0 74.0 
58.0 59.0 61.0 60.0 
60.0 59.0 63.0 65.0 
59.0 61.0 62.0 62.0 
121.0 59.0 83.0 74.0 
58.0 59.0 61.0 61.0 
60.0 60.0 64.0 64.0 
60.0 60.0 61.0 62.0 
123.0 59.0 82.0 74.0 
59.0 58.0 62.0 61.0 
61.0 59.0 64.0 63.0 
60.0 59.0 61.0 61.0 
125.0 60.0 82.0 74.0 
58.0 59.0 61.0 61.0 
59.0 60.0 64.0 66.0 
60.0 59.0 62.0 61.0 
126.0 59.0 82.0 74.0 
59.0 59.0 61.0 60.0 
60.0 59.0 65.0 64.0 
59.0 60.0 61.0 61.0 
127.0 60.0 81.0 74.0 
59.0 58.0 61.0 60.0 
61.0 59.0 64.0 64.0 
59.0 60.0 62.0 62.0 
119.0 61.0 81.0 74.0 
58.0 59.0 62.0 61.0 
61.0 59.0 64.0 64.0 
61.0 59.0 62.0 61.0 
117.0 60.0 79.0 74.0 
59.0 58.0 61.0 61.0 
61.0 59.0 64.0 65.0 
60.0 60.0 61.0 62.0 
128.0 60.0 82.0 75.0 
60.0 58.0 62.0 61.0 
61.0 60.0 64.0 64.0 
60.0 60.0 62.0 61.0 
124.0 60.0 82.0 76.0 
59.0 58.0 62.0 60.0 
60.0 60.0 64.0 64.0 
59.0 60.0 61.0 61.0 
123.0 59.0 82.0 72.0 
59.0 58.0 61.0 61.0 
61.0 60.0 65.0 64.0 
60.0 60.0 61.0 62.0 
122.0 61.0 80.0 74.0 
59.0 58.0 61.0 61.0 
60.0 59.0 64.0 64.0 
60.0 60.0 62.0 62.0 
125.0 61.0 80.0 74.0 
59.0 58.0 61.0 62.0 
60.0 60.0 65.0 64.0 
59.0 60.0 62.0 60.0 
127.0 59.0 80.0 73.0 
57.0 60.0 62.0 61.0 
60.0 60.0 64.0 65.0 
59.0 60.0 61.0 62.0 
125.0 60.0 80.0 75.0 
58.0 59.0 62.0 62.0 
61.0 58.0 65.0 64.0 
60.0 60.0 61.0 62.0 
125.0 60.0 81.0 74.0 
59.0 59.0 62.0 60.0 
61.0 59.0 64.0 65.0 
59.0 60.0 61.0 62.0 
115.0 59.0 81.0 73.0 
59.0 59.0 61.0 61.0 
60.0 59.0 64.0 65.0 
60.0 59.0 61.0 61.0 
118.0 59.0 81.0 73.0 
59.0 59.0 62.0 60.0 
60.0 60.0 65.0 64.0 
60.0 59.0 61.0 62.0 
117.0 59.0 82.0 73.0 
59.0 58.0 61.0 61.0 
61.0 57.0 64.0 64.0 
60.0 60.0 61.0 62.0 
111.0 60.0 82.0 73.0 
59.0 59.0 61.0 61.0 
61.0 59.0 64.0 64.0 
60.0 59.0 62.0 61.0 
113.0 60.0 82.0 75.0 
59.0 59.0 61.0 61.0 
62.0 60.0 63.0 65.0 
59.0 60.0 62.0 62.0 
118.0 60.0 82.0 73.0 
59.0 57.0 61.0 61.0 
60.0 59.0 64.0 65.0 
60.0 60.0 62.0 61.0 
109.0 61.0 83.0 73.0 
59.0 59.0 61.0 61.0 
62.0 60.0 64.0 63.0 
60.0 60.0 62.0 61.0 
107.0 59.0 83.0 73.0 
58.0 58.0 61.0 61.0 
60.0 59.0 64.0 64.0 
59.0 60.0 61.0 62.0 
111.0 59.0 82.0 73.0 
59.0 59.0 62.0 61.0 
61.0 61.0 64.0 64.0 
60.0 60.0 61.0 62.0 
108.0 60.0 82.0 73.0 
59.0 59.0 61.0 61.0 
60.0 59.0 65.0 64.0 
60.0 60.0 61.0 62.0 
111.0 60.0 81.0 73.0 
59.0 58.0 62.0 60.0 
61.0 59.0 64.0 64.0 
61.0 60.0 61.0 61.0 
111.0 59.0 82.0 73.0 
59.0 58.0 61.0 61.0 
61.0 59.0 64.0 64.0 
61.0 60.0 61.0 62.0 
114.0 59.0 82.0 73.0 
60.0 59.0 62.0 61.0 
61.0 59.0 63.0 64.0 
60.0 59.0 62.0 61.0 
111.0 60.0 81.0 74.0 
60.0 59.0 62.0 61.0 
61.0 60.0 65.0 64.0 
60.0 60.0 61.0 62.0 
111.0 59.0 82.0 73.0 
59.0 59.0 61.0 62.0 
61.0 58.0 64.0 64.0 
60.0 59.0 61.0 61.0 
113.0 59.0 82.0 73.0 
58.0 59.0 62.0 61.0 
61.0 59.0 63.0 64.0 
60.0 60.0 62.0 62.0 
114.0 60.0 80.0 73.0 
59.0 59.0 62.0 61.0 
62.0 58.0 65.0 65.0 
60.0 60.0 62.0 62.0 
112.0 60.0 80.0 73.0 
59.0 59.0 62.0 61.0 
61.0 59.0 64.0 64.0 
60.0 59.0 61.0 62.0 
113.0 60.0 81.0 73.0 
59.0 58.0 62.0 59.0 
60.0 59.0 64.0 64.0 
60.0 60.0 61.0 61.0 
116.0 59.0 79.0 73.0 
59.0 58.0 62.0 62.0 
61.0 59.0 66.0 64.0 
59.0 60.0 61.0 62.0 
113.0 60.0 78.0 73.0 
59.0 59.0 63.0 61.0 
62.0 60.0 64.0 64.0 
59.0 60.0 63.0 61.0 
114.0 61.0 78.0 73.0 
59.0 58.0 62.0 61.0 
61.0 58.0 64.0 65.0 
60.0 60.0 62.0 63.0 
118.0 59.0 79.0 73.0 
58.0 58.0 62.0 61.0 
62.0 59.0 65.0 64.0 
60.0 60.0 61.0 61.0 
118.0 60.0 78.0 73.0 
59.0 59.0 61.0 61.0 
62.0 59.0 64.0 64.0 
60.0 60.0 61.0 62.0 
120.0 58.0 79.0 74.0 
59.0 58.0 62.0 61.0 
61.0 59.0 64.0 64.0 
60.0 59.0 62.0 62.0 
118.0 59.0 79.0 74.0 
59.0 59.0 62.0 61.0 
60.0 59.0 65.0 64.0 
61.0 61.0 61.0 60.0 
120.0 59.0 80.0 74.0 
60.0 59.0 63.0 61.0 
62.0 59.0 64.0 64.0 
60.0 60.0 62.0 62.0 
118.0 60.0 78.0 73.0 
59.0 59.0 62.0 61.0 
61.0 59.0 65.0 64.0 
59.0 61.0 62.0 62.0 
116.0 60.0 81.0 72.0 
59.0 59.0 62.0 61.0 
61.0 60.0 65.0 64.0 
60.0 60.0 61.0 62.0 
116.0 60.0 81.0 74.0 
60.0 58.0 62.0 60.0 
61.0 59.0 65.0 64.0 
60.0 60.0 61.0 62.0 
107.0 59.0 80.0 73.0 
59.0 59.0 62.0 60.0 
62.0 58.0 64.0 64.0 
60.0 61.0 61.0 61.0 
112.0 60.0 80.0 74.0 
59.0 60.0 62.0 61.0 
61.0 59.0 64.0 64.0 
60.0 60.0 61.0 63.0 
113.0 59.0 81.0 72.0 
60.0 57.0 62.0 61.0 
62.0 59.0 64.0 64.0 
61.0 60.0 61.0 62.0 
115.0 59.0 82.0 73.0 
59.0 58.0 61.0 61.0 
61.0 60.0 63.0 65.0 
60.0 60.0 61.0 62.0 
108.0 59.0 81.0 74.0 
60.0 58.0 61.0 60.0 
61.0 59.0 65.0 64.0 
59.0 60.0 61.0 62.0 
113.0 59.0 81.0 73.0 
59.0 59.0 61.0 60.0 
62.0 60.0 64.0 63.0 
61.0 59.0 61.0 61.0 
112.0 59.0 82.0 74.0 
60.0 59.0 62.0 61.0 
61.0 59.0 63.0 64.0 
60.0 59.0 62.0 61.0 
113.0 59.0 82.0 74.0 
60.0 58.0 62.0 61.0 
62.0 59.0 64.0 64.0 
60.0 59.0 61.0 62.0 
115.0 60.0 84.0 74.0 
59.0 59.0 61.0 62.0 
61.0 59.0 62.0 64.0 
60.0 60.0 60.0 62.0 
111.0 60.0 84.0 74.0 
60.0 59.0 62.0 60.0 
62.0 60.0 65.0 65.0 
60.0 60.0 61.0 62.0 
109.0 59.0 85.0 74.0 
60.0 58.0 62.0 62.0 
61.0 59.0 64.0 63.0 
60.0 61.0 60.0 62.0 
110.0 60.0 84.0 74.0 
60.0 59.0 61.0 61.0 
62.0 59.0 63.0 65.0 
60.0 60.0 62.0 62.0 
115.0 59.0 84.0 74.0 
60.0 58.0 62.0 61.0 
62.0 60.0 64.0 63.0 
60.0 61.0 61.0 62.0 
115.0 60.0 84.0 74.0 
59.0 59.0 60.0 61.0 
62.0 58.0 64.0 64.0 
60.0 60.0 61.0 62.0 
116.0 58.0 84.0 73.0 
59.0 58.0 61.0 60.0 
61.0 60.0 65.0 64.0 
60.0 60.0 61.0 61.0 
116.0 60.0 84.0 75.0 
59.0 59.0 62.0 61.0 
62.0 59.0 64.0 64.0 
60.0 62.0 62.0 62.0 
112.0 59.0 82.0 73.0 
59.0 59.0 61.0 61.0 
60.0 59.0 63.0 64.0 
60.0 60.0 61.0 62.0 
110.0 59.0 83.0 73.0 
59.0 60.0 61.0 62.0 
60.0 60.0 64.0 64.0 
60.0 59.0 61.0 62.0 
110.0 60.0 84.0 74.0 
59.0 58.0 61.0 61.0 
61.0 59.0 64.0 63.0 
60.0 60.0 62.0 64.0 
129.0 59.0 84.0 76.0 
59.0 59.0 61.0 61.0 
61.0 59.0 62.0 63.0 
60.0 60.0 61.0 62.0 
129.0 60.0 84.0 75.0 
58.0 60.0 62.0 61.0 
61.0 58.0 63.0 63.0 
60.0 60.0 62.0 62.0 
128.0 60.0 83.0 75.0 
59.0 58.0 62.0 61.0 
60.0 58.0 65.0 63.0 
59.0 60.0 61.0 61.0 
125.0 60.0 83.0 75.0 
59.0 59.0 61.0 61.0 
62.0 59.0 64.0 64.0 
61.0 59.0 61.0 61.0 
122.0 59.0 83.0 74.0 
59.0 59.0 62.0 61.0 
61.0 60.0 63.0 64.0 
60.0 60.0 61.0 62.0 
125.0 60.0 83.0 75.0 
59.0 58.0 62.0 60.0 
61.0 60.0 64.0 64.0 
59.0 60.0 61.0 62.0 
124.0 59.0 84.0 74.0 
59.0 59.0 62.0 61.0 
61.0 58.0 65.0 64.0 
60.0 60.0 61.0 62.0 
123.0 59.0 83.0 75.0 
59.0 59.0 61.0 60.0 
59.0 58.0 64.0 65.0 
60.0 60.0 62.0 63.0 
124.0 59.0 81.0 74.0 
59.0 60.0 62.0 61.0 
61.0 59.0 64.0 64.0 
61.0 60.0 60.0 62.0 
124.0 60.0 82.0 74.0 
59.0 59.0 62.0 61.0 
60.0 58.0 64.0 64.0 
60.0 61.0 61.0 61.0 
125.0 60.0 82.0 75.0 
59.0 58.0 62.0 61.0 
60.0 60.0 64.0 64.0 
59.0 60.0 62.0 63.0 
127.0 60.0 82.0 76.0 
59.0 59.0 62.0 61.0 
60.0 59.0 64.0 64.0 
59.0 60.0 62.0 62.0 
127.0 59.0 83.0 75.0 
58.0 59.0 61.0 61.0 
61.0 59.0 64.0 64.0 
59.0 60.0 62.0 62.0 
127.0 59.0 82.0 76.0 
59.0 59.0 61.0 61.0 
60.0 59.0 64.0 64.0 
61.0 62.0 62.0 62.0 
127.0 59.0 81.0 75.0 
59.0 59.0 59.0 61.0 
61.0 59.0 64.0 63.0 
59.0 60.0 61.0 61.0 
129.0 60.0 83.0 75.0 
58.0 58.0 61.0 62.0 
60.0 59.0 62.0 63.0 
60.0 59.0 62.0 61.0 
133.0 60.0 82.0 76.0 
58.0 58.0 61.0 61.0 
60.0 60.0 63.0 63.0 
59.0 60.0 62.0 62.0 
131.0 60.0 83.0 76.0 
59.0 58.0 62.0 60.0 
61.0 60.0 64.0 63.0 
60.0 60.0 62.0 61.0 
131.0 59.0 82.0 75.0 
59.0 58.0 61.0 61.0 
61.0 59.0 63.0 63.0 
59.0 59.0 60.0 62.0 
134.0 60.0 81.0 76.0 
59.0 58.0 61.0 62.0 
60.0 60.0 64.0 63.0 
59.0 60.0 61.0 61.0 
134.0 59.0 82.0 76.0 
59.0 58.0 61.0 61.0 
61.0 60.0 64.0 64.0 
60.0 60.0 61.0 62.0 
133.0 60.0 81.0 76.0 
59.0 58.0 62.0 60.0 
60.0 59.0 64.0 64.0 
60.0 60.0 62.0 62.0 
130.0 59.0 81.0 75.0 
59.0 59.0 61.0 61.0 
60.0 60.0 65.0 63.0 
59.0 60.0 59.0 62.0 
130.0 60.0 82.0 76.0 
58.0 59.0 63.0 61.0 
59.0 59.0 64.0 64.0 
60.0 60.0 62.0 62.0 
132.0 59.0 82.0 76.0 
59.0 58.0 61.0 60.0 
60.0 59.0 65.0 63.0 
59.0 60.0 62.0 62.0 
129.0 60.0 81.0 75.0 
58.0 59.0 62.0 61.0 
60.0 58.0 63.0 63.0 
60.0 60.0 62.0 62.0 
128.0 60.0 80.0 75.0 
59.0 58.0 62.0 61.0 
61.0 59.0 64.0 64.0 
60.0 60.0 63.0 61.0 
128.0 61.0 80.0 75.0 
58.0 58.0 62.0 61.0 
60.0 59.0 64.0 63.0 
60.0 60.0 62.0 62.0 
128.0 60.0 79.0 74.0 
59.0 60.0 62.0 61.0 
60.0 60.0 63.0 64.0 
59.0 60.0 61.0 62.0 
129.0 59.0 81.0 74.0 
59.0 59.0 63.0 61.0 
61.0 58.0 64.0 63.0 
60.0 59.0 62.0 61.0 
129.0 60.0 81.0 75.0 
59.0 58.0 62.0 61.0 
61.0 60.0 64.0 63.0 
61.0 60.0 61.0 62.0 
129.0 59.0 81.0 75.0 
59.0 58.0 62.0 60.0 
61.0 59.0 64.0 64.0 
60.0 60.0 62.0 62.0 
128.0 60.0 81.0 75.0 
59.0 59.0 61.0 61.0 
60.0 60.0 64.0 63.0 
59.0 60.0 61.0 62.0 
130.0 59.0 80.0 75.0 
58.0 58.0 62.0 61.0 
61.0 59.0 64.0 63.0 
60.0 60.0 62.0 62.0 
130.0 60.0 80.0 76.0 
58.0 58.0 62.0 61.0 
61.0 59.0 64.0 63.0 
60.0 60.0 61.0 62.0 
131.0 60.0 81.0 77.0 
58.0 60.0 61.0 61.0 
60.0 60.0 65.0 63.0 
60.0 60.0 62.0 62.0 
131.0 60.0 81.0 78.0 
58.0 58.0 62.0 60.0 
60.0 59.0 64.0 64.0 
60.0 60.0 61.0 62.0 
132.0 60.0 81.0 78.0 
58.0 59.0 62.0 61.0 
61.0 59.0 65.0 64.0 
59.0 61.0 61.0 61.0 
132.0 60.0 83.0 77.0 
58.0 58.0 62.0 60.0 
61.0 58.0 64.0 63.0 
60.0 60.0 61.0 61.0 
131.0 60.0 82.0 77.0 
59.0 58.0 62.0 60.0 
60.0 59.0 64.0 63.0 
59.0 59.0 62.0 61.0 
131.0 59.0 82.0 78.0 
59.0 58.0 62.0 60.0 
61.0 58.0 63.0 63.0 
61.0 60.0 61.0 61.0 
132.0 59.0 81.0 77.0 
59.0 58.0 63.0 60.0 
61.0 59.0 64.0 63.0 
60.0 60.0 60.0 61.0 
137.0 60.0 82.0 78.0 
58.0 59.0 61.0 61.0 
61.0 60.0 64.0 64.0 
60.0 61.0 62.0 62.0 
138.0 60.0 83.0 78.0 
59.0 59.0 61.0 61.0 
60.0 59.0 64.0 63.0 
59.0 59.0 62.0 60.0 
142.0 60.0 82.0 79.0 
59.0 59.0 62.0 61.0 
60.0 60.0 64.0 63.0 
59.0 59.0 61.0 62.0 
144.0 60.0 81.0 79.0 
58.0 59.0 62.0 61.0 
60.0 59.0 64.0 64.0 
59.0 60.0 61.0 62.0 
145.0 60.0 82.0 78.0 
59.0 59.0 62.0 60.0 
60.0 58.0 64.0 64.0 
60.0 60.0 61.0 61.0 
141.0 59.0 81.0 79.0 
58.0 59.0 61.0 61.0 
60.0 59.0 65.0 63.0 
59.0 59.0 62.0 61.0 
143.0 59.0 82.0 77.0 
59.0 58.0 62.0 60.0 
61.0 59.0 64.0 63.0 
59.0 60.0 61.0 61.0 
143.0 60.0 81.0 79.0 
58.0 58.0 62.0 60.0 
60.0 60.0 64.0 64.0 
59.0 60.0 61.0 62.0 
143.0 59.0 81.0 78.0 
58.0 59.0 62.0 61.0 
60.0 59.0 64.0 63.0 
60.0 60.0 62.0 61.0 
144.0 59.0 81.0 78.0 
58.0 60.0 60.0 61.0 
60.0 60.0 62.0 63.0 
59.0 60.0 62.0 62.0 
142.0 60.0 76.0 77.0 
58.0 58.0 62.0 61.0 
59.0 59.0 64.0 63.0 
59.0 60.0 62.0 62.0 
139.0 60.0 78.0 76.0 
58.0 59.0 62.0 61.0 
60.0 59.0 64.0 64.0 
59.0 59.0 62.0 61.0 
143.0 61.0 76.0 75.0 
58.0 60.0 61.0 61.0 
60.0 60.0 64.0 65.0 
59.0 61.0 60.0 61.0 
140.0 59.0 76.0 75.0 
58.0 59.0 61.0 61.0 
60.0 58.0 64.0 63.0 
59.0 59.0 62.0 62.0 
135.0 60.0 75.0 75.0 
59.0 58.0 62.0 61.0 
60.0 60.0 64.0 65.0 
60.0 59.0 61.0 62.0 
130.0 59.0 76.0 74.0 
58.0 58.0 62.0 61.0 
60.0 59.0 65.0 64.0 
60.0 61.0 61.0 62.0 
124.0 59.0 76.0 72.0 
59.0 59.0 61.0 61.0 
61.0 59.0 64.0 64.0 
59.0 59.0 61.0 62.0 
129.0 59.0 75.0 75.0 
59.0 58.0 62.0 61.0 
61.0 60.0 65.0 64.0 
59.0 60.0 62.0 61.0 
127.0 60.0 76.0 76.0 
59.0 58.0 62.0 61.0 
61.0 59.0 65.0 64.0 
60.0 59.0 62.0 61.0 
131.0 59.0 77.0 75.0 
59.0 59.0 62.0 61.0 
60.0 59.0 63.0 63.0 
59.0 59.0 61.0 63.0 
132.0 59.0 77.0 75.0 
59.0 58.0 61.0 62.0 
60.0 60.0 65.0 64.0 
60.0 59.0 61.0 61.0 
129.0 60.0 76.0 76.0 
59.0 59.0 61.0 61.0 
60.0 58.0 64.0 63.0 
60.0 60.0 61.0 61.0 
129.0 59.0 76.0 77.0 
60.0 58.0 62.0 61.0 
60.0 61.0 65.0 64.0 
59.0 60.0 61.0 62.0 
131.0 59.0 79.0 76.0 
60.0 56.0 62.0 61.0 
61.0 59.0 64.0 64.0 
59.0 60.0 61.0 62.0 
127.0 60.0 80.0 76.0 
59.0 59.0 62.0 61.0 
60.0 59.0 64.0 65.0 
60.0 60.0 62.0 62.0 
128.0 59.0 78.0 77.0 
59.0 58.0 62.0 61.0 
60.0 59.0 64.0 64.0 
59.0 60.0 62.0 61.0 
131.0 59.0 79.0 76.0 
58.0 58.0 61.0 61.0 
59.0 58.0 64.0 63.0 
59.0 59.0 61.0 62.0 
127.0 60.0 80.0 77.0 
59.0 58.0 62.0 61.0 
60.0 59.0 64.0 64.0 
60.0 60.0 62.0 61.0 
128.0 60.0 79.0 77.0 
59.0 59.0 61.0 61.0 
60.0 59.0 64.0 63.0 
59.0 60.0 61.0 60.0 
125.0 60.0 79.0 77.0 
58.0 59.0 61.0 61.0 
60.0 59.0 64.0 65.0 
60.0 59.0 62.0 61.0 
128.0 60.0 80.0 76.0 
59.0 59.0 62.0 60.0 
60.0 59.0 64.0 63.0 
58.0 61.0 62.0 62.0 
123.0 59.0 80.0 76.0 
58.0 58.0 62.0 61.0 
61.0 59.0 64.0 64.0 
60.0 59.0 61.0 61.0 
123.0 60.0 80.0 75.0 
59.0 59.0 62.0 61.0 
60.0 60.0 63.0 64.0 
60.0 59.0 62.0 61.0 
123.0 59.0 81.0 75.0 
59.0 58.0 62.0 61.0 
60.0 60.0 63.0 63.0 
59.0 60.0 62.0 63.0 
124.0 60.0 79.0 75.0 
59.0 58.0 62.0 61.0 
60.0 59.0 64.0 63.0 
58.0 60.0 62.0 62.0 
122.0 61.0 79.0 75.0 
60.0 59.0 62.0 61.0 
60.0 60.0 63.0 64.0 
60.0 59.0 61.0 62.0 
119.0 60.0 80.0 74.0 
58.0 59.0 62.0 61.0 
61.0 58.0 65.0 63.0 
60.0 59.0 62.0 61.0 
121.0 60.0 79.0 73.0 
58.0 59.0 62.0 61.0 
60.0 59.0 64.0 64.0 
59.0 60.0 61.0 61.0 
121.0 60.0 80.0 74.0 
59.0 59.0 61.0 61.0 
60.0 59.0 64.0 64.0 
59.0 60.0 62.0 61.0 
117.0 59.0 77.0 73.0 
59.0 58.0 62.0 61.0 
60.0 59.0 65.0 64.0 
60.0 60.0 61.0 62.0 
122.0 59.0 79.0 73.0 
59.0 59.0 62.0 61.0 
60.0 59.0 64.0 65.0 
59.0 60.0 61.0 62.0 
121.0 61.0 79.0 75.0 
58.0 58.0 61.0 60.0 
60.0 60.0 63.0 64.0 
59.0 60.0 60.0 62.0 
125.0 59.0 79.0 74.0 
59.0 58.0 62.0 62.0 
60.0 60.0 66.0 64.0 
59.0 60.0 61.0 62.0 
120.0 59.0 80.0 74.0 
59.0 58.0 62.0 60.0 
60.0 59.0 63.0 66.0 
60.0 59.0 62.0 61.0 
115.0 59.0 79.0 72.0 
59.0 59.0 61.0 61.0 
61.0 59.0 64.0 63.0 
60.0 60.0 62.0 62.0 
113.0 59.0 79.0 73.0 
58.0 57.0 62.0 60.0 
61.0 59.0 64.0 64.0 
60.0 60.0 61.0 62.0 
112.0 59.0 79.0 73.0 
57.0 60.0 62.0 60.0 
60.0 59.0 64.0 66.0 
60.0 59.0 61.0 62.0 
110.0 59.0 79.0 73.0 
59.0 59.0 61.0 61.0 
61.0 60.0 64.0 64.0 
59.0 59.0 61.0 61.0 
109.0 59.0 78.0 73.0 
59.0 59.0 62.0 61.0 
60.0 59.0 65.0 64.0 
59.0 59.0 61.0 62.0 
109.0 60.0 79.0 73.0 
59.0 58.0 61.0 61.0 
60.0 60.0 64.0 64.0 
60.0 58.0 60.0 62.0 
110.0 60.0 78.0 72.0 
59.0 59.0 62.0 60.0 
60.0 60.0 64.0 64.0 
60.0 59.0 62.0 61.0 
113.0 59.0 79.0 73.0 
59.0 58.0 62.0 61.0 
60.0 59.0 63.0 64.0 
59.0 60.0 60.0 61.0 
113.0 61.0 80.0 74.0 
60.0 58.0 63.0 61.0 
60.0 60.0 64.0 64.0 
58.0 60.0 61.0 61.0 
113.0 61.0 79.0 73.0 
58.0 58.0 61.0 62.0 
61.0 58.0 63.0 64.0 
59.0 60.0 61.0 62.0 
113.0 59.0 79.0 74.0 
59.0 58.0 61.0 61.0 
60.0 59.0 64.0 64.0 
58.0 60.0 61.0 62.0 
110.0 58.0 80.0 74.0 
59.0 58.0 62.0 61.0 
60.0 59.0 65.0 64.0 
60.0 60.0 61.0 60.0 
109.0 59.0 79.0 72.0 
59.0 58.0 62.0 60.0 
60.0 59.0 64.0 64.0 
59.0 60.0 61.0 62.0 
106.0 59.0 79.0 72.0 
58.0 59.0 62.0 61.0 
61.0 59.0 64.0 64.0 
59.0 60.0 61.0 61.0 
104.0 60.0 79.0 73.0 
59.0 58.0 62.0 60.0 
62.0 59.0 64.0 64.0 
60.0 61.0 61.0 62.0 
104.0 57.0 79.0 72.0 
59.0 58.0 62.0 60.0 
60.0 60.0 64.0 64.0 
60.0 60.0 61.0 62.0 
104.0 59.0 79.0 72.0 
59.0 59.0 61.0 61.0 
61.0 60.0 63.0 63.0 
60.0 60.0 60.0 61.0 
105.0 60.0 80.0 72.0 
59.0 59.0 61.0 61.0 
61.0 59.0 64.0 64.0 
60.0 60.0 62.0 61.0 
106.0 59.0 79.0 72.0 
59.0 58.0 62.0 61.0 
60.0 59.0 63.0 65.0 
60.0 60.0 60.0 60.0 
107.0 59.0 79.0 73.0 
59.0 59.0 61.0 61.0 
60.0 59.0 63.0 64.0 
60.0 60.0 61.0 62.0 
106.0 60.0 80.0 73.0 
59.0 59.0 61.0 61.0 
62.0 58.0 64.0 64.0 
60.0 59.0 62.0 61.0 
105.0 59.0 80.0 72.0 
59.0 59.0 62.0 61.0 
60.0 58.0 64.0 64.0 
60.0 61.0 60.0 62.0 
106.0 59.0 80.0 75.0 
59.0 58.0 61.0 61.0 
61.0 58.0 64.0 64.0 
59.0 60.0 61.0 62.0 
106.0 59.0 79.0 73.0 
59.0 59.0 62.0 61.0 
61.0 60.0 64.0 64.0 
60.0 59.0 61.0 62.0 
104.0 58.0 80.0 73.0 
58.0 59.0 62.0 60.0 
61.0 60.0 65.0 64.0 
59.0 58.0 61.0 62.0 
106.0 59.0 80.0 72.0 
60.0 58.0 62.0 61.0 
61.0 59.0 63.0 64.0 
61.0 61.0 62.0 61.0 
105.0 60.0 78.0 72.0 
59.0 60.0 62.0 61.0 
61.0 60.0 63.0 64.0 
60.0 60.0 62.0 61.0 
105.0 61.0 78.0 73.0 
60.0 58.0 61.0 61.0 
61.0 60.0 63.0 65.0 
60.0 59.0 62.0 62.0 
106.0 59.0 80.0 72.0 
58.0 59.0 61.0 62.0 
60.0 59.0 64.0 64.0 
60.0 59.0 61.0 62.0 
107.0 60.0 80.0 72.0 
59.0 58.0 62.0 62.0 
61.0 60.0 62.0 64.0 
60.0 60.0 61.0 62.0 
110.0 61.0 80.0 73.0 
59.0 59.0 61.0 61.0 
60.0 59.0 64.0 64.0 
60.0 60.0 62.0 61.0 
110.0 59.0 80.0 73.0 
58.0 59.0 60.0 60.0 
60.0 58.0 63.0 64.0 
59.0 60.0 61.0 62.0 
109.0 59.0 80.0 73.0 
59.0 59.0 61.0 61.0 
60.0 60.0 64.0 66.0 
60.0 60.0 62.0 62.0 
110.0 59.0 80.0 72.0 
59.0 58.0 63.0 61.0 
61.0 60.0 64.0 64.0 
60.0 60.0 61.0 62.0 
111.0 60.0 80.0 73.0 
58.0 59.0 61.0 60.0 
60.0 59.0 64.0 64.0 
60.0 60.0 62.0 61.0 
112.0 60.0 80.0 73.0 
59.0 59.0 61.0 61.0 
60.0 59.0 64.0 64.0 
59.0 60.0 61.0 62.0 
111.0 60.0 82.0 73.0 
59.0 58.0 62.0 61.0 
61.0 58.0 64.0 63.0 
59.0 60.0 61.0 62.0 
111.0 60.0 81.0 74.0 
59.0 59.0 61.0 61.0 
60.0 60.0 64.0 65.0 
60.0 59.0 62.0 62.0 
110.0 60.0 79.0 72.0 
58.0 59.0 62.0 61.0 
61.0 58.0 64.0 64.0 
60.0 60.0 62.0 62.0 
111.0 60.0 80.0 72.0 
59.0 59.0 62.0 60.0 
60.0 58.0 64.0 64.0 
60.0 59.0 61.0 62.0 
111.0 59.0 80.0 74.0 
59.0 58.0 61.0 61.0 
61.0 60.0 64.0 64.0 
59.0 60.0 61.0 61.0 
113.0 58.0 80.0 74.0 
58.0 58.0 61.0 61.0 
62.0 59.0 64.0 64.0 
59.0 60.0 62.0 62.0 
112.0 59.0 79.0 73.0 
59.0 59.0 62.0 61.0 
60.0 59.0 64.0 65.0 
59.0 61.0 62.0 62.0 
113.0 59.0 80.0 73.0 
58.0 58.0 61.0 60.0 
61.0 59.0 63.0 64.0 
59.0 59.0 60.0 61.0 
112.0 59.0 80.0 73.0 
59.0 59.0 61.0 61.0 
60.0 59.0 63.0 64.0 
60.0 58.0 62.0 61.0 
113.0 59.0 79.0 73.0 
59.0 58.0 62.0 60.0 
61.0 59.0 63.0 64.0 
59.0 60.0 62.0 62.0 
113.0 59.0 79.0 73.0 
58.0 58.0 62.0 61.0 
61.0 59.0 63.0 63.0 
60.0 59.0 60.0 61.0 
112.0 60.0 79.0 73.0 
58.0 58.0 62.0 61.0 
60.0 59.0 64.0 63.0 
59.0 60.0 61.0 62.0 
113.0 60.0 78.0 73.0 
59.0 58.0 60.0 61.0 
61.0 59.0 64.0 64.0 
60.0 60.0 62.0 61.0 
112.0 60.0 79.0 73.0 
58.0 58.0 62.0 61.0 
60.0 59.0 64.0 64.0 
60.0 59.0 62.0 61.0 
112.0 59.0 79.0 73.0 
59.0 58.0 63.0 60.0 
60.0 59.0 64.0 64.0 
60.0 60.0 60.0 61.0 
112.0 60.0 79.0 73.0 
59.0 59.0 62.0 61.0 
60.0 59.0 63.0 65.0 
60.0 60.0 62.0 62.0 
112.0 59.0 79.0 73.0 
58.0 59.0 61.0 62.0 
60.0 59.0 65.0 64.0 
60.0 60.0 61.0 60.0 
113.0 59.0 80.0 73.0 
59.0 59.0 61.0 62.0 
60.0 61.0 64.0 64.0 
59.0 61.0 61.0 62.0 
115.0 58.0 79.0 73.0 
59.0 59.0 62.0 60.0 
60.0 59.0 64.0 63.0 
59.0 60.0 62.0 62.0 
113.0 60.0 78.0 73.0 
59.0 58.0 62.0 60.0 
61.0 59.0 64.0 64.0 
59.0 60.0 61.0 61.0 
114.0 59.0 79.0 73.0 
59.0 59.0 62.0 62.0 
60.0 58.0 64.0 64.0 
60.0 60.0 61.0 62.0 
113.0 60.0 79.0 73.0 
60.0 58.0 62.0 61.0 
62.0 59.0 64.0 64.0 
59.0 60.0 62.0 61.0 
113.0 60.0 79.0 73.0 
58.0 58.0 62.0 61.0 
60.0 59.0 63.0 64.0 
59.0 60.0 61.0 61.0 
113.0 59.0 78.0 73.0 
58.0 58.0 62.0 61.0 
61.0 60.0 64.0 65.0 
59.0 59.0 61.0 62.0 
113.0 59.0 78.0 73.0 
59.0 58.0 62.0 61.0 
61.0 59.0 63.0 64.0 
59.0 60.0 62.0 61.0 
113.0 60.0 79.0 73.0 
58.0 60.0 62.0 61.0 
60.0 60.0 63.0 63.0 
59.0 60.0 62.0 62.0 
113.0 61.0 79.0 74.0 
58.0 56.0 61.0 61.0 
60.0 59.0 64.0 64.0 
59.0 60.0 62.0 61.0 
113.0 59.0 79.0 74.0 
59.0 58.0 62.0 61.0 
60.0 59.0 63.0 64.0 
59.0 60.0 61.0 62.0 
113.0 59.0 80.0 73.0 
58.0 59.0 62.0 61.0 
60.0 59.0 64.0 64.0 
59.0 60.0 61.0 61.0 
113.0 59.0 79.0 73.0 
59.0 58.0 61.0 61.0 
61.0 59.0 64.0 64.0 
59.0 59.0 61.0 61.0 
112.0 60.0 80.0 73.0 
58.0 59.0 61.0 61.0 
60.0 59.0 64.0 64.0 
59.0 60.0 61.0 62.0 
113.0 60.0 79.0 75.0 
59.0 58.0 61.0 61.0 
61.0 59.0 64.0 65.0 
60.0 59.0 61.0 61.0 
113.0 59.0 79.0 73.0 
59.0 58.0 62.0 61.0 
61.0 59.0 64.0 64.0 
60.0 60.0 61.0 62.0 
112.0 60.0 78.0 73.0 
58.0 59.0 62.0 60.0 
61.0 59.0 64.0 64.0 
59.0 60.0 61.0 61.0 
113.0 59.0 78.0 73.0 
59.0 58.0 62.0 61.0 
61.0 59.0 64.0 64.0 
60.0 60.0 62.0 62.0 
113.0 60.0 79.0 73.0 
58.0 59.0 61.0 61.0 
60.0 59.0 64.0 64.0 
60.0 60.0 62.0 61.0 
113.0 59.0 79.0 73.0 
58.0 58.0 62.0 60.0 
61.0 60.0 63.0 64.0 
60.0 59.0 61.0 62.0 
112.0 60.0 79.0 74.0 
58.0 59.0 62.0 61.0 
60.0 59.0 64.0 64.0 
59.0 59.0 61.0 62.0 
113.0 60.0 79.0 73.0 
59.0 59.0 61.0 61.0 
61.0 59.0 64.0 64.0 
60.0 59.0 61.0 61.0 
114.0 60.0 79.0 73.0 
59.0 58.0 62.0 61.0 
61.0 58.0 64.0 64.0 
60.0 59.0 61.0 62.0 
113.0 59.0 80.0 73.0 
58.0 59.0 61.0 61.0 
60.0 59.0 64.0 64.0 
60.0 59.0 60.0 62.0 
115.0 58.0 80.0 73.0 
58.0 58.0 62.0 61.0 
60.0 59.0 65.0 64.0 
59.0 59.0 61.0 61.0 
114.0 60.0 79.0 73.0 
59.0 59.0 61.0 61.0 
61.0 59.0 64.0 64.0 
59.0 60.0 61.0 61.0 
112.0 59.0 78.0 73.0 
58.0 59.0 61.0 61.0 
62.0 59.0 64.0 63.0 
59.0 61.0 60.0 61.0 
113.0 60.0 79.0 74.0 
58.0 59.0 62.0 61.0 
60.0 59.0 64.0 64.0 
59.0 59.0 61.0 61.0 
113.0 60.0 78.0 73.0 
58.0 59.0 61.0 61.0 
61.0 59.0 64.0 64.0 
60.0 60.0 62.0 62.0 
114.0 60.0 77.0 73.0 
59.0 58.0 62.0 60.0 
61.0 58.0 64.0 65.0 
59.0 60.0 62.0 62.0 
114.0 60.0 78.0 74.0 
59.0 58.0 62.0 61.0 
61.0 59.0 64.0 64.0 
59.0 59.0 61.0 61.0 
113.0 59.0 78.0 73.0 
59.0 60.0 62.0 61.0 
61.0 59.0 64.0 64.0 
59.0 60.0 60.0 61.0 
112.0 59.0 78.0 73.0 
58.0 58.0 62.0 60.0 
61.0 60.0 64.0 64.0 
59.0 59.0 61.0 61.0 
112.0 60.0 77.0 73.0 
59.0 59.0 61.0 61.0 
60.0 60.0 64.0 63.0 
59.0 60.0 61.0 62.0 
112.0 59.0 78.0 73.0 
59.0 59.0 62.0 60.0 
60.0 59.0 64.0 64.0 
60.0 60.0 61.0 61.0 
112.0 58.0 79.0 73.0 
58.0 59.0 62.0 60.0 
61.0 58.0 64.0 64.0 
59.0 60.0 61.0 61.0 
113.0 61.0 78.0 74.0 
58.0 58.0 62.0 61.0 
60.0 59.0 64.0 65.0 
60.0 60.0 61.0 61.0 
112.0 59.0 78.0 74.0 
59.0 59.0 62.0 61.0 
60.0 59.0 64.0 64.0 
60.0 60.0 60.0 62.0 
114.0 61.0 78.0 73.0 
59.0 59.0 61.0 61.0 
60.0 58.0 64.0 64.0 
59.0 60.0 62.0 61.0 
114.0 59.0 77.0 72.0 
58.0 58.0 61.0 61.0 
61.0 58.0 63.0 64.0 
59.0 60.0 60.0 62.0 
114.0 60.0 79.0 73.0 
58.0 58.0 62.0 61.0 
60.0 60.0 64.0 64.0 
59.0 59.0 61.0 62.0 
114.0 59.0 78.0 73.0 
58.0 58.0 62.0 61.0 
60.0 59.0 64.0 63.0 
59.0 61.0 61.0 62.0 
114.0 59.0 79.0 73.0 
59.0 59.0 63.0 61.0 
60.0 59.0 64.0 64.0 
59.0 59.0 62.0 61.0 
113.0 60.0 78.0 72.0 
59.0 59.0 61.0 62.0 
60.0 59.0 64.0 64.0 
60.0 58.0 62.0 62.0 
114.0 59.0 77.0 73.0 
58.0 58.0 62.0 61.0 
60.0 59.0 64.0 64.0 
59.0 59.0 61.0 61.0 
114.0 59.0 79.0 73.0 
59.0 58.0 62.0 60.0 
60.0 59.0 64.0 64.0 
59.0 60.0 61.0 61.0 
114.0 59.0 78.0 73.0 
58.0 58.0 62.0 61.0 
60.0 59.0 64.0 64.0 
60.0 60.0 61.0 62.0 
113.0 60.0 79.0 73.0 
59.0 58.0 62.0 62.0 
61.0 59.0 65.0 64.0 
59.0 60.0 61.0 62.0 
114.0 60.0 79.0 72.0 
59.0 59.0 61.0 61.0 
60.0 59.0 65.0 64.0 
59.0 61.0 61.0 61.0 
114.0 60.0 80.0 73.0 
60.0 58.0 61.0 61.0 
60.0 59.0 64.0 65.0 
59.0 60.0 61.0 62.0 
113.0 59.0 79.0 73.0 
59.0 58.0 61.0 61.0 
61.0 58.0 64.0 65.0 
59.0 59.0 61.0 61.0 
113.0 59.0 79.0 73.0 
59.0 58.0 61.0 61.0 
60.0 58.0 65.0 64.0 
59.0 60.0 61.0 61.0 
114.0 59.0 80.0 73.0 
58.0 59.0 62.0 61.0 
61.0 58.0 63.0 64.0 
59.0 59.0 61.0 61.0 
114.0 60.0 79.0 73.0 
59.0 57.0 61.0 60.0 
60.0 58.0 64.0 65.0 
59.0 60.0 62.0 62.0 
112.0 59.0 80.0 73.0 
58.0 59.0 62.0 60.0 
60.0 59.0 64.0 64.0 
59.0 59.0 61.0 61.0 
113.0 60.0 79.0 74.0 
58.0 59.0 62.0 60.0 
60.0 59.0 64.0 64.0 
60.0 60.0 61.0 61.0 
113.0 60.0 79.0 73.0 
59.0 58.0 61.0 60.0 
60.0 61.0 64.0 65.0 
60.0 60.0 62.0 62.0 
112.0 59.0 78.0 73.0 
58.0 59.0 61.0 60.0 
60.0 59.0 64.0 64.0 
59.0 59.0 61.0 61.0 
113.0 59.0 79.0 73.0 
59.0 58.0 61.0 61.0 
60.0 59.0 63.0 65.0 
60.0 60.0 62.0 62.0 
113.0 59.0 81.0 74.0 
58.0 58.0 62.0 60.0 
61.0 59.0 64.0 64.0 
60.0 59.0 62.0 61.0 
114.0 60.0 81.0 73.0 
59.0 59.0 62.0 61.0 
61.0 59.0 64.0 64.0 
59.0 60.0 62.0 62.0 
113.0 60.0 80.0 74.0 
59.0 59.0 62.0 61.0 
61.0 58.0 64.0 64.0 
58.0 60.0 61.0 61.0 
113.0 59.0 80.0 73.0 
59.0 58.0 62.0 60.0 
60.0 60.0 64.0 65.0 
59.0 59.0 61.0 62.0 
113.0 61.0 80.0 74.0 
60.0 58.0 62.0 61.0 
61.0 59.0 64.0 63.0 
60.0 60.0 59.0 61.0 
113.0 60.0 79.0 73.0 
58.0 58.0 62.0 61.0 
60.0 60.0 64.0 64.0 
60.0 59.0 62.0 62.0 
112.0 60.0 80.0 73.0 
59.0 59.0 62.0 61.0 
61.0 60.0 64.0 65.0 
59.0 60.0 61.0 62.0 
112.0 59.0 80.0 73.0 
59.0 59.0 62.0 60.0 
60.0 59.0 64.0 64.0 
59.0 59.0 61.0 62.0 
112.0 59.0 80.0 73.0 
58.0 59.0 61.0 61.0 
60.0 60.0 64.0 65.0 
59.0 60.0 61.0 61.0 
112.0 60.0 79.0 74.0 
59.0 58.0 62.0 61.0 
60.0 59.0 63.0 64.0 
59.0 60.0 61.0 62.0 
112.0 60.0 80.0 73.0 
58.0 59.0 61.0 61.0 
61.0 58.0 64.0 64.0 
60.0 59.0 61.0 62.0 
111.0 60.0 80.0 73.0 
59.0 59.0 61.0 62.0 
61.0 59.0 65.0 64.0 
59.0 59.0 61.0 61.0 
111.0 60.0 80.0 73.0 
59.0 59.0 61.0 61.0 
61.0 59.0 65.0 64.0 
59.0 61.0 61.0 61.0 
110.0 60.0 80.0 73.0 
59.0 59.0 60.0 61.0 
61.0 59.0 64.0 64.0 
59.0 59.0 60.0 63.0 
110.0 59.0 80.0 73.0 
58.0 59.0 61.0 60.0 
60.0 58.0 65.0 64.0 
60.0 60.0 61.0 61.0 
110.0 60.0 80.0 72.0 
59.0 58.0 60.0 60.0 
61.0 60.0 64.0 64.0 
59.0 60.0 61.0 62.0 
111.0 59.0 79.0 73.0 
59.0 58.0 61.0 60.0 
61.0 59.0 64.0 65.0 
59.0 60.0 61.0 61.0 
111.0 59.0 80.0 73.0 
59.0 59.0 61.0 60.0 
61.0 61.0 64.0 64.0 
60.0 59.0 61.0 62.0 
110.0 59.0 80.0 73.0 
59.0 58.0 61.0 61.0 
60.0 59.0 64.0 65.0 
60.0 59.0 61.0 61.0 
111.0 59.0 80.0 72.0 
58.0 59.0 61.0 61.0 
60.0 58.0 64.0 64.0 
59.0 60.0 61.0 62.0 
111.0 60.0 80.0 74.0 
59.0 58.0 62.0 61.0 
61.0 59.0 65.0 64.0 
60.0 59.0 62.0 61.0 
111.0 60.0 79.0 74.0 
59.0 58.0 62.0 61.0 
60.0 61.0 64.0 64.0 
59.0 60.0 61.0 62.0 
110.0 59.0 80.0 73.0 
59.0 59.0 61.0 61.0 
60.0 59.0 64.0 64.0 
60.0 59.0 61.0 61.0 
111.0 59.0 79.0 72.0 
59.0 58.0 61.0 61.0 
61.0 59.0 63.0 65.0 
59.0 59.0 61.0 62.0 
110.0 59.0 79.0 73.0 
58.0 59.0 62.0 61.0 
60.0 59.0 65.0 64.0 
59.0 59.0 61.0 62.0 
110.0 60.0 79.0 73.0 
58.0 59.0 61.0 61.0 
61.0 59.0 64.0 63.0 
59.0 60.0 61.0 62.0 
111.0 59.0 79.0 73.0 
59.0 59.0 61.0 61.0 
60.0 60.0 64.0 64.0 
59.0 60.0 61.0 61.0 
111.0 60.0 80.0 73.0 
59.0 58.0 61.0 61.0 
61.0 59.0 64.0 64.0 
59.0 58.0 61.0 61.0 
111.0 60.0 80.0 72.0 
59.0 58.0 62.0 60.0 
60.0 59.0 63.0 65.0 
59.0 60.0 61.0 60.0 
111.0 60.0 80.0 74.0 
59.0 59.0 61.0 61.0 
61.0 58.0 64.0 64.0 
59.0 60.0 61.0 61.0 
111.0 59.0 80.0 74.0 
58.0 58.0 62.0 61.0 
60.0 59.0 64.0 65.0 
60.0 60.0 61.0 62.0 
110.0 59.0 81.0 73.0 
60.0 59.0 61.0 61.0 
61.0 59.0 65.0 64.0 
60.0 60.0 61.0 61.0 
111.0 59.0 81.0 74.0 
58.0 59.0 62.0 60.0 
60.0 59.0 64.0 64.0 
59.0 60.0 60.0 62.0 
110.0 59.0 80.0 73.0 
59.0 58.0 61.0 60.0 
60.0 59.0 64.0 64.0 
59.0 60.0 61.0 61.0 
111.0 59.0 80.0 73.0 
58.0 59.0 61.0 60.0 
60.0 58.0 65.0 64.0 
60.0 59.0 61.0 61.0 
110.0 59.0 79.0 73.0 
59.0 58.0 61.0 61.0 
61.0 59.0 64.0 65.0 
60.0 60.0 61.0 61.0 
111.0 60.0 80.0 74.0 
59.0 58.0 61.0 61.0 
61.0 58.0 64.0 64.0 
60.0 61.0 61.0 62.0 
110.0 59.0 79.0 73.0 
58.0 59.0 61.0 61.0 
60.0 60.0 64.0 64.0 
60.0 60.0 61.0 62.0 
110.0 60.0 79.0 74.0 
59.0 59.0 61.0 60.0 
61.0 58.0 65.0 63.0 
59.0 60.0 62.0 62.0 
111.0 59.0 79.0 73.0 
59.0 58.0 61.0 61.0 
60.0 59.0 65.0 64.0 
59.0 59.0 61.0 62.0 
111.0 59.0 79.0 73.0 
59.0 58.0 61.0 61.0 
61.0 59.0 64.0 64.0 
59.0 60.0 60.0 62.0 
111.0 59.0 80.0 73.0 
58.0 59.0 61.0 61.0 
60.0 60.0 65.0 64.0 
59.0 60.0 61.0 62.0 
110.0 60.0 79.0 73.0 
59.0 59.0 60.0 61.0 
61.0 58.0 65.0 64.0 
60.0 60.0 61.0 62.0 
111.0 60.0 79.0 73.0 
59.0 59.0 61.0 61.0 
60.0 59.0 64.0 64.0 
60.0 60.0 61.0 62.0 
111.0 59.0 78.0 73.0 
58.0 59.0 62.0 61.0 
60.0 59.0 64.0 64.0 
59.0 59.0 61.0 61.0 
110.0 60.0 78.0 72.0 
59.0 58.0 62.0 61.0 
61.0 59.0 64.0 64.0 
60.0 60.0 61.0 62.0 
110.0 59.0 78.0 73.0 
59.0 58.0 62.0 61.0 
61.0 60.0 65.0 64.0 
59.0 60.0 61.0 62.0 
110.0 60.0 78.0 73.0 
59.0 58.0 62.0 61.0 
61.0 59.0 64.0 65.0 
60.0 58.0 62.0 62.0 
111.0 60.0 79.0 73.0 
59.0 59.0 61.0 61.0 
60.0 59.0 64.0 64.0 
59.0 60.0 62.0 61.0 
112.0 60.0 77.0 73.0 
58.0 58.0 61.0 61.0 
61.0 59.0 64.0 64.0 
59.0 61.0 61.0 62.0 
113.0 60.0 80.0 73.0 
59.0 58.0 62.0 60.0 
61.0 59.0 64.0 64.0 
59.0 59.0 62.0 61.0 
114.0 60.0 78.0 74.0 
59.0 59.0 62.0 61.0 
60.0 59.0 63.0 64.0 
59.0 59.0 61.0 62.0 
113.0 59.0 79.0 73.0 
59.0 59.0 61.0 61.0 
61.0 59.0 63.0 65.0 
60.0 60.0 61.0 62.0 
112.0 60.0 78.0 73.0 
59.0 59.0 61.0 61.0 
60.0 60.0 63.0 64.0 
59.0 59.0 62.0 62.0 
111.0 59.0 79.0 73.0 
59.0 59.0 61.0 60.0 
61.0 59.0 64.0 64.0 
60.0 60.0 60.0 61.0 
112.0 60.0 79.0 72.0 
59.0 59.0 62.0 61.0 
61.0 60.0 63.0 65.0 
59.0 59.0 61.0 62.0 
111.0 60.0 78.0 73.0 
58.0 58.0 62.0 61.0 
60.0 60.0 64.0 64.0 
58.0 60.0 62.0 62.0 
112.0 59.0 79.0 74.0 
58.0 58.0 61.0 60.0 
61.0 59.0 62.0 64.0 
59.0 60.0 61.0 61.0 
112.0 59.0 79.0 73.0 
58.0 59.0 61.0 61.0 
61.0 59.0 64.0 64.0 
60.0 59.0 62.0 61.0 
110.0 61.0 80.0 73.0 
58.0 59.0 61.0 61.0 
61.0 58.0 65.0 64.0 
59.0 59.0 62.0 61.0 
110.0 61.0 79.0 72.0 
58.0 59.0 62.0 61.0 
62.0 60.0 64.0 64.0 
58.0 60.0 61.0 61.0 
112.0 59.0 77.0 72.0 
59.0 58.0 62.0 60.0 
60.0 59.0 64.0 64.0 
60.0 59.0 62.0 61.0 
111.0 60.0 79.0 73.0 
59.0 58.0 62.0 61.0 
61.0 59.0 65.0 64.0 
59.0 60.0 61.0 61.0 
111.0 59.0 79.0 74.0 
58.0 58.0 62.0 61.0 
60.0 59.0 65.0 64.0 
59.0 60.0 61.0 62.0 
112.0 59.0 79.0 73.0 
59.0 58.0 61.0 61.0 
60.0 59.0 63.0 65.0 
59.0 60.0 60.0 62.0 
112.0 59.0 79.0 72.0 
59.0 59.0 62.0 61.0 
60.0 58.0 63.0 64.0 
60.0 59.0 61.0 61.0 
111.0 59.0 78.0 73.0 
58.0 59.0 61.0 62.0 
61.0 58.0 65.0 64.0 
60.0 60.0 61.0 62.0 
111.0 60.0 78.0 73.0 
59.0 58.0 62.0 61.0 
61.0 59.0 65.0 64.0 
59.0 60.0 61.0 62.0 
111.0 60.0 79.0 72.0 
59.0 58.0 61.0 61.0 
61.0 59.0 64.0 63.0 
60.0 60.0 62.0 62.0 
111.0 60.0 79.0 73.0 
59.0 58.0 63.0 62.0 
60.0 60.0 62.0 64.0 
59.0 59.0 61.0 62.0 
112.0 59.0 80.0 72.0 
59.0 59.0 61.0 61.0 
60.0 57.0 65.0 64.0 
60.0 60.0 62.0 62.0 
111.0 59.0 79.0 73.0 
59.0 58.0 62.0 61.0 
61.0 58.0 64.0 63.0 
59.0 60.0 60.0 61.0 
111.0 60.0 79.0 73.0 
59.0 58.0 61.0 60.0 
60.0 60.0 64.0 64.0 
59.0 60.0 62.0 62.0 
111.0 59.0 79.0 73.0 
59.0 58.0 62.0 60.0 
60.0 60.0 63.0 64.0 
59.0 60.0 61.0 62.0 
111.0 60.0 79.0 73.0 
58.0 58.0 62.0 61.0 
61.0 59.0 64.0 65.0 
61.0 59.0 61.0 61.0 
111.0 60.0 80.0 73.0 
59.0 58.0 62.0 61.0 
61.0 58.0 64.0 65.0 
60.0 59.0 61.0 61.0 
112.0 59.0 80.0 73.0 
58.0 58.0 62.0 61.0 
61.0 58.0 64.0 64.0 
59.0 59.0 61.0 61.0 
110.0 59.0 81.0 73.0 
59.0 58.0 61.0 61.0 
60.0 59.0 64.0 64.0 
59.0 59.0 61.0 61.0 
111.0 59.0 80.0 73.0 
58.0 58.0 61.0 61.0 
61.0 59.0 64.0 64.0 
59.0 60.0 61.0 61.0 
111.0 59.0 80.0 73.0 
60.0 58.0 62.0 61.0 
60.0 59.0 64.0 64.0 
60.0 60.0 61.0 61.0 
