99.0 58.0 86.0 74.0 
58.0 57.0 59.0 60.0 
59.0 58.0 61.0 63.0 
58.0 58.0 58.0 59.0 
100.0 59.0 87.0 73.0 
58.0 58.0 60.0 60.0 
60.0 58.0 63.0 62.0 
58.0 59.0 58.0 59.0 
99.0 59.0 86.0 74.0 
58.0 58.0 60.0 60.0 
59.0 59.0 61.0 62.0 
58.0 58.0 59.0 59.0 
102.0 58.0 86.0 75.0 
58.0 58.0 60.0 59.0 
59.0 58.0 62.0 62.0 
58.0 59.0 59.0 60.0 
101.0 59.0 86.0 74.0 
59.0 58.0 59.0 59.0 
59.0 57.0 62.0 62.0 
57.0 59.0 58.0 60.0 
101.0 58.0 86.0 75.0 
59.0 57.0 60.0 60.0 
60.0 57.0 63.0 62.0 
58.0 60.0 58.0 60.0 
101.0 58.0 86.0 74.0 
58.0 58.0 60.0 59.0 
60.0 58.0 61.0 62.0 
58.0 58.0 59.0 59.0 
101.0 58.0 86.0 75.0 
58.0 57.0 60.0 60.0 
59.0 58.0 62.0 64.0 
59.0 59.0 59.0 59.0 
102.0 58.0 87.0 74.0 
58.0 59.0 60.0 59.0 
59.0 58.0 62.0 63.0 
59.0 59.0 59.0 60.0 
101.0 58.0 85.0 75.0 
58.0 57.0 59.0 61.0 
58.0 58.0 63.0 62.0 
58.0 58.0 57.0 60.0 
101.0 59.0 85.0 73.0 
58.0 58.0 59.0 59.0 
60.0 59.0 62.0 64.0 
59.0 59.0 59.0 59.0 
103.0 58.0 85.0 74.0 
59.0 58.0 60.0 60.0 
60.0 58.0 62.0 63.0 
58.0 59.0 59.0 60.0 
103.0 58.0 86.0 74.0 
58.0 57.0 60.0 60.0 
60.0 58.0 62.0 62.0 
58.0 59.0 59.0 60.0 
100.0 58.0 86.0 75.0 
57.0 58.0 59.0 61.0 
60.0 58.0 61.0 62.0 
58.0 58.0 58.0 60.0 
101.0 59.0 86.0 75.0 
58.0 57.0 60.0 60.0 
59.0 58.0 62.0 62.0 
59.0 59.0 60.0 59.0 
101.0 59.0 86.0 74.0 
58.0 58.0 60.0 60.0 
59.0 58.0 63.0 62.0 
58.0 59.0 57.0 60.0 
102.0 59.0 85.0 74.0 
59.0 57.0 60.0 60.0 
60.0 57.0 63.0 62.0 
58.0 59.0 58.0 60.0 
102.0 59.0 86.0 74.0 
58.0 57.0 61.0 61.0 
61.0 58.0 63.0 62.0 
59.0 59.0 59.0 59.0 
101.0 59.0 86.0 74.0 
58.0 58.0 60.0 60.0 
59.0 58.0 61.0 63.0 
59.0 59.0 60.0 59.0 
102.0 58.0 86.0 74.0 
58.0 58.0 60.0 59.0 
59.0 58.0 62.0 63.0 
57.0 58.0 59.0 59.0 
103.0 59.0 85.0 75.0 
58.0 58.0 60.0 60.0 
59.0 59.0 62.0 63.0 
59.0 58.0 60.0 59.0 
102.0 59.0 85.0 74.0 
59.0 58.0 60.0 60.0 
60.0 58.0 62.0 63.0 
58.0 60.0 59.0 60.0 
101.0 60.0 85.0 76.0 
58.0 57.0 60.0 58.0 
59.0 58.0 62.0 62.0 
58.0 59.0 59.0 59.0 
102.0 58.0 85.0 75.0 
59.0 57.0 60.0 60.0 
60.0 58.0 61.0 63.0 
58.0 59.0 58.0 60.0 
102.0 59.0 85.0 74.0 
58.0 57.0 60.0 60.0 
60.0 57.0 62.0 62.0 
58.0 59.0 58.0 59.0 
102.0 58.0 85.0 76.0 
58.0 58.0 60.0 60.0 
60.0 58.0 62.0 62.0 
58.0 59.0 58.0 59.0 
103.0 58.0 86.0 74.0 
58.0 58.0 61.0 60.0 
60.0 59.0 62.0 63.0 
59.0 58.0 57.0 60.0 
102.0 58.0 86.0 74.0 
58.0 59.0 60.0 60.0 
61.0 57.0 63.0 62.0 
59.0 59.0 58.0 60.0 
103.0 58.0 86.0 74.0 
59.0 58.0 60.0 60.0 
60.0 58.0 62.0 63.0 
59.0 59.0 59.0 59.0 
102.0 58.0 86.0 75.0 
59.0 58.0 61.0 59.0 
60.0 58.0 62.0 62.0 
59.0 58.0 60.0 59.0 
103.0 58.0 86.0 74.0 
58.0 58.0 60.0 61.0 
60.0 58.0 62.0 63.0 
58.0 59.0 58.0 60.0 
103.0 59.0 86.0 74.0 
58.0 57.0 60.0 60.0 
60.0 58.0 62.0 63.0 
59.0 58.0 59.0 59.0 
103.0 59.0 85.0 75.0 
59.0 58.0 60.0 60.0 
60.0 58.0 63.0 62.0 
58.0 58.0 59.0 59.0 
102.0 59.0 86.0 74.0 
58.0 58.0 60.0 60.0 
60.0 57.0 63.0 62.0 
58.0 59.0 58.0 60.0 
103.0 59.0 86.0 74.0 
59.0 57.0 61.0 60.0 
60.0 59.0 61.0 64.0 
59.0 59.0 60.0 59.0 
104.0 58.0 85.0 74.0 
59.0 58.0 60.0 60.0 
59.0 58.0 62.0 63.0 
59.0 59.0 59.0 60.0 
104.0 59.0 85.0 74.0 
57.0 58.0 60.0 60.0 
59.0 57.0 61.0 63.0 
58.0 59.0 59.0 60.0 
104.0 59.0 86.0 74.0 
58.0 58.0 59.0 61.0 
60.0 59.0 61.0 63.0 
58.0 59.0 59.0 60.0 
103.0 59.0 86.0 75.0 
58.0 58.0 61.0 60.0 
60.0 59.0 62.0 62.0 
59.0 59.0 59.0 60.0 
104.0 59.0 87.0 74.0 
58.0 58.0 60.0 60.0 
61.0 58.0 61.0 63.0 
59.0 59.0 59.0 60.0 
104.0 58.0 85.0 74.0 
59.0 58.0 61.0 60.0 
59.0 58.0 62.0 62.0 
59.0 60.0 59.0 59.0 
105.0 58.0 86.0 74.0 
58.0 58.0 61.0 60.0 
60.0 58.0 61.0 63.0 
58.0 58.0 59.0 60.0 
104.0 58.0 87.0 75.0 
58.0 58.0 60.0 60.0 
60.0 58.0 62.0 63.0 
59.0 59.0 59.0 60.0 
103.0 58.0 86.0 75.0 
59.0 58.0 60.0 60.0 
59.0 59.0 62.0 63.0 
60.0 59.0 59.0 60.0 
103.0 58.0 86.0 75.0 
58.0 58.0 61.0 60.0 
60.0 59.0 62.0 63.0 
59.0 59.0 59.0 60.0 
103.0 58.0 86.0 75.0 
58.0 58.0 60.0 60.0 
60.0 58.0 63.0 64.0 
59.0 59.0 59.0 61.0 
104.0 58.0 86.0 75.0 
59.0 59.0 59.0 60.0 
61.0 59.0 62.0 63.0 
58.0 60.0 58.0 59.0 
104.0 59.0 86.0 75.0 
58.0 58.0 60.0 60.0 
60.0 59.0 62.0 62.0 
58.0 59.0 59.0 60.0 
104.0 59.0 85.0 75.0 
58.0 58.0 61.0 60.0 
60.0 58.0 62.0 62.0 
58.0 59.0 58.0 60.0 
104.0 59.0 86.0 75.0 
58.0 57.0 61.0 60.0 
60.0 58.0 62.0 63.0 
59.0 58.0 59.0 60.0 
104.0 57.0 86.0 73.0 
59.0 59.0 59.0 60.0 
59.0 60.0 63.0 63.0 
58.0 60.0 59.0 59.0 
104.0 59.0 86.0 75.0 
58.0 58.0 60.0 60.0 
60.0 58.0 61.0 62.0 
59.0 59.0 59.0 61.0 
103.0 59.0 86.0 74.0 
58.0 58.0 61.0 60.0 
60.0 58.0 63.0 63.0 
58.0 59.0 60.0 59.0 
104.0 59.0 85.0 75.0 
59.0 57.0 61.0 60.0 
60.0 58.0 62.0 63.0 
58.0 59.0 59.0 60.0 
104.0 58.0 85.0 74.0 
59.0 58.0 61.0 60.0 
60.0 58.0 62.0 63.0 
58.0 60.0 57.0 59.0 
103.0 60.0 86.0 76.0 
59.0 58.0 61.0 60.0 
60.0 59.0 62.0 63.0 
58.0 59.0 59.0 60.0 
104.0 60.0 85.0 75.0 
59.0 59.0 60.0 61.0 
59.0 59.0 63.0 62.0 
59.0 59.0 59.0 60.0 
104.0 59.0 85.0 75.0 
58.0 58.0 61.0 60.0 
60.0 59.0 61.0 63.0 
59.0 59.0 59.0 59.0 
104.0 59.0 85.0 74.0 
59.0 57.0 61.0 60.0 
60.0 59.0 62.0 63.0 
58.0 59.0 60.0 59.0 
102.0 59.0 85.0 75.0 
59.0 58.0 60.0 60.0 
60.0 59.0 63.0 64.0 
58.0 59.0 59.0 60.0 
102.0 58.0 85.0 75.0 
59.0 58.0 60.0 61.0 
60.0 59.0 62.0 63.0 
59.0 59.0 58.0 61.0 
105.0 59.0 86.0 75.0 
59.0 57.0 61.0 60.0 
60.0 59.0 61.0 63.0 
59.0 59.0 59.0 60.0 
104.0 59.0 86.0 75.0 
58.0 58.0 60.0 60.0 
60.0 58.0 61.0 63.0 
59.0 59.0 59.0 60.0 
104.0 59.0 86.0 73.0 
59.0 58.0 60.0 61.0 
60.0 59.0 62.0 63.0 
59.0 59.0 60.0 59.0 
105.0 59.0 86.0 74.0 
58.0 59.0 60.0 60.0 
60.0 59.0 62.0 63.0 
58.0 59.0 59.0 61.0 
103.0 58.0 85.0 75.0 
59.0 58.0 59.0 60.0 
60.0 58.0 62.0 63.0 
59.0 58.0 60.0 61.0 
104.0 59.0 86.0 75.0 
59.0 58.0 61.0 60.0 
59.0 58.0 62.0 63.0 
59.0 59.0 59.0 60.0 
104.0 58.0 85.0 75.0 
58.0 58.0 60.0 60.0 
60.0 58.0 61.0 63.0 
58.0 60.0 58.0 60.0 
104.0 58.0 85.0 75.0 
58.0 56.0 60.0 60.0 
60.0 58.0 63.0 63.0 
59.0 58.0 58.0 60.0 
104.0 59.0 85.0 75.0 
58.0 58.0 60.0 60.0 
59.0 59.0 62.0 65.0 
59.0 60.0 59.0 60.0 
104.0 58.0 85.0 75.0 
58.0 58.0 60.0 61.0 
61.0 58.0 63.0 64.0 
59.0 61.0 59.0 60.0 
104.0 58.0 87.0 74.0 
59.0 58.0 61.0 60.0 
60.0 59.0 61.0 63.0 
59.0 59.0 59.0 60.0 
104.0 59.0 86.0 75.0 
59.0 59.0 61.0 60.0 
61.0 59.0 62.0 63.0 
59.0 60.0 59.0 60.0 
104.0 58.0 85.0 74.0 
60.0 58.0 61.0 60.0 
60.0 59.0 61.0 63.0 
58.0 60.0 59.0 60.0 
104.0 59.0 85.0 75.0 
59.0 58.0 61.0 60.0 
60.0 60.0 62.0 64.0 
59.0 58.0 60.0 60.0 
104.0 59.0 86.0 75.0 
58.0 58.0 61.0 60.0 
60.0 59.0 63.0 62.0 
59.0 60.0 59.0 61.0 
104.0 59.0 86.0 74.0 
59.0 58.0 61.0 61.0 
60.0 59.0 62.0 64.0 
59.0 59.0 60.0 60.0 
105.0 58.0 85.0 74.0 
57.0 55.0 60.0 61.0 
60.0 58.0 61.0 62.0 
59.0 59.0 59.0 60.0 
104.0 59.0 85.0 74.0 
58.0 58.0 60.0 60.0 
60.0 58.0 61.0 63.0 
59.0 60.0 59.0 59.0 
104.0 60.0 86.0 75.0 
58.0 57.0 61.0 60.0 
59.0 58.0 62.0 63.0 
59.0 60.0 60.0 61.0 
105.0 58.0 86.0 76.0 
59.0 59.0 61.0 59.0 
61.0 58.0 62.0 63.0 
58.0 60.0 60.0 60.0 
103.0 58.0 86.0 75.0 
58.0 58.0 61.0 60.0 
60.0 59.0 62.0 63.0 
59.0 59.0 58.0 60.0 
104.0 59.0 84.0 75.0 
59.0 58.0 61.0 60.0 
60.0 60.0 62.0 63.0 
58.0 61.0 60.0 60.0 
104.0 58.0 86.0 74.0 
59.0 58.0 61.0 60.0 
59.0 59.0 62.0 63.0 
59.0 59.0 59.0 60.0 
104.0 60.0 85.0 74.0 
58.0 58.0 61.0 60.0 
61.0 59.0 62.0 63.0 
59.0 59.0 60.0 60.0 
104.0 59.0 86.0 75.0 
59.0 58.0 61.0 61.0 
60.0 59.0 61.0 63.0 
59.0 60.0 60.0 60.0 
104.0 60.0 86.0 75.0 
58.0 58.0 63.0 61.0 
60.0 58.0 63.0 63.0 
59.0 59.0 59.0 59.0 
104.0 58.0 85.0 75.0 
59.0 58.0 61.0 60.0 
60.0 59.0 62.0 63.0 
59.0 59.0 59.0 59.0 
105.0 59.0 85.0 75.0 
59.0 58.0 61.0 60.0 
60.0 58.0 62.0 63.0 
59.0 59.0 59.0 60.0 
104.0 59.0 86.0 75.0 
59.0 58.0 61.0 60.0 
61.0 58.0 62.0 63.0 
59.0 60.0 59.0 60.0 
104.0 60.0 86.0 75.0 
59.0 58.0 60.0 60.0 
61.0 59.0 64.0 63.0 
59.0 59.0 60.0 60.0 
104.0 60.0 85.0 75.0 
59.0 57.0 61.0 61.0 
60.0 59.0 62.0 63.0 
59.0 60.0 60.0 61.0 
103.0 58.0 86.0 76.0 
59.0 58.0 61.0 60.0 
59.0 59.0 63.0 63.0 
59.0 60.0 60.0 60.0 
105.0 60.0 85.0 75.0 
59.0 58.0 61.0 60.0 
61.0 59.0 63.0 63.0 
59.0 59.0 60.0 60.0 
104.0 59.0 86.0 76.0 
60.0 58.0 61.0 60.0 
60.0 58.0 61.0 63.0 
59.0 59.0 60.0 60.0 
104.0 60.0 86.0 75.0 
59.0 57.0 61.0 61.0 
60.0 59.0 62.0 63.0 
59.0 60.0 60.0 60.0 
104.0 61.0 86.0 75.0 
58.0 58.0 61.0 60.0 
59.0 58.0 62.0 63.0 
58.0 60.0 60.0 59.0 
104.0 59.0 86.0 75.0 
59.0 58.0 61.0 61.0 
60.0 59.0 62.0 63.0 
59.0 59.0 60.0 59.0 
104.0 59.0 86.0 75.0 
59.0 58.0 61.0 60.0 
60.0 60.0 62.0 63.0 
59.0 59.0 59.0 60.0 
104.0 59.0 85.0 76.0 
59.0 59.0 60.0 61.0 
61.0 59.0 62.0 64.0 
59.0 59.0 59.0 60.0 
104.0 59.0 86.0 75.0 
59.0 58.0 61.0 61.0 
60.0 58.0 63.0 63.0 
59.0 59.0 59.0 60.0 
106.0 58.0 85.0 75.0 
59.0 58.0 61.0 60.0 
60.0 58.0 62.0 63.0 
59.0 59.0 59.0 60.0 
104.0 59.0 86.0 75.0 
59.0 59.0 61.0 61.0 
60.0 58.0 63.0 64.0 
60.0 59.0 60.0 60.0 
103.0 60.0 86.0 74.0 
59.0 59.0 60.0 60.0 
60.0 59.0 62.0 63.0 
58.0 59.0 59.0 60.0 
104.0 59.0 86.0 75.0 
58.0 58.0 60.0 61.0 
59.0 59.0 61.0 64.0 
60.0 59.0 60.0 60.0 
105.0 60.0 85.0 74.0 
59.0 58.0 61.0 61.0 
60.0 59.0 62.0 63.0 
58.0 61.0 60.0 60.0 
104.0 60.0 86.0 75.0 
58.0 58.0 61.0 60.0 
60.0 59.0 62.0 63.0 
59.0 59.0 60.0 61.0 
105.0 59.0 85.0 74.0 
57.0 58.0 61.0 60.0 
61.0 59.0 62.0 63.0 
60.0 59.0 60.0 60.0 
103.0 61.0 85.0 75.0 
59.0 58.0 62.0 60.0 
60.0 58.0 63.0 64.0 
59.0 59.0 60.0 60.0 
103.0 60.0 85.0 75.0 
59.0 58.0 61.0 61.0 
60.0 59.0 63.0 63.0 
59.0 59.0 60.0 61.0 
103.0 59.0 86.0 75.0 
59.0 59.0 60.0 62.0 
59.0 59.0 62.0 64.0 
59.0 59.0 59.0 61.0 
104.0 58.0 85.0 73.0 
59.0 59.0 60.0 61.0 
60.0 59.0 62.0 62.0 
60.0 60.0 59.0 61.0 
104.0 59.0 85.0 75.0 
58.0 58.0 62.0 60.0 
60.0 59.0 62.0 63.0 
59.0 59.0 61.0 60.0 
103.0 59.0 85.0 75.0 
59.0 59.0 61.0 61.0 
60.0 58.0 62.0 64.0 
60.0 59.0 60.0 60.0 
104.0 58.0 85.0 74.0 
59.0 59.0 61.0 61.0 
59.0 60.0 63.0 63.0 
58.0 60.0 60.0 60.0 
104.0 58.0 85.0 75.0 
59.0 58.0 61.0 61.0 
61.0 59.0 62.0 64.0 
60.0 59.0 60.0 59.0 
104.0 58.0 84.0 75.0 
59.0 58.0 61.0 60.0 
61.0 58.0 63.0 64.0 
60.0 59.0 60.0 60.0 
105.0 59.0 85.0 75.0 
58.0 59.0 61.0 61.0 
60.0 59.0 63.0 64.0 
59.0 59.0 59.0 60.0 
104.0 60.0 84.0 74.0 
58.0 58.0 60.0 61.0 
60.0 58.0 63.0 63.0 
59.0 60.0 59.0 61.0 
104.0 60.0 84.0 75.0 
59.0 58.0 60.0 61.0 
60.0 59.0 63.0 64.0 
59.0 60.0 59.0 61.0 
104.0 60.0 85.0 75.0 
59.0 59.0 60.0 61.0 
61.0 59.0 63.0 64.0 
59.0 61.0 60.0 60.0 
104.0 60.0 84.0 74.0 
58.0 58.0 61.0 61.0 
60.0 59.0 63.0 64.0 
59.0 59.0 61.0 60.0 
104.0 60.0 85.0 75.0 
59.0 58.0 61.0 61.0 
60.0 60.0 63.0 63.0 
59.0 60.0 60.0 61.0 
104.0 59.0 85.0 74.0 
59.0 59.0 61.0 61.0 
60.0 60.0 63.0 63.0 
59.0 59.0 61.0 61.0 
104.0 58.0 85.0 75.0 
58.0 59.0 61.0 61.0 
61.0 60.0 63.0 63.0 
59.0 59.0 59.0 61.0 
104.0 60.0 84.0 75.0 
59.0 58.0 61.0 61.0 
61.0 59.0 64.0 63.0 
59.0 60.0 60.0 60.0 
104.0 60.0 85.0 74.0 
59.0 58.0 62.0 61.0 
60.0 59.0 63.0 63.0 
59.0 60.0 60.0 61.0 
104.0 59.0 85.0 74.0 
59.0 59.0 61.0 61.0 
60.0 59.0 63.0 64.0 
60.0 59.0 60.0 60.0 
104.0 59.0 84.0 73.0 
58.0 59.0 62.0 61.0 
60.0 59.0 62.0 64.0 
59.0 59.0 60.0 62.0 
103.0 59.0 86.0 75.0 
59.0 59.0 62.0 61.0 
60.0 59.0 63.0 64.0 
60.0 59.0 60.0 60.0 
105.0 59.0 85.0 75.0 
59.0 59.0 61.0 61.0 
60.0 60.0 62.0 64.0 
59.0 59.0 60.0 61.0 
105.0 59.0 85.0 74.0 
58.0 58.0 61.0 62.0 
61.0 60.0 63.0 64.0 
60.0 60.0 60.0 60.0 
104.0 59.0 86.0 75.0 
59.0 59.0 62.0 61.0 
60.0 59.0 62.0 64.0 
59.0 60.0 60.0 60.0 
104.0 59.0 85.0 75.0 
59.0 58.0 61.0 62.0 
60.0 59.0 63.0 64.0 
59.0 61.0 60.0 61.0 
104.0 60.0 86.0 75.0 
58.0 59.0 61.0 61.0 
60.0 59.0 63.0 63.0 
59.0 59.0 60.0 61.0 
103.0 60.0 85.0 74.0 
60.0 59.0 66.0 64.0 
60.0 58.0 63.0 64.0 
60.0 59.0 61.0 62.0 
103.0 60.0 85.0 74.0 
61.0 58.0 65.0 64.0 
60.0 59.0 62.0 63.0 
59.0 60.0 60.0 61.0 
104.0 59.0 84.0 75.0 
60.0 59.0 65.0 64.0 
60.0 59.0 62.0 63.0 
60.0 60.0 61.0 62.0 
104.0 59.0 85.0 74.0 
60.0 58.0 65.0 64.0 
60.0 60.0 62.0 63.0 
60.0 60.0 63.0 61.0 
104.0 60.0 85.0 74.0 
61.0 58.0 66.0 64.0 
60.0 59.0 61.0 63.0 
59.0 59.0 61.0 61.0 
103.0 59.0 84.0 73.0 
61.0 58.0 66.0 65.0 
60.0 59.0 62.0 63.0 
60.0 59.0 61.0 62.0 
104.0 60.0 83.0 75.0 
61.0 58.0 67.0 64.0 
61.0 59.0 62.0 63.0 
60.0 61.0 61.0 62.0 
104.0 59.0 83.0 74.0 
60.0 58.0 66.0 65.0 
60.0 59.0 62.0 64.0 
60.0 61.0 60.0 61.0 
103.0 60.0 83.0 74.0 
61.0 58.0 67.0 64.0 
60.0 61.0 63.0 63.0 
59.0 60.0 61.0 62.0 
103.0 59.0 82.0 73.0 
61.0 58.0 67.0 65.0 
60.0 58.0 63.0 63.0 
60.0 60.0 60.0 62.0 
102.0 59.0 84.0 73.0 
61.0 58.0 66.0 65.0 
60.0 59.0 62.0 64.0 
60.0 59.0 61.0 62.0 
103.0 60.0 84.0 73.0 
61.0 59.0 66.0 65.0 
60.0 59.0 63.0 63.0 
60.0 60.0 61.0 62.0 
103.0 60.0 83.0 74.0 
61.0 58.0 67.0 63.0 
61.0 59.0 63.0 63.0 
60.0 60.0 60.0 62.0 
103.0 59.0 84.0 73.0 
61.0 59.0 66.0 64.0 
60.0 59.0 63.0 64.0 
60.0 59.0 61.0 61.0 
102.0 59.0 84.0 73.0 
61.0 58.0 67.0 64.0 
60.0 60.0 62.0 63.0 
60.0 59.0 61.0 62.0 
103.0 60.0 83.0 73.0 
61.0 59.0 66.0 65.0 
60.0 59.0 63.0 63.0 
59.0 60.0 61.0 61.0 
103.0 60.0 83.0 73.0 
61.0 58.0 66.0 65.0 
60.0 59.0 62.0 63.0 
60.0 60.0 62.0 61.0 
102.0 60.0 83.0 72.0 
61.0 59.0 66.0 64.0 
60.0 59.0 62.0 63.0 
60.0 59.0 61.0 62.0 
104.0 60.0 83.0 74.0 
61.0 58.0 66.0 64.0 
61.0 60.0 62.0 63.0 
60.0 59.0 61.0 61.0 
103.0 59.0 83.0 72.0 
61.0 59.0 66.0 65.0 
60.0 60.0 62.0 62.0 
60.0 60.0 60.0 62.0 
103.0 59.0 83.0 73.0 
61.0 59.0 68.0 64.0 
60.0 60.0 63.0 64.0 
60.0 60.0 61.0 61.0 
103.0 60.0 83.0 72.0 
61.0 59.0 67.0 65.0 
62.0 58.0 63.0 62.0 
60.0 59.0 62.0 61.0 
103.0 59.0 83.0 72.0 
61.0 59.0 68.0 65.0 
60.0 59.0 63.0 64.0 
61.0 60.0 61.0 61.0 
102.0 60.0 83.0 73.0 
61.0 58.0 67.0 64.0 
61.0 59.0 62.0 63.0 
59.0 60.0 61.0 63.0 
103.0 59.0 82.0 73.0 
60.0 59.0 66.0 65.0 
60.0 59.0 62.0 63.0 
60.0 59.0 61.0 61.0 
103.0 59.0 82.0 72.0 
62.0 59.0 66.0 64.0 
60.0 60.0 62.0 63.0 
61.0 61.0 61.0 61.0 
103.0 60.0 82.0 72.0 
61.0 58.0 67.0 65.0 
61.0 59.0 63.0 63.0 
60.0 59.0 61.0 62.0 
103.0 59.0 81.0 72.0 
61.0 59.0 67.0 65.0 
61.0 60.0 63.0 64.0 
60.0 60.0 61.0 62.0 
102.0 59.0 81.0 73.0 
61.0 58.0 68.0 64.0 
61.0 60.0 63.0 63.0 
59.0 60.0 61.0 62.0 
102.0 59.0 82.0 72.0 
61.0 60.0 68.0 65.0 
60.0 59.0 64.0 64.0 
60.0 60.0 60.0 62.0 
102.0 58.0 81.0 72.0 
62.0 59.0 69.0 66.0 
60.0 57.0 63.0 63.0 
60.0 61.0 61.0 62.0 
102.0 59.0 81.0 74.0 
61.0 59.0 70.0 67.0 
60.0 59.0 63.0 64.0 
59.0 59.0 61.0 61.0 
103.0 59.0 81.0 72.0 
62.0 59.0 70.0 66.0 
59.0 58.0 63.0 64.0 
60.0 60.0 61.0 61.0 
102.0 60.0 81.0 73.0 
61.0 59.0 70.0 66.0 
60.0 60.0 64.0 64.0 
59.0 60.0 62.0 61.0 
103.0 60.0 82.0 73.0 
63.0 58.0 70.0 66.0 
60.0 59.0 65.0 63.0 
59.0 60.0 62.0 62.0 
104.0 60.0 82.0 73.0 
61.0 59.0 71.0 64.0 
62.0 60.0 66.0 63.0 
60.0 60.0 62.0 61.0 
103.0 59.0 83.0 73.0 
61.0 58.0 72.0 66.0 
61.0 60.0 65.0 63.0 
59.0 60.0 62.0 61.0 
105.0 59.0 83.0 74.0 
62.0 59.0 71.0 65.0 
60.0 59.0 63.0 64.0 
59.0 60.0 62.0 61.0 
104.0 61.0 82.0 74.0 
62.0 59.0 70.0 66.0 
61.0 59.0 63.0 63.0 
59.0 60.0 62.0 60.0 
104.0 59.0 83.0 73.0 
62.0 58.0 71.0 65.0 
60.0 59.0 65.0 63.0 
59.0 61.0 62.0 61.0 
104.0 59.0 82.0 74.0 
61.0 58.0 70.0 66.0 
60.0 59.0 63.0 63.0 
59.0 59.0 61.0 61.0 
105.0 59.0 81.0 74.0 
61.0 59.0 70.0 66.0 
60.0 60.0 63.0 63.0 
60.0 60.0 61.0 61.0 
105.0 60.0 88.0 76.0 
62.0 59.0 69.0 66.0 
61.0 59.0 63.0 63.0 
59.0 60.0 62.0 61.0 
105.0 59.0 88.0 77.0 
61.0 59.0 68.0 66.0 
60.0 59.0 62.0 63.0 
59.0 59.0 61.0 61.0 
105.0 60.0 88.0 76.0 
63.0 59.0 67.0 66.0 
60.0 60.0 63.0 63.0 
58.0 60.0 62.0 62.0 
105.0 60.0 90.0 77.0 
61.0 58.0 68.0 65.0 
59.0 60.0 61.0 63.0 
60.0 61.0 63.0 61.0 
103.0 59.0 88.0 77.0 
62.0 60.0 67.0 65.0 
60.0 59.0 63.0 63.0 
59.0 60.0 60.0 62.0 
106.0 60.0 87.0 79.0 
61.0 58.0 66.0 64.0 
60.0 59.0 62.0 63.0 
60.0 60.0 62.0 61.0 
99.0 59.0 87.0 78.0 
62.0 58.0 66.0 65.0 
60.0 60.0 61.0 63.0 
60.0 60.0 60.0 62.0 
103.0 60.0 86.0 79.0 
62.0 60.0 64.0 65.0 
60.0 59.0 60.0 62.0 
58.0 60.0 62.0 61.0 
110.0 60.0 87.0 80.0 
61.0 59.0 65.0 65.0 
59.0 58.0 61.0 62.0 
60.0 59.0 61.0 62.0 
105.0 60.0 86.0 80.0 
62.0 59.0 63.0 65.0 
59.0 61.0 60.0 63.0 
60.0 60.0 61.0 62.0 
100.0 59.0 90.0 81.0 
62.0 60.0 63.0 65.0 
60.0 59.0 61.0 63.0 
61.0 60.0 61.0 61.0 
102.0 59.0 90.0 82.0 
61.0 59.0 63.0 64.0 
59.0 59.0 59.0 61.0 
60.0 60.0 60.0 61.0 
97.0 58.0 91.0 84.0 
62.0 59.0 63.0 64.0 
58.0 59.0 59.0 60.0 
61.0 60.0 62.0 61.0 
111.0 60.0 89.0 85.0 
61.0 59.0 63.0 64.0 
58.0 59.0 60.0 60.0 
60.0 60.0 61.0 62.0 
113.0 59.0 90.0 85.0 
61.0 59.0 62.0 65.0 
58.0 59.0 59.0 60.0 
60.0 60.0 60.0 62.0 
102.0 59.0 89.0 84.0 
62.0 59.0 62.0 64.0 
58.0 59.0 60.0 60.0 
61.0 61.0 59.0 61.0 
105.0 58.0 91.0 87.0 
61.0 59.0 63.0 65.0 
58.0 59.0 59.0 60.0 
59.0 62.0 60.0 61.0 
105.0 60.0 90.0 88.0 
63.0 58.0 61.0 65.0 
58.0 61.0 59.0 60.0 
59.0 60.0 60.0 61.0 
107.0 59.0 90.0 89.0 
62.0 60.0 61.0 65.0 
58.0 59.0 59.0 60.0 
59.0 60.0 60.0 61.0 
107.0 60.0 91.0 90.0 
62.0 58.0 62.0 64.0 
59.0 59.0 59.0 60.0 
59.0 61.0 58.0 61.0 
106.0 59.0 90.0 89.0 
62.0 59.0 61.0 64.0 
59.0 59.0 58.0 60.0 
60.0 60.0 60.0 61.0 
107.0 59.0 90.0 88.0 
62.0 58.0 62.0 64.0 
62.0 59.0 61.0 64.0 
59.0 60.0 59.0 61.0 
103.0 60.0 96.0 87.0 
62.0 59.0 61.0 65.0 
62.0 59.0 61.0 65.0 
59.0 60.0 59.0 60.0 
103.0 59.0 98.0 87.0 
62.0 59.0 61.0 64.0 
63.0 59.0 61.0 65.0 
59.0 60.0 59.0 60.0 
102.0 60.0 106.0 86.0 
62.0 59.0 62.0 64.0 
62.0 60.0 61.0 65.0 
59.0 60.0 59.0 60.0 
103.0 60.0 122.0 86.0 
64.0 59.0 64.0 66.0 
62.0 60.0 61.0 65.0 
59.0 59.0 58.0 59.0 
106.0 59.0 131.0 85.0 
63.0 59.0 65.0 66.0 
61.0 59.0 59.0 64.0 
59.0 61.0 58.0 60.0 
105.0 59.0 134.0 84.0 
65.0 60.0 67.0 68.0 
62.0 59.0 60.0 65.0 
58.0 60.0 57.0 60.0 
105.0 59.0 136.0 85.0 
66.0 59.0 69.0 67.0 
63.0 59.0 60.0 64.0 
59.0 60.0 57.0 60.0 
106.0 59.0 136.0 85.0 
66.0 59.0 70.0 69.0 
62.0 59.0 61.0 63.0 
59.0 60.0 56.0 59.0 
105.0 58.0 135.0 86.0 
66.0 60.0 70.0 69.0 
61.0 58.0 60.0 62.0 
59.0 61.0 57.0 60.0 
102.0 60.0 143.0 86.0 
67.0 59.0 72.0 71.0 
62.0 60.0 59.0 62.0 
59.0 60.0 57.0 60.0 
103.0 60.0 147.0 86.0 
67.0 59.0 73.0 71.0 
60.0 60.0 58.0 61.0 
59.0 60.0 57.0 60.0 
103.0 60.0 154.0 88.0 
67.0 58.0 73.0 70.0 
60.0 60.0 58.0 62.0 
60.0 60.0 56.0 60.0 
111.0 61.0 162.0 88.0 
67.0 59.0 71.0 69.0 
60.0 59.0 58.0 62.0 
59.0 60.0 56.0 59.0 
108.0 60.0 175.0 91.0 
66.0 59.0 71.0 69.0 
60.0 59.0 59.0 61.0 
60.0 60.0 55.0 61.0 
109.0 59.0 181.0 91.0 
65.0 59.0 68.0 68.0 
61.0 59.0 59.0 63.0 
59.0 60.0 55.0 61.0 
111.0 60.0 187.0 92.0 
64.0 58.0 65.0 65.0 
61.0 59.0 58.0 62.0 
59.0 60.0 56.0 60.0 
110.0 60.0 191.0 94.0 
62.0 58.0 62.0 64.0 
61.0 60.0 59.0 62.0 
60.0 60.0 56.0 61.0 
111.0 60.0 210.0 95.0 
62.0 59.0 61.0 63.0 
62.0 60.0 57.0 63.0 
59.0 61.0 55.0 60.0 
103.0 58.0 224.0 97.0 
62.0 59.0 62.0 64.0 
61.0 59.0 57.0 63.0 
60.0 61.0 54.0 60.0 
99.0 60.0 234.0 97.0 
61.0 59.0 61.0 63.0 
61.0 59.0 57.0 62.0 
60.0 60.0 55.0 60.0 
90.0 60.0 249.0 96.0 
61.0 59.0 61.0 62.0 
61.0 59.0 57.0 62.0 
60.0 60.0 55.0 61.0 
93.0 60.0 264.0 98.0 
60.0 59.0 61.0 62.0 
61.0 60.0 58.0 62.0 
61.0 60.0 54.0 60.0 
87.0 61.0 287.0 103.0 
61.0 59.0 61.0 62.0 
60.0 58.0 57.0 62.0 
60.0 60.0 54.0 59.0 
85.0 61.0 282.0 100.0 
62.0 58.0 59.0 62.0 
61.0 59.0 57.0 62.0 
60.0 61.0 53.0 61.0 
85.0 62.0 289.0 103.0 
62.0 58.0 60.0 61.0 
62.0 59.0 58.0 62.0 
60.0 60.0 54.0 60.0 
87.0 59.0 302.0 117.0 
61.0 59.0 62.0 62.0 
61.0 59.0 57.0 63.0 
60.0 60.0 54.0 60.0 
92.0 62.0 355.0 149.0 
62.0 59.0 60.0 62.0 
61.0 59.0 57.0 62.0 
60.0 60.0 51.0 59.0 
93.0 63.0 374.0 162.0 
61.0 59.0 59.0 61.0 
61.0 61.0 55.0 60.0 
61.0 61.0 51.0 58.0 
97.0 62.0 404.0 187.0 
61.0 59.0 58.0 60.0 
61.0 60.0 55.0 60.0 
61.0 60.0 52.0 57.0 
103.0 64.0 432.0 195.0 
61.0 59.0 59.0 60.0 
60.0 60.0 53.0 60.0 
61.0 60.0 51.0 59.0 
96.0 61.0 357.0 184.0 
60.0 59.0 60.0 60.0 
61.0 59.0 56.0 60.0 
60.0 60.0 53.0 57.0 
96.0 63.0 380.0 197.0 
61.0 58.0 60.0 58.0 
61.0 59.0 56.0 59.0 
60.0 62.0 53.0 57.0 
102.0 63.0 401.0 231.0 
60.0 59.0 61.0 60.0 
61.0 59.0 56.0 58.0 
60.0 59.0 53.0 56.0 
107.0 65.0 437.0 269.0 
61.0 59.0 56.0 58.0 
62.0 59.0 55.0 58.0 
60.0 60.0 49.0 54.0 
102.0 62.0 347.0 236.0 
61.0 59.0 61.0 59.0 
60.0 59.0 57.0 59.0 
60.0 60.0 52.0 54.0 
103.0 62.0 353.0 263.0 
60.0 59.0 60.0 58.0 
60.0 59.0 56.0 59.0 
60.0 60.0 51.0 54.0 
106.0 64.0 343.0 304.0 
60.0 59.0 59.0 58.0 
60.0 60.0 57.0 58.0 
60.0 60.0 53.0 53.0 
110.0 61.0 293.0 346.0 
60.0 59.0 62.0 56.0 
60.0 59.0 59.0 56.0 
60.0 60.0 55.0 53.0 
114.0 63.0 279.0 398.0 
61.0 59.0 63.0 56.0 
61.0 60.0 58.0 54.0 
60.0 59.0 57.0 51.0 
115.0 63.0 246.0 386.0 
60.0 58.0 61.0 55.0 
60.0 59.0 58.0 54.0 
60.0 61.0 56.0 53.0 
111.0 62.0 223.0 359.0 
61.0 59.0 63.0 57.0 
60.0 60.0 59.0 56.0 
60.0 61.0 58.0 54.0 
108.0 61.0 207.0 332.0 
61.0 58.0 65.0 60.0 
60.0 59.0 60.0 56.0 
61.0 60.0 59.0 55.0 
112.0 60.0 193.0 315.0 
61.0 59.0 64.0 59.0 
59.0 59.0 60.0 55.0 
59.0 61.0 58.0 54.0 
115.0 62.0 205.0 358.0 
61.0 59.0 64.0 57.0 
59.0 60.0 57.0 54.0 
60.0 60.0 58.0 54.0 
120.0 62.0 209.0 388.0 
61.0 59.0 63.0 57.0 
58.0 59.0 57.0 52.0 
59.0 61.0 58.0 52.0 
132.0 63.0 208.0 433.0 
61.0 59.0 64.0 57.0 
58.0 60.0 58.0 50.0 
60.0 60.0 57.0 50.0 
138.0 62.0 202.0 402.0 
61.0 59.0 66.0 58.0 
58.0 59.0 57.0 52.0 
59.0 60.0 58.0 51.0 
138.0 63.0 205.0 420.0 
60.0 59.0 65.0 59.0 
59.0 60.0 57.0 51.0 
58.0 60.0 58.0 51.0 
142.0 62.0 195.0 396.0 
61.0 58.0 65.0 60.0 
58.0 59.0 57.0 53.0 
57.0 59.0 58.0 51.0 
147.0 63.0 186.0 385.0 
60.0 59.0 67.0 58.0 
57.0 58.0 58.0 52.0 
56.0 60.0 59.0 53.0 
152.0 61.0 183.0 329.0 
60.0 59.0 66.0 60.0 
59.0 59.0 59.0 55.0 
56.0 60.0 57.0 52.0 
154.0 61.0 178.0 323.0 
61.0 60.0 67.0 61.0 
60.0 59.0 61.0 57.0 
56.0 60.0 56.0 52.0 
161.0 60.0 156.0 309.0 
60.0 59.0 67.0 61.0 
60.0 60.0 61.0 59.0 
57.0 61.0 59.0 52.0 
171.0 61.0 162.0 304.0 
61.0 58.0 68.0 60.0 
60.0 59.0 62.0 58.0 
56.0 59.0 57.0 52.0 
185.0 61.0 147.0 315.0 
60.0 59.0 68.0 61.0 
58.0 59.0 62.0 57.0 
56.0 59.0 58.0 51.0 
196.0 471.0 146.0 292.0 
60.0 59.0 70.0 61.0 
59.0 60.0 62.0 58.0 
55.0 61.0 57.0 52.0 
169.0 495.0 143.0 277.0 
60.0 56.0 69.0 63.0 
60.0 54.0 62.0 60.0 
57.0 49.0 58.0 55.0 
202.0 60.0 140.0 293.0 
60.0 59.0 69.0 62.0 
59.0 59.0 62.0 59.0 
55.0 60.0 58.0 51.0 
202.0 60.0 138.0 280.0 
60.0 59.0 70.0 63.0 
59.0 60.0 62.0 60.0 
54.0 61.0 56.0 53.0 
205.0 60.0 133.0 263.0 
61.0 59.0 71.0 64.0 
59.0 61.0 63.0 60.0 
55.0 59.0 57.0 53.0 
210.0 60.0 127.0 247.0 
61.0 59.0 72.0 64.0 
59.0 59.0 63.0 62.0 
54.0 60.0 57.0 54.0 
198.0 444.0 125.0 203.0 
62.0 59.0 72.0 65.0 
59.0 59.0 65.0 62.0 
53.0 60.0 58.0 54.0 
220.0 486.0 127.0 203.0 
61.0 59.0 72.0 64.0 
57.0 59.0 65.0 61.0 
52.0 60.0 58.0 55.0 
241.0 536.0 127.0 210.0 
61.0 59.0 73.0 65.0 
58.0 60.0 64.0 61.0 
53.0 60.0 56.0 54.0 
258.0 517.0 125.0 209.0 
62.0 60.0 74.0 68.0 
56.0 59.0 61.0 60.0 
53.0 60.0 58.0 54.0 
237.0 545.0 121.0 201.0 
63.0 60.0 78.0 68.0 
59.0 60.0 65.0 62.0 
52.0 58.0 58.0 53.0 
256.0 567.0 119.0 205.0 
61.0 57.0 78.0 68.0 
61.0 55.0 66.0 64.0 
54.0 48.0 58.0 56.0 
272.0 566.0 119.0 205.0 
63.0 61.0 79.0 69.0 
61.0 57.0 67.0 66.0 
55.0 46.0 58.0 56.0 
261.0 537.0 120.0 187.0 
63.0 62.0 76.0 67.0 
61.0 59.0 67.0 66.0 
55.0 49.0 57.0 57.0 
276.0 500.0 121.0 176.0 
63.0 63.0 76.0 67.0 
61.0 60.0 67.0 67.0 
53.0 49.0 58.0 57.0 
274.0 422.0 118.0 169.0 
64.0 64.0 78.0 69.0 
62.0 61.0 66.0 66.0 
56.0 50.0 59.0 57.0 
322.0 441.0 117.0 163.0 
63.0 64.0 78.0 69.0 
61.0 61.0 66.0 68.0 
53.0 49.0 57.0 57.0 
375.0 459.0 119.0 171.0 
64.0 65.0 79.0 69.0 
61.0 62.0 67.0 68.0 
52.0 50.0 58.0 58.0 
411.0 424.0 115.0 157.0 
65.0 64.0 80.0 68.0 
61.0 61.0 68.0 69.0 
49.0 51.0 58.0 58.0 
419.0 398.0 114.0 149.0 
67.0 68.0 81.0 71.0 
59.0 61.0 67.0 66.0 
54.0 56.0 61.0 62.0 
363.0 298.0 115.0 122.0 
71.0 71.0 85.0 75.0 
63.0 62.0 65.0 67.0 
56.0 58.0 61.0 62.0 
395.0 290.0 119.0 119.0 
74.0 72.0 82.0 75.0 
51.0 54.0 58.0 58.0 
58.0 61.0 63.0 65.0 
416.0 288.0 123.0 118.0 
77.0 74.0 82.0 74.0 
50.0 62.0 64.0 66.0 
57.0 61.0 62.0 65.0 
300.0 268.0 122.0 113.0 
73.0 73.0 82.0 75.0 
53.0 53.0 58.0 59.0 
60.0 61.0 63.0 65.0 
386.0 271.0 126.0 115.0 
78.0 74.0 83.0 75.0 
49.0 55.0 58.0 57.0 
57.0 62.0 63.0 65.0 
420.0 260.0 129.0 114.0 
79.0 75.0 83.0 75.0 
50.0 54.0 57.0 58.0 
56.0 61.0 63.0 65.0 
428.0 242.0 131.0 111.0 
81.0 73.0 84.0 76.0 
50.0 55.0 57.0 57.0 
56.0 61.0 62.0 67.0 
411.0 197.0 128.0 106.0 
80.0 69.0 84.0 76.0 
50.0 56.0 57.0 58.0 
56.0 63.0 63.0 66.0 
370.0 197.0 134.0 100.0 
78.0 73.0 85.0 75.0 
50.0 56.0 57.0 59.0 
58.0 63.0 64.0 66.0 
313.0 177.0 130.0 95.0 
73.0 72.0 101.0 76.0 
53.0 57.0 55.0 59.0 
59.0 64.0 72.0 67.0 
278.0 172.0 130.0 92.0 
74.0 70.0 105.0 76.0 
53.0 58.0 56.0 59.0 
60.0 65.0 78.0 67.0 
238.0 120.0 132.0 85.0 
72.0 68.0 120.0 77.0 
54.0 58.0 54.0 60.0 
62.0 66.0 87.0 68.0 
266.0 104.0 136.0 82.0 
73.0 71.0 128.0 77.0 
54.0 58.0 55.0 59.0 
61.0 64.0 90.0 68.0 
230.0 97.0 135.0 80.0 
71.0 68.0 152.0 79.0 
56.0 61.0 81.0 65.0 
61.0 65.0 100.0 69.0 
213.0 95.0 124.0 78.0 
70.0 67.0 178.0 80.0 
61.0 63.0 139.0 71.0 
60.0 64.0 116.0 69.0 
180.0 88.0 116.0 76.0 
67.0 67.0 188.0 80.0 
66.0 70.0 276.0 87.0 
60.0 63.0 114.0 68.0 
189.0 95.0 116.0 76.0 
66.0 67.0 197.0 80.0 
68.0 75.0 358.0 100.0 
60.0 63.0 112.0 67.0 
179.0 92.0 114.0 75.0 
65.0 67.0 207.0 82.0 
72.0 76.0 410.0 106.0 
59.0 61.0 109.0 67.0 
174.0 91.0 120.0 75.0 
67.0 67.0 219.0 83.0 
76.0 80.0 460.0 114.0 
58.0 62.0 108.0 67.0 
162.0 83.0 116.0 77.0 
67.0 61.0 222.0 88.0 
79.0 76.0 478.0 120.0 
59.0 61.0 119.0 70.0 
163.0 60.0 111.0 82.0 
68.0 59.0 220.0 88.0 
84.0 66.0 503.0 131.0 
61.0 60.0 117.0 69.0 
168.0 60.0 111.0 82.0 
68.0 58.0 214.0 87.0 
85.0 66.0 511.0 141.0 
62.0 60.0 118.0 70.0 
174.0 62.0 115.0 81.0 
67.0 60.0 212.0 88.0 
85.0 66.0 510.0 138.0 
63.0 60.0 118.0 70.0 
169.0 60.0 105.0 81.0 
68.0 59.0 204.0 89.0 
86.0 66.0 519.0 145.0 
63.0 60.0 118.0 71.0 
136.0 60.0 105.0 80.0 
66.0 59.0 191.0 88.0 
87.0 68.0 539.0 154.0 
63.0 60.0 130.0 74.0 
151.0 61.0 106.0 80.0 
66.0 58.0 180.0 86.0 
86.0 69.0 553.0 158.0 
63.0 60.0 128.0 75.0 
151.0 60.0 106.0 82.0 
66.0 60.0 176.0 92.0 
82.0 64.0 469.0 163.0 
62.0 60.0 125.0 78.0 
142.0 60.0 124.0 95.0 
68.0 59.0 181.0 100.0 
82.0 64.0 462.0 177.0 
62.0 60.0 121.0 79.0 
140.0 60.0 124.0 98.0 
68.0 58.0 186.0 105.0 
83.0 64.0 441.0 190.0 
63.0 60.0 114.0 80.0 
142.0 60.0 121.0 100.0 
68.0 59.0 182.0 113.0 
107.0 66.0 592.0 334.0 
62.0 60.0 109.0 83.0 
117.0 61.0 131.0 110.0 
68.0 59.0 172.0 121.0 
86.0 70.0 579.0 438.0 
63.0 60.0 105.0 88.0 
116.0 60.0 130.0 117.0 
68.0 59.0 158.0 121.0 
93.0 66.0 495.0 309.0 
62.0 60.0 102.0 90.0 
120.0 60.0 124.0 114.0 
68.0 59.0 152.0 122.0 
89.0 65.0 440.0 298.0 
65.0 60.0 100.0 92.0 
113.0 60.0 125.0 115.0 
71.0 59.0 168.0 139.0 
91.0 64.0 441.0 321.0 
64.0 60.0 96.0 91.0 
106.0 60.0 126.0 117.0 
71.0 59.0 168.0 146.0 
91.0 64.0 430.0 322.0 
62.0 60.0 94.0 90.0 
106.0 60.0 130.0 123.0 
71.0 59.0 153.0 143.0 
89.0 64.0 405.0 313.0 
63.0 60.0 93.0 90.0 
107.0 60.0 131.0 127.0 
68.0 59.0 122.0 118.0 
93.0 64.0 402.0 331.0 
63.0 60.0 94.0 92.0 
103.0 60.0 128.0 127.0 
68.0 59.0 121.0 118.0 
93.0 65.0 403.0 389.0 
62.0 61.0 86.0 88.0 
105.0 59.0 136.0 149.0 
68.0 59.0 119.0 118.0 
96.0 65.0 358.0 402.0 
61.0 61.0 81.0 86.0 
109.0 60.0 145.0 162.0 
67.0 59.0 115.0 115.0 
104.0 66.0 369.0 471.0 
61.0 60.0 81.0 84.0 
127.0 60.0 134.0 156.0 
68.0 57.0 112.0 116.0 
106.0 66.0 326.0 437.0 
61.0 60.0 81.0 82.0 
123.0 60.0 143.0 161.0 
67.0 59.0 109.0 110.0 
117.0 66.0 305.0 513.0 
62.0 60.0 80.0 81.0 
112.0 60.0 137.0 156.0 
66.0 59.0 102.0 106.0 
120.0 66.0 295.0 510.0 
61.0 60.0 79.0 83.0 
116.0 59.0 137.0 149.0 
66.0 60.0 99.0 99.0 
123.0 67.0 286.0 519.0 
62.0 60.0 80.0 81.0 
120.0 59.0 137.0 157.0 
65.0 59.0 89.0 87.0 
120.0 65.0 262.0 502.0 
61.0 60.0 76.0 82.0 
128.0 60.0 146.0 177.0 
68.0 59.0 94.0 110.0 
121.0 66.0 252.0 519.0 
61.0 60.0 77.0 75.0 
134.0 60.0 149.0 189.0 
69.0 59.0 92.0 114.0 
123.0 66.0 253.0 540.0 
59.0 60.0 67.0 64.0 
137.0 60.0 152.0 195.0 
74.0 59.0 96.0 132.0 
125.0 67.0 251.0 553.0 
57.0 60.0 64.0 59.0 
139.0 60.0 154.0 208.0 
76.0 57.0 100.0 142.0 
124.0 65.0 228.0 484.0 
58.0 61.0 62.0 55.0 
136.0 60.0 151.0 196.0 
76.0 58.0 98.0 144.0 
130.0 65.0 224.0 522.0 
58.0 60.0 63.0 55.0 
141.0 59.0 150.0 195.0 
75.0 58.0 93.0 135.0 
131.0 66.0 211.0 514.0 
57.0 60.0 62.0 56.0 
154.0 59.0 157.0 232.0 
81.0 58.0 99.0 155.0 
119.0 63.0 193.0 446.0 
57.0 60.0 61.0 54.0 
198.0 61.0 156.0 240.0 
84.0 59.0 98.0 166.0 
111.0 61.0 172.0 407.0 
55.0 61.0 61.0 52.0 
169.0 60.0 156.0 253.0 
89.0 59.0 102.0 180.0 
115.0 63.0 171.0 429.0 
56.0 60.0 64.0 54.0 
170.0 60.0 132.0 238.0 
91.0 59.0 99.0 175.0 
113.0 63.0 157.0 409.0 
56.0 60.0 62.0 52.0 
226.0 60.0 133.0 246.0 
89.0 58.0 92.0 155.0 
117.0 62.0 148.0 408.0 
57.0 60.0 61.0 54.0 
241.0 61.0 130.0 244.0 
89.0 59.0 87.0 147.0 
123.0 62.0 122.0 345.0 
58.0 60.0 62.0 59.0 
189.0 59.0 125.0 216.0 
93.0 59.0 86.0 147.0 
119.0 60.0 119.0 325.0 
59.0 60.0 62.0 59.0 
211.0 61.0 128.0 232.0 
90.0 58.0 84.0 131.0 
140.0 60.0 121.0 333.0 
59.0 61.0 62.0 59.0 
230.0 60.0 127.0 231.0 
87.0 59.0 79.0 113.0 
171.0 61.0 120.0 338.0 
58.0 60.0 61.0 59.0 
228.0 60.0 126.0 222.0 
90.0 59.0 79.0 114.0 
170.0 60.0 118.0 311.0 
58.0 60.0 61.0 59.0 
243.0 59.0 125.0 219.0 
91.0 59.0 76.0 106.0 
185.0 61.0 115.0 301.0 
57.0 60.0 61.0 58.0 
261.0 61.0 124.0 223.0 
97.0 59.0 73.0 108.0 
191.0 60.0 108.0 281.0 
57.0 60.0 62.0 59.0 
303.0 61.0 124.0 214.0 
95.0 59.0 74.0 99.0 
202.0 60.0 103.0 258.0 
57.0 60.0 61.0 59.0 
310.0 61.0 123.0 209.0 
94.0 58.0 73.0 95.0 
197.0 60.0 99.0 235.0 
57.0 60.0 60.0 59.0 
331.0 63.0 122.0 203.0 
91.0 58.0 71.0 89.0 
217.0 60.0 98.0 229.0 
53.0 61.0 60.0 57.0 
328.0 62.0 122.0 199.0 
97.0 60.0 69.0 88.0 
272.0 61.0 103.0 242.0 
48.0 60.0 59.0 55.0 
342.0 61.0 121.0 189.0 
103.0 58.0 69.0 86.0 
306.0 61.0 102.0 230.0 
45.0 60.0 58.0 52.0 
369.0 62.0 121.0 189.0 
101.0 59.0 68.0 84.0 
344.0 63.0 105.0 238.0 
45.0 60.0 58.0 52.0 
369.0 62.0 120.0 181.0 
102.0 59.0 68.0 83.0 
345.0 61.0 101.0 218.0 
44.0 60.0 58.0 52.0 
352.0 61.0 119.0 170.0 
100.0 59.0 69.0 83.0 
361.0 62.0 99.0 211.0 
46.0 61.0 57.0 53.0 
337.0 62.0 116.0 161.0 
89.0 58.0 67.0 72.0 
343.0 62.0 93.0 190.0 
47.0 60.0 58.0 55.0 
332.0 62.0 118.0 161.0 
76.0 60.0 65.0 68.0 
371.0 62.0 95.0 189.0 
44.0 60.0 58.0 53.0 
330.0 61.0 118.0 154.0 
85.0 59.0 66.0 69.0 
558.0 67.0 101.0 203.0 
45.0 60.0 58.0 54.0 
316.0 61.0 117.0 150.0 
81.0 59.0 66.0 70.0 
583.0 66.0 101.0 199.0 
42.0 60.0 58.0 54.0 
314.0 61.0 118.0 150.0 
118.0 60.0 67.0 76.0 
591.0 65.0 101.0 189.0 
41.0 60.0 58.0 54.0 
311.0 61.0 118.0 146.0 
119.0 59.0 64.0 73.0 
613.0 65.0 98.0 178.0 
40.0 60.0 57.0 55.0 
313.0 61.0 118.0 142.0 
111.0 60.0 65.0 73.0 
636.0 64.0 99.0 185.0 
41.0 59.0 59.0 55.0 
314.0 62.0 120.0 144.0 
102.0 58.0 64.0 69.0 
628.0 64.0 99.0 173.0 
41.0 61.0 58.0 56.0 
316.0 62.0 118.0 138.0 
99.0 58.0 63.0 66.0 
559.0 66.0 98.0 157.0 
41.0 59.0 59.0 55.0 
322.0 61.0 116.0 140.0 
76.0 58.0 63.0 63.0 
537.0 67.0 95.0 147.0 
42.0 60.0 58.0 55.0 
317.0 63.0 119.0 142.0 
78.0 59.0 61.0 62.0 
517.0 67.0 91.0 142.0 
41.0 60.0 58.0 56.0 
316.0 62.0 119.0 139.0 
92.0 60.0 62.0 62.0 
497.0 68.0 92.0 136.0 
44.0 60.0 58.0 56.0 
302.0 61.0 117.0 137.0 
96.0 58.0 63.0 66.0 
549.0 67.0 90.0 135.0 
46.0 60.0 59.0 56.0 
295.0 61.0 118.0 133.0 
83.0 59.0 62.0 63.0 
547.0 66.0 91.0 138.0 
47.0 60.0 59.0 58.0 
276.0 61.0 118.0 130.0 
73.0 59.0 61.0 62.0 
562.0 66.0 91.0 133.0 
48.0 60.0 58.0 57.0 
287.0 61.0 120.0 133.0 
73.0 59.0 61.0 62.0 
515.0 66.0 89.0 125.0 
44.0 60.0 58.0 56.0 
284.0 61.0 121.0 134.0 
70.0 58.0 61.0 61.0 
531.0 68.0 90.0 121.0 
42.0 60.0 58.0 57.0 
289.0 61.0 122.0 134.0 
50.0 59.0 59.0 57.0 
527.0 67.0 89.0 121.0 
42.0 61.0 58.0 57.0 
274.0 60.0 123.0 130.0 
45.0 58.0 59.0 58.0 
555.0 66.0 89.0 120.0 
42.0 60.0 59.0 57.0 
206.0 61.0 124.0 124.0 
46.0 59.0 59.0 58.0 
516.0 66.0 88.0 116.0 
43.0 61.0 58.0 57.0 
264.0 60.0 130.0 129.0 
46.0 58.0 59.0 58.0 
458.0 65.0 85.0 109.0 
44.0 60.0 57.0 57.0 
229.0 61.0 122.0 127.0 
47.0 58.0 60.0 57.0 
434.0 64.0 81.0 105.0 
46.0 60.0 57.0 57.0 
260.0 60.0 117.0 126.0 
47.0 59.0 60.0 58.0 
382.0 62.0 81.0 100.0 
45.0 61.0 58.0 57.0 
268.0 61.0 118.0 128.0 
49.0 59.0 59.0 59.0 
322.0 62.0 77.0 92.0 
46.0 60.0 58.0 58.0 
272.0 62.0 116.0 128.0 
49.0 59.0 60.0 58.0 
272.0 60.0 75.0 89.0 
47.0 60.0 60.0 57.0 
280.0 61.0 112.0 127.0 
49.0 58.0 61.0 58.0 
250.0 61.0 72.0 84.0 
48.0 60.0 59.0 57.0 
282.0 61.0 108.0 124.0 
50.0 59.0 60.0 58.0 
201.0 60.0 72.0 81.0 
48.0 60.0 59.0 57.0 
271.0 60.0 106.0 119.0 
51.0 59.0 61.0 58.0 
192.0 59.0 72.0 81.0 
48.0 60.0 57.0 57.0 
264.0 61.0 99.0 108.0 
51.0 59.0 61.0 59.0 
167.0 59.0 70.0 79.0 
50.0 61.0 60.0 59.0 
258.0 60.0 91.0 93.0 
52.0 59.0 61.0 60.0 
139.0 59.0 68.0 76.0 
52.0 60.0 61.0 61.0 
260.0 61.0 95.0 88.0 
53.0 59.0 62.0 60.0 
115.0 59.0 69.0 75.0 
50.0 60.0 61.0 60.0 
257.0 61.0 96.0 89.0 
52.0 59.0 61.0 59.0 
108.0 60.0 68.0 73.0 
52.0 61.0 61.0 60.0 
255.0 60.0 97.0 88.0 
53.0 59.0 61.0 60.0 
94.0 59.0 67.0 73.0 
55.0 60.0 61.0 60.0 
229.0 59.0 97.0 86.0 
57.0 59.0 61.0 61.0 
88.0 61.0 66.0 70.0 
55.0 61.0 62.0 61.0 
227.0 59.0 95.0 85.0 
57.0 58.0 61.0 60.0 
85.0 60.0 65.0 70.0 
58.0 60.0 60.0 61.0 
192.0 60.0 95.0 83.0 
57.0 59.0 61.0 60.0 
84.0 60.0 66.0 72.0 
57.0 60.0 61.0 61.0 
178.0 59.0 129.0 92.0 
58.0 59.0 64.0 62.0 
85.0 59.0 66.0 70.0 
57.0 60.0 58.0 61.0 
167.0 59.0 131.0 92.0 
58.0 59.0 64.0 63.0 
83.0 60.0 65.0 69.0 
58.0 60.0 60.0 60.0 
145.0 60.0 125.0 91.0 
61.0 59.0 67.0 63.0 
65.0 60.0 62.0 64.0 
58.0 60.0 60.0 60.0 
144.0 60.0 137.0 95.0 
60.0 59.0 65.0 63.0 
64.0 60.0 61.0 64.0 
58.0 60.0 59.0 61.0 
154.0 60.0 141.0 105.0 
61.0 58.0 65.0 63.0 
59.0 59.0 60.0 61.0 
59.0 60.0 58.0 60.0 
128.0 60.0 137.0 107.0 
61.0 60.0 65.0 62.0 
59.0 59.0 59.0 61.0 
59.0 60.0 60.0 60.0 
144.0 59.0 138.0 111.0 
61.0 60.0 65.0 64.0 
59.0 59.0 60.0 61.0 
60.0 60.0 60.0 59.0 
111.0 60.0 137.0 113.0 
61.0 59.0 65.0 64.0 
61.0 60.0 61.0 62.0 
60.0 60.0 60.0 61.0 
116.0 61.0 133.0 115.0 
62.0 58.0 66.0 64.0 
61.0 60.0 62.0 63.0 
60.0 60.0 60.0 61.0 
114.0 60.0 125.0 112.0 
61.0 59.0 66.0 65.0 
60.0 60.0 61.0 62.0 
59.0 60.0 60.0 61.0 
111.0 60.0 105.0 100.0 
61.0 58.0 66.0 64.0 
60.0 59.0 60.0 63.0 
60.0 59.0 60.0 62.0 
102.0 60.0 104.0 102.0 
62.0 58.0 67.0 64.0 
60.0 59.0 61.0 63.0 
61.0 60.0 61.0 60.0 
90.0 60.0 106.0 106.0 
61.0 59.0 66.0 63.0 
60.0 59.0 62.0 62.0 
60.0 61.0 60.0 60.0 
89.0 60.0 108.0 105.0 
62.0 59.0 66.0 64.0 
61.0 60.0 62.0 62.0 
60.0 60.0 60.0 61.0 
89.0 59.0 106.0 105.0 
61.0 59.0 66.0 64.0 
61.0 59.0 62.0 62.0 
61.0 60.0 61.0 60.0 
97.0 59.0 109.0 110.0 
60.0 58.0 60.0 61.0 
61.0 59.0 62.0 62.0 
60.0 57.0 60.0 60.0 
110.0 60.0 104.0 98.0 
60.0 59.0 63.0 62.0 
61.0 59.0 62.0 63.0 
60.0 60.0 60.0 61.0 
127.0 59.0 112.0 124.0 
58.0 58.0 60.0 59.0 
60.0 59.0 63.0 63.0 
60.0 59.0 60.0 59.0 
130.0 60.0 111.0 134.0 
59.0 59.0 60.0 59.0 
60.0 59.0 62.0 62.0 
60.0 60.0 61.0 59.0 
132.0 61.0 103.0 137.0 
57.0 59.0 60.0 58.0 
59.0 59.0 63.0 62.0 
60.0 60.0 61.0 60.0 
143.0 59.0 108.0 152.0 
59.0 58.0 60.0 59.0 
59.0 59.0 63.0 61.0 
58.0 60.0 60.0 58.0 
186.0 61.0 110.0 163.0 
57.0 59.0 60.0 59.0 
58.0 59.0 62.0 61.0 
56.0 60.0 59.0 58.0 
201.0 60.0 111.0 176.0 
57.0 58.0 61.0 58.0 
58.0 59.0 62.0 61.0 
56.0 60.0 61.0 58.0 
206.0 60.0 112.0 186.0 
58.0 59.0 60.0 58.0 
58.0 59.0 62.0 60.0 
56.0 60.0 60.0 56.0 
214.0 60.0 113.0 203.0 
56.0 59.0 60.0 57.0 
57.0 59.0 63.0 59.0 
55.0 61.0 60.0 56.0 
216.0 60.0 111.0 192.0 
56.0 59.0 60.0 58.0 
57.0 59.0 62.0 60.0 
56.0 58.0 60.0 56.0 
220.0 60.0 110.0 191.0 
56.0 59.0 60.0 57.0 
55.0 59.0 64.0 58.0 
55.0 61.0 59.0 56.0 
222.0 60.0 107.0 185.0 
56.0 58.0 61.0 56.0 
57.0 59.0 63.0 60.0 
57.0 59.0 61.0 57.0 
222.0 59.0 110.0 190.0 
57.0 59.0 62.0 59.0 
58.0 60.0 62.0 59.0 
57.0 61.0 60.0 57.0 
231.0 60.0 107.0 178.0 
56.0 58.0 63.0 59.0 
56.0 60.0 63.0 60.0 
55.0 59.0 62.0 60.0 
227.0 59.0 110.0 190.0 
57.0 58.0 63.0 58.0 
57.0 59.0 62.0 60.0 
56.0 60.0 60.0 57.0 
224.0 60.0 108.0 189.0 
56.0 59.0 63.0 58.0 
57.0 60.0 62.0 60.0 
56.0 59.0 61.0 57.0 
223.0 60.0 111.0 188.0 
57.0 58.0 65.0 59.0 
57.0 59.0 62.0 58.0 
56.0 60.0 60.0 57.0 
247.0 61.0 110.0 184.0 
56.0 60.0 64.0 59.0 
57.0 60.0 63.0 60.0 
56.0 60.0 60.0 58.0 
221.0 60.0 111.0 186.0 
57.0 59.0 65.0 59.0 
57.0 59.0 61.0 61.0 
56.0 59.0 61.0 56.0 
215.0 60.0 108.0 183.0 
57.0 60.0 64.0 59.0 
56.0 60.0 63.0 59.0 
55.0 60.0 60.0 57.0 
211.0 60.0 109.0 182.0 
57.0 59.0 64.0 60.0 
57.0 59.0 62.0 60.0 
56.0 60.0 61.0 57.0 
195.0 60.0 108.0 177.0 
57.0 59.0 64.0 60.0 
58.0 60.0 62.0 59.0 
56.0 59.0 60.0 57.0 
249.0 60.0 111.0 188.0 
57.0 59.0 64.0 59.0 
55.0 55.0 62.0 59.0 
55.0 60.0 60.0 57.0 
255.0 60.0 111.0 186.0 
56.0 59.0 63.0 59.0 
57.0 59.0 61.0 60.0 
56.0 59.0 59.0 58.0 
247.0 61.0 109.0 180.0 
57.0 58.0 66.0 60.0 
57.0 59.0 62.0 60.0 
55.0 59.0 60.0 57.0 
249.0 60.0 107.0 168.0 
57.0 59.0 64.0 60.0 
56.0 60.0 61.0 60.0 
54.0 60.0 60.0 58.0 
241.0 60.0 105.0 158.0 
56.0 59.0 66.0 60.0 
55.0 59.0 62.0 62.0 
54.0 60.0 60.0 59.0 
229.0 59.0 103.0 154.0 
58.0 59.0 65.0 60.0 
56.0 60.0 63.0 61.0 
56.0 59.0 60.0 58.0 
209.0 60.0 103.0 147.0 
58.0 59.0 65.0 61.0 
58.0 60.0 62.0 61.0 
57.0 61.0 61.0 60.0 
206.0 60.0 101.0 134.0 
58.0 59.0 65.0 62.0 
57.0 60.0 62.0 61.0 
56.0 60.0 61.0 59.0 
206.0 60.0 100.0 135.0 
58.0 59.0 65.0 61.0 
58.0 58.0 62.0 61.0 
57.0 58.0 61.0 59.0 
233.0 60.0 101.0 134.0 
58.0 59.0 65.0 62.0 
57.0 60.0 62.0 61.0 
57.0 61.0 60.0 59.0 
213.0 60.0 99.0 129.0 
58.0 59.0 65.0 62.0 
58.0 59.0 63.0 61.0 
56.0 61.0 60.0 59.0 
278.0 61.0 101.0 136.0 
55.0 59.0 66.0 61.0 
55.0 60.0 62.0 61.0 
54.0 60.0 61.0 59.0 
323.0 62.0 103.0 139.0 
55.0 59.0 64.0 62.0 
55.0 60.0 62.0 62.0 
52.0 60.0 61.0 59.0 
312.0 62.0 104.0 139.0 
55.0 60.0 64.0 60.0 
54.0 60.0 61.0 61.0 
54.0 60.0 61.0 58.0 
300.0 60.0 104.0 139.0 
55.0 59.0 65.0 61.0 
54.0 59.0 63.0 61.0 
52.0 59.0 61.0 59.0 
338.0 61.0 106.0 141.0 
53.0 58.0 64.0 61.0 
54.0 60.0 62.0 61.0 
52.0 59.0 60.0 60.0 
341.0 61.0 107.0 141.0 
53.0 58.0 64.0 61.0 
53.0 59.0 64.0 61.0 
52.0 60.0 61.0 60.0 
326.0 61.0 105.0 139.0 
55.0 59.0 63.0 60.0 
53.0 59.0 63.0 62.0 
52.0 60.0 61.0 60.0 
333.0 61.0 105.0 138.0 
55.0 60.0 64.0 61.0 
54.0 59.0 63.0 61.0 
52.0 61.0 61.0 58.0 
337.0 62.0 104.0 137.0 
54.0 59.0 65.0 61.0 
52.0 59.0 62.0 61.0 
52.0 61.0 62.0 60.0 
328.0 62.0 103.0 132.0 
55.0 58.0 65.0 61.0 
56.0 60.0 62.0 62.0 
54.0 60.0 62.0 60.0 
308.0 60.0 101.0 129.0 
55.0 59.0 64.0 62.0 
55.0 59.0 63.0 61.0 
53.0 60.0 60.0 60.0 
276.0 61.0 101.0 124.0 
58.0 59.0 65.0 61.0 
57.0 59.0 63.0 61.0 
56.0 59.0 61.0 60.0 
299.0 61.0 101.0 126.0 
55.0 59.0 65.0 61.0 
55.0 60.0 63.0 61.0 
53.0 60.0 61.0 59.0 
299.0 62.0 101.0 124.0 
56.0 59.0 64.0 60.0 
55.0 59.0 63.0 62.0 
54.0 59.0 60.0 60.0 
250.0 60.0 100.0 124.0 
57.0 59.0 65.0 62.0 
57.0 60.0 64.0 62.0 
57.0 60.0 61.0 60.0 
260.0 60.0 101.0 127.0 
56.0 58.0 65.0 61.0 
58.0 59.0 64.0 62.0 
56.0 60.0 59.0 60.0 
323.0 63.0 102.0 130.0 
54.0 59.0 65.0 61.0 
55.0 59.0 63.0 63.0 
52.0 60.0 61.0 60.0 
306.0 61.0 102.0 127.0 
55.0 58.0 64.0 61.0 
54.0 61.0 64.0 62.0 
52.0 60.0 61.0 59.0 
298.0 62.0 103.0 123.0 
56.0 59.0 65.0 61.0 
55.0 60.0 64.0 63.0 
52.0 60.0 61.0 59.0 
254.0 60.0 100.0 117.0 
58.0 58.0 64.0 62.0 
60.0 59.0 63.0 64.0 
59.0 60.0 61.0 60.0 
265.0 60.0 99.0 109.0 
57.0 60.0 65.0 63.0 
58.0 60.0 63.0 63.0 
57.0 60.0 61.0 60.0 
297.0 60.0 100.0 119.0 
55.0 58.0 64.0 62.0 
55.0 59.0 63.0 63.0 
53.0 60.0 61.0 60.0 
292.0 61.0 101.0 114.0 
56.0 59.0 65.0 62.0 
55.0 59.0 65.0 62.0 
53.0 60.0 60.0 59.0 
257.0 60.0 99.0 111.0 
57.0 59.0 64.0 62.0 
58.0 60.0 64.0 63.0 
56.0 59.0 60.0 61.0 
271.0 60.0 99.0 111.0 
56.0 59.0 65.0 62.0 
56.0 59.0 65.0 63.0 
54.0 59.0 61.0 61.0 
271.0 61.0 100.0 114.0 
56.0 59.0 65.0 62.0 
56.0 59.0 65.0 64.0 
54.0 61.0 61.0 61.0 
270.0 60.0 100.0 113.0 
55.0 59.0 64.0 61.0 
56.0 59.0 65.0 64.0 
54.0 60.0 61.0 60.0 
264.0 60.0 100.0 112.0 
55.0 60.0 64.0 61.0 
57.0 59.0 64.0 63.0 
54.0 60.0 61.0 61.0 
254.0 61.0 100.0 111.0 
56.0 59.0 64.0 62.0 
56.0 60.0 63.0 63.0 
54.0 61.0 61.0 61.0 
253.0 60.0 99.0 107.0 
56.0 59.0 64.0 62.0 
55.0 59.0 63.0 63.0 
55.0 61.0 61.0 61.0 
256.0 60.0 99.0 109.0 
55.0 58.0 64.0 62.0 
56.0 59.0 65.0 61.0 
53.0 60.0 61.0 61.0 
238.0 60.0 97.0 92.0 
56.0 58.0 64.0 61.0 
57.0 59.0 64.0 62.0 
55.0 59.0 60.0 62.0 
244.0 60.0 99.0 103.0 
56.0 60.0 63.0 62.0 
56.0 59.0 64.0 63.0 
55.0 60.0 61.0 61.0 
239.0 60.0 100.0 105.0 
56.0 58.0 64.0 63.0 
56.0 59.0 63.0 63.0 
56.0 59.0 62.0 61.0 
235.0 60.0 98.0 98.0 
57.0 59.0 63.0 62.0 
57.0 59.0 63.0 63.0 
55.0 60.0 61.0 61.0 
225.0 61.0 96.0 91.0 
57.0 59.0 64.0 62.0 
57.0 59.0 64.0 63.0 
55.0 59.0 63.0 61.0 
227.0 60.0 95.0 90.0 
56.0 58.0 65.0 63.0 
55.0 60.0 63.0 63.0 
55.0 60.0 61.0 61.0 
225.0 59.0 96.0 90.0 
55.0 60.0 64.0 63.0 
56.0 59.0 62.0 63.0 
55.0 60.0 61.0 60.0 
225.0 60.0 94.0 91.0 
56.0 59.0 65.0 62.0 
56.0 59.0 63.0 63.0 
54.0 61.0 61.0 61.0 
224.0 60.0 95.0 90.0 
56.0 59.0 66.0 61.0 
56.0 59.0 64.0 63.0 
56.0 60.0 62.0 61.0 
217.0 61.0 91.0 88.0 
56.0 58.0 64.0 62.0 
56.0 59.0 64.0 63.0 
55.0 61.0 62.0 61.0 
209.0 59.0 88.0 86.0 
56.0 59.0 65.0 63.0 
56.0 59.0 64.0 63.0 
56.0 59.0 61.0 62.0 
200.0 61.0 92.0 86.0 
58.0 59.0 66.0 62.0 
57.0 60.0 63.0 63.0 
57.0 59.0 61.0 62.0 
167.0 61.0 91.0 84.0 
58.0 58.0 65.0 62.0 
60.0 59.0 63.0 63.0 
56.0 60.0 61.0 62.0 
180.0 60.0 89.0 82.0 
58.0 59.0 65.0 63.0 
58.0 59.0 63.0 63.0 
58.0 61.0 61.0 61.0 
183.0 60.0 90.0 83.0 
58.0 60.0 65.0 63.0 
57.0 59.0 63.0 63.0 
56.0 60.0 62.0 62.0 
166.0 60.0 90.0 80.0 
59.0 58.0 66.0 63.0 
59.0 59.0 64.0 63.0 
60.0 61.0 61.0 62.0 
162.0 61.0 90.0 81.0 
59.0 59.0 64.0 63.0 
60.0 60.0 63.0 63.0 
59.0 59.0 62.0 61.0 
173.0 60.0 89.0 81.0 
57.0 58.0 65.0 63.0 
58.0 60.0 64.0 62.0 
58.0 61.0 61.0 62.0 
169.0 60.0 91.0 81.0 
59.0 60.0 65.0 63.0 
60.0 59.0 63.0 62.0 
59.0 60.0 62.0 62.0 
157.0 59.0 89.0 79.0 
59.0 59.0 65.0 63.0 
60.0 59.0 63.0 62.0 
59.0 60.0 61.0 62.0 
146.0 60.0 87.0 78.0 
60.0 59.0 65.0 63.0 
59.0 59.0 63.0 63.0 
58.0 60.0 62.0 60.0 
163.0 60.0 87.0 80.0 
58.0 59.0 65.0 63.0 
58.0 59.0 63.0 63.0 
56.0 60.0 62.0 62.0 
159.0 60.0 87.0 80.0 
59.0 59.0 66.0 63.0 
58.0 60.0 64.0 62.0 
57.0 60.0 63.0 61.0 
167.0 60.0 87.0 80.0 
59.0 60.0 66.0 63.0 
59.0 59.0 64.0 63.0 
59.0 59.0 62.0 61.0 
162.0 60.0 86.0 79.0 
59.0 59.0 65.0 63.0 
59.0 59.0 63.0 63.0 
59.0 59.0 62.0 62.0 
162.0 60.0 82.0 78.0 
59.0 58.0 64.0 63.0 
59.0 59.0 63.0 63.0 
59.0 59.0 62.0 62.0 
161.0 60.0 83.0 78.0 
58.0 59.0 65.0 63.0 
59.0 60.0 63.0 63.0 
59.0 60.0 62.0 62.0 
164.0 60.0 83.0 78.0 
59.0 59.0 64.0 63.0 
58.0 60.0 65.0 64.0 
57.0 61.0 62.0 62.0 
164.0 60.0 82.0 78.0 
59.0 59.0 64.0 62.0 
59.0 59.0 65.0 63.0 
57.0 60.0 62.0 61.0 
174.0 61.0 77.0 78.0 
57.0 58.0 62.0 61.0 
58.0 60.0 64.0 63.0 
57.0 59.0 62.0 62.0 
171.0 61.0 79.0 78.0 
57.0 59.0 63.0 61.0 
58.0 59.0 64.0 62.0 
57.0 60.0 62.0 61.0 
171.0 60.0 79.0 78.0 
57.0 58.0 63.0 61.0 
58.0 60.0 65.0 63.0 
57.0 60.0 62.0 61.0 
170.0 60.0 75.0 77.0 
56.0 60.0 61.0 61.0 
59.0 59.0 64.0 63.0 
57.0 60.0 63.0 61.0 
167.0 59.0 74.0 77.0 
58.0 58.0 62.0 61.0 
58.0 59.0 63.0 63.0 
58.0 60.0 62.0 62.0 
173.0 60.0 74.0 77.0 
57.0 59.0 62.0 61.0 
57.0 60.0 64.0 63.0 
58.0 59.0 62.0 62.0 
177.0 59.0 74.0 76.0 
56.0 59.0 62.0 63.0 
57.0 60.0 63.0 63.0 
57.0 60.0 62.0 61.0 
174.0 61.0 76.0 79.0 
55.0 59.0 62.0 59.0 
58.0 59.0 64.0 63.0 
56.0 59.0 63.0 61.0 
175.0 59.0 76.0 77.0 
57.0 59.0 62.0 60.0 
58.0 60.0 64.0 63.0 
56.0 59.0 62.0 61.0 
176.0 59.0 76.0 78.0 
56.0 59.0 60.0 61.0 
57.0 61.0 64.0 63.0 
57.0 60.0 60.0 62.0 
177.0 60.0 76.0 78.0 
57.0 59.0 61.0 60.0 
58.0 59.0 64.0 63.0 
57.0 59.0 62.0 61.0 
177.0 59.0 78.0 78.0 
57.0 59.0 62.0 61.0 
58.0 60.0 64.0 62.0 
57.0 60.0 62.0 62.0 
177.0 60.0 77.0 78.0 
57.0 59.0 61.0 61.0 
58.0 59.0 64.0 62.0 
56.0 61.0 62.0 61.0 
175.0 60.0 77.0 78.0 
57.0 58.0 61.0 60.0 
57.0 60.0 64.0 62.0 
57.0 60.0 61.0 62.0 
175.0 60.0 78.0 78.0 
56.0 59.0 61.0 61.0 
57.0 60.0 64.0 63.0 
57.0 59.0 63.0 61.0 
175.0 60.0 79.0 79.0 
57.0 59.0 61.0 60.0 
57.0 60.0 64.0 63.0 
57.0 59.0 63.0 61.0 
176.0 59.0 78.0 78.0 
56.0 59.0 61.0 61.0 
58.0 60.0 63.0 62.0 
57.0 61.0 62.0 61.0 
176.0 60.0 77.0 77.0 
57.0 57.0 62.0 61.0 
57.0 60.0 64.0 63.0 
57.0 59.0 61.0 61.0 
176.0 59.0 77.0 78.0 
57.0 59.0 62.0 60.0 
58.0 60.0 63.0 63.0 
57.0 60.0 62.0 61.0 
177.0 60.0 76.0 78.0 
57.0 58.0 61.0 60.0 
58.0 59.0 64.0 63.0 
56.0 61.0 62.0 62.0 
176.0 59.0 77.0 77.0 
57.0 58.0 62.0 61.0 
58.0 59.0 64.0 63.0 
57.0 60.0 62.0 61.0 
176.0 59.0 76.0 77.0 
56.0 59.0 63.0 61.0 
58.0 61.0 64.0 62.0 
57.0 60.0 62.0 61.0 
177.0 60.0 76.0 78.0 
57.0 59.0 63.0 61.0 
59.0 59.0 63.0 62.0 
58.0 59.0 63.0 62.0 
177.0 61.0 76.0 77.0 
56.0 58.0 62.0 61.0 
58.0 59.0 64.0 63.0 
56.0 60.0 62.0 62.0 
176.0 61.0 76.0 77.0 
57.0 58.0 62.0 60.0 
57.0 60.0 64.0 63.0 
57.0 60.0 61.0 62.0 
176.0 60.0 74.0 78.0 
56.0 59.0 61.0 61.0 
57.0 59.0 64.0 64.0 
57.0 60.0 62.0 61.0 
176.0 60.0 75.0 78.0 
57.0 59.0 61.0 62.0 
59.0 59.0 63.0 63.0 
57.0 60.0 62.0 61.0 
174.0 60.0 75.0 77.0 
56.0 58.0 62.0 61.0 
58.0 59.0 64.0 63.0 
56.0 60.0 62.0 61.0 
173.0 60.0 74.0 77.0 
57.0 59.0 62.0 60.0 
58.0 59.0 64.0 63.0 
57.0 60.0 62.0 61.0 
173.0 60.0 75.0 77.0 
57.0 59.0 62.0 60.0 
59.0 59.0 64.0 62.0 
57.0 60.0 62.0 63.0 
175.0 60.0 74.0 77.0 
57.0 59.0 62.0 61.0 
58.0 59.0 63.0 63.0 
59.0 60.0 62.0 63.0 
174.0 59.0 74.0 76.0 
57.0 59.0 62.0 61.0 
58.0 59.0 64.0 63.0 
56.0 61.0 61.0 61.0 
174.0 60.0 74.0 77.0 
57.0 59.0 61.0 61.0 
58.0 59.0 64.0 63.0 
57.0 61.0 62.0 61.0 
174.0 60.0 73.0 77.0 
57.0 58.0 62.0 60.0 
58.0 59.0 64.0 62.0 
56.0 61.0 62.0 61.0 
174.0 58.0 75.0 78.0 
57.0 59.0 63.0 60.0 
57.0 59.0 64.0 63.0 
57.0 60.0 62.0 62.0 
174.0 60.0 75.0 78.0 
58.0 60.0 61.0 61.0 
58.0 58.0 65.0 63.0 
58.0 59.0 62.0 60.0 
173.0 59.0 74.0 77.0 
57.0 59.0 62.0 60.0 
57.0 60.0 65.0 64.0 
57.0 60.0 61.0 61.0 
174.0 60.0 75.0 77.0 
56.0 59.0 61.0 60.0 
58.0 59.0 64.0 63.0 
56.0 60.0 62.0 62.0 
172.0 61.0 75.0 77.0 
56.0 59.0 62.0 61.0 
58.0 58.0 65.0 63.0 
57.0 60.0 62.0 62.0 
173.0 60.0 76.0 78.0 
57.0 59.0 61.0 60.0 
59.0 59.0 64.0 63.0 
57.0 60.0 61.0 63.0 
172.0 61.0 77.0 78.0 
57.0 58.0 62.0 59.0 
58.0 60.0 64.0 63.0 
57.0 60.0 63.0 61.0 
171.0 60.0 77.0 78.0 
56.0 59.0 62.0 60.0 
58.0 59.0 64.0 63.0 
58.0 59.0 63.0 61.0 
171.0 59.0 76.0 76.0 
57.0 59.0 61.0 60.0 
58.0 60.0 64.0 63.0 
57.0 59.0 61.0 62.0 
168.0 60.0 75.0 77.0 
57.0 59.0 62.0 60.0 
59.0 59.0 63.0 63.0 
58.0 60.0 63.0 62.0 
169.0 60.0 76.0 77.0 
57.0 58.0 62.0 60.0 
58.0 59.0 64.0 64.0 
58.0 59.0 62.0 61.0 
166.0 61.0 77.0 76.0 
57.0 59.0 61.0 62.0 
59.0 59.0 64.0 63.0 
59.0 60.0 62.0 61.0 
165.0 61.0 78.0 77.0 
57.0 58.0 62.0 60.0 
59.0 60.0 64.0 63.0 
59.0 60.0 62.0 61.0 
165.0 59.0 78.0 76.0 
57.0 58.0 61.0 61.0 
59.0 59.0 65.0 62.0 
57.0 61.0 62.0 61.0 
165.0 60.0 79.0 77.0 
57.0 58.0 62.0 61.0 
58.0 60.0 65.0 63.0 
58.0 61.0 62.0 62.0 
166.0 61.0 86.0 81.0 
57.0 58.0 62.0 62.0 
59.0 60.0 63.0 62.0 
58.0 60.0 62.0 61.0 
166.0 60.0 85.0 80.0 
58.0 59.0 62.0 61.0 
59.0 60.0 63.0 63.0 
57.0 60.0 62.0 61.0 
167.0 61.0 86.0 81.0 
59.0 58.0 61.0 61.0 
58.0 60.0 64.0 62.0 
57.0 60.0 61.0 62.0 
168.0 60.0 81.0 79.0 
57.0 59.0 61.0 61.0 
59.0 59.0 63.0 63.0 
57.0 60.0 62.0 62.0 
167.0 60.0 84.0 79.0 
56.0 59.0 60.0 61.0 
59.0 59.0 64.0 62.0 
58.0 59.0 64.0 62.0 
167.0 59.0 82.0 78.0 
57.0 59.0 61.0 61.0 
59.0 58.0 64.0 62.0 
58.0 60.0 61.0 62.0 
167.0 60.0 82.0 77.0 
57.0 58.0 62.0 60.0 
59.0 59.0 64.0 63.0 
58.0 60.0 62.0 61.0 
166.0 60.0 77.0 76.0 
57.0 58.0 61.0 61.0 
58.0 61.0 65.0 63.0 
58.0 60.0 62.0 61.0 
168.0 59.0 76.0 77.0 
57.0 59.0 61.0 61.0 
58.0 59.0 64.0 63.0 
58.0 59.0 61.0 61.0 
167.0 59.0 78.0 78.0 
57.0 58.0 62.0 60.0 
58.0 60.0 64.0 63.0 
58.0 61.0 60.0 62.0 
168.0 60.0 78.0 78.0 
58.0 58.0 62.0 61.0 
59.0 59.0 64.0 62.0 
58.0 60.0 62.0 62.0 
171.0 60.0 78.0 77.0 
57.0 59.0 61.0 61.0 
58.0 58.0 63.0 64.0 
58.0 60.0 62.0 62.0 
170.0 60.0 77.0 78.0 
57.0 59.0 61.0 61.0 
58.0 59.0 63.0 63.0 
58.0 60.0 63.0 61.0 
171.0 60.0 82.0 78.0 
56.0 59.0 62.0 61.0 
58.0 61.0 64.0 64.0 
57.0 60.0 62.0 63.0 
172.0 61.0 81.0 79.0 
57.0 59.0 61.0 61.0 
59.0 59.0 63.0 63.0 
58.0 60.0 62.0 62.0 
171.0 60.0 80.0 79.0 
57.0 59.0 61.0 61.0 
58.0 59.0 64.0 63.0 
56.0 60.0 62.0 62.0 
173.0 60.0 84.0 79.0 
57.0 59.0 61.0 61.0 
59.0 60.0 64.0 63.0 
58.0 60.0 62.0 62.0 
170.0 59.0 80.0 78.0 
57.0 59.0 61.0 61.0 
58.0 59.0 62.0 63.0 
59.0 60.0 63.0 62.0 
170.0 61.0 80.0 78.0 
56.0 58.0 61.0 61.0 
58.0 59.0 63.0 63.0 
57.0 61.0 62.0 62.0 
168.0 60.0 79.0 78.0 
57.0 58.0 61.0 60.0 
58.0 59.0 64.0 63.0 
58.0 59.0 63.0 61.0 
167.0 61.0 78.0 77.0 
56.0 59.0 61.0 60.0 
58.0 59.0 64.0 62.0 
57.0 59.0 63.0 62.0 
169.0 59.0 79.0 78.0 
57.0 59.0 61.0 61.0 
58.0 59.0 63.0 62.0 
57.0 60.0 62.0 61.0 
165.0 59.0 78.0 76.0 
58.0 59.0 62.0 61.0 
58.0 59.0 64.0 63.0 
58.0 60.0 62.0 61.0 
164.0 60.0 78.0 77.0 
57.0 58.0 61.0 61.0 
58.0 60.0 64.0 63.0 
57.0 59.0 61.0 62.0 
164.0 59.0 79.0 78.0 
57.0 58.0 62.0 61.0 
58.0 59.0 64.0 63.0 
58.0 59.0 62.0 62.0 
163.0 59.0 78.0 77.0 
57.0 59.0 62.0 60.0 
58.0 59.0 64.0 63.0 
58.0 60.0 61.0 62.0 
163.0 60.0 77.0 78.0 
57.0 58.0 62.0 61.0 
59.0 59.0 64.0 63.0 
58.0 60.0 62.0 62.0 
162.0 59.0 79.0 77.0 
57.0 59.0 62.0 61.0 
59.0 59.0 65.0 63.0 
57.0 60.0 62.0 63.0 
161.0 59.0 78.0 77.0 
57.0 58.0 61.0 60.0 
59.0 58.0 64.0 63.0 
58.0 60.0 61.0 62.0 
161.0 60.0 78.0 77.0 
58.0 59.0 62.0 60.0 
58.0 59.0 63.0 62.0 
57.0 60.0 61.0 61.0 
162.0 61.0 79.0 77.0 
58.0 59.0 62.0 61.0 
59.0 59.0 63.0 64.0 
58.0 59.0 62.0 61.0 
163.0 60.0 79.0 78.0 
57.0 58.0 62.0 61.0 
59.0 61.0 63.0 63.0 
59.0 60.0 62.0 62.0 
162.0 61.0 77.0 77.0 
58.0 59.0 62.0 60.0 
59.0 59.0 63.0 62.0 
58.0 59.0 62.0 61.0 
164.0 59.0 76.0 77.0 
57.0 59.0 61.0 61.0 
58.0 59.0 64.0 64.0 
59.0 60.0 61.0 60.0 
162.0 60.0 77.0 77.0 
58.0 59.0 63.0 60.0 
59.0 59.0 63.0 63.0 
58.0 60.0 62.0 61.0 
164.0 59.0 78.0 77.0 
58.0 58.0 62.0 59.0 
59.0 59.0 63.0 64.0 
59.0 59.0 62.0 61.0 
162.0 60.0 79.0 77.0 
58.0 59.0 61.0 61.0 
59.0 59.0 64.0 63.0 
58.0 60.0 62.0 62.0 
165.0 61.0 78.0 78.0 
56.0 60.0 61.0 60.0 
59.0 58.0 64.0 62.0 
58.0 58.0 62.0 60.0 
164.0 59.0 79.0 77.0 
56.0 58.0 61.0 62.0 
59.0 59.0 64.0 64.0 
59.0 60.0 61.0 61.0 
165.0 60.0 78.0 77.0 
57.0 59.0 61.0 60.0 
58.0 60.0 64.0 62.0 
58.0 60.0 63.0 62.0 
167.0 60.0 79.0 78.0 
57.0 59.0 61.0 60.0 
59.0 58.0 64.0 64.0 
58.0 60.0 62.0 61.0 
162.0 60.0 79.0 77.0 
57.0 60.0 61.0 60.0 
59.0 59.0 64.0 63.0 
57.0 61.0 61.0 62.0 
164.0 60.0 79.0 78.0 
57.0 59.0 61.0 60.0 
59.0 59.0 64.0 63.0 
58.0 62.0 61.0 62.0 
164.0 59.0 79.0 77.0 
57.0 57.0 62.0 61.0 
59.0 59.0 64.0 62.0 
57.0 60.0 61.0 62.0 
162.0 60.0 78.0 78.0 
58.0 58.0 62.0 60.0 
59.0 60.0 63.0 62.0 
58.0 59.0 62.0 61.0 
162.0 60.0 80.0 78.0 
58.0 59.0 63.0 60.0 
58.0 59.0 63.0 64.0 
58.0 60.0 61.0 61.0 
162.0 60.0 81.0 77.0 
57.0 59.0 61.0 61.0 
58.0 59.0 63.0 63.0 
58.0 60.0 62.0 61.0 
158.0 60.0 82.0 78.0 
58.0 58.0 62.0 61.0 
59.0 59.0 64.0 62.0 
58.0 60.0 61.0 61.0 
161.0 59.0 80.0 77.0 
57.0 59.0 61.0 61.0 
59.0 59.0 63.0 63.0 
58.0 60.0 62.0 61.0 
157.0 60.0 80.0 77.0 
58.0 59.0 62.0 61.0 
59.0 58.0 64.0 63.0 
58.0 61.0 61.0 62.0 
158.0 59.0 81.0 78.0 
57.0 58.0 61.0 61.0 
58.0 59.0 64.0 63.0 
58.0 59.0 62.0 61.0 
165.0 59.0 82.0 78.0 
57.0 59.0 61.0 61.0 
59.0 59.0 63.0 62.0 
57.0 60.0 61.0 61.0 
164.0 60.0 81.0 78.0 
57.0 58.0 62.0 60.0 
58.0 59.0 64.0 63.0 
57.0 58.0 61.0 62.0 
166.0 59.0 82.0 79.0 
56.0 59.0 61.0 61.0 
58.0 59.0 64.0 62.0 
57.0 60.0 61.0 61.0 
164.0 60.0 81.0 78.0 
57.0 58.0 61.0 61.0 
58.0 59.0 64.0 63.0 
56.0 60.0 62.0 62.0 
167.0 59.0 81.0 79.0 
56.0 58.0 62.0 60.0 
58.0 60.0 64.0 62.0 
57.0 60.0 62.0 61.0 
165.0 60.0 81.0 79.0 
56.0 58.0 61.0 61.0 
58.0 59.0 64.0 62.0 
57.0 60.0 61.0 62.0 
169.0 59.0 81.0 79.0 
57.0 58.0 60.0 61.0 
58.0 60.0 63.0 64.0 
58.0 59.0 61.0 61.0 
160.0 60.0 82.0 79.0 
57.0 58.0 62.0 60.0 
58.0 60.0 63.0 63.0 
58.0 60.0 62.0 62.0 
161.0 60.0 82.0 78.0 
57.0 59.0 61.0 61.0 
58.0 59.0 65.0 63.0 
57.0 61.0 62.0 61.0 
163.0 59.0 84.0 80.0 
58.0 58.0 61.0 62.0 
57.0 59.0 63.0 64.0 
57.0 60.0 61.0 61.0 
164.0 59.0 84.0 78.0 
57.0 59.0 61.0 60.0 
58.0 59.0 64.0 62.0 
57.0 60.0 61.0 61.0 
162.0 60.0 83.0 79.0 
57.0 59.0 60.0 60.0 
58.0 59.0 63.0 63.0 
58.0 60.0 62.0 62.0 
162.0 59.0 84.0 78.0 
57.0 58.0 62.0 60.0 
58.0 61.0 63.0 63.0 
57.0 60.0 62.0 62.0 
157.0 60.0 84.0 79.0 
57.0 59.0 61.0 61.0 
59.0 59.0 64.0 63.0 
59.0 60.0 61.0 62.0 
158.0 59.0 83.0 78.0 
58.0 59.0 62.0 61.0 
59.0 59.0 65.0 63.0 
59.0 59.0 61.0 61.0 
157.0 59.0 83.0 78.0 
58.0 60.0 61.0 61.0 
59.0 59.0 64.0 63.0 
58.0 60.0 61.0 61.0 
154.0 60.0 83.0 78.0 
57.0 59.0 61.0 60.0 
59.0 59.0 63.0 63.0 
59.0 59.0 61.0 62.0 
152.0 61.0 84.0 77.0 
58.0 59.0 60.0 60.0 
59.0 58.0 64.0 62.0 
58.0 60.0 61.0 61.0 
150.0 59.0 84.0 78.0 
57.0 58.0 62.0 61.0 
59.0 58.0 64.0 64.0 
59.0 60.0 61.0 61.0 
162.0 60.0 84.0 79.0 
57.0 59.0 62.0 60.0 
58.0 59.0 63.0 63.0 
57.0 60.0 61.0 62.0 
160.0 60.0 84.0 78.0 
56.0 59.0 61.0 61.0 
59.0 59.0 63.0 63.0 
58.0 60.0 62.0 62.0 
150.0 60.0 83.0 78.0 
58.0 58.0 61.0 61.0 
60.0 58.0 64.0 62.0 
58.0 60.0 61.0 61.0 
157.0 59.0 86.0 79.0 
58.0 59.0 61.0 60.0 
59.0 59.0 63.0 62.0 
59.0 59.0 61.0 60.0 
138.0 60.0 85.0 77.0 
58.0 58.0 61.0 61.0 
60.0 59.0 64.0 64.0 
59.0 60.0 62.0 61.0 
135.0 59.0 85.0 77.0 
58.0 59.0 61.0 60.0 
60.0 59.0 64.0 63.0 
59.0 59.0 61.0 62.0 
134.0 60.0 84.0 75.0 
59.0 58.0 61.0 61.0 
60.0 58.0 64.0 63.0 
58.0 60.0 61.0 62.0 
136.0 59.0 86.0 76.0 
58.0 60.0 61.0 61.0 
59.0 59.0 64.0 62.0 
58.0 60.0 60.0 61.0 
135.0 60.0 86.0 76.0 
59.0 57.0 61.0 61.0 
60.0 59.0 63.0 63.0 
59.0 60.0 61.0 62.0 
136.0 59.0 85.0 76.0 
57.0 58.0 61.0 61.0 
60.0 60.0 63.0 62.0 
59.0 58.0 62.0 62.0 
136.0 59.0 84.0 76.0 
58.0 58.0 61.0 61.0 
59.0 59.0 64.0 62.0 
58.0 59.0 61.0 61.0 
136.0 60.0 85.0 76.0 
58.0 59.0 60.0 61.0 
59.0 59.0 63.0 63.0 
59.0 60.0 62.0 62.0 
137.0 60.0 85.0 77.0 
58.0 58.0 61.0 60.0 
60.0 60.0 62.0 62.0 
58.0 59.0 61.0 62.0 
138.0 59.0 85.0 77.0 
58.0 59.0 61.0 60.0 
59.0 59.0 63.0 64.0 
59.0 60.0 60.0 62.0 
137.0 60.0 85.0 76.0 
58.0 59.0 60.0 61.0 
59.0 59.0 64.0 63.0 
59.0 60.0 61.0 61.0 
137.0 59.0 85.0 77.0 
58.0 59.0 61.0 60.0 
59.0 59.0 63.0 63.0 
58.0 60.0 60.0 62.0 
136.0 60.0 85.0 77.0 
58.0 59.0 61.0 61.0 
61.0 59.0 63.0 63.0 
59.0 60.0 62.0 61.0 
136.0 59.0 85.0 76.0 
58.0 59.0 61.0 61.0 
59.0 60.0 63.0 62.0 
58.0 60.0 61.0 61.0 
136.0 59.0 85.0 76.0 
58.0 59.0 62.0 61.0 
60.0 59.0 63.0 62.0 
58.0 60.0 61.0 62.0 
137.0 60.0 84.0 76.0 
58.0 59.0 61.0 60.0 
60.0 59.0 63.0 63.0 
60.0 60.0 61.0 61.0 
135.0 59.0 80.0 75.0 
58.0 59.0 60.0 61.0 
60.0 59.0 64.0 63.0 
60.0 60.0 62.0 61.0 
137.0 59.0 81.0 74.0 
58.0 59.0 61.0 61.0 
60.0 58.0 63.0 63.0 
60.0 60.0 62.0 62.0 
136.0 60.0 81.0 75.0 
58.0 58.0 61.0 61.0 
58.0 58.0 63.0 63.0 
59.0 61.0 63.0 62.0 
136.0 59.0 82.0 75.0 
59.0 59.0 60.0 62.0 
59.0 59.0 63.0 62.0 
58.0 60.0 62.0 62.0 
136.0 60.0 81.0 76.0 
59.0 58.0 61.0 61.0 
60.0 58.0 64.0 62.0 
59.0 60.0 62.0 62.0 
136.0 61.0 82.0 76.0 
58.0 58.0 62.0 60.0 
60.0 59.0 63.0 62.0 
59.0 60.0 62.0 62.0 
135.0 60.0 81.0 76.0 
59.0 58.0 62.0 61.0 
60.0 59.0 64.0 63.0 
59.0 60.0 62.0 62.0 
136.0 59.0 81.0 76.0 
59.0 58.0 62.0 60.0 
59.0 60.0 63.0 63.0 
59.0 58.0 62.0 62.0 
135.0 60.0 82.0 75.0 
59.0 60.0 62.0 61.0 
59.0 60.0 64.0 63.0 
59.0 60.0 61.0 62.0 
135.0 59.0 83.0 76.0 
58.0 59.0 61.0 61.0 
60.0 59.0 64.0 62.0 
59.0 60.0 62.0 61.0 
136.0 59.0 83.0 76.0 
58.0 59.0 61.0 61.0 
59.0 59.0 64.0 63.0 
58.0 60.0 61.0 62.0 
135.0 60.0 83.0 75.0 
59.0 58.0 61.0 61.0 
59.0 59.0 64.0 63.0 
58.0 60.0 62.0 61.0 
135.0 60.0 83.0 76.0 
60.0 59.0 61.0 61.0 
60.0 59.0 63.0 63.0 
59.0 60.0 61.0 61.0 
134.0 60.0 82.0 76.0 
58.0 59.0 62.0 61.0 
60.0 59.0 62.0 63.0 
59.0 59.0 62.0 62.0 
134.0 60.0 83.0 75.0 
57.0 59.0 61.0 61.0 
59.0 60.0 63.0 63.0 
59.0 59.0 61.0 62.0 
135.0 59.0 81.0 75.0 
58.0 59.0 61.0 60.0 
60.0 59.0 64.0 65.0 
59.0 60.0 62.0 62.0 
135.0 59.0 82.0 76.0 
58.0 58.0 63.0 60.0 
60.0 59.0 63.0 63.0 
59.0 60.0 62.0 61.0 
134.0 59.0 81.0 75.0 
59.0 58.0 61.0 60.0 
60.0 59.0 65.0 63.0 
59.0 60.0 62.0 62.0 
134.0 60.0 81.0 75.0 
58.0 59.0 61.0 61.0 
59.0 59.0 64.0 63.0 
59.0 59.0 62.0 62.0 
138.0 59.0 81.0 75.0 
58.0 59.0 61.0 61.0 
59.0 59.0 63.0 63.0 
59.0 59.0 60.0 61.0 
137.0 59.0 82.0 75.0 
58.0 59.0 61.0 62.0 
60.0 59.0 64.0 63.0 
59.0 61.0 61.0 62.0 
138.0 60.0 82.0 75.0 
58.0 59.0 62.0 61.0 
60.0 59.0 62.0 63.0 
59.0 60.0 62.0 62.0 
137.0 60.0 81.0 76.0 
58.0 59.0 61.0 61.0 
59.0 59.0 63.0 63.0 
59.0 60.0 62.0 61.0 
139.0 60.0 82.0 76.0 
57.0 59.0 61.0 60.0 
59.0 60.0 63.0 63.0 
60.0 60.0 62.0 61.0 
141.0 60.0 82.0 76.0 
58.0 60.0 61.0 60.0 
60.0 59.0 63.0 63.0 
59.0 60.0 62.0 61.0 
140.0 60.0 82.0 76.0 
58.0 58.0 61.0 61.0 
58.0 59.0 64.0 62.0 
59.0 60.0 62.0 61.0 
140.0 60.0 81.0 77.0 
58.0 59.0 61.0 61.0 
59.0 60.0 64.0 63.0 
59.0 60.0 61.0 62.0 
140.0 61.0 79.0 76.0 
58.0 59.0 61.0 61.0 
60.0 59.0 62.0 63.0 
59.0 60.0 62.0 63.0 
141.0 58.0 81.0 76.0 
57.0 59.0 62.0 60.0 
59.0 59.0 64.0 63.0 
59.0 60.0 62.0 61.0 
140.0 59.0 80.0 75.0 
57.0 59.0 62.0 61.0 
60.0 60.0 63.0 64.0 
59.0 59.0 62.0 61.0 
139.0 60.0 79.0 75.0 
58.0 59.0 61.0 61.0 
59.0 60.0 62.0 63.0 
59.0 61.0 62.0 62.0 
139.0 60.0 80.0 74.0 
58.0 58.0 62.0 61.0 
60.0 59.0 64.0 64.0 
59.0 59.0 62.0 62.0 
140.0 59.0 80.0 76.0 
58.0 59.0 61.0 60.0 
59.0 59.0 64.0 63.0 
58.0 59.0 62.0 62.0 
139.0 60.0 78.0 75.0 
57.0 59.0 61.0 61.0 
60.0 59.0 64.0 63.0 
58.0 60.0 62.0 61.0 
140.0 59.0 79.0 75.0 
58.0 59.0 62.0 61.0 
59.0 59.0 64.0 63.0 
58.0 61.0 61.0 62.0 
140.0 60.0 80.0 75.0 
57.0 60.0 61.0 60.0 
59.0 59.0 64.0 63.0 
59.0 60.0 62.0 62.0 
140.0 59.0 80.0 76.0 
58.0 58.0 62.0 61.0 
59.0 58.0 63.0 63.0 
59.0 60.0 62.0 62.0 
139.0 60.0 80.0 76.0 
57.0 58.0 61.0 61.0 
59.0 60.0 63.0 63.0 
59.0 60.0 61.0 61.0 
141.0 60.0 80.0 75.0 
58.0 59.0 61.0 61.0 
59.0 59.0 64.0 63.0 
59.0 60.0 62.0 62.0 
141.0 60.0 79.0 76.0 
58.0 59.0 62.0 60.0 
60.0 59.0 64.0 63.0 
59.0 60.0 61.0 62.0 
141.0 59.0 81.0 74.0 
57.0 60.0 61.0 61.0 
59.0 59.0 64.0 63.0 
60.0 60.0 62.0 62.0 
140.0 59.0 79.0 75.0 
58.0 58.0 61.0 61.0 
60.0 60.0 64.0 63.0 
59.0 61.0 61.0 61.0 
140.0 59.0 80.0 76.0 
58.0 59.0 61.0 61.0 
59.0 59.0 63.0 63.0 
59.0 60.0 60.0 62.0 
140.0 60.0 78.0 75.0 
59.0 59.0 62.0 61.0 
59.0 60.0 64.0 63.0 
58.0 59.0 62.0 62.0 
139.0 59.0 79.0 76.0 
58.0 59.0 61.0 61.0 
59.0 59.0 64.0 62.0 
59.0 60.0 61.0 61.0 
139.0 59.0 79.0 76.0 
59.0 58.0 61.0 60.0 
59.0 60.0 64.0 63.0 
59.0 60.0 62.0 62.0 
139.0 60.0 79.0 75.0 
58.0 59.0 61.0 61.0 
59.0 59.0 63.0 63.0 
59.0 61.0 62.0 63.0 
140.0 60.0 79.0 75.0 
58.0 59.0 61.0 60.0 
58.0 60.0 63.0 63.0 
59.0 59.0 62.0 62.0 
140.0 59.0 79.0 75.0 
58.0 59.0 62.0 60.0 
60.0 59.0 64.0 63.0 
58.0 59.0 62.0 62.0 
139.0 59.0 81.0 75.0 
59.0 59.0 61.0 61.0 
59.0 59.0 63.0 63.0 
59.0 60.0 61.0 61.0 
140.0 59.0 79.0 76.0 
58.0 58.0 61.0 59.0 
59.0 56.0 64.0 63.0 
58.0 60.0 61.0 62.0 
140.0 60.0 78.0 75.0 
58.0 59.0 62.0 60.0 
59.0 59.0 64.0 63.0 
59.0 60.0 61.0 62.0 
140.0 59.0 79.0 75.0 
58.0 59.0 61.0 60.0 
60.0 59.0 63.0 63.0 
59.0 59.0 61.0 61.0 
140.0 59.0 79.0 75.0 
57.0 57.0 62.0 60.0 
59.0 60.0 64.0 63.0 
59.0 60.0 62.0 62.0 
141.0 60.0 79.0 75.0 
58.0 59.0 62.0 60.0 
61.0 58.0 64.0 62.0 
59.0 59.0 62.0 62.0 
140.0 60.0 78.0 75.0 
59.0 58.0 62.0 61.0 
59.0 59.0 64.0 63.0 
59.0 60.0 62.0 62.0 
139.0 60.0 80.0 76.0 
58.0 59.0 62.0 60.0 
60.0 59.0 64.0 63.0 
58.0 61.0 62.0 62.0 
140.0 60.0 80.0 75.0 
58.0 57.0 62.0 61.0 
59.0 60.0 64.0 63.0 
59.0 60.0 62.0 63.0 
139.0 60.0 80.0 76.0 
58.0 59.0 61.0 61.0 
59.0 59.0 63.0 63.0 
59.0 59.0 62.0 62.0 
139.0 59.0 80.0 75.0 
58.0 58.0 62.0 60.0 
60.0 59.0 63.0 63.0 
58.0 60.0 61.0 61.0 
137.0 60.0 82.0 75.0 
58.0 59.0 61.0 61.0 
60.0 59.0 63.0 63.0 
59.0 60.0 62.0 62.0 
136.0 61.0 78.0 74.0 
58.0 58.0 62.0 61.0 
59.0 60.0 63.0 63.0 
59.0 60.0 62.0 62.0 
137.0 59.0 79.0 75.0 
58.0 58.0 62.0 61.0 
59.0 60.0 63.0 63.0 
59.0 61.0 61.0 62.0 
137.0 61.0 81.0 75.0 
59.0 58.0 62.0 60.0 
60.0 60.0 63.0 63.0 
59.0 60.0 62.0 62.0 
138.0 60.0 81.0 76.0 
58.0 59.0 61.0 61.0 
60.0 60.0 63.0 62.0 
59.0 60.0 63.0 62.0 
140.0 59.0 81.0 76.0 
58.0 59.0 62.0 61.0 
59.0 59.0 64.0 63.0 
59.0 60.0 62.0 62.0 
138.0 59.0 80.0 75.0 
59.0 58.0 61.0 61.0 
59.0 57.0 64.0 63.0 
60.0 60.0 63.0 63.0 
138.0 60.0 78.0 75.0 
58.0 59.0 62.0 61.0 
59.0 59.0 64.0 62.0 
59.0 60.0 62.0 62.0 
136.0 59.0 79.0 75.0 
58.0 59.0 62.0 61.0 
59.0 59.0 63.0 63.0 
60.0 59.0 62.0 62.0 
137.0 60.0 79.0 74.0 
59.0 58.0 63.0 60.0 
59.0 61.0 63.0 63.0 
59.0 60.0 62.0 62.0 
137.0 60.0 80.0 75.0 
58.0 59.0 62.0 61.0 
59.0 59.0 64.0 62.0 
59.0 58.0 63.0 61.0 
138.0 59.0 80.0 75.0 
58.0 58.0 62.0 61.0 
59.0 59.0 61.0 63.0 
59.0 59.0 62.0 61.0 
138.0 59.0 81.0 75.0 
58.0 59.0 62.0 61.0 
59.0 60.0 63.0 62.0 
59.0 60.0 62.0 62.0 
137.0 60.0 80.0 75.0 
58.0 60.0 61.0 61.0 
60.0 59.0 63.0 63.0 
59.0 60.0 63.0 62.0 
134.0 60.0 81.0 75.0 
59.0 59.0 62.0 60.0 
60.0 59.0 64.0 63.0 
57.0 61.0 62.0 63.0 
139.0 60.0 81.0 75.0 
57.0 59.0 62.0 61.0 
58.0 59.0 64.0 63.0 
59.0 59.0 62.0 62.0 
142.0 58.0 81.0 75.0 
58.0 59.0 61.0 61.0 
59.0 59.0 64.0 63.0 
60.0 60.0 61.0 62.0 
140.0 59.0 79.0 75.0 
58.0 59.0 62.0 60.0 
59.0 60.0 64.0 63.0 
59.0 60.0 62.0 61.0 
139.0 60.0 78.0 75.0 
58.0 58.0 62.0 61.0 
59.0 60.0 63.0 62.0 
60.0 60.0 62.0 62.0 
140.0 60.0 78.0 75.0 
58.0 59.0 62.0 61.0 
60.0 59.0 65.0 63.0 
59.0 60.0 61.0 63.0 
140.0 60.0 80.0 75.0 
59.0 58.0 62.0 60.0 
59.0 58.0 64.0 64.0 
59.0 60.0 62.0 62.0 
140.0 61.0 81.0 75.0 
57.0 59.0 63.0 60.0 
59.0 59.0 64.0 63.0 
58.0 60.0 62.0 62.0 
140.0 59.0 81.0 75.0 
59.0 59.0 61.0 61.0 
59.0 59.0 64.0 63.0 
59.0 60.0 62.0 61.0 
140.0 59.0 81.0 75.0 
57.0 59.0 61.0 61.0 
59.0 59.0 64.0 63.0 
59.0 60.0 62.0 62.0 
140.0 60.0 82.0 75.0 
57.0 59.0 61.0 61.0 
59.0 59.0 63.0 63.0 
59.0 59.0 63.0 62.0 
140.0 60.0 82.0 74.0 
57.0 60.0 61.0 59.0 
60.0 60.0 63.0 62.0 
59.0 60.0 62.0 62.0 
139.0 59.0 82.0 76.0 
58.0 59.0 61.0 60.0 
60.0 59.0 63.0 64.0 
60.0 59.0 62.0 62.0 
139.0 60.0 81.0 76.0 
58.0 59.0 62.0 61.0 
59.0 58.0 63.0 63.0 
59.0 59.0 62.0 62.0 
139.0 60.0 81.0 75.0 
58.0 59.0 61.0 61.0 
59.0 59.0 63.0 63.0 
58.0 61.0 62.0 62.0 
140.0 60.0 81.0 75.0 
58.0 59.0 61.0 61.0 
59.0 59.0 63.0 63.0 
59.0 59.0 63.0 61.0 
140.0 59.0 80.0 75.0 
58.0 59.0 62.0 61.0 
59.0 58.0 65.0 63.0 
58.0 60.0 62.0 62.0 
140.0 60.0 80.0 75.0 
58.0 59.0 61.0 61.0 
60.0 59.0 64.0 62.0 
58.0 60.0 62.0 63.0 
140.0 58.0 80.0 75.0 
58.0 58.0 62.0 61.0 
60.0 59.0 65.0 63.0 
59.0 60.0 62.0 61.0 
138.0 60.0 80.0 75.0 
58.0 59.0 61.0 61.0 
61.0 60.0 63.0 63.0 
59.0 60.0 61.0 63.0 
138.0 61.0 79.0 75.0 
58.0 59.0 63.0 61.0 
60.0 59.0 62.0 63.0 
59.0 60.0 62.0 62.0 
137.0 58.0 79.0 75.0 
59.0 59.0 61.0 61.0 
60.0 59.0 63.0 63.0 
59.0 60.0 62.0 62.0 
134.0 60.0 79.0 75.0 
58.0 59.0 62.0 61.0 
60.0 59.0 64.0 63.0 
59.0 60.0 62.0 62.0 
135.0 58.0 82.0 75.0 
58.0 59.0 62.0 61.0 
59.0 60.0 63.0 63.0 
60.0 60.0 62.0 63.0 
134.0 60.0 82.0 75.0 
59.0 58.0 61.0 61.0 
59.0 59.0 64.0 63.0 
59.0 60.0 61.0 62.0 
135.0 58.0 81.0 74.0 
59.0 58.0 62.0 61.0 
60.0 60.0 64.0 63.0 
59.0 61.0 62.0 62.0 
134.0 59.0 80.0 75.0 
58.0 59.0 62.0 61.0 
59.0 59.0 64.0 63.0 
59.0 59.0 61.0 62.0 
135.0 60.0 80.0 74.0 
58.0 59.0 61.0 61.0 
59.0 60.0 64.0 63.0 
59.0 60.0 62.0 62.0 
135.0 60.0 80.0 74.0 
58.0 58.0 61.0 61.0 
59.0 59.0 64.0 63.0 
58.0 60.0 63.0 63.0 
135.0 60.0 80.0 76.0 
59.0 59.0 61.0 60.0 
59.0 59.0 64.0 63.0 
58.0 61.0 62.0 63.0 
136.0 60.0 80.0 75.0 
58.0 60.0 59.0 61.0 
59.0 59.0 63.0 64.0 
59.0 61.0 62.0 62.0 
134.0 60.0 80.0 74.0 
58.0 60.0 62.0 61.0 
60.0 59.0 64.0 63.0 
60.0 60.0 62.0 62.0 
135.0 61.0 80.0 74.0 
59.0 59.0 62.0 60.0 
60.0 59.0 64.0 63.0 
60.0 60.0 62.0 62.0 
135.0 59.0 80.0 75.0 
58.0 59.0 61.0 61.0 
59.0 59.0 65.0 64.0 
60.0 60.0 62.0 62.0 
135.0 60.0 80.0 74.0 
58.0 59.0 61.0 60.0 
60.0 59.0 64.0 63.0 
59.0 60.0 63.0 61.0 
135.0 60.0 80.0 75.0 
58.0 58.0 62.0 61.0 
58.0 60.0 64.0 63.0 
59.0 60.0 62.0 62.0 
134.0 60.0 81.0 74.0 
58.0 59.0 61.0 61.0 
59.0 60.0 64.0 63.0 
59.0 60.0 63.0 62.0 
134.0 61.0 81.0 75.0 
59.0 57.0 62.0 60.0 
59.0 59.0 63.0 64.0 
60.0 59.0 62.0 62.0 
136.0 59.0 81.0 73.0 
59.0 59.0 61.0 61.0 
59.0 59.0 63.0 63.0 
60.0 60.0 62.0 62.0 
134.0 60.0 81.0 73.0 
58.0 59.0 62.0 61.0 
60.0 59.0 65.0 63.0 
60.0 59.0 62.0 62.0 
135.0 61.0 80.0 75.0 
58.0 59.0 62.0 61.0 
60.0 60.0 63.0 64.0 
60.0 60.0 63.0 63.0 
133.0 60.0 81.0 74.0 
59.0 58.0 62.0 61.0 
60.0 59.0 64.0 63.0 
60.0 60.0 63.0 62.0 
134.0 60.0 81.0 75.0 
58.0 59.0 61.0 61.0 
60.0 58.0 64.0 62.0 
59.0 59.0 63.0 63.0 
135.0 62.0 81.0 75.0 
58.0 58.0 61.0 62.0 
59.0 60.0 63.0 64.0 
59.0 59.0 62.0 62.0 
135.0 60.0 81.0 75.0 
58.0 59.0 61.0 62.0 
60.0 59.0 64.0 63.0 
59.0 60.0 62.0 63.0 
135.0 60.0 81.0 73.0 
59.0 59.0 62.0 61.0 
60.0 59.0 64.0 62.0 
60.0 59.0 62.0 62.0 
134.0 60.0 80.0 75.0 
59.0 59.0 61.0 61.0 
59.0 59.0 64.0 63.0 
58.0 61.0 62.0 62.0 
134.0 60.0 80.0 74.0 
58.0 59.0 61.0 61.0 
59.0 58.0 64.0 63.0 
59.0 61.0 63.0 63.0 
134.0 60.0 81.0 73.0 
58.0 59.0 60.0 62.0 
60.0 59.0 65.0 62.0 
59.0 60.0 62.0 61.0 
134.0 60.0 81.0 75.0 
58.0 59.0 61.0 61.0 
59.0 59.0 64.0 63.0 
60.0 60.0 63.0 62.0 
133.0 60.0 83.0 75.0 
59.0 58.0 62.0 61.0 
60.0 58.0 64.0 63.0 
59.0 60.0 62.0 62.0 
133.0 60.0 83.0 76.0 
58.0 59.0 61.0 61.0 
60.0 60.0 64.0 64.0 
60.0 60.0 62.0 62.0 
134.0 60.0 84.0 75.0 
58.0 59.0 61.0 60.0 
59.0 62.0 63.0 63.0 
59.0 61.0 62.0 63.0 
134.0 59.0 84.0 75.0 
58.0 59.0 62.0 61.0 
59.0 59.0 64.0 63.0 
60.0 60.0 61.0 63.0 
134.0 59.0 83.0 76.0 
58.0 58.0 61.0 61.0 
60.0 59.0 65.0 63.0 
60.0 59.0 62.0 62.0 
135.0 60.0 83.0 75.0 
59.0 58.0 62.0 61.0 
59.0 59.0 64.0 63.0 
59.0 60.0 62.0 62.0 
134.0 60.0 83.0 75.0 
59.0 59.0 62.0 61.0 
60.0 60.0 63.0 63.0 
60.0 60.0 61.0 62.0 
136.0 60.0 83.0 76.0 
57.0 59.0 62.0 62.0 
59.0 59.0 64.0 62.0 
60.0 60.0 62.0 62.0 
135.0 60.0 83.0 76.0 
59.0 58.0 61.0 61.0 
60.0 58.0 64.0 63.0 
59.0 59.0 63.0 62.0 
135.0 61.0 83.0 76.0 
58.0 58.0 61.0 61.0 
60.0 60.0 65.0 62.0 
59.0 60.0 62.0 62.0 
134.0 59.0 84.0 75.0 
58.0 58.0 62.0 61.0 
60.0 59.0 64.0 63.0 
59.0 60.0 62.0 62.0 
132.0 60.0 83.0 76.0 
58.0 59.0 62.0 61.0 
59.0 59.0 64.0 63.0 
59.0 59.0 62.0 62.0 
133.0 60.0 83.0 75.0 
59.0 58.0 62.0 61.0 
59.0 59.0 63.0 63.0 
58.0 60.0 61.0 62.0 
134.0 61.0 83.0 74.0 
58.0 57.0 62.0 61.0 
59.0 60.0 64.0 63.0 
59.0 60.0 62.0 62.0 
135.0 60.0 83.0 76.0 
59.0 58.0 62.0 61.0 
59.0 58.0 64.0 63.0 
60.0 60.0 63.0 62.0 
135.0 60.0 83.0 76.0 
58.0 58.0 62.0 61.0 
59.0 59.0 64.0 62.0 
59.0 60.0 61.0 62.0 
135.0 59.0 82.0 75.0 
58.0 59.0 62.0 61.0 
59.0 59.0 63.0 63.0 
59.0 60.0 61.0 62.0 
136.0 60.0 83.0 74.0 
58.0 58.0 62.0 62.0 
59.0 61.0 63.0 63.0 
60.0 60.0 62.0 62.0 
136.0 60.0 82.0 75.0 
58.0 58.0 62.0 61.0 
59.0 60.0 63.0 63.0 
59.0 59.0 62.0 62.0 
135.0 58.0 83.0 75.0 
58.0 59.0 62.0 61.0 
60.0 59.0 64.0 64.0 
59.0 60.0 61.0 63.0 
135.0 59.0 82.0 76.0 
58.0 59.0 61.0 61.0 
59.0 60.0 63.0 63.0 
59.0 60.0 63.0 62.0 
135.0 60.0 83.0 75.0 
58.0 59.0 62.0 61.0 
59.0 59.0 62.0 63.0 
59.0 60.0 63.0 62.0 
135.0 60.0 82.0 75.0 
59.0 57.0 62.0 63.0 
60.0 59.0 64.0 64.0 
59.0 60.0 63.0 62.0 
134.0 59.0 81.0 74.0 
58.0 60.0 61.0 60.0 
59.0 60.0 63.0 63.0 
59.0 59.0 61.0 62.0 
133.0 60.0 82.0 75.0 
58.0 60.0 61.0 61.0 
60.0 59.0 64.0 63.0 
60.0 59.0 62.0 62.0 
134.0 60.0 81.0 74.0 
59.0 58.0 61.0 60.0 
60.0 58.0 64.0 63.0 
58.0 60.0 64.0 63.0 
132.0 60.0 81.0 74.0 
58.0 59.0 61.0 62.0 
60.0 58.0 64.0 63.0 
59.0 59.0 63.0 61.0 
130.0 59.0 81.0 74.0 
58.0 59.0 62.0 61.0 
60.0 59.0 63.0 63.0 
60.0 60.0 62.0 62.0 
126.0 59.0 82.0 74.0 
59.0 59.0 60.0 61.0 
60.0 59.0 64.0 63.0 
60.0 57.0 62.0 62.0 
122.0 59.0 82.0 73.0 
60.0 58.0 62.0 61.0 
60.0 60.0 63.0 64.0 
59.0 60.0 61.0 62.0 
120.0 59.0 82.0 73.0 
59.0 59.0 62.0 61.0 
60.0 59.0 64.0 64.0 
60.0 59.0 62.0 62.0 
114.0 60.0 81.0 74.0 
59.0 59.0 62.0 61.0 
60.0 60.0 62.0 64.0 
61.0 60.0 61.0 63.0 
123.0 61.0 82.0 74.0 
57.0 58.0 61.0 62.0 
61.0 59.0 63.0 63.0 
60.0 59.0 62.0 62.0 
122.0 60.0 81.0 74.0 
59.0 59.0 61.0 62.0 
61.0 60.0 63.0 63.0 
62.0 60.0 63.0 62.0 
117.0 60.0 82.0 74.0 
60.0 58.0 62.0 61.0 
61.0 58.0 63.0 63.0 
60.0 60.0 62.0 62.0 
118.0 59.0 83.0 74.0 
60.0 59.0 63.0 61.0 
61.0 59.0 64.0 63.0 
60.0 60.0 61.0 62.0 
119.0 59.0 83.0 73.0 
59.0 58.0 62.0 61.0 
61.0 58.0 65.0 64.0 
61.0 60.0 62.0 62.0 
120.0 60.0 83.0 74.0 
60.0 58.0 61.0 61.0 
61.0 59.0 64.0 63.0 
61.0 60.0 62.0 62.0 
117.0 60.0 83.0 74.0 
60.0 59.0 62.0 60.0 
61.0 59.0 65.0 63.0 
61.0 59.0 63.0 62.0 
119.0 59.0 82.0 72.0 
59.0 58.0 61.0 61.0 
60.0 59.0 64.0 65.0 
62.0 58.0 62.0 62.0 
104.0 60.0 81.0 73.0 
59.0 59.0 63.0 62.0 
61.0 59.0 63.0 64.0 
60.0 59.0 63.0 63.0 
121.0 60.0 80.0 73.0 
60.0 60.0 62.0 61.0 
61.0 59.0 64.0 64.0 
61.0 59.0 63.0 62.0 
122.0 61.0 82.0 74.0 
59.0 58.0 62.0 61.0 
61.0 59.0 64.0 63.0 
60.0 60.0 62.0 62.0 
120.0 59.0 84.0 75.0 
59.0 58.0 60.0 61.0 
61.0 59.0 64.0 63.0 
61.0 60.0 60.0 62.0 
102.0 60.0 83.0 73.0 
60.0 57.0 61.0 61.0 
60.0 61.0 63.0 64.0 
61.0 61.0 62.0 62.0 
115.0 59.0 84.0 73.0 
59.0 59.0 61.0 60.0 
60.0 59.0 63.0 64.0 
60.0 60.0 61.0 62.0 
115.0 59.0 83.0 73.0 
59.0 59.0 62.0 62.0 
62.0 59.0 63.0 64.0 
61.0 60.0 62.0 62.0 
113.0 60.0 85.0 74.0 
59.0 59.0 61.0 61.0 
59.0 61.0 63.0 64.0 
61.0 60.0 62.0 62.0 
112.0 60.0 83.0 74.0 
60.0 60.0 62.0 61.0 
61.0 59.0 63.0 63.0 
61.0 59.0 62.0 63.0 
109.0 60.0 83.0 74.0 
59.0 59.0 61.0 62.0 
61.0 60.0 64.0 63.0 
61.0 61.0 62.0 62.0 
108.0 60.0 84.0 72.0 
59.0 58.0 60.0 62.0 
61.0 59.0 64.0 63.0 
61.0 60.0 63.0 62.0 
104.0 60.0 83.0 74.0 
59.0 58.0 62.0 61.0 
60.0 60.0 63.0 63.0 
61.0 60.0 62.0 62.0 
133.0 59.0 84.0 76.0 
60.0 58.0 62.0 61.0 
61.0 59.0 64.0 63.0 
61.0 61.0 61.0 63.0 
135.0 60.0 84.0 76.0 
59.0 59.0 63.0 61.0 
60.0 59.0 64.0 63.0 
60.0 60.0 63.0 63.0 
137.0 59.0 83.0 76.0 
59.0 59.0 61.0 61.0 
60.0 59.0 63.0 62.0 
60.0 60.0 62.0 63.0 
138.0 59.0 84.0 76.0 
59.0 59.0 62.0 61.0 
61.0 60.0 63.0 63.0 
61.0 60.0 62.0 62.0 
138.0 60.0 84.0 76.0 
59.0 58.0 62.0 61.0 
61.0 59.0 63.0 63.0 
60.0 59.0 63.0 62.0 
138.0 60.0 85.0 76.0 
58.0 59.0 62.0 61.0 
61.0 59.0 63.0 62.0 
61.0 61.0 62.0 62.0 
137.0 60.0 84.0 77.0 
57.0 59.0 62.0 61.0 
61.0 59.0 64.0 63.0 
61.0 59.0 62.0 62.0 
137.0 60.0 83.0 77.0 
59.0 58.0 63.0 61.0 
61.0 60.0 62.0 63.0 
61.0 60.0 62.0 62.0 
139.0 59.0 84.0 76.0 
60.0 59.0 62.0 61.0 
61.0 59.0 63.0 63.0 
59.0 60.0 62.0 63.0 
141.0 59.0 84.0 76.0 
59.0 58.0 62.0 61.0 
60.0 59.0 64.0 64.0 
60.0 60.0 62.0 62.0 
139.0 59.0 85.0 76.0 
58.0 60.0 61.0 61.0 
61.0 59.0 64.0 63.0 
59.0 60.0 61.0 62.0 
139.0 60.0 82.0 76.0 
58.0 59.0 62.0 61.0 
60.0 59.0 63.0 63.0 
60.0 60.0 61.0 62.0 
141.0 60.0 84.0 76.0 
59.0 58.0 62.0 61.0 
59.0 59.0 63.0 63.0 
59.0 60.0 62.0 62.0 
141.0 60.0 84.0 76.0 
57.0 59.0 60.0 60.0 
59.0 59.0 63.0 65.0 
58.0 61.0 62.0 61.0 
141.0 59.0 84.0 77.0 
58.0 59.0 62.0 61.0 
59.0 59.0 64.0 64.0 
61.0 60.0 61.0 62.0 
140.0 60.0 85.0 77.0 
58.0 59.0 61.0 61.0 
59.0 62.0 63.0 63.0 
59.0 59.0 62.0 63.0 
141.0 59.0 84.0 76.0 
58.0 59.0 61.0 61.0 
60.0 60.0 64.0 62.0 
60.0 60.0 61.0 63.0 
141.0 59.0 84.0 76.0 
58.0 58.0 62.0 60.0 
59.0 60.0 63.0 63.0 
60.0 60.0 62.0 63.0 
141.0 60.0 84.0 77.0 
58.0 59.0 62.0 60.0 
60.0 59.0 64.0 63.0 
59.0 60.0 62.0 62.0 
141.0 59.0 84.0 77.0 
58.0 58.0 61.0 62.0 
61.0 59.0 64.0 63.0 
58.0 60.0 61.0 62.0 
141.0 60.0 84.0 76.0 
58.0 59.0 61.0 61.0 
59.0 59.0 64.0 63.0 
58.0 60.0 62.0 63.0 
142.0 60.0 83.0 76.0 
56.0 59.0 61.0 61.0 
59.0 59.0 64.0 63.0 
59.0 60.0 62.0 62.0 
141.0 59.0 84.0 77.0 
57.0 58.0 62.0 61.0 
59.0 60.0 63.0 63.0 
59.0 60.0 61.0 62.0 
139.0 59.0 83.0 76.0 
57.0 59.0 61.0 61.0 
59.0 59.0 63.0 63.0 
59.0 60.0 61.0 62.0 
140.0 60.0 84.0 76.0 
58.0 59.0 61.0 60.0 
59.0 59.0 63.0 64.0 
60.0 60.0 62.0 62.0 
139.0 59.0 83.0 77.0 
56.0 58.0 62.0 61.0 
59.0 60.0 63.0 63.0 
59.0 60.0 62.0 62.0 
142.0 60.0 85.0 76.0 
58.0 59.0 62.0 60.0 
60.0 59.0 63.0 63.0 
59.0 59.0 63.0 62.0 
141.0 59.0 83.0 77.0 
58.0 59.0 61.0 60.0 
59.0 59.0 64.0 63.0 
59.0 60.0 61.0 62.0 
139.0 60.0 84.0 76.0 
57.0 59.0 62.0 60.0 
59.0 58.0 63.0 63.0 
59.0 60.0 62.0 62.0 
137.0 59.0 82.0 76.0 
57.0 59.0 61.0 61.0 
59.0 60.0 63.0 63.0 
59.0 59.0 62.0 62.0 
137.0 60.0 84.0 77.0 
59.0 57.0 61.0 61.0 
60.0 59.0 63.0 63.0 
59.0 59.0 62.0 62.0 
137.0 60.0 84.0 76.0 
57.0 59.0 61.0 61.0 
59.0 59.0 63.0 62.0 
59.0 60.0 62.0 62.0 
137.0 60.0 84.0 77.0 
58.0 59.0 63.0 61.0 
59.0 59.0 63.0 63.0 
59.0 60.0 62.0 62.0 
136.0 60.0 84.0 76.0 
58.0 59.0 61.0 62.0 
59.0 59.0 63.0 63.0 
59.0 59.0 62.0 62.0 
137.0 60.0 84.0 75.0 
58.0 59.0 62.0 61.0 
59.0 59.0 63.0 63.0 
59.0 61.0 62.0 61.0 
134.0 60.0 83.0 76.0 
57.0 59.0 61.0 60.0 
60.0 59.0 63.0 63.0 
59.0 60.0 62.0 62.0 
123.0 59.0 84.0 74.0 
58.0 60.0 61.0 61.0 
60.0 59.0 63.0 64.0 
60.0 60.0 62.0 62.0 
116.0 60.0 82.0 75.0 
60.0 58.0 62.0 61.0 
60.0 59.0 63.0 64.0 
61.0 60.0 62.0 62.0 
119.0 59.0 83.0 74.0 
59.0 58.0 62.0 61.0 
60.0 60.0 63.0 64.0 
59.0 59.0 63.0 62.0 
108.0 59.0 82.0 72.0 
59.0 59.0 61.0 61.0 
61.0 59.0 64.0 64.0 
61.0 61.0 63.0 63.0 
98.0 59.0 82.0 71.0 
59.0 59.0 62.0 61.0 
61.0 60.0 63.0 63.0 
60.0 60.0 61.0 62.0 
97.0 60.0 82.0 72.0 
59.0 59.0 61.0 61.0 
61.0 59.0 63.0 64.0 
61.0 60.0 62.0 62.0 
98.0 60.0 83.0 72.0 
59.0 57.0 63.0 61.0 
62.0 59.0 63.0 64.0 
61.0 60.0 62.0 62.0 
99.0 60.0 82.0 72.0 
60.0 58.0 61.0 61.0 
61.0 60.0 64.0 64.0 
60.0 59.0 63.0 62.0 
98.0 60.0 83.0 72.0 
59.0 59.0 61.0 61.0 
60.0 59.0 63.0 64.0 
61.0 60.0 62.0 63.0 
99.0 60.0 83.0 72.0 
59.0 59.0 62.0 60.0 
61.0 60.0 63.0 63.0 
60.0 60.0 61.0 63.0 
99.0 59.0 83.0 71.0 
59.0 59.0 61.0 61.0 
61.0 59.0 63.0 64.0 
60.0 60.0 62.0 62.0 
99.0 60.0 83.0 73.0 
59.0 59.0 61.0 61.0 
60.0 60.0 63.0 64.0 
61.0 61.0 61.0 62.0 
98.0 60.0 83.0 72.0 
59.0 59.0 61.0 61.0 
59.0 59.0 62.0 64.0 
61.0 59.0 62.0 61.0 
103.0 60.0 83.0 72.0 
60.0 59.0 62.0 61.0 
61.0 59.0 63.0 64.0 
61.0 60.0 62.0 62.0 
101.0 59.0 83.0 72.0 
60.0 58.0 62.0 61.0 
61.0 59.0 64.0 64.0 
61.0 59.0 62.0 62.0 
98.0 59.0 83.0 71.0 
59.0 59.0 62.0 61.0 
60.0 59.0 63.0 64.0 
60.0 60.0 62.0 62.0 
97.0 60.0 83.0 72.0 
59.0 60.0 62.0 61.0 
61.0 60.0 63.0 63.0 
61.0 60.0 61.0 63.0 
98.0 59.0 80.0 73.0 
59.0 58.0 62.0 61.0 
61.0 60.0 63.0 64.0 
60.0 60.0 62.0 62.0 
104.0 60.0 83.0 72.0 
59.0 58.0 62.0 61.0 
61.0 59.0 64.0 64.0 
61.0 60.0 62.0 62.0 
101.0 60.0 82.0 72.0 
60.0 58.0 62.0 61.0 
61.0 59.0 64.0 64.0 
60.0 60.0 62.0 63.0 
101.0 60.0 83.0 72.0 
60.0 58.0 62.0 61.0 
61.0 59.0 63.0 64.0 
61.0 60.0 62.0 62.0 
99.0 60.0 83.0 72.0 
60.0 59.0 63.0 61.0 
62.0 60.0 63.0 63.0 
60.0 60.0 62.0 62.0 
98.0 60.0 82.0 72.0 
59.0 59.0 61.0 61.0 
60.0 60.0 63.0 63.0 
60.0 60.0 61.0 62.0 
98.0 59.0 83.0 71.0 
59.0 58.0 62.0 62.0 
61.0 59.0 63.0 64.0 
61.0 60.0 62.0 62.0 
98.0 60.0 82.0 71.0 
60.0 59.0 62.0 62.0 
60.0 59.0 63.0 64.0 
61.0 60.0 62.0 62.0 
99.0 59.0 81.0 71.0 
59.0 58.0 62.0 62.0 
60.0 60.0 63.0 64.0 
61.0 59.0 62.0 62.0 
97.0 60.0 82.0 72.0 
59.0 60.0 62.0 61.0 
61.0 58.0 62.0 65.0 
60.0 60.0 62.0 62.0 
109.0 60.0 82.0 72.0 
59.0 59.0 62.0 61.0 
61.0 59.0 64.0 63.0 
60.0 60.0 62.0 62.0 
107.0 60.0 83.0 74.0 
59.0 59.0 62.0 62.0 
61.0 59.0 63.0 63.0 
59.0 60.0 63.0 62.0 
108.0 59.0 83.0 73.0 
59.0 58.0 62.0 61.0 
60.0 60.0 63.0 63.0 
60.0 60.0 62.0 62.0 
110.0 60.0 83.0 72.0 
60.0 57.0 62.0 61.0 
61.0 60.0 63.0 63.0 
61.0 60.0 62.0 62.0 
103.0 59.0 84.0 72.0 
59.0 59.0 62.0 62.0 
61.0 59.0 64.0 64.0 
61.0 59.0 62.0 61.0 
104.0 60.0 83.0 73.0 
60.0 58.0 62.0 61.0 
61.0 59.0 63.0 64.0 
61.0 60.0 62.0 62.0 
101.0 60.0 84.0 72.0 
59.0 59.0 62.0 61.0 
61.0 58.0 63.0 64.0 
