4313 21 38 0

12300 13 29 1
12300 13 30 1
12300 13 31 1
12300 15 24 1
12300 15 32 1
12300 15 25 1
12300 15 33 1
12300 15 26 1
12300 15 34 1
12300 15 35 1
12300 17 24 1
12300 17 25 1
12300 17 34 1
12300 17 35 1
12300 17 36 1
12300 17 37 1
12300 17 22 1
12300 19 24 1
12300 19 36 1
12300 19 37 1
12300 19 22 1
12300 21 24 1
12300 21 36 1
12300 21 37 1
12300 21 22 1
12300 23 24 1
12300 23 35 1
12300 23 36 1
12300 23 22 1
12300 25 24 1
12300 25 25 1
12300 25 35 1
12300 27 32 1
12300 27 33 1
12300 27 26 1
12300 27 29 1
12300 27 30 1
12300 14 32 1
12300 14 33 1
12300 14 26 1
12300 14 34 1
12300 14 29 1
12300 14 30 1
12300 14 31 1
12300 16 24 1
12300 16 25 1
12300 16 33 1
12300 16 26 1
12300 16 34 1
12300 16 35 1
12300 18 24 1
12300 18 36 1
12300 18 22 1
12300 20 24 1
12300 20 36 1
12300 20 37 1
12300 20 22 1
12300 22 24 1
12300 22 35 1
12300 22 37 1
12300 22 22 1
12300 24 24 1
12300 24 25 1
12300 24 34 1
12300 24 35 1
12300 24 36 1
12300 24 22 1
12300 26 24 1
12300 26 32 1
12300 26 25 1
12300 26 33 1
12300 26 26 1
12300 26 35 1
12300 26 29 1
12300 28 29 1
12300 28 30 1
12300 28 31 1
12300 40 26 0
12300 13 29 1
12300 13 30 1
12300 13 31 1
12300 15 24 1
12300 15 32 1
12300 15 25 1
12300 15 33 1
12300 15 26 1
12300 15 34 1
12300 15 35 1
12300 15 29 1
12300 15 31 1
12300 17 24 1
12300 17 25 1
12300 17 35 1
12300 19 24 1
12300 19 22 1
12300 21 24 1
12300 21 22 1
12300 23 24 1
12300 23 22 1
12300 25 24 1

12364 17 24 0
12364 19 24 0
12364 19 22 0
12364 21 37 0
12364 21 22 0
12364 23 24 0
12364 23 36 0
12364 23 22 0
12364 25 24 0
12364 25 25 0
12364 27 33 0
12364 27 26 0
12364 27 29 0
12364 27 30 0
12364 27 31 0
12364 24 24 0
12364 24 25 0
12364 24 35 1
12364 26 25 0
12364 26 33 1
12364 15 33 0
12364 15 34 0
12364 15 35 0
12364 15 31 0
12364 17 24 0
12364 17 25 0
12364 17 35 0
12364 21 24 0
12364 21 37 1
12364 23 24 1
12364 23 36 1
12364 25 24 1
12364 27 32 1
12364 27 33 1
12364 27 26 1
12364 27 29 1
12364 27 30 1
12364 27 31 1
12364 14 33 0
12364 16 33 0
12364 16 35 0
12364 18 24 0
12364 20 22 0
12364 24 24 0
12364 26 25 0
12364 17 35 0
12364 17 37 0
12364 19 24 0
12364 21 22 0
12364 23 24 0
12364 23 36 0
12364 23 22 0
12364 25 24 0
12364 27 32 0
12364 27 33 0
12364 27 26 0
12364 27 29 0
12364 27 30 0
12364 16 35 1
12364 22 24 0
12364 22 22 0
12364 24 24 0
12364 24 35 0
12364 26 24 0
12364 26 25 0
12364 26 33 0
12364 26 26 0
12364 26 34 0
12364 26 29 0
12364 28 29 0
12364 28 30 0
12364 15 33 1
12364 15 34 1
12364 15 35 1
12364 17 24 1
12364 17 35 1
12364 19 24 1
12364 21 37 0
12364 25 24 0
12364 25 25 0
12364 27 32 0
12364 27 33 0
12364 27 26 0
12364 27 29 0
12364 27 30 0
12364 27 31 0
12364 14 33 1
12364 14 31 1
12364 16 24 1
12364 16 35 1
12364 18 24 1
12364 18 36 1
12364 24 35 1
12364 17 35 1
12364 17 36 1
12364 27 32 1
12364 27 33 1
12364 27 26 1
12364 27 29 1
12364 27 30 1

12415 22 24 1
12415 22 22 1
12415 24 24 1
12415 26 25 1
12415 26 26 1
12415 26 29 1
12415 28 29 1
12415 17 24 1
12415 17 25 1
12415 19 24 1
12415 19 22 1
12415 21 24 1
12415 23 24 1
12415 23 37 0
12415 25 25 1
12415 27 26 1
12415 27 29 1
12415 14 26 1
12415 14 29 1
12415 16 35 0
12415 18 24 1
12415 20 24 1
12415 20 37 0
12415 20 22 1
12415 24 24 1
12415 24 25 1
12415 24 35 0
12415 26 24 1
12415 26 25 1
12415 26 26 1
12415 13 31 1
12415 15 33 0
12415 15 34 0
12415 17 24 1
12415 17 35 0
12415 17 36 0
12415 21 22 1
12415 23 24 1
12415 23 22 1
12415 25 24 1
12415 25 25 1
12415 27 26 1
12415 27 29 1
12415 27 30 1
12415 14 29 0
12415 16 35 0
12415 18 36 0
12415 22 24 1
12415 22 22 1
12415 24 24 1
12415 24 25 1
12415 24 35 1
12415 26 25 1
12415 26 26 1
12415 26 29 1
12415 28 29 1
12415 13 31 0
12415 15 33 0
12415 17 24 0
12415 19 36 0
12415 25 25 1
12415 27 33 1
12415 27 29 1
12415 27 30 1
12415 14 32 0
12415 14 26 0
12415 14 30 0
12415 16 33 0
12415 16 35 0
12415 20 36 0
12415 26 25 1
12415 17 35 0

12479 27 30 1
12479 14 33 0
12479 14 31 0
12479 26 26 1
12479 28 30 1
12479 15 33 0
12479 15 34 0
12479 27 32 1
12479 27 26 1
12479 24 24 1
12479 26 25 1
12479 17 24 0
12479 23 22 1
12479 27 29 1
12479 26 33 1
12479 17 35 0
12479 23 24 1
12479 27 33 1
12479 27 26 1
12479 27 30 1
12479 24 24 1
12479 24 35 1
12479 26 26 1
12479 26 31 1

12543 26 25 1
12543 26 34 1
12543 26 30 1
12543 15 33 1
12543 17 35 1
12543 23 36 1
12543 27 31 1
12543 26 32 1
12543 16 35 1
12543 20 36 1
12543 19 36 1
12543 16 35 0
12543 24 24 1
12543 26 25 1
12543 28 31 1
12543 27 32 1
12543 27 29 1
12543 27 30 1
12543 24 35 1
12543 26 26 1
12543 15 33 0
12543 17 24 0
12543 17 35 0
12543 19 36 0
12543 25 25 1

12607 15 33 1
12607 24 24 1
12607 26 25 1
12607 26 26 1
12607 23 36 1
12607 25 24 1
12607 27 32 1
12607 27 29 1
12607 27 31 1
12607 26 25 1
12607 26 33 1
12607 26 25 0
12607 26 34 1
12607 17 35 1
12607 19 36 1
12607 21 37 1
12607 23 37 1
12607 27 30 1
12607 16 35 1
12607 18 24 0
12607 20 37 1
12607 22 36 1
12607 24 24 0
12607 24 36 1
12607 26 25 0
12607 15 34 1
12607 23 36 1
12607 25 35 1

12671 22 37 1
12671 24 24 0
12671 24 35 1
12671 26 25 0
12671 26 26 0
12671 17 35 1
12671 21 36 1
12671 25 25 0
12671 18 36 1
12671 20 36 1
12671 24 24 0
12671 26 33 1
12671 17 36 1
12671 19 36 1
12671 19 22 0
12671 23 35 1
12671 25 24 0
12671 27 31 1
12671 16 35 1
12671 18 36 1
12671 20 24 0
12671 22 36 1
12671 24 24 0
12671 24 35 1
12671 26 32 1
12671 26 25 0
12671 26 26 0
12671 15 33 1
12671 15 34 1
12671 17 35 1
12671 23 24 0
12671 23 36 1
12671 23 22 0
12671 25 35 1
12671 27 33 1
12671 14 33 1
12671 24 35 1
12671 17 37 1
12671 21 37 1
12671 27 32 1
12671 16 35 1
12671 26 33 1
12671 17 36 1

12735 20 36 1
12735 26 34 1
12735 21 36 1
12735 28 29 1
12735 27 32 1
12735 27 30 1
12735 24 35 1
12735 24 37 1
12735 26 25 1
12735 26 26 1
12735 16 35 0
12735 24 24 1
12735 27 30 1
12735 24 24 1
12735 26 25 1

12799 27 29 1
12799 24 24 1
12799 24 35 0
12799 26 25 1
12799 26 26 1
12799 28 26 1
12799 15 34 0
12799 17 35 0
12799 21 36 0
12799 23 24 1
12799 23 22 1
12799 25 25 1
12799 27 30 0
12799 16 35 0
12799 18 36 0
12799 24 24 1
12799 17 36 0
12799 19 36 0
12799 21 37 0
12799 25 24 1
12799 24 24 1
12799 24 35 0
12799 26 25 1
12799 26 33 0
12799 17 24 1
12799 23 36 0
12799 27 32 0
12799 20 24 1
12799 20 36 0
12799 24 24 1
12799 24 35 0
12799 26 25 1
12799 26 26 1
12799 26 34 0
12799 19 22 1
12799 21 36 0
12799 25 35 0
12799 27 33 0
12799 27 30 0
12799 14 31 1
12799 22 36 0
12799 26 25 1
12799 26 33 0
12799 26 34 0
12799 17 24 1
12799 23 36 0
12799 27 32 0
12799 27 31 0

12863 14 30 1
12863 18 24 1
12863 24 24 1
12863 24 35 0
12863 15 34 1
12863 21 24 1
12863 25 25 1
12863 27 26 1
12863 20 22 1
12863 24 24 1
12863 26 24 1
12863 26 25 1
12863 17 24 1
12863 21 37 0
12863 23 36 0
12863 27 32 0
12863 27 30 0
12863 16 25 1
12863 22 36 0
12863 22 37 0
12863 22 22 1
12863 24 24 1
12863 26 33 0
12863 26 26 1
12863 23 37 0
12863 24 25 1
12863 26 34 0
12863 21 22 1
12863 25 35 0
12863 27 30 0
12863 24 24 1
12863 26 25 1

12927 20 37 0
12927 24 35 0
12927 26 26 1
12927 25 24 1
12927 24 24 1
12927 24 37 0
12927 22 24 1
12927 24 36 0
12927 26 25 1
12927 23 22 1
12927 24 24 1

12979 18 36 0
12979 26 25 1
12979 23 24 1
12979 15 34 0
12979 27 30 1
12979 26 25 1
12979 24 24 1
12979 27 30 1

13055 18 34 1
13055 24 35 1
13055 26 26 1
13055 17 24 0
13055 26 25 1
13055 23 36 1
13055 25 35 1
13055 27 32 1
13055 27 33 1
13055 24 24 0
13055 24 35 1
13055 26 33 1
13055 26 34 1
13055 17 24 0
13055 23 37 1
13055 27 29 1
13055 27 30 1
13055 14 30 0
13055 20 37 1
13055 22 36 1
13055 24 35 1
13055 24 22 1
13055 26 25 0
13055 26 34 1
13055 21 24 0
13055 21 22 0
13055 23 36 1
13055 27 32 1
13055 20 22 0
13055 22 37 1
13055 24 24 0
13055 26 25 0
13055 26 33 1
13055 17 24 0
13055 21 37 1
13055 25 24 0
13055 25 35 1
13055 27 30 1
13055 27 31 1
13055 14 31 0
13055 16 25 0
13055 18 24 0
13055 18 36 1
13055 22 24 0
13055 24 24 0
13055 24 35 1
13055 26 25 0
13055 26 26 0

13107 19 22 0
13107 23 24 0
13107 23 36 1
13107 27 32 1
13107 27 29 1
13107 27 30 1
13107 16 24 0
13107 20 24 0
13107 22 36 1
13107 22 22 0
13107 24 24 0
13107 24 36 1
13107 24 37 1
13107 26 25 0
13107 26 34 1
13107 28 30 1
13107 15 33 0
13107 17 24 0
13107 17 25 0
13107 19 24 0
13107 25 25 0
13107 25 35 1
13107 27 32 1
13107 20 36 1
13107 20 22 0
13107 22 24 0
13107 24 24 0
13107 24 35 1
13107 26 32 1
13107 26 33 1
13107 21 36 1
13107 23 22 0
13107 27 30 1
13107 14 33 0
13107 18 24 0
13107 26 34 1
13107 26 29 1
13107 15 33 0
13107 23 36 1
13107 25 34 1
13107 27 29 1
13107 27 31 1
13107 16 35 0
13107 24 35 1
13107 26 34 1
13107 15 34 0
13107 17 22 0
13107 27 32 1
13107 27 33 1
13107 27 26 1
13107 27 30 1

13171 26 25 1
13171 26 26 1
13171 15 35 0
13171 17 24 0
13171 17 35 0
13171 17 36 0
13171 27 29 1
13171 27 30 1
13171 16 34 0
13171 16 35 0
13171 18 36 0
13171 26 25 1
13171 26 34 1
13171 17 37 0
13171 19 24 0
13171 21 22 0
13171 27 29 1
13171 27 31 1
13171 20 36 0
13171 24 24 1
13171 26 32 1
13171 26 25 1
13171 26 26 1
13171 28 32 1
13171 28 29 1
13171 27 26 1
13171 27 29 1
13171 27 30 1
13171 16 35 0
13171 20 24 0
13171 24 24 1
13171 26 25 1
13171 26 33 1
13171 26 26 1
13171 17 35 0
13171 17 36 0
13171 21 24 0
13171 25 25 1
13171 27 32 1
13171 27 29 1
13171 27 30 1
13171 27 31 1
13171 18 36 0
13171 20 36 0
13171 20 37 0
13171 24 24 1
13171 24 34 1
13171 26 25 1
13171 26 26 1
13171 28 30 1

13247 17 34 0
13247 19 36 0
13247 19 22 0
13247 21 36 0
13247 21 37 0
13247 23 36 0
13247 27 33 1
13247 27 26 1
13247 27 29 1
13247 27 30 1
13247 27 31 1
13247 20 22 0
13247 22 36 0
13247 26 26 1
13247 21 36 0
13247 27 32 1
13247 27 29 1
13247 27 30 1
13247 20 36 0
13247 24 35 0
13247 26 25 1
13247 26 26 1
13247 26 34 1
13247 28 29 1
13247 21 24 0
13247 21 37 0
13247 21 22 0
13247 25 24 1
13247 25 25 1
13247 27 26 1
13247 27 34 1
13247 27 29 1
13247 27 30 1
13247 22 22 0
13247 24 24 1
13247 24 35 0
13247 26 25 1
13247 26 33 1
13247 26 26 1
13247 28 31 1
13247 23 36 0
13247 27 32 1
13247 27 29 1
13247 27 31 1
13247 18 34 0
13247 22 24 0
13247 22 36 0
13247 22 37 0
13247 26 25 1
13247 26 26 1
13247 27 26 1
13247 27 29 1
13247 27 30 1
13247 27 31 1
13247 24 24 0
13247 26 26 1
13247 26 34 0
13247 21 36 0
13247 23 35 0
13247 27 29 1
13247 24 24 0

13299 26 25 0
13299 23 24 0
13299 23 22 0
13299 27 33 1
13299 27 30 1
13299 27 31 1
13299 23 36 0
13299 26 26 1
13299 27 29 0
13299 27 31 0
13299 28 30 1

13363 23 22 1
13363 27 29 0
13363 24 24 1
13363 23 24 1
13363 26 25 1
13363 24 24 1
13363 26 25 1
13363 27 29 1
13363 27 30 1
13363 26 26 1

13427 25 25 1
13427 24 35 0
13427 26 25 1
13427 27 29 1
13427 22 36 0
13427 23 36 0
13427 27 29 0
13427 26 25 0

13491 27 29 0
13491 26 25 0
13491 23 36 1
13491 25 25 0
13491 27 29 0
13491 27 30 0
13491 27 31 0
13491 22 36 1
13491 24 35 1
13491 26 25 0
13491 26 26 0
13491 27 32 0
13491 27 29 0
13491 27 31 0
13491 26 26 0
13491 21 36 1
13491 27 33 0
13491 27 26 0
13491 27 29 0
13491 27 30 0
13491 22 24 1
13491 22 36 1
13491 24 24 1
13491 26 25 0
13491 26 33 0
13491 26 26 0
13491 21 24 1
13491 21 22 1
13491 23 36 1
13491 27 32 0
13491 27 29 0
13491 27 30 0
13491 20 36 1
13491 22 22 1
13491 26 25 0

13529 21 37 1
13529 27 29 0
13529 27 30 0
13529 26 26 0
13529 24 25 1
13529 26 33 0
13529 26 34 0
13529 23 35 1
13529 24 35 1
13529 26 25 0
13529 21 36 1

13606 22 36 1
13606 26 26 0
13606 23 36 1
13606 22 37 1
13606 24 24 0
13606 26 25 0
13606 19 36 1
13606 20 37 1
13606 24 24 0
13606 26 25 0
13606 26 26 0
13606 25 24 0
13606 25 25 0
13606 27 26 0
13606 27 29 0
13606 27 31 0
13606 16 35 1
13606 20 36 1
13606 24 35 1
13606 26 25 0
13606 18 36 1
13606 24 24 0
13606 26 25 0
13606 26 33 1
13606 26 26 0
13606 17 36 1
13606 21 37 1

13670 27 29 0
13670 27 30 0
13670 20 22 1
13670 28 30 0
13670 27 32 0
13670 27 29 0
13670 27 30 0
13670 22 24 1
13670 24 24 1
13670 24 35 0
13670 26 33 0
13670 26 26 0
13670 17 24 1
13670 17 35 1
13670 19 24 1
13670 19 36 1
13670 21 24 1
13670 27 32 0
13670 27 26 0
13670 27 29 0
13670 27 30 0
13670 27 31 0
13670 16 35 1
13670 20 24 1
13670 26 25 0
13670 26 26 0
13670 26 34 0
13670 15 33 1
13670 15 34 1
13670 17 24 1
13670 17 34 1
13670 17 35 1
13670 17 37 1
13670 19 22 1
13670 21 22 1
13670 27 32 0
13670 27 33 0
13670 27 26 0
13670 27 29 0
13670 27 30 0
13670 27 31 0
13670 16 34 1
13670 16 35 1
13670 18 24 1
13670 20 22 1
13670 24 24 0
13670 24 25 0
13670 26 25 0
13670 26 26 0
13670 26 34 0
13670 26 30 1
13670 28 30 0
13670 15 33 1
13670 15 35 1
13670 17 35 1
13670 17 36 1
13670 19 36 1
13670 19 37 1
13670 21 36 1
13670 21 37 1
13670 25 25 0
13670 27 26 0
13670 27 29 0
13670 27 30 0
13670 14 33 1
13670 18 36 1
13670 20 36 1
13670 22 36 1
13670 24 24 0
13670 26 25 0
13670 26 26 0
13670 15 34 1
13670 17 24 1
13670 19 24 1
13670 21 36 1

13734 27 26 0
13734 27 29 0
13734 27 30 0
13734 27 31 0
13734 14 32 1
13734 14 30 1
13734 14 31 1
13734 16 35 1
13734 16 36 1
13734 22 37 1
13734 24 24 0
13734 26 32 0
13734 26 25 0
13734 26 26 0
13734 26 34 0
13734 28 29 0
13734 15 33 1
13734 17 35 1
13734 17 36 1
13734 25 25 0
13734 27 32 0
13734 27 33 0
13734 27 29 0
13734 27 30 0
13734 16 24 1
13734 16 33 1
13734 24 35 0
13734 26 33 0
13734 26 34 0
13734 15 34 1
13734 17 24 1
13734 17 25 1
13734 25 24 0
13734 25 35 0
13734 27 32 0
13734 27 33 0
13734 27 30 0
13734 27 31 0
13734 14 29 1
13734 16 35 1
13734 18 24 1
13734 26 33 0
13734 26 34 0
13734 28 31 0
13734 13 30 1
13734 13 31 1
13734 17 22 1
13734 19 22 1
13734 25 35 0
13734 27 26 0
13734 27 29 0
13734 27 30 0
13734 14 32 1
13734 14 26 1
13734 14 31 1
13734 20 24 1
13734 24 35 0
13734 26 26 0
13734 28 29 0
13734 21 37 0
13734 23 36 0
13734 27 32 0
13734 14 34 1
13734 14 30 1
13734 16 25 1
13734 22 36 0
13734 22 37 0
13734 24 24 1
13734 24 35 0
13734 26 34 0
13734 15 25 1
13734 15 26 1
13734 15 35 1
13734 17 24 1
13734 17 35 1
13734 21 36 0
13734 25 34 0
13734 25 35 0
13734 27 33 0
13734 27 31 0

13798 14 29 1
13798 16 24 1
13798 20 36 0
13798 22 22 1
13798 24 24 1
13798 26 32 0
13798 26 25 1
13798 26 33 0
13798 13 29 1
13798 19 36 0
13798 23 36 0
13798 27 32 0
13798 27 29 0
13798 14 33 1
13798 14 26 1
13798 20 22 1
13798 24 24 1
13798 24 35 0
13798 24 36 0
13798 28 31 0
13798 25 24 1
13798 25 25 1
13798 27 33 0
13798 27 30 0
13798 22 36 0
13798 26 25 1
13798 26 34 0
13798 28 30 0
13798 13 31 1
13798 17 24 1
13798 21 24 1
13798 21 36 0
13798 21 37 0
13798 21 22 1
13798 23 36 0
13798 23 37 0
13798 27 31 0
13798 14 31 1
13798 22 37 0
13798 24 35 0
13798 21 36 0
13798 25 35 0
13798 14 29 1
13798 16 25 1
13798 18 24 1
13798 20 24 1
13798 20 37 0
13798 24 24 1
13798 26 32 0
13798 28 29 0

13862 17 24 1
13862 27 32 0
13862 27 29 0
13862 27 30 0
13862 14 32 1
13862 26 33 0
13862 16 24 1
13862 15 26 1
13862 17 24 1
13862 28 32 0
13862 17 25 1
13862 19 24 1
13862 14 26 1
13862 26 29 0
13862 13 30 1
13862 27 26 0
13862 14 31 1
13862 16 34 1
13862 16 35 1
13862 26 25 0
13862 26 26 0

13926 15 32 1
13926 14 33 1
13926 24 24 0
13926 26 25 0
13926 15 34 1
13926 16 35 1
13926 15 33 1
13926 17 35 1
13926 16 35 0
13926 24 35 1
13926 17 24 0
13926 27 31 1
13926 26 33 1
13926 15 30 1
13926 27 33 1
13926 27 29 1

13977 14 26 0
13977 16 35 1
13977 24 35 1
13977 26 26 1
13977 15 26 0
13977 17 24 0
13977 21 36 1
13977 23 36 1
13977 23 37 1
13977 14 29 0
13977 16 24 0
13977 26 25 1
13977 26 34 1
13977 13 30 0
13977 17 24 0
13977 21 37 1
13977 27 32 1
13977 27 26 1
13977 27 30 1
13977 16 25 0
13977 26 33 1
13977 26 26 1
13977 15 33 0
13977 17 24 0
13977 27 29 1
13977 14 31 0
13977 22 37 1
13977 24 35 1
13977 26 32 1
13977 26 25 1
13977 25 35 1

14041 14 32 0
14041 14 26 0
14041 14 30 0
14041 22 36 1
14041 26 26 1
14041 26 34 1
14041 15 34 0
14041 23 36 1
14041 27 30 1
14041 14 29 0
14041 24 24 1
14041 26 33 1
14041 27 32 1
14041 27 33 1
14041 27 29 1
14041 14 33 0
14041 24 35 1
14041 26 25 1
14041 28 29 1
14041 27 31 1
14041 23 36 1
14041 26 33 1
14041 17 24 0
14041 21 36 1

14105 24 36 1
14105 20 37 1
14105 24 24 0
14105 26 34 1
14105 21 22 0
14105 22 36 1
14105 26 25 0
14105 18 24 0
14105 20 24 0
14105 24 24 0
14105 24 35 1
14105 19 24 0
14105 27 32 1
14105 27 29 1
14105 27 26 1
14105 27 30 1

14118 28 31 1

14220 24 24 1

14297 17 24 1
14297 27 29 0
14297 14 29 1
14297 14 30 1
14297 17 24 1
14297 17 35 1
14297 27 32 0
14297 27 31 0
14297 14 32 1
14297 14 31 1
14297 24 35 0
14297 26 33 0
14297 26 34 0
14297 15 34 1
14297 27 29 0

14348 24 24 0
14348 26 25 0
14348 15 33 1
14348 25 25 0
14348 27 30 0
14348 14 33 1
14348 14 26 1
14348 20 24 1
14348 26 26 0
14348 23 36 0
14348 27 32 0
14348 27 33 0
14348 27 26 0
14348 27 29 0
14348 14 29 1
14348 14 31 1
14348 18 24 1
14348 24 24 0
14348 24 35 0
14348 26 25 0
14348 26 33 0
14348 26 34 0
14348 14 30 1
14348 22 36 0
14348 26 25 0
14348 26 26 0
14348 17 24 1
14348 17 36 1
14348 27 26 0
14348 27 29 0
14348 27 31 0

14412 16 25 1
14412 24 24 0
14412 24 35 0
14412 26 25 0
14412 26 26 0
14412 28 29 0
14412 28 31 0
14412 15 33 1
14412 15 26 1
14412 19 36 1
14412 27 32 0
14412 27 30 0
14412 14 26 1
14412 16 35 0
14412 17 24 1
14412 17 35 1
14412 16 34 1
14412 24 24 0
14412 25 24 0
14412 14 30 1
14412 26 25 0
14412 26 26 0
14412 13 30 1
14412 15 33 1
14412 15 34 1
14412 23 36 0
14412 14 32 1
14412 14 33 1
14412 14 29 1
14412 26 32 0
14412 27 29 0

14489 14 31 1
14489 16 35 1
14489 22 37 0
14489 15 25 1
14489 17 24 1
14489 16 35 0
14489 24 35 0
14489 15 35 1
14489 19 24 1
14489 14 26 1
14489 16 24 1
14489 26 33 0
14489 15 24 1
14489 23 36 0
14489 24 24 1
14489 26 25 1

14540 25 35 0
14540 16 35 0
14540 22 36 0
14540 26 26 1
14540 26 34 0
14540 26 25 1
14540 21 37 0
14540 24 24 1
14540 24 35 0
14540 15 34 0
14540 17 24 1
14540 27 29 1
14540 26 25 1
14540 17 35 0

14604 24 24 1
14604 20 22 1
14604 26 26 1
14604 24 24 0
14604 24 35 1

14668 24 24 0
14668 26 25 0
14668 17 24 0
14668 23 36 1
14668 14 26 0
14668 15 34 1
14668 17 35 1
14668 22 36 1
14668 24 24 0
14668 24 35 1
14668 17 24 0
14668 16 35 1
14668 26 33 1
14668 22 37 1

14719 21 37 1
14719 20 36 1
14719 17 24 0
14719 26 34 1
14719 25 35 1
14719 24 35 1
14719 27 31 1

14860 17 24 1
14860 26 25 1

14911 24 24 1

15116 22 37 0
15116 24 35 0
15116 24 35 0
15116 17 24 1
15116 20 36 0
15116 26 25 1
15116 15 34 0
15116 14 26 1
15116 22 36 0
15116 24 24 1

15167 17 24 1
15167 21 37 0
15167 23 36 0
15167 24 35 0
15167 26 25 1
15167 26 33 0
15167 26 34 0
15167 21 36 0
15167 23 22 1
15167 16 35 0
15167 24 24 1
15167 24 36 0
15167 17 24 1
15167 17 35 0
15167 21 22 1
15167 25 35 0
15167 20 37 0
15167 27 33 0
15167 16 24 1
15167 24 24 1
15167 26 25 1
15167 17 24 1

15180 15 26 1

15295 25 24 1
15295 26 25 0
15295 17 24 0
15295 24 24 0
15295 24 35 1
15295 17 24 0
15295 26 25 0
15295 24 24 0

15321 24 35 1

15411 24 24 1
15411 17 24 1
15411 24 24 1
15411 26 25 1
15411 24 24 1
15411 24 35 0
15411 17 24 1

15449 26 26 1
15449 17 22 1

15539 24 24 0
15539 17 24 0

15564 24 24 0
15564 24 35 1

15667 24 24 1
15667 24 35 0

15705 26 25 1
15705 24 24 1

15795 24 35 1

15807 24 24 0
15807 26 25 0

15897 13 29 1
15897 17 24 1

15935 24 24 1
15935 26 25 1

16076 17 24 0

16563 17 35 1

16716 17 24 1

17702 26 25 1

18035 27 29 1
18035 24 24 1

18777 14 30 1

20147 25 25 1

20403 27 29 0
20403 26 25 0
20403 27 29 1
20403 16 25 1
20403 24 35 1
20403 26 25 1
20403 26 26 1
20403 26 34 1
20403 15 34 1
20403 27 26 1
20403 14 30 0
20403 26 25 0
20403 17 24 0
20403 27 29 0

20479 16 25 0
20479 15 34 0
20479 17 24 1
20479 27 29 1
20479 26 25 1
20479 26 25 0
20479 26 26 0
20479 25 25 0
20479 27 29 0
20479 24 24 0
20479 24 35 0
20479 26 25 0
20479 26 26 0
20479 26 34 0
20479 27 26 0
20479 27 29 0
20479 27 30 0
20479 27 31 0
20479 14 26 1
20479 24 24 0
20479 26 25 0
20479 26 33 0
20479 26 26 0
20479 15 34 1
20479 17 24 1
20479 23 37 0
20479 27 32 0
20479 27 29 0
20479 27 30 0
20479 14 29 1
20479 14 30 1
20479 16 25 1
20479 16 35 1
20479 24 35 0

20531 15 26 1
20531 17 24 1
20531 17 35 1
20531 27 29 1
20531 14 32 1
20531 14 31 1
20531 16 24 1
20531 16 35 1
20531 20 37 1
20531 26 33 1
20531 26 26 1
20531 13 29 1
20531 13 31 1
20531 15 33 1
20531 14 33 1
20531 16 26 1
20531 24 24 0
20531 26 25 0
20531 26 26 0
20531 15 34 1
20531 17 24 0
20531 19 22 1
20531 27 29 0
20531 14 34 1
20531 16 24 0
20531 16 25 0
20531 24 24 0
20531 26 25 0
20531 26 26 0
20531 28 29 0
20531 15 29 1
20531 25 25 0
20531 27 33 0
20531 27 26 0
20531 27 29 0
20531 14 26 1
20531 14 29 1
20531 16 24 1
20531 16 34 1
20531 24 24 0
20531 24 25 0
20531 24 35 0
20531 24 36 0
20531 26 32 0
20531 26 25 0
20531 26 33 0
20531 26 26 0
20531 26 34 0
20531 26 29 0
20531 26 30 0
20531 26 31 0
20531 28 30 0
20531 13 30 1
20531 13 31 0
20531 15 33 1
20531 15 31 1
20531 17 24 1
20531 23 24 0
20531 23 36 0
20531 23 22 0
20531 25 24 0
20531 25 25 0
20531 27 26 0
20531 27 29 0
20531 27 30 0

20595 14 32 1
20595 14 33 1
20595 14 30 1
20595 14 31 1
20595 16 25 1
20595 18 22 1
20595 24 24 0
20595 24 25 0
20595 24 35 0
20595 24 22 0
20595 26 24 0
20595 26 25 0
20595 26 26 0
20595 26 35 0
20595 28 29 0
20595 15 26 1
20595 15 34 1
20595 17 24 1
20595 23 35 0
20595 25 25 0
20595 27 26 0
20595 27 34 0
20595 27 31 0
20595 14 32 1
20595 14 33 1
20595 14 26 1
20595 14 29 1
20595 16 24 1
20595 16 34 1
20595 16 35 1
20595 18 36 1
20595 22 22 0
20595 24 24 0
20595 24 37 0
20595 26 25 0
20595 26 26 0
20595 26 29 0
20595 28 26 0
20595 13 29 1
20595 13 31 1
20595 15 24 1
20595 15 33 1
20595 15 34 1
20595 17 36 1
20595 19 24 1
20595 21 36 0
20595 23 24 0
20595 27 33 0
20595 27 29 0
20595 16 24 1
20595 16 25 1
20595 16 35 0
20595 20 37 0
20595 22 36 0
20595 22 37 0
20595 24 24 1
20595 24 34 0
20595 24 35 0
20595 26 34 0
20595 15 33 0
20595 15 34 0
20595 23 24 1
20595 23 35 0
20595 23 37 0
20595 27 29 1
20595 14 32 0
20595 14 33 0
20595 14 26 0
20595 14 31 0
20595 16 35 0
20595 24 24 1
20595 26 25 1
20595 26 26 1
20595 26 34 1
20595 13 31 0
20595 15 26 0
20595 15 34 0
20595 17 24 0
20595 23 35 1
20595 25 25 1
20595 27 26 1
20595 27 29 1
20595 27 30 1
20595 14 32 1
20595 16 24 0
20595 16 35 1
20595 22 36 1
20595 22 22 1
20595 24 35 1
20595 26 25 0
20595 13 31 1
20595 15 25 1
20595 15 33 1
20595 15 26 1
20595 15 34 1
20595 15 35 1
20595 17 24 1
20595 17 35 1
20595 25 25 0
20595 27 26 0

20659 14 33 1
20659 14 26 1
20659 14 29 1
20659 14 31 1
20659 16 24 1
20659 16 35 1
20659 20 37 1
20659 22 22 0
20659 24 24 0
20659 26 25 0
20659 26 26 0
20659 13 29 1
20659 13 30 1
20659 15 33 1
20659 15 26 1
20659 15 35 1
20659 21 22 0
20659 23 24 0
20659 23 22 0
20659 25 24 0
20659 27 29 0
20659 14 32 1
20659 14 25 1
20659 14 26 1
20659 14 29 1
20659 14 30 1
20659 14 31 1
20659 16 34 1
20659 16 35 1
20659 22 24 0
20659 24 25 0
20659 24 35 0
20659 26 25 0
20659 26 26 0
20659 26 29 0
20659 28 29 0
20659 28 31 0
20659 13 26 1
20659 15 34 1
20659 17 24 1
20659 23 35 0
20659 25 25 0
20659 14 29 0
20659 16 35 0
20659 26 25 1
20659 26 34 0
20659 15 33 0
20659 15 34 0
20659 25 34 0
20659 14 32 0
20659 14 26 0
20659 14 31 0
20659 16 35 0
20659 18 24 1
20659 22 24 1
20659 24 24 1
20659 24 25 1
20659 26 25 1
20659 26 26 1
20659 15 34 0
20659 23 24 1
20659 23 22 1
20659 25 24 1
20659 25 25 1
20659 27 29 1
20659 14 33 0
20659 14 26 0
20659 14 29 0
20659 14 30 0
20659 24 24 1
20659 26 25 1
20659 26 26 1
20659 26 29 1
20659 15 26 0
20659 17 24 0
20659 23 35 1
20659 27 26 1
20659 27 30 1

20723 14 29 0
20723 16 24 0
20723 16 25 0
20723 16 35 1
20723 20 36 1
20723 24 35 1
20723 26 34 1
20723 15 34 1
20723 14 26 0
20723 16 24 0
20723 16 35 1
20723 24 24 0
20723 28 29 1
20723 15 26 0
20723 17 24 0
20723 17 35 1
20723 19 36 1
20723 21 36 1
20723 14 32 0
20723 14 26 0
20723 14 29 0
20723 14 31 0
20723 16 25 0
20723 16 35 0
20723 13 29 0
20723 13 30 0
20723 13 31 0
20723 15 25 0
20723 15 33 0
20723 15 34 0
20723 17 24 0
20723 27 33 1
20723 27 29 1
20723 14 32 0
20723 14 33 0
20723 14 26 0
20723 14 29 0
20723 14 30 0
20723 14 31 0
20723 16 24 0
20723 16 34 0
20723 16 35 0
20723 24 24 1
20723 24 35 1
20723 26 25 1
20723 26 26 1
20723 13 26 0
20723 13 29 0
20723 13 31 0
20723 15 25 0
20723 15 33 0
20723 15 26 0
20723 15 35 0
20723 17 24 0
20723 17 35 0
20723 17 36 0
20723 19 24 0
20723 27 26 1
20723 27 30 1
20723 27 31 1
20723 14 32 0
20723 14 33 0
20723 14 26 0
20723 14 29 0
20723 14 30 0
20723 14 31 0
20723 16 24 0
20723 16 25 0
20723 16 34 0
20723 16 35 0
20723 20 22 0
20723 22 36 1
20723 24 24 1
20723 24 36 1
20723 26 25 1
20723 26 34 1
20723 26 29 1
20723 28 29 1
20723 28 30 1
20723 13 30 0
20723 15 24 0
20723 15 33 0
20723 15 26 0
20723 15 34 0
20723 17 24 0
20723 17 35 0
20723 19 36 0
20723 19 22 0
20723 23 36 1
20723 23 37 1
20723 25 35 1
20723 27 29 1

20787 14 26 0
20787 14 29 0
20787 14 31 0
20787 16 35 0
20787 18 24 0
20787 20 24 0
20787 20 22 0
20787 24 35 1
20787 26 32 1
20787 26 33 1
20787 26 26 1
20787 13 29 0
20787 13 30 0
20787 17 24 0
20787 17 22 0
20787 19 24 0
20787 21 24 0
20787 27 33 1
20787 27 26 1
20787 14 32 0
20787 14 25 0
20787 14 33 0
20787 14 34 0
20787 14 29 0
20787 14 30 0
20787 14 31 0
20787 16 24 0
20787 16 34 0
20787 16 35 0
20787 18 36 0
20787 22 24 0
20787 24 24 0
20787 13 30 0
20787 13 31 0
20787 15 33 0
20787 15 34 0
20787 15 35 0
20787 15 29 0
20787 17 24 0
20787 17 25 0
20787 17 35 0
20787 17 36 0
20787 19 36 0
20787 14 32 0
20787 14 33 0
20787 14 26 0
20787 16 35 0
20787 20 37 0
20787 20 22 0
20787 22 22 0
20787 24 24 0
20787 24 35 0
20787 26 25 0
20787 26 26 0
20787 40 26 1
20787 15 33 0
20787 15 34 0
20787 21 22 0
20787 23 24 0
20787 23 37 0
20787 23 22 0
20787 27 26 0
20787 27 29 0
20787 29 29 1
20787 18 34 1
20787 18 36 0
20787 22 24 0
20787 22 36 0
20787 24 24 0
20787 24 35 0
20787 26 25 0
20787 26 33 0
20787 26 26 0
20787 26 34 0
20787 26 29 0
20787 28 30 0
20787 15 32 0
20787 17 35 0
20787 19 36 0
20787 19 37 0
20787 19 22 0
20787 21 36 0
20787 21 37 0
20787 23 24 0
20787 23 35 0
20787 25 24 0
20787 25 25 0
20787 27 33 0
20787 27 26 0
20787 27 29 0
20787 27 30 0
20787 27 31 0
20787 14 32 0
20787 14 33 0
20787 14 34 0
20787 14 31 0
20787 16 34 0
20787 16 35 0
20787 16 36 0
20787 18 36 0

20812 14 33 0
20812 14 30 0
20812 14 31 0
20812 16 24 0
20812 16 25 0
20812 16 33 0
20812 16 26 0
20812 16 35 0
20812 18 24 0
20812 18 36 0
20812 18 22 0
20812 20 24 0
20812 20 36 0
20812 20 37 0
20812 20 22 0
20812 22 24 0
20812 22 35 0
20812 22 22 0
20812 24 24 0
20812 24 25 0
20812 24 35 0
20812 24 36 0
20812 24 22 0
20812 26 24 0
20812 26 25 0
20812 26 26 0
20812 26 34 0
20812 26 29 0
20812 13 29 0
20812 15 25 0
20812 15 26 0
20812 15 35 0
20812 17 24 0
20812 17 34 0
20812 17 35 0
20812 17 36 0
20812 17 37 0
20812 17 22 0
20812 19 24 0
20812 19 22 0
20812 21 24 0
20812 23 24 0
20812 23 22 0
20812 25 25 0
20812 25 35 0
20812 16 34 0
20812 24 34 0
20812 24 35 0

20915 25 24 0

23027 17 24 1

24409 29 29 0

24755 23 24 1

