10227 14 39 1
10227 24 24 1
10227 26 24 1
10227 28 24 1
10227 28 40 1
10227 28 25 1
10227 28 26 1
10227 30 24 1
10227 30 32 1
10227 30 40 1
10227 30 25 1
10227 30 33 1
10227 30 26 1
10227 30 34 1
10227 30 35 1
10227 30 36 1
10227 30 29 1
10227 30 37 1
10227 30 30 1
10227 30 31 1
10227 30 39 1
10227 13 40 1
10227 13 33 1
10227 13 37 1
10227 13 38 1
10227 13 39 1
10227 25 24 1
10227 25 40 1
10227 27 24 1
10227 27 40 1
10227 27 25 1
10227 27 41 1
10227 27 39 1
10227 29 24 1
10227 29 32 1
10227 29 40 1
10227 29 25 1
10227 29 33 1
10227 29 41 1
10227 29 26 1
10227 29 34 1
10227 29 35 1
10227 29 36 1
10227 29 29 1
10227 29 37 1
10227 29 22 1
10227 29 30 1
10227 29 38 1
10227 29 31 1
10227 29 39 1
10227 31 41 1
10227 33 24 0
10227 14 32 1
10227 14 40 1
10227 14 33 1
10227 14 34 1
10227 14 35 1
10227 14 36 1
10227 14 37 1
10227 14 38 1
10227 14 31 1
10227 14 39 1
10227 24 24 1
10227 24 40 1
10227 24 25 1
10227 26 24 1
10227 26 40 1
10227 26 25 1
10227 26 22 1
10227 28 24 1
10227 28 32 1
10227 28 40 1
10227 28 25 1
10227 28 41 1
10227 28 26 1
10227 28 34 1
10227 28 29 1
10227 28 37 1
10227 28 22 1
10227 28 30 1
10227 28 38 1
10227 28 39 1
10227 30 24 1
10227 30 40 1
10227 30 25 1
10227 30 33 1
10227 30 41 1
10227 30 26 1
10227 30 35 1
10227 30 36 1
10227 30 29 1
10227 30 37 1
10227 30 30 1
10227 30 38 1
10227 30 31 1
10227 30 39 1
10227 40 26 0
10227 13 40 1
10227 13 33 1
10227 13 34 1

10291 14 40 0
10291 14 33 0
10291 14 35 0
10291 14 36 0
10291 14 37 0
10291 14 31 0
10291 24 24 0
10291 24 40 0
10291 24 25 0
10291 26 24 0
10291 26 40 0
10291 28 24 0
10291 28 32 0
10291 28 40 0
10291 28 25 0
10291 28 26 0
10291 28 29 0
10291 28 37 0
10291 28 30 0
10291 28 38 0
10291 28 39 0
10291 30 24 0
10291 30 40 0
10291 30 25 0
10291 30 33 0
10291 30 26 0
10291 30 34 1
10291 30 35 0
10291 30 36 0
10291 30 29 0
10291 30 37 0
10291 30 30 0
10291 30 38 0
10291 30 31 0
10291 30 39 0
10291 13 40 0
10291 13 33 0
10291 13 35 0
10291 13 36 0
10291 13 37 0
10291 13 31 0
10291 13 39 0
10291 15 40 0
10291 23 40 0
10291 25 40 0
10291 27 24 0
10291 27 40 0
10291 27 25 0
10291 27 39 0
10291 29 24 0
10291 29 32 0
10291 29 40 0
10291 29 25 0
10291 29 33 0
10291 29 41 0
10291 29 26 0
10291 29 35 0
10291 29 29 0
10291 29 37 0
10291 29 30 0
10291 29 38 0
10291 29 31 0
10291 29 39 0
10291 14 32 0
10291 14 40 0
10291 14 33 0
10291 14 34 0
10291 14 36 0
10291 14 37 0
10291 14 38 0
10291 24 40 0
10291 26 40 0
10291 26 25 0
10291 26 22 0
10291 28 24 0
10291 28 40 0
10291 28 26 0
10291 30 40 0
10291 30 33 0
10291 30 36 0
10291 30 29 0
10291 30 37 0
10291 30 30 0
10291 30 38 0
10291 13 34 0
10291 27 24 1
10291 29 24 1
10291 29 40 0
10291 29 26 1
10291 29 34 0
10291 29 29 1
10291 14 40 1
10291 14 33 1
10291 14 37 1
10291 28 24 1
10291 28 26 1
10291 30 29 1
10291 30 30 1
10291 13 33 1
10291 13 37 1

10355 14 38 0
10355 14 39 0
10355 24 24 1
10355 28 24 1
10355 28 26 1
10355 30 24 1
10355 30 26 1
10355 27 24 1
10355 27 25 1
10355 29 24 1
10355 29 25 1
10355 29 26 1
10355 29 29 1
10355 29 30 1
10355 14 38 1
10355 14 39 1
10355 26 24 1
10355 28 24 1
10355 28 25 1
10355 28 26 1
10355 30 24 1
10355 30 34 1
10355 30 29 1
10355 30 37 1
10355 13 33 1
10355 13 37 1
10355 29 24 1
10355 29 40 1
10355 29 34 1
10355 14 40 1
10355 14 33 1
10355 14 37 1
10355 14 38 1
10355 14 39 1
10355 24 24 1
10355 24 25 1
10355 28 40 1
10355 13 36 1
10355 13 37 1
10355 13 39 1
10355 27 24 1
10355 27 40 1
10355 29 40 1
10355 29 29 1
10355 29 37 1
10355 29 31 1
10355 14 32 1
10355 14 40 1
10355 14 33 1
10355 14 34 1
10355 14 36 1
10355 14 37 1
10355 26 22 1
10355 28 24 1
10355 28 40 1
10355 30 40 1
10355 30 34 1
10355 30 30 1
10355 13 33 1
10355 13 35 1
10355 13 31 1
10355 23 24 1
10355 25 25 1
10355 27 24 1
10355 14 38 1
10355 26 24 1
10355 30 25 1
10355 13 34 1
10355 13 29 1

10419 27 24 1
10419 29 24 1
10419 26 25 1
10419 28 26 1
10419 29 24 1
10419 29 25 1
10419 14 34 1
10419 24 25 1
10419 28 24 1
10419 28 40 0
10419 28 29 1
10419 25 24 1
10419 29 24 1
10419 29 40 0
10419 29 26 1
10419 29 37 0
10419 14 40 0
10419 14 26 1
10419 24 24 1
10419 26 24 1
10419 28 24 1
10419 28 40 0
10419 28 25 1
10419 28 26 1
10419 30 40 0
10419 30 41 0
10419 30 37 0
10419 27 25 1
10419 29 25 1
10419 29 29 1
10419 14 37 0
10419 14 38 0
10419 26 24 0
10419 28 24 0
10419 30 26 1
10419 29 40 1
10419 29 29 0
10419 14 34 0
10419 14 37 1
10419 28 24 0
10419 28 40 1
10419 30 40 1
10419 29 24 0

10470 14 40 1
10470 14 38 1
10470 29 24 1
10470 28 24 1
10470 28 24 1
10470 27 24 1
10470 29 37 1
10470 14 40 0
10470 14 38 0
10470 26 24 1
10470 28 24 1

10547 28 24 1
10547 30 24 1
10547 29 40 0
10547 29 26 1
10547 28 24 1
10547 28 40 0
10547 30 34 0
10547 29 29 1
10547 27 24 1
10547 27 40 0
10547 14 37 0
10547 14 38 0

10611 28 24 0
10611 27 24 0
10611 29 40 1
10611 28 24 0
10611 29 40 1
10611 29 26 0
10611 14 37 1
10611 14 38 1
10611 24 24 0
10611 26 24 0
10611 28 24 0
10611 28 40 1
10611 30 24 0
10611 27 24 0
10611 29 24 0
10611 29 40 1
10611 29 29 0
10611 14 40 1
10611 14 38 1
10611 24 24 0
10611 26 24 0
10611 28 24 0
10611 28 26 0
10611 30 37 1
10611 13 38 1
10611 27 24 0
10611 27 40 1
10611 29 24 0
10611 29 40 1
10611 29 25 0
10611 29 26 0
10611 29 29 0
10611 14 40 1
10611 14 34 1
10611 14 37 1
10611 14 38 1
10611 24 24 0
10611 24 25 0
10611 26 24 0

10675 28 24 0
10675 28 40 1
10675 28 26 0
10675 30 24 0
10675 30 26 0
10675 13 37 1
10675 25 24 0
10675 27 24 0
10675 29 24 0
10675 29 40 1
10675 29 25 0
10675 29 26 0
10675 14 40 1
10675 14 26 0
10675 14 38 1
10675 28 24 0
10675 28 25 0
10675 28 26 0
10675 30 40 1
10675 30 30 0
10675 13 36 1
10675 13 29 0
10675 27 24 0
10675 29 24 0
10675 29 26 0
10675 29 29 0
10675 29 38 1
10675 31 33 1
10675 14 38 1
10675 26 24 0
10675 28 24 0
10675 28 29 0
10675 27 25 0
10675 29 40 1
10675 28 24 1
10675 29 24 1
10675 29 40 0
10675 29 26 1
10675 14 40 0
10675 14 33 1
10675 14 38 0
10675 24 24 1
10675 26 24 1
10675 28 24 1
10675 28 26 1
10675 27 24 1

10739 29 24 1
10739 29 40 0
10739 29 26 1
10739 29 29 1
10739 14 40 0
10739 24 24 1
10739 28 24 1
10739 28 40 0
10739 13 29 1
10739 27 24 1
10739 27 25 1
10739 29 24 1
10739 14 40 0
10739 14 38 0
10739 14 31 1
10739 24 25 1
10739 26 24 1
10739 28 24 1
10739 28 25 1
10739 30 24 1
10739 30 40 0
10739 27 24 1
10739 29 24 1
10739 29 40 0
10739 29 25 1
10739 28 24 1
10739 28 26 1
10739 29 24 1
10739 14 38 0

10790 27 22 1
10790 29 24 0
10790 14 38 1
10790 28 24 0
10790 27 24 0
10790 29 24 0
10790 29 40 1
10790 14 40 1
10790 24 24 0
10790 28 24 0
10790 29 24 0
10790 14 40 1
10790 26 24 0
10790 28 24 0
10790 28 40 1
10790 13 39 1
10790 27 24 0
10790 29 24 0
10790 29 40 1
10790 29 26 0
10790 14 38 1
10790 24 25 0
10790 13 29 0

10854 24 24 0
10854 28 24 0
10854 28 26 0
10854 30 24 0
10854 30 40 1
10854 29 24 1
10854 28 24 1
10854 29 24 1
10854 29 26 1
10854 14 40 0
10854 14 38 0
10854 24 24 1
10854 27 24 1
10854 29 24 1
10854 14 38 0
10854 28 24 1
10854 28 26 1
10854 29 24 1
10854 29 40 0

10918 14 40 0
10918 26 24 1
10918 27 24 1
10918 29 24 1
10918 28 40 0
10918 30 24 1
10918 27 24 0
10918 29 24 0
10918 29 40 1
10918 14 40 1
10918 14 38 1
10918 29 24 0

10943 28 24 0
10943 27 24 0
10943 29 24 0
10943 14 40 1
10943 14 38 1
10943 28 40 1

11033 29 24 1
11033 14 40 0
11033 14 38 0
11033 27 24 1
11033 29 24 1
11033 14 38 0
11033 28 24 1
11033 29 24 1
11033 29 24 1
11033 24 24 1
11033 28 24 1

11097 14 38 1
11097 29 24 0
11097 24 24 0
11097 28 24 0
11097 29 24 0
11097 14 40 1
11097 14 38 1

11174 29 24 1
11174 14 40 0
11174 29 24 1
11174 24 24 1
11174 28 24 1

11225 29 24 1
11225 29 24 0
11225 24 24 0
11225 28 24 0

11289 29 24 0
11289 14 40 1
11289 29 24 1
11289 29 24 1

11340 14 40 0
11340 29 24 1
11340 24 24 1
11340 28 24 1
11340 29 24 1

11391 29 24 0
11391 29 24 0
11391 14 40 1

11443 29 24 1

11583 29 29 1

11724 29 24 1

11827 14 38 1

11891 29 24 1
11891 29 39 1

12159 14 40 1
12159 29 26 1

12287 29 40 1
12287 28 39 1

12467 28 24 1

12620 29 24 1

12684 24 25 1

12953 14 38 1

13196 30 26 1

13299 30 35 1

13849 27 24 1

13887 14 38 1

14566 28 41 1

15155 29 30 1
15155 33 24 1

15193 13 37 1

15359 28 24 1

15398 29 24 1

15769 13 33 1
15769 14 37 1

16102 30 34 1

16204 14 38 1

16281 14 40 1

16844 14 37 1
16844 13 29 1
16844 26 24 1

17612 27 24 1

17996 30 30 1

18163 29 32 1

18611 14 38 1

19635 29 40 1

19660 13 34 1

20223 29 24 1

20300 30 39 1

22348 29 24 1

22515 28 24 1

22860 14 40 1

23129 28 40 1
23129 29 29 1

23206 14 34 1

23398 14 38 1

23411 27 24 1

23577 14 38 0

24179 25 24 1

24575 29 24 1

24588 14 38 1

26803 29 33 1

27071 29 24 0
27071 27 24 0

27135 14 38 1
27135 28 24 0
27135 15 40 1
27135 29 24 0
27135 28 24 0
27135 29 24 0
27135 29 29 0
27135 14 40 1
27135 28 24 0
27135 27 24 0
27135 29 24 0
27135 29 26 0
27135 14 40 1
27135 14 38 1
27135 24 24 0
27135 26 24 0
27135 13 39 1
27135 27 24 0
27135 29 24 0
27135 29 40 1
27135 14 38 1
27135 28 24 0
27135 27 39 1
27135 29 24 0

27200 14 40 1
27200 14 38 1
27200 13 35 1
27200 29 24 0
27200 27 40 1
27200 14 38 1
27200 14 40 1
27200 29 24 1

27264 14 33 1
27264 29 24 1
27264 14 35 1
27264 13 36 1
27264 29 24 1
27264 29 40 0
27264 12 34 1
27264 14 40 0
27264 14 38 0
27264 24 24 1
27264 26 24 1
27264 28 24 1
27264 13 26 1
27264 27 24 1
27264 27 40 0
27264 29 24 1
27264 29 40 0
27264 14 40 0
27264 14 26 1
27264 14 34 1
27264 14 29 1
27264 28 24 1
27264 28 40 0
27264 13 29 1
27264 29 24 1
27264 29 40 0
27264 14 40 0
27264 14 38 0
27264 24 24 1
27264 28 24 1
27264 28 26 1
27264 30 40 0
27264 27 24 1
27264 29 24 1
27264 29 40 0
27264 29 26 1

27328 14 40 0
27328 14 26 1
27328 14 38 0
27328 26 24 1
27328 28 24 1
27328 28 40 0
27328 28 26 1
27328 28 29 1
27328 30 39 0
27328 13 31 1
27328 27 24 1
27328 29 40 0
27328 29 25 1
27328 29 29 1
27328 29 37 0
27328 29 39 0
27328 14 38 0
27328 26 26 1
27328 28 24 1
27328 30 24 1
27328 30 40 0
27328 30 34 0
27328 23 25 1
27328 27 24 1
27328 27 40 0
27328 27 39 0
27328 29 40 0
27328 14 40 0
27328 14 38 0
27328 24 24 1
27328 28 25 1
27328 30 37 0
27328 13 32 1
27328 13 26 1
27328 23 24 1
27328 29 26 1
27328 29 38 0
27328 26 24 1
27328 27 24 1
27328 28 24 1

27392 29 40 1
27392 14 40 1
27392 14 38 1
27392 30 40 1
27392 30 37 1
27392 13 26 0
27392 27 24 0
27392 29 40 1
27392 29 37 1
27392 14 26 0
27392 24 24 0
27392 26 24 0
27392 28 24 0
27392 28 40 1
27392 30 34 1
27392 30 29 1
27392 13 29 0
27392 15 35 1
27392 27 24 0
27392 27 40 1
27392 29 40 1
27392 29 26 1
27392 29 34 1
27392 29 29 1
27392 29 38 1
27392 14 34 0
27392 28 24 0
27392 28 40 1
27392 30 32 1
27392 30 39 1
27392 29 40 1
27392 29 31 1
27392 29 39 1
27392 14 33 0
27392 14 29 0
27392 14 37 0
27392 14 38 0
27392 26 24 0
27392 28 24 0
27392 30 40 1
27392 30 25 1
27392 30 33 1
27392 30 36 1
27392 27 24 0
27392 27 39 1
27392 29 30 1

27456 24 24 0
27456 28 24 0
27456 27 40 1
27456 29 40 1
27456 14 40 1
27456 14 38 1
27456 29 26 0
27456 14 38 1
27456 29 40 0
27456 24 24 1
27456 26 24 1
27456 28 24 1
27456 30 40 0

27520 27 40 0
27520 29 40 0
27520 14 40 0
27520 14 33 1
27520 28 24 1
27520 28 40 0
27520 30 24 1
27520 27 24 1
27520 29 40 0
27520 14 40 0
27520 14 29 1
27520 24 24 1
27520 26 24 1
27520 28 24 1
27520 28 40 0
27520 30 26 1
27520 13 29 1
27520 27 24 1
27520 27 26 1
27520 29 40 0
27520 29 25 1
27520 29 26 1
27520 29 39 0
27520 14 40 0
27520 14 26 1
27520 14 37 0
27520 28 40 0
27520 30 40 0
27520 30 36 0
27520 30 39 0
27520 27 24 1
27520 27 40 0
27520 27 39 0
27520 29 40 0
27520 29 26 1
27520 29 34 0
27520 29 37 0
27520 14 38 0
27520 28 24 1
27520 28 26 1
27520 30 37 0
27520 13 26 1
27520 27 24 1
27520 29 38 0
27520 14 37 1
27520 14 38 1

27584 27 25 1
27584 14 40 1
27584 14 38 1
27584 24 24 1
27584 24 25 1
27584 26 24 1
27584 30 34 0
27584 29 26 0
27584 14 40 1
27584 14 37 1
27584 14 38 1
27584 28 24 0
27584 27 24 0
27584 29 40 1
27584 14 40 1
27584 14 34 1
27584 24 24 0
27584 26 24 0
27584 28 24 0
27584 28 40 1
27584 28 26 0
27584 30 40 1
27584 27 24 0
27584 27 40 1
27584 29 40 1
27584 29 25 0
27584 29 26 0
27584 29 29 0
27584 29 37 1
27584 14 40 1
27584 14 38 1
27584 26 24 0
27584 28 24 0
27584 30 24 0
27584 30 37 1
27584 13 26 0
27584 29 24 0
27584 29 30 0
27584 30 26 0
27584 30 39 1

27635 29 40 1
27635 24 24 0
27635 28 26 0
27635 29 40 0
27635 29 26 0
27635 29 29 0
27635 29 24 0
27635 29 37 0
27635 29 31 0
27635 14 40 0
27635 14 34 0
27635 28 40 0
27635 30 33 0
27635 30 37 0
27635 30 39 0
27635 27 24 0
27635 29 24 0
27635 29 32 0
27635 29 40 0
27635 29 33 0
27635 29 34 0
27635 29 29 0
27635 14 40 0
27635 28 24 0
27635 30 32 0
27635 30 40 0
27635 30 34 0
27635 30 35 0
27635 30 29 0
27635 27 24 0
27635 27 40 0
27635 29 24 0
27635 29 40 0
27635 29 36 0
27635 29 29 0
27635 29 37 0
27635 29 30 0
27635 29 39 0

27699 14 40 0
27699 14 37 0
27699 26 24 0
27699 28 24 0
27699 28 40 0
27699 28 41 0
27699 28 26 0
27699 30 24 0
27699 30 32 0
27699 30 33 0
27699 30 36 0
27699 30 37 0
27699 30 30 0
27699 30 38 0
27699 30 39 0
27699 27 25 0
27699 29 24 0
27699 29 40 0
27699 29 25 0
27699 29 33 0
27699 29 26 0
27699 29 34 0
27699 29 35 0
27699 29 29 0
27699 29 30 0
27699 29 31 0
27699 14 40 0
27699 14 37 0
27699 14 38 0
27699 28 24 0
27699 28 25 0
27699 28 26 0
27699 28 39 0
27699 30 40 0
27699 30 25 0
27699 30 26 0
27699 30 34 0
27699 30 36 0
27699 30 29 0
27699 30 30 0
27699 13 34 0
27699 13 37 0
27699 27 24 0
27699 29 24 0
27699 29 32 0
27699 29 40 0
27699 29 41 0
27699 29 26 0
27699 29 29 0
27699 29 37 0
27699 29 30 0
27699 29 39 0
27699 14 40 0
27699 14 33 0
27699 14 34 0
27699 14 35 0
27699 14 38 0
27699 24 25 0
27699 26 24 0
27699 28 24 0
27699 28 40 0
27699 28 41 0
27699 28 26 0
27699 28 29 0
27699 30 24 0
27699 30 32 0
27699 30 33 0
27699 30 26 0
27699 30 34 0
27699 30 35 0
27699 30 29 0
27699 30 30 0
27699 30 31 0
27699 13 33 0
27699 13 35 0
27699 13 39 0
27699 27 24 0
27699 29 24 0
27699 29 25 0
27699 29 26 0
27699 29 36 0
27699 29 29 0
27699 29 30 0
27699 29 31 0
27699 14 37 0
27699 14 38 0
27699 24 24 0
27699 26 24 0
27699 28 24 0
27699 28 25 0
27699 28 26 0
27699 30 26 0
27699 30 29 0
27699 13 36 0
27699 15 40 0
27699 23 24 0
27699 27 24 0
27699 27 25 0
27699 29 24 0
27699 29 40 0

27763 14 33 0
27763 14 37 0
27763 14 38 0
27763 14 39 0
27763 28 24 0
27763 28 25 0
27763 28 26 0
27763 28 30 0
27763 30 24 0
27763 30 34 0
27763 30 29 0
27763 30 31 0
27763 13 36 0
27763 13 37 0
27763 13 31 0
27763 13 39 0
27763 27 24 0
27763 29 24 0
27763 29 25 0
27763 29 26 0
27763 29 29 0
27763 14 40 0
27763 14 34 0
27763 14 36 0
27763 14 37 0
27763 14 38 0
27763 14 39 0
27763 24 24 0
27763 26 24 0
27763 28 24 0
27763 30 24 0
27763 30 26 0
27763 13 34 0
27763 13 35 0
27763 13 37 0
27763 27 24 0
27763 27 25 0
27763 29 24 0
27763 29 25 0
27763 14 40 0
27763 14 33 0
27763 14 26 0
27763 14 37 0
27763 14 38 0
27763 14 31 0
27763 14 39 0
27763 24 25 0
27763 26 24 0
27763 26 25 0
27763 28 24 0
27763 28 25 0
27763 30 24 0
27763 30 25 0
27763 30 29 0
27763 13 32 0
27763 13 40 0
27763 13 33 0
27763 13 36 0
27763 13 29 0
27763 13 37 0
27763 13 38 0
27763 13 31 0
27763 13 39 0
27763 27 24 0
27763 29 24 0
27763 29 26 0
27763 31 33 0
27763 14 33 0
27763 14 34 0
27763 14 35 0
27763 14 29 0
27763 14 39 0
27763 24 24 0
27763 26 22 0
27763 28 24 0
27763 28 26 0
27763 13 26 0
27763 15 40 0
27763 23 24 0
27763 23 25 0
27763 25 24 0
27763 27 24 0
27763 29 32 0
27763 29 25 0
27763 14 32 0
27763 14 26 0
27763 14 37 0
27763 14 38 0
27763 14 39 0
27763 24 25 0
27763 26 24 0
27763 26 25 0
27763 13 38 0
27763 25 25 0
27763 27 25 0

27814 14 39 0
27814 24 24 0
27814 28 24 0
27814 13 39 0
27814 27 24 0
27814 27 22 0
27814 14 34 0
27814 14 38 0
27814 14 39 1
27814 26 24 0
27814 28 24 0
27814 29 24 0
27814 29 22 0
27814 14 33 0
27814 26 25 0
27814 28 24 0
27814 28 22 0
27814 29 24 1
27814 26 26 0
27814 28 24 1
27814 13 34 0

27852 28 34 0

27916 12 34 0

28044 28 24 1

28096 29 26 1

28224 26 40 0

28454 26 24 1

28505 30 40 0

30182 29 24 1

