8742 29 26 1

10265 25 25 1
10265 25 26 1
10265 25 35 1
10265 27 25 1
10265 27 26 1
10265 27 29 1
10265 29 25 1
10265 29 26 1
10265 29 29 1
10265 31 25 1
10265 31 26 1
10265 31 29 1
10265 33 24 0
10265 14 29 0
10265 22 24 1
10265 22 37 1
10265 22 39 1
10265 24 24 1
10265 24 25 1
10265 24 33 1
10265 24 26 1
10265 24 34 1
10265 24 35 1
10265 24 29 1
10265 24 37 1
10265 24 38 1
10265 26 24 1
10265 26 25 1
10265 26 33 1
10265 26 26 1
10265 26 34 1
10265 26 35 1
10265 26 29 1
10265 26 30 1
10265 26 31 1
10265 28 24 1
10265 28 32 1
10265 28 25 1
10265 28 26 1
10265 28 29 1
10265 28 30 1
10265 28 31 1
10265 30 24 1
10265 30 25 1
10265 30 26 1
10265 30 29 1
10265 32 25 1
10265 32 26 1
10265 40 29 0
10265 15 24 1
10265 15 26 1
10265 17 24 1
10265 17 25 1
10265 17 33 1
10265 17 26 1
10265 17 34 1
10265 17 29 1
10265 17 31 1
10265 19 24 1
10265 19 32 1
10265 19 25 1
10265 19 33 1
10265 19 26 1
10265 19 35 1
10265 19 36 1
10265 19 29 1
10265 21 24 1
10265 21 40 1
10265 21 25 1
10265 21 33 1
10265 21 41 1
10265 21 26 1
10265 21 34 1
10265 21 35 1
10265 21 29 1
10265 21 37 1
10265 21 30 1
10265 21 38 1
10265 21 39 1
10265 23 40 1
10265 23 25 1
10265 23 33 1
10265 23 26 1
10265 23 35 1
10265 23 36 1
10265 23 29 1
10265 23 37 1
10265 23 30 1
10265 23 38 1
10265 23 39 1
10265 25 25 1
10265 25 34 1
10265 25 35 1
10265 25 36 1
10265 25 29 1
10265 25 37 1
10265 27 24 1
10265 27 32 1
10265 27 25 1
10265 27 33 1

10265 27 26 1
10265 27 29 1
10265 27 30 1
10265 27 31 1
10265 29 24 1
10265 29 25 1
10265 29 26 1
10265 29 29 1
10265 29 30 1
10265 29 31 1
10265 31 24 1
10265 31 25 1
10265 31 26 1
10265 31 29 1
10265 33 24 1
10265 14 24 1
10265 14 25 1
10265 14 26 1
10265 16 24 1
10265 16 32 1
10265 16 25 1
10265 16 26 1
10265 16 29 1
10265 16 30 1
10265 18 24 1
10265 18 33 1
10265 18 26 1
10265 18 34 1
10265 18 35 1
10265 18 36 1
10265 18 29 1
10265 20 24 1
10265 20 32 1
10265 20 40 1
10265 20 25 1
10265 20 33 1
10265 20 26 1
10265 20 34 1
10265 20 35 1
10265 20 36 1
10265 20 29 1
10265 20 37 1
10265 20 30 1
10265 20 39 1
10265 22 24 1
10265 22 32 1
10265 22 40 1
10265 22 25 1
10265 22 33 1
10265 22 41 1
10265 22 26 1
10265 22 34 1
10265 22 35 1
10265 22 29 1
10265 22 37 1
10265 22 30 1
10265 22 38 1
10265 22 39 1
10265 24 24 1
10265 24 32 1
10265 24 25 1
10265 24 26 1
10265 24 34 1
10265 24 35 1
10265 24 36 1
10265 24 37 1
10265 24 30 1
10265 24 38 1
10265 24 31 1
10265 26 25 1
10265 26 33 0
10265 26 29 1
10265 28 25 0
10265 28 26 0
10265 28 29 0
10265 28 30 0
10265 28 31 0
10265 30 25 0
10265 30 26 0
10265 30 29 0
10265 32 25 0
10265 32 26 0
10265 13 24 1
10265 13 25 1
10265 15 25 1
10265 17 24 1
10265 17 32 1
10265 17 33 1
10265 17 35 1
10265 19 34 1
10265 19 37 1
10265 19 38 1
10265 21 24 1
10265 21 40 0
10265 21 37 0
10265 23 32 1
10265 23 35 0
10265 23 36 0
10265 23 37 0
10265 23 38 0

10265 23 39 0
10265 25 35 0
10265 25 36 0
10265 25 37 0
10265 27 32 0
10265 27 33 0
10265 27 30 0
10265 27 31 0
10265 29 25 0
10265 29 26 0
10265 29 29 0
10265 29 31 0
10265 31 25 0
10265 31 26 0
10265 14 24 0
10265 14 25 0
10265 14 26 0
10265 16 24 0
10265 16 25 0
10265 16 26 0
10265 16 29 0
10265 16 30 0
10265 18 24 0
10265 18 33 0
10265 18 26 0
10265 20 24 0
10265 20 32 0
10265 20 40 0
10265 20 25 0
10265 20 33 0
10265 20 26 0
10265 20 34 0
10265 20 35 0
10265 20 36 0
10265 20 29 0
10265 20 37 0
10265 20 30 0
10265 20 39 0
10265 22 32 0
10265 22 40 0
10265 22 33 0
10265 22 41 0
10265 22 26 0
10265 22 34 0
10265 22 35 0
10265 22 29 0
10265 22 37 0
10265 22 30 0
10265 22 38 0
10265 22 39 0
10265 24 32 0
10265 24 25 0
10265 24 26 0
10265 24 34 0
10265 24 35 0
10265 24 36 0
10265 24 37 0
10265 24 30 0
10265 24 38 0
10265 24 31 0
10265 26 34 0
10265 26 30 0
10265 26 31 0
10265 28 32 0
10265 28 25 0
10265 13 24 0
10265 13 25 0
10265 15 24 0
10265 17 24 0
10265 17 32 0
10265 17 25 0
10265 17 33 0
10265 17 26 0
10265 17 29 0
10265 19 32 0
10265 19 33 0
10265 19 34 0
10265 19 35 0
10265 19 29 0
10265 19 37 0
10265 19 38 0
10265 21 24 0
10265 21 40 0
10265 21 33 0
10265 21 41 0
10265 21 26 0
10265 21 34 0
10265 21 35 0
10265 21 29 0
10265 21 37 0
10265 21 39 0
10265 23 32 0
10265 23 40 0
10265 23 26 0
10265 23 35 0
10265 23 36 0
10265 23 37 0
10265 23 30 0
10265 23 39 0
10265 25 35 0

10329 18 24 0
10329 22 39 1
10329 26 25 0
10329 28 25 0
10329 30 25 0
10329 30 26 0
10329 19 36 0
10329 21 40 1
10329 21 36 1
10329 21 39 1
10329 23 39 1
10329 27 25 0
10329 29 25 0
10329 29 26 0
10329 31 24 0
10329 24 26 0
10329 26 24 0
10329 28 25 0
10329 28 26 0
10329 30 26 0
10329 30 29 0
10329 21 37 1
10329 25 29 0
10329 29 25 0
10329 29 29 0
10329 31 26 0
10329 14 24 1
10329 14 25 1
10329 14 26 1
10329 18 24 1
10329 22 39 0
10329 24 35 0
10329 26 29 0
10329 28 32 0
10329 28 29 0
10329 28 30 0
10329 30 24 0
10329 30 25 0
10329 30 26 0
10329 30 29 0
10329 13 24 1
10329 13 25 1
10329 15 24 1
10329 15 26 1
10329 17 24 1
10329 17 25 1
10329 17 33 1
10329 17 26 1
10329 19 24 1
10329 19 26 1
10329 19 29 1
10329 23 33 0
10329 25 35 0
10329 27 32 0
10329 27 33 0
10329 27 29 0
10329 27 30 0
10329 29 26 0
10329 29 29 0
10329 29 30 0
10329 31 29 0
10329 14 24 1
10329 14 25 1
10329 18 34 1
10329 20 29 1
10329 24 25 1
10329 17 24 0
10329 19 32 1
10329 19 34 1
10329 19 37 1
10329 29 29 1
10329 14 24 0
10329 18 35 1
10329 18 36 1
10329 20 37 1
10329 20 38 1
10329 22 40 1
10329 22 36 1
10329 22 38 1
10329 22 39 1
10329 24 25 0
10329 24 35 1
10329 30 26 1
10329 19 35 1
10329 19 36 1
10329 21 40 1
10329 21 34 1
10329 21 37 1
10329 21 38 1
10329 21 39 1
10329 23 37 1
10329 25 35 1
10329 27 30 1

10393 17 32 1
10393 21 40 0
10393 27 25 1
10393 27 29 1
10393 29 25 1
10393 29 26 1
10393 14 24 1
10393 14 26 1
10393 22 40 0
10393 24 25 1
10393 30 26 1
10393 30 29 1
10393 13 26 1
10393 17 24 1
10393 17 34 1
10393 20 39 1
10393 22 40 1
10393 17 35 1
10393 19 33 1
10393 19 38 1
10393 21 40 1
10393 23 35 1
10393 23 36 1
10393 27 25 0
10393 29 24 0
10393 29 25 0
10393 16 32 1
10393 20 40 1
10393 30 26 0
10393 16 30 1

10457 29 25 1
10457 30 26 1
10457 23 40 1
10457 27 25 1
10457 15 24 0
10457 17 24 0
10457 19 24 0
10457 21 40 1
10457 23 34 1
10457 23 38 1
10457 23 39 1
10457 29 29 1
10457 31 26 1
10457 14 24 0
10457 14 25 0
10457 20 35 1
10457 20 36 1
10457 22 39 1
10457 24 35 1
10457 24 36 1
10457 24 37 1
10457 28 26 1
10457 28 29 1
10457 28 30 1
10457 30 25 1
10457 30 26 1
10457 30 29 1
10457 13 24 0
10457 21 41 1
10457 25 35 1
10457 25 36 1
10457 27 32 1
10457 27 33 1
10457 29 25 1
10457 29 30 1
10457 24 26 1
10457 26 25 1
10457 26 29 1
10457 28 25 1
10457 17 24 1
10457 27 25 1
10457 27 29 1
10457 29 26 1
10457 31 26 1
10457 26 25 1
10457 26 34 1
10457 30 25 1
10457 30 26 1
10457 27 30 1
10457 29 25 1
10457 29 29 1
10457 31 26 1

10521 14 26 0
10521 24 34 1
10521 26 24 1
10521 26 33 1
10521 28 32 1
10521 28 25 1
10521 28 26 1
10521 30 25 1
10521 30 26 1
10521 13 25 0
10521 23 37 1
10521 27 25 1
10521 27 26 1
10521 31 29 1
10521 24 37 1
10521 28 29 1
10521 28 31 1
10521 31 26 1
10521 28 25 1
10521 30 29 1
10521 29 26 1
10521 29 30 1
10521 26 25 1
10521 30 26 1
10521 23 36 1
10521 25 35 1
10521 26 30 1

10585 23 35 1
10585 23 37 1
10585 27 33 1
10585 29 29 1
10585 16 30 0
10585 22 34 1
10585 24 37 1
10585 26 29 1
10585 13 25 0
10585 13 26 0
10585 15 26 0
10585 17 24 0
10585 17 26 0
10585 29 25 1
10585 29 29 1
10585 31 26 1
10585 14 25 0
10585 14 26 0
10585 22 41 1
10585 24 38 1
10585 26 32 1
10585 26 33 1
10585 28 26 1
10585 28 30 1
10585 30 26 1
10585 13 24 0
10585 17 25 0
10585 21 40 1
10585 21 30 0
10585 23 38 1
10585 27 32 1
10585 29 26 1
10585 18 24 0
10585 20 35 0
10585 22 36 1
10585 28 29 1
10585 30 29 1
10585 19 24 0
10585 25 37 1
10585 29 29 1
10585 22 40 1
10585 26 25 0
10585 26 34 1
10585 28 25 0
10585 27 25 0
10585 29 25 0
10585 31 26 0
10585 20 38 1
10585 24 25 0
10585 26 25 0
10585 28 25 0
10585 28 26 0
10585 30 26 0

10649 21 40 1
10649 21 39 1
10649 29 25 0
10649 29 26 0
10649 29 29 0
10649 31 26 0
10649 28 25 0
10649 28 29 0
10649 30 25 0
10649 30 26 0
10649 30 29 0
10649 29 29 0
10649 20 35 1
10649 22 24 0
10649 22 40 1
10649 24 26 0
10649 26 25 0
10649 28 26 0
10649 15 24 0
10649 15 25 0
10649 17 24 0
10649 19 25 0
10649 19 26 0
10649 19 29 0
10649 21 24 0
10649 21 40 1
10649 21 35 1
10649 21 38 1
10649 23 25 0
10649 23 26 0
10649 23 39 1
10649 27 24 0
10649 27 25 0
10649 27 26 0
10649 29 25 0
10649 29 29 1
10649 14 24 0
10649 14 25 0
10649 14 26 0
10649 18 29 0
10649 20 24 0
10649 20 26 0
10649 20 29 0
10649 22 25 0
10649 22 37 1
10649 24 25 0
10649 24 37 1
10649 26 24 0
10649 26 34 1
10649 26 35 1
10649 30 26 1
10649 30 29 1
10649 21 40 0
10649 25 35 1
10649 27 25 1
10649 29 25 1
10649 29 29 1
10649 31 26 1
10649 14 25 1
10649 24 25 1
10649 24 35 1
10649 24 37 0
10649 26 25 1
10649 26 31 1
10649 28 25 1
10649 28 26 1
10649 30 25 1
10649 17 24 1
10649 21 40 1
10649 23 25 1
10649 14 26 1

10700 26 34 0
10700 21 24 1
10700 20 29 1
10700 26 25 1
10700 17 24 1
10700 21 40 0
10700 29 25 1

10764 14 24 1
10764 20 26 1
10764 22 24 1
10764 22 40 0
10764 22 25 1
10764 24 25 1
10764 26 24 1
10764 28 29 1
10764 23 26 1
10764 27 25 1
10764 22 40 1
10764 30 26 1
10764 26 34 1
10764 17 24 0
10764 24 36 1
10764 28 25 1
10764 29 26 1

10828 28 32 1
10828 27 24 1
10828 27 26 1
10828 22 40 0
10828 26 34 0
10828 17 24 1
10828 19 26 1

10892 26 25 1
10892 19 24 1
10892 27 25 1

10956 18 24 1
10956 29 25 1
10956 19 29 1

10995 17 24 1
10995 28 25 1
10995 14 26 1
10995 24 26 1

11071 19 25 1
11071 15 24 1
11071 21 40 0
11071 24 25 1

11135 14 25 1
11135 25 30 1

11174 20 24 1

11302 22 24 1

11622 21 40 1

11775 27 30 1
11775 26 25 1

11827 21 36 1

11852 28 25 1

11955 29 24 1
11955 27 25 1
11955 26 26 1
11955 28 26 1

12275 29 25 1

12633 21 24 1

12979 23 37 1

13363 25 24 1
13363 21 37 1

13401 27 26 1

13478 25 29 1

13721 30 26 1

14758 23 25 1

15283 29 26 1

16255 6 26 0

16473 13 24 1

16601 21 25 1

17548 26 34 1

18495 24 35 1

18982 27 29 1
18982 30 25 1

20940 13 25 1
20940 21 40 1
20940 23 34 1
20940 20 39 1

20991 21 33 1
20991 20 33 1
20991 22 40 1
20991 21 40 1
20991 20 37 1
20991 22 35 1
20991 20 29 1

21055 20 40 1
21055 22 39 1
21055 24 34 1
21055 29 25 0
21055 28 25 0
21055 30 25 0
21055 17 24 0
21055 23 40 1
21055 23 35 1
21055 27 25 0
21055 27 31 1
21055 20 41 1
21055 22 40 1
21055 24 25 0
21055 26 25 0
21055 21 40 1
21055 23 39 1
21055 27 34 1
21055 18 34 1
21055 22 24 0
21055 24 37 1

21132 29 29 1
21132 24 37 0
21132 21 40 0
21132 27 25 1
21132 22 40 0
21132 26 25 1
21132 17 24 1
21132 29 25 1
21132 22 24 1
21132 22 39 0
21132 28 25 1
21132 30 25 1

21247 28 25 0
21247 30 25 0
21247 29 25 0
21247 29 29 0
21247 22 38 1

21312 24 25 1
21312 24 33 1
21312 28 25 1
21312 25 35 1
21312 29 25 1
21312 29 29 1
21312 22 40 1
21312 22 39 1
21312 24 37 1
21312 30 25 1
21312 30 26 1
21312 23 33 1
21312 23 36 1
21312 27 24 1
21312 29 30 1
21312 31 25 1
21312 31 26 1
21312 24 24 1
21312 28 25 1
21312 28 26 1
21312 28 31 1
21312 30 29 1
21312 21 40 1
21312 23 38 1
21312 25 33 1
21312 27 25 1
21312 27 33 1
21312 27 30 1
21312 29 25 1
21312 29 26 1
21312 29 29 1
21312 14 26 0
21312 24 37 1
21312 26 25 1
21312 26 26 1
21312 26 29 1
21312 26 30 1
21312 28 25 1
21312 28 29 1
21312 30 26 1
21312 13 25 0
21312 27 25 0
21312 27 26 1
21312 29 25 1
21312 31 26 1

21376 14 25 0
21376 14 26 0
21376 20 29 0
21376 24 35 1
21376 26 33 1
21376 28 25 1
21376 28 26 1
21376 28 31 1
21376 30 24 1
21376 30 25 1
21376 30 26 1
21376 30 29 1
21376 32 26 1
21376 13 24 0
21376 17 33 0
21376 21 40 0
21376 25 35 1
21376 27 32 1
21376 27 25 1
21376 29 25 1
21376 29 29 1
21376 29 31 1
21376 31 25 1
21376 31 26 1
21376 14 25 1
21376 14 26 1
21376 18 24 1
21376 20 40 0
21376 20 39 0
21376 22 40 0
21376 22 25 1
21376 22 39 0
21376 24 37 0
21376 26 24 1
21376 26 33 0
21376 28 25 1
21376 28 31 0
21376 30 29 0
21376 13 24 1
21376 13 25 1
21376 17 24 1
21376 17 25 1
21376 17 33 1
21376 19 24 1
21376 21 24 1
21376 21 40 0
21376 23 24 1
21376 23 26 1
21376 23 38 0
21376 25 35 0
21376 27 24 1
21376 27 32 0
21376 27 25 1
21376 27 33 0
21376 29 29 0
21376 29 30 0
21376 31 25 0
21376 31 26 0
21376 14 24 1
21376 14 25 1
21376 14 26 1
21376 16 24 1
21376 20 24 1
21376 20 25 1
21376 20 26 1
21376 20 29 1
21376 22 40 0
21376 24 24 1
21376 24 26 1
21376 24 35 0
21376 24 37 0
21376 26 25 1
21376 30 26 0
21376 30 29 0
21376 15 24 1
21376 15 26 1
21376 17 26 1
21376 21 40 0
21376 21 26 1
21376 21 39 0
21376 23 35 0
21376 23 36 0
21376 23 39 0
21376 25 26 1
21376 27 25 1
21376 20 37 0
21376 20 38 0
21376 22 40 0
21376 22 38 0
21376 22 39 0
21376 24 25 1
21376 24 36 0
21376 24 37 0
21376 28 31 0
21376 30 26 1
21376 15 25 1
21376 17 24 1
21376 21 40 0
21376 21 37 0
21376 21 38 0

21440 27 33 0
21440 27 29 0
21440 27 31 0
21440 29 25 1
21440 29 29 0
21440 29 31 0
21440 31 26 0
21440 16 30 1
21440 24 35 0
21440 24 37 0
21440 26 26 1
21440 26 30 0
21440 28 29 0
21440 28 30 0
21440 30 25 0
21440 30 26 0
21440 19 25 1
21440 25 35 0
21440 27 32 0
21440 27 25 0
21440 29 25 0
21440 29 26 0
21440 29 30 0
21440 31 25 0
21440 31 26 0
21440 14 26 1
21440 24 36 0
21440 26 25 0
21440 26 34 0
21440 26 31 0
21440 28 32 0
21440 28 31 0
21440 30 26 0
21440 30 29 0
21440 13 24 1
21440 13 25 1
21440 15 24 1
21440 17 24 1
21440 19 24 1
21440 19 26 1
21440 21 41 0
21440 21 36 0
21440 21 37 0
21440 21 38 0
21440 21 39 0
21440 23 40 0
21440 23 36 0
21440 23 37 0
21440 23 38 0
21440 23 39 0
21440 27 34 0
21440 27 30 0
21440 29 29 0
21440 14 24 1
21440 14 25 1
21440 18 25 1
21440 18 34 0
21440 20 33 0
21440 20 35 0
21440 20 37 0
21440 20 38 0
21440 22 26 1
21440 22 34 0
21440 22 35 0
21440 22 36 0
21440 22 37 0
21440 22 38 0
21440 22 39 0
21440 24 34 0
21440 24 35 0
21440 24 37 0
21440 26 32 0
21440 26 33 0
21440 26 35 0
21440 26 30 0
21440 30 26 0
21440 32 26 0
21440 13 26 1
21440 17 33 0
21440 19 35 0
21440 19 36 0
21440 19 37 0
21440 19 38 0
21440 21 24 1
21440 21 33 0
21440 21 34 0
21440 21 35 0
21440 21 37 0
21440 23 33 0
21440 23 34 0
21440 23 35 0
21440 25 33 0
21440 25 35 0
21440 27 33 0
21440 29 29 0
21440 18 35 0
21440 18 36 0
21440 20 41 0
21440 20 36 0
21440 20 29 0

21504 17 32 0
21504 17 34 0
21504 19 34 0
21504 21 36 0
21504 25 34 0
21504 25 35 0
21504 25 30 0
21504 27 25 0
21504 27 29 0
21504 27 30 0
21504 27 31 0
21504 29 25 0
21504 29 26 0
21504 29 29 0
21504 29 30 0
21504 31 26 0
21504 14 24 1
21504 14 26 1
21504 16 32 0
21504 22 29 0
21504 22 37 0
21504 22 30 0
21504 24 25 0
21504 24 35 0
21504 24 38 0
21504 24 31 0
21504 26 25 0
21504 26 26 0
21504 26 34 0
21504 26 29 0
21504 26 30 0
21504 26 31 0
21504 28 25 0
21504 28 26 0
21504 28 29 0
21504 28 30 0
21504 28 31 0
21504 30 25 0
21504 30 26 0
21504 30 29 0
21504 17 31 0
21504 25 35 0
21504 25 29 0
21504 27 32 0
21504 27 25 0
21504 27 26 0
21504 27 29 0
21504 29 25 0
21504 29 26 0
21504 29 29 0
21504 31 25 0
21504 31 26 0
21504 31 29 0
21504 14 24 0
21504 16 30 0
21504 20 29 0
21504 22 26 0
21504 22 36 0
21504 24 24 0
21504 24 25 0
21504 24 26 0
21504 24 29 0
21504 24 30 0
21504 26 25 0
21504 26 26 0
21504 28 25 0
21504 28 26 0
21504 30 26 0
21504 17 24 0
21504 19 24 0
21504 19 36 0
21504 21 26 0
21504 21 29 0
21504 23 25 0
21504 23 26 0
21504 23 36 0
21504 27 24 0
21504 27 25 0
21504 27 26 0
21504 29 25 0
21504 29 26 0
21504 20 24 0
21504 24 25 0
21504 24 26 0
21504 26 24 0
21504 26 25 0
21504 26 26 0
21504 26 29 0
21504 28 25 0
21504 28 26 0
21504 30 25 0
21504 30 26 0
21504 30 29 0
21504 13 25 0
21504 15 24 0
21504 17 24 0
21504 17 25 0
21504 17 26 0
21504 19 25 0
21504 19 26 0

21529 15 25 0
21529 17 24 0
21529 17 25 0
21529 19 24 0
21529 19 25 0
21529 25 26 0
21529 24 35 1
21529 18 34 0
21529 24 34 0

25753 28 24 0

25792 25 24 0

